3.66667       2       3 3.66667       5 3.66667
6.15054       3 5.03226 6.66667       9 6.15054
6.15054       4 7.03226 10.3335 13.9502 9.53348
6.15054       5 9.03226 14.0003 18.9004 12.9164
6.15054       6 11.5448 17.8948 22.9004 16.5094
6.15054  7.3213 13.5448 20.8948 27.9435 20.1451
6.15054 8.68379 15.5448 24.7833 31.9435 23.8941
6.15054 9.68379 17.5448 28.4722 36.6981 27.4506
6.93796 10.6838 19.5448 31.4722 41.3964 30.9649
6.93796 11.7279 21.4549 34.4722 45.4421 35.9649
7.45674 12.6049 23.0592 37.4722 49.4421 40.9649
8.14249 13.6049 25.0592 40.4722  53.989 44.7322
8.14249 14.6049 26.9462 43.5198 58.0544 49.7322
8.66041 15.6049 28.6601 46.2879 62.0544 54.7322
8.66041 16.6323 30.5471 49.2879 66.1401 59.7322
8.66041 17.6323 32.6953 52.2879 70.7913 63.9328
8.66041 18.6513 34.5849 55.2879 74.8826 68.9328
9.10029 19.6513 36.3415 58.2879 78.6861 73.9328
9.10029 20.6513 38.2287 61.3147 82.7721 78.9328
9.50189 21.5627 39.9157 64.3147 86.7721 83.9328
9.90507 22.4776 41.9157 67.3147  90.454 88.9328
 10.376 23.4776 43.9157 70.3147 94.7547 93.1612
10.8662 24.5867 45.9157 73.3147 98.7547  97.562
10.8662 25.6997 47.9157 76.3147 103.225 101.978
10.8662 26.6997 50.0339 79.6884 107.225 106.487
10.8662 27.6997 52.1521  83.062 111.225 110.995
11.2381 28.6997 53.9372 85.9051 115.225 115.995
11.2381 29.8198 55.9372 89.2578 119.225 120.522
11.2381 30.8198 57.9372 92.5134 123.574 124.918
11.6434 31.8198 60.0267 95.5134 127.574 129.423
11.6434 32.9215 62.0267 98.5134 131.991 133.904
11.9689 33.8419 64.0267 101.267 135.991 138.904
11.9689 34.8616 65.9558 104.319 139.991 143.904
12.3369 35.8616 67.9558 107.526 143.991 148.329
12.6555 36.7878  69.711 110.526 147.991 153.329
12.6555 37.7878 71.7777 113.526 152.378 157.874
12.6555 38.9182 73.9248 116.526 156.378 162.597
13.0111 39.9182 76.0015 119.526 160.378 167.165
13.0111 40.9182 78.0732 122.526  164.75 171.721
13.0111 41.9347 80.0128  125.57  168.75 176.721
13.0111 43.0579  82.156  128.57  172.75 181.455
13.3403 44.0579  84.235  131.57  176.75 186.047
13.3403 45.0579 86.3077  134.57 181.099 190.625
13.6251 46.0579 88.1502 137.443 185.099 195.625
13.6251 47.1371 90.1502 140.443 189.436 200.208
13.9383 48.2208 92.1502 143.443 193.436 204.811
14.2176 49.2208 93.9966 146.317 197.436 209.811
14.2176 50.2208 95.9966 149.489 201.716  214.36
  14.49 51.2208 97.9966 152.352  205.58  219.36
14.7558 52.1604 99.9966 155.147  209.58  224.36
14.7558 53.2479 101.997 158.382  213.58 229.037
14.7558 54.3218 103.997 161.382 217.888 233.656
15.0192 55.3218 105.853 164.262 221.888 238.656
15.2752  56.265 107.853 167.063 225.888 243.656
15.2752  57.265 109.933 170.285 229.888 248.355
15.5615  58.265 111.993 173.285 233.888 253.009
15.5615 59.2742 113.932 176.285 237.939 258.009
15.5615 60.2918 115.888 179.311 241.939 263.009
15.8334 61.2918 117.888 182.444 245.939 267.604
15.8334  62.358 119.888 185.444 250.217 272.259
16.1044 63.4257 121.888 188.444 254.217 276.921
16.3502 64.4257 123.888 191.319 258.096 281.921
16.3502 65.4439 125.846 194.343 262.096 286.921
16.6104 66.4439 127.846 197.343 266.268 291.488
16.8707 67.4439 129.846 200.343 270.441 296.056
17.1368 68.5077 131.846 203.343 274.441 300.726
17.1368 69.5077 133.793 206.345 278.492 305.726
17.3767 70.5077 135.665 209.233 282.492 310.726
17.6165 71.5077 137.538  212.12 286.492 315.726
17.6165 72.5179 139.481  215.12 290.539 320.726
17.6165 73.5213 141.481 218.097 294.559 325.726
17.6165 74.5213 143.481 221.219 298.775 330.388
17.8674 75.5213 145.524 224.219 302.775 335.093
17.8674 76.5305 147.469 227.219 306.821 340.093
 18.089 77.4797 149.298 230.219 310.821 345.093
 18.089 78.5479 151.298 233.393 314.821 349.851
 18.089 79.5574 153.242 236.393 318.868 354.851
18.3056 80.5101 155.242 239.223 322.868 359.851
18.5218 81.4608 157.075 242.223 326.868 364.851
18.5218 82.4608 159.131 245.393 330.868 369.626
18.5218 83.4608 161.079 248.396 334.917 374.626
18.5218  84.524 163.079 251.561 338.917 379.398
18.5218   85.54 165.039 254.585 342.917 384.398
18.5218 86.5419 167.039 257.566 346.933 389.398
18.5218 87.5419 168.987 260.571  350.98 394.398
18.5218 88.5419 170.987 263.679 355.167 399.103
18.7221 89.4996 172.987 266.679 359.009 404.103
18.9261 90.4996 174.872 269.679  362.92 409.103
18.9261 91.4996  176.92 272.838  366.92 413.895
19.1236 92.4546  178.92 275.686  370.92 418.895
19.1236 93.4546 180.871 278.691 374.964 423.895
19.1236 94.4546 182.902 281.691 379.174 428.655
19.1236 95.4546 184.853 284.696 383.218 433.655
19.1236 96.4546 186.883 287.696 387.427 438.417
19.1236 97.4547 188.883 290.679 391.444 443.417
19.1236 98.4547 190.883 293.778 395.617 448.144
19.3096  99.412 192.883 296.635 399.617 453.144
19.3096 100.412 194.883 299.617 403.635 458.144
19.5106 101.412 196.912 302.617 407.635 462.914
19.6948 102.369  198.77 305.617 411.635 467.914
19.8819 103.369  200.77  308.52 415.545 472.914
20.0697 104.369 202.667 311.435 419.545 477.914
20.0697 105.369 204.667 314.527 423.709 482.658
20.2677 106.408 206.667 317.527 427.709  487.42
20.4531 107.408 208.667  320.43 431.621  492.42
20.6494 108.408 210.667 323.507 435.621 497.148
20.6494 109.408 212.694 326.507 439.811  501.93
20.6494 110.408 214.721 329.507 444.002 506.713
20.6494 111.413 216.675 332.507 448.043 511.713
20.6494 112.463 218.675 335.638 452.043 516.532
20.6494 113.468 220.629 338.638 456.083 521.532
20.8271 114.468 222.528 341.638 460.007 526.532
21.0132 115.468 224.528 344.638 464.117 531.236
21.0132 116.468 226.552 347.638 468.302 536.027
21.1897 117.468 228.455 350.558 472.302 541.027
21.1897  118.48 230.423 353.578 476.302 546.027
21.3724  119.48 232.423 356.578  480.41 550.736
21.5471  120.48 234.323 359.578 484.336 555.736
21.5471 121.492 236.291 362.598 488.336 560.736
21.5471 122.529 238.291 365.598 492.508 565.526
21.5471 123.529 240.313 368.598 496.687 570.325
 21.715 124.492 242.313 371.598 500.557 575.325
 21.893 125.492 244.313 374.598 504.661 580.043
22.0607 126.453 246.184 377.598 508.661 585.043
22.0607 127.452 248.184 380.581 512.679 590.043
22.0607 128.452 250.205 383.581 516.854 594.847
 22.226 129.414 252.205 386.581 520.726 599.847
22.3941 130.414 254.113 389.505 524.726 604.847
22.3941 131.413 256.113 392.488 528.745 609.847
22.3941 132.424 258.083 395.507 532.745 614.847
22.3941 133.435 260.053 398.527 536.745 619.847
22.3941 134.435 262.011 401.527 540.786 624.847
22.3941 135.446 263.981 404.546 544.786 629.847
22.3941 136.456 265.951 407.565 548.786 634.847
22.3941 137.455 267.951 410.549 552.804 639.847
22.3941 138.454 269.951 413.533 556.821 644.847
22.5523 139.454 271.858 416.533 560.755 649.847
22.7102 140.454 273.858 419.449 564.681 654.847
22.7102 141.459 275.816 422.449 568.719 659.847
22.7102 142.491 277.816 425.449  572.87 664.663
22.7102 143.502 279.787 428.467  576.87 669.663
 22.863 144.468 281.787 431.467 580.752 674.663
23.0159 145.433 283.787 434.467 584.633 679.663
23.1768 146.433 285.787 437.467 588.721 684.415
23.3314 147.433 287.787 440.385 592.648 689.415
23.4841 148.398 289.787 443.268 596.648 694.415
23.4841 149.402 291.748 446.268 600.684 699.415
23.6456  150.43 293.748 449.268 604.684 704.226
23.7992  151.43 295.748 452.186 608.612 709.226
23.9534  152.43 297.664 455.116 612.612 714.226
24.1051 153.395 299.664 457.998 616.612 719.226
24.1051 154.395 301.679 460.998 620.759 724.063
24.2577 155.395 303.679 463.917 624.688 729.063
24.4161 156.395 305.679 466.917 628.768 733.825
24.4161 157.395 307.679 469.979 632.892 738.638
24.5658  158.36 309.565 472.979 636.892 743.638
24.7176  159.36 311.478 475.979 640.828 748.638
24.7176 160.405 313.521 478.979 644.828 753.549
24.8749 161.405 315.521 482.027 648.828 758.344
25.0333 162.405 317.531 485.027 652.828 763.176
25.0333 163.405 319.559 488.125 656.828  768.05
25.0333 164.434 321.559 491.125 660.963 772.886
25.0333 165.434 323.574 494.125 665.105 777.729
25.1819 166.434 325.494 497.056 669.105 782.729
25.1819 167.434 327.494 500.117 673.225 787.548
25.1819 168.434 329.458 503.116 677.262 792.548
25.1819 169.462 331.458 506.116 681.396 797.386
25.1819 170.465  333.42 509.116  685.43 802.386
25.3333  171.49  335.42 512.116  689.43  807.21
25.4762 172.458  337.42 515.116  693.32  812.21
25.6207 173.458  339.42 518.038 697.253  817.21
 25.772 174.482  341.42 521.038 701.253 822.035
 25.772 175.482 343.434 524.038  705.39 826.884
 25.772 176.482   345.4 527.037 709.426 831.884
 25.772 177.485 347.363 530.037 713.459 836.884
  25.92 178.485 349.363 533.081 717.459 841.691
  25.92 179.528 351.404 536.081 721.459 846.608
  25.92 180.527 353.404 539.066 725.476 851.608
  25.92 181.527 355.404  542.05 729.492 856.608
26.0656 182.527 357.404 545.094 733.492 861.418
26.2056 183.527 359.324 548.094 737.432 866.418
26.3439 184.495 361.324 551.094 741.325 871.418
26.3439 185.505   363.3 554.108 745.325 876.418
26.4813 186.472 365.195 557.108 749.325 881.418
26.6259 187.472 367.195 560.151 753.325 886.231
26.6259 188.472  369.22 563.239 757.325 891.118
26.7628 189.441  371.22 566.134 761.325 896.118
26.7628 190.449 373.197 569.148 765.325 901.118
26.7628 191.449 375.209 572.148 769.452 905.978
26.7628 192.448 377.209 575.134 773.468 910.978
26.9043 193.448 379.209 578.175 777.468 915.795
26.9043 194.448 381.176 581.175 781.501 920.795
27.0443 195.448 383.176 584.175 785.568 925.588
27.0443 196.457 385.154 587.189 789.568 930.588
27.1778 197.427 387.154 590.189 793.465 935.588
27.3187 198.427 389.161 593.189 797.465 940.439
27.4536 199.427 391.161 596.118 801.402 945.439
27.4536 200.465 393.199 599.118 805.402 950.363
27.4536 201.465 395.211 602.118 809.525 955.228
27.4536 202.465 397.235 605.201 813.525  960.12
27.5851 203.435 399.235   608.1 817.525  965.12
27.7238 204.435 401.243   611.1 821.525 969.974
27.7238 205.473  403.28   614.1 825.525 974.898
27.7238 206.473 405.293   617.1 829.645 979.765
27.7238 207.473 407.293 620.152 833.748  984.61
27.7238 208.473 409.317 623.234 837.748 989.503
27.7238 209.473 411.317 626.286 841.851 994.349
27.8523 210.444 413.317 629.286 845.752 999.349
27.8523 211.467 415.317 632.286 849.866 1004.21
27.9801 212.438 417.317 635.188 853.866 1009.21
27.9801 213.468 419.317 638.266 857.866  1014.1
27.9801 214.468 421.342 641.347 861.866    1019
28.1081 215.468  423.27 644.347  865.81    1024
28.1081 216.466  425.27 647.334 869.824    1029
28.1081 217.466 427.282 650.334 873.941 1033.87
28.1081 218.466 429.306 653.414 877.941 1038.76
28.1081 219.465 431.306 656.402 881.955 1043.76
28.1081 220.465 433.277 659.401 885.985 1048.76
28.2333 221.465 435.206 662.401  889.93 1053.76
28.2333 222.465 437.219 665.401 894.045 1058.64
28.2333 223.488 439.219 668.401 898.155  1063.5
28.3573 224.488 441.148 671.401 902.101  1068.5
28.4799 225.458 443.055 674.401 906.101  1073.5
 28.609 226.458 445.063 677.401 910.101 1078.37
 28.609 227.458 447.085 680.479 914.101 1083.27
 28.609 228.481 449.085 683.479  918.21 1088.14
28.7355 229.481 451.085 686.479 922.271 1092.95
28.8587 230.481 453.019 689.422 926.271 1097.95
28.9816 231.481 454.949 692.422 930.218 1102.95
29.1045 232.481 456.949 695.357  934.16 1107.95
29.1045 233.481  458.96 698.357 938.272 1112.83
 29.231 234.481  460.96 701.393 942.272 1117.66
 29.352 235.452 462.869 704.393 946.272 1122.66
 29.473 236.422 464.777 707.393 950.272 1127.66
 29.473 237.424 466.747 710.393   954.3 1132.66
29.5935 238.395 468.656 713.393   958.3 1137.66
29.5935 239.416 470.656 716.393 962.405 1142.54
29.7196 240.416 472.661 719.393 966.405 1147.41
29.8454 241.434 474.661 722.393 970.405 1152.26
29.8454 242.461 476.661 725.465 974.405 1157.16
29.8454 243.495 478.693 728.465 978.405  1162.1
29.8454 244.495 480.693 731.512 982.498 1166.96
29.8454 245.495 482.704 734.512 986.607 1171.84
29.8454 246.495 484.724 737.586 990.607 1176.74
29.8454 247.493 486.724 740.575  994.62 1181.74
29.9628 248.466 488.724 743.575  998.53 1186.74
29.9628 249.493 490.724 746.646 1002.53 1191.64
30.0796 250.466 492.724 749.646 1006.44 1196.64
30.2014 251.466 494.724 752.681 1010.44 1201.49
30.3194 252.466 496.658 755.681 1014.39 1206.49
30.4376 253.466 498.594 758.626 1018.39 1211.49
30.5593 254.466 500.594  761.66 1022.39 1216.33
 30.676 255.437 502.505  764.66 1026.39 1221.33
 30.676 256.437 504.477  767.66 1030.42 1226.33
30.7924 257.411 506.477  770.66 1034.33 1231.33
30.9087 258.383 508.477 773.572 1038.33 1236.33
30.9087 259.381 510.477 776.561 1042.34 1241.33
 31.026 260.381 512.414 779.507 1046.34 1246.33
31.1433 261.381  514.35 782.453 1050.34 1251.33
 31.259 262.353 516.263 785.453 1054.34 1256.33
31.3748 263.325 518.175 788.453 1058.34 1261.33
31.4906 264.297 520.088 791.453 1062.34 1266.33
31.6116 265.312 522.088 794.453 1066.34  1271.2
31.7288 266.312 524.024   797.4 1070.34  1276.2
31.8448 267.285 526.024   800.4 1074.25  1281.2
31.9653 268.285 528.024 803.429 1078.25 1286.05
32.0862   269.3 530.024 806.429 1082.25 1290.91
 32.202 270.272 531.936 809.429 1086.25 1295.91
 32.202 271.295 533.936 812.496 1090.25 1300.82
32.3216 272.295 535.936 815.496  1094.3 1305.65
32.3216 273.295 537.944 818.496  1098.4 1310.54
32.3216 274.295 539.961 821.565  1102.4 1315.46
32.3216 275.297 541.933 824.565 1106.43 1320.46
32.3216 276.297 543.933 827.608 1110.51 1325.33
32.3216 277.299 545.906 830.608 1114.53 1330.33
32.3216 278.305 547.886 833.622 1118.53 1335.33
32.4394  279.32 549.886 836.622 1122.53  1340.2
32.5572 280.334 551.886 839.622 1126.53 1345.07
32.6712 281.334 553.886 842.562 1130.48 1350.07
32.6712 282.336 555.858 845.562 1134.51 1355.07
 32.785 283.336 557.794 848.562 1138.46 1360.07
32.8986 284.336 559.794 851.503  1142.4 1365.07
32.8986 285.336 561.767 854.504 1146.43 1370.07
32.8986 286.336 563.774 857.504 1150.52 1374.96
33.0154 287.336 565.776 860.504 1154.52 1379.84
33.0154 288.336 567.749 863.505 1158.55 1384.84
33.0154 289.338 569.722 866.505 1162.58 1389.84
33.1266 290.312 571.722 869.505 1166.49 1394.84
 33.239 291.312 573.661 872.454 1170.49 1399.84
33.3543 292.312 575.661 875.481 1174.49  1404.7
33.3543 293.335 577.661 878.544 1178.49 1409.62
33.4695 294.348 579.661 881.544 1182.49 1414.49
33.4695 295.348 581.676 884.609 1186.49 1419.41
33.4695 296.348 583.684 887.609 1190.59  1424.3
33.5795 297.322 585.684 890.526 1194.59  1429.3
33.6907 298.322 587.623 893.475 1198.59  1434.3
33.6907  299.32 589.623 896.465  1202.6  1439.3
33.8003 300.294  591.54 899.465  1206.6  1444.3
33.9099 301.267  593.54 902.382  1210.6  1449.3
33.9099 302.267 595.514 905.382 1214.62  1454.3
34.0202 303.267 597.452 908.382 1218.57  1459.3
34.0202 304.289 599.452 911.443 1222.57 1464.22
 34.129 305.263  601.37 914.443 1226.57 1469.22
34.2416 306.263  603.37 917.443 1230.62 1474.06
34.2416 307.263 605.376 920.443 1234.71 1478.97
34.3544 308.275 607.376 923.443 1238.71 1483.84
34.4629 309.249 609.294 926.443 1242.71 1488.84
34.5714 310.223 611.294 929.361 1246.71 1493.84
34.5714 311.221 613.294 932.351 1250.72 1498.84
34.6842 312.221 615.294 935.351 1254.72 1503.73
34.6842 313.219 617.294 938.342 1258.73 1508.73
34.7962 314.231 619.294 941.342 1262.73  1513.6
34.9042 315.206 621.294 944.342 1266.65  1518.6
35.0163 316.218 623.294 947.342 1270.65 1523.48
35.0163 317.235 625.294 950.342 1274.74 1528.38
35.0163 318.235 627.294  953.38 1278.81 1533.26
35.1245 319.235 629.233  956.38 1282.76 1538.26
35.2318  320.21 631.233  959.38 1286.68 1543.26
35.3399  321.21 633.233 962.324 1290.63 1548.26
35.4515  322.21 635.232 965.324 1294.63 1553.15
35.5628 323.222 637.232 968.324 1298.63 1558.03
35.5628  324.22 639.232 971.314 1302.64 1563.03
35.5628  325.22 641.238 974.314 1306.73 1567.94
35.5628 326.225 643.221 977.327 1310.73 1572.94
35.5628 327.227 645.195 980.327 1314.75 1577.94
35.6687 328.201 647.195 983.246 1318.75 1582.94
35.7789 329.201 649.195 986.246 1322.75 1587.83
35.8849 330.177 651.195 989.246 1326.67 1592.83
35.8849 331.177 653.195 992.283 1330.74 1597.72
35.8849 332.175 655.195 995.274 1334.76 1602.72
35.8849 333.191 657.195 998.274 1338.84 1607.62
35.9936 334.191 659.195  1001.3 1342.84 1612.49
36.0985 335.166 661.195 1004.22 1346.84 1617.49
36.0985 336.181 663.195 1007.22 1350.92 1622.39
36.0985 337.183  665.17 1010.22 1354.94 1627.39
36.2028 338.157 667.092 1013.22 1358.94 1632.39
36.3071 339.131 669.013 1016.22 1362.94 1637.39
36.3071 340.131 671.013 1019.25 1367.02 1642.28
36.4121 341.131 672.954 1022.25 1370.97 1647.28
36.5161 342.105 674.876 1025.25 1374.97 1652.28
36.6202  343.08 676.876 1028.17 1378.97 1657.28
36.7283  344.08 678.875 1031.17 1382.97 1662.17
36.7283 345.105 680.897 1034.17 1386.97 1667.13
36.7283 346.105  682.91 1037.23 1390.97 1672.05
36.7283 347.105 684.886 1040.23 1394.99 1677.05
36.7283  348.11 686.869 1043.24 1398.99 1682.05
36.7283 349.108 688.869 1046.24    1403 1687.05
36.7283 350.109 690.845 1049.24 1407.03 1692.05
36.7283  351.11  692.82 1052.24 1411.05 1697.05
36.7283  352.11 694.825 1055.24 1415.13 1701.97
36.7283 353.108 696.825 1058.23 1419.15 1706.97
36.7283 354.108 698.825 1061.26 1423.22 1711.86
36.8304 355.108 700.767 1064.26 1427.17 1716.86
36.9315 356.083 702.691 1067.26 1431.17 1721.86
36.9315 357.084 704.667 1070.26 1435.19 1726.86
37.0357 358.084 706.667 1073.28 1439.19 1731.74
37.0357 359.084 708.679 1076.34 1443.19 1736.67
37.0357 360.099 710.679 1079.34 1447.27 1741.57
37.0357 361.099 712.691  1082.4 1451.27 1746.51
37.0357 362.114 714.691  1085.4 1455.35 1751.41
37.0357 363.114 716.704 1088.45 1459.35 1756.34
37.0357 364.138 718.725 1091.45 1463.35  1761.3
37.1385 365.148 720.725 1094.45 1467.35 1766.19
37.1385 366.148 722.725 1097.49 1471.42 1771.08
37.1385 367.167 724.725 1100.54 1475.42 1776.01
37.2381 368.167 726.669 1103.54 1479.38 1781.01
37.3403 369.177 728.669 1106.54 1483.38  1785.9
37.3403 370.177 730.645 1109.54  1487.4  1790.9
37.4387 371.153 732.645 1112.47  1491.4  1795.9
37.5404 372.153 734.645 1115.49  1495.4 1800.78
37.5404 373.153 736.657 1118.54  1499.4 1805.71
37.5404 374.158 738.641 1121.55  1503.4 1810.71
37.5404 375.156 740.641 1124.55 1507.41 1815.71
37.6388 376.156 742.641 1127.49 1511.36 1820.71
37.7394 377.156 744.641 1130.49  1515.4 1825.57
37.7394  378.18 746.662 1133.49  1519.4 1830.53
  37.84  379.18 748.662 1136.52  1523.4  1835.4
37.9374 380.156 750.662 1139.44  1527.4  1840.4
 38.038 381.156 752.662 1142.46  1531.4 1845.28
38.1385 382.156 754.662 1145.48  1535.4 1850.16
38.1385 383.157 756.639 1148.48 1539.42 1855.16
38.1385 384.157 758.639 1151.52 1543.49 1860.06
38.1385 385.157 760.616 1154.52 1547.51 1865.06
38.1385 386.175 762.616 1157.57 1551.51 1869.99
 38.235 387.152 764.616  1160.5 1555.51 1874.99
38.3322 388.152 766.561  1163.5 1559.47 1879.99
38.3322 389.152 768.573 1166.55 1563.47 1884.93
38.3322  390.15 770.573 1169.54 1567.48 1889.93
38.3322 391.151  772.55 1172.54  1571.5 1894.93
 38.431 392.151  774.55 1175.56  1575.5 1899.81
 38.431 393.151 776.555 1178.56 1579.58 1904.72
 38.431 394.165 778.555 1181.56 1583.65 1909.64
38.5262 395.142 780.555 1184.49 1587.65 1914.64
38.6222 396.142 782.555 1187.44  1591.6 1919.64
38.6222 397.159 784.555 1190.49  1595.6 1924.57
38.6222 398.177 786.555 1193.54  1599.6  1929.5
38.6222 399.175 788.555 1196.53 1603.61  1934.5
38.7174 400.175 790.555 1199.48 1607.57  1939.5
38.8128 401.175 792.503 1202.44 1611.57  1944.5
38.9082 402.175 794.452  1205.4 1615.57  1949.5
38.9082 403.193 796.452 1208.45 1619.57 1954.43
39.0059 404.193  798.45 1211.45 1623.57 1959.34
39.1001 405.169 800.379 1214.45 1627.57 1964.34
39.1001  406.17 802.357 1217.45 1631.59 1969.34
 39.195  407.17 804.304 1220.45 1635.55 1974.34
39.2898  408.17  806.25 1223.45 1639.51 1979.34
39.3872  409.17 808.248 1226.45 1643.51 1984.24
39.4812 410.147 810.177 1229.45 1647.51 1989.24
39.5783 411.156 812.177 1232.45 1651.51 1994.14
39.6757 412.156 814.175 1235.45 1655.51 1999.04
39.6757 413.178 816.195 1238.45 1659.51    2004
39.6757 414.178 818.199 1241.45 1663.58 2008.92
39.6757 415.192 820.199 1244.45 1667.65 2013.84
39.6757 416.214 822.218 1247.45 1671.65 2018.79
39.6757 417.236 824.238 1250.45 1675.65 2023.75
39.6757 418.236 826.249  1253.5 1679.65 2028.69
39.7692 419.236 828.196  1256.5 1683.61 2033.69
39.8627 420.236 830.144  1259.5 1687.57 2038.69
39.8627 421.259 832.163  1262.5 1691.57 2043.65
39.9582 422.268 834.163  1265.5 1695.57 2048.54
40.0535 423.268 836.163 1268.52 1699.57 2053.43
40.1486 424.268 838.163 1271.52  1703.6  2058.3
40.1486 425.285 840.163 1274.56  1707.6 2063.24
40.2434 426.285 842.163 1277.56 1711.64 2068.11
40.2434 427.298 844.163 1280.56  1715.7 2073.03
40.3386 428.298 846.161 1283.56  1719.7 2077.93
40.3386  429.32  848.18 1286.56  1723.7 2082.89
40.4333  430.32  850.18 1289.58  1727.7 2087.78
 40.526  431.32  852.13 1292.54  1731.7 2092.78
 40.526  432.32 854.141 1295.59  1735.7 2097.72
40.6206 433.329 856.141 1298.59  1739.7 2102.61
40.6206 434.328 858.141 1301.58 1743.71 2107.61
40.6206  435.35  860.16 1304.58 1747.71 2112.57
40.6206  436.35  862.16 1307.61 1751.77 2117.48
40.7144  437.35  864.16 1310.63 1755.77 2122.37
40.7144  438.35 866.139 1313.63 1759.79 2127.37
40.8053 439.329 868.139 1316.63 1763.72 2132.37
40.8053 440.351 870.158 1319.63 1767.72 2137.33
 40.899 441.351 872.156 1322.63 1771.72 2142.24
40.9905 442.351 874.106 1325.59 1775.72 2147.24
40.9905 443.351 876.111 1328.59  1779.8 2152.16
41.0839 444.351 878.109 1331.59  1783.8 2157.07
41.1751 445.351 880.058 1334.59 1787.76 2162.07
41.1751 446.355 882.043  1337.6 1791.76 2167.07
41.1751 447.377 884.062  1340.6 1795.76 2172.03
41.1751 448.393 886.062 1343.65 1799.76 2176.96
41.1751 449.393 888.073  1346.7 1803.76  2181.9
41.1751 450.392 890.073 1349.69 1807.76  2186.9
41.2652 451.392 892.073 1352.64 1811.72  2191.9
41.3546  452.37 894.005 1355.64 1815.72  2196.9
41.4471  453.37 896.003 1358.64 1819.72 2201.81
41.5372  454.37 898.003  1361.6 1823.68 2206.81
41.6266 455.348 899.936  1364.6 1827.68 2211.81
41.6266 456.348  901.94  1367.6 1831.75 2216.74
41.6266 457.361  903.94  1370.6 1835.81 2221.66
41.6266 458.362 905.919  1373.6 1839.83 2226.66
41.7184 459.362 907.917  1376.6 1843.83 2231.57
41.8096 460.362 909.917  1379.6 1847.86 2236.45
41.8991 461.362 911.917 1382.55 1851.82 2241.45
41.8991 462.362 913.921 1385.55 1855.89 2246.38
41.9905 463.371 915.921 1388.55 1859.89 2251.28
41.9905 464.372 917.901 1391.55 1863.91 2256.28
41.9905 465.372  919.88 1394.55 1867.93 2261.28
42.0817 466.372 921.878 1397.55 1871.93 2266.19
42.1699 467.351 923.811 1400.55 1875.93 2271.19
42.1699 468.351 925.791 1403.55 1879.95 2276.19
42.1699 469.351 927.801  1406.6 1883.95 2281.13
42.1699 470.351 929.805  1409.6 1888.02 2286.06
42.1699 471.363 931.805  1412.6 1892.08 2290.98
42.1699 472.379 933.805 1415.65 1896.08 2295.92
42.2573 473.358 935.739 1418.65 1900.08 2300.92
42.2573 474.358 937.739 1421.68 1904.14 2305.83
42.2573 475.378 939.757 1424.68 1908.14 2310.79
42.3444 476.358 941.757 1427.68 1912.07 2315.79
42.3444 477.379 943.775 1430.68 1916.07 2320.75
42.4319 478.379 945.726 1433.68 1920.03 2325.75
42.5195 479.379 947.678 1436.64 1924.03 2330.75
42.6086 480.379 949.678 1439.64 1928.06 2335.63
42.6086 481.395 951.678 1442.68 1932.06 2340.57
42.6086 482.395 953.682 1445.68 1936.13  2345.5
42.6951 483.374 955.682 1448.61 1940.13  2350.5
42.7837 484.374 957.682 1451.61 1944.16 2355.38
42.8708 485.374 959.682 1454.57 1948.12 2360.38
 42.958 486.374 961.634 1457.57 1952.08 2365.38
43.0469 487.374 963.634 1460.59 1956.08 2370.28
 43.134 488.374 965.634 1463.54 1960.04 2375.28
43.2227 489.374 967.634 1466.54 1964.07 2380.16
43.2227 490.374 969.643 1469.59 1968.07 2385.11
43.3091 491.354 971.643 1472.59    1972 2390.11
43.3979 492.362 973.643 1475.59    1976 2395.01
43.4849 493.362 975.595 1478.59 1979.96 2400.01
43.4849 494.366 977.581  1481.6 1983.96 2405.01
43.5711 495.347 979.581  1484.6  1987.9 2410.01
43.6594 496.347 981.581  1487.6 1991.92 2414.89
43.7456 497.327 983.581  1490.6 1995.86 2419.89
43.8318 498.306 985.581 1493.53 1999.86 2424.89
43.8318 499.307 987.562 1496.53 2003.88 2429.89
43.8318 500.307 989.565 1499.53 2007.94 2434.82
43.8318 501.323 991.565 1502.58 2011.94 2439.76
43.8318 502.323 993.575 1505.62 2015.94 2444.71
43.9173 503.303 995.575 1508.62 2019.88 2449.71
43.9173 504.323 997.592 1511.62 2023.88 2454.67
43.9173 505.324 999.573 1514.62 2027.89 2459.67
43.9173 506.324 1001.58 1517.62 2031.96  2464.6
43.9173 507.324 1003.58 1520.62 2036.02 2469.53
43.9173 508.324 1005.58 1523.65 2040.08 2474.45
44.0025 509.324 1007.58  1526.6 2044.04 2479.45
44.0025 510.324 1009.58  1529.6  2048.1 2484.38
 44.089 511.324 1011.58  1532.6 2052.13 2489.27
44.1758 512.324 1013.58 1535.62 2056.13 2494.17
44.1758 513.339 1015.58 1538.66 2060.13 2499.11
44.2608 514.339 1017.54 1541.62 2064.13 2504.11
44.3474 515.339 1019.54 1544.64 2068.13 2509.01
44.3474 516.358 1021.56 1547.64 2072.13 2513.97
44.3474  517.36 1023.54 1550.64 2076.15 2518.97
 44.432  518.36 1025.49 1553.64 2080.11 2523.97
 44.432 519.379 1027.51 1556.64 2084.11 2528.93
 44.432  520.38 1029.49 1559.64 2088.13 2533.93
 44.432  521.38 1031.47 1562.64 2092.15 2538.93
44.5156 522.361 1033.47 1565.64 2096.08 2543.93
44.5156 523.361 1035.47 1568.67 2100.13 2548.85
44.5156 524.365 1037.45 1571.68 2104.13 2553.85
44.5156 525.365 1039.44 1574.68 2108.15 2558.85
44.5156 526.364 1041.44 1577.67 2112.16 2563.85
44.5156 527.363 1043.44 1580.67 2116.17 2568.85
44.5983 528.343 1045.44  1583.6 2120.17 2573.85
44.6811 529.324 1047.44  1586.6  2124.1 2578.85
44.6811 530.338 1049.44 1589.64  2128.1  2583.8
44.6811 531.353 1051.44 1592.69  2132.1 2588.74
44.7658  532.36 1053.44 1595.69  2136.1 2593.65
44.7658  533.36 1055.42 1598.69 2140.12 2598.65
44.8505  534.36 1057.41 1601.69 2144.12 2603.57
44.8505  535.36 1059.42 1604.73 2148.12 2608.51
44.8505  536.36  1061.4 1607.73 2152.14 2613.51
44.9348 537.368  1063.4 1610.73 2156.14 2618.42
44.9348 538.387 1065.42 1613.73 2160.14 2623.39
44.9348 539.387 1067.42 1616.76 2164.19 2628.31
45.0184 540.387 1069.42 1619.76 2168.22  2633.2
45.1023 541.394 1071.42 1622.76 2172.22 2638.11
45.1846 542.394 1073.38 1625.72 2176.22 2643.11
45.1846 543.406 1075.38 1628.72 2180.28 2648.04
45.2661 544.386 1077.38 1631.66 2184.28 2653.04
45.3476 545.366 1079.32 1634.66 2188.28 2658.04
45.4313 546.373 1081.32 1637.66 2192.28 2662.94
45.5128 547.353 1083.32  1640.6 2196.28 2667.94
45.5944 548.333 1085.32 1643.54 2200.28 2672.94
 45.678 549.333 1087.32 1646.55 2204.28 2677.85
 45.678 550.337  1089.3 1649.56 2208.28 2682.85
 45.678 551.352  1091.3  1652.6 2212.28 2687.79
 45.678  552.37 1093.32  1655.6 2216.28 2692.76
 45.678  553.37 1095.32 1658.63 2220.33 2697.68
 45.678 554.374 1097.31 1661.63 2224.33 2702.68
 45.678 555.373 1099.31 1664.63 2228.34 2707.68
45.7592 556.373 1101.31 1667.59  2232.3 2712.68
45.7592 557.391 1103.32 1670.59  2236.3 2717.64
45.7592 558.391 1105.33 1673.59 2240.36 2722.58
45.8414 559.391 1107.33 1676.59 2244.38 2727.47
45.9218 560.373 1109.33 1679.59 2248.32 2732.47
45.9218 561.373 1111.33 1682.63 2252.32 2737.42
46.0026 562.373 1113.29 1685.63 2256.28 2742.42
46.0026 563.374 1115.27 1688.63  2260.3 2747.42
46.0833 564.374 1117.23 1691.59  2264.3 2752.42
46.0833 565.392 1119.24 1694.59  2268.3 2757.39
46.0833 566.392 1121.25 1697.63  2272.3 2762.34
46.1653 567.399 1123.25 1700.63  2276.3 2767.25
46.2456 568.399 1125.25 1703.59 2280.26 2772.25
 46.326 569.399 1127.21 1706.59 2284.23 2777.25
46.4081 570.399 1129.21 1709.59 2288.23 2782.17
46.4081 571.418 1131.22 1712.59 2292.23 2787.13
46.4877 572.398 1133.16 1715.59 2296.23 2792.13
46.4877 573.398 1135.15 1718.59 2300.24 2797.13
46.4877 574.401 1137.13  1721.6 2304.24 2802.13
46.4877   575.4 1139.13  1724.6 2308.25 2807.13
46.5669 576.381 1141.07  1727.6 2312.25 2812.13
46.5669 577.395 1143.07 1730.64 2316.25 2817.08
46.5669 578.408 1145.07 1733.67 2320.25 2822.03
46.6476 579.408 1147.07 1736.67 2324.27 2826.92
46.7271 580.408 1149.07 1739.63 2328.23 2831.92
46.8061 581.389 1151.07 1742.57 2332.23 2836.92
46.8869 582.389 1153.07 1745.57 2336.26 2841.82
46.8869 583.388 1155.07 1748.57 2340.27 2846.82
46.8869 584.388 1157.08 1751.61 2344.27 2851.77
46.8869 585.388 1159.08 1754.63 2348.31 2856.69
46.8869 586.399 1161.08 1757.63 2352.37 2861.63
46.9675 587.399 1163.08 1760.63 2356.37 2866.55
46.9675 588.399 1165.09 1763.67 2360.37  2871.5
46.9675 589.417  1167.1 1766.67 2364.37 2876.47
47.0474 590.417  1169.1 1769.67 2368.39 2881.36
47.1262 591.417 1171.06 1772.67 2372.36 2886.36
47.1262 592.417 1173.06 1775.67 2376.42  2891.3
47.1262 593.416 1175.06 1778.67 2380.42  2896.3
47.1262  594.43 1177.06 1781.71 2384.42 2901.25
47.1262 595.431 1179.05 1784.71 2388.44 2906.25
47.2044 596.431    1181 1787.71 2392.41 2911.25
47.2044 597.449 1183.02 1790.71 2396.41 2916.22
47.2044  598.45    1185 1793.71 2400.42 2921.22
47.2819 599.432    1187 1796.71 2404.36 2926.22
47.2819 600.436 1188.99 1799.72 2408.36 2931.22
47.2819 601.447 1190.99 1802.72 2412.42 2936.15
47.2819 602.447 1192.99 1805.72 2416.47 2941.09
47.2819 603.451 1194.98 1808.72 2420.47 2946.09
47.2819 604.451 1196.96 1811.73 2424.49 2951.09
47.2819 605.449 1198.96 1814.72  2428.5 2956.09
47.2819 606.453 1200.95 1817.73  2432.5 2961.09
47.3604  607.46 1202.95 1820.73  2436.5 2966.01
47.4375  608.46 1204.91 1823.69  2440.5 2971.01
 47.516 609.466 1206.91 1826.69  2444.5 2975.92
47.5946 610.466 1208.91 1829.69  2448.5 2980.84
47.5946 611.466 1210.91 1832.73  2452.5  2985.8
47.6727 612.466 1212.91 1835.73 2456.52 2990.69
47.6727 613.484 1214.93 1838.73 2460.52 2995.66
47.6727 614.484 1216.93 1841.73 2464.58  3000.6
47.6727 615.488 1218.92 1844.74 2468.58  3005.6
47.6727 616.488 1220.92 1847.74 2472.63 3010.54
47.7486 617.469 1222.92 1850.68 2476.63 3015.54
47.7486  618.47 1224.91 1853.68 2480.65 3020.54
47.8249  619.47 1226.91 1856.64 2484.61 3025.54
47.8249 620.481 1228.91 1859.64 2488.67 3030.48
47.8249 621.481 1230.89 1862.64 2492.68 3035.48
47.9009 622.481 1232.89 1865.61 2496.65 3040.48
47.9764 623.463 1234.89 1868.55 2500.65 3045.48
47.9764 624.462 1236.89 1871.54 2504.65 3050.48
47.9764 625.463 1238.87 1874.54 2508.67 3055.48
47.9764 626.463 1240.86 1877.54 2512.68 3060.48
47.9764 627.463 1242.86 1880.58 2516.68 3065.43
47.9764 628.464 1244.85 1883.58  2520.7 3070.43
48.0533 629.471 1246.85 1886.58  2524.7 3075.35
48.0533 630.488 1248.86 1889.58  2528.7 3080.32
48.1301 631.488 1250.86 1892.58  2532.7 3085.24
48.2054 632.488 1252.86 1895.54 2536.66 3090.24
48.2054 633.487 1254.86 1898.54 2540.67 3095.24
48.2054 634.497 1256.86 1901.54 2544.72 3100.18
48.2806 635.497 1258.82  1904.5 2548.72 3105.18
48.2806 636.497  1260.8  1907.5 2552.74 3110.18
 48.355 637.479 1262.75  1910.5 2556.74 3115.18
  48.43 638.479 1264.75 1913.47  2560.7 3120.18
48.5063 639.485 1266.75 1916.47  2564.7  3125.1
48.5828 640.485 1268.74 1919.47  2568.7 3130.02
 48.659 641.485 1270.74 1922.48  2572.7 3134.93
 48.659 642.485 1272.74  1925.5 2576.75 3139.87
48.7352 643.491 1274.74  1928.5 2580.75 3144.78
48.7352 644.508 1276.76  1931.5 2584.75 3149.75
48.7352 645.509 1278.74  1934.5 2588.76 3154.75
48.8114 646.509 1280.74  1937.5 2592.76 3159.68
 48.886 647.509 1282.74 1940.46 2596.73 3164.68
48.9619 648.509 1284.74 1943.47 2600.73 3169.59
48.9619 649.513 1286.73 1946.48 2604.73 3174.59
48.9619 650.526 1288.73 1949.52 2608.73 3179.54
48.9619 651.526 1290.73 1952.52 2612.78 3184.48
48.9619  652.53 1292.72 1955.53 2616.78 3189.48
48.9619 653.531  1294.7 1958.53  2620.8 3194.48
 49.037 654.531  1296.7 1961.53 2624.82 3199.39
49.1111 655.531 1298.66 1964.53 2628.79 3204.39
49.1111 656.534 1300.65 1967.53 2632.79 3209.39
49.1111 657.536 1302.63 1970.53  2636.8 3214.39
49.1864 658.536 1304.63 1973.53  2640.8 3219.31
49.1864 659.539 1306.62 1976.54  2644.8 3224.31
49.2602 660.539 1308.58 1979.54 2648.77 3229.31
49.2602 661.556 1310.59 1982.54 2652.77 3234.28
49.3333 662.538 1312.59 1985.49 2656.77 3239.28
49.3333 663.538 1314.59 1988.48 2660.77 3244.28
49.4069 664.538 1316.55 1991.48 2664.74 3249.28
49.4799 665.519  1318.5 1994.48 2668.74 3254.28
49.4799 666.521 1320.48 1997.48 2672.76 3259.28
49.5547 667.521 1322.48 2000.48 2676.76 3264.21
49.5547 668.521 1324.48 2003.52 2680.76 3269.17
49.6292 669.521 1326.48 2006.53 2684.76 3274.08
49.7025 670.521 1328.44  2009.5 2688.76 3279.08
49.7025 671.533 1330.44 2012.53 2692.76 3284.03
49.7025 672.543 1332.44 2015.53 2696.81 3288.97
49.7025 673.543 1334.45 2018.53 2700.86 3293.92
49.7025 674.543 1336.43 2021.53 2704.87 3298.92
49.7025 675.543 1338.44 2024.57 2708.87 3303.87
49.7753 676.543  1340.4 2027.57 2712.84 3308.87
49.8495 677.543  1342.4 2030.57 2716.84  3313.8
49.8495 678.543  1344.4 2033.56 2720.85  3318.8
49.9222 679.543 1346.36 2036.53 2724.85  3323.8
49.9222 680.559 1348.37 2039.53 2728.85 3328.77
49.9222 681.575 1350.38 2042.53 2732.85 3333.74
49.9222 682.575 1352.39 2045.56 2736.85  3338.7
49.9222 683.575 1354.39 2048.59 2740.89 3343.63
49.9944 684.575 1356.35 2051.59 2744.86 3348.63
50.0666 685.575 1358.35 2054.55 2748.82 3353.63
50.1384 686.558 1360.35  2057.5 2752.82 3358.63
50.1384 687.561 1362.34  2060.5 2756.82 3363.63
50.1384 688.561 1364.34 2063.53 2760.87 3368.57
50.1384 689.561 1366.35 2066.56 2764.87 3373.52
  50.21 690.545 1368.35 2069.56 2768.81 3378.52
50.2829 691.545 1370.35 2072.56 2772.83 3383.43
50.3543 692.528 1372.35 2075.51 2776.83 3388.43
50.4276 693.528 1374.34 2078.51 2780.83 3393.36
50.5009 694.528 1376.34 2081.51 2784.83 3398.29
50.5738 695.528 1378.34 2084.51 2788.85  3403.2
50.5738 696.544 1380.35 2087.51 2792.85 3408.17
50.5738 697.544 1382.36 2090.51 2796.91 3413.11
50.6465 698.544 1384.36 2093.51 2800.93 3418.02
50.7192 699.544 1386.36 2096.51 2804.95 3422.92
50.7904 700.527 1388.36 2099.45 2808.95 3427.92
50.8622 701.527 1390.32 2102.42 2812.95 3432.92
50.8622 702.543 1392.33 2105.42 2816.95  3437.9
50.8622 703.542 1394.33 2108.41 2820.95  3442.9
50.9349 704.548 1396.33 2111.41 2824.95 3447.82
50.9349 705.548 1398.34 2114.45 2828.95 3452.77
51.0076 706.548 1400.34 2117.45 2832.95  3457.7
51.0076 707.549 1402.32 2120.45 2836.97  3462.7
51.0076 708.549 1404.33 2123.49 2840.97 3467.66
51.0788 709.549 1406.33 2126.45 2844.93 3472.66
51.1501 710.549 1408.29 2129.42 2848.93 3477.66
51.1501 711.549  1410.3 2132.45 2852.93 3482.62
51.1501 712.548  1412.3 2135.45 2856.94 3487.62
51.1501 713.548  1414.3 2138.48 2860.94 3492.58
51.2206 714.532  1416.3 2141.48 2864.88 3497.58
51.2206 715.532 1418.29 2144.48  2868.9 3502.58
51.2914 716.532 1420.29 2147.45 2872.86 3507.58
51.3618 717.515 1422.29 2150.39 2876.86 3512.58
51.3618 718.525 1424.29 2153.39 2880.91 3517.52
51.4322 719.509 1426.29 2156.39 2884.86 3522.52
51.5029 720.509 1428.25 2159.39 2888.83 3527.52
51.5746 721.509 1430.25 2162.39 2892.85 3532.43
51.5746 722.509 1432.26 2165.43 2896.85 3537.38
51.6452 723.509 1434.22 2168.43 2900.81 3542.38
51.6452 724.518 1436.22 2171.43 2904.86 3547.33
51.6452 725.518 1438.22 2174.45  2908.9 3552.26
51.6452 726.518 1440.22 2177.47 2912.95  3557.2
51.6452 727.534 1442.23 2180.47 2916.95 3562.17
51.6452 728.534 1444.23 2183.49 2920.99 3567.11
51.7165 729.539 1446.23 2186.49 2924.99 3572.03
51.7866 730.539 1448.19 2189.49 2928.96 3577.03
51.7866 731.555 1450.21 2192.49 2932.96    3582
51.8577 732.555 1452.21  2195.5 2936.96 3586.92
51.9278 733.555 1454.17  2198.5 2940.92 3591.92
51.9278 734.558 1456.16 2201.51 2944.92 3596.92
51.9973 735.541 1458.11 2204.51 2948.92 3601.92
51.9973  736.54 1460.11 2207.51 2952.93 3606.92
52.0666 737.523 1462.05 2210.51 2956.93 3611.92
52.1365 738.523 1464.05 2213.47  2960.9 3616.92
52.1365 739.523 1466.05 2216.49 2964.94 3621.86
52.2062 740.523 1468.05 2219.46  2968.9 3626.86
52.2755 741.506 1470.05  2222.4  2972.9 3631.86
52.2755 742.515 1472.05  2225.4 2976.95  3636.8
52.2755 743.517 1474.04  2228.4 2980.96  3641.8
52.2755 744.517 1476.02  2231.4 2984.98  3646.8
52.3461 745.522 1478.02  2234.4 2988.98 3651.73
52.3461 746.525 1480.01 2237.41 2992.98 3656.73
52.4155 747.525 1482.01 2240.38 2996.94 3661.73
52.4845  748.51 1484.01 2243.38 3000.89 3666.73
52.4845 749.525 1486.03 2246.38 3004.89  3671.7
52.5538 750.525 1487.99 2249.34 3008.89  3676.7
52.5538 751.525 1489.99 2252.34 3012.94 3681.65
52.6242 752.525 1491.99 2255.34 3016.94 3686.58
52.6242 753.525 1493.99 2258.34 3020.99 3691.53
52.6242 754.528 1495.98 2261.35 3024.99 3696.53
52.6928 755.512 1497.98  2264.3 3028.99 3701.53
52.7628 756.512 1499.98  2267.3 3033.01 3706.44
52.8318 757.512 1501.94 2270.27 3037.01 3711.44
52.9009 758.512 1503.91 2273.23 3041.01 3716.44
52.9709 759.512 1505.91 2276.24 3045.01 3721.36
52.9709 760.523 1507.91 2279.28 3049.01 3726.32
52.9709 761.538 1509.92 2282.28 3053.01 3731.29
 53.041 762.538 1511.92 2285.28 3057.01 3736.22
53.1094 763.523 1513.92 2288.28 3060.95 3741.22
53.1094 764.534 1515.92 2291.31 3064.95 3746.18
53.1782 765.534 1517.88 2294.27 3068.95 3751.18
 53.248 766.539 1519.88 2297.27 3072.95  3756.1
 53.248 767.539 1521.88 2300.27    3077 3761.05
 53.248 768.539 1523.89 2303.31    3081 3766.01
 53.248 769.539 1525.87 2306.31 3085.02 3771.01
 53.248 770.539 1527.88 2309.31 3089.07 3775.96
53.3173 771.539 1529.88 2312.31 3093.08 3780.87
53.3173 772.539 1531.86 2315.31  3097.1 3785.87
53.3868 773.539 1533.86 2318.31  3101.1 3790.81
53.4561 774.539 1535.86 2321.32  3105.1 3795.73
53.4561 775.539 1537.86 2324.34 3109.14 3800.67
 53.524 776.524 1539.86 2327.34 3113.09 3805.67
53.5918 777.508 1541.86 2330.29 3117.09 3810.67
53.5918 778.508 1543.84 2333.29  3121.1 3815.67
53.5918 779.508 1545.85 2336.32  3125.1 3820.63
53.5918 780.511 1547.84 2339.33  3129.1 3825.63
53.5918 781.514 1549.83 2342.34  3133.1 3830.63
53.5918 782.529 1551.84 2345.34  3137.1  3835.6
53.6596 783.529 1553.81 2348.34 3141.07  3840.6
53.6596 784.529 1555.81 2351.34 3145.12 3845.55
53.7269 785.514 1557.81 2354.34 3149.06 3850.55
53.7958 786.514  1559.8 2357.34 3153.06 3855.49
53.8645 787.519  1561.8 2360.34 3157.06 3860.41
53.9319 788.504  1563.8 2363.34 3161.01 3865.41
54.0006 789.504  1565.8 2366.35 3165.01 3870.33
54.0006 790.518 1567.82 2369.35 3169.01 3875.31
54.0006 791.518 1569.82 2372.38 3173.01 3880.27
54.0006 792.529 1571.82 2375.41 3177.01 3885.23
54.0006 793.529 1573.83 2378.44 3181.01 3890.19
54.0676 794.514 1575.83 2381.44 3184.96 3895.19
54.1345 795.498 1577.83 2384.39 3188.96 3900.19
54.2029 796.498 1579.83  2387.4 3192.96 3905.11
54.2698 797.481 1581.78  2390.4 3196.96 3910.11
54.3382 798.486 1583.78  2393.4 3200.96 3915.04
54.4051  799.47 1585.78 2396.35 3204.96 3920.04
54.4051  800.47 1587.79 2399.38 3208.96    3925
54.4724  801.47 1589.75 2402.35 3212.96    3930
54.4724 802.481 1591.75 2405.38 3216.96 3934.95
54.5392 803.464  1593.7 2408.38 3220.96 3939.95
54.6075 804.464  1595.7 2411.38 3224.96 3944.89
54.6743 805.449  1597.7 2414.38 3228.91 3949.89
54.6743 806.449 1599.68 2417.38 3232.92 3954.89
54.6743 807.463 1601.69 2420.38 3236.92 3959.86
54.6743 808.475 1603.69 2423.41 3240.92 3964.82
54.6743 809.483 1605.69 2426.41 3244.97 3969.77
54.6743 810.483  1607.7 2429.41 3249.01 3974.72
54.7422 811.483 1609.69 2432.41 3253.01 3979.66
54.7422 812.483 1611.68 2435.41 3257.03 3984.66
54.7422 813.483 1613.69 2438.45 3261.03 3989.62
54.8097 814.483 1615.69 2441.45 3265.04 3994.53
54.8771 815.483 1617.69 2444.45 3269.06 3999.45
54.9447 816.488 1619.69 2447.45 3273.06 4004.37
55.0114 817.488 1621.65 2450.41 3277.06 4009.37
55.0114 818.488 1623.66 2453.45 3281.06 4014.34
55.0114 819.499 1625.66 2456.48 3285.06 4019.29
55.0775 820.484 1627.66 2459.48 3289.01 4024.29
55.0775 821.484 1629.64 2462.48 3293.02 4029.29
55.1447 822.484 1631.64 2465.48 3297.04 4034.21
55.1447 823.484 1633.63 2468.48 3301.05 4039.21
 55.211 824.484 1635.59 2471.45 3305.05 4044.21
55.2781 825.484 1637.59 2474.45 3309.07 4049.12
55.2781 826.484  1639.6 2477.48 3313.07 4054.09
55.3451 827.484  1641.6 2480.48 3317.09    4059
55.3451 828.485 1643.59 2483.48  3321.1    4064
55.4113 829.485 1645.55 2486.45  3325.1    4069
55.4784 830.485 1647.55 2489.46  3329.1 4073.93
55.5453 831.485 1649.55 2492.46 3333.12 4078.84
55.6125 832.485 1651.55 2495.46 3337.12 4083.78
55.6782 833.469  1653.5 2498.46 3341.12 4088.78
55.6782 834.468  1655.5 2501.45 3345.12 4093.78
55.6782 835.467  1657.5 2504.45 3349.13 4098.78
55.6782  836.47 1659.49 2507.46 3353.13 4103.78
55.7437 837.454 1661.44 2510.46 3357.13 4108.78
55.7437 838.457 1663.43 2513.46 3361.13 4113.78
55.8103 839.457 1665.43 2516.46 3365.15 4118.69
55.8103 840.457 1667.43 2519.46 3369.19 4123.65
55.8103 841.457 1669.44 2522.49 3373.19 4128.61
55.8756 842.441 1671.44 2525.44 3377.19 4133.61
55.8756 843.441 1673.44 2528.46 3381.23 4138.55
55.9422 844.441 1675.44 2531.46 3385.23 4143.49
56.0086 845.441 1677.44 2534.46 3389.25  4148.4
56.0739 846.426 1679.44 2537.46  3393.2  4153.4
56.1391  847.41 1681.44 2540.41  3397.2  4158.4
56.2043 848.394 1683.44 2543.36  3401.2  4163.4
56.2699 849.394 1685.44 2546.33 3405.16  4168.4
56.3351 850.379 1687.44 2549.28 3409.16  4173.4
56.4007 851.379  1689.4 2552.25 3413.16  4178.4
56.4007 852.379 1691.39 2555.25 3417.18  4183.4
56.4007  853.38 1693.37 2558.25 3421.19  4188.4
56.4007  854.39 1695.37 2561.28 3425.19 4193.36
56.4007  855.39 1697.37  2564.3 3429.23 4198.31
56.4659  856.39 1699.37 2567.27 3433.19 4203.31
56.4659 857.389 1701.37 2570.26  3437.2 4208.31
56.4659 858.389 1703.36 2573.26 3441.21 4213.31
56.4659 859.389 1705.37 2576.29 3445.21 4218.27
56.4659 860.389 1707.37 2579.33 3449.21 4223.23
56.5309 861.389 1709.37 2582.29 3453.18 4228.23
56.5954 862.373 1711.32 2585.29 3457.18 4233.23
56.5954 863.374 1713.31 2588.29 3461.19 4238.23
56.6612 864.374 1715.31  2591.3 3465.19 4243.16
56.7261 865.374 1717.28 2594.27 3469.19 4248.16
56.7261 866.387 1719.29 2597.27 3473.19 4253.13
56.7261 867.388 1721.27 2600.27 3477.21 4258.13
56.7261 868.399 1723.27  2603.3 3481.21 4263.09
56.7905 869.384 1725.27  2606.3 3485.16 4268.09
56.7905 870.398 1727.28  2609.3 3489.16 4273.07
 56.856 871.398 1729.28 2612.31 3493.16    4278
56.9203 872.383 1731.28 2615.31 3497.11    4283
56.9203 873.394 1733.28 2618.34 3501.11 4287.96
56.9203 874.404 1735.28 2621.37 3505.11 4292.92
56.9203 875.412 1737.28 2624.37 3509.15 4297.87
56.9855 876.412 1739.28 2627.37 3513.15 4302.79
57.0499 877.412 1741.25 2630.34 3517.15 4307.79
57.1143 878.412 1743.22 2633.34 3521.12 4312.79
57.1143 879.411 1745.22 2636.34 3525.12 4317.79
57.1797 880.411 1747.21 2639.34 3529.12 4322.73
 57.244 881.411 1749.18 2642.34 3533.09 4327.73
57.3083 882.411 1751.14 2645.31 3537.09 4332.73
57.3083 883.411 1753.15 2648.34 3541.09  4337.7
57.3722 884.396 1755.15 2651.29 3545.09  4342.7
57.4365 885.396 1757.12 2654.26 3549.09  4347.7
57.5007 886.396 1759.08 2657.26 3553.06  4352.7
57.5646 887.382 1761.08 2660.26 3557.02  4357.7
57.5646 888.382 1763.07 2663.26 3561.03  4362.7
57.6284 889.365 1765.02 2666.26 3565.03  4367.7
57.6284 890.365 1767.02 2669.28 3569.06 4372.64
57.6284 891.379 1769.03 2672.28 3573.06 4377.62
 57.692 892.363 1771.03 2675.23 3577.06 4382.62
57.7571 893.363 1773.03 2678.23 3581.06 4387.56
57.8211 894.363 1774.99  2681.2 3585.06 4392.56
57.8859 895.363 1776.99  2684.2 3589.08 4397.48
57.8859 896.366 1778.98 2687.21 3593.08 4402.48
57.9507 897.366 1780.98 2690.22 3597.08  4407.4
57.9507 898.366 1782.99 2693.22 3601.12 4412.36
58.0155 899.366 1784.98 2696.22 3605.12  4417.3
 58.079 900.351 1786.98 2699.17 3609.12  4422.3
 58.079 901.351 1788.97 2702.17 3613.14  4427.3
58.1424 902.335 1790.92 2705.17 3617.14  4432.3
58.2063 903.335 1792.89 2708.14 3621.14  4437.3
58.2701 904.335 1794.85 2711.14 3625.11  4442.3
58.3347 905.335 1796.85 2714.15 3629.11 4447.23
58.3994 906.338 1798.85 2717.15 3633.11 4452.16
 58.464 907.338 1800.85 2720.15 3637.12 4457.08
 58.464 908.339 1802.84 2723.15 3641.13 4462.08
 58.464 909.339 1804.83 2726.15 3645.15 4467.08
58.5272 910.323 1806.78 2729.15 3649.15 4472.08
58.5909 911.323 1808.75 2732.12 3653.15 4477.08
58.6543 912.309 1810.75 2735.12  3657.1 4482.08
58.7188 913.313 1812.75 2738.12  3661.1 4487.01
58.7188 914.313 1814.75 2741.14 3665.13 4491.95
 58.782 915.297  1816.7 2744.14 3669.13 4496.95
58.8452 916.281 1818.65 2747.14 3673.13 4501.95
58.9088 917.281 1820.62 2750.11 3677.13 4506.95
58.9088 918.293 1822.63 2753.11 3681.13 4511.93
58.9724 919.293 1824.59 2756.11  3685.1 4516.93
58.9724 920.303 1826.59 2759.13  3689.1 4521.89
58.9724 921.303  1828.6 2762.16  3693.1 4526.86
58.9724 922.316 1830.61 2765.16  3697.1 4531.84
58.9724 923.326 1832.61 2768.19  3701.1  4536.8
58.9724 924.325 1834.61 2771.19 3705.11  4541.8
58.9724 925.335 1836.61 2774.21 3709.11 4546.76
58.9724 926.334 1838.61 2777.21 3713.11 4551.76
59.0354 927.334 1840.58 2780.18 3717.11 4556.76
59.0354 928.334 1842.58  2783.2 3721.15 4561.71
59.0984 929.334 1844.54  2786.2 3725.12 4566.71
59.0984 930.344 1846.54 2789.23 3729.12 4571.67
59.0984 931.344 1848.54 2792.23 3733.16 4576.63
59.0984 932.344 1850.55 2795.23  3737.2 4581.58
59.1619 933.344 1852.55 2798.23 3741.22  4586.5
59.2255 934.348 1854.55 2801.23 3745.22 4591.44
59.2883 935.348 1856.51 2804.23 3749.19 4596.44
59.2883 936.361 1858.52 2807.23 3753.19 4601.41
59.2883  937.36 1860.52 2810.22 3757.19 4606.41
59.2883  938.36 1862.53 2813.25 3761.19 4611.38
59.3516  939.36 1864.53 2816.25 3765.21  4616.3
59.4142  940.36 1866.49 2819.25 3769.18  4621.3
59.4142 941.359 1868.49 2822.25 3773.19  4626.3
59.4142 942.369 1870.49 2825.27 3777.19 4631.26
59.4142 943.377 1872.49 2828.27 3781.22 4636.22
59.4142 944.385 1874.49 2831.27 3785.26 4641.17
59.4142 945.384 1876.49 2834.27 3789.27 4646.17
59.4761 946.368 1878.45 2837.27 3793.27 4651.17
59.5379 947.353  1880.4 2840.27 3797.27 4656.17
59.5379 948.365 1882.41 2843.27 3801.27 4661.15
59.5379 949.378 1884.42 2846.27 3805.27 4666.12
59.5997 950.362 1886.38 2849.27 3809.27 4671.12
59.6625 951.362 1888.38 2852.27 3813.28 4676.05
59.6625 952.362 1890.38 2855.29 3817.32 4680.99
59.6625 953.362 1892.38 2858.31 3821.35 4685.94
59.6625 954.372 1894.38 2861.33 3825.35  4690.9
59.6625 955.372 1896.38 2864.35 3829.39 4695.85
59.7244 956.372 1898.34 2867.32 3833.39 4700.85
59.7244 957.375 1900.33 2870.33 3837.39 4705.85
59.7244 958.383 1902.33 2873.33 3841.43  4710.8
 59.787 959.383 1904.33 2876.33 3845.43 4715.75
 59.787 960.383 1906.32 2879.33 3849.44 4720.75
59.8487 961.383 1908.32  2882.3 3853.41 4725.75
59.8487 962.382 1910.32 2885.29 3857.41 4730.75
59.8487 963.392 1912.32 2888.32 3861.41 4735.71
59.8487 964.392 1914.32 2891.32 3865.46 4740.67
59.8487 965.392 1916.32 2894.34 3869.49 4745.61
59.9108 966.392 1918.32 2897.34  3873.5 4750.54
59.9108 967.392  1920.3 2900.34 3877.52 4755.54
59.9721 968.392  1922.3 2903.31 3881.49 4760.54
59.9721 969.393 1924.29 2906.31  3885.5 4765.54
60.0334 970.393 1926.29 2909.28 3889.47 4770.54
60.0953 971.393 1928.29 2912.28 3893.48 4775.46
60.1566 972.393 1930.26 2915.28 3897.45 4780.46
60.1566 973.393 1932.26  2918.3 3901.49 4785.41
60.1566 974.405 1934.27  2921.3 3905.49 4790.39
60.1566 975.405 1936.27 2924.31 3909.52 4795.33
60.2177 976.405 1938.24 2927.31 3913.49 4800.33
60.2795 977.405 1940.24 2930.31 3917.51 4805.26
60.2795 978.417 1942.25 2933.31 3921.51 4810.24
60.3403 979.404 1944.25 2936.31 3925.46 4815.24
60.4013 980.404 1946.21 2939.29 3929.46 4820.24
60.4632 981.407 1948.21 2942.29 3933.46 4825.17
60.5249 982.407 1950.21 2945.29 3937.47  4830.1
60.5866 983.407 1952.21 2948.29 3941.49 4835.02
60.5866 984.415 1954.21 2951.29 3945.53 4839.97
60.5866 985.416  1956.2 2954.29 3949.54 4844.97
60.5866 986.428 1958.21 2957.29 3953.54 4849.95
60.6471 987.415 1960.21 2960.29 3957.49 4854.95
60.6471 988.427 1962.22 2963.29 3961.49 4859.93
60.7086 989.427 1964.22 2966.29 3965.51 4864.85
60.7694 990.427 1966.19 2969.29 3969.48 4869.85
 60.831 991.431 1968.19 2972.29 3973.48 4874.79
 60.831 992.431 1970.19 2975.29 3977.52 4879.75
 60.831 993.438 1972.19 2978.29 3981.56  4884.7
60.8917 994.438 1974.16 2981.29 3985.53  4889.7
60.8917 995.438 1976.16 2984.31 3989.53 4894.67
60.8917 996.438 1978.17 2987.34 3993.53 4899.63
60.8917 997.451 1980.18 2990.34 3997.53 4904.61
60.9528 998.451 1982.18 2993.34 4001.54 4909.54
60.9528  999.46 1984.18 2996.37 4005.54  4914.5
60.9528 1000.47 1986.19 2999.37 4009.54 4919.48
61.0132 1001.47 1988.19 3002.34 4013.51 4924.48
61.0132 1002.47 1990.19 3005.35 4017.55 4929.43