      1       2 4.33333 4.33333       5 4.33333
1.40909 2.81818 6.10606 7.33333       9 9.33333
1.40909 3.81818 8.55508 10.2746 12.6097 14.3333
1.40909 4.81818 11.1348 13.3728 16.6097 18.6554
1.72524 5.81818  13.633 16.3728 20.6097  22.841
2.06894 6.81818  15.633 19.3728 24.7156 27.3914
 2.3616 7.81818 17.8443 22.3728 28.2117 32.3914
2.66917  8.8364 19.8443 25.3728 31.8859 37.3914
2.95868 9.79484 21.8443 28.1248 35.8859 42.3914
3.28646 10.7948 23.8443 31.1248 39.8616 47.0879
3.60906 11.7948 25.8443 34.1801 43.8616 51.7101
3.60906 12.7948 28.1574 37.2391 47.8616  56.338
3.60906 13.7948 30.4975 40.2391 51.8393 61.0202
3.88795 14.7948 32.4975 43.2391 55.8451 65.7355
3.88795 15.7948 34.7946 46.2955 59.8451  70.382
 4.1353 16.7948 36.7946 49.2408 63.6525  75.382
4.39224 17.7948 38.7946 52.3002 67.6525 80.0656
4.64917 18.7948 40.7946 55.3597 71.6525 84.7493
4.64917 19.8365 43.0556 58.3597 75.6525 89.4465
4.64917 20.8365 45.0556 61.4937 79.7151 94.2499
4.87014 21.8269 47.0556 64.4937 83.5038 99.2499
5.09564 22.8269 49.2345 67.4937 87.5038 103.846
 5.3291 23.8269 51.2345 70.4937 91.5128 108.603
 5.3291  24.809 53.3464 73.3995 95.5128 113.603
5.54563  25.809  55.514 76.3995 99.5128 118.219
5.75751 26.7951  57.514 79.3995 103.315 123.219
5.95928 27.7951 59.5296 82.1821 107.315 128.219
5.95928  28.779 61.6368 85.0911 111.315 133.219
5.95928 29.7776 63.7755 88.0911 115.177 138.219
5.95928 30.8241 65.7755  91.187 119.177 143.077
5.95928 31.8241 67.9812  94.187 123.174 147.875
5.95928 32.8241 70.1254 97.1578 127.059 152.875
6.13463   33.79 72.1254 100.017 131.059 157.875
6.13463 34.8326 74.1254 103.103 135.059 162.746
6.13463 35.8181 76.2227  106.02 139.059 167.746
6.13463 36.8181 78.3578  108.99 142.954 172.746
6.29316 37.8181 80.3827 111.806 146.954 177.746
 6.4517 38.8181 82.4077 114.623 150.954 182.746
 6.4517 39.8181 84.4077 117.691 154.995 187.637
6.61719 40.8395 86.4077 120.691 158.995  192.45
6.77473 41.8395 88.4648 123.691  162.78  197.45
6.93992 42.8597 90.4648 126.691  166.78 202.265
7.09477 43.8597 92.4833 129.517  170.78 207.265
7.09477 44.8809 94.6365 132.517  174.78 212.091
7.09477 45.9204 96.6365 135.517 178.828 217.003
7.09477 46.9204 98.6365 138.578 182.867 221.904
7.09477 47.9112 100.719 141.504 186.867 226.904
7.24592 48.9112 102.719 144.519 190.867 231.738
7.24592 49.9021   104.8 147.447 194.867 236.738
7.38757 50.9021 106.849 150.447 198.676 241.738
7.52923 51.9021 108.898 153.447 202.486 246.738
7.52923 52.9022 110.996 156.447 206.387 251.738
7.52923  53.893 113.075 159.377 210.387 256.738
 7.6689  54.893 115.173 162.377 214.387 261.501
 7.6689 55.9249 117.173 165.429 218.387 266.416
7.79617  56.853 119.118 168.429 222.387 271.416
7.79617 57.8435 121.193 171.364 226.387 276.416
7.79617 58.8592 123.193 174.373 230.363 281.416
7.92741 59.8501 125.193 177.373 234.241 286.416
7.92741 60.8493 127.283 180.373 238.151 291.416
7.92741 61.8493 129.414 183.373 242.139 296.297
7.92741 62.8645 131.414 186.383 246.114 301.297
7.92741 63.8645 133.512 189.358 250.042 306.297
8.05335 64.8645 135.512 192.366 254.042 311.162
8.05335 65.8645 137.639 195.366  258.03 316.047
8.16755 66.7985 139.591 198.366  262.03 321.047
8.16755 67.7985 141.716 201.366 266.019 325.934
8.16755 68.8261 143.716 204.366 270.051 330.874
 8.2837 69.8261 145.759 207.366 273.891 335.874
 8.3947 70.7619 147.713 210.366 277.891 340.874
8.51462 71.7727 149.713 213.366 281.891 345.743
8.51462 72.7989 151.713 216.366 285.921 350.687
8.51462 73.7972 153.793 219.366 289.842 355.687
8.62974 74.7972 155.793 222.332 293.761 360.687
8.62974 75.7957 157.873 225.332 297.683 365.687
8.74487 76.7957 159.873 228.338 301.683 370.566
8.74487 77.7957 161.986 231.338 305.671 375.464
8.85362 78.7957 164.001 234.215 309.671 380.464
8.96563 79.7957 166.076 237.215 313.671 385.277
8.96563 80.7957  168.16 240.192 317.608 390.277
8.96563 81.7957  170.16 243.233 321.628 395.217
  9.073 82.7754  172.16 246.146 325.628 400.217
  9.073  83.787  174.16 249.154 329.608 405.217
  9.073 84.7978 176.261 252.154 333.608 410.105
  9.073 85.8086 178.362 255.154 337.608 414.994
9.17853 86.8086 180.362 258.122 341.535 419.994
9.28572 87.8086 182.362 261.122 345.523 424.898
9.39245 88.8179 184.362 264.122 349.523 429.782
9.39245 89.8294 186.362  267.13 353.504 434.782
9.39245 90.8294 188.466  270.13 357.494 439.689
9.39245 91.8294 190.544 273.109 361.436 444.689
9.49455 92.8294 192.544 276.078 365.365 449.689
9.59819 93.8294 194.544 279.078 369.353 454.598
9.70149 94.8294 196.544 282.081 373.353 459.491
9.70149 95.8294 198.639 285.088 377.353 464.389
9.70149 96.8294 200.639 288.124 381.372 469.334
9.80257 97.8382 202.639 291.124 385.372 474.224
9.80257 98.8584 204.639  294.16 389.372 479.168
9.90099 99.8508 206.639  297.16 393.281 484.168
 9.9994 100.843 208.639  300.16  397.19 489.168
10.0978 101.836 210.639  303.16 401.099 494.168
10.1917 102.783 212.598  306.16 405.099 499.168
10.2891 103.783  214.63  309.16  408.97 504.168
10.2891 104.801  216.63 312.194  412.97 509.116
10.3865 105.794  218.63 315.194  416.88 514.116
10.3865 106.794 220.716 318.201  420.88 519.022
10.3865 107.794 222.786 321.185 424.827 524.022
10.4826 108.794 224.845 324.185 428.827 528.866
10.4826 109.814 226.845 327.185 432.848 533.825
10.4826 110.814  228.93 330.193 436.848 538.733
10.4826 111.823 231.015 333.193 440.848 543.639
10.4826 112.832   233.1 336.193 444.848 548.545
10.4826 113.841 235.185 339.193 448.848 553.451
10.5744 114.841 237.245 342.193 452.848 558.299
10.5744  115.85  239.33 345.193 456.848 563.205
10.5744 116.849 241.393 348.193 460.786 568.205
10.5744 117.858 243.477 351.193 464.786 573.111
10.6626 118.858  245.51 354.193 468.666 578.111
10.7509 119.858 247.542 357.193 472.545 583.111
10.7509 120.858 249.626   360.2 476.545  588.02
10.8406 121.858 251.626 363.205 480.545 592.926
10.8406 122.858 253.626 366.238 484.559 597.878
10.9295 123.858 255.626 369.244 488.559 602.784
10.9295 124.858 257.708 372.251 492.559 607.694
11.0129  125.81 259.673 375.251 496.559 612.694
11.1001  126.81  261.73 378.251 500.559 617.549
11.1001  127.81  263.73 381.285 504.573 622.502
11.1001 128.829  265.73 384.285 508.594 627.462
11.1001 129.829  267.73 387.318 512.608 632.415
11.1854 130.829  269.73 390.294 516.547 637.415
11.1854 131.829 271.814 393.294 520.538  642.34
11.2663 132.782  273.78 396.294 524.538  647.34
 11.349 133.782 275.789 399.202 528.538  652.34
11.4336 134.782 277.789 402.178 532.478  657.34
 11.519 135.788 279.789 405.178 536.478 662.248
11.6024 136.771 281.789 408.111 540.478 667.248
11.6024 137.779 283.865 411.111 544.478 672.164
11.6827 138.733 285.831 414.111 548.478 677.164
11.7674 139.739 287.831 417.111 552.478 682.074
11.7674 140.739 289.911 420.111  556.47 687.002
11.7674 141.756 291.911 423.111  560.49 691.965
11.8512 142.756 293.911 426.111  564.48 696.891
11.8512 143.754 295.966 429.111 568.427 701.891
11.8512  144.77 297.966 432.111 572.447 706.855
11.9328  145.77 300.017 435.111 576.447 711.722
12.0151 146.776 302.017 438.111 580.447 716.633
12.0151 147.776 304.017 441.141 584.461 721.589
12.0945 148.776 306.025 444.054 588.461 726.589
12.0945 149.793 308.025 447.054 592.481 731.553
 12.175 150.793 310.075 450.054 596.481 736.422
 12.175 151.793 312.075 453.083 600.495 741.379
 12.175 152.793 314.075 456.112  604.51 746.335
12.2528 153.793 316.082 459.027  608.51 751.335
12.3322 154.793 318.082 462.003 612.455 756.335
12.3322 155.786 320.124 464.968 616.455 761.335
12.4095 156.786 322.131 467.883 620.455 766.335
12.4881 157.779 324.131 470.883 624.383 771.335
12.4881 158.779   326.2  473.89 628.383 776.259
12.4881 159.779  328.27 476.896 632.383 781.184
12.5669 160.779  330.27 479.896 636.374 786.114
12.6439 161.763  332.27 482.835 640.374 791.114
12.7215 162.756  334.27 485.835 644.304 796.114
12.7215  163.77  336.27 488.861 648.304 801.073
12.7989  164.77 338.317 491.861 652.304 805.949
12.7989 165.784 340.317 494.888 656.304 810.909
12.7989 166.782 342.366 497.888 660.256 815.909
 12.876 167.788 344.366 500.888 664.256 820.826
 12.876 168.788 346.437 503.888  668.25 825.762
 12.876 169.795 348.503 506.888  672.25 830.688
12.9516 170.795  350.55 509.888  676.25 835.566
13.0263 171.779  352.55 512.828  680.25 840.566
13.0263 172.786 354.616 515.828  684.25 845.493
13.1012 173.779 356.616 518.828 688.183 850.493
13.1012 174.794 358.616 521.828 692.201 855.459
13.1759 175.794 360.616 524.805  696.15 860.459
13.1759 176.809 362.616 527.805 700.168 865.426
13.2499 177.802 364.616 530.805 704.101 870.426
13.3234 178.802 366.638 533.805 708.006 875.426
13.3234 179.802 368.703 536.811 712.006 880.356
13.3234 180.796 370.741 539.778 716.006 885.356
13.3234 181.796 372.741 542.804 720.018 890.318
13.3234 182.803 374.741  545.81 724.006 895.318
13.3234 183.803 376.808  548.81     728 900.257
13.3954 184.796 378.808  551.81 731.934 905.257
13.4683 185.801 380.808  554.81 735.934 910.179
13.5398 186.801  382.83  557.81 739.841 915.179
13.6118 187.794  384.83  560.81 743.776 920.179
 13.684 188.794  386.83 563.788 747.725 925.179
13.7563 189.794 388.872 566.788 751.725 930.064
13.7563 190.788 390.909 569.756 755.725 935.064
13.7563 191.802 392.909 572.756 759.742 940.034
13.8276 192.796 394.909 575.756 763.677 945.034
13.8276  193.81 396.909 578.756 767.693 950.004
13.8276  194.81 398.909 581.781 771.705 954.968
13.8958 195.772 400.879 584.781 775.705 959.968
13.8958 196.772 402.943 587.781 779.698  964.91
13.9663 197.772 404.943 590.759  783.65  969.91
13.9663 198.778 407.003 593.759  787.65 974.844
14.0363 199.778 409.044 596.759  791.65 979.733
14.0363 200.778 411.044 599.783 795.661 984.698
14.1067 201.778 413.044 602.783 799.652 989.636
14.1067 202.778 415.092 605.771 803.616 994.636
14.1753 203.764 417.092 608.717 807.616 999.636
14.1753 204.764 419.151 611.722 811.616 1004.57
14.2419 205.727 421.122 614.722 815.616 1009.57
14.3114  206.73 423.122 617.722 819.616  1014.5
14.3804  207.73 425.122 620.701 823.568  1019.5
14.3804  208.73 427.122 623.724 827.579 1024.46
14.4468 209.694 429.092 626.724 831.579 1029.46
14.5152 210.687 431.092 629.724 835.518 1034.46
14.5152 211.687 433.092 632.747 839.529 1039.43
14.5152 212.681 435.126 635.719 843.529 1044.43
14.5152 213.686 437.183 638.719 847.529 1049.37
14.5827 214.679 439.183 641.719 851.468 1054.37
14.5827 215.679 441.229 644.708 855.434 1059.37
14.6498 216.673 443.229 647.708 859.373 1064.37
 14.715 217.636   445.2 650.708 863.373 1069.37
14.7823 218.636 447.238 653.708 867.373 1074.26
14.8475   219.6 449.209 656.708 871.373 1079.26
14.9153 220.603 451.209 659.708 875.373 1084.19
14.9832 221.603 453.209 662.708 879.373 1089.12
15.0511 222.603 455.209 665.708 883.364 1094.06
15.1183 223.596 457.209 668.708 887.304 1099.06
15.1834  224.56  459.18 671.708 891.304 1104.06
15.2501  225.56 461.197 674.708  895.22 1109.06
15.2501 226.565 463.252 677.708  899.22 1114.01
15.2501  227.57 465.252 680.715 903.208 1119.01
15.2501 228.568 467.292 683.715  907.17 1124.01
15.3171 229.568 469.292 686.715  911.17 1128.94
15.3171 230.562 471.325 689.689  915.17 1133.94
15.3171 231.562 473.368 692.678 919.137 1138.94
15.3171 232.566 475.422 695.678 923.137 1143.88
15.3831 233.569 477.422 698.678 927.137 1148.81
15.3831 234.569 479.422   701.7 931.147 1153.78
15.3831 235.569 481.478   704.7 935.141 1158.73
15.3831 236.579 483.478 707.722 939.141  1163.7
15.4472 237.565 485.478 710.672 943.141  1168.7
15.4472 238.565 487.534 713.672 947.135 1173.65
15.5117 239.565 489.534 716.652  951.09 1178.65
15.5756 240.565 491.551 719.652 955.009 1183.65
15.6391 241.565 493.555 722.585 959.009 1188.65
15.6391  242.57 495.607 725.585 963.009 1193.59
15.7038 243.572 497.607 728.585 967.009 1198.52
15.7674 244.572 499.624 731.585 970.929 1203.52
15.8316 245.572 501.624 734.565 974.884 1208.52
15.8316 246.577 503.676 737.565 978.884 1213.47
15.8316 247.571 505.707  740.54 982.884 1218.47
15.8959 248.571 507.707  743.54 986.874 1223.41
15.8959 249.576 509.707 746.545 990.863 1228.41
15.8959 250.576 511.762 749.545 994.857 1233.36
15.9597 251.576 513.762 752.545 998.847 1238.31
16.0223 252.576 515.778 755.545 1002.77 1243.31
 16.085 253.576 517.795 758.545 1006.69 1248.31
16.1476 254.576 519.812 761.545 1010.61 1253.31
16.1476 255.576 521.866 764.545  1014.6 1258.26
16.2106 256.576 523.866 767.526 1018.56 1263.26
16.2735 257.576 525.866 770.507 1022.51 1268.26
16.3358 258.563 527.866 773.459 1026.51 1273.26
16.3358 259.561 529.904 776.459 1030.48 1278.26
16.3358 260.565 531.954 779.459 1034.48 1283.21
16.3987 261.567 533.954 782.459 1038.48 1288.14
16.3987 262.567 536.004 785.463 1042.48 1293.09
16.4607 263.561 538.004 788.463 1046.42 1298.09
 16.523 264.561 540.004 791.444 1050.38 1303.09
 16.523 265.561 542.057 794.444 1054.37 1308.04
 16.523 266.561 544.107 797.448 1058.37 1312.99
16.5845 267.554 546.107 800.448 1062.32 1317.99
16.6457 268.541 548.107   803.4 1066.32 1322.99
16.6457 269.541 550.156 806.404 1070.32 1327.94
16.7071 270.535 552.156 809.404 1074.26 1332.94
16.7071 271.535 554.196 812.395 1078.23 1337.94
16.7071 272.545 556.196 815.395 1082.24 1342.91
16.7681 273.545 558.228 818.395 1086.24 1347.82
16.7681 274.549 560.228 821.401 1090.23 1352.82
 16.829 275.549 562.228 824.382 1094.19 1357.82
 16.829 276.548 564.266 827.382 1098.16 1362.82
16.8901 277.548 566.266 830.382 1102.14 1367.77
16.8901 278.558 568.266 833.382 1106.16 1372.75
16.9488 279.526 570.239 836.382 1110.16 1377.75
17.0095 280.526 572.239 839.381 1114.16 1382.69
17.0095 281.526  574.29 842.381 1118.15 1387.64
17.0095 282.534  576.29   845.4 1122.15 1392.62
17.0095 283.534 578.338 848.404 1126.15 1397.57
17.0095 284.529 580.367  851.38 1130.15 1402.57
17.0695 285.529 582.367 854.379 1134.15 1407.51
17.0695 286.529 584.367 857.398 1138.16 1412.48
17.0695 287.529 586.406 860.389 1142.13 1417.48
17.1285 288.523 588.406 863.389 1146.07 1422.48
17.1881 289.523 590.406 866.389 1150.06 1427.43
17.1881 290.523 592.453 869.393 1154.06 1432.38
17.1881 291.523 594.503 872.393 1158.06 1437.34
17.1881 292.523  596.55 875.397 1162.06 1442.29
17.1881 293.527 598.597 878.397 1166.06 1447.24
17.2456 294.527   600.6 881.336 1170.06 1452.24
17.2456 295.525 602.636 884.336 1174.02 1457.24
17.3021 296.493 604.611 887.336 1178.02 1462.24
17.3021 297.493  606.66 890.336 1182.02 1467.19
17.3605 298.493  608.66 893.336 1186.01 1472.14
17.4168 299.462 610.635 896.336 1190.01 1477.14
17.4168 300.462 612.635 899.355 1194.01 1482.12
17.4168 301.462 614.673 902.346 1197.98 1487.12
17.4168 302.471 616.673 905.346    1202  1492.1
17.4737 303.459 618.673 908.302    1206  1497.1
17.5314 304.459 620.673 911.301    1210 1502.04
17.5314 305.459 622.673 914.319    1214 1507.02
17.5314 306.459  624.71  917.31 1217.97 1512.02
17.5879 307.446  626.71 920.266 1221.97 1517.02
17.6441 308.446 628.713 923.207 1225.97 1522.02
17.6441 309.455 630.713 926.224 1229.97 1526.99
17.7013 310.455 632.713 929.224 1233.96 1531.94
17.7585 311.455 634.713 932.223 1237.96 1536.89
17.7585 312.464 636.713 935.223 1241.98 1541.87
17.8149 313.457 638.713 938.223 1245.92 1546.87
17.8718 314.459 640.713 941.223 1249.92 1551.81
17.8718 315.459 642.757 944.227 1253.92 1556.76
17.9283 316.459 644.757 947.209 1257.89 1561.76
17.9851 317.459 646.757 950.208 1261.89  1566.7
18.0407 318.459  648.76  953.15 1265.89  1571.7
18.0975  319.46  650.76  956.15 1269.89 1576.65
18.1539  320.46 652.788  959.15 1273.89 1581.56
18.1539 321.468 654.788 962.167 1277.89 1586.54
18.2102 322.468 656.788  965.15 1281.85 1591.54
18.2102 323.468 658.824 968.141 1285.82 1596.54
18.2102 324.468  660.86 971.133 1289.79 1601.54
18.2102 325.468  662.86  974.15  1293.8 1606.51
18.2663 326.468  664.86  977.15 1297.79 1611.47
18.3223  327.47  666.86  980.15 1301.79 1616.41
18.3223  328.47 668.895 983.141 1305.76 1621.41
18.3783  329.47 670.895 986.141 1309.75 1626.36
18.3783  330.47 672.895 989.158 1313.76 1631.34
18.3783 331.473 674.895 992.163 1317.75 1636.34
18.4321 332.444 676.871 995.163 1321.75 1641.34
18.4869 333.432 678.871 998.121 1325.75 1646.34
18.5417 334.432 680.884 1001.12 1329.68 1651.34
18.5417  335.44 682.884 1004.12 1333.69 1656.32
18.5963 336.428 684.884 1007.08 1337.69 1661.32
18.5963 337.428 686.929 1010.08 1341.69 1666.28
18.5963 338.432 688.929 1013.08 1345.68 1671.28
 18.651 339.426 690.929 1016.08 1349.63 1676.28
18.7057 340.426 692.929 1019.07 1353.59 1681.28
18.7603  341.42 694.929 1022.07 1357.54 1686.28
18.7603 342.415 696.955 1025.05 1361.54 1691.28
18.7603 343.415 698.955 1028.06 1365.55 1696.26
18.7603 344.424 700.955 1031.06 1369.56 1701.24
18.7603 345.432 702.955 1034.06 1373.57 1706.22
18.7603  346.43 704.986 1037.06 1377.54 1711.22
18.7603 347.434 707.028 1040.06 1381.54 1716.18
18.8145 348.434 709.028 1043.06 1385.53 1721.13
18.8676 349.434  711.03 1046.01 1389.53 1726.13
 18.921 350.422  713.03 1048.96 1393.53 1731.13
18.9748 351.422  715.03 1051.95 1397.49 1736.13
18.9748 352.422 717.071 1054.95 1401.49 1741.09
19.0283 353.416 719.071 1057.95 1405.45 1746.09
19.0283 354.416 721.112 1060.95 1409.45 1751.04
19.0283 355.414 723.143 1063.95 1413.42 1756.04
19.0819 356.415 725.143 1066.95 1417.42 1760.99
19.1346 357.415 727.145  1069.9 1421.42 1765.99
19.1346 358.415 729.186  1072.9 1425.42 1770.95
19.1873 359.404 731.186 1075.86 1429.42 1775.95
19.1873 360.412 733.186 1078.86 1433.43 1780.93
19.1873 361.415 735.186 1081.87 1437.42 1785.93
19.1873 362.414 737.217 1084.87 1441.39 1790.93
19.1873 363.414 739.217 1087.88  1445.4 1795.91
19.1873 364.414 741.257 1090.88  1449.4 1800.86
19.1873 365.414 743.297 1093.89  1453.4 1805.82
19.2384 366.386 745.275 1096.89  1457.4 1810.82
  19.29 367.386 747.276 1099.83  1461.4 1815.82
  19.29 368.386 749.276 1102.85  1465.4  1820.8
  19.29 369.386 751.309 1105.84 1469.38  1825.8
19.3423 370.386 753.309 1108.84 1473.38 1830.75
19.3423 371.386 755.351 1111.84 1477.37 1835.71
19.3946 372.386 757.351 1114.84 1481.36 1840.67
19.4467 373.386 759.351 1117.84 1485.36 1845.62
19.4986 374.386 761.351 1120.82 1489.33 1850.62
19.4986 375.393 763.351 1123.83 1493.33  1855.6
  19.55 376.393 765.364 1126.83 1497.26  1860.6
19.6021 377.393 767.364 1129.83 1501.25 1865.55
19.6021 378.391 769.394 1132.83 1505.22 1870.55
19.6021 379.391 771.394 1135.85 1509.23 1875.53
19.6538 380.392 773.394 1138.85 1513.23 1880.48
19.6538 381.392 775.435 1141.85 1517.23 1885.44
19.6538 382.396 777.435 1144.85 1521.22 1890.44
19.7049  383.39 779.435 1147.85 1525.17 1895.44
 19.756 384.384 781.435 1150.85 1529.13 1900.44
 19.756 385.384 783.467 1153.85  1533.1 1905.44
 19.756 386.379 785.491 1156.83  1537.1 1910.44
 19.807 387.379 787.516 1159.83  1541.1 1915.37
 19.807 388.378 789.545 1162.83 1545.07 1920.37
19.8577 389.372 791.545 1165.83 1549.03 1925.37
19.9081 390.361 793.545 1168.79 1553.03 1930.37
19.9081 391.361 795.586 1171.79 1557.02 1935.33
 19.959 392.361 797.586 1174.79 1561.02 1940.28
 19.959 393.361 799.618 1177.78    1565 1945.28
 19.959 394.363 801.656 1180.78    1569 1950.24
 19.959 395.359  803.68 1183.76    1573 1955.24
 19.959 396.359 805.718 1186.76    1577  1960.2
20.0094  397.36 807.718 1189.76    1581 1965.15
 20.059  398.36  809.72 1192.71    1585 1970.15
20.1094  399.36  811.72 1195.71    1589  1975.1
20.1094  400.36  813.72 1198.72 1593.01 1980.08
20.1094 401.356 815.744  1201.7 1597.01 1985.08
20.1094 402.354 817.773  1204.7 1600.98 1990.08
20.1591 403.349 819.773  1207.7 1604.93 1995.08
20.1591 404.351  821.81  1210.7 1608.93 2000.04
20.1591 405.354 823.848  1213.7 1612.93    2005
20.2083 406.354  825.86  1216.7 1616.87    2010
20.2575 407.343  827.86 1219.67 1620.87    2015
20.3067 408.332  829.86 1222.63 1624.87    2020
20.3067 409.332   831.9 1225.63 1628.87 2024.96
20.3067 410.335 833.938 1228.63 1632.87 2029.92
20.3562 411.335 835.938 1231.63 1636.87 2034.88
20.3562 412.342 837.938 1234.63 1640.88 2039.86
20.4057 413.342 839.938 1237.62 1644.88 2044.81
20.4057 414.342 841.969 1240.62 1648.85 2049.81
20.4546 415.336 843.969 1243.62 1652.81 2054.81
20.5037 416.336 845.969  1246.6 1656.78 2059.81
 20.553 417.337 847.969  1249.6 1660.78 2064.76
 20.602 418.331 849.969  1252.6 1664.73 2069.76
 20.602 419.331 852.006  1255.6 1668.73 2074.72
 20.602 420.331 854.043  1258.6 1672.73 2079.69
 20.602 421.335 856.043 1261.61 1676.73 2084.69
 20.602 422.338 858.043 1264.61 1680.72 2089.69
 20.602 423.336 860.071 1267.61 1684.69 2094.69
20.6508 424.336 862.071 1270.61 1688.68 2099.65
20.6992 425.336 864.095 1273.61 1692.68 2104.57
20.6992 426.336 866.125 1276.61 1696.66 2109.57
20.7473 427.326 868.125 1279.57 1700.66 2114.57
20.7473 428.329 870.125 1282.57 1704.65 2119.57
20.7473 429.331 872.162 1285.57 1708.65 2124.54
20.7473 430.339 874.162 1288.57 1712.66 2129.52
20.7473 431.339   876.2 1291.57 1716.66 2134.49
20.7941 432.313 878.179 1294.57 1720.66 2139.49
20.8417 433.302 880.179 1297.53 1724.66 2144.49
20.8417 434.298 882.202 1300.52 1728.66 2149.49
20.8417 435.298 884.202 1303.53 1732.66 2154.47
20.8417 436.296  886.23 1306.53 1736.63 2159.47
20.8883 437.271 888.209 1309.53 1740.63 2164.47
20.9355  438.26 890.209 1312.49 1744.63 2169.47
20.9828  439.26  892.22 1315.49 1748.58 2174.47
20.9828 440.266  894.22 1318.51 1752.58 2179.45
21.0293 441.241 896.199 1321.51 1756.58 2184.45
21.0293 442.236 898.222 1324.49 1760.58 2189.45
21.0293 443.236 900.251 1327.48 1764.55 2194.45
21.0293 444.236 902.281 1330.47 1768.53 2199.45
21.0293 445.232 904.303 1333.46 1772.53 2204.45
21.0293 446.232 906.303 1336.47 1776.54 2209.43
21.0293 447.238 908.303 1339.48 1780.54 2214.41
21.0293 448.238 910.341 1342.48 1784.53 2219.38
21.0762 449.238 912.341 1345.48 1788.53 2224.33
21.0762 450.244 914.341 1348.49 1792.53 2229.31
 21.123 451.244 916.341 1351.49 1796.53 2234.27
21.1694 452.244 918.351 1354.49 1800.47 2239.27
21.2161 453.244 920.351 1357.48 1804.44 2244.27
21.2161 454.243 922.379 1360.48 1808.42 2249.27
21.2161 455.245 924.414 1363.48 1812.42 2254.23
21.2625 456.245 926.414 1366.46 1816.39 2259.23
21.2625 457.248 928.414 1369.47 1820.38 2264.23
21.3078 458.223 930.393 1372.47 1824.38 2269.23
21.3078 459.226 932.393 1375.47 1828.37 2274.23
21.3531 460.201 934.373 1378.47 1832.37 2279.23
21.3531 461.201  936.41 1381.47 1836.37  2284.2
21.3989 462.201 938.421 1384.47 1840.31  2289.2
21.3989 463.201  940.45 1387.46 1844.29  2294.2
21.3989 464.197 942.471 1390.45 1848.29  2299.2
21.3989 465.202 944.471 1393.46 1852.29 2304.18
21.3989 466.198 946.493 1396.44 1856.29 2309.18
21.3989 467.205 948.493 1399.44  1860.3 2314.17
21.4448 468.205 950.493 1402.44 1864.29 2319.13
21.4448 469.205 952.527 1405.44 1868.29 2324.09
21.4448 470.205 954.564 1408.44 1872.28 2329.06
21.4905 471.205 956.564 1411.44 1876.27 2334.03
21.5362 472.205 958.564 1414.44 1880.27 2338.98
21.5819 473.205 960.564 1417.44 1884.26 2343.95
21.6273 474.205 962.564 1420.43 1888.23 2348.95
21.6273 475.205 964.598 1423.43 1892.23 2353.91
21.6273 476.203 966.624 1426.43 1896.21 2358.91
21.6729 477.203 968.624 1429.43  1900.2 2363.88
21.7178 478.203 970.635 1432.43 1904.14 2368.88
 21.763 479.198 972.635 1435.43  1908.1 2373.88
21.8082 480.198 974.656 1438.43  1912.1 2378.81
21.8082 481.203 976.656 1441.44  1916.1 2383.79
21.8082 482.209 978.656 1444.45  1920.1 2388.77
21.8082 483.209 980.692 1447.45 1924.09 2393.74
21.8531 484.203 982.692 1450.45 1928.06 2398.74
21.8531 485.202 984.719 1453.45 1932.03 2403.74
 21.898 486.202  986.74 1456.45 1936.03 2408.68
 21.898 487.208  988.74 1459.45 1940.04 2413.66
 21.898 488.208 990.768 1462.45 1944.02 2418.66
21.9418 489.184 992.748 1465.45 1948.02 2423.66
21.9418 490.184 994.782 1468.45 1952.02 2428.63
21.9854  491.16 996.762 1471.45 1956.02 2433.63
22.0302  492.16 998.762 1474.45 1960.02 2438.58
22.0302 493.158 1000.79 1477.45 1963.99 2443.58
22.0302 494.154 1002.81 1480.43 1967.99 2448.58
22.0748 495.154 1004.81 1483.43 1971.99 2453.54
22.1195 496.154 1006.81 1486.43 1975.98 2458.51
22.1195 497.156 1008.84 1489.43 1979.98 2463.47
22.1638 498.151 1010.84 1492.43 1983.94 2468.47
22.2076 499.151 1012.84 1495.38 1987.94 2473.47
22.2076 500.153 1014.84 1498.39 1991.94 2478.47
22.2519 501.153 1016.86 1501.39 1995.94 2483.41
22.2961 502.153 1018.86 1504.37 1999.91 2488.41
22.2961 503.159 1020.86 1507.38 2003.91 2493.39
22.3402 504.159 1022.88 1510.38 2007.91 2498.32
22.3402 505.159 1024.92 1513.39 2011.91 2503.29
22.3843 506.159 1026.92 1516.37 2015.88 2508.29
22.4283 507.153 1028.92 1519.37 2019.84 2513.29
22.4283 508.159 1030.92 1522.38 2023.84 2518.27
 22.472 509.159 1032.93 1525.38 2027.78 2523.27
 22.472 510.159 1034.96 1528.38 2031.78 2528.24
 22.472 511.162 1036.96 1531.39 2035.77 2533.24
22.5161 512.162 1038.96 1534.39 2039.76 2538.21
22.5595 513.162 1040.96 1537.34 2043.76 2543.21
22.5595 514.162 1042.96 1540.36 2047.77 2548.19
22.6032 515.162 1044.98 1543.36 2051.77 2553.13
 22.647 516.162 1046.98 1546.36 2055.77 2558.08
 22.647 517.162 1048.98 1549.37 2059.77 2563.07
 22.647 518.158    1051 1552.35 2063.77 2568.07
22.6908 519.158    1053 1555.35 2067.76 2573.03
22.7343 520.152    1055 1558.35 2071.72 2578.03
22.7776 521.142    1057 1561.32 2075.72 2583.03
22.8209 522.142 1059.01 1564.32 2079.67 2588.03
22.8636 523.119 1060.99 1567.32 2083.67 2593.03
22.8636 524.117 1063.02 1570.32 2087.65 2598.03
22.9071 525.117 1065.02  1573.3 2091.62 2603.03
22.9071 526.117 1067.02 1576.32 2095.62 2608.02
22.9496 527.094    1069 1579.32 2099.62 2613.02
22.9931 528.094    1071 1582.31 2103.62 2617.98
22.9931 529.097    1073 1585.32 2107.62 2622.98
23.0366 530.097    1075 1588.32 2111.62 2627.93
23.0801 531.097    1077 1591.31 2115.62 2632.89
23.0801 532.095 1079.02 1594.31 2119.59 2637.89
23.0801   533.1 1081.02 1597.32 2123.59 2642.88
23.0801 534.103 1083.02 1600.33 2127.59 2647.88
23.0801 535.103 1085.06 1603.33 2131.58 2652.85
23.0801 536.109 1087.06 1606.33 2135.59 2657.84
23.0801 537.115 1089.06 1609.33  2139.6 2662.82
23.0801 538.116 1091.09 1612.33  2143.6 2667.79
 23.122 539.093 1093.07 1615.33  2147.6 2672.79
 23.122 540.093  1095.1 1618.33  2151.6 2677.76
 23.122 541.099  1097.1 1621.33  2155.6 2682.74
23.1645 542.099 1099.12 1624.33  2159.6 2687.68
23.2071 543.099 1101.12 1627.32 2163.57 2692.68
23.2071 544.099 1103.12 1630.33 2167.58 2697.67
23.2071 545.099 1105.15 1633.33 2171.58 2702.63
23.2071 546.098 1107.18 1636.33 2175.56 2707.63
23.2071 547.104 1109.18 1639.33 2179.56 2712.62
23.2492 548.104 1111.19 1642.33 2183.51 2717.62
23.2492 549.104 1113.22 1645.33 2187.51 2722.59
23.2915 550.104 1115.22 1648.33 2191.51 2727.55
23.3337 551.104 1117.22 1651.32 2195.48 2732.55
23.3337 552.106 1119.22 1654.32 2199.48 2737.55
 23.375 553.083  1121.2 1657.32 2203.48 2742.55
23.4173 554.083  1123.2 1660.32 2207.48 2747.51
23.4173 555.083 1125.23 1663.32 2211.47 2752.48
23.4593 556.078 1127.23 1666.32 2215.43 2757.48
23.4593 557.078 1129.26 1669.31 2219.42 2762.48
23.5013 558.078 1131.26  1672.3 2223.39 2767.48
 23.543 559.078 1133.27  1675.3 2227.34 2772.48
 23.543  560.08  1135.3  1678.3 2231.34 2777.45
 23.543 561.082 1137.33  1681.3 2235.34 2782.41
 23.543 562.083 1139.36  1684.3 2239.34 2787.38
 23.543  563.08 1141.38 1687.28 2243.34 2792.38
 23.543 564.084 1143.38 1690.29 2247.34 2797.37
 23.543 565.086 1145.41 1693.29 2251.34 2802.33
23.5847 566.086 1147.41 1696.29 2255.34 2807.29
23.5847 567.089 1149.41  1699.3 2259.33 2812.29
23.5847 568.087 1151.43  1702.3 2263.31 2817.29
23.5847 569.093 1153.43  1705.3 2267.31 2822.28
23.6261 570.093 1155.43  1708.3 2271.31 2827.24
23.6674 571.093 1157.45  1711.3 2275.31 2832.18
23.7089 572.093 1159.45  1714.3  2279.3 2837.15
23.7089 573.095 1161.45  1717.3  2283.3 2842.15
23.7089 574.095 1163.48  1720.3 2287.29 2847.12
23.7498 575.095 1165.49  1723.3 2291.24 2852.12
23.7498 576.097 1167.49 1726.31 2295.24 2857.12
23.7911 577.097 1169.49 1729.31 2299.23 2862.09
23.7911 578.097 1171.49 1732.32 2303.23 2867.07
23.8319 579.088 1173.49 1735.29 2307.23 2872.07
23.8721 580.066 1175.47 1738.29 2311.23 2877.07
23.8721 581.066  1177.5 1741.28 2315.21 2882.07
23.8721 582.062 1179.52 1744.27 2319.21 2887.07
23.9132 583.062 1181.52 1747.27 2323.21 2892.03
23.9132 584.064 1183.55 1750.27 2327.21    2897
23.9132 585.066 1185.55 1753.27 2331.21    2902
23.9132 586.064 1187.57 1756.27 2335.19    2907
 23.954 587.064 1189.57 1759.27 2339.19 2911.96
23.9948 588.064 1191.57 1762.27 2343.18 2916.93
24.0356 589.064 1193.57 1765.27 2347.18 2921.89
24.0764 590.064 1195.57 1768.26 2351.18 2926.85
24.0764 591.067 1197.57 1771.27 2355.17 2931.85
24.1171 592.067 1199.57 1774.26 2359.14 2936.85
24.1577 593.067 1201.57 1777.24 2363.11 2941.85
24.1985 594.067 1203.57 1780.24 2367.11 2946.82
24.2392 595.066 1205.57 1783.24 2371.11 2951.78
24.2797 596.061 1207.57 1786.24 2375.07 2956.78
24.3201 597.061 1209.58 1789.24 2379.02 2961.78
24.3605 598.061 1211.59 1792.24 2382.97 2966.78
24.3605 599.058 1213.61 1795.23 2386.97 2971.78
24.3605 600.058 1215.63 1798.23 2390.97 2976.75
24.4009 601.053 1217.63 1801.23 2394.94 2981.75
24.4009 602.049 1219.65 1804.22 2398.94 2986.75
24.4009 603.045 1221.67  1807.2 2402.94 2991.75
24.4411  604.04 1223.67  1810.2  2406.9 2996.75
24.4816  605.04 1225.67  1813.2  2410.9 3001.71
24.5217 606.031 1227.67 1816.17  2414.9 3006.71
 24.562 607.026 1229.67 1819.17 2418.87 3011.71
24.6021 608.026 1231.68 1822.17 2422.82 3016.71
 24.642 609.026 1233.68 1825.13 2426.82 3021.71
 24.642 610.026 1235.71 1828.13 2430.82 3026.68
 24.642 611.028 1237.71 1831.13 2434.81 3031.68
 24.682 612.019 1239.71  1834.1 2438.81 3036.68
 24.682 613.019 1241.74  1837.1 2442.81 3041.65
 24.682 614.019 1243.74 1840.11 2446.81 3046.64
24.7222 615.019 1245.74 1843.11 2450.81  3051.6
24.7222 616.019 1247.76  1846.1 2454.79  3056.6
24.7222 617.015 1249.78 1849.09 2458.79  3061.6
24.7222 618.015 1251.81 1852.08 2462.77  3066.6
24.7617 619.015 1253.81 1855.04 2466.77  3071.6
24.7617 620.018 1255.81 1858.05 2470.77  3076.6
24.7617 621.014 1257.82 1861.03 2474.77  3081.6
24.8007 621.993 1259.81 1864.03 2478.77  3086.6
24.8405 622.993 1261.82 1867.03 2482.77 3091.54
24.8405 623.993 1263.85 1870.04 2486.77 3096.51
24.8405 624.997 1265.85 1873.05 2490.77  3101.5
  24.88 625.992 1267.85 1876.05 2494.73  3106.5
24.9193 626.992 1269.85 1879.01 2498.73  3111.5
 24.959 627.992 1271.85 1882.01 2502.73 3116.46
 24.959 628.994 1273.85 1885.01 2506.73 3121.46
24.9983 629.994 1275.86 1888.01 2510.68 3126.46
25.0381 630.994 1277.86 1891.01 2514.67 3131.43
25.0776 631.994 1279.86    1894 2518.64 3136.43
25.0776  632.99 1281.88 1896.98 2522.64 3141.43
25.0776  633.99 1283.88 1899.99 2526.65 3146.41
 25.117  634.99  1285.9 1902.99 2530.65 3151.36
 25.117  635.99 1287.92    1906 2534.65 3156.33
 25.117 636.989 1289.95    1909 2538.63 3161.33
25.1561 637.989 1291.95    1912 2542.58 3166.33
25.1954 638.989 1293.97    1915 2546.58 3171.27
25.1954 639.989    1296    1918 2550.58 3176.24
25.2346 640.984    1298    1921 2554.54 3181.24
25.2346 641.982 1300.02    1924 2558.52 3186.24
25.2346 642.987 1302.02 1927.01 2562.52 3191.23
 25.273 643.966    1304 1930.01 2566.52 3196.23
25.3123 644.966    1306    1933 2570.52 3201.19
25.3123 645.966 1308.03    1936 2574.52 3206.17
25.3511 646.966 1310.04    1939 2578.47 3211.17
25.3511 647.966 1312.07    1942 2582.45 3216.17
25.3511 648.968 1314.07    1945 2586.45 3221.17
25.3511 649.968 1316.07 1948.01 2590.45 3226.15
25.3511  650.97 1318.07 1951.02 2594.45 3231.15
25.3896  651.97 1320.07 1953.98 2598.45 3236.15
25.3896 652.975 1322.07 1956.99 2602.45 3241.14
25.4281 653.966 1324.07 1959.96 2606.45 3246.14
25.4281  654.97 1326.07 1962.97 2610.45 3251.12
25.4281  655.97 1328.07 1965.98 2614.45 3256.11
25.4664  656.97 1330.07 1968.94 2618.45 3261.11
25.4664 657.975 1332.07 1971.94 2622.45  3266.1
25.4664 658.974 1334.09 1974.94 2626.43  3271.1
25.5048 659.974  1336.1 1977.94 2630.39  3276.1
25.5048 660.972 1338.12 1980.94 2634.37  3281.1
25.5432 661.968 1340.12 1983.94 2638.33  3286.1
25.5432 662.968 1342.15 1986.94 2642.33 3291.07
25.5432 663.964 1344.16 1989.93 2646.33 3296.07
25.5816 664.964 1346.16 1992.93 2650.33 3301.04
25.5816 665.964 1348.19 1995.92 2654.31 3306.04
25.6201 666.964 1350.19 1998.92  2658.3 3311.01
25.6582 667.955 1352.19 2001.89  2662.3 3316.01
25.6965 668.955 1354.19 2004.88 2666.28 3321.01
25.7349 669.955 1356.19 2007.88 2670.27 3325.98
25.7725 670.934 1358.17 2010.88 2674.27 3330.98
25.8108 671.929 1360.17 2013.88 2678.23 3335.98
25.8484 672.909 1362.15 2016.88 2682.23 3340.98
25.8867 673.909 1364.15 2019.87 2686.21 3345.98
 25.925 674.909 1366.17 2022.87 2690.21 3350.92
 25.925 675.911 1368.17 2025.87  2694.2 3355.92
25.9634 676.911 1370.17 2028.87 2698.19 3360.89
26.0013 677.911 1372.17 2031.83 2702.19 3365.89
26.0013 678.911 1374.17 2034.84  2706.2 3370.88
26.0392 679.902 1376.17 2037.81  2710.2 3375.88
26.0392 680.902  1378.2 2040.81 2714.19 3380.86
26.0392 681.902 1380.22 2043.81 2718.17 3385.86
26.0772 682.897 1382.22 2046.81 2722.14 3390.86
26.0772 683.899 1384.22 2049.81 2726.13 3395.86
26.0772 684.904 1386.22 2052.81 2730.14 3400.85
26.1153 685.904 1388.22 2055.81 2734.14 3405.81
26.1532 686.899 1390.22 2058.81 2738.11 3410.81
26.1532 687.895 1392.24  2061.8 2742.11 3415.81
26.1532 688.892 1394.25 2064.79 2746.11 3420.81
26.1532 689.892 1396.25  2067.8 2750.11 3425.79
26.1909 690.887 1398.25  2070.8 2754.08 3430.79
26.2284 691.887 1400.25 2073.76 2758.08 3435.79
26.2284 692.884 1402.27 2076.74 2762.08 3440.79
26.2284 693.884  1404.3 2079.74 2766.07 3445.77
26.2284 694.884 1406.33 2082.75 2770.07 3450.74
26.2657 695.884 1408.33 2085.71 2774.07 3455.74
 26.303 696.884 1410.33 2088.67 2778.07 3460.74
26.3404 697.875 1412.33 2091.64 2782.07 3465.74
26.3781 698.875 1414.33 2094.64 2786.07 3470.71
26.4157 699.875 1416.34 2097.64 2790.07 3475.66
26.4531 700.866 1418.34 2100.61 2794.07 3480.66
26.4909 701.866 1420.34 2103.61 2798.06 3485.63
26.4909 702.863 1422.36  2106.6 2802.06 3490.63
26.4909 703.859 1424.38 2109.58 2806.06 3495.63
26.5281 704.859 1426.38 2112.55 2810.06 3500.63
26.5656 705.855 1428.38 2115.55 2814.03 3505.63
26.5656 706.855  1430.4 2118.54 2818.01 3510.63
26.6032 707.855  1432.4 2121.54 2822.01  3515.6
  26.64 708.835 1434.38 2124.54 2826.01  3520.6
  26.64 709.839 1436.38 2127.55 2830.01 3525.59
26.6768 710.819 1438.36 2130.55 2834.01 3530.59
26.6768 711.821 1440.36 2133.55    2838 3535.59
26.7141 712.821 1442.38 2136.55    2842 3540.53
26.7513 713.821 1444.39 2139.55 2845.96 3545.53
26.7513 714.821 1446.39 2142.56 2849.96 3550.52
26.7884 715.812 1448.39 2145.53 2853.96 3555.52
26.8256 716.812 1450.39 2148.53 2857.91 3560.52
26.8627 717.812  1452.4 2151.53 2861.87 3565.52
26.8627 718.816  1454.4 2154.54 2865.87 3570.51
26.8627 719.816 1456.42 2157.54 2869.85 3575.51
26.8627 720.817 1458.45 2160.54 2873.85 3580.48
26.8999 721.817 1460.45 2163.54 2877.85 3585.45
26.8999 722.817 1462.47 2166.53 2881.84 3590.45
26.8999 723.817  1464.5 2169.53 2885.84 3595.42
26.8999 724.814 1466.51 2172.52 2889.84 3600.42
26.8999 725.818 1468.51 2175.52 2893.84 3605.41
26.8999 726.815 1470.53 2178.51 2897.84 3610.41
26.9366 727.806 1472.53 2181.48 2901.84 3615.41
26.9366 728.806 1474.56 2184.48 2905.84 3620.39
26.9733 729.806 1476.56 2187.48 2909.79 3625.39
26.9733 730.806 1478.59 2190.48 2913.79 3630.36
26.9733 731.806 1480.59 2193.49 2917.79 3635.35
26.9733 732.811 1482.59 2196.49  2921.8 3640.34
26.9733 733.813 1484.59 2199.49 2925.79 3645.34
26.9733 734.815 1486.59 2202.49 2929.79 3650.34
27.0093 735.795 1488.57 2205.49 2933.79 3655.34
27.0093 736.796  1490.6 2208.49 2937.79 3660.32
 27.046 737.796  1492.6 2211.49 2941.78 3665.29
27.0825 738.792  1494.6 2214.49 2945.75 3670.29
 27.119 739.792  1496.6 2217.48 2949.72 3675.29
27.1555 740.792 1498.61 2220.48 2953.72 3680.24
27.1555 741.792 1500.64 2223.48 2957.72 3685.21
27.1921 742.792 1502.64 2226.48 2961.72 3690.18
27.1921 743.792 1504.64 2229.49 2965.72 3695.17
27.2285 744.787 1506.64 2232.49 2969.69 3700.17
27.2285 745.787 1508.67 2235.49 2973.69 3705.14
27.2285 746.788 1510.69 2238.49 2977.69 3710.11
27.2646 747.788 1512.69 2241.45 2981.69 3715.11
27.2646 748.785 1514.71 2244.44 2985.69 3720.11
27.2646 749.788 1516.71 2247.45 2989.69  3725.1
27.2646 750.793 1518.71 2250.45  2993.7 3730.09
27.3008 751.792 1520.71 2253.45  2997.7 3735.05
27.3008 752.792 1522.73 2256.44 3001.68 3740.05
27.3371 753.791 1524.73 2259.44 3005.68 3745.02
27.3371 754.796 1526.73 2262.44 3009.69 3750.01
27.3371 755.798 1528.73 2265.45 3013.68 3755.01
 27.373 756.798 1530.73 2268.45 3017.64 3760.01
 27.409 757.798 1532.73 2271.44 3021.61 3765.01
27.4451 758.798 1534.75 2274.44 3025.61 3769.96
27.4451 759.798 1536.75 2277.44 3029.62 3774.95
27.4805 760.779 1538.73 2280.44 3033.62 3779.95
27.4805 761.782 1540.73 2283.45 3037.62 3784.93
27.4805 762.783 1542.76 2286.45 3041.62 3789.91
27.4805 763.788 1544.76 2289.45 3045.62  3794.9
27.4805 764.788 1546.78 2292.45 3049.62 3799.88
27.5164 765.787 1548.78 2295.45 3053.62 3804.84
27.5164 766.787 1550.78 2298.46 3057.62 3809.83
27.5521 767.782 1552.78 2301.46 3061.59 3814.83
27.5521 768.782 1554.81 2304.46 3065.57 3819.83
27.5521 769.784 1556.83 2307.46 3069.57  3824.8
27.5877 770.779 1558.83 2310.46 3073.54  3829.8
27.5877 771.783 1560.83 2313.47 3077.54 3834.79
27.5877 772.787 1562.83 2316.47 3081.55 3839.78
27.5877 773.787 1564.83 2319.48 3085.55 3844.77
27.5877 774.786 1566.85 2322.48 3089.53 3849.77
27.5877 775.786 1568.87 2325.48 3093.53 3854.74
27.6233 776.786 1570.87 2328.48 3097.52 3859.72
27.6233 777.789 1572.87 2331.49 3101.52  3864.7
27.6589 778.789 1574.87 2334.49 3105.51 3869.68
27.6589 779.793 1576.87 2337.49 3109.51 3874.67
27.6589 780.793 1578.89 2340.49  3113.5 3879.67
27.6589 781.793 1580.89  2343.5  3117.5 3884.65
27.6589 782.798 1582.89  2346.5 3121.51 3889.64
27.6941 783.798 1584.89 2349.49 3125.48 3894.64
27.6941 784.802 1586.89 2352.49 3129.49 3899.63
27.7292 785.797 1588.89 2355.49 3133.46 3904.63
27.7292 786.802 1590.89 2358.49 3137.46 3909.62
27.7645 787.802 1592.89 2361.49 3141.45  3914.6
27.7645 788.802 1594.89  2364.5 3145.46 3919.59
27.7645 789.802 1596.92  2367.5 3149.45 3924.57
27.7645 790.802 1598.94  2370.5 3153.45 3929.54
27.7645 791.802 1600.97  2373.5 3157.45 3934.52
27.7992 792.802 1602.97 2376.46 3161.45 3939.52
27.8343 793.802 1604.97 2379.46 3165.45 3944.49
27.8343 794.806 1606.97 2382.46 3169.45 3949.48
27.8692 795.806 1608.99 2385.46 3173.45 3954.43
27.8692  796.81 1610.99 2388.46 3177.46 3959.42
27.9038 797.802 1612.99 2391.43 3181.46 3964.42
27.9038 798.804 1614.99 2394.44 3185.45 3969.42
27.9388 799.803 1616.99 2397.44 3189.45 3974.38
27.9388   800.8    1619 2400.42 3193.45 3979.38
27.9736   801.8    1621 2403.42 3197.45 3984.35
27.9736 802.796 1623.02 2406.41 3201.45 3989.35
27.9736 803.798 1625.02 2409.41 3205.45 3994.35
28.0083 804.798 1627.02  2412.4 3209.42 3999.35
28.0428 805.798 1629.02 2415.37 3213.42 4004.35
28.0773  806.79 1631.02 2418.34 3217.42 4009.35
28.1119 807.786 1633.02 2421.34 3221.39 4014.35
28.1467 808.786 1635.02 2424.34 3225.39 4019.32
28.1815 809.786 1637.02 2427.33 3229.36 4024.32
28.2162 810.786 1639.02 2430.32 3233.34 4029.32
28.2509 811.786 1641.02 2433.32 3237.34 4034.29
28.2509  812.79 1643.02 2436.32 3241.34 4039.28
28.2509 813.794 1645.02 2439.33 3245.34 4044.27
28.2856 814.794 1647.02 2442.31 3249.32 4049.27
28.2856 815.792 1649.03 2445.31  3253.3 4054.27
28.3203 816.792 1651.03 2448.31 3257.29 4059.25
28.3546 817.792 1653.03 2451.28 3261.29 4064.25
28.3892 818.792 1655.03 2454.28 3265.29 4069.21
28.3892 819.796 1657.03 2457.28  3269.3  4074.2
28.4238 820.796 1659.03 2460.27 3273.27  4079.2
28.4581 821.789 1661.03 2463.24 3277.27  4084.2
28.4581  822.79 1663.03 2466.24 3281.27  4089.2
28.4924 823.782 1665.03 2469.22 3285.27  4094.2
28.4924 824.782 1667.06 2472.22 3289.27 4099.18
28.5268 825.778 1669.06 2475.22 3293.24 4104.18
28.5268 826.775 1671.07  2478.2 3297.24 4109.18
28.5268 827.777 1673.07 2481.21 3301.23 4114.18
28.5613 828.777 1675.07  2484.2 3305.23 4119.15
28.5951 829.758 1677.06  2487.2 3309.23 4124.15
28.6295 830.758 1679.06  2490.2 3313.23 4129.12
28.6638 831.758 1681.07  2493.2 3317.19 4134.12
28.6979 832.758 1683.07 2496.17 3321.19 4139.12
28.6979 833.761 1685.07 2499.18 3325.19 4144.11
28.6979 834.761 1687.09 2502.18 3329.19 4149.08
28.6979 835.761 1689.11 2505.18 3333.19 4154.06
28.6979  836.76 1691.13 2508.18 3337.17 4159.06
28.7321  837.76 1693.13 2511.18 3341.17 4164.03
28.7321 838.759 1695.15 2514.18 3345.15 4169.03
28.7321 839.759 1697.17 2517.17 3349.14 4174.03
28.7664 840.759 1699.17 2520.17 3353.13 4179.01
28.8006 841.759 1701.17 2523.17 3357.12 4183.98
28.8006  842.76 1703.17 2526.17 3361.12 4188.98
28.8348  843.76 1705.17 2529.17 3365.11 4193.96
28.8687 844.753 1707.17 2532.15 3369.11 4198.96
28.8687 845.753 1709.19 2535.14 3373.09 4203.96
28.9028 846.753 1711.19 2538.13 3377.07 4208.96
28.9028 847.749  1713.2 2541.12 3381.07 4213.96
28.9028 848.754  1715.2 2544.12 3385.07 4218.95
28.9028 849.754  1717.2 2547.13 3389.08 4223.94
28.9365 850.754 1719.21 2550.13 3393.04 4228.94
28.9704 851.749 1721.21 2553.13 3397.01 4233.94
28.9704 852.746 1723.22 2556.12 3401.01 4238.94
28.9704  853.75 1725.22 2559.12 3405.01 4243.92
29.0037 854.732 1727.21 2562.12 3409.01 4248.92
29.0376 855.732 1729.21 2565.11 3412.98 4253.92
29.0376 856.732 1731.21 2568.12 3416.99 4258.91
29.0713 857.727 1733.21 2571.12 3420.96 4263.91
29.0713 858.731 1735.21 2574.13 3424.96  4268.9
29.1049 859.731 1737.22 2577.13 3428.92  4273.9
29.1387  860.73 1739.22 2580.13 3432.92 4278.87
29.1726  861.73 1741.22 2583.13 3436.92 4283.84
29.2058 862.712  1743.2 2586.13 3440.92 4288.84
29.2397 863.712  1745.2 2589.13 3444.91 4293.81
29.2736 864.712  1747.2 2592.12 3448.91 4298.78
29.2736 865.711 1749.22 2595.12 3452.89 4303.78
29.3074 866.711 1751.22 2598.12 3456.88 4308.76
29.3074 867.712 1753.24 2601.12 3460.88 4313.73
29.3074 868.713 1755.26 2604.12 3464.88 4318.71
29.3074  869.71 1757.28 2607.11 3468.88 4323.71
29.3074 870.707 1759.29  2610.1 3472.88 4328.71
 29.341 871.707 1761.29 2613.09 3476.86 4333.71
 29.341 872.709 1763.29 2616.09 3480.86 4338.71
29.3745 873.708 1765.29 2619.09 3484.86 4343.68
29.4079 874.708  1767.3 2622.09 3488.82 4348.68
29.4079 875.708 1769.32 2625.09 3492.81 4353.66
29.4079 876.709 1771.34 2628.09 3496.81 4358.63
29.4079  877.71 1773.37 2631.09 3500.81 4363.61
29.4079  878.71 1775.39 2634.09  3504.8 4368.61
29.4079 879.707  1777.4 2637.08  3508.8 4373.61
29.4413 880.706  1779.4 2640.08  3512.8 4378.58
29.4747 881.705  1781.4 2643.08  3516.8 4383.55
29.5078 882.705  1783.4 2646.04  3520.8 4388.55
29.5407 883.687 1785.38 2649.04  3524.8 4393.55
29.5407 884.687 1787.38 2652.05  3528.8 4398.53
29.5739 885.687  1789.4 2655.05  3532.8 4403.49
29.5739 886.691  1791.4 2658.06  3536.8 4408.48
29.5739 887.694  1793.4 2661.07  3540.8 4413.47
29.6072 888.694  1795.4 2664.06  3544.8 4418.44
29.6403 889.686  1797.4 2667.04  3548.8 4423.44
29.6403 890.683 1799.41 2670.03  3552.8 4428.44
29.6403 891.685 1801.41 2673.03  3556.8 4433.44
 29.673 892.668  1803.4 2676.03  3560.8 4438.44
 29.673 893.669 1805.42 2679.03  3564.8 4443.41
29.7061 894.669 1807.42 2682.03  3568.8 4448.38
 29.739 895.669 1809.42 2684.99  3572.8 4453.38
 29.739 896.672 1811.42    2688  3576.8 4458.37
 29.772 897.667 1813.42    2691 3580.77 4463.37
 29.772 898.671 1815.42    2694 3584.77 4468.36
 29.772 899.668 1817.43 2696.99 3588.77 4473.36
 29.805 900.668 1819.43 2699.98 3592.75 4478.36
 29.805 901.667 1821.45 2702.98 3596.73 4483.36
 29.805 902.671 1823.45 2705.98 3600.74 4488.36
29.8379 903.667 1825.45 2708.98 3604.71 4493.36
29.8379 904.667 1827.47 2711.98  3608.7 4498.34
29.8709 905.666 1829.47 2714.98  3612.7  4503.3
29.8709  906.67 1831.47 2717.98 3616.71  4508.3
29.8709 907.673 1833.47 2720.99 3620.71 4513.28
29.8709 908.677 1835.47 2723.99 3624.71 4518.28
29.9032  909.66 1837.46 2726.99 3628.71 4523.28
29.9032  910.66 1839.48 2729.98  3632.7 4528.28
29.9032  911.66  1841.5 2732.98  3636.7 4533.25
29.9357 912.653  1843.5 2735.96  3640.7 4538.25
29.9357 913.653 1845.52 2738.96  3644.7 4543.23
29.9685 914.653 1847.52 2741.96 3648.69 4548.21
29.9685 915.653 1849.54 2744.96 3652.69 4553.19
30.0012 916.653 1851.54 2747.96 3656.69 4558.16
30.0339 917.653 1853.54 2750.95 3660.69 4563.13
30.0339 918.656 1855.54 2753.96 3664.69 4568.12
30.0665 919.656 1857.54 2756.95 3668.67 4573.12
30.0992 920.655 1859.54 2759.95 3672.67 4578.09
30.0992 921.652 1861.56 2762.94 3676.67 4583.09
30.0992 922.652 1863.56 2765.95 3680.67 4588.08
30.0992 923.649 1865.57 2768.94 3684.67 4593.08
30.0992 924.653 1867.57 2771.94 3688.67 4598.07
30.0992 925.653 1869.59 2774.93 3692.66 4603.07
30.1317 926.653 1871.59 2777.93 3696.65 4608.04
30.1643 927.653 1873.59 2780.93 3700.64 4613.02
30.1643 928.657 1875.59 2783.94 3704.64 4618.01
30.1643 929.657 1877.59 2786.95 3708.64    4623
30.1966 930.657  1879.6 2789.95 3712.64 4627.95
30.1966  931.66  1881.6 2792.95 3716.65 4632.94
30.1966 932.662  1883.6 2795.95 3720.64 4637.94
30.1966 933.662 1885.62 2798.95 3724.63 4642.94
30.1966 934.662 1887.62 2801.95 3728.63 4647.93
30.2284 935.645 1889.61 2804.95 3732.63 4652.93
30.2601 936.628 1891.59 2807.95 3736.63 4657.93
30.2601 937.629 1893.61 2810.95 3740.63 4662.91
30.2923 938.629 1895.63 2813.95 3744.63 4667.87
30.3242 939.629 1897.63 2816.92 3748.63 4672.87
30.3565 940.629 1899.63 2819.92 3752.63 4677.84
30.3885 941.621 1901.63 2822.89 3756.63 4682.84
30.4205 942.614 1903.63 2825.87 3760.63 4687.84
30.4526 943.606 1905.63 2828.84 3764.63 4692.84
30.4848 944.606 1907.63 2831.83 3768.61 4697.84
30.4848  945.61 1909.63 2834.83 3772.62 4702.83
30.4848 946.614 1911.63 2837.83 3776.62 4707.82
30.4848 947.611 1913.64 2840.82 3780.62 4712.82
30.4848 948.612 1915.66 2843.82 3784.62  4717.8
30.4848 949.612 1917.66 2846.83 3788.62 4722.79
30.5165 950.612 1919.66  2849.8 3792.62 4727.79
30.5486 951.612 1921.66 2852.79  3796.6 4732.79
30.5807 952.612 1923.66 2855.79  3800.6 4737.76
30.6125 953.612 1925.67 2858.79 3804.56 4742.76
30.6445 954.612 1927.68 2861.79 3808.56 4747.72
30.6445 955.612  1929.7 2864.78 3812.55 4752.72
30.6445 956.612 1931.72 2867.78 3816.55 4757.69
30.6445 957.612 1933.74 2870.78 3820.55 4762.67
30.6445 958.613 1935.76 2873.78 3824.55 4767.65
30.6763 959.613 1937.76 2876.78 3828.51 4772.65
30.7082 960.613 1939.76 2879.78 3832.51 4777.62
30.7397 961.596 1941.75 2882.78 3836.51 4782.62
30.7397 962.596 1943.75 2885.79 3840.52 4787.61
30.7715 963.596 1945.76 2888.79 3844.52 4792.57
30.8033 964.592 1947.76 2891.79 3848.49 4797.57
30.8352 965.592 1949.76 2894.79 3852.48 4802.54
30.8669 966.592 1951.77 2897.79 3856.44 4807.54
30.8986 967.584 1953.77 2900.76 3860.44 4812.54
30.9306 968.584 1955.77 2903.76 3864.44 4817.52
30.9306 969.584 1957.79 2906.76 3868.44  4822.5
30.9306 970.584 1959.81 2909.76 3872.44 4827.48
30.9306 971.584 1961.83 2912.76 3876.43 4832.46
30.9622 972.584 1963.84 2915.76 3880.39 4837.46
30.9622 973.588 1965.84 2918.76  3884.4 4842.45
30.9622 974.588 1967.86 2921.76 3888.39 4847.45
30.9939 975.587 1969.86 2924.76 3892.39 4852.42
30.9939 976.588 1971.88 2927.76 3896.39  4857.4
31.0255  977.58 1973.88 2930.74 3900.39  4862.4
31.0255  978.58  1975.9 2933.74 3904.38 4867.38
31.0566 979.564 1977.88 2936.74 3908.38 4872.38
31.0566 980.565  1979.9 2939.74 3912.38 4877.36
31.0566 981.565  1981.9 2942.74 3916.38 4882.35
31.0566 982.568  1983.9 2945.75 3920.38 4887.34
31.0881 983.568 1985.92 2948.75 3924.38 4892.29
31.0881 984.569 1987.94 2951.75 3928.38 4897.27
31.1195 985.561 1989.94 2954.73 3932.38 4902.27
31.1195 986.561 1991.95 2957.72 3936.37 4907.27
31.1508 987.554 1993.95  2960.7 3940.37 4912.27
31.1508 988.554 1995.97 2963.69 3944.36 4917.27
31.1508 989.555 1997.97  2966.7 3948.35 4922.27
31.1817 990.539 1999.96  2969.7 3952.35 4927.27
31.2127 991.522 2001.94  2972.7 3956.35 4932.27
31.2127 992.522 2003.94  2975.7 3960.36 4937.26
31.2442 993.522 2005.94  2978.7 3964.35 4942.24
31.2442 994.524 2007.94 2981.71 3968.34 4947.24
31.2442 995.524 2009.96  2984.7 3972.33 4952.24
31.2756 996.524 2011.96  2987.7 3976.32 4957.21
 31.307 997.524 2013.96  2990.7 3980.32 4962.19
31.3381 998.524 2015.97  2993.7 3984.28 4967.19
31.3381 999.524 2017.99  2996.7 3988.28 4972.17