      3       2       3       4       3       6
4.33333 2.88889       5 5.77778       7      11
5.66667 3.77778       7 7.55556      11      16
5.66667 4.99206    9.25 10.5556 14.5357      21
5.66667 6.22383   11.25 13.5556 18.1223 26.1816
6.58704 7.22383 13.0772 16.5556 22.1223  30.434
6.58704 8.22383 15.0772 19.4301 25.9634 35.7183
7.44063 9.22383 17.0772  21.948 29.9634 40.3469
8.24359 10.2238 18.9201  24.948 33.9634  44.701
8.24359 11.2238 20.9201 27.8374  37.897 49.8781
8.96212 12.2021 22.9201 30.8374 41.2001 54.8781
9.69791 13.2021 24.8019 33.8374 44.5826 59.8781
10.4625 14.2021 26.8019 36.8374 48.0974 64.5988
11.2105 15.2021 28.8019  39.471 52.0974 69.2171
11.2105 16.2021 30.9124  42.471 55.9149 74.2891
11.2105 17.2021 33.0057  45.347 59.9149 79.3198
11.8457 18.2021 34.8759  48.347 63.9149 83.8144
12.3931 19.0432 36.4874  51.347 67.9149 88.8144
 13.052 20.0432 38.4874 54.0771 71.5259 93.8144
13.7109 21.0432 40.4874 56.8072 75.1369 98.8144
14.2576 21.8822 42.1017 59.8072 79.1369 103.814
14.2576 22.9255  44.109 62.8072 83.1369 108.764
14.2576 23.9849 46.1473 65.7095 87.1369 113.764
14.8262 24.9414 48.1473 68.7095 90.6119 118.764
15.3972 25.9414 50.0018 71.7095 94.6119 123.338
15.9029 26.7934  51.644 74.7095 98.6119 128.338
15.9029 27.8493  53.644 77.7095 102.498 133.396
16.4706 28.8493  55.644 80.4833 106.157 138.396
16.9943 29.7666  57.644 83.0423 110.157 143.396
17.5528 30.7666  59.644 85.7713 114.157 148.109
17.5528 31.7666 61.6821 88.7713 118.058  153.17
17.5528 32.7666 63.7137 91.6951 122.058 158.214
17.5528 33.8099 65.7137 94.6145 126.058 163.252
17.5528 34.8392 67.7143 97.6145 130.058 168.222
17.9912 35.7094 69.4056 100.615 134.058 173.222
17.9912 36.7094 71.4277 103.546 138.058 178.268
17.9912 37.7466 73.4277 106.472 142.058 183.305
18.4348 38.6774 75.4277 109.097 146.058 188.305
18.9065 39.6774 77.4277 111.888 149.795 193.305
19.3602 40.6295 79.4277 114.888 153.389 198.305
19.3602 41.6295 81.4507 117.815 157.389 203.356
19.7996 42.5744 83.4507 120.815 161.389 207.972
19.7996 43.5744 85.4779 123.815 165.309 213.024
 20.235 44.5744 87.3578 126.815 169.309 217.709
 20.235 45.6072 89.3578 129.815 173.232 222.753
 20.235  46.638 91.3578 132.749 177.232 227.788
 20.235  47.638 93.4064 135.726 181.207 232.788
20.6412 48.5943 95.4064 138.726 184.844 237.788
21.0528 49.5943 97.3089 141.726  188.53 242.788
21.0528 50.5943 99.3285 144.667  192.53 247.827
21.0528  51.638 101.329 147.652 196.502 252.827
21.4556  52.638 103.329 150.652 200.262 257.664
 21.855  53.638 105.329 153.456 204.262 262.461
 21.855 54.6717 107.358 156.456 208.198 267.461
22.2375 55.6717 109.237 159.194 212.198 272.461
22.2375 56.6999 111.237 162.134 216.198 277.493
22.6227 57.6999 113.237 164.943 220.198 282.299
 22.997 58.6546 115.237 167.943 224.198  286.97
23.3475 59.5483 116.993 170.943 228.198  291.97
23.3475 60.5483 119.013 173.943 232.138 297.011
23.7278 61.5483 121.013 176.943 235.919 301.849
24.0971 62.5064 123.013 179.943 239.592 306.849
24.0971 63.5329 125.013 182.943 243.526 311.888
24.4371 64.4292 126.777 185.943 247.526 316.888
24.7771 65.3256  128.54 188.943 251.526 321.888
25.1472 66.3256  130.54 191.765 255.526 326.696
25.5141 67.3256 132.445 194.765 259.255 331.696
25.8839 68.3256 134.445 197.588 263.255 336.503
25.8839 69.3495  136.46 200.549 267.255 341.503
26.2339 70.2874  138.46 203.261 271.255 346.503
26.2339 71.2874 140.472 206.214 275.255 351.538
26.2339 72.2998 142.467 209.214 279.255  356.53
26.2339  73.323 144.483 212.175 283.255  361.53
26.2339 74.3429 146.483 215.126 287.255 366.559
26.2339 75.3741 148.483  218.11 291.239 371.559
26.5486 76.2783 150.264  221.11 295.239 376.559
26.5486 77.2783 152.264 224.082 299.207  381.62
26.8866 78.2783 154.264 226.935 303.016  386.62
27.2224 79.2783 156.264 229.769 307.016 391.449
27.2224 80.2783 158.264  232.74 310.985  396.51
27.2224 81.3075 160.264 235.724 314.972  401.51
27.2224 82.3075 162.274 238.679 318.972 406.544
27.5389 83.2644 164.274 241.679 322.972 411.271
27.5389 84.2823 166.274 244.634 326.972 416.299
27.8589 85.2823 168.274 247.477 330.972 421.136
28.1789 86.2823 170.274 250.319 334.972 425.973
28.1789 87.3036 172.289 253.282 338.972 430.973
28.4894 88.3036 174.188 256.073 342.972 435.973
28.8072 89.3036 176.188  258.93 346.798 440.973
29.1177 90.3036 178.087  261.72 350.798 445.973
29.4273 91.2638 180.087  264.72 354.528 450.973
29.7327  92.211 182.087 267.468 358.528 455.973
30.0455  93.211 184.002 270.468   362.3 460.973
30.0455 94.2281 186.002 273.468 366.253 466.003
30.3524 95.2281 187.902 276.261 370.253 471.003
30.3524 96.2281 189.929 279.241 374.247 476.003
30.3524 97.2281 191.956  282.22  378.24 481.003
30.6517 98.1866 193.956  285.22  382.24 485.745
30.6517 99.2126 195.956 288.201 386.234 490.745
30.6517 100.229 197.956 291.154 390.234 495.775
30.6517 101.249 199.968 294.154 394.202 500.775
30.6517 102.249 201.994 297.135 398.196 505.775
30.9422 103.249 203.909 300.135 402.196  510.57
30.9422 104.274 205.909 303.115  406.19  515.57
 31.228 105.237 207.909 306.115 409.941  520.57
31.5143 106.237 209.816 308.922 413.941  525.57
31.8068 107.237 211.816 311.789 417.782  530.57
31.8068 108.237 213.825 314.746 421.782 535.603
31.8068 109.237 215.825 317.715 425.761 540.655
31.8068 110.253 217.825 320.671 429.761 545.684
31.8068 111.253 219.834 323.628 433.761 550.717
31.8068 112.269 221.834 326.584 437.761 555.746
31.8068 113.269 223.843 329.541 441.761 560.779
31.8068 114.278 225.838 332.541 445.761 565.775
32.0749 115.241 227.838 335.541 449.761 570.544
32.3429 116.204 229.838 338.541 453.761 575.313
32.3429 117.221 231.849 341.541 457.732 580.313
32.6099 118.221 233.763 344.361 461.732 585.313
32.6099 119.236 235.763 347.361 465.695 590.336
32.6099 120.251 237.763 350.318 469.695 595.363
32.6099 121.251 239.786 353.299 473.691 600.363
32.6099 122.251 241.786 356.269 477.674  605.41
32.8733 123.251 243.786 359.147 481.532  610.41
33.1335 124.251 245.715 362.147 485.343  615.41
33.3936 125.251 247.644 365.147 489.154  620.41
33.3936 126.266 249.644 368.147 493.115 625.434
33.3936 127.266 251.652 371.108 497.115 630.465
33.6525 128.266 253.652 374.108 500.969 635.352
33.6525  129.28 255.652 377.068 504.969 640.378
33.6525  130.28 257.675 380.051 508.963 645.378
33.6525 131.297 259.686 383.051 512.935 650.378
33.9007 132.265 261.686 386.051 516.719 655.378
34.1494 133.265 263.605 388.882 520.719 660.378
34.3989 134.265 265.531 391.882 524.719 665.203
34.6518 135.265 267.531 394.882 528.576 670.093
34.8894 136.193 269.366 397.882 532.576 675.093
34.8894 137.193 271.366 400.856 536.557 680.139
35.1403 138.193 273.366 403.856 540.415 685.029
35.3763 139.121 275.202 406.856 544.415 690.029
35.6123 140.049 277.038 409.856 548.415 695.029
35.8587 141.049 278.955 412.693 552.415 700.029
35.8587 142.049 280.959 415.693 556.383 705.058
35.8587 143.049 282.977 418.678 560.379 710.058
35.8587 144.049 284.981 421.678 564.347 715.086
35.8587 145.049 286.981 424.653 568.328  720.13
36.1017 146.049 288.981  427.53 572.328  725.01
36.1017 147.062 290.981 430.493 576.328 730.034
 36.337  148.02 292.981   433.3 580.328 735.034
 36.337 149.027 294.974   436.3 584.328 740.034
 36.337 150.041 296.982   439.3 588.306 745.034
36.5761 151.041 298.982  442.19 592.177 750.034
36.5761 152.041     301 445.175 596.174 755.034
36.8136 153.041     303 448.066 600.045 760.034
37.0511 154.041     305 450.956 603.917 765.034
37.0511 155.056 307.008 453.956 607.894 770.034
37.0511 156.063 309.002 456.956 611.894 775.034
37.2818 157.063 310.926 459.802 615.894 780.034
 37.516 158.063 312.926 462.802 619.761 784.933
37.7466 159.063  314.85 465.647 623.761 789.933
37.9773 160.063 316.773 468.493 627.761 794.933
38.2052 161.023 318.773 471.304 631.761 799.933
38.2052 162.023 320.777 474.304 635.731 804.959
38.2052 163.023 322.777 477.276 639.715 810.004
38.4319 163.991 324.777 480.276 643.715  814.81
38.6629 164.991 326.777 483.276 647.585 819.708
  38.89  165.96 328.777 486.276 651.389 824.708
39.1087 166.893 330.625 489.276 655.389 829.708
39.3363 167.893 332.549 492.124 659.389 834.708
39.5645 168.893 334.479 495.124 663.389 839.551
39.5645 169.908 336.489 498.099 667.389 844.551
 39.792 170.908 338.424 501.099 671.227 849.551
40.0189 171.908 340.353 504.099 675.227 854.395
40.0189 172.922 342.362 507.075 679.227 859.395
40.2428  173.89 344.362 510.075 683.227 864.203
40.2428  174.89 346.362  513.05 687.211 869.243
40.2428  175.89 348.378 516.036  691.21 874.243
40.2428  176.89 350.393 519.021 695.209 879.243
40.2428 177.907 352.393 522.006 699.207 884.243
40.4634 178.907 354.325 525.006 703.207 889.091
40.4634 179.907  356.34 527.992 707.207 894.091
40.6828 180.907 358.273 530.992 711.207 898.939
40.9007 181.876 360.273 533.992 715.207 903.753
40.9007 182.882 362.266 536.992 719.207 908.753
41.1182 183.882 364.192 539.848 723.207 913.753
41.3348 184.851 366.192 542.848 727.207 918.568
41.5553 185.851 368.192 545.848 731.086 923.468
41.7721 186.821 370.192 548.848   734.9 928.468
 41.987 187.782 372.192 551.671   738.9 933.468
 41.987 188.782 374.196 554.642   742.9 938.494
42.2063 189.782 376.196 557.642 746.779 943.395
42.4236 190.782 378.134 560.642 750.625 948.395
 42.643 191.782 380.134 563.541 754.506 953.395
 42.643 192.798 382.134 566.527 758.504 958.395
 42.643 193.808 384.134 569.495 762.504 963.416
42.8602 194.808 386.134 572.395 766.387 968.416
43.0734 195.777 388.134 575.395 770.387 973.234
43.0734 196.777 390.148 578.382 774.386 978.234
43.0734 197.783 392.142 581.382 778.386 983.234
43.2852 198.783 394.071 584.241 782.386 988.234
43.2852 199.792 396.071 587.241 786.358 993.252
43.2852 200.806  398.08 590.219 790.358 998.252
43.2852 201.806  400.08 593.197 794.345 1003.29
43.4865 202.744  401.94 596.197 798.345 1008.29
43.4865 203.757 403.948 599.175 802.345 1013.29
43.4865 204.757 405.948 602.153 806.332 1018.32
43.4865 205.768 407.954 605.153 810.316 1023.32
43.6901 206.732 409.954 607.986 814.316 1028.32
43.6901  207.74 411.954 610.986 818.289 1033.34
43.8959  208.74 413.894 613.986 822.143 1038.34
44.1016  209.74 415.834 616.986 825.997 1043.34
44.3042 210.704 417.834  619.82 829.997 1048.34
44.3042 211.709 419.827  622.82 833.997 1053.34
44.5009 212.649 421.691  625.82 837.997 1058.34
44.5009  213.66 423.696  628.82 841.981 1063.34
44.6967   214.6  425.56  631.82 845.981 1068.34
44.6967 215.605 427.553  634.82 849.981 1073.34
44.6967 216.605 429.555 637.792 853.981 1078.37
44.8997 217.605 431.555  640.69 857.981 1083.27
45.1034 218.605 433.555 643.596 861.872 1088.27
45.3068 219.605 435.555 646.596  865.76 1093.18
45.3068  220.61 437.548 649.596  869.76 1098.18
45.3068  221.62 439.552 652.596 873.745 1103.18
45.3068  222.62 441.552 655.574 877.732 1108.21
45.5051  223.62 443.485 658.443 881.732 1113.21
45.5051  224.62 445.487 661.415 885.732 1118.24
45.5051 225.631 447.491 664.415 889.717 1123.24
45.7017 226.631 449.424 667.286 893.717 1128.24
45.8983 227.631 451.357 670.156 897.717 1133.24
45.8983  228.64 453.357 673.126 901.717 1138.26
 46.096  229.64 455.357 676.025 905.717 1143.16
46.2851 230.582 457.226 679.025 909.717 1148.16
46.4813 231.582 459.164 682.025 913.717 1153.03
46.4813 232.582 461.175 685.012 917.719 1158.03
46.4813  233.59 463.175 688.012 921.695 1163.05
46.4813 234.594 465.167 691.012 925.695 1168.05
46.6739 235.566 467.167 694.012  929.53 1173.05
46.6739 236.577 469.171 697.012 933.516 1178.05
46.8663 237.577 471.105 699.886 937.516 1183.05
47.0609 238.577 473.105 702.886 941.409 1187.96
47.0609 239.577 475.106 705.859 945.409 1192.99
47.0609 240.577 477.117 708.846 949.411 1197.99
47.0609 241.581 479.109 711.846 953.411 1202.99
 47.249 242.547 481.109 714.692 957.411 1207.99
47.4412 243.547 483.109 717.692 961.305  1212.9
47.6313 244.547 485.045 720.567 965.305  1217.9
47.8206 245.519 487.045 723.567 969.143  1222.9
48.0099 246.491 489.045 726.567 973.143 1227.74
48.0099 247.498 491.045 729.567 977.119 1232.76
48.2009 248.498 493.045 732.471 981.119 1237.67
48.2009 249.503 495.038 735.471 985.119 1242.67
48.3875 250.469 497.038 738.318 989.119 1247.67
48.3875 251.473  499.03 741.318 993.119 1252.67
48.5774 252.473  501.03 744.318 997.015 1257.59
48.5774 253.482 503.034 747.318    1001 1262.59
48.7625 254.449 505.034 750.167    1005 1267.59
48.7625 255.449 507.034 753.167 1008.98 1272.61
48.7625 256.456 509.034 756.138 1012.98 1277.63
48.9503 257.456 511.034  759.05 1016.88 1282.63
49.1376 258.456 513.034 761.954 1020.88 1287.53
49.1376 259.461 515.027 764.954 1024.88 1292.54
49.1376 260.474 517.027  767.94 1028.88 1297.54
49.3159 261.419 518.904  770.94 1032.88 1302.54
49.4943 262.364  520.78  773.94 1036.88 1307.54
49.6805 263.364  522.78 776.853 1040.79 1312.54
 49.864 264.337  524.78 779.853 1044.63 1317.54
 49.864 265.343  526.78 782.853 1048.61 1322.55
50.0416 266.289 528.657 785.853 1052.61 1327.55
50.2257 267.289 530.601 788.853 1056.48 1332.55
50.4073 268.255 532.601 791.705 1060.48 1337.55
50.5928 269.255 534.601 794.617 1064.38 1342.55
 50.778 270.255 536.601 797.617 1068.28 1347.47
50.9635 271.255 538.601 800.531 1072.18 1352.47
50.9635 272.266 540.608 803.513 1076.18 1357.47
50.9635 273.276 542.615 806.496 1080.18 1362.47
50.9635 274.283 544.615 809.468 1084.18 1367.49
51.1392 275.229 546.493 812.468 1088.18 1372.49
51.3199 276.201 548.493 815.468 1092.18 1377.34
51.5005 277.173 550.493 818.468 1096.18 1382.19
51.6762 278.119 552.372 821.468 1100.18 1387.19
51.6762 279.125 554.372 824.468 1104.16  1392.2
51.6762 280.125 556.372 827.447 1108.15 1397.23
51.6762 281.131 558.372 830.447 1112.13 1402.25
51.8549 282.103 560.372 833.447 1116.13  1407.1
52.0347 283.103 562.314 836.447 1120.13 1411.98
52.0347 284.106 564.307 839.447 1124.13 1416.98
52.0347 285.109   566.3 842.447 1128.13 1421.98
52.2075 286.056  568.18 845.447 1132.13 1426.98
52.2075 287.056 570.179 848.447 1136.11    1432
52.3853 288.056 572.122 851.447 1140.11 1436.88
52.3853 289.067 574.122 854.435 1144.11 1441.88
52.5638 290.067 576.122 857.345 1148.11 1446.79
52.7426 291.067 578.122 860.262 1152.01 1451.79
52.9201 292.067 580.067 863.262 1155.89 1456.79
52.9201 293.072 582.067 866.262 1159.87 1461.81
52.9201 294.078 584.067 869.262 1163.85 1466.82
52.9201 295.086 586.069 872.262 1167.84 1471.82
53.0935 296.053 588.069 875.121 1171.84 1476.82
53.2704 297.053 590.069 878.121 1175.74 1481.74
53.2704 298.053  592.07 881.098 1179.74 1486.77
53.4433 299.021  594.07 883.957 1183.74 1491.77
53.4433 300.026  596.07 886.957 1187.72 1496.78
53.6166 300.999  598.07 889.957 1191.72 1501.64
53.6166 302.008 600.075 892.942 1195.72 1506.64
53.6166 303.008 602.076 895.919 1199.72 1511.66
53.6166 304.008 604.076 898.896 1203.72 1516.68
53.6166 305.008 606.085 901.885 1207.73 1521.68
53.6166 306.008 608.085 904.865 1211.72 1526.71
53.7883 307.008 610.032 907.865  1215.6 1531.71
53.9611 308.008 612.032 910.865  1219.5 1536.63
53.9611 309.008 614.031 913.865 1223.49 1541.65
54.1321 310.008 615.977 916.865 1227.49 1546.53
54.1321 311.011  617.97 919.865 1231.49 1551.54
54.3027 312.011 619.917 922.865 1235.37 1556.54
54.3027 313.011 621.916 925.865 1239.35 1561.56
54.4726 314.011 623.861 928.865 1243.35 1566.44
54.4726 315.021 625.867  931.85 1247.35 1571.44
54.6432 316.021 627.867  934.85 1251.26 1576.36
54.8138 317.021 629.867  937.85 1255.16 1581.28
54.8138 318.031 631.867  940.84 1259.16 1586.28
54.8138 319.031 633.867 943.818 1263.16 1591.31
54.8138 320.036 635.867 946.818 1267.14 1596.32
54.9829 321.036 637.867 949.818 1271.05 1601.24
55.1506 322.036 639.813 952.818 1275.05 1606.13
55.3175 323.011 641.813 955.818 1279.05 1610.99
55.4865 324.011 643.813 958.818 1282.96 1615.91
55.4865 325.021 645.813 961.807 1286.96 1620.91
55.6548 326.021 647.813 964.724 1290.96 1625.83
55.6548 327.021 649.814 967.703 1294.96 1630.85
55.6548 328.021 651.814 970.686 1298.95 1635.87
55.8206 329.021 653.756 973.578 1302.95 1640.87
55.9859 329.995 655.756 976.578 1306.95 1645.73
56.1503 330.964 657.756 979.445 1310.95 1650.73
56.1503 331.964 659.755 982.445 1314.94 1655.75
56.1503 332.964 661.754 985.445 1318.92 1660.77
56.1503 333.967 663.747 988.445 1322.92 1665.77
56.1503 334.975 665.749 991.445 1326.91 1670.77
56.3145 335.975 667.697 994.445 1330.91 1675.66
56.4788 336.975 669.645 997.445 1334.91 1680.55
56.6431 337.975 671.593 1000.44 1338.91 1685.43
56.8086 338.975 673.593 1003.44 1342.82 1690.36
56.9738 339.975 675.593 1006.36 1346.82 1695.27
57.1392 340.975 677.593 1009.36 1350.73  1700.2
57.1392 341.975 679.593 1012.35 1354.73 1705.22
57.1392 342.981 681.593 1015.32 1358.73 1710.24
57.3017 343.956 683.593 1018.32 1362.59 1715.24
57.4641 344.931 685.593 1021.32 1366.45 1720.24
 57.627 345.931 687.535 1024.22 1370.45 1725.24
57.7912 346.931 689.535 1027.14 1374.45 1730.15
57.9546 347.931 691.485 1030.14 1378.34 1735.15
58.1191 348.931 693.485 1033.14 1382.25 1740.08
58.2835 349.931 695.485 1036.14 1386.16    1745
58.2835  350.94 697.485 1039.13 1390.16    1750
58.2835 351.948 699.487 1042.13 1394.15    1755
58.2835 352.955  701.49 1045.13 1398.14    1760
58.2835 353.961  703.49 1048.11 1402.14 1765.02
58.2835 354.968 705.492 1051.11 1406.13 1770.02
58.2835 355.968 707.499  1054.1 1410.13 1775.02
58.2835 356.974 709.499  1057.1 1414.12 1780.03
58.4446 357.974 711.499 1060.02 1418.12 1784.95
58.6048 358.974  713.45 1063.02    1422 1789.95
58.7632 359.944  715.45 1065.89    1426 1794.95
58.7632 360.944  717.45 1068.89 1429.99 1799.97
58.7632 361.952 719.454 1071.88 1433.99 1804.97
58.7632 362.952 721.454 1074.86 1437.98 1809.99
58.7632 363.959 723.457 1077.86 1441.97 1814.99
58.9227 364.959 725.457 1080.79 1445.89 1819.99
59.0822 365.959 727.457 1083.79  1449.8 1824.92
59.2417 366.959 729.457 1086.71 1453.71 1829.92
59.3955 367.912  731.35 1089.71 1457.71 1834.92
59.3955  368.92 733.355  1092.7 1461.71 1839.92
59.5545  369.92 735.355  1095.7 1465.63 1844.84
59.5545  370.92 737.355 1098.68 1469.62 1849.87
59.7113 371.896 739.355 1101.68 1473.49 1854.87
59.7113 372.902 741.355 1104.66 1477.49 1859.88
59.8685 373.902 743.307 1107.66 1481.38 1864.88
59.8685 374.907 745.307 1110.66 1485.36  1869.9
60.0263 375.907 747.307 1113.66 1489.27 1874.82
60.0263 376.913 749.307 1116.64 1493.27 1879.84
60.0263 377.913 751.307 1119.62 1497.27 1884.86
60.1817 378.913 753.253 1122.52 1501.27 1889.86
60.1817  379.92 755.255 1125.52 1505.26 1894.86
60.3355 380.891 757.255  1128.4 1509.26 1899.86
60.4905 381.891 759.201  1131.3 1513.26 1904.86
60.6451 382.867 761.201  1134.3 1517.26 1909.73
60.8016 383.867 763.201  1137.3 1521.18 1914.65
60.9581 384.867 765.201 1140.22  1525.1 1919.65
60.9581 385.872 767.201  1143.2  1529.1 1924.67
60.9581 386.877 769.201  1146.2 1533.08 1929.68
60.9581 387.877 771.208 1149.19 1537.08 1934.68
60.9581 388.877 773.208 1152.18 1541.07 1939.71
61.1128 389.877 775.208  1155.1 1545.07 1944.63
61.2677 390.877 777.208  1158.1 1548.99 1949.56
61.4226 391.877 779.208 1161.03  1552.9 1954.56
61.5775 392.877 781.208 1164.03 1556.82 1959.49
61.5775 393.887 783.208 1167.02 1560.82 1964.49
61.5775 394.887 785.216 1170.01 1564.82 1969.49
61.7314 395.887 787.216 1172.94 1568.82 1974.41
61.8828 396.858 789.216 1175.81 1572.82 1979.41
61.8828 397.866 791.221  1178.8 1576.82 1984.41
61.8828 398.873 793.223  1181.8 1580.81 1989.41
62.0353 399.873 795.177  1184.8 1584.71 1994.41
62.1859 400.844 797.177 1187.68 1588.71 1999.41
 62.334 401.798 799.075 1190.68 1592.71 2004.41
62.4873 402.798 801.075 1193.68 1596.62 2009.34
62.6397 403.798 803.028 1196.68 1600.52 2014.34
62.7921 404.798 804.982 1199.68 1604.41 2019.34
62.9439 405.798 806.929 1202.58 1608.41 2024.34
62.9439 406.798 808.936 1205.57 1612.41 2029.34
62.9439 407.798 810.936 1208.57  1616.4 2034.35
63.0963 408.798 812.936  1211.5  1620.4 2039.28
63.2486 409.798 814.936 1214.42  1624.4  2044.2
63.3994 410.775 816.936 1217.42 1628.27  2049.2
63.5505 411.775 818.883 1220.32 1632.27  2054.2
63.7016 412.775  820.83 1223.22 1636.27  2059.2
63.7016 413.775  822.83 1226.21 1640.27 2064.22
63.7016 414.782 824.832 1229.21 1644.26 2069.22
 63.852 415.782  826.78 1232.11 1648.26 2074.22
 63.852 416.782  828.78 1235.09 1652.26 2079.24
 63.852 417.785 830.774 1238.09 1656.26 2084.24
 63.852 418.785 832.773 1241.09 1660.25 2089.26
64.0027 419.785 834.773 1244.02 1664.16 2094.26
64.0027 420.785 836.774    1247 1668.16 2099.27
64.0027 421.785 838.774 1249.98 1672.16  2104.3
64.0027 422.794 840.774 1252.97 1676.16  2109.3
64.1524 423.794 842.774 1255.97 1680.08 2114.23
64.1524 424.794 844.781 1258.97 1684.08 2119.23
64.1524 425.794 846.788 1261.96 1688.08 2124.23
64.1524 426.799 848.788 1264.94 1692.08 2129.24
 64.301 427.799 850.788 1267.87    1696 2134.24
64.4446 428.755 852.689 1270.87    1700 2139.24
64.5922 429.755 854.642 1273.87    1704 2144.14
64.5922 430.755 856.641 1276.87 1707.99 2149.16
64.5922 431.762 858.643 1279.87 1711.98 2154.16
64.7401 432.762 860.643 1282.87  1715.9 2159.09
64.7401 433.764 862.637 1285.87  1719.9 2164.09
 64.886 434.742 864.637 1288.87  1723.9 2168.97
 64.886 435.742 866.636 1291.87 1727.88 2173.99
 64.886 436.742 868.636 1294.85 1731.87 2179.01
65.0305 437.714 870.636 1297.74 1735.87 2184.01
65.1761 438.714 872.585 1300.64 1739.87 2189.01
65.3229 439.714 874.585 1303.64  1743.8 2193.94
65.3229 440.719 876.585 1306.62  1747.8 2198.96
65.4687 441.719 878.541 1309.62 1751.69 2203.96
65.4687 442.719 880.548 1312.61  1755.7 2208.96
65.6141 443.719 882.503 1315.61 1759.59 2213.96
65.7593 444.719 884.457 1318.61 1763.59 2218.86
65.7593 445.722 886.451 1321.61 1767.59 2223.86
65.7593 446.727 888.451 1324.59 1771.59 2228.88
65.9049 447.727 890.451 1327.59 1775.52 2233.81
65.9049 448.735 892.455 1330.58 1779.52 2238.81
66.0485 449.713 894.455 1333.58 1783.52 2243.69
66.1928 450.713 896.409 1336.58 1787.52 2248.59
 66.338 451.713 898.409 1339.58 1791.44 2253.52
66.4823 452.713 900.363 1342.58 1795.44 2258.42
66.4823 453.721 902.363 1345.57 1799.44 2263.42
66.6272 454.721 904.363 1348.57 1803.36 2268.36
66.7697 455.694 906.363 1351.46 1807.36 2273.36
66.9133 456.694 908.313 1354.36 1811.36 2278.36
66.9133 457.699 910.313 1357.36 1815.34 2283.37
67.0532 458.656 912.216 1360.36 1819.34 2288.37
67.1931 459.613 914.119 1363.36 1823.34 2293.37
 67.333 460.569 916.023 1366.36 1827.34 2298.37
 67.333 461.574 918.023 1369.36 1831.33 2303.38
67.4772 462.574 920.023  1372.3 1835.25 2308.38
67.4772  463.58 922.024  1375.3 1839.24 2313.38
67.6196 464.558 924.024  1378.3 1843.12 2318.38
67.7589 465.515 925.928  1381.3 1847.12 2323.38
67.9015 466.515 927.877  1384.2 1851.12 2328.38
68.0446 467.515 929.832  1387.2 1855.02 2333.38
68.1869 468.493 931.832  1390.2  1858.9 2338.38
68.3306 469.493 933.832 1393.13  1862.9 2343.31
68.4737 470.493 935.788 1396.13 1866.81 2348.31
68.6167 471.493 937.742 1399.13 1870.81 2353.21
 68.756  472.45 939.646 1402.13 1874.81 2358.21
68.8983 473.428 941.646 1405.13 1878.69 2363.21
68.8983 474.428 943.646 1408.12 1882.68 2368.23
68.8983  475.43 945.639 1411.12 1886.68 2373.24
  69.04 476.408 947.639 1414.12 1890.68 2378.12
69.1817 477.386 949.639 1417.12 1894.56 2383.12
 69.324 478.386 951.593 1420.12 1898.56 2388.02
 69.324 479.386 953.592 1423.12 1902.54 2393.03
69.4646 480.358 955.592 1426.01 1906.54 2398.03
69.4646 481.362 957.592 1429.01 1910.53 2403.05
69.6073 482.362 959.592 1431.94 1914.45 2408.05
69.6073 483.362 961.591 1434.92 1918.45 2413.06
69.7489 484.362 963.547 1437.92 1922.35 2418.06
69.8903 485.362 965.501 1440.92 1926.35 2422.97
69.8903 486.362   967.5 1443.92 1930.34 2427.98
70.0324 487.362   969.5 1446.92 1934.26 2432.92
70.0324  488.37   971.5 1449.92 1938.26 2437.92
70.0324 489.374   973.5 1452.92 1942.25 2442.93
 70.173 490.374 975.454 1455.92 1946.25 2447.83
70.3145 491.374 977.454 1458.92 1950.17 2452.77
70.3145 492.374 979.454  1461.9 1954.17 2457.79
70.4556 493.374 981.454 1464.84 1958.09 2462.79
70.4556 494.374 983.453 1467.82 1962.09 2467.81
 70.595 495.352 985.453 1470.82 1965.97 2472.81
 70.595 496.359 987.457 1473.81 1969.97 2477.81
70.7345 497.359 989.407 1476.72 1973.97 2482.81
70.7345 498.365 991.408 1479.72 1977.96 2487.81
70.8748 499.365 993.408 1482.72 1981.89 2492.74
70.8748 500.369 995.408 1485.72 1985.87 2497.75
70.8748 501.376 997.411 1488.71 1989.87 2502.75
70.8748 502.378 999.405 1491.71 1993.87 2507.76
70.8748 503.386 1001.41 1494.71 1997.87 2512.76
71.0138 504.386 1003.41 1497.64 2001.87 2517.69
71.0138 505.386  1005.4 1500.62 2005.87  2522.7
71.0138 506.388  1007.4 1503.62 2009.87 2527.71
71.0138 507.388  1009.4 1506.62 2013.86 2532.72
71.0138 508.391 1011.39 1509.62 2017.86 2537.72
71.0138 509.391 1013.39 1512.62 2021.85 2542.74
71.0138 510.398 1015.39 1515.61 2025.85 2547.74
  71.15 511.376 1017.39 1518.61 2029.85 2552.62
  71.15 512.379 1019.39 1521.61 2033.85 2557.63
71.2852 513.352 1021.39  1524.5 2037.85 2562.63
71.2852 514.356 1023.39 1527.48 2041.85 2567.64
71.2852  515.36 1025.39 1530.48 2045.83 2572.65
 71.422  516.36 1027.39 1533.42 2049.76 2577.65
 71.422  517.36 1029.39 1536.42 2053.76 2582.65
 71.422  518.36 1031.39 1539.42 2057.75 2587.67
71.5576  519.36 1033.35 1542.42 2061.65 2592.67
71.6932  520.36 1035.31 1545.42 2065.56 2597.67
71.8287  521.36 1037.26 1548.42 2069.47 2602.67
71.9636 522.339 1039.26 1551.42 2073.47 2607.55
72.0992 523.339 1041.22 1554.42 2077.37 2612.55
72.0992 524.346 1043.23 1557.41 2081.37 2617.55
72.2338 525.325 1045.23 1560.41 2085.37 2622.44
72.3684 526.304 1047.23 1563.41 2089.26 2627.44
 72.503 527.283 1049.23 1566.41 2093.14 2632.44
72.6376 528.262 1051.23 1569.41 2097.03 2637.44
72.7715 529.235 1053.23  1572.3 2101.03 2642.44
72.7715 530.242 1055.23 1575.29 2105.03 2647.44
72.7715 531.248 1057.23 1578.29 2109.02 2652.44
72.7715 532.248 1059.24 1581.28 2113.02 2657.44
72.9046 533.221 1061.24 1584.18 2117.02 2662.44
73.0385   534.2 1063.24 1587.18 2121.02 2667.33
73.0385 535.204 1065.24 1590.18 2125.01 2672.34
73.1694 536.163 1067.15 1593.18 2129.01 2677.34
73.3032 537.163  1069.1 1596.09 2133.01 2682.34
73.4374 538.163 1071.05 1599.09 2137.01 2687.25
73.5717 539.163 1073.01 1602.09 2140.92 2692.25
73.5717 540.165 1075.01 1605.09 2144.92 2697.25
73.5717 541.165 1077.01 1608.09  2148.9 2702.26
73.7048 542.144 1079.01 1611.09  2152.9 2707.15
73.7048 543.144    1081 1614.07  2156.9 2712.17
73.8383 544.144 1082.96 1617.07 2160.81 2717.17
73.8383 545.144 1084.96 1620.06  2164.8 2722.19
73.9723 546.144 1086.96 1623.06 2168.73 2727.13
73.9723 547.144 1088.96 1626.05 2172.73 2732.14
73.9723 548.151 1090.97 1629.04 2176.73 2737.14
74.1044  549.13 1092.97 1632.04 2180.62 2742.14
74.2365 550.109 1094.97 1635.04 2184.51 2747.14
74.2365 551.113 1096.97 1638.02 2188.51 2752.15
74.2365 552.115 1098.96 1641.02 2192.51 2757.16
74.3656 553.075 1100.87 1644.02 2196.51 2762.16
74.3656 554.075 1102.87 1647.01  2200.5 2767.18
74.3656 555.078 1104.87 1650.01 2204.49 2772.19
74.3656 556.078 1106.87    1653 2208.48 2777.21
74.3656 557.082 1108.87 1655.98 2212.48 2782.22
74.3656 558.087 1110.87 1658.98 2216.47 2787.22
74.4964 559.087 1112.82  1661.9 2220.47 2792.22
74.4964 560.091 1114.82  1664.9 2224.46 2797.23
74.6279 561.091 1116.82  1667.9 2228.39 2802.17
74.6279 562.098 1118.82 1670.89 2232.38 2807.17
74.7573 563.072 1120.82 1673.79 2236.38 2812.17
74.8848 564.033 1122.74 1676.79 2240.38 2817.17
74.8848 565.039 1124.74 1679.78 2244.38 2822.17
75.0139 566.013 1126.74 1682.67 2248.38 2827.17
75.1431 566.988 1128.74 1685.57 2252.38 2832.17
75.2741 567.988 1130.74 1688.51 2256.31 2837.17
75.4042 568.988 1132.69 1691.43 2260.31 2842.17
75.5333 569.962 1134.69 1694.32 2264.31 2847.17
75.6633 570.962 1136.65 1697.24 2268.31 2852.17
75.6633 571.965 1138.65 1700.24  2272.3 2857.19
75.7935 572.965 1140.61 1703.24 2276.21 2862.19
75.9244 573.965 1142.61 1706.24 2280.14 2867.13
75.9244 574.965  1144.6 1709.24 2284.13 2872.14
76.0549 575.965  1146.6 1712.24 2288.05 2877.08
76.1836  576.94  1148.6 1715.14 2292.05 2882.08
76.3132  577.94 1150.56 1718.06 2296.05 2887.08
 76.443  578.94 1152.51 1721.06 2300.05 2891.99
 76.443 579.943 1154.51 1724.06 2304.04    2897
76.5734 580.943 1156.51    1727 2307.97    2902
76.5734 581.943 1158.51    1730 2311.96 2907.02
76.5734 582.946 1160.51 1732.98 2315.96 2912.03
76.7023 583.946 1162.47  1735.9 2319.96 2917.03
76.7023 584.946 1164.47 1738.88 2323.96 2922.05
76.8283 585.907 1166.38 1741.88 2327.96 2927.05
76.8283 586.907 1168.38 1744.87 2331.95 2932.07
76.9578 587.907 1170.38 1747.87 2335.88 2937.01
76.9578 588.913 1172.38 1750.86 2339.88 2942.01
77.0858 589.893 1174.38 1753.86 2343.88  2946.9
77.2148 590.893 1176.38  1756.8 2347.88 2951.84
77.3404 591.854 1178.29  1759.8 2351.88 2956.84
77.4697 592.854 1180.29  1762.8 2355.81 2961.78
77.4697  593.86  1182.3 1765.79 2359.81 2966.78
77.4697  594.86  1184.3 1768.78 2363.81 2971.78
77.5985  595.86  1186.3 1771.78 2367.74 2976.72
77.7273  596.86  1188.3 1774.78 2371.67 2981.66
77.7273  597.86 1190.31 1777.78 2375.67 2986.66
77.8552  598.86 1192.27 1780.78 2379.67 2991.57
77.8552  599.86 1194.27 1783.76 2383.66 2996.59
77.8552  600.86 1196.26 1786.76 2387.65  3001.6
77.8552 601.866 1198.27 1789.75 2391.65  3006.6
77.9831 602.866 1200.27  1792.7 2395.58  3011.6
78.1101 603.866 1202.22 1795.62 2399.58  3016.6
 78.238 604.866 1204.22 1798.62 2403.51 3021.55
 78.238 605.866 1206.22  1801.6 2407.51 3026.56
78.3645 606.845 1208.22  1804.6 2411.51 3031.46
78.3645  607.85 1210.22  1807.6 2415.51 3036.46
78.4909  608.83 1212.22  1810.6  2419.4 3041.46
78.4909 609.833 1214.22  1813.6 2423.39 3046.47
78.6172 610.833 1216.17 1816.52 2427.39 3051.47
78.7443 611.833 1218.17 1819.46 2431.39  3056.4
78.7443 612.838 1220.18 1822.46 2435.38  3061.4
78.8715 613.838 1222.18 1825.46 2439.31 3066.34
78.8715 614.838 1224.18 1828.45 2443.31 3071.34
78.8715  615.84 1226.18 1831.45 2447.31 3076.35
 78.997  616.82 1228.18 1834.45 2451.21 3081.35
 78.997 617.823 1230.18 1837.45 2455.19 3086.36
  79.12 618.785 1232.09 1840.45 2459.19 3091.36
  79.12 619.792 1234.09 1843.45 2463.19 3096.36
79.2457 620.792 1236.05 1846.45 2467.11 3101.36
79.3701 621.767 1238.05 1849.35 2471.11 3106.36
79.4952 622.746 1240.05 1852.35 2475.11 3111.25
79.4952 623.748 1242.05 1855.35 2479.11 3116.26
79.6203 624.748    1244 1858.27 2483.11 3121.26
79.6203 625.754    1246 1861.26 2487.11 3126.26
 79.745 626.734    1248 1864.26 2491.11 3131.15
79.8699 627.734 1249.96 1867.18 2495.11 3136.15
79.8699 628.734 1251.96 1870.18  2499.1 3141.17
79.8699 629.735 1253.95 1873.18  2503.1 3146.17
79.9936 630.711 1255.95 1876.08  2507.1 3151.17
79.9936 631.712 1257.94 1879.08  2511.1 3156.17
80.1187 632.712 1259.94 1882.02  2515.1 3161.11
80.1187 633.712 1261.94    1885  2519.1 3166.13
80.1187 634.718 1263.94    1888  2523.1 3171.13
80.2434 635.718 1265.94 1890.94  2527.1 3176.06
80.2434 636.723 1267.94 1893.94 2531.09 3181.06
80.3675 637.723 1269.91 1896.94 2535.01 3186.06
80.3675 638.723 1271.91 1899.92    2539 3191.08
80.3675 639.727 1273.91 1902.91    2543 3196.09
80.4885 640.689 1275.82 1905.91    2547 3201.09
80.6127 641.689 1277.82 1908.85 2550.93 3206.09
80.6127 642.689 1279.82 1911.85 2554.92 3211.11
80.7359 643.689 1281.78 1914.77 2558.92 3216.11
80.8591 644.689 1283.73 1917.69 2562.92 3221.11
80.8591 645.695 1285.73 1920.69 2566.92 3226.11
80.9828 646.695 1287.73 1923.63 2570.92 3231.04
80.9828 647.699 1289.73 1926.61 2574.92 3236.06
81.1032 648.661 1291.65 1929.61 2578.92 3241.06
81.1032 649.661 1293.65 1932.61 2582.91 3246.07
81.2234 650.624 1295.56 1935.61 2586.91 3251.07
81.2234 651.625 1297.56 1938.61 2590.91 3256.07
81.2234 652.625 1299.56  1941.6 2594.91 3261.07
 81.346 653.625 1301.52  1944.6 2598.83 3266.07
81.4685 654.625 1303.48  1947.6 2602.83 3270.99
81.5909 655.625 1305.44  1950.6 2606.83 3275.91
81.7129 656.606 1307.44  1953.6 2610.83 3280.81
81.7129 657.606 1309.44 1956.59 2614.83 3285.82
 81.835 658.606  1311.4 1959.51 2618.83 3290.82
81.9568 659.586  1313.4 1962.51 2622.83 3295.72
81.9568 660.586  1315.4 1965.51 2626.83 3300.72
81.9568 661.587 1317.39 1968.51 2630.83 3305.72
82.0788 662.587 1319.36 1971.51 2634.75 3310.72
82.0788 663.593 1321.36  1974.5 2638.75 3315.72
82.2012 664.593 1323.36  1977.5 2642.68 3320.67
82.2012 665.593 1325.36  1980.5 2646.67 3325.68
82.3201 666.556 1327.27  1983.5 2650.67 3330.68
82.4423 667.556 1329.27  1986.5  2654.6 3335.62
82.5639 668.556 1331.24  1989.5 2658.52 3340.62
 82.685 669.537 1333.24  1992.5 2662.52 3345.52
82.8066 670.537  1335.2  1995.5 2666.44 3350.52
82.9277 671.517  1337.2  1998.5 2670.44 3355.42
82.9277  672.52  1339.2 2001.48 2674.44 3360.43
82.9277 673.523  1341.2 2004.48 2678.43 3365.44
83.0463 674.486 1343.12 2007.48 2682.43 3370.44
 83.167 675.466 1345.12 2010.48 2686.32 3375.44
83.2877 676.447 1347.12 2013.48 2690.32 3380.34
83.4084 677.427 1349.12 2016.48 2694.22 3385.34
83.5286 678.403 1351.12 2019.39 2698.22 3390.34
83.6495 679.403 1353.07 2022.31 2702.22 3395.34
83.6495 680.405 1355.07  2025.3 2706.22 3400.35
83.6495 681.405 1357.07 2028.28 2710.22 3405.37
83.6495 682.407 1359.06 2031.28 2714.22 3410.37
83.7691 683.383 1361.06 2034.19 2718.22 3415.37
83.7691 684.383 1363.06 2037.18 2722.22 3420.39
83.7691 685.383 1365.06 2040.17 2726.21 3425.41
83.7691 686.388 1367.07 2043.16 2730.21 3430.41
83.7691 687.388 1369.07 2046.15  2734.2 3435.43
83.7691 688.388 1371.06 2049.15 2738.19 3440.44
83.8893 689.388 1373.06 2052.09 2742.19 3445.38
83.8893  690.39 1375.06 2055.09 2746.18 3450.39
83.8893  691.39 1377.06 2058.08 2750.18  3455.4
84.0083 692.371 1379.06 2061.08 2754.08  3460.4
84.0083 693.373 1381.06 2064.08 2758.06 3465.41
84.0083 694.373 1383.06 2067.06 2762.06 3470.43
84.1274 695.373 1385.02 2070.06 2766.06 3475.35
84.1274 696.379 1387.02 2073.06 2770.06 3480.35
84.2438 697.343 1388.94 2076.06 2774.06 3485.35
84.3634 698.343 1390.94 2079.06    2778 3490.29
84.3634 699.347 1392.94 2082.06 2781.99 3495.29
84.4817 700.328 1394.94 2085.06  2785.9 3500.29
 84.601 701.328 1396.94    2088 2789.83 3505.29
84.7203 702.328 1398.94    2091 2793.77 3510.24
84.8381 703.304 1400.94 2093.91 2797.77 3515.24
84.8381 704.306 1402.94 2096.91 2801.75 3520.25
84.9557 705.283 1404.94 2099.82 2805.75 3525.25
84.9557 706.284 1406.94 2102.82 2809.75 3530.25
85.0745 707.284 1408.94 2105.76 2813.75 3535.19
85.1927 708.284 1410.89 2108.68 2817.75 3540.19
85.3112 709.284 1412.86 2111.68 2821.67 3545.19
85.4292 710.264 1414.86 2114.68 2825.57 3550.19
85.4292 711.267 1416.86 2117.67 2829.57  3555.2
85.5469 712.248 1418.86 2120.67 2833.48  3560.2
85.6649 713.248 1420.81 2123.59 2837.48  3565.2
85.6649 714.249 1422.81 2126.59 2841.48 3570.21
85.7828 715.249 1424.77 2129.52 2845.48 3575.21
85.7828 716.249 1426.76 2132.52 2849.47 3580.22
85.7828 717.249 1428.76 2135.51 2853.46 3585.24
85.7828 718.254 1430.77  2138.5 2857.46 3590.24
85.9008 719.254 1432.77 2141.44 2861.46 3595.18
86.0188 720.254 1434.77 2144.38 2865.46 3600.12
86.0188 721.254 1436.76 2147.37 2869.46 3605.13
86.0188 722.259 1438.77 2150.36 2873.46 3610.13
86.0188 723.264 1440.77 2153.36 2877.45 3615.13
86.0188 724.264 1442.76 2156.35 2881.45 3620.15
86.0188 725.264 1444.76 2159.35 2885.44 3625.16
86.1354 726.264 1446.72 2162.28 2889.44 3630.16
86.1354 727.268 1448.72 2165.28 2893.44 3635.16
86.2518 728.268 1450.68  2168.2 2897.44 3640.16
86.3679 729.249 1452.68  2171.2 2901.44 3645.06
86.3679  730.25 1454.67  2174.2 2905.44 3650.07
86.4842  731.25 1456.63 2177.13 2909.44 3655.07
86.4842 732.253 1458.63 2180.11 2913.44 3660.08
86.4842 733.253 1460.63 2183.11 2917.43 3665.09
86.4842 734.253 1462.63  2186.1 2921.42 3670.11
86.4842 735.257 1464.63  2189.1 2925.42 3675.11
86.5996 736.238 1466.63  2192.1 2929.42 3680.01
86.5996 737.238 1468.63  2195.1 2933.42 3685.01
86.5996 738.243 1470.63 2198.09 2937.42 3690.01
86.5996 739.244 1472.63 2201.09 2941.42 3695.02
86.5996 740.244 1474.63 2204.08 2945.42 3700.02
86.5996 741.244 1476.63 2207.07 2949.42 3705.03
86.5996 742.247 1478.63 2210.07 2953.41 3710.04
86.5996 743.252 1480.63 2213.07 2957.41 3715.04
86.5996 744.252 1482.63 2216.05 2961.41 3720.06
86.5996 745.252 1484.63 2219.05 2965.41 3725.06
86.7138 746.252 1486.59 2221.98 2969.41 3730.06
86.7138 747.252 1488.59 2224.96 2973.41 3735.07
86.8277 748.233 1490.59 2227.96 2977.31 3740.07
86.8277 749.233 1492.59 2230.95 2981.31 3745.09
86.8277 750.239 1494.59 2233.95 2985.31 3750.09
86.8277 751.244 1496.59 2236.94 2989.31 3755.09
86.9421 752.244 1498.59 2239.89 2993.25 3760.09
86.9421 753.244 1500.59 2242.87 2997.24 3765.11
86.9421 754.244 1502.59 2245.87 3001.23 3770.12
86.9421 755.245 1504.59 2248.87 3005.23 3775.12
86.9421 756.245 1506.58 2251.86 3009.23 3780.14
86.9421 757.247 1508.58 2254.85 3013.23 3785.15
87.0543 758.225 1510.58 2257.76 3017.23 3790.15
87.0543 759.225 1512.59 2260.75 3021.23 3795.15
87.1664 760.202 1514.59 2263.66 3025.23 3800.15
87.1664 761.202 1516.59 2266.66 3029.22 3805.16
87.1664 762.202 1518.58 2269.66 3033.21 3810.18
87.2786 763.184 1520.58 2272.66 3037.12 3815.18
87.2786 764.186 1522.58 2275.66 3041.11 3820.19
87.2786  765.19 1524.58 2278.66  3045.1 3825.19
87.2786  766.19 1526.58 2281.65  3049.1  3830.2
87.3909  767.19 1528.55 2284.65 3053.02  3835.2
87.5032  768.19 1530.51 2287.65 3056.95  3840.2
 87.616  769.19 1532.51 2290.65 3060.89 3845.15
87.7286  770.19 1534.51 2293.59 3064.89 3850.09
87.8408  771.19 1536.47 2296.59 3068.89 3855.02
87.8408 772.195 1538.47 2299.59 3072.89 3860.02
87.8408 773.198 1540.47 2302.57 3076.89 3865.03
87.9532 774.198 1542.47 2305.52 3080.89 3869.97
88.0651 775.198 1544.44 2308.52 3084.89  3874.9
88.1766  776.18 1546.44 2311.52 3088.89  3879.8
88.1766  777.18 1548.44 2314.51 3092.89  3884.8
 88.288 778.161 1550.44 2317.51  3096.8  3889.8
88.3996 779.161  1552.4 2320.44  3100.8  3894.8
88.3996 780.163  1554.4 2323.44 3104.78 3899.81
88.3996 781.166  1556.4 2326.43 3108.78 3904.82
88.3996 782.171  1558.4 2329.42 3112.79 3909.82
88.5101 783.149  1560.4 2332.33 3116.79 3914.82
88.6193 784.115 1562.32 2335.33 3120.79 3919.82
88.6193  785.12 1564.32 2338.33 3124.79 3924.82
88.6193 786.123 1566.32 2341.31 3128.79 3929.83
88.7301 787.123 1568.28 2344.24 3132.79 3934.83
88.8412 788.123 1570.25 2347.24 3136.79 3939.76
88.8412 789.123 1572.25 2350.23 3140.78 3944.78
 88.952 790.123 1574.21 2353.16 3144.78 3949.78
 88.952 791.123 1576.21 2356.16 3148.78 3954.78
89.0633 792.123 1578.21  2359.1 3152.72 3959.78
89.1737 793.105 1580.21  2362.1 3156.63 3964.78
89.1737 794.109 1582.21  2365.1 3160.63 3969.78
89.1737 795.114 1584.21  2368.1 3164.63 3974.78
89.1737 796.116 1586.21 2371.08 3168.63 3979.79
89.1737  797.12 1588.21 2374.08 3172.62 3984.79
 89.284  798.12 1590.18 2377.08 3176.55 3989.79
89.3943  799.12 1592.14 2380.08 3180.47 3994.79
89.3943 800.121 1594.14 2383.08 3184.47 3999.79
 89.504 801.103 1596.14 2386.08 3188.38 4004.79
89.6146 802.103 1598.14 2389.08 3192.32 4009.74
89.7239 803.081 1600.14    2392 3196.32 4014.74
89.8336 804.063 1602.14    2395 3200.32 4019.65
89.9428 805.041 1604.14 2397.91 3204.32 4024.65
89.9428 806.041 1606.13 2400.91 3208.31 4029.66
89.9428 807.043 1608.13 2403.91  3212.3 4034.67
89.9428 808.043 1610.13 2406.91 3216.29 4039.68
90.0504 809.009 1612.06 2409.91 3220.29 4044.68
90.0504 810.014 1614.06  2412.9 3224.29 4049.68
90.0504 811.018 1616.06  2415.9 3228.29 4054.68
90.0504 812.023 1618.06 2418.89 3232.29 4059.68
90.1597 813.023 1620.03 2421.89 3236.29 4064.61
90.1597 814.025 1622.03 2424.89 3240.27 4069.62
90.2668 814.991 1623.95 2427.89 3244.27 4074.62
90.2668 815.996 1625.95 2430.89 3248.27 4079.62
90.3763 816.996 1627.95 2433.89 3252.22 4084.57
90.4854 817.996 1629.92 2436.89 3256.14 4089.57
90.5948 818.996 1631.92 2439.83 3260.14 4094.51
90.5948 819.996 1633.92 2442.83 3264.14 4099.51
90.7033 820.979 1635.92 2445.83 3268.05 4104.51
90.8122 821.979 1637.88 2448.83 3272.05 4109.44
 90.919 822.945 1639.81 2451.83 3276.05 4114.44
 90.919  823.95 1641.81 2454.82 3280.05 4119.44
 90.919  824.95 1643.81 2457.81 3284.05 4124.46
 90.919 825.952 1645.81 2460.81 3288.04 4129.47
91.0271 826.934 1647.81 2463.81 3291.95 4134.47
91.0271 827.934 1649.81 2466.81 3295.95 4139.47
91.1355 828.934 1651.78 2469.81 3299.88 4144.47
91.1355 829.936 1653.78 2472.81 3303.87 4149.47
91.1355 830.936 1655.78  2475.8 3307.87 4154.47
91.1355 831.936 1657.79  2478.8 3311.87 4159.47
 91.244 832.936 1659.79  2481.8 3315.81 4164.42
 91.244 833.941 1661.79 2484.79 3319.81 4169.42
91.3523 834.941 1663.79 2487.79 3323.75 4174.38
91.3523 835.941 1665.79 2490.78 3327.76 4179.38
91.3523 836.941 1667.79 2493.78 3331.76 4184.38
91.4597 837.941 1669.76 2496.71 3335.76 4189.38
91.5671 838.941 1671.72 2499.64 3339.76 4194.38
91.5671 839.941 1673.71 2502.64 3343.75 4199.39
91.6738 840.919 1675.71 2505.56 3347.75 4204.39
91.7809 841.901 1677.71 2508.56 3351.66 4209.39
91.8888 842.901 1679.71 2511.56  3355.6 4214.34
91.9967 843.901 1681.71 2514.51 3359.54 4219.34
91.9967 844.904 1683.71  2517.5 3363.54 4224.35
92.1039 845.904 1685.67 2520.43 3367.54 4229.35
92.1039 846.904 1687.67 2523.42 3371.54 4234.36
92.2107 847.886 1689.67 2526.42 3375.45 4239.36
 92.318 848.886 1691.64 2529.42 3379.37 4244.36
 92.318 849.888 1693.64 2532.42 3383.36 4249.37
 92.318 850.888 1695.64  2535.4 3387.36 4254.39
 92.318  851.89 1697.64  2538.4 3391.35  4259.4
92.4248  852.89  1699.6  2541.4 3395.35 4264.33
92.5321  853.89  1701.6  2544.4 3399.29 4269.28
92.6393  854.89  1703.6 2547.35 3403.29 4274.22
92.6393 855.892  1705.6 2550.35 3407.28 4279.23
92.6393 856.897  1707.6 2553.35 3411.28 4284.23
92.7455 857.879  1709.6 2556.35 3415.19 4289.23
92.8526 858.879  1711.6  2559.3 3419.14 4294.23
92.9591 859.879 1713.57  2562.3 3423.14 4299.16
93.0653 860.862 1715.57  2565.3 3427.14 4304.07
93.0653 861.862 1717.56  2568.3 3431.14 4309.08
93.0653 862.865 1719.56 2571.28 3435.14 4314.09
93.1718 863.865 1721.53 2574.28 3439.06 4319.09
93.1718 864.865 1723.53 2577.28 3443.07 4324.09
93.1718 865.867 1725.53 2580.27 3447.07  4329.1
93.2775 866.849 1727.53 2583.27 3451.07 4334.01
93.3836 867.849  1729.5 2586.27 3455.07 4338.94
93.4893 868.832  1731.5 2589.27 3458.98 4343.94
93.5934   869.8 1733.42 2592.27 3462.98 4348.94
93.6998   870.8 1735.42 2595.21 3466.98 4353.89
93.8055 871.782 1737.42 2598.21 3470.98  4358.8
93.9116 872.782 1739.39 2601.21 3474.98 4363.73
94.0175 873.782 1741.35 2604.15 3478.98 4368.73
94.0175 874.783 1743.34 2607.15 3482.98 4373.73
94.1239 875.783 1745.34 2610.15 3486.92 4378.68
94.2304 876.783 1747.34 2613.15 3490.86 4383.63
94.2304 877.784 1749.34 2616.15 3494.86 4388.64
94.3362 878.784  1751.3 2619.15 3498.86 4393.57
94.3362 879.784  1753.3 2622.15 3502.85 4398.58
94.4416 880.766  1755.3 2625.15 3506.77 4403.58
94.4416 881.766  1757.3 2628.15 3510.76 4408.59
94.4416 882.766  1759.3 2631.15 3514.75  4413.6
94.5451 883.734 1761.23 2634.15 3518.75  4418.6
94.6504 884.734 1763.19 2637.08 3522.75  4423.6
94.7559 885.734 1765.15 2640.08 3526.68  4428.6
94.7559 886.734 1767.15 2643.08 3530.67 4433.61
94.8609 887.717 1769.15 2646.08 3534.67 4438.52
94.8609  888.72 1771.15 2649.08 3538.66 4443.52
94.9662  889.72 1773.12 2652.08 3542.66 4448.45
95.0712  890.72 1775.08 2655.01 3546.66 4453.45
95.1769  891.72 1777.08 2658.01 3550.61 4458.41
95.1769  892.72 1779.08    2661  3554.6 4463.42
95.2825  893.72 1781.08 2663.96 3558.54 4468.42
95.2825  894.72 1783.08 2666.95 3562.54 4473.44
95.2825 895.721 1785.07 2669.95 3566.54 4478.44
95.2825 896.721 1787.07 2672.94 3570.53 4483.46
95.3872 897.721 1789.04 2675.94 3574.53 4488.39
95.4917 898.704 1791.04 2678.94 3578.53  4493.3
95.5945 899.672 1792.97 2681.94 3582.53  4498.3
95.5945 900.676 1794.97 2684.93 3586.53  4503.3
95.5945 901.676 1796.97 2687.93 3590.53  4508.3
95.6991 902.676 1798.94 2690.93 3594.46  4513.3
95.6991 903.677 1800.93 2693.93 3598.46  4518.3
95.6991 904.678 1802.93 2696.93 3602.46 4523.31
95.8038 905.678 1804.93 2699.87 3606.46 4528.26
95.9081 906.678 1806.89 2702.87 3610.39 4533.26
96.0129 907.678 1808.89 2705.83 3614.33 4538.26
96.0129 908.683 1810.89 2708.82 3618.33 4543.26
96.0129 909.683 1812.89 2711.81 3622.33 4548.27
96.0129 910.683 1814.89 2714.81 3626.34 4553.27
96.1173 911.683 1816.89 2717.81 3630.28 4558.22
96.2213 912.683 1818.86 2720.81 3634.21 4563.22
96.2213 913.684 1820.86 2723.81  3638.2 4568.23
96.2213 914.689 1822.86  2726.8  3642.2 4573.23
96.3247 915.672 1824.86  2729.8  3646.2 4578.14
96.4281 916.655 1826.86  2732.8  3650.2 4583.06
96.4281 917.655 1828.86 2735.79 3654.19 4588.07
96.5317 918.655 1830.83 2738.79 3658.19    4593
96.6352 919.655 1832.79 2741.73 3662.19    4598
96.6352 920.656 1834.78 2744.73 3666.19 4603.01
96.6352 921.658 1836.78 2747.71 3670.19 4608.02
96.6352 922.658 1838.79 2750.71 3674.19 4613.02
96.6352 923.658 1840.79 2753.71  3678.2 4618.02
96.6352  924.66 1842.79 2756.69  3682.2 4623.03
96.7383  925.66 1844.75 2759.69  3686.2 4627.96
96.8418  926.66 1846.75 2762.65 3690.14 4632.96
 96.943 927.628 1848.68 2765.65 3694.14 4637.96
97.0461 928.628 1850.65 2768.65 3698.14 4642.89
97.0461 929.628 1852.65 2771.64 3702.14 4647.89
97.1483 930.607 1854.65 2774.56 3706.14 4652.89
97.1483 931.612 1856.65 2777.56 3710.14 4657.89
97.2509 932.612 1858.61 2780.49 3714.14 4662.89
97.3534 933.595 1860.61 2783.49 3718.06 4667.89
97.4559 934.578 1862.61 2786.49 3721.97 4672.89
97.4559  935.58 1864.61 2789.49 3725.96  4677.9
97.5583 936.563 1866.61 2792.49 3729.88  4682.9
97.6615 937.563 1868.61 2795.49 3733.82 4687.85
97.7645 938.563 1870.61 2798.44 3737.82  4692.8
97.8665 939.542 1872.61 2801.36 3741.82  4697.8
97.9697 940.542 1874.61 2804.36 3745.76 4702.75
97.9697 941.546 1876.62 2807.35 3749.76 4707.75
98.0721 942.546 1878.58 2810.29 3753.76 4712.75
98.1748 943.546 1880.54 2813.29  3757.7 4717.75
98.1748 944.548 1882.54 2816.28  3761.7 4722.76
98.2773 945.548 1884.51 2819.28  3765.7 4727.69
98.2773 946.552 1886.51 2822.27  3769.7 4732.69
98.2773 947.552 1888.51 2825.27  3773.7 4737.69
98.3801 948.552 1890.51 2828.27 3777.64 4742.64
98.3801 949.554 1892.51 2831.25 3781.64 4747.65
98.4823 950.554 1894.48 2834.25 3785.57 4752.65
98.5842 951.537 1896.48 2837.25 3789.57 4757.57
 98.686  952.52 1898.48 2840.25 3793.57 4762.49
98.7885  953.52 1900.48 2843.21 3797.57 4767.43
  98.89 954.499 1902.48 2846.12 3801.57 4772.43
98.9926 955.499 1904.48 2849.08 3805.52 4777.43
99.0948 956.499 1906.45 2852.08 3809.52 4782.36
99.1974 957.499 1908.45 2855.03 3813.46 4787.36
99.2996 958.499 1910.41 2858.03 3817.46  4792.3
99.4014 959.482 1912.41 2861.03 3821.46 4797.21
99.4014 960.482 1914.41 2864.02 3825.46 4802.22
99.5031 961.465 1916.41 2867.02 3829.38 4807.22
99.6049 962.448 1918.41 2870.02 3833.38 4812.14
99.6049 963.448 1920.41 2873.02 3837.37 4817.15
 99.705 964.417 1922.34 2876.02 3841.37 4822.15
99.8062 965.396 1924.34 2878.94 3845.37 4827.15
99.9075 966.375 1926.34 2881.86 3849.37 4832.15
99.9075  967.38 1928.34 2884.85 3853.37 4837.15
 100.01  968.38 1930.34 2887.81 3857.37  4842.1
100.111  969.38  1932.3 2890.74 3861.37  4847.1
100.111 970.384  1934.3 2893.74 3865.37  4852.1
100.111 971.387  1936.3 2896.74 3869.37  4857.1
100.111 972.387  1938.3 2899.73 3873.36 4862.11
100.111  973.39  1940.3 2902.73 3877.36 4867.11
100.212 974.374  1942.3 2905.73 3881.36 4872.03
100.212 975.374  1944.3 2908.72 3885.36 4877.04
100.212 976.377  1946.3 2911.72 3889.35 4882.04
100.314 977.377 1948.27 2914.72 3893.35 4886.97
100.415 978.377 1950.27 2917.67 3897.35 4891.92
100.517 979.377 1952.27 2920.67  3901.3 4896.87
100.517 980.381 1954.27 2923.66  3905.3 4901.87
100.618 981.381 1956.27 2926.66 3909.25 4906.82
100.719 982.364 1958.27 2929.66 3913.16 4911.82
100.719 983.368 1960.27 2932.66 3917.16 4916.82
100.821 984.368 1962.27 2935.66 3921.11 4921.78
100.821 985.372 1964.27 2938.65 3925.11 4926.78
100.922 986.372 1966.27 2941.65 3929.05 4931.73
100.922 987.374 1968.27 2944.64 3933.05 4936.74
100.922 988.374 1970.27 2947.63 3937.05 4941.75
100.922 989.374 1972.27 2950.62 3941.05 4946.77
100.922 990.374 1974.27 2953.62 3945.04 4951.78
100.922 991.379 1976.27 2956.61 3949.04 4956.78
101.022 992.379 1978.23 2959.55 3953.04 4961.78
101.122 993.358 1980.23 2962.47 3957.04 4966.78
101.221 994.327 1982.16 2965.47 3961.04 4971.78
101.221 995.331 1984.16 2968.47 3965.04 4976.78
101.221 996.334 1986.16 2971.47 3969.03 4981.78