      4       2       3       4       4       4
      4       3       5       8       8       8
      4   4.125   6.875      11      12      13
5.04918   5.125 8.67828      14 15.1475      18
6.13945   6.125 10.6783  17.023 19.1475 21.8867
7.11669 7.09995 12.6783  20.023 22.1953 26.8867
7.11669 8.17026 14.5895 23.0415 26.1953 31.8867
7.11669 9.24057 16.5008 26.0599 30.1953 36.8867
7.11669 10.4513 18.5008 29.0599 34.1516 41.7197
7.83691  11.509 20.5008 32.0599 38.1516 45.9418
7.83691 12.6356 22.5008 35.1984 41.8865 50.9418
7.83691 13.7623 24.5008 38.3369 45.6213 55.9418
8.45087 14.7623 26.5008 41.3403 49.6213 60.3244
9.04593 15.7623 28.5008 44.2512 53.1153 65.3244
9.66147 16.7623 30.4401 47.2512 57.1153 69.7695
9.66147 17.9087  32.522 50.2512 61.1153 74.5412
9.66147 18.9087 34.6492 53.2512 65.1127 79.4167
9.66147 19.9087 36.6492 56.4822 69.0633 84.2352
9.66147 21.0037 38.6492 59.5887 72.8618 89.2352
10.0897 21.9346 40.6492 62.2296 76.8618 94.2352
10.5062 22.8401 42.3272 65.2296 80.8618 99.2352
10.5062 23.9217 44.3272 68.3187 84.6911 104.235
10.9064 24.8329 46.0157 71.3187 88.6911 109.235
10.9064 25.8329 48.0259 74.4341 92.5655 114.235
10.9064 26.8329 50.0259 77.6102 96.5151  119.11
11.2792 27.7501 51.7359 80.6102 100.515  124.11
11.2792 28.8245 53.7359  83.731 104.515 128.914
11.6583 29.8245 55.5422 86.5455 108.515 133.914
11.6583 30.8245 57.5926 89.5455 112.521 138.858
12.0344 31.8188 59.5926 92.5455 116.151 143.858
12.0344 32.8188 61.6059 95.6721 120.151 148.718
12.4041 33.8188 63.6059 98.6113 123.842 153.718
12.7891 34.8188 65.6059 101.611 127.686 158.489
12.7891 35.8813 67.6059 104.712 131.686 163.326
13.1564 36.8813 69.5476 107.712 135.686 168.017
13.5184 37.8962 71.5476 110.712 139.686  172.64
13.8827 38.8962 73.5476 113.696 143.686 177.292
14.2448 39.9105 75.5476 116.696 147.686 181.916
14.5976 40.8992 77.5476 119.696 151.344 186.916
14.5976 41.9707 79.5792 122.696 155.344 191.813
14.5976 43.0017 81.5341  125.71 159.344 196.813
14.5976 44.0017 83.5358 128.796 163.256 201.813
14.9383 45.0017 85.4854 131.796 167.256 206.523
15.2747  46.015 87.4854 134.796 171.256 211.173
15.6111 47.0283 89.4854 137.796 175.256 215.823
15.9565 48.0283 91.4854 140.796 179.135 220.599
16.2948 49.0283 93.4854 143.781 183.135 225.276
16.2948 50.0717 95.4854  146.84 187.032 230.276
16.6005 51.0111 97.4854 149.595 191.032 235.276
16.6005 52.0111 99.5064 152.697 195.032 240.154
16.9249 53.0111 101.506  155.68 199.032 244.846
16.9249 54.0111 103.528 158.781 203.032 249.723
16.9249 55.0111 105.575 161.781 207.046 254.661
17.2431 56.0111 107.575 164.781  210.94  259.45
17.5329 56.9523 109.575  167.55  214.94  264.45
17.8304 57.9523 111.435 170.393  218.94  269.45
18.1474 58.9523 113.435 173.393 222.832  274.24
18.1474 59.9523 115.479 176.393 226.847 279.181
18.4539 60.9523 117.479 179.372 230.847 283.896
18.7391 61.8944 119.479 182.145 234.847 288.896
  19.05 62.8944 121.479 185.145 238.743 293.689
19.3543 63.8991 123.479 188.145 242.743  298.38
19.3543 64.8991 125.483 191.199 246.684  303.38
19.6467 65.8796 127.483 194.199 250.411  308.38
19.9429 66.8796 129.483 197.127 254.187  313.38
20.2484 67.8796 131.483 200.127 258.081 318.181
20.5501 68.8796 133.442 203.127 262.081  322.92
20.5501 69.9216 135.442   206.2 266.081 327.805
20.5501 70.9409 137.416 209.206 270.081 332.805
20.8407 71.9441 139.416 212.206 274.081 337.512
21.1285 72.9441 141.342 215.206 277.867 342.512
21.1285 73.9441 143.348 218.259 281.809 347.512
21.4046 74.9441  145.22 221.111 285.809 352.512
21.4046 75.9441 147.224 224.162 289.753 357.512
21.6885 76.9441 149.224 227.136 293.753 362.254
21.6885 77.9801 151.233 230.136 297.708 367.254
21.6885 78.9801 153.272 233.136  301.72 372.204
21.6885 80.0188 155.272 236.202  305.72 377.099
21.6885 81.0541 157.281 239.202 309.676 382.099
21.6885 82.0541 159.281 242.285 313.668 387.024
21.6885 83.0541 161.318 245.285  317.68 391.974
21.9554 84.0541 163.318 248.285 321.589 396.798
21.9554 85.0541 165.323 251.333 325.537 401.798
22.2005 86.0036 167.323 254.138 329.537 406.798
22.2005 87.0036 169.323 257.217 333.529 411.727
22.4562 88.0056 171.323 260.217 337.529 416.469
22.7068 88.9879 173.323 263.217 341.296 421.469
22.9604 89.9879 175.258 266.217 345.107 426.469
23.2139 90.9879 177.194 269.217 348.919 431.469
23.4711 91.9879 179.157 272.217 352.919 436.249
23.7276 92.9879 181.157 275.193 356.919 441.017
23.9809 93.9879 183.157  278.13 360.728 446.017
23.9809 95.0035 185.136 281.135 364.728 451.017
23.9809 96.0466 187.136 284.135 368.733 455.969
24.2325 97.0466 189.099 287.135 372.733 460.754
24.4667 97.9846 190.927 290.135 376.733 465.754
24.4667 99.0095 192.927  293.17 380.673 470.754
24.4667 100.025 194.905 296.176 384.673 475.754
24.4667 101.025 196.905 299.249 388.664  480.69
24.4667 102.057 198.905 302.306 392.664 485.601
24.7107 103.057 200.905 305.306 396.579 490.442
24.7107 104.087 202.913 308.306 400.542 495.442
24.7107 105.116  204.92 311.306 404.504 500.442
24.9347  106.07  206.92 314.129 408.504 505.442
24.9347 107.106 208.943 317.129 412.504 510.382
25.1541 108.049 210.781 320.129 416.504 515.382
25.3868 109.048 212.781 323.129 420.504  520.15
25.6087 110.002 214.781 325.954 424.504  525.15
25.6087 111.029 216.788 328.954  428.47  530.15
25.6087 112.029 218.788 332.019 432.464 535.091
25.6087 113.052 220.788  335.05 436.411 540.091
25.6087 114.081 222.788 338.101 440.411  545.01
25.6087 115.116 224.809 341.101 444.411 549.954
25.6087 116.116 226.837 344.101  448.42 554.916
25.8308 117.116 228.804 347.101  452.42 559.727
25.8308 118.116 230.819 350.158  456.42 564.656
25.8308 119.116 232.821 353.196  460.38 569.656
25.8308 120.153 234.821 356.196 464.386 574.613
26.0459 121.153 236.821 359.196 468.386 579.398
26.0459 122.153 238.821 362.259 472.381 584.339
26.2606 123.153  240.79 365.259 476.381 589.156
26.2606 124.174  242.79 368.288 480.331 594.156
26.2606 125.174 244.817 371.288 484.342 599.118
26.2606 126.174 246.832 374.343 488.342 604.048
26.2606 127.174 248.834  377.38 492.304 609.048
26.2606 128.202 250.834  380.43 496.304  613.97
26.2606  129.23 252.834  383.48 500.304 618.892
26.2606  130.23 254.836 386.516 504.265 623.892
26.4632  131.23 256.836 389.499 508.265 628.707
26.4632 132.263 258.857 392.499 512.265 633.653
26.4632 133.297 260.857 395.499 516.273 638.611
26.6606 134.297 262.857  398.45 520.125 643.611
26.6606 135.322 264.863  401.45 524.094 648.611
26.8587 136.322 266.863 404.432 528.094  653.43
26.8587 137.322 268.877 407.485 532.094 658.363
26.8587 138.322 270.892 410.538 536.094 663.295
27.0502 139.308 272.892 413.538 539.916 668.295
27.2435 140.308 274.841 416.538 543.773 673.295
27.2435 141.333 276.848 419.538 547.743 678.295
 27.427 142.284 278.712 422.538 551.743 683.295
 27.427 143.284 280.712 425.597 555.737 688.242
 27.427 144.284 282.737 428.597 559.747 693.207
27.6097 145.246 284.737 431.453 563.747 698.207
27.7987 146.246 286.737 434.406 567.605 703.207
27.7987 147.246 288.737 437.463 571.599 708.156
27.9785 148.198 290.605 440.463 575.599 713.156
28.1683 149.198 292.577 443.463 579.599 717.994
28.3526 150.198 294.491 446.364 583.599 722.994
28.5341  151.16 296.491 449.221 587.599 727.994
28.5341  152.16 298.491 452.276 591.595 732.945
28.7188 153.145 300.491 455.276 595.425 737.945
28.9019 154.145 302.406 458.178 599.425 742.945
29.0805 155.097 304.275 461.178 603.425 747.945
29.0805 156.097 306.276  464.21 607.392 752.945
29.0805 157.127 308.276  467.21 611.398  757.91
29.0805 158.156 310.276  470.21 615.403 762.875
29.0805 159.186 312.276  473.21 619.408  767.84
 29.262 160.186 314.276 476.163 623.274  772.84
29.4467 161.186 316.276 479.163 627.209  777.72
29.4467 162.215 318.276 482.163 631.214 782.686
29.4467 163.215 320.276 485.214 635.209 787.639
 29.627 164.214 322.276 488.214 639.209  792.46
29.8033 165.214 324.194  491.12 643.209  797.46
29.8033 166.225 326.177 494.125 647.209  802.46
29.8033 167.225 328.198 497.125 651.218 807.431
 29.982 168.225 330.198 500.106 655.218 812.272
 29.982 169.236 332.182 503.111 659.218 817.272
 30.158 170.236 334.182 506.065 663.088 822.272
30.3359 171.236 336.153 509.065 667.088 827.122
30.3359 172.256 338.157 512.065 671.064 832.122
30.5082 173.256 340.077 514.972 675.064 837.122
30.6764 174.212 341.953 517.972 679.064 842.122
30.6764 175.212 343.953  521.02  683.06 847.078
30.6764 176.212 345.972  524.02 687.069  852.05
30.6764 177.238 347.986  527.02 691.069  857.01
30.8434 178.202 349.986 529.889 695.069  862.01
30.8434 179.213  351.97 532.894 699.069  867.01
30.8434 180.223 353.955 535.898 703.069  872.01
31.0086 181.188 355.955 538.768 707.069  877.01
31.1786 182.188 357.955 541.722 710.946  882.01
31.1786 183.215 359.955 544.722 714.951 886.979
31.3484 184.213 361.955 547.722 718.951 891.811
31.5127 185.178 363.955 550.592 722.951 896.811
31.5127 186.197 365.958 553.592 726.929 901.811
31.6795 187.183 367.958 556.592 730.777 906.811
31.8463 188.168 369.958 559.592 734.624 911.811
32.0131 189.154 371.958 562.592 738.472 916.811
 32.175 190.111 373.839 565.592 742.472 921.811
 32.175 191.126 375.839 568.612 746.437 926.811
32.3397 192.126 377.763 571.523 750.437 931.811
32.5023 193.091 379.763 574.395 754.437 936.811
32.5023 194.091 381.781 577.395 758.444 941.787
32.5023 195.106 383.781 580.415  762.41 946.787
32.5023 196.106 385.781 583.457 766.405 951.749
32.5023 197.106 387.797 586.457 770.412 956.725
32.6666 198.103 389.797 589.457 774.412 961.564
32.8291 199.088 391.797 592.457 778.265 966.564
32.9916 200.074 393.797 595.457 782.117 971.564
33.1509  201.04 395.797 598.331 786.117 976.564
33.1509 202.057 397.801 601.331 790.096 981.564
33.1509 203.067 399.788 604.335 794.096 986.564
33.3154 204.067 401.788 607.335 798.036 991.459
33.3154 205.085 403.788 610.367 802.036 996.408
33.3154 206.109 405.788 613.367 806.039 1001.38
33.4771 207.109 407.788 616.344 810.039 1006.24
33.6354 208.109 409.716 619.258 814.039 1011.24
33.7972 209.109 411.687 622.258 818.039 1016.11
33.7972 210.128 413.687  625.29 822.039 1021.06
33.7972  211.15 415.699  628.29 826.039 1026.02
33.7972 212.168 417.699 631.321 830.039 1030.98
33.9578 213.168 419.699 634.321 833.982 1035.87
34.1174 214.168 421.672 637.321 837.982 1040.74
34.1174 215.168 423.672  640.36 841.978  1045.7
 34.276 216.168 425.672 643.338 845.978 1050.57
 34.276 217.192 427.672 646.338 849.983 1055.54
 34.276 218.192 429.672 649.378  853.98  1060.5
 34.276  219.21 431.672 652.409  857.98 1065.45
 34.276 220.224 433.672 655.427 861.948 1070.45
 34.276 221.242 435.672 658.458 865.948  1075.4
 34.276 222.256 437.672 661.475 869.916  1080.4
 34.276 223.279 439.672 664.475 873.921 1085.38
 34.276 224.279 441.688 667.475 877.928 1090.35
 34.276 225.302 443.688 670.475 881.932 1095.33
 34.276 226.302 445.696  673.51 885.932 1100.28
 34.276 227.321 447.696 676.541 889.932 1105.24
34.4222  228.29 449.696 679.425 893.932 1110.24
34.4222  229.29 451.696 682.463 897.929  1115.2
34.5714  230.29 453.654 685.463 901.822  1120.2
34.7219  231.29 455.628 688.463 905.822 1125.07
34.7219  232.29 457.636 691.497 909.822 1130.03
34.7219 233.306 459.639 694.497 913.803 1135.03
34.8718 234.306 461.639 697.497  917.75 1139.94
34.8718 235.306 463.647 700.531  921.75 1144.89
35.0173 236.306  465.58 703.452  925.75 1149.89
35.0173 237.306  467.58 706.475 929.727 1154.89
35.1604 238.276  469.58 709.362 933.727 1159.89
35.1604 239.292 471.583 712.362 937.709 1164.89
35.3017 240.254 473.479 715.362 941.709 1169.89
35.4478 241.254 475.438 718.362 945.604 1174.89
35.5938 242.254 477.438 721.321 949.499 1179.89
35.5938 243.267 479.438 724.337  953.47 1184.89
35.5938 244.283  481.44 727.337 957.452 1189.89
35.5938 245.283  483.44 730.359  961.43 1194.89
35.7362 246.283 485.375 733.282  965.43 1199.89
35.8809  247.28 487.375 736.282  969.43 1204.75
35.8809 248.302 489.375 739.282 973.433 1209.73
36.0246 249.302 491.375 742.241  977.33 1214.73
36.1701 250.302 493.375 745.241 981.278 1219.63
36.3137 251.302 495.334 748.241 985.175 1224.63
36.3137 252.302 497.335 751.263 989.153 1229.63
36.4577 253.302 499.335 754.242 993.153 1234.51
36.4577  254.31 501.323 757.245 997.153 1239.51
36.6007 255.307 503.323 760.245 1001.15 1244.37
36.7422 256.295 505.323 763.245 1005.02 1249.37
36.8847 257.295 507.283 766.245 1008.92 1254.37
36.8847 258.295 509.283 769.267  1012.9 1259.37
36.8847 259.295 511.283 772.288 1016.88 1264.37
37.0261 260.295 513.283 775.249 1020.78 1269.37
37.0261 261.295  515.29  778.28 1024.78 1274.33
37.0261 262.295 517.304  781.28 1028.78 1279.31
37.1655 263.282 519.304  784.28 1032.66 1284.31
37.1655 264.282 521.304 787.314 1036.65 1289.28
37.3036 265.282 523.241 790.239 1040.65 1294.28
37.3036 266.282 525.254 793.239 1044.66 1299.26
37.3036 267.282 527.268 796.239 1048.66 1304.25
37.3036 268.298 529.268 799.266 1052.66  1309.2
37.4418 269.298 531.229 802.266 1056.56  1314.2
37.4418 270.298  533.23 805.287 1060.54  1319.2
37.4418 271.317 535.239 808.287 1064.54 1324.18
37.4418 272.317 537.253 811.287 1068.55 1329.16
37.5802 273.317 539.253 814.287 1072.49 1334.07
37.7138 274.288 541.253 817.182 1076.49 1339.07
37.7138 275.308 543.253 820.182  1080.5 1344.05
37.7138 276.308 545.253 823.215 1084.49 1349.02
37.8511 277.308 547.253 826.215 1088.44 1353.93
37.8511  278.32 549.253  829.23 1092.41 1358.93
37.8511  279.32 551.253 832.251 1096.39 1363.93
37.8511 280.338 553.263 835.251 1100.39  1368.9
37.8511 281.357 555.273 838.251 1104.39 1373.88
37.8511 282.369 557.273 841.266 1108.37 1378.88
37.9815 283.341 559.273 844.163 1112.37 1383.88
37.9815 284.357 561.273 847.188 1116.37 1388.83
37.9815 285.357 563.273 850.208 1120.35 1393.83
38.1123 286.357 565.214 853.137 1124.35 1398.83
38.1123 287.372 567.214 856.162 1128.35 1403.79
38.1123 288.384 569.214 859.177 1132.32 1408.79
38.2423 289.384 571.154 862.106 1136.32 1413.79
38.2423 290.384 573.154 865.138 1140.32 1418.77
38.3741 291.384 575.131 868.138 1144.32 1423.66
38.5066 292.384 577.131 871.138 1148.27 1428.57
38.6384 293.384 579.131 874.119 1152.27 1433.46
38.7697 294.381 581.131 877.119 1156.27 1438.33
 38.901 295.378 583.131 880.119 1160.27 1443.21
 39.032 296.378 585.094 883.119 1164.17 1448.21
 39.032 297.392 587.096 886.119 1168.16 1453.21
39.1628 298.389 589.096 889.119 1172.16 1458.08
39.2905 299.362 591.096 892.018 1176.16 1463.08
39.4173 300.328 593.003 895.018 1180.16 1468.08
39.4173 301.346 595.012 898.018 1184.16 1473.05
39.5481 302.346 597.012 900.998 1188.16 1477.94
 39.679 303.346 598.988 903.998 1192.16 1482.83
 39.679 304.346 600.995 907.026 1196.16  1487.8
39.8079 305.334 602.995 910.026 1200.04  1492.8
39.9338   306.3 604.902 913.026 1204.04  1497.8
39.9338 307.307 606.892 916.029 1208.04  1502.8
39.9338 308.315 608.882 919.032 1212.04  1507.8
40.0599 309.288 610.882 921.933 1216.04  1512.8
40.1889 310.284 612.882 924.933 1220.04 1517.67
40.1889 311.299 614.882 927.957 1224.04 1522.63
40.1889 312.299 616.882 930.987 1228.04 1527.61
40.1889 313.299 618.894 933.987 1232.04 1532.59
40.3129 314.265 620.803 936.987 1236.04 1537.59
40.3129 315.265 622.809 940.014 1240.04 1542.56
40.3129 316.278  624.81 943.014 1244.03 1547.56
40.3129 317.292 626.812 946.014 1248.01 1552.56
  40.44 318.292 628.812 948.995 1252.01 1557.45
40.5636 319.265 630.812 951.898 1256.01 1562.45
40.6873 320.239 632.812   954.8 1260.01 1567.45
40.8139 321.235 634.812   957.8 1264.01 1572.33
40.9405 322.232 636.812   960.8 1268.01  1577.2
40.9405 323.232 638.812  963.83 1272.01 1582.18
40.9405 324.232 640.824  966.83 1276.02 1587.16
41.0647 325.232 642.767 969.762 1280.02 1592.16
41.0647 326.248 644.776 972.762 1284.02 1597.13
41.0647 327.264 646.784 975.762 1288.02 1602.11
41.0647 328.277 648.786 978.762    1292 1607.11
41.1883 329.265 650.786 981.762 1295.89 1612.11
41.3133 330.265 652.786 984.743 1299.89    1617
41.4385 331.265 654.763 987.743 1303.89  1621.9
41.5642 332.265 656.763 990.743 1307.85 1626.82
41.6893 333.265  658.74 993.743 1311.85 1631.72
41.8123 334.265 660.684 996.675 1315.85 1636.72
41.8123 335.272 662.675 999.678 1319.85 1641.72
41.9363 336.272 664.639 1002.68 1323.76 1646.72
41.9363 337.272 666.639 1005.71 1327.76 1651.69
41.9363 338.272 668.644 1008.73 1331.76 1656.66
42.0582 339.272 670.589 1011.67 1335.76 1661.66
42.0582 340.272 672.594 1014.69 1339.76 1666.63
42.1803  341.26 674.594 1017.69 1343.65 1671.63
42.3024 342.248 676.594 1020.69 1347.54 1676.63
42.3024 343.248 678.605 1023.69 1351.54 1681.61
42.3024 344.255 680.596 1026.69 1355.54 1686.61
42.3024 345.255 682.596 1029.71 1359.52 1691.61
42.4235 346.243 684.596 1032.71 1363.41 1696.61
42.4235 347.259 686.596 1035.71 1367.42 1701.59
42.5462 348.259 688.596 1038.71 1371.37 1706.52
42.6645 349.227 690.509 1041.71 1375.37 1711.52
42.6645 350.227 692.509 1044.73 1379.36 1716.52
42.7863 351.227 694.486 1047.73 1383.36 1721.42
42.7863  352.24 696.486 1050.75 1387.36 1726.38
42.9039 353.208 698.401 1053.75 1391.36 1731.38
42.9039 354.208 700.411 1056.75 1395.36 1736.37
42.9039 355.208 702.422 1059.75 1399.37 1741.35
43.0247 356.208 704.399 1062.75 1403.37 1746.25
43.0247 357.218 706.399 1065.76 1407.34 1751.25
43.0247 358.231 708.399 1068.78 1411.34 1756.22
 43.144 359.231 710.399 1071.75 1415.26 1761.22
43.2637 360.227 712.399 1074.75 1419.26  1766.1
  43.38 361.195 714.314 1077.75 1423.26  1771.1
 43.497  362.17 716.314 1080.66 1427.26  1776.1
 43.497  363.18 718.314 1083.67 1431.24  1781.1
 43.497  364.18 720.324 1086.67 1435.24 1786.09
 43.615 365.168 722.324 1089.67 1439.14 1791.09
 43.615 366.183 724.324 1092.67 1443.14 1796.07
 43.615  367.19 726.315 1095.67 1447.14 1801.07
43.7331  368.19 728.281 1098.67 1451.06 1806.07
43.8518  369.19 730.258 1101.67 1455.06 1810.97
43.8518  370.19 732.268 1104.67 1459.06 1815.96
43.8518 371.205 734.276 1107.67 1463.06 1820.93
43.9695 372.201 736.276 1110.67 1467.06 1825.82
44.0881 373.201 738.276 1113.67 1471.02 1830.75
44.0881 374.201  740.28  1116.7 1475.02 1835.72
 44.204 375.201 742.227 1119.63 1479.02 1840.72
 44.204 376.201 744.232 1122.66 1483.02 1845.69
44.3208 377.201 746.232 1125.62 1486.94 1850.69
44.3208 378.201 748.242 1128.62 1490.94 1855.67
44.3208 379.207 750.233 1131.63 1494.94 1860.67
44.3208 380.213 752.224 1134.63 1498.94 1865.67
44.3208 381.225 754.225 1137.63 1502.93 1870.67
 44.437 382.225 756.203 1140.63 1506.93 1875.58
44.5533 383.225 758.181 1143.63 1510.93 1880.48
44.5533 384.225 760.181 1146.65 1514.93 1885.46
44.5533 385.237 762.181 1149.68 1518.93 1890.43
44.6661 386.212 764.181 1152.59 1522.93 1895.43
44.6661 387.212 766.181 1155.61 1526.92  1900.4
44.7801 388.201 768.181 1158.61 1530.82  1905.4
 44.892  389.17 770.099 1161.61 1534.82  1910.4
45.0073  390.17 772.077 1164.61 1538.82 1915.31
45.0073 391.179 774.077 1167.62  1542.8 1920.31
45.0073 392.194 776.084 1170.62  1546.8 1925.29
45.0073 393.194 778.084 1173.65  1550.8 1930.27
 45.121 394.194 780.051 1176.65 1554.72 1935.27
 45.121 395.208 782.058 1179.65 1558.72 1940.24
45.2345 396.208 784.024 1182.65 1562.64 1945.24
45.2345 397.214 786.015 1185.65 1566.64 1950.24
45.3479  398.21 788.015 1188.65 1570.64 1955.13
45.3479  399.21 790.015 1191.68 1574.64 1960.11
45.3479  400.21 792.014 1194.69 1578.62 1965.11
45.3479 401.221 794.015 1197.69 1582.61 1970.11
45.4614 402.221 796.015 1200.69 1586.57 1975.04
45.5727 403.221 797.964 1203.63 1590.57 1980.04
45.6856 404.221 799.964 1206.62 1594.57 1984.94
45.6856 405.221 801.968 1209.64 1598.57 1989.92
45.6856 406.221 803.972 1212.66 1602.57 1994.89
45.7979 407.221 805.972 1215.64 1606.57  1999.8
45.7979 408.221 807.972 1218.67 1610.57 2004.77
  45.91 409.221 809.972 1221.65 1614.57 2009.68
46.0209  410.21 811.972 1224.65 1618.47 2014.68
46.1324  411.21 813.972 1227.62 1622.39 2019.68
 46.245  412.21 815.972 1230.62 1626.35 2024.61
46.3554  413.21 817.922 1233.56 1630.35 2029.61
46.4669  414.21 819.922 1236.53 1634.27 2034.61
46.5795  415.21 821.922 1239.53 1638.23 2039.54
46.5795 416.223 823.929 1242.53 1642.23 2044.51
46.5795 417.223 825.929 1245.55 1646.23 2049.49
46.6915 418.223 827.929 1248.55 1650.19 2054.42
46.6915 419.232 829.929 1251.56 1654.17 2059.42
46.8022 420.232 831.929 1254.53 1658.09 2064.42
46.8022 421.243 833.929 1257.55 1662.09 2069.39
46.8022 422.258 835.929 1260.55 1666.09 2074.37
46.8022 423.269  837.93 1263.55 1670.08 2079.37
46.8022 424.274 839.921 1266.55 1674.08 2084.37
46.9121 425.271 841.921 1269.55 1678.08 2089.27
47.0224 426.271   843.9 1272.55 1682.08 2094.18
47.1315 427.259   845.9 1275.55 1685.98 2099.18
47.1315 428.265 847.891 1278.55 1689.98 2104.18
47.1315 429.265 849.895 1281.58 1693.98 2109.15
47.1315 430.265   851.9  1284.6 1697.98 2114.13
47.2414 431.265   853.9  1287.6 1701.94 2119.06
47.2414 432.265 855.909  1290.6 1705.94 2124.04
  47.35 433.265 857.877  1293.6 1709.87 2129.04
47.4597 434.265 859.877  1296.6 1713.83 2133.97
47.4597 435.279 861.884  1299.6 1717.83 2138.95
47.4597 436.289 863.885  1302.6 1721.82 2143.95
47.5678 437.289 865.853  1305.6 1725.74 2148.95
47.6765 438.289 867.832  1308.6 1729.74 2153.86
47.6765   439.3 869.834  1311.6 1733.73 2158.86
47.7826 440.277 871.834 1314.52 1737.73 2163.86
47.8907 441.273 873.834 1317.52 1741.73 2168.76
47.8907 442.273 875.838 1320.54 1745.73 2173.73
47.8907 443.284 877.838 1323.56 1749.73  2178.7
47.9975 444.273 879.838 1326.56 1753.63  2183.7
 48.104 445.273 881.789  1329.5 1757.63  2188.7
 48.104 446.286 883.796  1332.5 1761.63 2193.68
48.2117 447.286 885.796 1335.48 1765.63 2198.59
48.3193 448.286 887.796 1338.46 1769.63  2203.5
48.3193 449.286 889.795 1341.48 1773.62  2208.5
48.4272 450.286 891.795 1344.48 1777.58 2213.44
48.4272 451.292 893.787 1347.48 1781.58 2218.44
48.4272 452.292 895.787  1350.5 1785.58 2223.41
48.5342 453.292 897.787 1353.49 1789.58 2228.32
48.5342 454.292 899.796 1356.49 1793.58 2233.31
48.5342 455.292 901.796 1359.51 1797.58 2238.29
48.6378 456.264 903.721 1362.51 1801.58 2243.29
48.7443 457.264   905.7 1365.51 1805.58  2248.2
48.7443 458.277   907.7 1368.51 1809.58 2253.19
48.8483 459.255   909.7 1371.43 1813.58 2258.19
48.8483 460.255   911.7 1374.45 1817.58 2263.16
48.8483 461.268 913.707 1377.45 1821.58 2268.15
48.9535 462.268 915.707 1380.42  1825.5 2273.15
49.0579 463.268 917.659 1383.37  1829.5 2278.15
49.0579 464.273 919.651 1386.37  1833.5 2283.15
 49.163 465.273 921.651 1389.34 1837.43 2288.15
 49.163 466.273  923.65 1392.35 1841.42 2293.15
49.2655 467.245 925.576 1395.35 1845.42 2298.15
49.2655 468.251 927.568 1398.35 1849.42 2303.15
49.3677 469.223 929.493 1401.35 1853.42 2308.15
49.4725 470.219 931.493 1404.35 1857.42 2313.04
49.5748 471.191 933.419 1407.35 1861.42 2318.04
49.6776 472.168 935.419 1410.27 1865.42 2323.04
49.6776 473.179 937.419 1413.29 1869.42 2328.02
49.6776 474.179 939.419 1416.31 1873.42    2333
49.6776 475.189 941.419 1419.31 1877.41    2338
49.7821 476.189 943.399 1422.31 1881.41 2342.91
49.7821 477.202 945.399 1425.31 1885.41  2347.9
49.8867 478.202 947.399 1428.31 1889.37 2352.83
49.8867 479.202 949.399 1431.34 1893.37 2357.81
49.9911 480.202 951.399 1434.34 1897.33 2362.74
49.9911 481.215 953.399 1437.34 1901.33 2367.73
49.9911  482.22 955.391 1440.34 1905.33 2372.73
49.9911 483.233 957.391 1443.34 1909.33 2377.71
49.9911 484.241 959.391 1446.35 1913.32 2382.71
50.0921 485.219 961.391 1449.27 1917.32 2387.71
50.1938 486.219 963.344 1452.22 1921.32 2392.71
50.2956 487.219 965.298 1455.16 1925.32 2397.71
50.2956 488.229 967.298 1458.18 1929.32 2402.68
50.3985 489.229 969.298 1461.16 1933.32  2407.6
50.5009 490.229 971.298 1464.13 1937.25  2412.6
50.5009 491.229 973.298 1467.15 1941.24 2417.58
50.6033 492.225 975.298 1470.15 1945.24 2422.48
50.6033 493.233 977.298 1473.16 1949.23 2427.48
50.7058 494.233 979.277 1476.16 1953.23  2432.4
50.8073 495.222 981.277 1479.16 1957.14  2437.4
50.8073 496.222 983.277 1482.17 1961.12  2442.4
50.8073 497.227 985.269 1485.18 1965.12  2447.4
50.8073 498.227 987.272  1488.2 1969.12 2452.37
50.9089 499.223 989.272  1491.2 1973.12 2457.28
50.9089 500.236 991.278  1494.2 1977.12 2462.26
51.0105 501.236 993.278 1497.18 1981.12 2467.17
51.0105 502.236 995.277 1500.19 1985.11 2472.17
51.0105 503.236 997.281 1503.21 1989.11 2477.15
51.1113 504.236 999.281 1506.18 1993.04 2482.15
51.1113 505.248 1001.28 1509.18 1997.04 2487.13
51.1113 506.258 1003.28  1512.2 2001.04 2492.11
  51.21 507.237 1005.28 1515.12 2005.04 2497.11
51.3083  508.21 1007.21 1518.12 2009.04 2502.11
51.4087  509.21 1009.18 1521.12 2012.97 2507.11
51.5069 510.183 1011.11 1524.12 2016.97 2512.11
51.6081 511.183 1013.11 1527.12 2020.93 2517.04
51.6081 512.195 1015.11 1530.12 2024.93 2522.03
51.6081 513.207 1017.12 1533.12 2028.93 2527.01
51.6081 514.217 1019.12 1536.14 2032.93 2531.98
51.7079 515.217 1021.09 1539.14 2036.87 2536.98
51.8081 516.217 1023.07 1542.14 2040.87  2541.9
51.9084 517.217 1025.05 1545.14 2044.87 2546.82
52.0082 518.217 1027.02 1548.14  2048.8 2551.82
52.0082 519.217 1029.02 1551.16  2052.8  2556.8
52.0082 520.224 1031.02 1554.17 2056.78  2561.8
 52.106 521.203 1033.02 1557.09 2060.78  2566.8
52.2062 522.203 1035.02 1560.09 2064.74 2571.73
52.3058 523.199 1037.02 1563.09 2068.74 2576.64
52.3058 524.208 1039.02 1566.09 2072.73 2581.64
52.3058 525.218 1041.02 1569.11 2076.73 2586.61
52.3058 526.218 1043.02 1572.12 2080.72 2591.61
52.4031 527.197 1045.02 1575.05 2084.72 2596.61
52.5019 528.197 1047.02 1578.02 2088.65 2601.61
52.6012 529.197    1049 1581.02 2092.65 2606.53
52.7008 530.197    1051 1584.02 2096.61 2611.47
52.7998 531.192    1053 1587.02 2100.61 2616.37
 52.899 532.192    1055    1590 2104.61 2621.29
 52.899 533.202    1057 1593.02 2108.61 2626.27
 52.899  534.21    1059 1596.03  2112.6 2631.27
 52.899  535.21 1061.01 1599.03  2116.6 2636.25
52.9975 536.205 1063.01 1602.03  2120.6 2641.16
52.9975 537.205 1065.01 1605.04 2124.59 2646.16
52.9975 538.218 1067.01 1608.04 2128.59 2651.14
52.9975 539.218 1069.02 1611.04  2132.6 2656.13
53.0954 540.214 1071.02 1614.04  2136.6 2661.04
53.1916 541.192 1073.02 1616.96  2140.6 2666.04
53.1916 542.192 1075.02 1619.98 2144.59 2671.04
53.2886 543.182 1077.02 1622.98  2148.5 2676.04
53.2886 544.191 1079.02 1625.99  2152.5 2681.01
53.3864 545.191 1081.02 1628.98  2156.5 2685.93
53.4838 546.191 1082.99 1631.98 2160.43 2690.93
53.5811 547.191 1084.96 1634.98 2164.36 2695.93
53.5811   548.2 1086.96 1637.98 2168.35 2700.93
53.5811  549.21 1088.96 1640.99 2172.35 2705.91
53.6781  550.21 1090.93 1643.99 2176.29 2710.91
53.6781  551.21 1092.93 1647.01 2180.29 2715.88
53.7753  552.21 1094.91 1650.01 2184.29  2720.8
53.8726  553.21 1096.89 1653.01 2188.29 2725.73
53.9694  554.21 1098.89 1655.98 2192.22 2730.73
54.0667  555.21 1100.87 1658.98 2196.22 2735.65
54.0667  556.21 1102.87 1661.99 2200.21 2740.65
54.1634  557.21 1104.87 1664.97 2204.14 2745.65
54.2605  558.21 1106.85 1667.97 2208.14 2750.57
54.3566 559.199 1108.85 1670.97 2212.05 2755.57
54.3566 560.211 1110.86 1673.97 2216.05 2760.55
54.4533 561.207 1112.86 1676.97 2220.05 2765.46
54.5505 562.207 1114.86 1679.97 2224.02  2770.4
54.5505 563.218 1116.86 1682.97 2228.02 2775.39
54.6476 564.218 1118.86 1685.97 2231.98 2780.32
54.6476  565.23 1120.86 1688.97 2235.99 2785.31
54.6476 566.239 1122.86 1691.97 2239.98 2790.31
54.6476 567.246 1124.86 1694.97 2243.96 2795.31
54.7441 568.246 1126.86 1697.97 2247.93 2800.25
54.7441 569.246 1128.86    1701 2251.93 2805.23
54.7441 570.258 1130.86    1704 2255.93 2810.22
54.7441 571.258 1132.86 1707.01 2259.93 2815.19
 54.839 572.248 1134.86 1710.01 2263.84 2820.19
 54.839 573.248 1136.86 1713.03 2267.84 2825.18
54.9334 574.248 1138.82 1715.98 2271.84 2830.18
55.0266 575.222 1140.75 1718.98 2275.84 2835.18
55.1213 576.212 1142.75 1721.98 2279.76 2840.18
 55.215 577.191 1144.75 1724.91 2283.76 2845.18
 55.215   578.2 1146.75 1727.93 2287.76 2850.15
55.3095  579.19 1148.75 1730.93 2291.67 2855.15
55.4025 580.164 1150.68 1733.93 2295.67 2860.15
55.4025 581.173 1152.68 1736.94 2299.67 2865.13
55.4959 582.153 1154.68 1739.87 2303.67 2870.13
55.4959 583.153 1156.69 1742.87 2307.68 2875.11
55.4959 584.153 1158.69 1745.88 2311.67 2880.11
55.4959 585.153 1160.69 1748.89 2315.65 2885.11
55.5895 586.153 1162.65 1751.84 2319.65 2890.11
55.6833 587.142 1164.65 1754.84 2323.57 2895.11
 55.778 588.142 1166.65 1757.83 2327.57 2900.04
55.8727 589.142 1168.63 1760.83 2331.57 2904.96
 55.967 590.142  1170.6 1763.83  2335.5 2909.96
 55.967 591.153 1172.61 1766.83  2339.5 2914.94
56.0615 592.153 1174.59 1769.83  2343.5 2919.87
56.0615 593.153 1176.59 1772.83 2347.51 2924.86
56.1556 594.149 1178.59 1775.83 2351.51 2929.77
56.1556 595.158 1180.59 1778.84 2355.51 2934.74
56.1556 596.169  1182.6 1781.84 2359.51 2939.73
56.2497 597.169 1184.58 1784.84 2363.51 2944.65
56.3437 598.169 1186.58 1787.83 2367.51 2949.57
56.3437 599.169 1188.59 1790.83 2371.51 2954.56
56.3437 600.169 1190.59 1793.84 2375.51 2959.55
56.3437  601.18 1192.59 1796.84 2379.51 2964.53
56.3437 602.191 1194.59 1799.84 2383.51 2969.52
56.3437 603.199 1196.59 1802.84 2387.51 2974.52
56.3437  604.21 1198.59 1805.84 2391.51  2979.5
56.3437  605.21  1200.6 1808.84 2395.51 2984.49
56.3437 606.219  1202.6 1811.86 2399.51 2989.47
56.4363 607.215  1204.6 1814.86 2403.51 2994.38
56.4363  608.22 1206.59 1817.86 2407.51 2999.38
56.4363  609.22 1208.59 1820.87  2411.5 3004.38
56.5288  610.22 1210.59 1823.86  2415.5  3009.3
56.6202  611.22 1212.55 1826.81  2419.5  3014.3
56.6202  612.22 1214.55 1829.83  2423.5 3019.28
56.6202 613.228 1216.55 1832.83 2427.49 3024.28
56.7125 614.228 1218.53 1835.83 2431.49 3029.21
56.7125 615.233 1220.52 1838.83 2435.49 3034.21
56.8045 616.233 1222.52 1841.81 2439.49 3039.13
56.8948 617.213 1224.52 1844.74 2443.49 3044.13
56.9852 618.193 1226.52 1847.67 2447.49 3049.13
57.0762 619.193 1228.48 1850.62 2451.49 3054.13
57.1678 620.193 1230.48  1853.6 2455.43 3059.13
57.1678 621.204 1232.49  1856.6 2459.43 3064.12
57.1678 622.204 1234.49 1859.61 2463.43  3069.1
57.1678 623.208 1236.48 1862.62 2467.43  3074.1
57.1678 624.215 1238.48 1865.63 2471.41  3079.1
57.2572  625.19 1240.42 1868.63 2475.41  3084.1
57.2572  626.19 1242.41 1871.64  2479.4  3089.1
57.3485  627.19 1244.41 1874.62  2483.4 3094.02
 57.439  628.18 1246.41 1877.62 2487.32 3099.02
 57.439  629.18 1248.42 1880.64 2491.32    3104
 57.439  630.18 1250.42 1883.64 2495.33 3108.99
 57.439 631.184 1252.42 1886.64 2499.33 3113.99
57.5288 632.184 1254.38 1889.59 2503.33 3118.99
57.6193 633.184 1256.35 1892.59 2507.26 3123.99
57.6193 634.193 1258.35 1895.61 2511.26 3128.97
 57.709 635.193 1260.31 1898.56 2515.26 3133.97
57.7976 636.169 1262.24 1901.56 2519.26 3138.97
57.8867 637.149 1264.24 1904.49 2523.26 3143.97
57.9753 638.125 1266.18 1907.49 2527.26 3148.97
57.9753 639.131 1268.18  1910.5 2531.25 3153.97
58.0659 640.131 1270.18 1913.48 2535.25  3158.9
58.1554 641.131 1272.14 1916.43 2539.25  3163.9
58.1554 642.135 1274.13 1919.43 2543.25  3168.9
58.1554 643.143 1276.13 1922.43 2547.24  3173.9
58.2441 644.124 1278.13 1925.36 2551.24  3178.9
58.2441 645.124 1280.13 1928.38 2555.24 3183.88
58.3326 646.104 1282.13 1931.31 2559.24 3188.88
58.3326 647.104 1284.14 1934.33 2563.24 3193.86
58.3326 648.111 1286.14 1937.34 2567.23 3198.86
58.3326 649.111 1288.14 1940.35 2571.23 3203.84
58.3326 650.111 1290.14 1943.37 2575.22 3208.82
58.4206 651.091 1292.14  1946.3 2579.22 3213.82
58.4206 652.091 1294.14 1949.31 2583.21 3218.82
58.5103 653.091 1296.14 1952.31 2587.18 3223.76
58.5998 654.091 1298.14  1955.3 2591.18 3228.69
58.6888 655.091 1300.11  1958.3 2595.12 3233.69
58.7782 656.091 1302.11 1961.28 2599.12 3238.62
58.8674 657.087 1304.11 1964.28 2603.12 3243.53
58.9565 658.087 1306.11 1967.25 2607.06 3248.53
59.0456 659.087 1308.11 1970.23    2611 3253.53
59.1347 660.087 1310.11  1973.2 2614.94 3258.53
59.1347 661.087 1312.11 1976.21 2618.93 3263.53
59.1347 662.091  1314.1 1979.21 2622.93 3268.53
59.1347 663.096  1316.1 1982.21 2626.93 3273.53
59.2229 664.086  1318.1 1985.21 2630.85 3278.53
59.2229 665.086  1320.1 1988.23 2634.85 3283.52
59.3118 666.086  1322.1 1991.21 2638.85 3288.44
59.4003 667.086 1324.07 1994.21 2642.79 3293.44
59.4003 668.096 1326.07 1997.21 2646.79 3298.43
59.4003 669.104 1328.07 2000.21 2650.78 3303.43
 59.489 670.104 1330.05 2003.21 2654.78 3308.36
59.5756  671.08 1331.99 2006.21 2658.78 3313.36
59.6633  672.08 1333.95 2009.17 2662.78 3318.36
59.6633  673.09 1335.95 2012.17 2666.78 3323.35
59.6633 674.097 1337.95 2015.17 2670.77 3328.35
59.6633 675.097 1339.95 2018.18 2674.76 3333.35
59.7506 676.097 1341.91 2021.13 2678.76 3338.35
59.8368 677.074 1343.85 2024.13 2682.76 3343.35
59.9231  678.05 1345.78 2027.13 2686.76 3348.35
60.0116  679.05 1347.78 2030.13 2690.73 3353.29
60.0983 680.031 1349.78 2033.06 2694.73 3358.29
60.1865 681.031 1351.77 2036.06 2698.73 3363.22
60.1865 682.031 1353.77 2039.08 2702.73 3368.21
60.1865 683.031 1355.77 2042.08 2706.74  3373.2
60.2744 684.031 1357.77 2045.06 2710.74 3378.13
60.2744 685.038 1359.77 2048.06 2714.73 3383.13
60.2744 686.042 1361.76 2051.07 2718.73 3388.13
60.3618 687.042 1363.74 2054.07 2722.67 3393.13
60.4493 688.038 1365.74 2057.07 2726.67 3398.04
60.5367 689.034 1367.74 2060.07 2730.67 3402.96
60.6241 690.034 1369.74 2063.04 2734.61 3407.96
60.7114 691.034 1371.74 2066.01 2738.55 3412.96
60.7114 692.034 1373.74 2069.02 2742.54 3417.96
 60.799 693.034 1375.72 2072.02 2746.54 3422.89
 60.799 694.034 1377.72 2075.03 2750.53 3427.89
 60.799 695.038 1379.71 2078.03 2754.53 3432.89
 60.799 696.038 1381.71 2081.04 2758.52 3437.89
60.8862 697.038 1383.71 2084.03 2762.52 3442.82
60.9715 698.014 1385.65 2087.03 2766.52 3447.82
61.0586 699.014 1387.65 2090.01 2770.52 3452.75
61.1455 700.014 1389.65 2092.98 2774.46 3457.75
61.2308 700.991 1391.59 2095.98 2778.46 3462.75
61.3161 701.967 1393.52 2098.98 2782.46 3467.75
61.4032 702.967 1395.52 2101.97 2786.46 3472.68
61.4906 703.967 1397.52 2104.97 2790.43 3477.62
61.5771 704.957 1399.52 2107.97 2794.35 3482.62
61.6636 705.947 1401.52 2110.97 2798.27 3487.62
61.6636 706.947 1403.53 2113.98 2802.27 3492.61
61.7497 707.947 1405.49 2116.94 2806.27 3497.61
61.7497 708.954 1407.49 2119.95 2810.27 3502.58
61.7497 709.962 1409.49 2122.96 2814.27 3507.56
61.8365 710.962 1411.49 2125.95 2818.27 3512.49
61.8365 711.968 1413.49 2128.95 2822.26 3517.49
 61.923 712.963 1415.49 2131.95 2826.26 3522.41
 61.923 713.968 1417.48 2134.96 2830.26 3527.41
 61.923 714.975 1419.48 2137.97 2834.26 3532.39
 61.923 715.985 1421.48 2140.97 2838.26 3537.38
 61.923 716.985 1423.48 2143.99 2842.26 3542.36
62.0085 717.975 1425.48 2146.99 2846.19 3547.36
62.0085 718.982 1427.48 2149.99 2850.18 3552.36
62.0945 719.982 1429.48 2152.97 2854.18 3557.29
62.1803 720.982 1431.48 2155.94 2858.12 3562.29
62.2663 721.982 1433.46 2158.94 2862.12 3567.22
62.2663 722.982 1435.46 2161.96 2866.12 3572.21
62.3509 723.963 1437.46 2164.89 2870.12 3577.21
62.4368 724.963 1439.46 2167.88 2874.12 3582.14
62.4368 725.973 1441.47 2170.88 2878.12 3587.12
62.4368 726.978 1443.47 2173.88 2882.11 3592.12
62.5218 727.968 1445.47 2176.88 2886.03 3597.12
62.5218 728.968 1447.47 2179.88 2890.04 3602.11
62.5218 729.968 1449.48 2182.88 2894.04  3607.1
62.5218 730.978 1451.48 2185.88 2898.04 3612.09
62.5218 731.978 1453.48 2188.89 2902.03 3617.09
62.6062 732.978 1455.44 2191.85 2906.03 3622.09
  62.69 733.959 1457.44 2194.78 2910.03 3627.09
62.7753 734.959 1459.44 2197.77 2914.03 3632.02
62.7753 735.968 1461.45 2200.77 2918.03 3637.01
62.7753 736.968 1463.45 2203.78 2922.03 3641.99
62.8585 737.945 1465.39 2206.78 2926.03 3646.99
62.9433  738.94 1467.39 2209.78 2930.03 3651.91
62.9433  739.94 1469.39  2212.8 2934.03  3656.9
63.0275  740.93 1471.39  2215.8 2937.96  3661.9
63.0275  741.94 1473.39  2218.8 2941.96 3666.88
63.1119  742.94 1475.39 2221.77  2945.9 3671.88
63.1965 743.935 1477.39 2224.77  2949.9  3676.8
63.1965 744.945 1479.39 2227.77  2953.9 3681.79
63.1965 745.945 1481.39 2230.79  2957.9 3686.78
63.2813 746.945 1483.39 2233.79 2961.87 3691.72
63.2813 747.949 1485.38 2236.79 2965.87 3696.72
 63.364 748.926 1487.32 2239.79 2969.87 3701.72
63.4481 749.926  1489.3 2242.79 2973.81 3706.72
63.5318 750.916  1491.3 2245.79 2977.74 3711.72
 63.616 751.911  1493.3 2248.79 2981.74 3716.64
 63.616  752.92  1495.3 2251.79 2985.74 3721.63
 63.616 753.924 1497.29 2254.79 2989.74 3726.63
63.7002 754.924 1499.29 2257.78 2993.74 3731.57
63.7002 755.924 1501.29 2260.79 2997.73 3736.57
 63.784 756.924 1503.29 2263.76 3001.68 3741.57
63.8667 757.906 1505.29  2266.7 3005.68 3746.57
  63.95 758.906 1507.25 2269.65 3009.68 3751.57
64.0341 759.906 1509.23 2272.65 3013.68  3756.5
64.1164 760.883 1511.17 2275.65 3017.68  3761.5
64.2005 761.883 1513.17 2278.63 3021.68 3766.43
64.2005 762.892 1515.18 2281.63 3025.68 3771.42
64.2844 763.892 1517.18 2284.62 3029.68 3776.35
64.3687 764.892 1519.18 2287.62 3033.65  3781.3
64.3687 765.897 1521.18 2290.63 3037.63  3786.3
64.4523 766.893 1523.18 2293.63 3041.63 3791.22
64.4523 767.893 1525.18 2296.64 3045.62 3796.22
64.4523 768.893 1527.18 2299.65 3049.62  3801.2
64.4523 769.901 1529.18 2302.65 3053.62 3806.19
64.4523 770.907 1531.18 2305.66 3057.61 3811.19
64.5344 771.889 1533.18 2308.59 3061.61 3816.19
64.5344 772.889 1535.19 2311.59 3065.62 3821.18
64.5344 773.889 1537.19 2314.61 3069.61 3826.17
 64.617 774.879 1539.19 2317.61 3073.54 3831.17
64.6995 775.869 1541.19 2320.61 3077.47 3836.17
64.6995 776.869 1543.19 2323.62 3081.46 3841.17
 64.782 777.859 1545.19 2326.62 3085.39 3846.17
64.8644 778.849 1547.19 2329.62 3089.32 3851.17
64.9462 779.831 1549.19 2332.56 3093.32 3856.17
64.9462 780.839 1551.19 2335.56 3097.32 3861.15
65.0284 781.839 1553.15 2338.51 3101.32 3866.15
65.0284 782.839 1555.15 2341.53 3105.32 3871.14
65.1099 783.821 1557.15 2344.46 3109.32 3876.14
65.1099 784.825 1559.15 2347.46 3113.32 3881.14
65.1929 785.825 1561.15 2350.46 3117.28 3886.09
 65.276 786.825 1563.15 2353.46 3121.25 3891.03
65.3584 787.825 1565.15 2356.44  3125.2 3896.03
65.3584 788.834 1567.15 2359.44  3129.2 3901.02
65.4411 789.834 1569.13 2362.44  3133.2 3905.96
65.5238 790.834 1571.11 2365.44  3137.2 3910.89
65.6058 791.824 1573.11 2368.44 3141.13 3915.89
65.6885 792.824  1575.1 2371.44 3145.13 3920.83
65.6885 793.824  1577.1 2374.44 3149.13 3925.82
65.7704 794.814  1579.1 2377.44 3153.06 3930.82
 65.853 795.814  1581.1 2380.42 3157.06 3935.75
 65.853 796.823  1583.1 2383.42 3161.06 3940.74
65.9351 797.823  1585.1  2386.4    3165 3945.74
66.0176 798.823  1587.1 2389.38    3169 3950.67
66.0176 799.828  1589.1 2392.39 3172.99 3955.67
66.0996 800.828 1591.08 2395.39 3176.93 3960.67
 66.182 801.828 1593.08 2398.37 3180.93 3965.61
66.2643 802.828 1595.06 2401.37 3184.93 3970.54
66.2643 803.836 1597.06 2404.37 3188.93 3975.53
66.2643 804.842 1599.06 2407.38 3192.92 3980.53
66.3457 805.842 1601.03 2410.33 3196.92 3985.53
66.4265 806.824 1603.03 2413.27 3200.92 3990.53
66.4265 807.824 1605.03 2416.28 3204.92 3995.52
66.4265 808.824 1607.03  2419.3 3208.92  4000.5
66.5082 809.824 1609.03 2422.27 3212.87  4005.5
66.5082 810.832 1611.03 2425.27 3216.87 4010.49
66.5082 811.837 1613.03 2428.28 3220.85 4015.49
66.5883 812.815 1614.98 2431.28 3224.85 4020.49
66.5883 813.815 1616.98 2434.29 3228.85 4025.47
66.5883  814.82 1618.98  2437.3 3232.84 4030.47
66.6695  815.82 1620.95  2440.3 3236.78 4035.47
66.7503  816.82 1622.91 2443.26 3240.78 4040.47
66.7503  817.82 1624.91 2446.27 3244.78 4045.46
66.8314  818.82 1626.91 2449.25 3248.73 4050.46
66.9112 819.798 1628.86 2452.25 3252.73 4055.46
66.9112 820.798 1630.86 2455.26 3256.73 4060.44
66.9112 821.806 1632.86 2458.26 3260.73 4065.43
66.9112 822.814 1634.87 2461.26 3264.73 4070.42
66.9926 823.814 1636.87 2464.26  3268.7 4075.37
67.0734 824.814 1638.84 2467.26 3272.64 4080.37
67.0734 825.814 1640.84 2470.27 3276.63 4085.37
67.1532 826.797 1642.84 2473.21 3280.63 4090.37
67.2326 827.774 1644.78 2476.21 3284.63 4095.37
67.3129 828.774 1646.75 2479.16 3288.63 4100.37
67.3941 829.774 1648.75 2482.16  3292.6 4105.32
67.3941 830.781 1650.75 2485.16  3296.6 4110.32
 67.475 831.781 1652.73 2488.16  3300.6 4115.25
 67.475 832.788 1654.73 2491.18  3304.6 4120.24
67.5553 833.778 1656.73 2494.18 3308.53 4125.24
67.6361 834.778 1658.73 2497.16 3312.53 4130.17
67.6361 835.785 1660.73 2500.17 3316.53 4135.15
67.6361 836.785 1662.73 2503.18 3320.52 4140.15
 67.717 837.785 1664.73 2506.18 3324.49  4145.1
 67.717 838.785 1666.73  2509.2 3328.49 4150.09
67.7959 839.763 1668.67  2512.2 3332.49 4155.09
67.7959 840.769 1670.67 2515.21 3336.49 4160.07
67.8762 841.765 1672.67 2518.21 3340.49 4164.99
67.8762 842.768 1674.67 2521.21 3344.49 4169.99
67.9565 843.768 1676.67 2524.19 3348.49 4174.93
67.9565 844.772 1678.66  2527.2 3352.49 4179.93
67.9565 845.779 1680.66 2530.21 3356.49 4184.91
67.9565 846.785 1682.66 2533.22 3360.49 4189.89
 68.036 847.776 1684.66 2536.22 3364.42 4194.89
 68.036 848.784 1686.66 2539.22 3368.42 4199.88
 68.036 849.789 1688.66 2542.23 3372.41 4204.88
 68.036 850.797 1690.66 2545.23 3376.41 4209.87
 68.036 851.806 1692.66 2548.23 3380.41 4214.86
 68.036 852.806 1694.66 2551.24 3384.41 4219.85
 68.036 853.812 1696.66 2554.24  3388.4 4224.85
68.1157 854.812 1698.66 2557.24 3392.37  4229.8
68.1949 855.812 1700.64 2560.24 3396.32  4234.8
68.2746 856.812 1702.64 2563.24 3400.29 4239.75
68.3529 857.794 1704.64 2566.18 3404.29 4244.75
68.4322  858.79 1706.64 2569.18 3408.29 4249.67
68.4322  859.79 1708.64 2572.19 3412.29 4254.66
68.4322  860.79 1710.64 2575.19 3416.29 4259.65
68.4322 861.798 1712.65 2578.19 3420.29 4264.64
68.4322 862.798 1714.65 2581.21 3424.29 4269.63
68.4322 863.798 1716.65 2584.22 3428.29 4274.61
68.5113 864.798 1718.63 2587.22 3432.29 4279.55
68.5905 865.798 1720.63 2590.22 3436.26  4284.5
68.5905 866.804 1722.63 2593.22 3440.25  4289.5
68.5905 867.804 1724.63 2596.22 3444.26 4294.49
68.5905 868.811 1726.63 2599.23 3448.26 4299.47
68.6691 869.806 1728.63 2602.23 3452.26  4304.4
68.7467 870.789 1730.63 2605.17 3456.26  4309.4
68.8252 871.789 1732.61 2608.17  3460.2  4314.4
68.8252 872.789 1734.61 2611.19  3464.2 4319.39
68.8252 873.795 1736.61 2614.19  3468.2 4324.39
68.8252 874.803 1738.61 2617.19  3472.2 4329.38
68.9034 875.803 1740.61 2620.16 3476.14 4334.38
68.9034  876.81 1742.61 2623.18 3480.14 4339.36
68.9034 877.818 1744.61 2626.18 3484.14 4344.35
68.9034 878.818 1746.61 2629.19 3488.14 4349.33
68.9818 879.818 1748.61 2632.19 3492.11 4354.28
69.0601 880.818 1750.61 2635.17 3496.11 4359.22
69.0601 881.818 1752.61 2638.18 3500.11 4364.22
69.0601 882.818 1754.62 2641.18 3504.11 4369.21
69.0601 883.825 1756.62 2644.19 3508.11 4374.19
69.1375 884.815 1758.62 2647.19 3512.04 4379.19
69.1375 885.823 1760.62 2650.19 3516.04 4384.18
69.1375 886.831 1762.62 2653.19 3520.04 4389.17
69.2151 887.827 1764.62 2656.19 3524.04  4394.1
69.2151 888.833 1766.62 2659.21 3528.04 4399.08
69.2151 889.841 1768.62 2662.21 3532.04 4404.07
69.2912  890.82 1770.57 2665.21 3536.04 4409.07
69.3673 891.799 1772.52 2668.21 3540.04 4414.07
69.4451 892.799 1774.52 2671.21 3544.01 4419.02
69.5216 893.782 1776.52 2674.15 3548.01 4424.02
69.5216 894.782 1778.51 2677.15 3552.01 4429.02
69.5988 895.782 1780.51 2680.13 3555.95 4434.02
69.5988 896.787 1782.51 2683.14 3559.94 4439.02
69.6763 897.787 1784.51 2686.12 3563.94 4443.96
69.7534 898.787 1786.51  2689.1 3567.89 4448.96
69.8302 899.787 1788.48 2692.05 3571.89 4453.96
69.8302 900.787 1790.48 2695.05 3575.89 4458.95
69.8302 901.787 1792.49 2698.05  3579.9 4463.94
69.8302 902.793 1794.49 2701.05 3583.89 4468.94
69.8302 903.796 1796.48 2704.06 3587.89 4473.94
69.9066 904.796 1798.45 2707.01 3591.89 4478.94
 69.983 905.796 1800.41 2709.97 3595.89 4483.94
  70.06 906.796 1802.41 2712.96 3599.89 4488.88
70.1373 907.796 1804.41 2715.96 3603.86 4493.83
70.1373 908.796 1806.42 2718.96 3607.87 4498.82
70.1373 909.796 1808.42 2721.96 3611.87 4503.82
70.1373 910.799 1810.42 2724.96 3615.87 4508.82
70.1373 911.804 1812.42 2727.97 3619.86 4513.82
70.2135 912.795 1814.42 2730.97 3623.79 4518.82
70.2135 913.803 1816.42 2733.97 3627.79 4523.81
70.2899 914.803  1818.4 2736.97 3631.74 4528.81
70.3666 915.803  1820.4 2739.95 3635.74 4533.74
70.3666 916.808  1822.4 2742.96 3639.73 4538.74
70.3666 917.808  1824.4 2745.97 3643.72 4543.74
70.3666 918.816  1826.4 2748.97 3647.72 4548.73
70.3666 919.824  1828.4 2751.97 3651.72 4553.73
70.4429 920.824  1830.4 2754.95 3655.72 4558.66
70.5178 921.803 1832.34 2757.95 3659.72 4563.66
70.5936 922.793 1834.34 2760.95 3663.66 4568.66
70.6697 923.793 1836.34 2763.93 3667.61 4573.66
70.6697   924.8 1838.34 2766.94 3671.61 4578.65
70.6697 925.803 1840.34 2769.94 3675.61 4583.65
70.6697 926.808 1842.34 2772.95 3679.59 4588.65
70.7456 927.803 1844.34 2775.95 3683.59 4593.58
70.8218 928.803 1846.34 2778.95 3687.57 4598.53
70.8218 929.808 1848.34 2781.95 3691.56 4603.53
70.8967 930.791 1850.34 2784.89 3695.56 4608.53
70.8967 931.799 1852.34 2787.89 3699.56 4613.52
70.9724 932.799 1854.34 2790.87 3703.51 4618.52
71.0472 933.782 1856.34 2793.81 3707.51 4623.52
71.0472 934.788 1858.34 2796.81  3711.5 4628.52
71.1229 935.784 1860.34 2799.81  3715.5 4633.45
71.1229 936.784 1862.34 2802.82  3719.5 4638.43
71.1229 937.787 1864.33 2805.83  3723.5 4643.43
71.1229 938.787 1866.33 2808.84  3727.5 4648.42
71.1983 939.783 1868.33 2811.84  3731.5 4653.35
71.1983 940.783 1870.33 2814.85 3735.49 4658.35
71.2731 941.783  1872.3 2817.81 3739.49 4663.35
71.2731 942.791  1874.3 2820.81 3743.49 4668.34
71.2731 943.794 1876.29 2823.81 3747.49 4673.34
71.2731 944.794  1878.3 2826.82 3751.49 4678.32
71.2731 945.794  1880.3 2829.82  3755.5 4683.32
71.3481 946.794 1882.28 2832.82 3759.45 4688.32
71.3481 947.794 1884.28 2835.82 3763.45 4693.31
71.3481 948.794 1886.29 2838.82 3767.45  4698.3
71.3481 949.794 1888.28 2841.83 3771.44  4703.3
71.3481 950.794 1890.29 2844.83 3775.45 4708.29
71.4227 951.794 1892.27 2847.83  3779.4 4713.29
71.4227 952.802 1894.27 2850.83  3783.4 4718.28
 71.497 953.793 1896.27 2853.83 3787.33 4723.28
 71.497 954.799 1898.27 2856.84 3791.33 4728.27
 71.497 955.799 1900.27 2859.85 3795.33 4733.25
71.5714 956.794 1902.27 2862.85 3799.33 4738.18
71.5714 957.802 1904.27 2865.85 3803.33 4743.17
71.5714 958.807 1906.27 2868.86 3807.32 4748.17
71.5714 959.811 1908.27 2871.86 3811.31 4753.17
71.5714 960.811 1910.27 2874.88 3815.31 4758.16
71.6447 961.795 1912.27 2877.82 3819.31 4763.16
71.6447 962.795 1914.27 2880.82 3823.31 4768.15
71.6447 963.803 1916.27 2883.82 3827.31 4773.14
71.6447 964.803 1918.27 2886.83 3831.31 4778.14
71.6447  965.81 1920.28 2889.83 3835.31 4783.13
71.6447 966.818 1922.28 2892.83 3839.31 4788.12
71.6447 967.818 1924.28 2895.84 3843.31 4793.11
71.6447 968.818 1926.28 2898.84 3847.31  4798.1
71.6447 969.818 1928.29 2901.84 3851.32 4803.09
71.6447 970.818 1930.29 2904.86 3855.31 4808.08
71.6447 971.818 1932.29 2907.87 3859.31 4813.07
71.7176 972.818 1934.25 2910.83 3863.31 4818.07
71.7176 973.818 1936.26 2913.84 3867.31 4823.05
71.7911 974.818 1938.26 2916.83 3871.31    4828
71.7911 975.818 1940.25 2919.83 3875.31    4833
71.8644 976.813 1942.25 2922.83 3879.31 4837.93
71.8644 977.819 1944.25 2925.84 3883.31 4842.91
71.8644 978.826 1946.25 2928.85 3887.31 4847.89
 71.937 979.826 1948.22 2931.81 3891.31 4852.89
 71.937 980.831 1950.22 2934.81  3895.3 4857.89
 71.937 981.831 1952.22 2937.83  3899.3 4862.88
72.0088 982.811 1954.17 2940.83  3903.3 4867.88
72.0088 983.819 1956.17 2943.83  3907.3 4872.87
72.0812 984.819 1958.14 2946.79  3911.3 4877.87
72.0812 985.823 1960.14 2949.79 3915.29 4882.87
72.1531 986.807 1962.14 2952.74 3919.29 4887.87
72.1531 987.807 1964.14 2955.75 3923.29 4892.86
72.1531 988.807 1966.14 2958.76 3927.29 4897.84
72.1531 989.815 1968.14 2961.76 3931.29 4902.83
72.1531 990.815 1970.14 2964.78 3935.29 4907.82
72.2245 991.795 1972.09 2967.78 3939.29 4912.82
72.2245 992.795  1974.1 2970.78  3943.3 4917.81
72.2245   993.8  1976.1 2973.78 3947.29 4922.81
 72.297   994.8  1978.1 2976.76 3951.29 4927.76
 72.297   995.8  1980.1 2979.77 3955.29 4932.74
72.3696   996.8  1982.1 2982.77 3959.26  4937.7
72.3696 997.808  1984.1 2985.77 3963.26 4942.69
72.4415 998.799  1986.1 2988.77  3967.2 4947.69
72.4415 999.799  1988.1 2991.79  3971.2 4952.68
72.5138  1000.8 1990.08 2994.79  3975.2 4957.62
72.5138  1001.8 1992.08  2997.8  3979.2 4962.61