      1 3.66667       3 3.66667 3.66667       6
   1.75 4.66667       5 6.41667 7.66667    10.5
2.20985 5.89294 6.31387 9.41667 11.6667    15.5
2.82574 6.89294 8.07355 12.0411 15.6667    20.5
2.82574 8.46805 9.91844 15.0411 19.2467    25.5
3.35871 9.46805 11.9184  17.878 22.8768    30.5
3.86522 10.4681 13.7158 20.5741 26.8768    35.5
4.39037 11.4681 15.7158 23.5741 30.5284 40.3232
4.39037 12.4681 17.7128 26.5741 34.4076  45.447
4.84533 13.4681 19.5483 29.5741 38.4076 50.1566
4.84533  14.788 21.4642 32.5741 42.1718 55.1566
5.23731 15.9843 23.4642 35.5741 45.5835 60.1566
5.23731 17.2721 25.4642   38.44 49.5835 65.0029
5.60055   18.47 27.4642   41.44 53.0223 70.0029
5.60055   19.47 29.4717   44.44  56.898 75.1198
5.60055 20.7593 31.4717 47.3829 60.6658 80.1198
5.94488 21.7593 33.4717 50.3829 64.3956 85.0456
5.94488 23.0342 35.4717 53.3349 68.1687 90.0456
5.94488 24.3051 37.4717 56.3349 71.9298 95.0137
6.25494 25.3051 39.4717 59.2732 75.6814 100.014
6.25494 26.3051 41.5083 62.3316 79.5864 105.014
6.25494 27.5543 43.4795 65.3316  83.366 110.014
6.25494 28.8015 45.4795 68.3316 87.1393 114.993
6.25494 29.8015 47.5164 71.3919  91.042 119.993
6.50692 30.8015 49.4306 74.3919  95.042 124.827
6.75655 31.8015  51.327 77.2459  99.042 129.827
6.75655 32.8015 53.3133 80.2353 103.042 134.851
6.99734 33.8015 55.2132 83.0946 107.042 139.851
6.99734 34.8015 57.1982  86.082 111.042 144.879
7.23692 35.8015 59.1566  89.082 114.844 149.879
7.23692 36.8015 61.1409 92.0701 118.844 154.907
7.23692 37.8015 63.1409 95.0903 122.742 159.988
  7.462 38.8015 65.1409 98.0477  126.56 164.988
7.68185 39.8015 67.0601 101.048  130.56 169.849
7.68185 40.8015 69.0444 104.038  134.56 174.875
7.68185 41.9501 71.0444 106.966  138.56 179.797
7.68185 43.1174 73.0214 109.966 142.416 184.797
7.68185 44.2817 75.0214 112.966 146.261 189.787
7.68185 45.2817 77.0072 115.957 150.261 194.811
7.68185 46.4221 78.9466 118.877 154.261 199.811
7.86337  47.519 80.9466 121.877 158.261 204.533
7.86337 48.6606 82.8913 124.877 162.261 209.447
8.03676 49.7336 84.8913 127.631 166.261 214.447
8.03676 50.8915 86.8913 130.602 170.132 219.447
 8.2021 51.9385 88.6789 133.602 174.132 224.447
 8.2021 53.0914 90.6789 136.602 177.997 229.429
8.37997 54.0914 92.6789 139.564 181.857 234.429
8.54932 55.1845 94.6789 142.564 185.857 239.166
8.54932 56.3351  96.653 145.564 189.732 244.166
8.71181 57.4059  98.653 148.331 193.732 249.166
8.88566 58.4059 100.653 151.291 197.598 254.166
8.88566  59.535 102.599 154.216 201.598 259.166
8.88566 60.6817 104.599 157.186 205.481 264.166
9.05089 61.6817 106.599 160.109 209.481 269.078
9.05089 62.6817 108.599 163.117 213.417 274.134
9.05089 63.6817 110.603 166.117 217.355 279.192
9.05089 64.6817 112.603 169.125 221.291 284.248
9.20698 65.6817 114.545 172.125 225.291  289.15
9.36033 66.7758 116.545 175.125 229.044  294.15
9.51852 67.7758 118.545 178.125 232.915 299.121
9.67673 68.7758 120.515 181.125 236.786 304.121
9.82264 69.8128 122.332 184.125 240.786 309.121
 9.9808 70.8128 124.332  187.09 244.663 314.121
 9.9808 71.8128 126.344 190.118 248.623 319.121
 9.9808 72.9251 128.344 193.063 252.623 324.064
 9.9808 73.9251 130.347 196.063 256.564  329.12
 9.9808  75.033   132.3 199.001 260.564  334.12
 9.9808  76.033 134.312 202.027 264.527  339.12
10.1257  77.033 136.312  204.96 268.527 344.042
10.2722  78.033 138.312 207.927 272.413 349.042
10.4171  79.033 140.312 210.859 276.413 353.965
10.5581 80.1025 142.312 213.859 280.413 358.755
10.5581 81.2051 144.271 216.859 284.413 363.693
10.5581 82.3066 146.228 219.801 288.413 368.693
10.6991 83.3066 148.228 222.736 292.413 373.617
10.6991 84.4202 150.228 225.714 296.322 378.617
10.8396 85.4202 152.228 228.679 300.216 383.617
10.9764 86.4974 154.228 231.679 304.002 388.617
10.9764  87.609  156.21 234.679 307.908 393.617
11.1137  88.609  158.21 237.616 311.908 398.543
11.1137 89.7093  160.21 240.567 315.908 403.492
11.2459 90.7766  162.21 243.567 319.908 408.292
11.2459  91.885  164.21 246.567 323.815 413.277
11.2459 92.9832 166.173 249.567 327.815 418.217
11.3781 93.9832 168.126 252.567 331.815 423.132
11.3781 95.0821 170.126  255.52 335.815 428.079
11.3781 96.0821 172.129  258.52  339.77 433.121
11.3781 97.0821  174.14  261.54 343.739 438.121
11.3781 98.0821  176.14 264.548 347.692  443.16
11.4998 99.1311  178.14 267.377 351.692  448.16
11.4998 100.234 180.123 270.377 355.606  453.16
11.4998 101.234 182.126 273.377 359.562   458.2
11.4998 102.338 184.126 276.356  363.48   463.2
11.4998 103.428 186.089 279.302  367.48   468.2
11.6181 104.493 188.089 282.302  371.48 473.018
11.6181 105.585 190.054 285.302  375.48 477.961
11.6181 106.687 192.054 288.281 379.399 482.961
11.7362 107.687 194.006 291.211 383.399 487.961
11.7362 108.788 196.006 294.189  387.32 492.961
11.7362 109.788 198.017 297.206 391.293 497.961
11.7362 110.788  200.02 300.206 395.251 502.999
11.8488 111.851  202.02 303.206 399.251 507.823
11.9621  112.92  204.02 306.206 403.069 512.823
11.9621 114.018 206.004 309.206 406.987 517.823
11.9621 115.018 208.004 312.213 410.945 522.859
11.9621 116.018 210.014  315.23 414.917 527.859
12.0748 117.018 212.014  318.23 418.828 532.835
12.0748 118.018 214.018  321.23 422.787 537.872
12.1801 119.047 215.884  324.23 426.787 542.872
12.2917 120.047 217.884  327.23 430.699 547.848
12.2917  121.14 219.868  330.23 434.622 552.848
12.4024  122.14 221.868  333.23 438.534 557.825
12.5122  123.14 223.868 336.181 442.534 562.764
12.5122 124.223 225.837 339.181 446.534 567.713
12.6211 125.223 227.837 342.132 450.534 572.652
12.7307 126.223 229.837 345.132 454.449 577.628
12.8343  127.25 231.706 348.132 458.449 582.628
12.9395 128.292 233.706 350.985 462.449 587.628
12.9395 129.373 235.675 353.985 466.449 592.579
13.0457 130.436 237.675 356.985  470.28 597.579
13.1484 131.462 239.546 359.985  474.28 602.579
13.2557 132.462 241.501 362.922  478.28 607.579
13.3643 133.462 243.501 365.896 482.198 612.579
13.4719 134.462 245.461 368.896 486.198 617.511
13.5775 135.516 247.461 371.896 490.198 622.351
13.6848 136.516 249.416 374.834 494.198 627.351
13.7932 137.516 251.392 377.834 498.114 632.351
13.9016 138.516 253.368 380.834 502.029 637.351
13.9016 139.592 255.336 383.791 506.029 642.351
13.9016 140.592 257.336 386.796 509.993 647.382
14.0029 141.616  259.21 389.796 513.993 652.382
14.0029 142.616  261.21 392.796 517.959 657.416
14.0029 143.692  263.21  395.76 521.959 662.376
14.1053 144.743  265.21  398.76 525.959 667.222
14.2105 145.743  267.21  401.76 529.879 672.196
 14.315 146.743  269.21 404.714 533.879 677.138
14.4194 147.743  271.21 407.667 537.879  682.08
14.4194 148.743 273.211 410.667 541.847 687.111
14.5238 149.743 275.211 413.667 545.769 692.085
14.5238 150.823 277.196 416.667 549.705 697.085
14.5238 151.823 279.196 419.673  553.67 702.114
14.6266 152.823 281.173 422.673 557.591 707.114
14.6266 153.895 283.173 425.639 561.591 712.075
14.6266 154.967 285.144 428.639 565.591 717.033
14.6266 155.967 287.145 431.639 569.559 722.064
14.7238 157.003 289.145 434.506 573.559 727.064
14.8209 158.039 291.145 437.373 577.559 732.064
14.8209 159.116 293.129 440.373 581.497 737.064
14.9202 160.116 295.093 443.373 585.497 742.001
15.0203 161.116 297.093 446.346 589.423 747.001
15.0203 162.192 299.093 449.346 593.359 751.989
15.0203 163.269 301.078 452.346 597.298 756.989
15.1189 164.269 303.056 455.346 601.221 761.989
15.2176 165.269 305.034 458.346 605.145 766.989
15.2176 166.336 307.004 461.308 609.145 771.989
15.2176 167.405 308.977 464.308 613.145 776.948
15.3105 168.427 310.862 467.308 617.145 781.948
15.4056 169.473 312.862 470.308 621.145 786.807
 15.503 170.473 314.862 473.308 625.072 791.782
 15.503 171.541 316.835 476.308 629.072 796.742
 15.503 172.541 318.835 479.313 633.041 801.768
 15.503 173.607 320.805 482.275 637.041 806.768
15.5979 174.607  322.77 485.275 641.041 811.709
15.6918 175.658  324.77 488.275 644.897 816.709
15.6918 176.725 326.742 491.275 648.897 821.669
15.6918 177.725 328.735 494.272 652.897  826.68
15.7857 178.725 330.735  497.23 656.897 831.628
15.8795 179.725   332.7  500.23 660.897 836.569
15.9739 180.725   334.7 503.205 664.827 841.569
15.9739 181.791   336.7 506.174 668.827 846.534
15.9739 182.857   338.7 509.142 672.827 851.499
16.0642  183.89   340.7 512.019 676.827 856.499
16.0642 184.956   342.7 514.987 680.827 861.465
16.0642 185.956   344.7 517.987   684.8 866.492
16.1559 186.956   346.7 520.946   688.8 871.441
16.2482 187.956   348.7 523.946 692.733 876.416
16.2482 189.027   350.7  526.93 696.678 881.416
16.3358 190.047 352.592  529.93 700.678 886.416
16.3358 191.117 354.578  532.93 704.623 891.416
16.3358 192.117 356.582 535.943 708.606 896.416
16.3358 193.186 358.567 538.943 712.551 901.416
16.4221 194.206 360.461 541.943 716.551 906.416
16.5084 195.227 362.354 544.943 720.551 911.416
16.5084 196.295 364.354 547.943 724.495 916.405
16.5942 197.315 366.248 550.943 728.495 921.405
16.6819 198.358 368.248 553.943 732.495 926.274
16.7699 199.405 370.248 556.943  736.36 931.274
16.7699 200.468 372.222 559.943  740.36 936.238
16.7699 201.536 374.206 562.943 744.307 941.238
16.7699 202.604 376.206 565.943 748.251 946.226
16.7699 203.673 378.206 568.928 752.198 951.226
16.7699 204.736 380.179 571.928 756.198 956.189
16.7699 205.804 382.179 574.913 760.144 961.189
16.7699 206.866 384.151 577.879 764.144 966.189
16.7699 207.866 386.151 580.883 768.117 971.212
16.8551 208.866 388.114 583.835 772.117 976.212
16.9393 209.909 390.114 586.835 776.117 981.086
17.0217  210.93 392.011 589.835 780.117 986.086
 17.104  211.95 393.908 592.835 784.117 991.086
 17.104 213.017 395.908  595.82 788.065 996.086
17.1891 214.017 397.908 598.783 792.065 1001.04
17.1891 215.079 399.881 601.783 796.065    1006
17.2741 216.079 401.881 604.783 800.003 1010.98
17.3565  217.11 403.881 607.669 804.003 1015.98
17.3565  218.11 405.873 610.666 808.003 1020.99
17.3565 219.171 407.873 613.637 812.003 1025.96
17.3565 220.231 409.846 616.605 816.003 1030.96
17.3565 221.297  411.83 619.605 819.953 1035.96
17.4366 222.318 413.729 622.605 823.953 1040.96
17.5199 223.318 415.707 625.605 827.892 1045.96
17.6016 224.359 417.707 628.605 831.892 1050.84
17.6016 225.424 419.707  631.59 835.842 1055.84
17.6016 226.489 421.707  634.59  839.79 1060.82
17.6016 227.549 423.679 637.558  843.79 1065.82
17.6806 228.569  425.58 640.558  847.79 1070.82
17.6806 229.569 427.571 643.555  851.79 1075.83
17.7624 230.569 429.571 646.533 855.731 1080.83
17.7624 231.633 431.571 649.533  859.68 1085.82
17.7624 232.633 433.568 652.533 863.658 1090.85
17.8428 233.633 435.532 655.488 867.658 1095.85
17.9235 234.633 437.532 658.452 871.658  1100.8
17.9235 235.633 439.534 661.464 875.645  1105.8
18.0029 236.677 441.534 664.464 879.522  1110.8
18.0029 237.734 443.507 667.434 883.522  1115.8
18.0029 238.793 445.507 670.406 887.522 1120.77
18.0828 239.793 447.507 673.384 891.464 1125.77
18.1628 240.793 449.507 676.361 895.406 1130.77
18.1628 241.793 451.499 679.359 899.406 1135.78
18.2421 242.793 453.499 682.323 903.406 1140.74
18.2421 243.793   455.5 685.335 907.394 1145.74
 18.321 244.793   457.5 688.299 911.394 1150.69
 18.321  245.85   459.5 691.272 915.394 1155.66
 18.321  246.85   461.5 694.275  919.37 1160.68
18.3983 247.892   463.5 697.275 923.251 1165.68
18.3983 248.892 465.502 700.286 927.238 1170.68
18.3983 249.953 467.502 703.286 931.189 1175.67
18.3983 251.013 469.502 706.286  935.14 1180.66
18.3983 252.013 471.499 709.286 939.119 1185.68
18.4752 253.013 473.499 712.252 943.119 1190.64
18.4752 254.013 475.497 715.252 947.098 1195.66
 18.551 255.055 477.497 718.252 950.981 1200.66
 18.551 256.055 479.499 721.263 954.968 1205.66
 18.551 257.115 481.484 724.263 958.922 1210.66
18.6252 258.143 483.484  727.16 962.922 1215.66
18.7011 259.143 485.455  730.16 966.922 1220.62
18.7011 260.203 487.455 733.146 970.876 1225.62
18.7011 261.203 489.456 736.157 974.863 1230.62
18.7754 262.241 491.456 739.157 978.863 1235.51
18.8499 263.281 493.456 742.157 982.748 1240.51
18.9255 264.281 495.437 745.157 986.692 1245.51
18.9255 265.336 497.413 748.157 990.692 1250.48
18.9255 266.394 499.413 751.157 994.645 1255.46
19.0003 267.394 501.413 754.124 998.645 1260.42
19.0733 268.422 503.413 757.023 1002.64 1265.42
19.0733 269.481 505.399 760.023  1006.6 1270.42
19.1481 270.481 507.399 763.023 1010.55  1275.4
19.2209 271.509 509.399 765.923 1014.55  1280.4
19.2209 272.563 511.399 768.897 1018.55 1285.37
19.2209 273.622 513.399 771.883  1022.5 1290.37
19.2924  274.64  515.31 774.883  1026.5 1295.37
19.2924  275.64 517.303 777.879  1030.5 1300.38
19.2924 276.693  519.28 780.879  1034.5 1305.35
19.3634 277.711  521.19 783.879  1038.5 1310.35
19.3634 278.769 523.176 786.879 1042.46 1315.35
19.4367 279.769 525.176 789.859  1046.4 1320.35
19.5089 280.809 527.176 792.859 1050.29 1325.35
19.5089 281.809 529.176 795.862 1054.27 1330.37
19.5089 282.809 531.169 798.859 1058.27 1335.38
19.5798 283.836 533.169 801.761 1062.27 1340.38
19.6506 284.864 535.169 804.663 1066.27 1345.38
19.6506 285.916 537.146 807.663 1070.27 1350.35
19.6506 286.916 539.139 810.659 1074.27 1355.36
19.6506 287.916 541.141 813.669 1078.26 1360.36
19.6506 288.969 543.141 816.644 1082.26 1365.34
19.7198 289.986 545.054 819.644 1086.26 1370.34
19.7915 290.986 547.054 822.644 1090.21 1375.32
19.7915 292.043 549.054  825.63 1094.16 1380.32
19.8629 293.043 551.054 828.609 1098.11 1385.32
19.8629 294.043 553.051 831.609 1102.09 1390.34
19.9323 295.069 555.051 834.513 1106.09 1395.34
20.0031 296.069 557.023 837.513 1110.09  1400.3
20.0031 297.069 559.025 840.523 1114.08  1405.3
20.0737 298.069 560.997 843.523 1118.08 1410.25
20.1436 299.107 562.997 846.523 1121.98 1415.25
20.2141 300.107 564.969 849.523 1125.98 1420.21
20.2847 301.107 566.941 852.523 1129.98 1425.17
20.2847 302.107 568.941 855.525 1133.95 1430.19
20.2847 303.158 570.941   858.5 1137.95 1435.16
20.3546 304.158  572.91 861.461 1141.95 1440.16
20.4246 305.158 574.879 864.422 1145.95 1445.16
20.4933 306.184 576.879 867.328 1149.95 1450.16
20.4933 307.238 578.866 870.328 1153.91 1455.16
20.4933 308.238 580.866 873.329 1157.89 1460.18
20.5629 309.238 582.866 876.297 1161.89 1465.14
20.5629 310.238 584.866 879.299 1165.87 1470.16
20.5629 311.238 586.867 882.308 1169.86 1475.16
20.6312 312.271 588.867 885.308 1173.86 1480.06
20.7004 313.271 590.867 888.276 1177.86 1485.02
20.7698 314.271 592.848 891.276 1181.81 1490.02
20.7698 315.324 594.848 894.263 1185.77 1495.02
20.7698 316.324 596.846 897.263 1189.75 1500.04
20.7698 317.324 598.846 900.265 1193.73 1505.06
20.7698 318.377 600.846 903.251  1197.7 1510.06
20.7698 319.377 602.847  906.26 1201.69 1515.06
20.8378 320.377 604.847 909.229 1205.69 1520.02
20.8378 321.377 606.841 912.226 1209.69 1525.03
20.9055 322.377 608.811 915.188 1213.69 1530.03
20.9735 323.377 610.811 918.168 1217.64 1535.03
21.0416 324.377 612.811 921.168 1221.59 1540.01
21.0416 325.377 614.805 924.164 1225.59 1545.02
21.1091 326.377 616.778 927.164 1229.59 1549.98
21.1091 327.429 618.765 930.164 1233.55 1554.98
21.1091 328.429 620.763 933.164 1237.53    1560
21.1755 329.461 622.763 936.164 1241.53 1564.91
21.1755 330.461 624.763 939.166 1245.51 1569.92
21.1755 331.507 626.741 942.141 1249.51 1574.92
21.1755 332.558 628.729 945.141 1253.47 1579.92
21.2412  333.59 630.729 948.141 1257.47 1584.83
21.3069 334.622 632.729 951.141 1261.47 1589.73
21.3069 335.622 634.722 954.138 1265.47 1594.74
21.3069 336.622 636.722 957.139 1269.46 1599.75
21.3069 337.673 638.722 960.127 1273.42 1604.75
21.3069 338.719 640.701 963.101 1277.42 1609.75
21.3726 339.719 642.701 966.071 1281.42 1614.72
21.4381 340.719 644.673 969.035 1285.42 1619.72
21.5025 341.743 646.673 971.946 1289.42 1624.72
21.5025 342.743  648.67 974.946  1293.4 1629.74
21.5683 343.743  650.67 977.946 1297.35 1634.72
21.6337 344.743 652.645 980.946 1301.35 1639.68
21.6337 345.789 654.625 983.946 1305.35 1644.65
21.6337 346.838 656.625 986.934 1309.32 1649.65
21.6337 347.838 658.626 989.942 1313.31 1654.65
21.6337 348.884 660.605 992.917 1317.31 1659.65
21.6987 349.884 662.605 995.897 1321.26 1664.65
21.7634 350.884 664.605 998.868 1325.26 1669.62
21.7634 351.884 666.599 1001.86 1329.26 1674.63
21.7634 352.884 668.593 1004.86 1333.26 1679.64
21.8271 353.917 670.593 1007.86 1337.17 1684.64
21.8908  354.95 672.593 1010.86 1341.07 1689.64
21.9545 355.983 674.593 1013.86 1344.97 1694.64
21.9545 357.028 676.573 1016.84 1348.97 1699.64
22.0187 358.028 678.573 1019.81 1352.97  1704.6
22.0816 359.051 680.573 1022.72 1356.97  1709.6
22.1449 360.081 682.573 1025.72 1360.97 1714.51
22.1449 361.081 684.567 1028.72 1364.97 1719.52
22.2089 362.081 686.567 1031.69 1368.97 1724.48
22.2089 363.126 688.567 1034.67 1372.97 1729.46
 22.272 364.159 690.567 1037.67 1376.88 1734.46
22.3346 365.182 692.567 1040.58 1380.88 1739.46
22.3346 366.226 694.548 1043.56 1384.88 1744.46
22.3346 367.226 696.542 1046.55 1388.88 1749.47
22.3346 368.226 698.542 1049.55 1392.86 1754.49
22.3961  369.24 700.466 1052.55 1396.86 1759.49
22.3961 370.284 702.446 1055.53 1400.86 1764.49
22.4592 371.284 704.446  1058.5 1404.86 1769.45
22.4592 372.331 706.446  1061.5 1408.82 1774.44
 22.522 373.331 708.422  1064.5 1412.82  1779.4
 22.522 374.379 710.422 1067.49 1416.79  1784.4
 22.522 375.427  712.41 1070.49 1420.75  1789.4
 22.522 376.427 714.411  1073.5 1424.74  1794.4
 22.522 377.427 716.411  1076.5 1428.72 1799.42
 22.584 378.427 718.384 1079.46 1432.72 1804.42
 22.584 379.427 720.378 1082.46 1436.72 1809.43
22.6453 380.456 722.378 1085.46 1440.72 1814.34
22.7056  381.47 724.304 1088.46 1444.72 1819.34
22.7676  382.47 726.304 1091.43 1448.72  1824.3
22.7676 383.517 728.304 1094.42 1452.69  1829.3
22.8296 384.517 730.304 1097.42 1456.65 1834.29
22.8916 385.517 732.287 1100.42  1460.6 1839.29
22.9533 386.517  734.26 1103.38  1464.6 1844.29
22.9533 387.517 736.261 1106.39 1468.59 1849.29
22.9533  388.56 738.242 1109.39 1472.59 1854.26
22.9533 389.603 740.242 1112.37 1476.59 1859.24
23.0148 390.603 742.242 1115.35 1480.55 1864.24
23.0148 391.646 744.242 1118.33 1484.55 1869.22
23.0761 392.646 746.242 1121.33 1488.51  1874.2
23.1375 393.646 748.242 1124.31 1492.46  1879.2
23.1375 394.646 750.244 1127.32 1496.46  1884.2
23.1979 395.677 752.244 1130.32 1500.36  1889.2
23.1979 396.723 754.244  1133.3 1504.33  1894.2
23.2588 397.723 756.244 1136.28 1508.33 1899.17
23.3195 398.723  758.22 1139.28 1512.33 1904.13
23.3793 399.744  760.22 1142.19 1516.33 1909.13
23.4403 400.744  762.22 1145.19 1520.29 1914.11
23.4403 401.787  764.22 1148.17 1524.29 1919.09
23.4403 402.832  766.22 1151.16 1528.25 1924.09
23.4993 403.846 768.147 1154.16 1532.25 1929.09
23.4993 404.846 770.149 1157.17 1536.25 1934.09
23.4993 405.846 772.149 1160.17 1540.23 1939.11
23.4993 406.846  774.15 1163.18 1544.22 1944.11
23.5595 407.846  776.15 1166.16 1548.18 1949.11
23.5595 408.846 778.144 1169.15 1552.18 1954.12
23.5595 409.887 780.126 1172.13 1556.18 1959.12
23.6191 410.887   782.1  1175.1 1560.18 1964.12
 23.679 411.887 784.084  1178.1 1564.14 1969.12
23.7373   412.9 786.012  1181.1 1568.14 1974.12
23.7373 413.941 787.994  1184.1 1572.14 1979.09
23.7963 414.971 789.994  1187.1 1576.05 1984.09
23.7963 416.015 791.994 1190.09 1580.02 1989.09
23.8559 417.015 793.994 1193.09 1583.97 1994.08
23.9155 418.015 795.994 1196.09 1587.93 1999.06
23.9155 419.056 797.976 1199.06 1591.93 2004.06
23.9155 420.056 799.976 1202.06 1595.91 2009.07
23.9748 421.056 801.959 1205.06 1599.87 2014.07
23.9748 422.097 803.941 1208.04 1603.87 2019.07
24.0333 423.126 805.941 1211.04 1607.78 2024.07
24.0333 424.126 807.939 1214.04 1611.77 2029.09
24.0911 425.147 809.939 1216.96 1615.77 2034.09
24.0911  426.19 811.939 1219.96 1619.73 2039.08
24.0911  427.19 813.936 1222.96 1623.72  2044.1
24.1499  428.19 815.936 1225.96 1627.68 2049.08
24.2086  429.19 817.936 1228.94 1631.64 2054.08
24.2086  430.19 819.936 1231.95 1635.62  2059.1
24.2086 431.234 821.936 1234.93 1639.59  2064.1
24.2086 432.277 823.936 1237.92 1643.56  2069.1
24.2662 433.306 825.936 1240.92 1647.47  2074.1
24.3234 434.327 827.936 1243.85 1651.47  2079.1
24.3801  435.34 829.867 1246.85 1655.47  2084.1
24.4384  436.34 831.851 1249.85 1659.43  2089.1
 24.496 437.369 833.851 1252.85 1663.34  2094.1
 24.496 438.412  835.84 1255.85 1667.31  2099.1
 24.554 439.412  837.84 1258.82 1671.31 2104.07
 24.611 440.432  839.84 1261.74 1675.31 2109.07
24.6676 441.445 841.771 1264.74 1679.31 2114.07
24.7255 442.445 843.746 1267.71 1683.31 2119.07
24.7255 443.445 845.747 1270.71  1687.3 2124.07
24.7824 444.465 847.747 1273.64  1691.3 2129.07
24.7824 445.465 849.748 1276.64 1695.29 2134.07
24.8395 446.491 851.748 1279.64 1699.29 2138.98
24.8967  447.52 853.748 1282.64 1703.21 2143.98
24.8967  448.52 855.749 1285.65  1707.2 2148.98
24.9538 449.548 857.749 1288.65 1711.11 2153.98
24.9538 450.548 859.749 1291.65  1715.1    2159
24.9538 451.548 861.744 1294.65  1719.1 2164.01
24.9538 452.548 863.738 1297.64  1723.1 2169.02
24.9538 453.587 865.721 1300.64  1727.1    2174
25.0109 454.587 867.705 1303.64 1731.06    2179
25.0109 455.628 869.705 1306.64 1735.02 2183.99
25.0109 456.628 871.705 1309.64 1739.01    2189
25.0109  457.67 873.705 1312.63 1742.98    2194
25.0675  458.67 875.681  1315.6 1746.98    2199
25.0675 459.713 877.681 1318.59 1750.95    2204
25.0675 460.713 879.675 1321.59 1754.95 2209.01
25.1241 461.713 881.675 1324.57 1758.91 2214.01
25.1807 462.713 883.675 1327.55 1762.87 2219.01
25.2371 463.713 885.675 1330.53 1766.87 2223.98
25.2921 464.725 887.608 1333.53 1770.87 2228.98
25.2921 465.765 889.608 1336.53 1774.83 2233.98
25.3483 466.765 891.584 1339.49 1778.83 2238.98
25.3483 467.806 893.584 1342.49  1782.8 2243.97
25.4046 468.806 895.568 1345.49 1786.76 2248.97
25.4046 469.844 897.551 1348.47 1790.76 2253.97
25.4593 470.856 899.484 1351.47 1794.76 2258.97
 25.514 471.868 901.418 1354.47 1798.76 2263.97
25.5702 472.868 903.418 1357.46 1802.72 2268.97
25.5702  473.91 905.418 1360.45 1806.69 2273.97
 25.626  474.91 907.393 1363.41 1810.69 2278.97
25.6821  475.91 909.393  1366.4 1814.65 2283.97
25.6821  476.91 911.394  1369.4 1818.64 2288.97
25.7377  477.91  913.37 1372.37 1822.64 2293.97
25.7937  478.91  915.37 1375.35  1826.6 2298.97
 25.849 479.937  917.37 1378.35 1830.52 2303.97
25.9039 480.956  919.37 1381.28 1834.52 2308.97
25.9039 481.956  921.37 1384.28 1838.51 2313.98
25.9039 482.993 923.353 1387.28 1842.51 2318.96
25.9594 483.993 925.353 1390.25 1846.51 2323.93
26.0141 485.012 927.353 1393.18 1850.51 2328.93
26.0141 486.049 929.336 1396.16 1854.51 2333.93
26.0141 487.049 931.337 1399.17  1858.5 2338.93
26.0685 488.068 933.337 1402.09  1862.5 2343.93
26.1239 489.068 935.337 1405.08 1866.46 2348.93
26.1239 490.108 937.327 1408.08 1870.43 2353.93
 26.179 491.108 939.304 1411.08 1874.43  2358.9
26.2344 492.108 941.304 1414.06 1878.39  2363.9
26.2887 493.127 943.304 1416.99 1882.39  2368.9
26.3439 494.127 945.304 1419.96 1886.39 2373.87
 26.399 495.127 947.282 1422.96 1890.39 2378.84
 26.399 496.167 949.282 1425.95 1894.36 2383.84
 26.399 497.167  951.28 1428.95 1898.35 2388.86
 26.399 498.204  953.28 1431.93 1902.35 2393.84
26.4529 499.222  955.28 1434.86 1906.35 2398.84
26.4529 500.259 957.263 1437.86 1910.35 2403.82
26.5071 501.283 959.263 1440.86 1914.35 2408.74
26.5071  502.32 961.247 1443.84 1918.35 2413.74
26.5071 503.356 963.247 1446.82 1922.35 2418.72
26.5071 504.393 965.247  1449.8 1926.35  2423.7
26.5071 505.393 967.248  1452.8 1930.34  2428.7
26.5613 506.393 969.226  1455.8 1934.34 2433.67
26.5613  507.43  971.21 1458.78 1938.34 2438.67
26.5613  508.43 973.208 1461.78 1942.33 2443.69
26.6145 509.448 975.208 1464.71 1946.33 2448.69
26.6145 510.448 977.208 1467.71 1950.32  2453.7
 26.668 511.474 979.208 1470.71 1954.24  2458.7
26.7221 512.474 981.208 1473.71  1958.2 2463.69
26.7221 513.474 983.208 1476.71 1962.19  2468.7
26.7751 514.493 985.208 1479.64 1966.19  2473.7
26.7751 515.493 987.209 1482.64 1970.18  2478.7
26.7751 516.493 989.204 1485.64 1974.18 2483.71
26.8288 517.493 991.204 1488.62 1978.14 2488.71
26.8288 518.532 993.193 1491.62 1982.11 2493.71
26.8815  519.55 995.193 1494.55 1986.11 2498.71
 26.935  520.55 997.193 1497.53 1990.11 2503.68
26.9877 521.568 999.193 1500.45 1994.11 2508.68
26.9877 522.568 1001.19 1503.45  1998.1  2513.7
26.9877 523.607 1003.19 1506.44 2002.07  2518.7
27.0411 524.607 1005.19 1509.44 2006.03 2523.68
27.0936 525.625 1007.19 1512.37 2010.03 2528.68
27.0936 526.625 1009.19 1515.37 2014.02  2533.7
27.0936 527.661 1011.17 1518.35 2018.02  2538.7
27.1468 528.661 1013.17 1521.34 2021.99  2543.7
27.1468 529.696 1015.16 1524.32 2025.99  2548.7
27.1468 530.696 1017.16 1527.32 2029.98  2553.7
27.1468 531.732 1019.16  1530.3 2033.98 2558.68
27.1468 532.767 1021.14 1533.28 2037.98 2563.68
27.1983 533.778 1023.08 1536.28 2041.98 2568.68
27.2509 534.778 1025.06 1539.25 2045.98 2573.68
27.3031 535.803 1027.06 1542.25  2049.9 2578.68
27.3559 536.803 1029.06 1545.25 2053.86 2583.67
27.4081 537.827 1031.06 1548.25 2057.86 2588.59
27.4081 538.862 1033.06 1551.23 2061.86 2593.58
27.4081 539.862 1035.06 1554.24 2065.86 2598.58
27.4081   540.9 1037.06 1557.23 2069.83 2603.58
27.4081 541.938 1039.05 1560.23  2073.8 2608.58
27.4592 542.949 1040.99 1563.23  2077.8 2613.58
27.5103  543.96 1042.93 1566.23  2081.8 2618.58
27.5626  544.96 1044.93  1569.2  2085.8 2623.55
27.5626 545.998 1046.92  1572.2 2089.78 2628.55
27.5626 547.036 1048.92 1575.19 2093.75 2633.55
27.6146 548.036 1050.92 1578.16 2097.75 2638.52
27.6655 549.047 1052.85 1581.16 2101.75 2643.52
27.7165 550.057 1054.79 1584.16 2105.75 2648.52
27.7685 551.057 1056.79 1587.14 2109.75 2653.49
27.7685 552.057 1058.79 1590.14 2113.74 2658.51
27.7685 553.057 1060.79 1593.14 2117.72 2663.52
27.7685 554.057 1062.79 1596.14 2121.71 2668.54
27.7685 555.057 1064.79 1599.14  2125.7 2673.55
27.7685 556.057 1066.79 1602.14 2129.68 2678.57
27.7685 557.092 1068.79 1605.12 2133.68 2683.55
27.7685 558.127 1070.77  1608.1 2137.68 2688.55
27.8198 559.127 1072.75  1611.1 2141.68 2693.52
27.8714 560.127 1074.75 1614.08 2145.65 2698.52
27.9227 561.127 1076.73 1617.08 2149.65 2703.49
27.9227 562.164 1078.73 1620.07 2153.62 2708.49
27.9227 563.198 1080.71 1623.07 2157.62 2713.47
27.9738 564.198 1082.69 1626.04 2161.62 2718.47
28.0251 565.198 1084.69 1629.04 2165.59 2723.46
28.0758  566.22 1086.69 1632.04 2169.59 2728.38
28.0758  567.22 1088.69 1635.04 2173.57  2733.4
28.1264 568.243 1090.69 1638.04 2177.57 2738.33
28.1774 569.243 1092.67 1641.01 2181.57 2743.33
28.2284 570.243 1094.65 1643.98 2185.57 2748.33
28.2796 571.243 1096.65 1646.98 2189.54 2753.31
28.3302 572.265 1098.65 1649.98 2193.54 2758.24
28.3302 573.265 1100.65 1652.98 2197.53 2763.25
28.3302 574.301 1102.65 1655.98  2201.5 2768.24
28.3801 575.311 1104.59 1658.98  2205.5 2773.24
28.4302 576.328 1106.59 1661.91  2209.5 2778.24
28.4302 577.362 1108.57  1664.9  2213.5 2783.24
28.4812 578.362 1110.57 1667.88 2217.46 2788.24
28.5309 579.372 1112.51 1670.88 2221.46 2793.24
28.5818 580.372  1114.5 1673.88 2225.43 2798.24
28.6327 581.372  1116.5 1676.88 2229.39 2803.23
28.6835 582.372 1118.48 1679.88 2233.39  2808.2
28.7343 583.372 1120.48 1682.85 2237.39 2813.17
28.7852 584.372 1122.48 1685.85 2241.35 2818.16
 28.836 585.372 1124.46 1688.85 2245.35 2823.13
 28.836 586.406 1126.46 1691.84 2249.35 2828.11
28.8868 587.406 1128.44 1694.84 2253.32 2833.11
28.8868 588.439 1130.43 1697.82 2257.32 2838.11
28.8868 589.439 1132.42 1700.82 2261.31 2843.13
 28.937 590.463 1134.42 1703.82 2265.23 2848.13
28.9875 591.463  1136.4 1706.82 2269.23  2853.1
28.9875 592.498  1138.4 1709.82 2273.21 2858.09
 29.038 593.498  1140.4 1712.82 2277.17 2863.07
29.0874 594.508 1142.34 1715.82 2281.17 2868.07
 29.138 595.508 1144.33 1718.82 2285.13 2873.07
 29.138 596.541 1146.31 1721.82 2289.13 2878.06
29.1884 597.541 1148.31 1724.82  2293.1 2883.04
29.2389 598.541 1150.31  1727.8 2297.06 2888.04
29.2889 599.564 1152.31  1730.8 2300.99 2893.04
29.2889 600.597 1154.31 1733.78 2304.99 2898.03
29.2889  601.63  1156.3 1736.76 2308.99 2903.03
29.2889 602.663 1158.28 1739.75 2312.99 2908.03
 29.338 603.673 1160.22 1742.75 2316.99 2913.03
 29.338 604.673 1162.22 1745.75 2320.99 2918.03
 29.338 605.708 1164.22 1748.75 2324.96 2923.03
 29.338 606.743 1166.21 1751.75 2328.94 2928.03
29.3879 607.743 1168.21 1754.75  2332.9 2933.01
29.4378 608.743 1170.21 1757.73  2336.9 2937.99
29.4378 609.776 1172.19 1760.73  2340.9 2942.97
29.4877 610.776 1174.19 1763.71 2344.87 2947.97
29.4877 611.809 1176.18 1766.69 2348.87 2952.97
29.4877 612.843 1178.18 1769.69 2352.84 2957.96
29.5374 613.843 1180.18 1772.68 2356.81 2962.96
29.5374 614.878 1182.17 1775.68 2360.78 2967.96
 29.587 615.878 1184.15 1778.68 2364.75 2972.96
 29.587 616.878 1186.15 1781.67 2368.75 2977.97
 29.587 617.914 1188.15 1784.66 2372.72 2982.97
 29.587 618.946 1190.15 1787.64 2376.72 2987.96
 29.587 619.979 1192.13 1790.63 2380.72 2992.96
 29.587 620.979 1194.13 1793.62 2384.72 2997.96
29.6362 621.979 1196.11 1796.62 2388.69 3002.96
29.6362 622.979 1198.11 1799.62 2392.67 3007.98
29.6362 624.011 1200.11 1802.61 2396.67 3012.96
29.6362 625.011  1202.1  1805.6 2400.67 3017.97
29.6362 626.011  1204.1  1808.6 2404.66 3022.99
29.6851 627.011  1206.1  1811.6 2408.63 3027.97
29.7338 628.011  1208.1 1814.58 2412.63 3032.95
29.7827 629.011  1210.1 1817.56  2416.6 3037.95
29.8311 630.034  1212.1 1820.56 2420.52 3042.95
 29.879 631.043 1214.04 1823.56 2424.52 3047.95
29.9278 632.043 1216.04 1826.56 2428.49 3052.93
29.9278 633.075 1218.03 1829.54 2432.49 3057.93
29.9278  634.11 1220.02 1832.54 2436.47 3062.93
29.9278 635.142    1222 1835.54 2440.47 3067.92
 29.976 636.164    1224 1838.54 2444.39 3072.92
 29.976 637.164    1226 1841.54 2448.38 3077.93
 29.976 638.198    1228 1844.54 2452.35 3082.92
 30.024 639.219    1230 1847.54 2456.35 3087.85
30.0717 640.235    1232 1850.48 2460.35 3092.85
30.0717 641.267 1233.99 1853.46 2464.35 3097.85
30.0717   642.3 1235.99 1856.46 2468.33 3102.85
30.0717 643.334 1237.99 1859.46  2472.3 3107.84
30.0717 644.334 1239.99 1862.46 2476.29 3112.86
30.0717 645.334 1241.98 1865.46 2480.28 3117.87
30.1198 646.334 1243.97 1868.46 2484.24 3122.87
30.1673 647.355 1245.97 1871.46 2488.24  3127.8
30.2153 648.355 1247.97 1874.44 2492.24 3132.78
 30.263 649.377 1249.97 1877.44 2496.17 3137.78
 30.263 650.411 1251.96 1880.44 2500.15 3142.78
30.3105 651.434 1253.96 1883.44 2504.08 3147.78
30.3578  652.45 1255.96 1886.38 2508.08 3152.78
30.3578 653.481 1257.95 1889.38 2512.08 3157.76
30.4052 654.501 1259.95 1892.38 2516.08 3162.69
30.4052 655.501 1261.94 1895.38 2520.07 3167.71
30.4052 656.536 1263.94 1898.37 2524.04 3172.71
30.4052 657.567 1265.93 1901.37 2528.04 3177.69
30.4522 658.583 1267.93  1904.3 2532.04 3182.69
30.4522 659.583 1269.93 1907.31 2536.04 3187.69
30.4993 660.603 1271.93 1910.31 2540.04 3192.62
30.5468 661.603 1273.91 1913.31 2544.04 3197.59
30.5943 662.603 1275.89 1916.31 2548.04 3202.56
30.5943 663.635 1277.89 1919.29 2552.04 3207.55
30.6413 664.655 1279.89 1922.29 2556.04 3212.48
30.6413 665.687 1281.89 1925.28 2560.04 3217.47
30.6878 666.696 1283.84 1928.28 2564.04 3222.47
30.7353 667.696 1285.84 1931.26 2568.01 3227.47
30.7353 668.696 1287.84 1934.26 2571.99 3232.48
30.7827 669.696 1289.84 1937.24 2575.96 3237.48
30.8301 670.696 1291.82 1940.24 2579.93 3242.48
30.8774 671.696 1293.82 1943.22 2583.93 3247.46
30.9248 672.696 1295.81 1946.22  2587.9 3252.46
30.9248  673.73 1297.81 1949.21 2591.87 3257.46
30.9717  674.75 1299.81 1952.21 2595.87 3262.39
30.9717 675.783 1301.81 1955.21 2599.84 3267.38
30.9717 676.814 1303.79 1958.21 2603.84 3272.37
31.0189 677.814 1305.79 1961.19 2607.81 3277.37
31.0653 678.829 1307.79 1964.13 2611.81 3282.37
31.1125 679.829 1309.79 1967.12 2615.78 3287.37
31.1593 680.851 1311.79 1970.12 2619.71 3292.37
31.2063 681.851 1313.77 1973.09 2623.71 3297.37
31.2535 682.851 1315.76 1976.09 2627.68 3302.37
31.3007 683.851 1317.75 1979.09 2631.65 3307.37
31.3007 684.881 1319.73 1982.09 2635.65 3312.35
31.3007 685.881 1321.73 1985.09 2639.63 3317.36
31.3007 686.881 1323.73 1988.09 2643.62 3322.37
31.3475 687.881 1325.71 1991.06 2647.62 3327.37
31.3475 688.912  1327.7 1994.06 2651.62 3332.36
31.3937 689.927  1329.7    1997 2655.62 3337.36
31.4404 690.927 1331.68    2000 2659.62 3342.33
31.4404 691.927 1333.68 2003.01 2663.62 3347.33
31.4404 692.957 1335.66 2006.01 2667.62 3352.31
31.4404 693.987 1337.65 2009.01 2671.62  3357.3
 31.487 694.987 1339.65 2011.98 2675.62 3362.27
 31.487  696.02 1341.65 2014.98 2679.59 3367.27
31.5332 697.039 1343.65 2017.98 2683.59  3372.2
31.5793 698.059 1345.65 2020.98 2687.59 3377.14
31.6252 699.074 1347.65 2023.92 2691.59 3382.14
31.6718 700.074 1349.65  2026.9 2695.59 3387.11
31.6718 701.074 1351.64  2029.9 2699.59 3392.12
31.7179 702.096 1353.64  2032.9 2703.52 3397.12
31.7645 703.096 1355.63  2035.9 2707.49 3402.12
31.8109 704.096 1357.61  2038.9 2711.49 3407.09
31.8109 705.126  1359.6  2041.9 2715.49 3412.08
31.8569 706.147  1361.6  2044.9 2719.42 3417.08
31.8569 707.147  1363.6  2047.9 2723.41 3422.09
31.9024 708.156 1365.54  2050.9 2727.41 3427.09
31.9024 709.156 1367.54  2053.9  2731.4  3432.1
31.9478 710.165 1369.48  2056.9  2735.4  3437.1
31.9937 711.186 1371.48  2059.9 2739.34  3442.1
32.0399 712.186 1373.47  2062.9 2743.34 3447.07
32.0856 713.201 1375.47 2065.84 2747.34 3452.07
32.0856 714.201 1377.46 2068.83 2751.34 3457.08
32.1317 715.201 1379.44 2071.83 2755.34 3462.06
32.1317 716.201 1381.44 2074.84 2759.33 3467.06
 32.178 717.201 1383.44 2077.84  2763.3 3472.04
32.2241 718.201 1385.44 2080.82  2767.3 3477.02
32.2698  719.22 1387.44 2083.82  2771.3 3481.95
32.3159  720.22 1389.44 2086.79  2775.3 3486.93
32.3159  721.22 1391.44 2089.79 2779.29 3491.94
32.3159  722.22 1393.44 2092.79 2783.28 3496.95
32.3159 723.252 1395.43 2095.79 2787.26 3501.95
 32.361 724.261 1397.38 2098.79 2791.26 3506.95
 32.361 725.261 1399.38 2101.79 2795.26 3511.96
32.4068 726.261 1401.36 2104.76 2799.26 3516.96
32.4068 727.293 1403.36 2107.75 2803.23 3521.96
32.4068 728.293 1405.36 2110.75 2807.22 3526.97
32.4517 729.301  1407.3 2113.75 2811.22 3531.97
32.4517 730.301  1409.3 2116.75 2815.22 3536.98
32.4517 731.301 1411.29 2119.75 2819.22 3541.99
32.4517 732.301 1413.29 2122.75 2823.21    3547
32.4517 733.331 1415.29 2125.73 2827.21 3551.99
32.4963  734.34 1417.24 2128.73 2831.21 3556.99
32.5409 735.348 1419.18 2131.73 2835.21 3561.99
32.5409 736.377 1421.17 2134.73 2839.21 3566.97
 32.586 737.396 1423.17 2137.73 2843.21 3571.91
32.6314 738.396 1425.17 2140.71 2847.21 3576.88
32.6314 739.428 1427.17  2143.7 2851.19 3581.88
32.6314 740.457 1429.17 2146.68 2855.19 3586.87
32.6314 741.487 1431.17 2149.67 2859.19 3591.86
32.6767 742.487 1433.16 2152.67 2863.16 3596.86
32.7218 743.487 1435.14 2155.64 2867.16 3601.86
32.7671 744.487 1437.14 2158.63 2871.13 3606.86
32.7671 745.516 1439.12 2161.61 2875.13 3611.86
32.8122 746.516  1441.1 2164.59 2879.13 3616.86
32.8571 747.536  1443.1 2167.59 2883.06 3621.86
32.8571 748.567 1445.09 2170.59 2887.04 3626.86
32.8571 749.567 1447.09 2173.58 2891.04 3631.86
32.9022 750.567 1449.09 2176.57 2895.01 3636.86
32.9473 751.567 1451.09 2179.55 2898.98 3641.86
32.9473 752.599 1453.09 2182.54 2902.96 3646.86
32.9473  753.63 1455.08 2185.54 2906.94 3651.86
32.9922  754.63 1457.08 2188.52 2910.94 3656.84
32.9922  755.63 1459.08 2191.52 2914.92 3661.85
32.9922  756.63 1461.08 2194.52 2918.91 3666.86
32.9922  757.66 1463.08 2197.52 2922.89 3671.86
33.0364 758.675 1465.08 2200.46 2926.89 3676.86
33.0808 759.695 1467.08 2203.46 2930.83 3681.86
33.1252 760.715 1469.08 2206.46 2934.76 3686.86
33.1252 761.746 1471.07 2209.46 2938.74 3691.86
33.1252 762.746 1473.07 2212.46 2942.73 3696.87
33.1699 763.746 1475.07 2215.46  2946.7 3701.86
33.2146 764.746 1477.07 2218.45 2950.67 3706.86
33.2588 765.764 1479.07 2221.45 2954.67 3711.79
33.3029 766.779 1481.07 2224.39 2958.67 3716.79
33.3029 767.809 1483.06 2227.39 2962.65 3721.79
33.3029 768.809 1485.06 2230.39 2966.64 3726.81
33.3029 769.809 1487.06 2233.39 2970.62 3731.82
33.3472 770.809 1489.04 2236.36 2974.62 3736.82
33.3472  771.84 1491.04 2239.35  2978.6 3741.82
33.3912 772.859 1493.04 2242.35  2982.6 3746.75
33.4357 773.859 1495.04 2245.34 2986.57 3751.75
33.4357  774.89 1497.03 2248.34 2990.55 3756.75
33.4357  775.89 1499.03 2251.34 2994.54 3761.77
33.4357  776.92 1501.03 2254.34 2998.52 3766.76
33.4357  777.92 1503.02 2257.34 3002.51 3771.77
33.4357 778.948 1505.02 2260.32 3006.51 3776.76
33.4357 779.978 1507.02 2263.32 3010.48 3781.75
33.4793 780.997 1509.02 2266.32 3014.48 3786.69
33.5233 781.997 1511.01 2269.32 3018.48 3791.67
33.5233 783.027 1513.01 2272.31 3022.46 3796.67
33.5233 784.058    1515 2275.31 3026.44 3801.67
33.5233 785.058    1517 2278.32 3030.44 3806.67
33.5233 786.058    1519 2281.32 3034.42 3811.68
33.5233 787.058 1520.99 2284.31 3038.42 3816.69
33.5233 788.058 1522.99 2287.31 3042.41  3821.7
 33.567 789.058 1524.98 2290.31 3046.38  3826.7
33.6107 790.058 1526.96 2293.31 3050.38 3831.67
33.6107 791.088 1528.96 2296.31 3054.36 3836.67
33.6543 792.088 1530.95 2299.31 3058.33 3841.67
33.6543 793.088 1532.95  2302.3 3062.33 3846.68
33.6976 794.107 1534.95  2305.3 3066.33 3851.62
33.6976 795.135 1536.93 2308.29 3070.33 3856.62
33.6976 796.165 1538.92 2311.29 3074.31 3861.62
33.7407 797.185 1540.92 2314.29 3078.25 3866.62
33.7834 798.193 1542.87 2317.29 3082.25 3871.62
33.8269 799.193 1544.87 2320.27 3086.22 3876.62
33.8269 800.193 1546.87 2323.28 3090.21 3881.62
  33.87 801.211 1548.87 2326.28 3094.21 3886.56
  33.87 802.239 1550.86 2329.26 3098.21 3891.56
  33.87 803.239 1552.86 2332.26  3102.2 3896.57
33.9127 804.253 1554.86  2335.2  3106.2 3901.57
33.9127 805.282 1556.86  2338.2 3110.18 3906.56
 33.956 806.282 1558.85  2341.2 3114.15 3911.56
33.9987 807.296 1560.85 2344.15 3118.15 3916.56
33.9987 808.296 1562.84 2347.15 3122.14 3921.57
33.9987 809.296 1564.84 2350.15 3126.14 3926.58
34.0414 810.314 1566.84 2353.15 3130.14 3931.52
34.0838 811.322 1568.79 2356.15 3134.14 3936.52
 34.127 812.322 1570.79 2359.13 3138.11 3941.52
 34.127 813.352 1572.78 2362.13 3142.09 3946.52
 34.127  814.38 1574.77 2365.13 3146.09 3951.51
  34.17  815.38 1576.75 2368.13 3150.06 3956.51
34.2131  816.38 1578.75 2371.13 3154.03 3961.49
34.2562  817.38 1580.75 2374.12    3158 3966.49
34.2989 818.399 1582.75 2377.12 3161.94 3971.49
34.3416 819.417 1584.75 2380.12 3165.94 3976.43
34.3416 820.444 1586.74  2383.1 3169.94 3981.43
34.3845 821.444 1588.74 2386.08 3173.94 3986.41
34.3845 822.474 1590.73 2389.08 3177.92 3991.41
34.3845 823.503 1592.73 2392.08 3181.89  3996.4
34.3845 824.503 1594.73 2395.08 3185.89 4001.41
34.4274 825.503 1596.72 2398.08 3189.86 4006.41
34.4274 826.532 1598.72 2401.08 3193.84 4011.41
34.4274 827.532 1600.71 2404.07 3197.84 4016.41
34.4274 828.532 1602.71 2407.07 3201.83 4021.43
34.4699 829.532 1604.69 2410.05 3205.83 4026.43
34.4699  830.56 1606.68 2413.05 3209.83 4031.41
34.4699 831.587 1608.66 2416.04 3213.83 4036.41
34.4699 832.614 1610.66 2419.02 3217.83  4041.4
34.4699 833.643 1612.66 2422.02 3221.81 4046.39
34.5118 834.657 1614.66 2424.97 3225.81 4051.39
34.5118 835.687 1616.66 2427.96 3229.79 4056.39
34.5118 836.687 1618.66 2430.96 3233.78 4061.39
34.5118 837.687 1620.66 2433.96 3237.77  4066.4
 34.554 838.687 1622.64 2436.96 3241.77 4071.38
 34.554 839.687 1624.64 2439.96 3245.77 4076.38
34.5962 840.687 1626.64 2442.94 3249.77 4081.36
34.5962 841.714 1628.63 2445.93 3253.77 4086.36
34.5962 842.714 1630.63 2448.93 3257.76 4091.37
34.5962 843.742 1632.63 2451.93 3261.74 4096.36
34.6383 844.742 1634.61 2454.93 3265.74 4101.34
34.6383 845.742 1636.61 2457.93 3269.73 4106.35
34.6795 846.751 1638.56 2460.93 3273.73 4111.35
34.7216 847.751 1640.56 2463.93  3277.7 4116.34
34.7216 848.777 1642.55 2466.93  3281.7 4121.32
34.7216 849.806 1644.55 2469.93 3285.68 4126.32
34.7216 850.833 1646.55 2472.91 3289.68 4131.31
34.7216 851.833 1648.54 2475.91 3293.68 4136.31
34.7634 852.833 1650.54 2478.89 3297.68 4141.29
34.7634 853.862 1652.54 2481.88 3301.66 4146.29
34.8052 854.862 1654.54 2484.87 3305.63 4151.29
 34.847 855.862 1656.54 2487.86  3309.6 4156.29
34.8887 856.862 1658.53 2490.83  3313.6 4161.29
34.8887 857.889 1660.53 2493.82  3317.6 4166.28
34.9304 858.889 1662.51 2496.79  3321.6 4171.28
34.9721 859.889 1664.49 2499.79 3325.57 4176.28
35.0138 860.889 1666.48 2502.79 3329.57 4181.25
35.0555 861.889 1668.46 2505.79 3333.57 4186.23
35.0555 862.889 1670.46  2508.8 3337.57 4191.23
35.0555 863.918 1672.45  2511.8 3341.55 4196.23
35.0964 864.926  1674.4  2514.8 3345.55 4201.23
35.0964 865.955  1676.4  2517.8 3349.53 4206.23
35.0964 866.984 1678.39  2520.8 3353.51 4211.23
35.1379 867.984 1680.39 2523.78 3357.51 4216.21
35.1379 869.012 1682.38 2526.78 3361.48 4221.21
35.1379 870.012 1684.38 2529.78 3365.48 4226.22
35.1379 871.041 1686.38 2532.78 3369.45 4231.21
35.1379 872.041 1688.38 2535.78 3373.45 4236.21
35.1792 873.041 1690.38 2538.78 3377.42  4241.2
35.1792 874.069 1692.38 2541.77  3381.4  4246.2
35.2202 875.087 1694.38 2544.77  3385.4 4251.14
35.2202 876.115 1696.38 2547.76 3389.38 4256.14
35.2202 877.142 1698.37 2550.76 3393.38 4261.13
35.2202 878.168 1700.35 2553.76 3397.38 4266.11
35.2202 879.195 1702.34 2556.76 3401.38  4271.1
35.2202 880.223 1704.33 2559.76 3405.36  4276.1
35.2607 881.236 1706.33 2562.71 3409.36  4281.1
35.2607 882.236 1708.33 2565.71 3413.36  4286.1
35.3017 883.236 1710.33  2568.7 3417.33  4291.1
35.3427 884.236 1712.32  2571.7 3421.33 4296.08
35.3427 885.265 1714.32 2574.69 3425.31 4301.08
35.3837 886.265 1716.32 2577.68 3429.28 4306.08
35.4246 887.265 1718.32 2580.68 3433.25 4311.06
35.4653 888.283 1720.32 2583.68 3437.19 4316.06
35.5062 889.283 1722.32 2586.66 3441.19 4321.04
35.5062 890.311 1724.32 2589.66 3445.17 4326.04
35.5472 891.311 1726.32 2592.66 3449.14 4331.02
35.5881 892.311  1728.3 2595.66 3453.11 4336.02
35.6285 893.324  1730.3  2598.6 3457.11 4341.02
35.6691 894.343  1732.3  2601.6 3461.05 4346.02
35.7099 895.343 1734.29 2604.58 3465.05 4351.02
35.7099 896.371 1736.28 2607.58 3469.03 4356.02
35.7099 897.399 1738.27 2610.58 3473.01 4361.02
35.7099 898.399 1740.27 2613.58 3477.01 4366.04
35.7502 899.412 1742.27 2616.53 3481.01 4371.04
35.7502 900.412 1744.27 2619.53    3485 4376.05
35.7906 901.429 1746.27 2622.53    3489 4380.99
35.8308 902.442 1748.27 2625.47    3493 4385.99
35.8714 903.442 1750.25 2628.45    3497 4390.99
35.8714 904.442 1752.25 2631.45    3501    4396
35.9121 905.442 1754.23 2634.45 3504.97    4401
35.9524 906.459 1756.23 2637.45 3508.97 4405.94
35.9524 907.487 1758.23 2640.44 3512.95 4410.94
35.9524 908.515 1760.23 2643.44 3516.93 4415.93
 35.993 909.515 1762.23 2646.44  3520.9 4420.92
36.0336 910.515 1764.23 2649.42  3524.9  4425.9
36.0741 911.515 1766.22  2652.4  3528.9  4430.9
36.0741 912.515 1768.21  2655.4  3532.9 4435.91
36.1145 913.515 1770.21 2658.38  3536.9 4440.89
36.1551 914.515 1772.21 2661.36 3540.87 4445.89
 36.195 915.522 1774.16 2664.36 3544.87 4450.89
 36.195 916.522 1776.16 2667.36 3548.86  4455.9
 36.195 917.522 1778.16 2670.37 3552.86  4460.9
 36.195 918.522 1780.16 2673.36 3556.86  4465.9
 36.195 919.522 1782.16 2676.36 3560.85 4470.91
36.2353 920.522 1784.16 2679.36 3564.82  4475.9
36.2353  921.55 1786.16 2682.36  3568.8  4480.9
36.2755  922.55 1788.14 2685.34  3572.8  4485.9
36.3152 923.557  1790.1 2688.34  3576.8  4490.9
36.3152 924.583 1792.08 2691.34  3580.8 4495.88
36.3152 925.583 1794.08 2694.34  3584.8 4500.89
36.3152 926.583 1796.08 2697.34 3588.79 4505.89
36.3554 927.583 1798.07 2700.34 3592.77 4510.89
36.3554 928.583 1800.07 2703.34 3596.76  4515.9
36.3954 929.583 1802.05 2706.32 3600.76  4520.9
36.4352 930.599 1804.05 2709.32 3604.76 4525.84
36.4753 931.599 1806.04 2712.32 3608.73 4530.84
 36.515 932.612 1808.04 2715.26 3612.73 4535.84
 36.515 933.612 1810.03 2718.26 3616.72 4540.85
 36.555 934.612 1812.03 2721.24 3620.72 4545.83
36.5944 935.619 1813.99 2724.24 3624.72 4550.83
36.6342 936.636 1815.99 2727.24 3628.72 4555.78
36.6742 937.636 1817.97 2730.22 3632.72 4560.78
36.6742 938.636 1819.97 2733.23 3636.72 4565.78
36.7142 939.636 1821.95 2736.23 3640.72 4570.75
36.7535 940.643 1823.91 2739.23 3644.72 4575.75
36.7929  941.65 1825.86 2742.23 3648.72 4580.75
36.7929 942.678 1827.85 2745.23  3652.7 4585.75
36.8329 943.678 1829.85 2748.21 3656.67 4590.75
36.8728 944.678 1831.85 2751.19 3660.67 4595.73
36.8728 945.678 1833.85 2754.19 3664.66 4600.74
36.8728 946.703 1835.84 2757.19 3668.66 4605.73
36.9127 947.703 1837.84 2760.17 3672.66 4610.71
36.9526 948.703 1839.84 2763.17 3676.63  4615.7
36.9526 949.728 1841.83 2766.16 3680.63  4620.7
36.9925 950.728 1843.83 2769.14 3684.63 4625.68
36.9925 951.728 1845.82 2772.14 3688.63 4630.68
36.9925 952.753 1847.81 2775.14 3692.63 4635.67
36.9925 953.778  1849.8 2778.12 3696.63 4640.67
37.0322 954.778  1851.8 2781.12 3700.61 4645.66
37.0322 955.803 1853.79 2784.11 3704.61 4650.66
37.0719 956.803 1855.79 2787.09 3708.61 4655.64
37.1111 957.816 1857.79 2790.04 3712.61 4660.64
37.1503 958.828 1859.79 2792.99 3716.61 4665.64
37.1897 959.845 1861.79 2795.99 3720.55 4670.64
37.2291 960.861 1863.79 2798.99 3724.55 4675.58
37.2683 961.874 1865.79 2801.94 3728.55 4680.58
37.2683 962.874 1867.79 2804.94 3732.55 4685.58
37.3079 963.874 1869.77 2807.92 3736.55 4690.58
37.3476 964.874 1871.77  2810.9 3740.52 4695.58
37.3476 965.874 1873.77  2813.9 3744.52 4700.59
37.3476 966.899 1875.76 2816.89 3748.52 4705.59
37.3871 967.899 1877.76 2819.89 3752.49 4710.58
37.3871 968.899 1879.76 2822.89 3756.48 4715.59
37.3871 969.899 1881.76 2825.89 3760.48 4720.59
37.4265 970.899 1883.74 2828.87 3764.48 4725.59
37.4265 971.925 1885.74 2831.87 3768.46 4730.58
37.4655 972.937 1887.74 2834.82 3772.46 4735.58
37.4655 973.962 1889.73 2837.82 3776.46 4740.57
37.5049 974.962 1891.73  2840.8 3780.46 4745.55
37.5049 975.988 1893.72  2843.8 3784.44 4750.55
37.5049 976.988 1895.72  2846.8 3788.43 4755.56
37.5049 978.015 1897.72 2849.79 3792.41 4760.56
37.5049 979.015 1899.72 2852.79 3796.41 4765.56
37.5438 980.031 1901.72 2855.79 3800.41  4770.5
 37.583 981.031 1903.72 2858.79 3804.38 4775.49
37.6223 982.031 1905.72 2861.79 3808.36 4780.48
37.6223 983.056 1907.72 2864.78 3812.36 4785.47
37.6223 984.056 1909.71 2867.78 3816.35 4790.48
37.6223 985.056 1911.71 2870.78 3820.35 4795.48
37.6223 986.082 1913.71 2873.78 3824.33 4800.48
37.6223 987.106  1915.7 2876.78 3828.33 4805.47
37.6223 988.106  1917.7 2879.78 3832.32 4810.48
37.6223 989.106  1919.7 2882.78 3836.31 4815.49
37.6223 990.133  1921.7 2885.77 3840.29 4820.49
37.6605  991.14 1923.65 2888.77 3844.29 4825.49
37.6995  992.14 1925.65 2891.77 3848.27 4830.47
37.7384  993.14 1927.65 2894.75 3852.24 4835.47
37.7384 994.165 1929.64 2897.74 3856.24 4840.47
 37.777  995.18 1931.64 2900.74 3860.24 4845.42
 37.777  996.18 1933.64 2903.74 3864.24 4850.42
 37.777 997.205 1935.63 2906.73 3868.24 4855.42
37.8158 998.205 1937.63 2909.73 3872.21 4860.41
37.8541 999.217 1939.63 2912.68 3876.21 4865.41
37.8929 1000.22 1941.63 2915.66 3880.21 4870.39
37.8929 1001.24 1943.62 2918.66 3884.21 4875.38
37.9315 1002.24  1945.6 2921.64 3888.21 4880.38
37.9703 1003.24  1947.6 2924.63 3892.19 4885.38
37.9703 1004.27  1949.6 2927.62 3896.17 4890.38
 38.009 1005.27  1951.6 2930.62 3900.14 4895.36
 38.009 1006.27  1953.6 2933.62 3904.14 4900.37
38.0474 1007.28  1955.6 2936.62 3908.09 4905.37
 38.086 1008.28 1957.58 2939.59 3912.09 4910.37
 38.086 1009.28 1959.58  2942.6 3916.08 4915.37
 38.086 1010.28 1961.58 2945.59 3920.08 4920.38
 38.086 1011.31 1963.58 2948.59 3924.07 4925.38
 38.086 1012.33 1965.56 2951.59 3928.07 4930.36
38.1245 1013.33 1967.55 2954.59 3932.07 4935.34
38.1245 1014.33 1969.54 2957.58 3936.07 4940.35
38.1629 1015.33 1971.53 2960.58 3940.07 4945.33
38.1629 1016.36 1973.52 2963.58 3944.07 4950.31
38.2009 1017.37 1975.52 2966.53 3948.07 4955.31
38.2389 1018.38 1977.52 2969.48 3952.07 4960.31
38.2389 1019.41 1979.51 2972.48 3956.05 4965.31
38.2773 1020.41 1981.51 2975.47 3960.02 4970.31
38.2773 1021.43  1983.5 2978.46 3964.02 4975.31
38.3156 1022.43 1985.48 2981.46 3968.02 4980.29
38.3536 1023.45 1987.48 2984.46 3972.02 4985.24
38.3915 1024.46 1989.48 2987.41 3976.02 4990.24