      2       2       2       4       5       6
3.38462       3       4       7 8.46154 10.1538
3.38462     4.3       6 10.0333 12.1282 15.1538
4.23876 5.38516       8 13.0333 15.1889 20.1538
4.23876 6.70738      10 16.0333 18.9183 25.1023
4.23876 7.70738      12 19.2371 22.6985 30.1182
4.85051 8.81973      14 22.2371 25.9744 35.1182
4.85051 9.81973 16.0508 25.2371 29.7793 40.2625
5.32418 10.7787 17.6182 28.2371 33.7793 45.2625
5.32418 11.9206 19.4847 31.2287 37.7793 50.2625
5.79923 12.9206 21.2233 34.0151 41.7793 55.2625
6.23479  13.891 22.8173 37.0151 45.7793 60.2625
6.67036 14.8614 24.4113 40.0151 49.7793 65.2625
6.67036 15.9861 26.2586 43.0432 53.7793 70.2625
7.10936 16.9861 27.9868  45.876 57.7793 75.2625
7.55283 17.9861 29.9868 48.7377 61.7793 79.9573
7.55283 19.1019 31.8472 51.7614 65.7793 84.9573
7.97164 20.1019 33.8472 54.6316 69.7793 89.6683
8.39603 21.1019 35.6491 57.6316 73.7793  94.442
8.39603 22.1986 37.6491 60.6268 77.7793 99.3502
8.78371 23.2236 39.6491 63.6268 81.7793 103.938
8.78371 24.2236 41.6491 66.6889  85.715  108.94
9.16516 25.2236 43.6491  69.585 89.4375  113.94
9.16516 26.2236 45.5705 72.6481 93.4375 118.955
9.16516 27.2236 47.5137 75.6481 97.4218 124.028
9.16516 28.3097 49.4094 78.6663 101.422 129.028
9.16516 29.3097  51.347 81.7513 105.399 134.028
9.16516 30.3097 53.2895 84.7513 109.386 139.098
9.46156   31.29 55.0129 87.7513 113.386 144.098
9.76867 32.3056 57.0129 90.7513 117.386 148.775
9.76867 33.3996 58.9436 93.7513 121.362 153.775
 10.076 34.3996 60.7981 96.7513 125.362 158.613
10.3798 35.3996 62.7981 99.6681 129.141 163.613
10.6666 36.3777 64.5332 102.668 133.141 168.613
10.9626 37.3872 66.5332 105.668 136.836 173.613
11.2682 38.3872 68.3879 108.668 140.836 178.453
11.5529  39.357 70.3879 111.414 144.836 183.453
11.8486 40.3646 72.3879 114.414 148.836  188.15
11.8486 41.3646  74.329 117.482 152.827  193.15
11.8486 42.3646 76.2743 120.482 156.826 198.205
12.1383 43.3646  78.139 123.482 160.826  203.05
12.1383 44.4233  80.139 126.496 164.753  208.05
12.4035  45.394  82.139  129.26 168.753  213.05
12.4035 46.4603 84.0684  132.26 172.753 218.055
12.6713 47.4632 86.0684  135.26 176.482 223.055
12.9469 48.4632 87.9406  138.26 180.482 227.907
12.9469 49.4632 89.8896  141.26 184.482 232.958
13.2091 50.4649 91.8896  144.26 188.218 237.958
13.4766 51.4649 93.8896 147.182 192.029 242.958
13.4766 52.4649 95.8294 150.222 196.029 247.977
13.4766 53.4649 97.7803 153.281  200.02 252.977
13.4766 54.4649 99.7312 156.339 204.011 257.977
13.7247 55.4676 101.731 159.339 208.011 262.727
13.7247 56.5171 103.731 162.354 211.947 267.727
13.7247 57.5171 105.674 165.395 215.947 272.742
13.7247 58.5656 107.674  168.41 219.883 277.742
13.9637 59.5656 109.674 171.342 223.712 282.742
14.2004 60.5656 111.533 174.247 227.712 287.742
14.4414 61.5656 113.427 177.247 231.578 292.742
14.4414 62.5656 115.427 180.278 235.539 297.749
14.6764 63.5656 117.427 183.211 239.371 302.749
14.9075 64.5666 119.427 186.211 243.371 307.517
14.9075 65.5666 121.427 189.243 247.333 312.523
15.1383 66.5666 123.427 192.173 251.333 317.362
15.1383 67.5666 125.427 195.204 255.297 322.368
15.3623 68.5661 127.427 198.204 259.073 327.368
15.3623 69.5661 129.378 201.239 263.073 332.381
15.5843 70.5661 131.248 204.148 267.073 337.381
15.8081 71.5661 133.248 207.079 271.073 342.226
16.0321 72.5661 135.248 210.014 274.915 347.226
16.2526 73.5643 137.248 213.014 278.696 352.226
16.4776 74.5643 139.148 216.014 282.696 357.101
16.6982 75.5626 141.148 219.014 286.696 361.882
16.9128 76.5336 143.148 221.828 290.696 366.882
17.1384 77.5336 145.148 224.828 294.575 371.777
 17.362 78.5336 147.148 227.761 298.418 376.777
 17.362 79.5725 149.148 230.774 302.366 381.777
17.5828 80.5725 151.148 233.709 306.211 386.777
17.5828 81.5725 153.148 236.735 310.176 391.786
17.5828 82.6107 155.097 239.748 314.176 396.786
17.5828 83.6517 157.097 242.748 318.135 401.786
17.5828 84.6517 159.066 245.791 322.123 406.786
17.7943 85.6517 160.979 248.791 325.998 411.786
17.7943 86.6517 162.949 251.834 329.985 416.786
17.7943 87.6914 164.949 254.834 333.945 421.787
17.7943 88.7284 166.949 257.848 337.894 426.787
17.7943 89.7655 168.949 260.862 341.843 431.787
17.7943 90.7655 170.949 263.888 345.809 436.795
17.9928 91.7655 172.949 266.831 349.666 441.795
18.1893 92.7655 174.838 269.746 353.666 446.795
18.1893 93.8013  176.79 272.758 357.666 451.795
18.1893 94.8371 178.742  275.77 361.666 456.795
 18.385 95.8371 180.742  278.77 365.557 461.709
18.5807 96.8371 182.742  281.77 369.447 466.623
18.7723 97.8357 184.742  284.77 373.257 471.623
18.9639 98.8343 186.742  287.77 377.067 476.623
 19.156 99.8343 188.634 290.685 381.067 481.623
 19.156 100.834 190.608 293.685 385.054 486.662
 19.156 101.878  192.58 296.685 389.038 491.662
 19.156 102.912 194.535 299.697 393.038 496.662
19.3439 103.912 196.535 302.637 397.038 501.534
19.3439 104.948 198.535 305.637 400.999 506.537
19.5301 105.948 200.535 308.577 404.999 511.411
19.5301 106.948 202.509 311.615 408.986 516.411
19.7158 107.948 204.435 314.615 412.875 521.411
19.9009 108.948 206.354 317.615 416.875 526.306
19.9009 109.948 208.329 320.615 420.864 531.343
20.0835 110.948 210.329 323.557 424.864 536.218
20.0835 111.948 212.294 326.581 428.864 541.229
20.2652 112.948 214.215 329.581 432.864 546.126
20.4442 113.946 216.215 332.581 436.864  550.95
20.4442 114.977 218.173 335.592 440.864  555.95
20.4442 116.012 220.173 338.592  444.83  560.95
20.6231 117.012   222.1 341.592 448.723  565.95
 20.799 118.009   224.1 344.592 452.723 570.776
20.9767 119.009   226.1 347.537 456.723 575.654
21.1552 120.009 228.024 350.537 460.723 580.552
21.1552 121.009     230 353.537 464.716 585.583
21.3295 122.006     232 356.537 468.545 590.583
21.5068 123.006 233.928 359.537 472.439 595.583
21.6812 124.004 235.928 362.537 476.439 600.411
21.6812 125.004 237.896 365.561 480.439  605.42
21.6812 126.033 239.855 368.571 484.439  610.42
21.8545 127.033 241.855 371.518 488.439   615.3
21.8545 128.063 243.815 374.529 492.439   620.3
22.0252 129.063  245.72 377.454 496.439   625.3
22.1959 130.063 247.624 380.379 500.439   630.3
22.1959 131.063 249.599 383.413 504.431   635.3
22.1959 132.089 251.599 386.414 508.431 640.272
22.1959 133.118 253.599 389.424 512.391 645.272
22.3652 134.118 255.599 392.424   516.3 650.195
22.5338 135.118 257.526 395.424   520.3 655.098
22.6968 136.095 259.526 398.284   524.3 660.098
22.8657 137.095 261.457 401.284   528.2 665.098
22.8657 138.125 263.457 404.284 532.171 670.098
22.8657 139.154 265.457 407.294 536.132 675.098
22.8657 140.179 267.457 410.295 540.132 680.071
22.8657 141.179 269.427 413.316 544.132  685.08
22.8657 142.179 271.403 416.348 548.124  690.08
23.0276 143.179 273.403 419.298 552.124 694.969
23.0276 144.204 275.403 422.299 556.124 699.943
23.0276 145.234 277.371 425.299 560.124 704.944
23.0276 146.234 279.349 428.299 564.119 709.972
23.0276 147.261 281.349 431.308 568.082 714.972
23.0276 148.261  283.32 434.329 572.082  719.98
23.1852 149.261  285.32 437.329 575.997 724.907
23.1852 150.291 287.289 440.329 579.997 729.909
23.1852 151.321 289.257 443.329 583.997  734.91
23.1852 152.321 291.236 446.329 587.992 739.937
23.3394 153.321 293.172 449.329 591.901 744.937
23.4885 154.301 295.172   452.2 595.901 749.937
23.6377 155.281 297.172 455.071 599.901 754.937
23.6377 156.309 299.172 458.071 603.874 759.936
23.6377 157.335 301.137  461.08 607.874 764.936
23.6377 158.362 303.137 464.088 611.839 769.936
23.7888 159.362 305.075 467.088  615.75 774.936
23.9349 160.341 306.949 470.088  619.75 779.936
24.0863 161.341 308.949 473.088 623.668 784.867
24.0863 162.367 310.914 476.097 627.668 789.867
24.0863 163.395 312.914 479.097 631.641 794.866
24.2348 164.395 314.914 482.052 635.537 799.866
24.3792 165.374 316.791 485.052 639.537 804.866
24.3792 166.397 318.791 488.052 643.537 809.844
24.5229 167.378 320.791 490.928 647.537 814.844
24.6695 168.378 322.709 493.863 651.537 819.844
24.6695 169.378 324.709 496.878 655.516  824.85
24.8166 170.378 326.644 499.878 659.516 829.767
24.8166 171.404 328.644 502.878  663.49 834.767
24.9623 172.404 330.644 505.831  667.49 839.668
24.9623 173.431 332.614 508.831  671.49 844.671
24.9623 174.431 334.593 511.858 675.484 849.671
24.9623 175.456 336.593 514.865 679.452 854.671
24.9623 176.481  338.56 517.873 683.452 859.671
24.9623 177.506  340.56  520.88 687.421 864.671
25.1038 178.506  342.56 523.835 691.421 869.575
25.1038 179.506 344.533 526.852 695.421 874.585
25.1038 180.506 346.506  529.87 699.421 879.594
25.2425 181.503 348.506  532.87 703.285 884.594
25.2425  182.53 350.477  535.87 707.285 889.596
25.2425 183.551 352.477 538.869 711.285 894.575
25.2425 184.575 354.477 541.876 715.254 899.575
25.2425 185.575 356.457 544.876 719.249   904.6
25.2425 186.575 358.437 547.902 723.243   909.6
25.3787 187.575 360.437 550.858 727.243 914.508
25.3787 188.599 362.437 553.865 731.213 919.508
25.5109 189.582 364.437  556.75 735.213 924.508
25.5109 190.582 366.411 559.766 739.213 929.517
25.5109 191.607 368.411 562.766 743.189 934.516
25.5109 192.607 370.386 565.783 747.189 939.525
25.5109 193.632 372.358 568.783 751.189 944.527
25.5109 194.632 374.358 571.797 755.169 949.533
25.6422 195.632 376.284 574.739 759.169 954.533
25.7747 196.632 378.229 577.739 763.092 959.533
25.9055  197.63 380.229 580.739 766.964 964.533
26.0367  198.63 382.155 583.682 770.964 969.533
26.1692  199.63   384.1 586.682 774.887 974.533
26.1692 200.658 386.079 589.682 778.879 979.533
26.2998 201.658 388.005 592.624 782.879 984.533
  26.43 202.656 390.005 595.624 786.879 989.405
26.5612 203.656 392.005 598.581 790.879 994.316
26.5612 204.656  393.98 601.597 794.879 999.326
26.6921 205.656 395.923 604.597 798.879 1004.25
26.8215 206.654 397.923 607.597 802.753 1009.25
26.9526 207.654 399.868 610.597 806.677 1014.25
27.0802 208.636 401.868 613.487 810.677 1019.25
27.2076 209.618 403.759 616.487 814.677 1024.25
27.2076 210.638 405.759 619.485 818.677 1029.23
27.2076 211.638 407.739 622.485 822.672 1034.26
27.3376 212.638 409.739 625.485 826.602  1039.2
27.4669 213.638 411.739 628.445 830.513  1044.2
27.4669 214.661 413.712 631.445 834.513  1049.2
27.4669 215.684 415.712 634.445  838.49  1054.2
27.4669 216.706 417.712  637.45 842.463  1059.2
27.4669 217.729 419.712  640.45  846.44  1064.2
27.4669 218.753 421.685  643.45  850.44 1069.21
27.4669 219.753 423.666 646.474 854.435 1074.21
27.4669  220.78 425.646 649.474 858.428 1079.21
27.4669 221.801 427.646 652.479 862.401 1084.21
27.5887 222.784 429.542 655.479 866.401 1089.21
27.5887 223.803 431.542 658.478 870.401 1094.19
27.7126 224.803 433.542 661.437 874.401  1099.1
27.8367 225.803 435.542 664.398 878.316  1104.1
27.8367 226.825 437.513 667.405 882.316  1109.1
27.8367 227.825 439.489 670.419 886.316 1114.11
27.9602 228.825 441.489 673.419 890.248 1119.06
27.9602 229.825  443.47 676.419 894.244 1124.08
27.9602 230.844  445.47 679.418 898.244 1129.06
28.0824 231.844 447.416 682.418 902.244    1134
28.0824  232.87 449.397 685.418 906.238    1139
28.0824 233.896 451.377 688.418 910.231    1144
28.2037 234.896 453.377 691.418 914.165 1148.94
 28.325 235.896 455.326 694.418 918.095 1153.94
 28.325 236.896 457.303 697.432 922.095 1158.95
28.4458 237.896 459.303 700.432 926.029 1163.89
28.5664 238.896 461.249 703.432 930.029 1168.83
28.5664 239.896 463.231 706.432 934.025 1173.85
28.5664 240.918 465.203 709.439 938.025 1178.85
28.5664 241.918 467.203 712.451 942.008 1183.85
28.5664 242.918  469.18 715.466 946.008 1188.86
28.6821 243.902  471.08 718.466 950.008 1193.86
28.6821 244.922 473.052 721.473 954.008 1198.86
28.6821 245.948 475.032 724.473 958.002 1203.86
28.7969 246.933 477.032 727.373 962.002 1208.86
28.7969 247.958 479.013 730.373 965.996 1213.86
28.9128 248.955 481.013 733.373 969.883 1218.86
29.0272  249.94 483.013 736.274 973.883 1223.86
29.0272  250.94 485.013 739.286 977.866 1228.87
 29.144  251.94 487.013 742.286 981.802 1233.81
 29.144 252.961 488.986 745.292 985.802 1238.81
 29.144 253.961 490.986 748.304 989.786 1243.82
29.2589 254.961 492.921 751.253 993.786 1248.82
29.3747 255.961 494.872 754.253 997.719 1253.82
29.4892 256.958 496.872 757.253 1001.61 1258.82
29.6037 257.956 498.872 760.253 1005.61 1263.71
29.7194 258.956 500.823 763.253 1009.54 1268.71
29.7194 259.973 502.823 766.252 1013.54 1273.69
29.8319 260.957 504.726 769.252 1017.54 1278.69
29.9469 261.957 506.726 772.216 1021.46 1283.69
30.0609 262.955 508.726 775.216 1025.46 1288.58
30.1761 263.955 510.675 778.216 1029.46 1293.52
30.2905 264.955 512.611 781.166 1033.46 1298.52
30.4058 265.955 514.562 784.166 1037.39 1303.52
30.4058 266.974 516.562 787.171 1041.37 1308.52
30.5206 267.974 518.513 790.171  1045.3 1313.52
30.5206 268.994 520.487 793.178  1049.3 1318.52
30.6342 269.994 522.423 796.129  1053.3 1323.52
30.7481 270.994 524.423  799.09  1057.3 1328.44
30.7481 271.994 526.423 802.101 1061.29 1333.45
30.8612 272.994 528.359 805.052 1065.29 1338.45
30.8612 274.013 530.359 808.057 1069.26 1343.45
30.8612 275.013 532.342 811.077 1073.26 1348.45
30.9744 276.013 534.293 814.077  1077.2 1353.45
30.9744 277.036 536.275 817.077 1081.19 1358.45
 31.087 278.036 538.224 820.077 1085.19 1363.38
 31.087 279.053 540.224 823.076 1089.19 1368.37
 31.087 280.072 542.224 826.081 1093.17 1373.37
 31.087 281.072 544.207 829.101 1097.16 1378.37
31.1982 282.072 546.207 832.066 1101.09 1383.37
31.1982 283.072 548.185 835.079 1105.09 1388.38
31.3093 284.072 550.137 838.079 1109.02 1393.38
  31.42 285.072 552.137 841.042 1113.02  1398.3
31.5285 286.057 554.137 843.948 1117.02  1403.3
31.6371 287.041 556.044 846.948 1121.02  1408.3
31.7456 288.026 558.044 849.855 1125.02  1413.3
31.8541 289.011 559.951 852.855 1129.02  1418.3
31.8541  290.03 561.951 855.855    1133 1423.31
31.8541 291.048 563.951 858.859 1136.98 1428.31
31.8541 292.064 565.951 861.857 1140.98 1433.29
31.8541 293.083 567.926 864.864 1144.98 1438.29
31.8541 294.083 569.908 867.864 1148.98 1443.31
31.8541 295.102 571.883 870.871 1152.98 1448.31
31.8541 296.117 573.883 873.869 1156.98  1453.3
31.8541 297.117 575.861 876.881 1160.98 1458.31
31.8541 298.117 577.839 879.893 1164.98 1463.32
31.9618 299.117 579.793 882.893 1168.92 1468.32
32.0684 300.115 581.793 885.893 1172.92 1473.21
32.1736   301.1 583.702 888.893 1176.92 1478.21
32.1736 302.119 585.679 891.893 1180.92 1483.22
32.1736 303.119 587.661 894.913 1184.92 1488.22
32.1736 304.119 589.639 897.925 1188.92 1493.23
32.1736 305.137 591.639  900.93 1192.89 1498.23
32.2776 306.123 593.639  903.84 1196.89 1503.23
32.2776 307.142 595.616  906.84 1200.89 1508.23
32.2776 308.142 597.599 909.859 1204.89 1513.23
32.2776 309.157 599.599 912.857 1208.89 1518.22
32.2776 310.179 601.581 915.857 1212.89 1523.22
32.2776 311.179 603.563 918.857 1216.88 1528.24
32.3817 312.179 605.563 921.822 1220.88 1533.17
32.4862 313.179 607.518 924.822 1224.83 1538.17
32.4862 314.179 609.501 927.822 1228.82 1543.19
32.5882 315.165 611.413 930.822 1232.82 1548.19
32.5882  316.18 613.413  933.82 1236.82 1553.18
32.5882 317.202 615.395  936.82 1240.82 1558.18
32.5882  318.22  617.37 939.827 1244.82 1563.18
32.6903 319.217  619.37 942.827 1248.72 1568.18
32.7924 320.214  621.37 945.827 1252.62 1573.18
32.7924 321.214 623.353 948.846 1256.62 1578.18
32.8931   322.2 625.353 951.759 1260.62 1583.18
32.8931   323.2 627.337 954.777 1264.62 1588.18
32.8931   324.2 629.337 957.786  1268.6 1593.18
32.9953   325.2 631.292 960.786 1272.54 1598.18
32.9953 326.217 633.292 963.791 1276.52 1603.18
32.9953 327.217 635.271 966.802 1280.52 1608.19
33.0948 328.203 637.271 969.716 1284.52 1613.19
33.0948 329.218 639.271 972.714 1288.52 1618.18
33.0948 330.239 641.254 975.714 1292.52 1623.18
33.1936 331.225 643.169 978.714 1296.52 1628.18
33.1936 332.243 645.169 981.714  1300.5 1633.18
33.2941 333.243 647.123 984.714  1304.5 1638.12
33.3927 334.229 649.123 987.629  1308.5 1643.12
33.3927 335.229 651.102 990.641  1312.5 1648.13
33.3927 336.229 653.085 993.641  1316.5 1653.15
33.4906 337.216 655.085 996.556  1320.5 1658.15
33.4906 338.216 657.068 999.556  1324.5 1663.17
33.5897 339.216 659.012 1002.51  1328.5 1668.17
33.6885 340.213 661.012 1005.51  1332.5 1673.08
33.6885 341.229 663.012 1008.52 1336.48 1678.08
33.6885 342.249 664.994 1011.52 1340.47 1683.08
33.6885 343.249 666.978 1014.52 1344.47  1688.1
33.7864 344.247 668.978 1017.52 1348.47    1693
33.8852 345.247 670.934 1020.52 1352.42    1698
33.8852 346.261 672.934 1023.51 1356.42 1702.99
33.9836 347.261 674.889 1026.51 1360.42 1707.94
34.0819 348.261 676.889 1029.48 1364.35 1712.94
34.1801 349.261 678.889 1032.45 1368.35 1717.87
 34.278 350.261 680.834 1035.41 1372.35 1722.87
34.3745 351.247 682.751 1038.41 1376.35 1727.87
34.3745 352.247 684.734 1041.41 1380.35 1732.89
34.3745 353.261 686.734  1044.4 1384.35 1737.88
34.3745 354.277 688.734 1047.41 1388.33 1742.88
34.4713 355.274 690.734 1050.41 1392.33 1747.78
34.5688 356.274 692.689 1053.41 1396.33 1752.73
34.6646 357.261 694.689 1056.32 1400.33 1757.73
34.7603 358.247 696.607 1059.32 1404.33 1762.73
 34.857 359.244 698.607 1062.32 1408.23 1767.73
34.9545 360.244 700.562 1065.32 1412.23 1772.68
34.9545  361.26 702.562 1068.33 1416.22 1777.68
34.9545  362.26 704.546 1071.33 1420.21  1782.7
34.9545  363.26 706.526 1074.34 1424.21 1787.71
35.0495 364.246 708.444 1077.34 1428.21 1792.71
35.1463 365.246 710.444 1080.34 1432.16 1797.66
35.2413 366.232 712.363 1083.34 1436.16 1802.66
35.3371 367.229 714.363 1086.34 1440.07 1807.66
35.3371 368.244 716.363 1089.34 1444.05 1812.66
35.4318 369.231 718.282 1092.34 1448.05 1817.66
35.4318 370.231 720.265 1095.34 1452.05 1822.68
35.5262 371.217 722.265 1098.26 1456.05 1827.68
35.6216 372.214 724.265 1101.26 1459.96 1832.68
35.7175 373.214 726.265 1104.23 1463.96 1837.62
35.7175 374.233 728.248 1107.23 1467.95 1842.62
35.8117 375.219 730.248 1110.15 1471.95 1847.62
35.8117 376.233 732.248 1113.14 1475.95 1852.61
35.9066 377.229 734.248 1116.14 1479.86 1857.61
35.9066 378.242 736.248 1119.14 1483.86  1862.6
35.9066 379.242 738.232 1122.14 1487.86 1867.62
35.9066 380.261 740.215 1125.14 1491.86 1872.62
35.9066 381.274 742.215 1128.14 1495.86  1877.6
36.0004 382.271 744.215 1131.14 1499.86 1882.51
36.0004  383.29 746.199 1134.14 1503.86 1887.51
36.0944  384.29 748.146  1137.1 1507.86 1892.51
36.0944 385.305 750.146  1140.1 1511.84 1897.51
36.1886 386.305 752.105  1143.1 1515.79 1902.51
36.1886 387.322 754.083  1146.1 1519.79 1907.52
36.1886 388.322 756.064 1149.11 1523.79 1912.53
36.2806 389.308 757.985 1152.11 1527.79 1917.53
36.3742 390.308 759.941 1155.11 1531.79 1922.48
36.4662 391.295 761.863 1158.11 1535.79 1927.48
36.4662 392.311  763.84 1161.12 1539.79 1932.48
36.5597 393.311 765.799 1164.12 1543.74 1937.48
36.6523 394.308 767.799 1167.12 1547.74 1942.39
36.6523 395.322 769.799 1170.12 1551.72 1947.39
36.6523 396.337 771.799 1173.12  1555.7 1952.39
36.6523 397.337 773.783 1176.13  1559.7 1957.39
36.6523  398.35 775.783 1179.13  1563.7 1962.38
36.7441 399.347 777.783 1182.13  1567.7 1967.29
36.7441 400.363 779.761 1185.14  1571.7 1972.29
36.7441 401.363 781.742 1188.15  1575.7  1977.3
36.8353  402.36 783.742 1191.15  1579.7 1982.21
36.9271  403.36 785.742 1194.12  1583.7 1987.15
36.9271 404.375  787.72 1197.12  1587.7 1992.15
37.0181 405.372  789.72 1200.12 1591.62 1997.15
37.0181 406.372  791.72 1203.13  1595.6 2002.16
37.1097 407.372 793.678 1206.13  1599.6 2007.11
37.2013 408.372 795.637 1209.13 1603.55 2012.11
37.2921 409.369 797.637 1212.13 1607.55 2017.02
37.2921 410.383 799.637 1215.13 1611.54 2022.02
37.2921 411.401 801.621 1218.13 1615.53 2027.02
37.3828 412.401 803.569  1221.1 1619.53 2032.02
37.4736 413.401 805.569 1224.06 1623.53 2036.96
37.5647 414.401 807.527 1227.06 1627.53 2041.91
37.5647 415.416 809.527 1230.06 1631.52 2046.91
37.5647 416.428 811.527 1233.06 1635.52  2051.9
37.5647 417.441 813.527 1236.06 1639.52 2056.89
37.5647 418.441 815.508 1239.07 1643.52  2061.9
37.5647 419.455 817.508 1242.07  1647.5  2066.9
37.5647 420.469 819.508 1245.08 1651.48  2071.9
37.5647 421.469 821.493 1248.09 1655.48  2076.9
37.5647 422.484 823.493 1251.09 1659.47  2081.9
37.5647 423.499 825.472  1254.1 1663.47  2086.9
37.5647 424.513 827.472  1257.1 1667.45  2091.9
37.5647 425.513 829.456  1260.1 1671.45 2096.91
37.6532 426.513 831.456 1263.07 1675.45 2101.86
37.7418 427.513 833.456 1266.04 1679.45  2106.8
37.7418 428.527 835.456 1269.04 1683.43  2111.8
37.7418 429.542 837.456 1272.04 1687.42  2116.8
37.8286 430.529 839.456 1274.97 1691.42  2121.8
37.8286 431.529 841.438 1277.98 1695.42 2126.81
37.8286 432.543 843.438 1280.98  1699.4 2131.81
 37.915 433.531 845.438 1283.91  1703.4 2136.81
38.0021 434.528 847.438 1286.91 1707.32 2141.81
38.0885 435.516 849.438 1289.83 1711.32 2146.81
38.1757 436.512 851.438 1292.83 1715.24 2151.81
38.2629  437.51 853.438 1295.83 1719.24 2156.72
38.3508  438.51 855.399 1298.83 1723.19 2161.72
 38.438 439.507 857.399 1301.83 1727.19 2166.64
 38.438 440.522  859.38 1304.83 1731.19 2171.64
38.5242  441.51  861.38 1307.76 1735.19 2176.64
38.5242  442.51 863.362 1310.77 1739.19 2181.65
38.5242 443.525 865.342 1313.77 1743.19 2186.65
38.5242 444.525 867.324 1316.78 1747.19 2191.66
38.6113 445.525 869.284 1319.78 1751.19 2196.62
38.6113 446.539 871.284 1322.78 1755.17 2201.62
38.6975 447.535 873.284 1325.78 1759.09 2206.62
38.7844 448.535 875.246 1328.78 1763.04 2211.62
38.8698 449.523 877.246  1331.7 1767.04 2216.62
38.8698 450.523 879.232 1334.72 1771.04 2221.62
 38.955 451.511 881.159 1337.72 1775.04 2226.62
 38.955 452.526 883.139 1340.72 1779.04 2231.62
39.0415 453.526   885.1 1343.72 1783.04 2236.57
39.1278 454.526   887.1 1346.69 1786.98 2241.57
39.1278 455.526   889.1 1349.69 1790.97 2246.58
39.2141 456.526 891.061 1352.69 1794.93 2251.58
39.2141  457.54 893.042 1355.69 1798.93 2256.58
39.3001  458.54 895.042 1358.67 1802.87 2261.58
39.3001  459.54 897.028 1361.68 1806.87 2266.58
39.3001 460.557 899.013 1364.68 1810.87 2271.58
39.3001 461.557 900.995 1367.69 1814.87 2276.59
 39.385 462.554 902.995 1370.69 1818.78 2281.59
39.4691 463.542 904.995 1373.62 1822.78 2286.59
39.4691 464.554 906.995 1376.62 1826.78 2291.58
39.5544 465.554 908.956 1379.62 1830.78 2296.54
39.6398 466.554 910.918 1382.62 1834.74 2301.54
39.7245 467.551 912.918 1385.62 1838.74 2306.45
39.7245 468.551   914.9 1388.62 1842.74 2311.46
39.8096 469.551 916.861 1391.62 1846.74 2316.42
39.8096 470.564 918.861 1394.62 1850.72 2321.42
39.8096 471.564 920.847 1397.62 1854.72 2326.43
39.8945 472.564 922.847 1400.62 1858.68 2331.39
39.8945 473.564 924.833 1403.64 1862.68 2336.39
39.9785 474.561 926.833 1406.64 1866.68 2341.31
40.0627 475.561 928.785  1409.6 1870.68 2346.31
40.0627 476.576 930.766  1412.6 1874.68 2351.32
40.1472 477.576 932.729  1415.6 1878.63 2356.32
40.1472 478.587 934.729  1418.6 1882.63 2361.31
40.2313 479.587 936.729 1421.57 1886.63 2366.25
40.3142 480.575 938.658 1424.57 1890.63 2371.25
40.3142 481.588 940.658 1427.57 1894.61 2376.25
40.3142 482.602 942.639 1430.57 1898.61 2381.26
40.3142 483.616  944.62 1433.57 1902.61 2386.26
40.3142 484.616  946.62 1436.58  1906.6 2391.27
40.3977 485.616 948.583 1439.58 1910.56 2396.27
40.3977 486.633 950.568 1442.58 1914.56 2401.27
40.3977 487.633 952.568 1445.59 1918.55 2406.27
40.4808 488.633 954.568 1448.56 1922.55 2411.22
40.4808 489.633 956.568 1451.56 1926.54 2416.22
40.5632 490.629 958.568 1454.56 1930.46 2421.22
40.5632 491.629 960.551 1457.57 1934.46 2426.23
40.6454 492.626 962.551 1460.57 1938.38 2431.23
40.6454 493.642 964.537 1463.57 1942.38 2436.23
40.7282 494.642 966.537 1466.57 1946.33 2441.19
40.8095  495.63 968.467 1469.57 1950.33 2446.19
40.8095 496.643 970.467 1472.57 1954.32 2451.19
40.8907 497.631 972.467  1475.5 1958.32 2456.19
40.9733 498.631 974.431  1478.5 1962.27 2461.19
40.9733 499.645 976.412 1481.51 1966.27 2466.19
41.0555 500.645 978.412 1484.48 1970.27 2471.14
41.0555 501.657 980.412 1487.48 1974.26 2476.14
41.0555 502.657 982.398  1490.5 1978.26 2481.14
41.1373 503.657 984.398 1493.47 1982.26 2486.08
41.2193 504.657  986.36 1496.47 1986.26 2491.04
41.3014 505.657 988.324 1499.47 1990.21 2496.04
41.3014  506.67 990.324 1502.47  1994.2 2501.04
41.3014  507.67  992.31 1505.47  1998.2 2506.05
41.3818 508.658  994.31  1508.4  2002.2 2511.05
41.4635 509.658 996.274  1511.4 2006.15 2516.05
41.4635 510.674 998.259  1514.4 2010.15 2521.05
41.5447 511.674 1000.21 1517.36 2014.15 2526.05
41.5447 512.685 1002.21 1520.36 2018.15 2531.04
41.5447 513.699  1004.2 1523.36 2022.15 2536.05
41.6258 514.699  1006.2 1526.34  2026.1 2541.05
41.7057 515.687  1008.2 1529.27  2030.1 2546.05
41.7057 516.701 1010.18 1532.27  2034.1 2551.05
41.7855 517.689 1012.18  1535.2  2038.1 2556.05
41.7855   518.7 1014.18  1538.2  2042.1 2561.04
41.7855   519.7 1016.16 1541.21  2046.1 2566.05
41.7855   520.7 1018.16 1544.22 2050.09 2571.05
41.8659   521.7 1020.16 1547.19 2054.09    2576
41.9452 522.689 1022.09 1550.19 2058.09    2581
42.0259 523.689 1024.09 1553.19 2062.04 2585.96
42.0259 524.701 1026.09 1556.19 2066.03 2590.96
42.0259 525.714 1028.07 1559.19 2070.03 2595.96
42.1049 526.703 1030.01 1562.19 2074.03 2600.96
42.1049 527.703 1032.01  1565.2 2078.02 2605.97
42.1844   528.7 1034.01  1568.2 2082.02 2610.89
42.1844 529.713 1035.99  1571.2 2086.02 2615.89
42.1844 530.713 1037.97 1574.21 2090.02  2620.9
42.2642 531.713 1039.93 1577.21 2094.02 2625.86
42.3435  532.71 1041.93 1580.21 2098.02 2630.78
42.3435 533.723 1043.92 1583.21 2102.02 2635.78
42.3435 534.723  1045.9 1586.22 2106.02 2640.79
42.4224  535.72  1047.9 1589.22 2110.02 2645.72
42.4224 536.732  1049.9 1592.22 2114.01 2650.72
42.5016 537.732  1051.9  1595.2 2117.95 2655.72
42.5016 538.732  1053.9  1598.2 2121.94 2660.72
42.5016 539.732 1055.89  1601.2 2125.94 2665.74
42.5016 540.732 1057.89 1604.21 2129.93 2670.74
42.5802 541.732 1059.84 1607.17 2133.93 2675.74
42.5802 542.732 1061.83 1610.18 2137.93 2680.75
42.5802 543.732 1063.81 1613.19 2141.93 2685.75
42.5802 544.747  1065.8 1616.19 2145.93 2690.75
42.5802  545.76 1067.78  1619.2 2149.93 2695.75
42.5802  546.76 1069.77 1622.21 2153.93 2700.75
42.5802  547.76 1071.77 1625.22 2157.92 2705.75
42.5802  548.76 1073.75 1628.23 2161.92 2710.75
 42.658  549.76 1075.75  1631.2 2165.92  2715.7
42.7347 550.749 1077.75 1634.14 2169.92  2720.7
42.8123 551.749 1079.71  1637.1 2173.92  2725.7
42.8901 552.749 1081.67  1640.1 2177.92 2730.66
42.8901 553.749 1083.66 1643.11 2181.92 2735.67
42.9667 554.738 1085.66 1646.05 2185.92 2740.67
42.9667 555.749 1087.66 1649.04 2189.92 2745.66
42.9667 556.759 1089.66 1652.04 2193.92 2750.65
43.0442 557.759 1091.62 1655.04 2197.88 2755.65
43.1212 558.756 1093.62 1658.04 2201.88 2760.58
43.1975 559.745 1095.62 1660.98 2205.88 2765.58
 43.275 560.745 1097.59 1663.98 2209.88 2770.53
43.3518 561.741 1099.59 1666.98 2213.81 2775.53
43.4293 562.741 1101.55 1669.98 2217.77 2780.53
43.4293 563.753 1103.55 1672.98 2221.75 2785.53
43.5065 564.753 1105.55 1675.95  2225.7 2790.53
43.5837 565.753 1107.55 1678.92  2229.7 2795.48
43.6611 566.753 1109.55 1681.92 2233.66 2800.45
43.7383 567.753 1111.55  1684.9 2237.66  2805.4
43.8151  568.75 1113.55  1687.9 2241.66 2810.32
43.8151  569.75 1115.54  1690.9 2245.66 2815.33
43.8923  570.75  1117.5  1693.9 2249.62 2820.33
43.9695  571.75  1119.5  1696.9 2253.58  2825.3
43.9695  572.75 1121.49 1699.92 2257.58  2830.3
44.0461 573.747 1123.49 1702.92 2261.58 2835.22
44.0461 574.762 1125.48 1705.92 2265.58 2840.22
 44.123 575.762 1127.48 1708.92 2269.54 2845.19
44.1994 576.758 1129.48 1711.92 2273.46 2850.19
44.2757 577.754 1131.48 1714.92 2277.39 2855.19
44.2757 578.754 1133.46 1717.92 2281.39 2860.19
44.2757 579.769 1135.45 1720.92 2285.39 2865.19
44.2757 580.769 1137.44 1723.94 2289.39 2870.19
44.3517 581.766 1139.44 1726.94 2293.39 2875.12
44.4281 582.766 1141.44 1729.91 2297.39 2880.07
44.5043 583.766 1143.39 1732.88 2301.39 2885.07
44.5809 584.766 1145.39 1735.88 2305.35 2890.03
 44.657 585.766 1147.35 1738.84 2309.35 2895.03
44.7324 586.755 1149.35 1741.78 2313.35 2900.03
44.8084 587.751 1151.35 1744.78 2317.28 2905.03
44.8843 588.747 1153.35 1747.78 2321.21 2910.03
44.9603 589.744 1155.35 1750.78 2325.13 2915.03
45.0367 590.744 1157.35 1753.75 2329.08 2920.03
45.0367 591.755 1159.35 1756.75 2333.07 2925.03
45.1119 592.744 1161.35 1759.69 2337.07 2930.03
45.1872 593.733 1163.35 1762.62 2341.07 2935.03
45.1872 594.743 1165.35 1765.62 2345.07 2940.03
45.1872 595.754 1167.35 1768.62 2349.06 2945.03
45.2628 596.751 1169.35 1771.62 2353.06 2949.95
45.2628 597.763 1171.33 1774.62 2357.06 2954.96
45.2628 598.775 1173.33 1777.62 2361.05 2959.96
45.2628 599.786 1175.33 1780.62 2365.04 2964.96
45.3385 600.786  1177.3 1783.62 2369.04 2969.92
45.3385 601.786 1179.29 1786.62 2373.04 2974.93
45.4138 602.786 1181.25 1789.59 2377.04 2979.93
45.4138 603.799 1183.23 1792.59 2381.04 2984.94
45.4138 604.811 1185.21 1795.59 2385.04 2989.94
45.4891 605.811 1187.18 1798.59 2388.99 2994.94
45.5645 606.811 1189.15 1801.59 2392.95 2999.94
45.6397 607.811 1191.15 1804.56 2396.95 3004.89
45.6397 608.823 1193.13 1807.57 2400.95 3009.89
45.7149 609.823  1195.1 1810.57 2404.91 3014.89
45.7149 610.834  1197.1 1813.57  2408.9 3019.89
45.7149 611.834 1199.08 1816.57  2412.9  3024.9
45.7149 612.846 1201.07 1819.57  2416.9  3029.9
45.7887 613.835 1203.07 1822.51  2420.9  3034.9
45.7887 614.845 1205.07 1825.51  2424.9  3039.9
45.8633 615.845 1207.07 1828.48 2428.85  3044.9
45.8633 616.845 1209.07 1831.48 2432.84  3049.9
45.9378 617.845 1211.07 1834.46 2436.84 3054.85
45.9378 618.855 1213.07 1837.46 2440.84 3059.84
45.9378 619.867 1215.05 1840.46 2444.84 3064.85
45.9378 620.878 1217.05 1843.46 2448.83 3069.85
45.9378 621.878 1219.04 1846.46 2452.83 3074.86
45.9378  622.89 1221.02 1849.46 2456.83 3079.86
45.9378 623.902 1223.01 1852.47 2460.83 3084.86
46.0116 624.902 1225.01 1855.44 2464.78 3089.86
46.0852 625.902 1226.97 1858.41 2468.78 3094.86
46.0852 626.914 1228.95 1861.41 2472.78 3099.87
46.1584  627.91 1230.95 1864.41 2476.71 3104.87
46.1584 628.922 1232.93 1867.41 2480.71 3109.87
46.1584 629.934 1234.93 1870.41  2484.7 3114.87
46.1584 630.934 1236.92 1873.41  2488.7 3119.88
46.1584 631.934 1238.91 1876.41  2492.7 3124.89
46.2317 632.934 1240.87 1879.41  2496.7 3129.85
46.2317 633.934 1242.87 1882.42 2500.69 3134.86
46.2317 634.934 1244.86 1885.42 2504.69 3139.87
46.3044 635.934 1246.82 1888.39 2508.69 3144.87
46.3044 636.934 1248.82 1891.39 2512.68 3149.87
46.3771 637.934 1250.78 1894.36 2516.68 3154.87
46.4501 638.934 1252.75 1897.36 2520.64 3159.87
46.4501 639.943 1254.75 1900.36 2524.64 3164.87
46.4501 640.955 1256.73 1903.36 2528.64 3169.87
46.5223 641.951 1258.73 1906.36 2532.57 3174.87
46.5223 642.951 1260.72 1909.37 2536.57 3179.87
46.5223 643.963 1262.72 1912.37 2540.56 3184.87
46.5943  644.96 1264.72 1915.37 2544.56  3189.8
46.6668  645.96 1266.68 1918.37 2548.52  3194.8
46.6668 646.971 1268.67 1921.37 2552.52  3199.8
46.6668 647.982 1270.67 1924.37  2556.5  3204.8
 46.739 648.982 1272.63 1927.37  2560.5 3209.76
 46.739 649.995 1274.62 1930.37  2564.5 3214.76
46.8107 650.992 1276.62 1933.37 2568.44 3219.76
46.8828 651.992 1278.59 1936.37 2572.44 3224.73
46.8828 652.992 1280.58 1939.37 2576.43 3229.74
46.9547 653.992 1282.58 1942.35 2580.43 3234.69
46.9547 655.006 1284.56 1945.35 2584.43 3239.69
46.9547 656.015 1286.56 1948.35 2588.43 3244.69
47.0261 657.012 1288.56 1951.35 2592.43 3249.62
47.0969 658.001  1290.5 1954.35 2596.43 3254.62
47.1682 658.998  1292.5 1957.35 2600.37 3259.62
47.2401 659.998  1294.5 1960.35 2604.33 3264.58
47.2401 661.007  1296.5 1963.35 2608.33 3269.58
47.3108 661.997  1298.5 1966.28 2612.33 3274.58
47.3824 662.997  1300.5 1969.26 2616.33 3279.53
47.4538 663.997 1302.46 1972.23 2620.33 3284.53
47.5245 664.986 1304.46 1975.17 2624.33 3289.53
47.5245 665.997 1306.46 1978.17 2628.32 3294.53
47.5959 666.997 1308.43 1981.14 2632.32 3299.53
47.5959  668.01 1310.41 1984.14 2636.31 3304.53
47.6672  669.01 1312.41 1987.11 2640.31 3309.48
47.6672 670.023  1314.4 1990.11 2644.31 3314.48
47.6672 671.033  1316.4 1993.11 2648.31 3319.48
47.6672 672.033  1318.4 1996.11 2652.31 3324.48
47.6672 673.033 1320.39 1999.12 2656.31 3329.48
47.7378  674.03 1322.39 2002.12 2660.31 3334.41
47.7378 675.039 1324.39 2005.12 2664.31 3339.41
47.7378 676.039 1326.38 2008.13 2668.31 3344.41
47.8087 677.039 1328.38 2011.13 2672.27 3349.37
47.8786 678.028 1330.32 2014.13 2676.27 3354.37
47.9495 679.028 1332.32 2017.13 2680.23 3359.34
47.9495 680.039 1334.32 2020.13 2684.22 3364.34
47.9495 681.039  1336.3 2023.14 2688.22 3369.35
  48.02 682.039  1338.3 2026.12 2692.17 3374.35
48.0905 683.039  1340.3 2029.09 2696.17  3379.3
48.1612 684.039  1342.3 2032.09 2700.14 3384.27
48.2309 685.029  1344.3 2035.03 2704.14 3389.27
48.2309  686.04 1346.29 2038.03 2708.14 3394.27
48.2309  687.05 1348.29 2041.03 2712.12 3399.27
48.2309 688.061 1350.29 2044.03 2716.11 3404.27
48.2309 689.061 1352.28 2047.03 2720.11 3409.28
 48.301 690.061 1354.28 2050.01 2724.07 3414.28
48.3712 691.061 1356.25 2053.01 2728.03 3419.28
 48.441 692.058 1358.25 2056.01 2732.03 3424.22
48.5113 693.058 1360.25 2059.01 2735.99 3429.18
 48.581 694.054 1362.25 2062.01 2739.92 3434.18
 48.581 695.054 1364.25 2065.01 2743.92 3439.19
 48.581 696.065 1366.25 2068.01 2747.91 3444.19
 48.581 697.065 1368.23 2071.02 2751.91 3449.19
 48.581 698.065 1370.22 2074.03 2755.91  3454.2
 48.581 699.074 1372.22 2077.02 2759.91 3459.19
48.6506 700.074 1374.22    2080 2763.86 3464.19
48.7202 701.074 1376.22 2082.98 2767.86 3469.15
48.7202 702.074 1378.21 2085.98 2771.86 3474.16
48.7202 703.084 1380.21 2088.98 2775.85 3479.16
48.7897 704.084 1382.18 2091.98 2779.85 3484.12
48.7897 705.095 1384.16 2094.98 2783.85 3489.12
48.8591 706.095 1386.13 2097.98 2787.81 3494.12
48.9286 707.095 1388.13 2100.98 2791.77 3499.09
48.9975 708.092 1390.13 2103.98 2795.71 3504.09
49.0669 709.092  1392.1 2106.98 2799.71 3509.05
49.0669 710.103 1394.08 2109.98 2803.71 3514.05
49.0669 711.114 1396.07 2112.98 2807.71 3519.06
49.0669 712.127 1398.06 2115.98 2811.71 3524.06
49.0669 713.137 1400.06 2118.99  2815.7 3529.06
49.0669 714.148 1402.04 2121.99  2819.7 3534.06
49.0669 715.148 1404.03    2125  2823.7 3539.06
49.0669 716.157 1406.03 2127.99  2827.7 3544.05
49.1356 717.157    1408 2130.99 2831.66 3549.05
49.1356 718.157 1409.99 2133.99 2835.66 3554.07
49.1356 719.168 1411.97    2137 2839.66 3559.07
49.1356 720.181 1413.96    2140 2843.65 3564.07
49.1356  721.19 1415.96    2143 2847.65 3569.06
 49.204  722.19 1417.93    2146 2851.62 3574.06
 49.204  723.19 1419.92    2149 2855.62 3579.07
 49.204 724.199 1421.92    2152 2859.62 3584.06
49.2722 725.199 1423.89    2155 2863.58 3589.06
49.3395 726.189 1425.89 2157.94 2867.58 3594.06
49.3395 727.189 1427.88 2160.95 2871.58 3599.07
49.3395   728.2 1429.86 2163.95 2875.58 3604.07
49.3395   729.2 1431.86 2166.96 2879.57 3609.07
49.4073   730.2 1433.83 2169.96 2883.57 3614.03
49.4073  731.21 1435.83 2172.96 2887.56 3619.03
49.4073 732.219 1437.83 2175.96 2891.56 3624.03
 49.475 733.219  1439.8 2178.96 2895.56 3628.99
49.5426 734.219  1441.8 2181.93 2899.52 3633.99
49.5426 735.219 1443.79 2184.94 2903.52    3639
49.5426 736.229 1445.79 2187.94  2907.5    3644
49.5426 737.238 1447.79 2190.94  2911.5 3648.99
49.5426 738.249 1449.77 2193.94  2915.5 3653.99
49.5426 739.249 1451.76 2196.95  2919.5    3659
49.6098 740.249 1453.73 2199.95 2923.47    3664
 49.677 741.249  1455.7 2202.95 2927.47 3668.96
49.7442 742.249 1457.67 2205.95 2931.47 3673.92
49.7442 743.259 1459.67 2208.95 2935.46 3678.92
49.8112 744.259 1461.67 2211.93 2939.41 3683.92
49.8775 745.249 1463.61 2214.93 2943.41 3688.92
49.9446 746.249 1465.58 2217.93 2947.41 3693.89
49.9446 747.257 1467.58 2220.92 2951.41 3698.88
50.0114 748.257 1469.54 2223.89 2955.41 3703.88
50.0783 749.257 1471.54 2226.87 2959.37 3708.88
50.1454 750.257 1473.54 2229.87 2963.33 3713.85
50.2116 751.247 1475.49 2232.87 2967.33 3718.85
50.2786 752.247 1477.46 2235.87  2971.3 3723.85
50.2786 753.257 1479.46 2238.87 2975.29 3728.85
50.2786 754.268 1481.44 2241.88 2979.29 3733.85
50.3454 755.268 1483.44 2244.85 2983.29 3738.81
50.3454 756.279 1485.43 2247.85 2987.29 3743.81
50.4121 757.279 1487.43 2250.83 2991.29 3748.77
50.4121 758.289 1489.43 2253.83 2995.28 3753.77
50.4121 759.298 1491.43 2256.83 2999.28 3758.76
50.4121 760.298 1493.42 2259.84 3003.28 3763.76
50.4121 761.307 1495.42 2262.84 3007.26 3768.76
50.4121 762.307 1497.42 2265.84 3011.26 3773.76
50.4784 763.307 1499.42 2268.84 3015.22 3778.73
50.4784 764.307 1501.41 2271.85 3019.22 3783.73
50.4784 765.316 1503.41 2274.85 3023.22 3788.73
50.4784 766.327 1505.39 2277.85 3027.22 3793.73
50.5441 767.324 1507.39 2280.85 3031.22 3798.67
50.5441 768.334 1509.39 2283.85 3035.21 3803.67
50.5441 769.344 1511.39 2286.85  3039.2 3808.67
50.5441 770.356 1513.38 2289.85  3043.2 3813.67
50.5441 771.367 1515.37 2292.86  3047.2 3818.67
50.6098 772.367 1517.37 2295.83 3051.16 3823.67
50.6747 773.357 1519.37 2298.78 3055.16 3828.67
50.6747 774.367 1521.37 2301.78 3059.15 3833.67
50.7399 775.364 1523.37 2304.78 3063.08 3838.67
50.7399 776.374 1525.37 2307.78 3067.07 3843.67
50.7399 777.374 1527.35 2310.78 3071.07 3848.68
50.8053 778.374 1529.32 2313.78 3075.07 3853.64
50.8708 779.374  1531.3 2316.78 3079.04 3858.64
50.9362 780.374  1533.3 2319.76 3082.99 3863.64
50.9362 781.385 1535.28 2322.76 3086.99 3868.65
51.0015 782.385 1537.28 2325.73 3090.95 3873.65
51.0015 783.395 1539.27 2328.73 3094.95 3878.65
51.0015 784.407 1541.26 2331.73 3098.95 3883.65
51.0015 785.418 1543.24 2334.73 3102.95 3888.66
51.0015 786.429 1545.23 2337.73 3106.95 3893.66
51.0015 787.429 1547.23 2340.74 3110.94 3898.66
51.0015 788.429 1549.23 2343.74 3114.94 3903.67
51.0662 789.429 1551.19 2346.71 3118.94 3908.67
51.0662 790.429 1553.18 2349.71 3122.93 3913.68
51.0662 791.439 1555.17 2352.71 3126.93 3918.68
51.0662 792.439 1557.16 2355.71 3130.93 3923.69
51.0662 793.439 1559.14 2358.71 3134.93  3928.7
51.1307 794.439 1561.11 2361.71 3138.93 3933.67
51.1953 795.439 1563.11 2364.71  3142.9 3938.64
51.2599 796.439 1565.11 2367.71 3146.86 3943.61
51.3243 797.439 1567.11 2370.69 3150.86 3948.57
51.3243  798.45  1569.1 2373.69 3154.86 3953.57
51.3243  799.46 1571.09  2376.7 3158.86 3958.57
51.3243 800.469 1573.09 2379.69 3162.86 3963.56
51.3243 801.479 1575.07  2382.7 3166.86 3968.56
51.3878  802.47 1577.07 2385.64 3170.86 3973.56
 51.452  803.47 1579.04 2388.64 3174.86 3978.53
51.5162  804.47 1581.01 2391.64 3178.86 3983.49
51.5162  805.48    1583 2394.65 3182.86 3988.49
51.5162  806.48 1584.99 2397.65 3186.86  3993.5
51.5162 807.489 1586.99 2400.65 3190.86 3998.49
51.5162 808.489 1588.98 2403.65 3194.86  4003.5
51.5798 809.486 1590.98 2406.65 3198.86 4008.44
51.5798 810.486 1592.96 2409.65 3202.86 4013.45
51.5798 811.486 1594.95 2412.66 3206.86 4018.46
51.5798 812.486 1596.94 2415.67 3210.86 4023.46
51.6435 813.486 1598.94 2418.67 3214.83 4028.43
51.7071 814.486 1600.91 2421.67 3218.83  4033.4
51.7707 815.486 1602.91 2424.65 3222.83 4038.36
51.8344 816.486 1604.88 2427.65 3226.83 4043.32
51.8344 817.486 1606.87 2430.65 3230.83 4048.33
51.8344 818.486 1608.87 2433.66 3234.82 4053.33
51.8344 819.486 1610.86 2436.66 3238.82 4058.34
51.8974 820.483 1612.86 2439.66 3242.76 4063.34
51.9605  821.48 1614.86 2442.66 3246.76 4068.28
51.9605  822.49 1616.86 2445.66 3250.75 4073.28
52.0238  823.49 1618.86 2448.64 3254.75 4078.24
52.0238   824.5 1620.84 2451.64 3258.75 4083.24
52.0871   825.5 1622.84 2454.64 3262.72 4088.21
  52.15 826.497 1624.84 2457.64 3266.66 4093.21
52.2125 827.488 1626.79 2460.64 3270.66 4098.21
52.2758 828.488 1628.76 2463.64 3274.62 4103.21
52.2758 829.488 1630.75 2466.65 3278.62 4108.22
52.2758 830.497 1632.75 2469.65 3282.62 4113.22
52.2758 831.505 1634.75 2472.64 3286.62 4118.21
52.3388 832.505 1636.72 2475.64 3290.62 4123.18
52.4015 833.503 1638.72 2478.64 3294.62 4128.12
52.4015 834.515 1640.71 2481.64 3298.61 4133.12
52.4015 835.524 1642.71 2484.64  3302.6 4138.12
52.4641 836.521 1644.71 2487.64  3306.6 4143.06
52.5262 837.512 1646.71 2490.59  3310.6 4148.06
52.5884 838.503 1648.71 2493.54  3314.6 4153.06
52.6509 839.501 1650.71 2496.54  3318.6    4158
52.6509 840.501  1652.7 2499.54  3322.6    4163
52.7137 841.501  1654.7 2502.52 3326.56    4168
52.7764 842.501  1656.7  2505.5 3330.56 4172.96
52.7764 843.501 1658.69 2508.51 3334.56 4177.96
52.7764 844.511 1660.67 2511.51 3338.56 4182.96
52.7764 845.511 1662.66 2514.52 3342.56 4187.96
52.8389 846.511 1664.66  2517.5 3346.56 4192.92
52.9012 847.508 1666.66  2520.5 3350.56 4197.86
52.9637 848.508 1668.66 2523.48 3354.52 4202.86
52.9637 849.518 1670.65 2526.48 3358.52 4207.86
53.0262 850.518 1672.65 2529.48 3362.49 4212.83
53.0262 851.528 1674.65 2532.48 3366.48 4217.83
53.0262 852.528 1676.65 2535.49 3370.47 4222.83
53.0885 853.528 1678.65 2538.47 3374.43 4227.83
53.0885 854.528 1680.65 2541.47 3378.43 4232.84
53.0885 855.528 1682.64 2544.48 3382.43 4237.84
53.1504 856.525 1684.64 2547.48 3386.43 4242.78
53.2126 857.525 1686.61 2550.48 3390.43 4247.75
53.2126 858.535  1688.6 2553.48 3394.43 4252.75
53.2748 859.535 1690.57 2556.48 3398.43 4257.72
53.3369 860.535 1692.54 2559.48 3402.43 4262.68
53.3369 861.535 1694.53 2562.49 3406.43 4267.69
 53.399 862.535 1696.53 2565.49 3410.39 4272.66
 53.399 863.545 1698.51 2568.49 3414.39 4277.66
 53.399 864.555  1700.5 2571.49 3418.39 4282.66
53.4609 865.555  1702.5 2574.47 3422.39 4287.62
53.4609 866.566 1704.49 2577.47 3426.39 4292.62
53.4609 867.574 1706.49 2580.47 3430.39 4297.62
53.5227 868.574 1708.46 2583.47 3434.36 4302.62
53.5227 869.574 1710.45 2586.47 3438.36 4307.63
53.5844 870.574 1712.45 2589.47 3442.33  4312.6
53.6458 871.571 1714.45 2592.47 3446.27  4317.6
53.7072 872.569 1716.45 2595.47 3450.27 4322.54
53.7689 873.569 1718.42 2598.47 3454.27 4327.51
53.7689 874.578 1720.42 2601.47 3458.26 4332.51
53.7689 875.578 1722.41 2604.47 3462.26 4337.51
53.8302 876.578 1724.38 2607.45 3466.26 4342.51
53.8302 877.586 1726.38 2610.44 3470.26 4347.51
53.8914 878.583 1728.38 2613.44 3474.26 4352.45
53.9529 879.583 1730.35 2616.44 3478.22 4357.45
53.9529 880.583 1732.34 2619.45 3482.22 4362.45
53.9529 881.591 1734.34 2622.45 3486.22 4367.44
54.0143 882.591 1736.31 2625.45 3490.22 4372.41
54.0753 883.588 1738.31 2628.45 3494.22 4377.35
54.1366 884.588 1740.31 2631.43 3498.18 4382.35
54.1366 885.596 1742.31 2634.43 3502.18 4387.34
54.1978 886.596 1744.31 2637.41 3506.18  4392.3
54.2591 887.596 1746.29 2640.41 3510.15  4397.3
54.3203 888.596 1748.29 2643.39 3514.11  4402.3
54.3813 889.594 1750.29 2646.39 3518.11 4407.24
54.3813 890.594 1752.29 2649.39  3522.1 4412.25
54.3813 891.604 1754.27 2652.39  3526.1 4417.25
54.3813 892.604 1756.26 2655.39  3530.1 4422.26
54.4417 893.594 1758.21 2658.39  3534.1 4427.26
54.4417 894.594  1760.2 2661.39  3538.1 4432.27
 54.502 895.585  1762.2 2664.34  3542.1 4437.27
54.5623 896.576 1764.15 2667.34  3546.1 4442.27
54.5623 897.584 1766.15 2670.34  3550.1 4447.26
54.6225 898.575  1768.1 2673.34  3554.1 4452.26
54.6834 899.575  1770.1 2676.32 3558.06 4457.26
54.7436 900.566  1772.1 2679.26 3562.06 4462.26
54.7436 901.574  1774.1 2682.27 3566.05 4467.26
54.8042 902.572  1776.1 2685.27 3570.05 4472.21
 54.865 903.572  1778.1 2688.24 3574.01 4477.21
 54.865 904.583 1780.09 2691.24 3578.01 4482.21
 54.865 905.592 1782.09 2694.24    3582 4487.21
54.9257 906.592 1784.06 2697.24 3585.97 4492.21
54.9862 907.592 1786.03 2700.22 3589.97 4497.21
55.0463 908.583 1788.03 2703.17 3593.97 4502.21
55.0463 909.592 1790.03 2706.17 3597.96 4507.21
55.1067 910.589 1792.03 2709.17 3601.96 4512.15
55.1674 911.589 1794.03 2712.17 3605.93 4517.12
55.2281 912.589 1796.03 2715.17  3609.9 4522.09
55.2281 913.597 1798.03 2718.17  3613.9 4527.08
55.2887 914.597 1800.03 2721.17 3617.86 4532.05
55.3494 915.597 1802.03 2724.17 3621.83 4537.03
55.3494 916.597 1804.03 2727.17 3625.83 4542.03
55.3494 917.597 1806.02 2730.17 3629.83 4547.04
55.3494 918.597 1808.01 2733.18 3633.83 4552.04
55.4091 919.588 1810.01 2736.12 3637.83 4557.04
55.4091 920.599    1812 2739.12 3641.82 4562.04
55.4091 921.599 1813.99 2742.13 3645.82 4567.05
55.4091 922.599 1815.98 2745.14 3649.83 4572.05
55.4091 923.599 1817.97 2748.15 3653.83 4577.05
55.4091 924.607 1819.97 2751.15 3657.83 4582.04
55.4091 925.607 1821.96 2754.15 3661.83 4587.05
55.4091 926.607 1823.94 2757.16 3665.83 4592.06
55.4687 927.604 1825.94 2760.16 3669.77 4597.06
55.5279 928.594 1827.89 2763.16 3673.77 4602.06
55.5879 929.594 1829.89 2766.16 3677.74 4607.03
55.6479 930.594 1831.89 2769.16 3681.71    4612
55.7072 931.586 1833.89 2772.11 3685.71    4617
55.7072 932.586 1835.89 2775.11  3689.7    4622
55.7667 933.582 1837.89 2778.11 3693.64    4627
55.8266 934.582 1839.87 2781.11 3697.64 4631.97
55.8858 935.573 1841.87 2784.06 3701.64 4636.97
55.8858 936.583 1843.85 2787.06 3705.64 4641.97
55.8858 937.592 1845.85 2790.06 3709.64 4646.97
55.8858 938.592 1847.84 2793.06 3713.63 4651.98
55.9448 939.582 1849.79 2796.06 3717.63 4656.98
55.9448 940.582 1851.79 2799.06 3721.63 4661.99
55.9448 941.582 1853.79 2802.07 3725.63 4666.99
55.9448 942.591 1855.79 2805.07 3729.62 4671.99
56.0039 943.588 1857.79 2808.07 3733.56 4676.99
56.0634 944.588 1859.76 2811.07 3737.53 4681.99
56.0634 945.595 1861.76 2814.07 3741.53 4686.98
56.0634 946.604 1863.76 2817.07 3745.52 4691.98
56.1221 947.595 1865.71 2820.07 3749.52 4696.98
56.1221 948.603 1867.71 2823.07 3753.51 4701.98
56.1221 949.603  1869.7 2826.08 3757.51 4706.99
56.1814 950.603  1871.7 2829.08 3761.48 4711.96
56.2399 951.594 1873.65 2832.08 3765.48 4716.96
56.2399 952.594 1875.64 2835.08 3769.48 4721.97
 56.299 953.594 1877.64 2838.06 3773.48 4726.93
 56.299 954.603 1879.63 2841.06 3777.48 4731.93
 56.299 955.612 1881.63 2844.06 3781.47 4736.93
 56.299 956.621 1883.61 2847.06 3785.47 4741.93
 56.299 957.629 1885.61 2850.06 3789.47 4746.93
 56.299 958.629  1887.6 2853.07 3793.47 4751.93
56.3576 959.625  1889.6 2856.07 3797.42 4756.93
56.4158 960.616 1891.56 2859.07 3801.42 4761.93
56.4158 961.627 1893.55 2862.07 3805.42 4766.93
56.4743 962.624 1895.55 2865.07 3809.42 4771.87
56.5331 963.624 1897.52 2868.07 3813.42 4776.84
56.5331 964.624 1899.51 2871.08 3817.42 4781.84
56.5331 965.633  1901.5 2874.08 3821.42 4786.84
56.5331 966.644 1903.49 2877.08 3825.42 4791.84
56.5331 967.653 1905.49 2880.08 3829.41 4796.84
56.5917 968.653 1907.46 2883.08 3833.37 4801.84
56.5917  969.66 1909.46 2886.08 3837.37 4806.83
56.5917  970.66 1911.45 2889.09 3841.38 4811.83
56.5917 971.668 1913.45 2892.09 3845.37 4816.83
  56.65 972.668 1915.43 2895.09 3849.37  4821.8
56.7083 973.668 1917.43 2898.07 3853.37 4826.76
56.7664 974.666 1919.43 2901.07 3857.37 4831.71
56.8246 975.666 1921.39 2904.04 3861.37 4836.71
56.8823 976.657 1923.39 2906.99 3865.37 4841.71
56.9408 977.657 1925.39 2909.99 3869.34 4846.68
56.9408 978.657 1927.38 2912.99 3873.34 4851.69
56.9991 979.657 1929.36 2915.99  3877.3 4856.69
56.9991 980.665 1931.36 2918.99  3881.3 4861.68
56.9991 981.674 1933.34 2921.99  3885.3 4866.69
56.9991 982.674 1935.34    2925  3889.3 4871.69
 57.057 983.674 1937.31 2927.97  3893.3 4876.69
57.1145 984.665 1939.26 2930.97  3897.3 4881.69
57.1727 985.665 1941.24 2933.97 3901.26 4886.69
57.1727 986.665 1943.23 2936.97 3905.26  4891.7
57.1727 987.673 1945.23 2939.97 3909.26  4896.7
57.1727 988.673 1947.22 2942.97 3913.25 4901.71
57.2306 989.673 1949.19 2945.97 3917.25 4906.68
57.2884 990.673 1951.16 2948.95 3921.25 4911.68
57.2884 991.684 1953.15 2951.95 3925.25 4916.68
57.3461 992.684 1955.12 2954.92 3929.25 4921.68
57.3461 993.694 1957.11 2957.92 3933.25 4926.68
57.3461 994.701 1959.11 2960.92 3937.25 4931.67
57.4037 995.701 1961.08 2963.89 3941.25 4936.67
57.4612 996.699 1963.08 2966.89 3945.25 4941.62
 57.519 997.699 1965.05 2969.89 3949.22 4946.62
57.5762  998.69 1967.05 2972.84 3953.22 4951.62
57.5762 999.699 1969.04 2975.84 3957.22 4956.62
57.6339  1000.7 1971.01 2978.84 3961.19 4961.62
57.6913  1001.7 1973.01 2981.84 3965.14 4966.62
57.7484 1002.69 1974.97 2984.84 3969.14 4971.62
57.8059 1003.69 1976.93 2987.82 3973.14 4976.62
 57.863 1004.68 1978.93 2990.77 3977.14 4981.62
57.9201 1005.67 1980.93 2993.72 3981.14 4986.62