      1       4       3       4       5       4
1.66667 6.66667       5       7       9 6.66667
1.66667 9.01961       7 9.47059 12.1765 11.6667
1.94937 10.5495 8.18736 12.4706 16.1765 16.6667
1.94937 12.5778 9.76148 14.8682 20.1765 21.6667
1.94937 14.6061 11.3356 17.2658 24.1765 26.6667
2.15905 16.1771 12.5549 20.2658 28.1765 31.6667
2.15905 18.3198 14.2178 23.2658 32.1765  35.861
2.15905 20.4412 16.2178 26.2658 35.9024 40.0137
2.15905 22.5741   17.91 29.2658 39.9024 44.1887
2.15905 24.6904   19.91 32.2658 43.6433 48.3314
2.33136 26.6609   21.91 35.2658 47.6433 52.1886
2.52595 27.6609 23.7387 38.2658   51.62 57.1886
2.52595 29.6878 25.7387 41.2658 55.4025 61.3792
2.52595 31.5674 27.7387 43.8785 58.9102 66.3792
2.52595 32.5674 29.7488 47.0582 62.9102 71.1894
2.52595  34.354 31.3808 49.6397 66.9102 76.1894
2.52595 36.1752 33.3808 52.2712 70.4574 81.1894
 2.6734 37.1752 35.3808 55.2712 74.5704 85.9289
 2.6734 38.1752 37.3844 58.4013 78.5704 90.7952
 2.6734 39.1752 39.3844 61.4782 82.7099 95.5788
 2.6734 40.1752 41.3893 64.6078 86.7099 100.444
 2.8029 41.1752 43.3942 67.6078 90.7099  105.31
2.92574 42.1752  45.296 70.6078 94.6853  110.31
3.04885 43.1752 47.2019 73.5788 98.6853  115.31
3.04885 44.1752 49.2019 76.6491 102.803 120.122
3.17266 45.1752    51.2 79.6491 106.803     125
3.17266 46.7151 52.9452 82.3641 110.803     130
3.17266 47.7151 54.9452 85.4224 114.918 134.827
3.28627 48.7151 56.9452 88.4811 118.918 139.655
3.28627 49.7151 58.9452 91.5405  123.03 144.483
3.28627 50.7151 60.9436 94.6439  127.03 149.382
3.28627 51.7151 62.9419 97.7473  131.03  154.28
3.28627 53.1901 64.9419 100.535 134.767  159.28
3.28627 54.1901 66.8886 103.549 138.806  164.28
3.28627 55.7068 68.8886 106.549 142.691 168.878
 3.3802 56.7068 70.8886 109.549  146.77 173.705
3.46191 58.0775 72.8886 112.549 150.318 178.705
3.46191 59.5779 74.7716 115.549 154.318 183.322
3.53944 60.9123 76.7716 118.137 158.318 188.322
3.62862 61.9123 78.7059 121.113 162.318 193.322
3.70825 63.2708 80.7059 124.113  165.88 198.322
3.70825 64.2708 82.7078 127.192  169.88 203.241
3.79455 65.2708 84.7078 130.152 173.833 208.241
3.79455 66.7299 86.7078 133.152 177.719 212.896
3.88114 67.7299 88.7078 136.152 181.775 217.754
3.95772 69.0664 90.7078 139.152 185.361 222.754
3.95772 70.5108 92.6048 142.152 189.361 227.413
3.95772 71.9529 94.6048 145.059 193.361 232.064
3.95772 72.9529 96.6048 148.111 197.429 236.945
3.95772 73.9529 98.6105 151.186 201.429 241.865
4.03816 74.9529 100.615 154.186 205.429  246.78
4.03816 75.9529 102.617 157.186 209.516  251.69
4.11468 76.9529 104.561 160.164 213.516  256.69
4.11468  78.319 106.561 163.008 217.307  261.69
4.11468 79.7243 108.561 166.008 221.206 266.386
4.11468 80.7243 110.561 169.056 225.267 271.277
4.18931 81.7243 112.567 172.056 229.267 276.197
4.18931 83.1139 114.481 175.056 233.267 280.893
4.25465 84.4102 116.481 178.056 236.906 285.893
4.32281 85.7624 118.481 181.056 240.906 290.473
4.39602 86.7624 120.487 184.056 244.906 295.393
4.46924 87.7624 122.494 187.056 248.906 300.313
4.46924  89.103 124.494 189.913 252.708 305.313
4.53647 90.4432 126.494 192.913 256.708 309.905
4.53647 91.8166 128.415 195.913 260.708 314.611
4.59702 93.0421 130.129 198.913 264.708 319.611
4.65902 94.2971 132.129 201.596 268.708 324.611
4.65902 95.6684 134.129 204.596 272.616 329.332
4.65902 97.0014 135.998 207.596 276.414 334.332
4.72314 98.3363 137.998 210.596 280.414 338.933
4.72314 99.6711 139.998 213.455  284.22 343.933
4.72314 100.671 141.974 216.467 288.232 348.933
4.72314 101.987 143.829 219.296 292.232 353.933
4.78845 102.987 145.829 222.296 296.272 358.827
4.84648 104.235 147.829  224.99 300.272 363.827
4.91048 105.235 149.829 227.961 304.238 368.827
4.91048 106.235 151.836 231.014 308.238 373.767
4.91048 107.235 153.836 234.051 312.289  378.68
4.97302 108.235 155.795 237.051 316.267  383.68
4.97302 109.235 157.795 240.087 320.317 388.593
5.03237 110.538 159.795 243.087 324.317  393.23
5.03237 111.538 161.799 246.087 328.383 398.161
5.09103 112.838 163.799 249.087 332.383 402.802
5.09103 114.167 165.727 252.087 336.383 407.545
5.14689  115.42 167.727 255.087 340.075 412.545
5.20703  116.42 169.687 258.067 344.075 417.545
5.20703  117.42 171.694  261.12 348.075 422.484
5.20703  118.42 173.694 264.157 352.123 427.398
5.26681  119.42 175.694  267.19 356.123 432.306
5.32693  120.42   177.7  270.19 360.123  437.24
5.38666  121.42   179.7  273.19 364.161 442.143
5.38666  122.42 181.705  276.19 368.224 447.075
5.44468  123.42 183.705 279.165  372.19 452.075
5.50374  124.42 185.705 282.165 376.228 456.979
5.55606 125.603  187.47 285.165 380.228 461.979
5.61543 126.603 189.473 288.165 384.228 466.916
5.61543 127.897 191.473 291.165 388.157 471.691
5.67383 128.897 193.473 294.165 392.194 476.597
5.73134 129.897 195.434 297.147 396.194 481.597
5.73134 131.186 197.434 300.147 400.125 486.376
5.78816 132.186 199.434 303.123 404.093 491.376
5.78816 133.471 201.373 306.123 408.093 496.152
5.78816 134.471 203.352 309.132 412.104 501.152
5.78816 135.471 205.332 312.141 416.116 506.152
5.78816 136.751 207.271 315.141 420.116 510.933
5.78816 138.031 209.211 318.141 424.116 515.714
5.78816 139.031 211.216 321.191 428.116 520.658
5.83693 140.202 212.996 324.191 432.116 525.658
5.89068 141.202 214.957 327.176 436.116 530.658
5.89068 142.476 216.957 330.176 440.052 535.448
5.94237 143.727 218.957 333.176 444.052 540.146
5.94237 144.974 220.857 336.176 447.905 545.146
5.94237 146.247 222.797 339.176 451.905 549.933
5.98991 147.417 224.579 342.176 455.905 554.933
6.04205 148.417 226.579 345.155 459.874 559.933
6.04205 149.687 228.579 348.155  463.81 564.726
6.04205 150.924 230.467 351.031  467.81 569.726
6.09041 152.131 232.467 354.031 471.554 574.726
6.09041   153.4 234.406 357.031 475.554 579.519
6.09041 154.644 236.306 360.031  479.41 584.519
6.09041 155.888 238.306 362.928 483.268 589.519
6.09041 157.133 240.306 365.825 487.126 594.519
 6.1411 158.133 242.307 368.825 491.126 599.468
6.19093 159.133 244.272 371.825  495.11 604.468
6.19093 160.133 246.272 374.825 499.163 609.416
6.24016 161.133 248.272 377.806 503.133 614.416
6.28805  162.37 250.272 380.806 507.133 619.131
6.33594 163.606 252.272 383.806 511.133 623.847
6.38533 164.606 254.238 386.806 515.117 628.847
6.38533 165.606 256.217 389.817 519.127 633.847
6.38533 166.839 258.217  392.72 522.992 638.847
6.43119 168.037 260.217  395.72 526.748 643.847
6.48063 169.037 262.218  398.72 530.748 648.797
6.48063 170.037  264.22 401.764 534.748  653.75
6.52944 171.037  266.22 404.764 538.775 658.674
6.57825 172.037  268.22 407.764 542.803 663.598
6.62242 173.192 270.021 410.764 546.803 668.598
6.67146 174.192 272.021 413.764 550.803 673.549
6.71831 175.416 274.021 416.764 554.803 678.279
6.71831 176.631 275.919 419.651 558.803 683.279
6.76287 177.802 277.919 422.434 562.803 688.279
6.81153 178.802 279.918 425.434 566.803 693.231
 6.8568 179.991 281.918 428.434 570.569 698.231
6.90467 180.991 283.886 431.434 574.553 703.231
6.94995 182.177 285.886 434.434 578.321 708.231
6.94995 183.389 287.787 437.323 582.321 713.231
6.94995 184.629 289.787 440.323 586.258 718.053
6.99462 185.815 291.787 443.323 590.027 723.053
6.99462 187.034   293.7 446.323 593.895 728.053
6.99462 188.034 295.701 449.363 597.895 733.013
7.03873 189.219 297.701 452.363 601.666 738.013
7.08522 190.219 299.667  455.35 605.666 743.013
7.13042 191.433 301.667  458.35 609.666 747.754
7.17744 192.433 303.667 461.373 613.666 752.684
7.17744 193.433 305.668 464.412 617.666 757.644
7.17744 194.646 307.668 467.325  621.54 762.644
7.17744 195.646 309.668 470.325 625.581 767.602
7.22303 196.646 311.635 473.313 629.581 772.602
7.26916 197.646 313.635 476.313 633.601 777.536
7.31528 198.646 315.635 479.313 637.621 782.469
7.31528 199.846 317.541 482.207 641.621 787.469
7.31528 201.071 319.488 485.207 645.621 792.297
7.31528 202.298 321.488 488.207  649.56 797.131
 7.3566 203.441 323.304 491.207  653.56 802.131
 7.3566 204.664 325.304 494.161  657.56 806.955
7.40179 205.664 327.302 497.161  661.56 811.911
 7.4441  206.84 329.302 500.161 665.342 816.911
 7.4441  207.84 331.302 503.199 669.342 821.873
 7.4441 209.044 333.221 506.199 673.219 826.873
 7.4441 210.264 335.221 509.153 677.219 831.699
7.48449 211.404  337.04 512.153 681.219 836.699
7.52885 212.404 339.037 515.153 685.219 841.657
7.52885 213.404 341.019 518.165 689.225 846.657
7.52885 214.404 343.002 521.176 693.232 851.657
7.52885 215.404     345 524.176 697.271 856.619
7.57188 216.404 346.972 527.176 701.256 861.619
7.57188 217.621 348.972 530.176 705.197 866.462
7.57188 218.621 350.954 533.188 709.203 871.462
7.57188 219.833 352.954 536.144 713.203 876.294
7.57188 221.045 354.954 539.101 717.203 881.125
7.61395 222.045 356.927 542.101 721.189 886.125
7.61395 223.259 358.927 545.101 725.131 890.969
7.61395 224.454 360.849 548.101 729.014 895.969
7.61395 225.454 362.831 551.112 733.019 900.969
 7.6557 226.454 364.831 554.112 737.038 905.909
7.69511  227.62 366.831 557.112 740.833 910.909
7.69511 228.813 368.754 560.112 744.716 915.909
 7.7366 229.813 370.754 563.132 748.716 920.847
 7.7366 231.006 372.678 566.132 752.601 925.847
 7.7366 232.215 374.678 569.132 756.542 930.696
7.77726 233.215 376.647 572.123 760.542 935.696
7.77726 234.215  378.63 575.135 764.546 940.696
7.77726 235.215  380.63 578.162  768.57 945.646
7.77726 236.405 382.554 581.162 772.456 950.646
7.77726 237.405 384.537 584.174  776.46 955.646
7.77726  238.61 386.537 587.174 780.403 960.498
7.77726 239.812 388.537 590.133 784.403 965.338
7.81494 240.974 390.537 593.133 788.203 970.338
7.81494 241.974 392.537 596.159 792.225 975.289
7.81494 243.161 394.537 599.085 796.112 980.289
7.85302 244.346 396.537 602.085 800.112 985.066
7.89203 245.346 398.507 605.076 804.112 990.066
7.93115 246.346 400.483 608.076 808.098 995.066
7.93115 247.346 402.482 611.076 812.132 1000.03
7.96997 248.346 404.452 614.067 816.132 1005.03
7.96997 249.346 406.436 617.079 820.135 1010.03
7.96997 250.545 408.436 620.079 824.079 1014.89
7.96997 251.728 410.436 623.006 827.969 1019.89
8.00824 252.728 412.406 625.997 831.969 1024.89
 8.0465 253.728 414.377 628.989 835.969 1029.89
8.08477 254.728 416.348  631.98 839.969 1034.89
  8.123 255.728 418.348 634.969 843.942 1039.89
8.16164 256.728 420.348 637.969 847.957 1044.84
8.19991 257.728 422.318  640.96 851.957 1049.84
8.23815 258.728 424.318 643.949  855.93 1054.84
8.27641 259.728 426.289  646.94  859.93 1059.84
8.31518 260.728 428.286  649.94  863.93  1064.8
8.31518 261.916 430.286 652.901  867.93 1069.65
8.31518 263.107 432.286 655.901 871.876 1074.52
8.31518 264.107 434.286 658.925 875.896 1079.47
8.31518 265.294 436.286 661.887 879.896 1084.32
8.35325 266.294 438.283 664.887 883.896 1089.29
8.39116 267.294 440.283 667.905 887.896 1094.23
8.42908 268.294 442.283 670.922 891.896 1099.18
8.42908 269.466 444.283 673.854 895.793 1104.18
8.46685 270.466 446.283 676.854 899.807 1109.12
8.50345 271.635 448.283 679.854 903.807 1113.92
8.54122 272.635 450.283 682.854 907.821 1118.87
8.57896 273.635 452.283 685.871 911.821 1123.81
8.57896 274.805 454.217 688.871 915.719 1128.81
8.57896  275.99 456.217 691.871 919.667 1133.68
8.57896 277.152 458.139 694.786 923.667 1138.68
8.61622 278.152 460.139 697.804 927.667 1143.62
8.65123 279.282 462.139 700.639 931.667 1148.62
8.68862 280.282 464.136 703.639 935.667 1153.59
8.68862 281.282 466.136 706.639 939.698 1158.56
8.68862 282.282 468.122 709.649 943.701 1163.56
8.72446 283.447 470.122 712.649 947.701 1168.36
8.76108 284.447 472.095  715.64 951.701 1173.36
8.79767 285.447 474.095 718.629 955.676 1178.36
8.79767 286.447 476.081 721.639 959.679 1183.36
8.79767 287.626 478.081 724.639  963.63 1188.23
8.83397 288.626 480.054  727.63  967.63 1193.23
8.83397 289.626 482.054 730.653  971.65 1198.18
8.83397 290.801 484.054 733.617  975.65 1203.05
8.83397 291.801 486.054  736.64  979.67    1208
8.83397 292.976 488.012  739.64  983.67 1212.87
8.87002 293.976 490.012  742.64 987.684 1217.82
8.90606 294.976 492.012 745.657 991.684 1222.77
8.90606 295.976 493.998 748.667 995.687 1227.77
8.94162 296.976 495.998 751.656 999.663 1232.77
8.97764 297.976 497.996 754.656 1003.66 1237.73
9.01354 298.976 499.996 757.656 1007.68 1242.68
9.01354 299.976 501.983 760.666 1011.68 1247.68
9.04828 301.133 503.983 763.666 1015.68 1252.49
9.08162 302.242  505.84 766.666 1019.68 1257.49
9.11574 303.378  507.84 769.666 1023.51 1262.49
9.11574 304.378 509.826 772.676 1027.51 1267.49
9.14895 305.487 511.684 775.676 1031.51 1272.49
9.14895 306.643 513.621 778.676 1035.42 1277.49
9.14895 307.643 515.607 781.687 1039.42 1282.49
9.14895 308.793 517.535 784.609 1043.42 1287.49
9.18215 309.914 519.535 787.456 1047.42 1292.49
  9.217 310.914 521.535 790.445  1051.4 1297.49
9.24985 312.022 523.393 793.445  1055.4 1302.49
9.24985 313.022 525.379 796.455  1059.4 1307.49
9.28391 314.174 527.379 799.455  1063.4  1312.3
9.28391 315.174 529.377 802.485  1067.4 1317.28
9.31726 316.307 531.377 805.485 1071.24 1322.28
9.35186 317.307 533.351 808.476 1075.24 1327.28
9.38654 318.307 535.329 811.476 1079.23 1332.28
9.42047 319.457 537.329 814.476 1083.23 1337.09
9.45537 320.457 539.329 817.476 1087.24 1342.04
9.48997 321.457 541.303 820.468 1091.24 1347.04
9.52261 322.563 543.164 823.468 1095.24 1352.04
9.52261 323.714 545.164 826.407 1099.15 1357.04
9.52261 324.714  547.15 829.418 1103.15 1362.04
9.55722 325.714  549.15 832.432 1107.15    1367
9.55722 326.864  551.15 835.372 1111.06    1372
9.55722 328.027  553.11 838.372 1115.06 1376.87
9.55722 329.187  555.11 841.339 1119.06 1381.75
9.59149 330.187  557.11 844.339 1123.07  1386.7
9.62547 331.187 559.084 847.331 1127.07  1391.7
9.65972 332.187 561.084 850.345 1131.07 1396.65
9.69181 333.291 562.948 853.345 1135.07 1401.65
9.69181 334.439 564.948 856.286 1138.98 1406.65
9.72568 335.439 566.922 859.278 1142.98 1411.65
9.75961 336.439   568.9 862.278 1146.97 1416.65
9.79355 337.439 570.878 865.278 1150.96 1421.65
9.79355 338.587 572.819 868.278 1154.87 1426.65
 9.8273 339.587 574.793  871.27 1158.87 1431.65
9.86141 340.587 576.789  874.27 1162.87 1436.62
9.89332 341.688 578.655  877.27 1166.87 1441.62
9.92552 342.801 580.655 880.126 1170.87 1446.62
9.92552 343.801 582.652 883.126  1174.9  1451.6
9.95939 344.801 584.652 886.139  1178.9 1456.55
9.95939 345.945 586.593 889.139 1182.81 1461.55
9.99139 347.057 588.593 891.995 1186.81 1466.55
9.99139 348.196 590.525 894.924 1190.81 1471.55
9.99139 349.353 592.525 897.924 1194.77 1476.44
10.0232 350.464 594.525  900.78 1198.77 1481.44
10.0568 351.464  596.52  903.78 1202.77 1486.41
10.0568  352.62  598.52  906.78 1206.72  1491.3
10.0568 353.774  600.52 909.747 1210.72 1496.18
10.0568 354.928  602.52 912.714 1214.72 1501.06
 10.088 356.028 604.389 915.714 1218.72 1506.06
10.1212 357.028 606.389 918.714 1222.74 1511.01
10.1212 358.028 608.386  921.74 1226.74 1515.99
10.1212 359.171 610.386 924.682 1230.65 1520.99
10.1212 360.171 612.383 927.708 1234.65 1525.97
10.1542 361.171 614.378 930.708 1238.65 1530.94
10.1542 362.171 616.376 933.708 1242.68 1535.91
10.1853  363.28 618.376 936.568 1246.68 1540.91
 10.218  364.28 620.376 939.579 1250.68 1545.87
 10.218 365.421 622.376 942.522 1254.59 1550.87
 10.218 366.562 624.318 945.522 1258.51 1555.87
 10.218 367.562 626.305 948.531 1262.51 1560.87
10.2492 368.682 628.305 951.531 1266.36 1565.87
10.2492 369.682 630.302 954.555 1270.36 1570.85
10.2816 370.682 632.298 957.555 1274.36 1575.82
10.3137 371.682 634.273 960.548 1278.36 1580.82
10.3459 372.682 636.249  963.54 1282.36 1585.82
10.3459 373.821 638.249 966.483 1286.28 1590.82
10.3459 374.968 640.249 969.451 1290.28  1595.7
10.3781 375.968 642.244 972.451 1294.28 1600.68
10.4102 376.968 644.244 975.462 1298.28 1605.63
10.4425 377.968 646.239 978.462 1302.28 1610.61
10.4425 379.115 648.239  981.43 1306.28 1615.49
10.4425 380.263 650.202  984.43 1310.28 1620.38
10.4425 381.395 652.138 987.362 1314.28 1625.38
10.4425 382.395 654.135 990.362 1318.31 1630.36
10.4742 383.395 656.135 993.373 1322.31 1635.32
10.4742 384.542 658.135 996.373 1326.26 1640.21
10.5051 385.676 660.135 999.373 1330.26 1645.05
10.5051 386.823 662.098 1002.37 1334.26 1649.94
10.5367 387.823 664.098 1005.38 1338.26 1654.89
10.5367 388.969  666.06 1008.38 1342.26 1659.79
10.5367 390.116  668.06 1011.38 1346.22 1664.68
10.5367 391.116 670.048 1014.39 1350.23 1669.68
10.5672 392.249 672.048 1017.39 1354.23 1674.52
10.5672 393.395 674.011 1020.39 1358.23 1679.41
10.5982 394.395 676.011 1023.38 1362.21 1684.41
10.6294 395.395 678.006 1026.38 1366.21 1689.38
10.6594  396.51 680.006 1029.38 1370.06 1694.38
10.6594 397.645 682.006 1032.33 1373.98 1699.38
10.6594 398.645 683.994 1035.34 1377.98 1704.38
10.6905 399.645  685.99 1038.34 1381.98 1709.35
10.6905 400.788  687.99 1041.31 1385.98 1714.24
10.6905 401.788  689.99 1044.32    1390 1719.21
10.6905 402.931 691.953 1047.32    1394  1724.1
10.6905 403.931 693.941 1050.33    1398  1729.1
10.6905 404.931 695.941 1053.35 1402.02 1734.07
10.6905 405.931 697.929 1056.36 1406.02 1739.07
10.6905 406.931 699.926 1059.36 1410.05 1744.05
10.7202 408.061 701.926 1062.36 1414.05 1748.89
10.7507 409.061 703.922 1065.36 1418.05 1753.86
10.7809 410.061   705.9 1068.35 1422.05 1758.86
10.7809 411.061   707.9 1071.37 1426.06 1763.83
10.8112 412.061   709.9 1074.37 1430.07 1768.79
10.8408 413.189   711.9 1077.37 1434.07 1773.63
10.8709 414.189 713.877 1080.36 1438.07 1778.63
10.8709 415.327 715.877 1083.33 1442.07 1783.52
10.9011 416.327 717.877 1086.33 1446.08 1788.48
10.9011 417.327 719.875 1089.35 1450.08 1793.46
10.9313 418.327 721.875 1092.35  1454.1 1798.42
10.9615 419.327 723.871 1095.35  1458.1 1803.39
10.9615 420.456 725.871  1098.3 1462.02 1808.39
10.9615 421.456  727.87 1101.32 1466.02 1813.37
10.9615 422.456 729.868 1104.35 1470.02 1818.35
10.9615 423.456 731.856 1107.36 1474.02 1823.35
10.9615 424.456 733.854 1110.38 1478.02 1828.33
10.9906 425.581 735.854 1113.38 1482.02 1833.17
10.9906 426.703 737.795 1116.32 1486.02 1838.17
10.9906  427.84 739.761 1119.32 1490.02 1843.07
11.0199  428.84 741.761 1122.31    1494 1848.07
11.0488 429.965 743.761 1125.31    1498 1852.92
11.0488 430.965 745.759 1128.31 1502.03 1857.89
11.0784 431.965 747.755 1131.31 1506.03 1862.87
11.0784 433.091 749.755 1134.25 1509.95 1867.87
11.1065 434.188 751.755 1137.13 1513.95 1872.87
11.1348 435.296 753.755 1140.13 1517.82 1877.87
11.1629 436.394 755.755    1143 1521.82 1882.87
11.1629 437.515 757.697 1145.94 1525.82 1887.87
11.1629 438.651 759.697 1148.94 1529.78 1892.77
11.1922 439.651 761.697 1151.95 1533.78 1897.73
11.1922 440.787 763.697 1154.95 1537.74 1902.63
11.2214 441.787 765.694 1157.95 1541.74 1907.61
11.2214 442.921  767.66 1160.95 1545.74 1912.51
11.2495 444.029  769.66 1163.95 1549.61 1917.51
11.2786 445.029  771.66 1166.96 1553.61 1922.47
11.3077 446.029  773.66 1169.96 1557.61 1927.43
11.3361 447.151  775.66 1172.96 1561.61 1932.28
11.3652 448.151  777.66 1175.97 1565.61 1937.24
11.3941 449.151 779.639 1178.96 1569.61 1942.24
11.3941 450.283 781.639 1181.94 1573.61 1947.13
11.4221 451.389 783.639 1184.94 1577.48 1952.13
 11.451 452.389 785.639 1187.93 1581.46 1957.13
11.4798 453.389 787.618 1190.92 1585.46 1962.13
11.4798 454.522 789.585 1193.92 1589.46 1967.03
11.4798  455.64 791.528 1196.86 1593.46 1972.03
11.5085  456.64  793.51 1199.86 1597.45 1977.03
11.5374  457.64  795.51 1202.87 1601.45 1981.99
11.5374 458.758 797.453 1205.81 1605.45 1986.99
 11.565 459.853 799.453 1208.68 1609.45 1991.99
11.5936 460.853 801.435 1211.68 1613.44 1996.99
11.6212 461.948 803.435 1214.56 1617.44 2001.99
11.6212 462.948 805.424 1217.57 1621.44 2006.99
11.6499 463.948 807.424 1220.58 1625.44 2011.95
11.6499 464.948 809.422 1223.58 1629.47 2016.93
11.6499 466.078  811.39 1226.58 1633.47 2021.84
11.6785 467.078  813.39 1229.58 1637.48  2026.8
11.7069 468.078 815.369 1232.57 1641.48  2031.8
11.7069 469.078 817.367 1235.57  1645.5 2036.78
11.7069 470.206 819.367 1238.54  1649.5 2041.68
11.7069 471.326 821.367 1241.49 1653.43 2046.68
11.7341  472.42 823.367 1244.37 1657.43 2051.68
 11.761 473.504 825.256 1247.37 1661.43 2056.68
 11.761 474.504 827.245 1250.38 1665.43 2061.68
 11.761 475.623 829.245 1253.33 1669.36 2066.68
 11.761 476.753 831.245 1256.33 1673.33 2071.58
 11.761 477.753 833.245 1259.34 1677.34 2076.55
 11.761 478.753 835.244 1262.34 1681.36 2081.53
11.7876 479.836 837.134 1265.34 1685.36 2086.53
11.8155 480.836 839.113 1268.34 1689.36 2091.53
11.8155 481.963 841.113 1271.31 1693.36 2096.44
11.8433 482.963 843.113  1274.3 1697.35 2101.44
11.8433 484.081 845.113 1277.25 1701.28 2106.44
11.8712 485.081 847.113 1280.26 1705.28  2111.4
11.8985 486.197 849.113 1283.26 1709.28 2116.26
11.8985 487.315 851.066 1286.26 1713.21 2121.26
11.9257 488.431 853.066 1289.26 1717.21 2126.11
11.9257 489.431 855.055 1292.27 1721.21 2131.11
11.9523 490.522 857.055 1295.15 1725.21 2136.11
11.9523 491.636 859.001 1298.09 1729.21 2141.11
11.9794 492.751 861.001 1301.09 1733.21 2145.97
11.9794 493.751 862.999 1304.11 1737.21 2150.95
11.9794 494.868 864.952 1307.11 1741.14 2155.95
11.9794 495.868 866.952 1310.12 1745.16 2160.92
11.9794 496.985 868.952 1313.07 1749.09 2165.92
12.0069 497.985 870.948 1316.07 1753.09  2170.9
12.0344 498.985 872.948 1319.08 1757.09 2175.86
12.0607 500.076 874.948 1321.97 1761.09 2180.86
12.0607 501.076 876.938 1324.97 1765.09 2185.86
12.0607 502.076 878.936 1327.97 1769.11 2190.84
12.0867 503.157 880.829 1330.97 1773.11 2195.84
12.1129 504.247 882.829 1333.86 1777.11 2200.84
  12.14 505.247 884.829 1336.84  1781.1 2205.84
12.1664 506.346 886.829 1339.84 1784.97 2210.84
12.1664 507.346 888.827 1342.86 1788.97 2215.82
12.1935 508.346 890.827 1345.85 1792.95 2220.82
12.1935 509.461  892.78 1348.85 1796.89 2225.82
12.1935 510.585  894.78 1351.85 1800.85 2230.74
12.2195 511.675  896.78 1354.74 1804.85 2235.74
12.2465 512.675 898.761 1357.73 1808.85 2240.74
12.2735 513.675 900.761 1360.72 1812.83 2245.74
12.2735 514.789 902.715 1363.72 1816.77 2250.74
12.2735 515.911 904.684 1366.72 1820.77 2255.64
12.2992 516.992 906.578 1369.72 1824.77 2260.64
12.3263 517.992 908.574 1372.72 1828.77 2265.62
12.3532 518.992 910.556 1375.72 1832.76 2270.62
12.3796 520.103 912.556 1378.72 1836.76 2275.48
12.3796 521.103 914.555 1381.74 1840.76 2280.47
12.3796 522.217 916.555 1384.69 1844.69 2285.47
12.4054 523.305 918.555 1387.58 1848.69 2290.47
12.4054 524.418 920.555 1390.53 1852.62 2295.47
12.4323 525.418 922.551 1393.53 1856.62 2300.44
12.4578 526.498 924.446 1396.53 1860.62 2305.44
12.4578 527.611 926.446 1399.48 1864.56 2310.44
12.4846 528.611 928.446 1402.49 1868.56 2315.41
12.4846 529.611 930.435  1405.5 1872.56 2320.41
12.5112 530.611 932.435 1408.49 1876.55 2325.41
12.5379 531.611 934.435 1411.49 1880.55 2330.37
12.5644 532.611 936.435 1414.48 1884.53 2335.37
12.5644 533.611 938.434  1417.5 1888.53 2340.36
12.5912 534.611  940.43  1420.5 1892.53 2345.34
12.6166 535.689 942.326  1423.5 1896.53 2350.34
12.6424 536.785 944.326  1426.5 1900.41 2355.34
 12.669 537.785 946.326 1429.51 1904.41  2360.3
 12.669 538.896 948.326 1432.46 1908.34  2365.3
12.6944 539.974 950.223 1435.46 1912.34  2370.3
12.7209 540.974 952.206 1438.46 1916.33  2375.3
12.7209 541.974 954.195 1441.47 1920.34  2380.3
12.7209 543.093 956.195 1444.47  1924.3 2385.22
12.7209 544.093 958.195 1447.48 1928.32 2390.19
12.7473 545.093 960.195 1450.48 1932.32 2395.16
12.7727 546.179 962.195 1453.37 1936.32 2400.16
12.7727 547.179 964.195 1456.38 1940.34 2405.13
 12.798 548.264 966.195 1459.27 1944.34 2410.13
 12.798 549.381 968.195 1462.25 1948.34 2415.04
12.8243 550.381 970.195 1465.25 1952.34 2420.01
12.8243 551.381 972.193 1468.25 1956.36 2424.99
12.8243 552.381 974.193 1471.26 1960.37 2429.97
12.8243 553.498 976.163 1474.26 1964.37 2434.88
12.8504 554.498 978.146 1477.26 1968.36 2439.88
12.8504 555.607 980.146 1480.22  1972.3 2444.88
12.8504 556.724 982.146 1483.22 1976.26  2449.8
12.8752 557.801 984.045 1486.22 1980.26  2454.8
12.8752 558.916 986.045 1489.19 1984.26 2459.71
12.8752 560.034 988.045 1492.19 1988.23 2464.62
 12.901 561.034 990.026 1495.19 1992.23 2469.62
 12.901 562.151 992.026 1498.19  1996.2 2474.54
 12.901 563.267 993.996 1501.19  2000.2 2479.45
 12.901 564.384 995.996 1504.19 2004.16 2484.37
12.9268 565.384 997.996 1507.19 2008.16 2489.34
12.9525 566.384 999.996 1510.18 2012.15 2494.34
12.9773 567.468    1002 1513.07 2016.15 2499.34
13.0031 568.468 1003.99 1516.07 2020.15 2504.32
13.0281 569.561 1005.99 1519.07 2024.03 2509.32
13.0281 570.561 1007.98 1522.08 2028.03 2514.32
13.0281 571.675 1009.98 1525.05 2032.03 2519.23
13.0281 572.783 1011.98 1528.01 2035.97 2524.23
13.0281 573.897 1013.98 1530.98 2039.97 2529.14
13.0536 574.897 1015.97 1533.98 2043.96 2534.14
13.0536 575.897 1017.97 1536.99 2047.98 2539.12
13.0792 576.897 1019.96 1539.99 2051.98 2544.09
13.0792 577.897 1021.96 1543.01 2055.98 2549.08
13.0792 578.897 1023.96 1546.02 2059.99 2554.05
13.0792 580.001 1025.91 1548.97 2063.99 2559.05
13.0792 581.114 1027.91 1551.94 2067.99 2563.97
13.1045 582.114 1029.91 1554.95 2071.99 2568.93
13.1299 583.114 1031.91 1557.95 2075.99  2573.9
13.1299  584.22 1033.87 1560.95 2079.93  2578.9
13.1547 585.323 1035.87 1563.95 2083.93 2583.77
13.1547  586.43 1037.87 1566.91 2087.86 2588.77
13.1794 587.533 1039.87 1569.91 2091.86 2593.64
13.1794 588.636 1041.82 1572.86 2095.86 2598.64
13.1794 589.636 1043.82 1575.86 2099.88 2603.63
13.2035  590.71 1045.72 1578.86 2103.88 2608.63
13.2035 591.824 1047.72 1581.86 2107.85 2613.55
13.2035 592.929 1049.68 1584.86 2111.79 2618.55
13.2284 593.929 1051.68 1587.85 2115.77 2623.55
13.2284 594.929 1053.67 1590.85 2119.78 2628.55
13.2284 596.035 1055.62 1593.85 2123.71 2633.55
13.2524 597.117 1057.62 1596.75 2127.71 2638.55
13.2524 598.117 1059.62 1599.76 2131.71 2643.53
13.2524 599.229 1061.59 1602.76 2135.71 2648.45
13.2524 600.229 1063.59 1605.76 2139.73 2653.43
13.2772 601.229 1065.59 1608.76 2143.74  2658.4
13.2772 602.341 1067.59 1611.74 2147.74 2663.32
13.2772 603.445 1069.55 1614.74 2151.68 2668.32
 13.302 604.445 1071.54 1617.74 2155.68 2673.29
13.3267 605.445 1073.54 1620.74 2159.68 2678.26
13.3267 606.445 1075.54 1623.75  2163.7 2683.24
13.3267 607.556 1077.52 1626.75  2167.7 2688.16
13.3512 608.556  1079.5 1629.75 2171.69 2693.16
13.3512  609.66  1081.5  1632.7 2175.63 2698.16
13.3758  610.66  1083.5  1635.7 2179.63 2703.13
13.3758  611.66  1085.5  1638.7 2183.65 2708.11
13.3758  612.66 1087.49 1641.71 2187.66 2713.11
13.3758  613.76 1089.44 1644.66 2191.66 2718.11
13.4001  614.76 1091.44 1647.65 2195.64 2723.11
13.4245  615.76 1093.44 1650.64 2199.63 2728.11
13.4245 616.863  1095.4 1653.64 2203.57 2733.11
13.4245 617.973 1097.37 1656.64 2207.57 2738.03
13.4487 618.973 1099.35 1659.64 2211.56 2743.03
13.4731 619.973 1101.35 1662.64 2215.56    2748
13.4973 620.973 1103.35 1665.63 2219.55    2753
13.5216 621.973 1105.34 1668.63 2223.54    2758
13.5216 622.973 1107.34 1671.65 2227.54 2762.98
13.5216 624.075 1109.29 1674.65 2231.48 2767.98
13.5216 625.174 1111.25 1677.59 2235.48 2772.98
13.5451 626.261 1113.25 1680.59 2239.37 2777.98
13.5689 627.361 1115.25 1683.59 2243.37 2782.86
13.5932 628.361 1117.24 1686.59 2247.37 2787.84
13.6174 629.361 1119.24  1689.6 2251.37 2792.81
13.6406 630.432 1121.15  1692.6 2255.37 2797.81
13.6648 631.432 1123.15  1695.6 2259.38 2802.78
 13.688 632.503 1125.05  1698.6 2263.38 2807.78
 13.688 633.503 1127.05 1701.62 2267.38 2812.76
 13.688 634.605 1129.05 1704.57 2271.32 2817.76
13.7121 635.605 1131.03 1707.57 2275.32 2822.76
13.7358 636.703 1133.03 1710.57 2279.32 2827.64
13.7589 637.774 1134.94 1713.57 2283.32 2832.64
13.7589 638.875  1136.9 1716.57 2287.26 2837.64
13.7821 639.953  1138.9 1719.47 2291.26 2842.64
13.7821 640.953 1140.89 1722.47 2295.26 2847.64
13.7821 641.953 1142.88 1725.48 2299.27 2852.64
13.7821 642.953 1144.88 1728.48 2303.28 2857.63
13.8054 644.039 1146.88 1731.48 2307.17 2862.63
13.8054  645.14 1148.88 1734.43 2311.12 2867.63
13.8054 646.246 1150.88 1737.41 2315.12 2872.55
13.8286 647.332 1152.88 1740.41 2319.01 2877.55
13.8525 648.332 1154.88 1743.41 2323.01 2882.52
13.8762 649.332 1156.88  1746.4    2327 2887.52
13.9001 650.332 1158.88 1749.41    2331 2892.49
13.9001 651.438 1160.88 1752.38    2335 2897.41
13.9235 652.535 1162.88 1755.38    2339 2902.29
13.9465 653.613 1164.88 1758.28    2343 2907.29
13.9465 654.712 1166.84 1761.28 2346.94 2912.29
13.9703 655.712 1168.84 1764.29 2350.94 2917.26
13.9703 656.809 1170.79 1767.24 2354.94 2922.26
13.9703 657.908 1172.75 1770.24 2358.88 2927.26
 13.994 658.908 1174.73 1773.24 2362.87 2932.26
14.0177 659.908 1176.73 1776.24 2366.87 2937.24
14.0177 660.908 1178.72 1779.24 2370.88 2942.24
14.0414 661.908 1180.72 1782.25 2374.88 2947.21
14.0414 662.908 1182.71 1785.25 2378.88 2952.21
 14.065 663.908  1184.7 1788.25 2382.87 2957.21
 14.065 665.013  1186.7 1791.23 2386.87 2962.13
14.0885 666.013  1188.7 1794.22 2390.86 2967.13
14.0885 667.117  1190.7 1797.19 2394.86 2972.05
 14.112 668.117  1192.7 1800.19 2398.86 2977.02
 14.112 669.117  1194.7  1803.2 2402.88    2982
 14.112 670.221  1196.7 1806.18 2406.88 2986.92
 14.112 671.319  1198.7 1809.14 2410.82 2991.92
14.1345 672.388 1200.61 1812.14 2414.82 2996.92
14.1578 673.388 1202.61 1815.13  2418.8 3001.92
14.1813 674.388 1204.61 1818.13 2422.81 3006.89
14.1813 675.482 1206.56 1821.08 2426.81 3011.89
14.2046 676.482 1208.56 1824.07  2430.8 3016.89
14.2046 677.482 1210.56 1827.09  2434.8 3021.88
14.2046 678.482 1212.56 1830.09 2438.81 3026.86
14.2278 679.482 1214.54 1833.09  2442.8 3031.86
14.2278 680.579 1216.54 1836.04 2446.75 3036.86
14.2278 681.682 1218.54 1839.02 2450.75 3041.78
14.2503 682.758 1220.54 1841.92 2454.75 3046.78
14.2734 683.758 1222.52 1844.92 2458.74 3051.78
14.2734 684.758 1224.52 1847.94 2462.74 3056.77
14.2734 685.861  1226.5 1850.94 2466.74 3061.69
14.2734 686.861 1228.49 1853.95 2470.74 3066.68
14.2734 687.957 1230.45 1856.95 2474.68 3071.68
14.2734 689.054 1232.45 1859.91 2478.63 3076.68
14.2957 690.129 1234.45 1862.81 2482.63 3081.68
14.3188 691.129 1236.45 1865.81 2486.63 3086.65
14.3188 692.129 1238.45 1868.83 2490.63 3091.64
14.3188 693.129 1240.45 1871.84 2494.64 3096.62
14.3188 694.129 1242.45 1874.85 2498.64 3101.61
14.3409 695.204 1244.45 1877.76 2502.64 3106.61
14.3409 696.306 1246.42 1880.76 2506.64 3111.53
14.3639 697.306 1248.42 1883.76 2510.64 3116.51
14.3867 698.306  1250.4 1886.75 2514.64 3121.51
14.3867 699.408  1252.4 1889.75 2518.61 3126.44
14.3867 700.408 1254.39 1892.75 2522.62 3131.44
14.3867  701.51 1256.37 1895.75 2526.62 3136.37
14.4096  702.51 1258.36 1898.75 2530.62 3141.35
 14.432 703.602 1260.36 1901.75 2534.62 3146.23
14.4544 704.695 1262.36 1904.75 2538.62 3151.12
14.4772 705.695 1264.36 1907.76 2542.62 3156.09
14.4772 706.787 1266.32 1910.71 2546.62 3161.09
14.4993 707.868 1268.32 1913.71 2550.51 3166.09
 14.522 708.868  1270.3 1916.71 2554.51 3171.09
14.5447 709.868  1272.3  1919.7 2558.49 3176.09
14.5447 710.868  1274.3  1922.7 2562.51 3181.08
14.5447 711.963  1276.3 1925.66 2566.45 3186.08
14.5447 713.064 1278.27 1928.66 2570.45    3191
14.5447 714.064 1280.27 1931.66 2574.47 3195.99
14.5447 715.155 1282.23 1934.61 2578.47 3200.99
14.5447 716.155 1284.22 1937.61 2582.49 3205.97
14.5447 717.256 1286.22 1940.61 2586.46  3210.9
14.5447  718.35 1288.22 1943.57  2590.4  3215.9
14.5447  719.45 1290.22 1946.55  2594.4 3220.83
14.5447 720.544 1292.22 1949.51 2598.35 3225.83
 14.567 721.544 1294.21  1952.5 2602.35 3230.83
 14.567 722.638 1296.17  1955.5 2606.29 3235.83
 14.567 723.732 1298.17 1958.46 2610.24 3240.83
14.5893 724.732 1300.17 1961.46 2614.23 3245.83
14.5893 725.826 1302.17 1964.42 2618.17 3250.83
14.5893 726.925 1304.17 1967.39 2622.17 3255.75
14.6115 727.925 1306.17 1970.38 2626.16 3260.75
14.6337 728.925 1308.16 1973.38 2630.15 3265.75
14.6556 730.016 1310.16 1976.38 2634.15 3270.64
14.6778 731.016 1312.14 1979.38 2638.14 3275.64
14.6995 732.096 1314.14 1982.38 2642.04 3280.64
14.6995 733.096 1316.14  1985.4 2646.04 3285.63
14.7217 734.096 1318.14  1988.4 2650.04  3290.6
 14.744 735.096 1320.14  1991.4 2654.04 3295.58
14.7654 736.161 1322.05  1994.4 2658.04 3300.58
14.7876 737.161 1324.05 1997.41 2662.04 3305.55
14.7876 738.261 1326.05 2000.41 2666.01 3310.48
14.8099 739.261 1328.04 2003.41 2670.01 3315.47
14.8099 740.351    1330 2006.36 2674.01 3320.47
14.8099 741.443    1332 2009.32 2677.96 3325.47
14.8099 742.541    1334  2012.3 2681.96 3330.39
14.8311 743.607 1335.92  2015.3 2685.96 3335.39
14.8311 744.705 1337.92 2018.27 2689.96 3340.32
14.8531 745.705 1339.92 2021.26 2693.94 3345.32
14.8531 746.705 1341.91 2024.28 2697.94 3350.31
14.8531 747.803 1343.89 2027.28 2701.94 3355.23
14.8751 748.803 1345.87 2030.28 2705.94 3360.23
14.8751 749.901 1347.85 2033.28 2709.94 3365.16
 14.897 750.901 1349.83 2036.28 2713.93 3370.16
 14.897 751.901 1351.82 2039.28 2717.93 3375.16
14.9182 752.973 1353.82 2042.19 2721.93 3380.16
14.9402 753.973 1355.82 2045.19 2725.93 3385.14
14.9614 755.045 1357.82  2048.1 2729.93 3390.14
14.9833 756.045 1359.81  2051.1 2733.92 3395.14
15.0053 757.045 1361.81  2054.1 2737.92 3400.12
15.0272 758.045 1363.81 2057.11 2741.92 3405.09
15.0272 759.142 1365.78 2060.11 2745.92 3410.02
15.0272  760.24 1367.78 2063.11  2749.9 3414.95
 15.049  761.24 1369.78  2066.1 2753.88 3419.95
15.0708  762.24 1371.76 2069.09 2757.88 3424.95
15.0708  763.24 1373.76  2072.1 2761.89 3429.95
15.0921 764.318 1375.76  2075.1 2765.79 3434.95
15.0921 765.318 1377.75 2078.11 2769.79 3439.94
15.1139 766.318 1379.75 2081.11 2773.79 3444.91
15.1139 767.408 1381.75 2084.07 2777.74 3449.91
15.1356 768.408 1383.74 2087.06 2781.74 3454.91
15.1356 769.408 1385.74 2090.06 2785.76  3459.9
15.1567 770.479 1387.74 2092.97 2789.76  3464.9
15.1567 771.569 1389.74 2095.93  2793.7  3469.9
15.1777  772.64 1391.74 2098.84  2797.7  3474.9
15.1994  773.64 1393.72 2101.84  2801.7  3479.9
15.1994  774.73 1395.72  2104.8 2805.64  3484.9
15.1994 775.817 1397.68 2107.76 2809.64  3489.9
15.1994 776.817 1399.68 2110.77 2813.64 3494.89
15.2206 777.905 1401.68 2113.77 2817.64 3499.78
15.2206     779 1403.65 2116.77 2821.64 3504.71
15.2422     780 1405.65 2119.77 2825.65 3509.68
15.2637     781 1407.65 2122.76 2829.64 3514.68
15.2637     782 1409.65 2125.78 2833.64 3519.67
15.2852     783 1411.64 2128.77 2837.64 3524.67
15.3067     784 1413.64 2131.76 2841.62 3529.67
15.3283     785 1415.64 2134.76 2845.62 3534.65
 15.349 786.063 1417.55 2137.76 2849.62 3539.65
15.3699 787.133 1419.55 2140.67 2853.62 3544.65
15.3915 788.133 1421.55 2143.68 2857.62 3549.62
15.4131 789.133 1423.55 2146.68 2861.63  3554.6
15.4131 790.133 1425.55 2149.69 2865.63 3559.59
15.4341 791.209 1427.55 2152.69 2869.53 3564.59
15.4549 792.278 1429.55  2155.6 2873.53 3569.59
15.4756 793.341 1431.47  2158.6 2877.53 3574.59
15.4756 794.341 1433.46  2161.6 2881.55 3579.57
15.4971 795.341 1435.45 2164.59 2885.55 3584.57
15.5185 796.341 1437.45 2167.59 2889.53 3589.57
15.5395 797.417 1439.45 2170.59 2893.44 3594.57
15.5604 798.492 1441.45 2173.59 2897.34 3599.57
15.5604 799.587 1443.45 2176.59 2901.31 3604.51
15.5818 800.587 1445.44 2179.58 2905.31 3609.51
15.5818  801.68 1447.44 2182.56 2909.31 3614.44
15.6032  802.68 1449.42 2185.55 2913.31 3619.44
15.6032  803.68 1451.41 2188.55 2917.31 3624.44
15.6032  804.68 1453.41 2191.57 2921.31 3629.43
15.6245  805.68  1455.4 2194.57 2925.31 3634.43
15.6245 806.773 1457.37 2197.57 2929.31 3639.36
15.6459 807.773 1459.37 2200.57 2933.31 3644.33
15.6669 808.858 1461.37 2203.57 2937.31 3649.23
15.6876 809.927 1463.37 2206.48 2941.31 3654.23
15.7089 810.927 1465.37 2209.48 2945.31  3659.2
15.7299 812.011 1467.37 2212.48 2949.31  3664.1
15.7299 813.105 1469.37 2215.48 2953.28 3669.03
15.7299 814.198 1471.35 2218.48 2957.28 3673.96
15.7299 815.283 1473.31 2221.44 2961.28 3678.96
15.7299 816.376 1475.31 2224.44 2965.25  3683.9
15.7299 817.376  1477.3 2227.44 2969.26  3688.9
15.7299 818.376 1479.29 2230.44 2973.26  3693.9
15.7299 819.463 1481.26 2233.44 2977.21  3698.9
15.7505 820.531 1483.26 2236.35 2981.21  3703.9
15.7505 821.531 1485.25 2239.35 2985.23 3708.88
15.7505 822.615 1487.21 2242.31 2989.23 3713.88
15.7505 823.615 1489.21 2245.32 2993.23 3718.87
15.7505 824.615 1491.21 2248.33 2997.23 3723.86
15.7708 825.683 1493.21 2251.25 3001.23 3728.86
15.7918 826.683 1495.21 2254.24 3005.21 3733.86
15.7918 827.683  1497.2 2257.24 3009.22 3738.86
15.7918  828.77  1499.2  2260.2 3013.17 3743.86
15.8128  829.77  1501.2 2263.21 3017.17 3748.84
15.8128 830.862  1503.2 2266.21 3021.14 3753.77
15.8128 831.948 1505.17 2269.21 3025.09 3758.77
15.8336 832.948 1507.17  2272.2 3029.08 3763.77
15.8545 833.948 1509.17 2275.19 3033.07 3768.77
15.8753 834.948 1511.15 2278.18 3037.07 3773.77
15.8962 835.948 1513.15 2281.18 3041.05 3778.77
15.9166 837.022 1515.15 2284.18 3044.96 3783.77
15.9166 838.022 1517.15 2287.18 3048.97 3788.76
15.9375 839.022 1519.15 2290.19 3052.97 3793.73
15.9375 840.108 1521.15 2293.15 3056.92 3798.73
15.9375 841.198 1523.15 2296.13 3060.92 3803.66
15.9577 842.265 1525.15 2299.04 3064.92 3808.66
15.9577 843.351 1527.12 2302.04 3068.87 3813.66
15.9577 844.442 1529.09 2305.04 3072.87  3818.6
15.9782 845.525 1531.09 2308.04 3076.87 3823.49
 15.999 846.525 1533.09 2311.04 3080.87 3828.48
16.0195 847.607 1535.09 2314.04 3084.87 3833.37
16.0395 848.667 1537.01 2317.04 3088.87 3838.37
16.0395 849.667 1539.01 2320.05 3092.87 3843.36
16.0395 850.667    1541 2323.05 3096.88 3848.35
16.0395 851.667    1543 2326.06 3100.89 3853.34
16.0595 852.727 1544.92 2329.06 3104.89 3858.34
16.0802 853.727 1546.92 2332.06  3108.9 3863.31
16.1001 854.787 1548.84 2335.06  3112.9 3868.31
16.1205 855.869 1550.84 2338.06  3116.9 3873.21
16.1205 856.869 1552.84 2341.07  3120.9  3878.2
16.1205 857.954 1554.81 2344.07 3124.85  3883.2
16.1205 858.954 1556.81 2347.08 3128.85 3888.19
16.1205 859.954  1558.8 2350.08 3132.86 3893.18
16.1411 860.954  1560.8 2353.08 3136.86 3898.15
16.1614 862.036  1562.8 2356.08 3140.86 3903.05
 16.182 863.036 1564.79 2359.08 3144.86 3908.05
16.2025 864.036 1566.79 2362.08 3148.85 3913.05
16.2025  865.12 1568.76 2365.08  3152.8 3918.05
16.2223 866.179 1570.68 2368.08  3156.8 3923.05
16.2223 867.268 1572.65 2371.08  3160.8 3927.98
16.2421 868.328 1574.57 2374.08  3164.8 3932.98
16.2624 869.409 1576.57 2377.08  3168.8 3937.88
16.2624 870.409 1578.57 2380.08 3172.81 3942.87
16.2826 871.491 1580.57 2383.08 3176.81 3947.77
16.2826  872.58 1582.57 2386.08 3180.78 3952.71
16.2826  873.58 1584.56 2389.08 3184.79 3957.71
16.2826  874.58 1586.56 2392.09 3188.79  3962.7
16.2826  875.67 1588.54 2395.09 3192.79 3967.63
 16.303  876.67 1590.53 2398.09 3196.79 3972.62
16.3233  877.67 1592.53 2401.08 3200.78 3977.62
16.3437  878.67 1594.53 2404.08 3204.76 3982.62
16.3437 879.751 1596.49 2407.03 3208.76 3987.62
16.3638 880.831 1598.49 2410.03 3212.76 3992.52
16.3838 881.912 1600.49 2413.03 3216.76 3997.41
16.3838 882.993 1602.45 2415.99 3220.76 4002.41
16.4039 884.074 1604.45 2418.99 3224.76 4007.31
16.4237 885.139 1606.45 2421.91 3228.76 4012.31
16.4437  886.22 1608.45 2424.91 3232.76 4017.21
16.4437 887.309 1610.45 2427.91 3236.74 4022.15
16.4437 888.398 1612.43 2430.91 3240.74 4027.09
 16.464 889.398 1614.42 2433.91 3244.73 4032.09
 16.464 890.398 1616.41 2436.91 3248.74 4037.07
16.4843 891.398 1618.41 2439.91 3252.74 4042.05
16.5045 892.398  1620.4  2442.9 3256.74 4047.05
16.5247 893.398 1622.39  2445.9 3260.74 4052.05
 16.545 894.398 1624.39  2448.9 3264.74 4057.03
 16.565 895.478 1626.39  2451.9 3268.74 4061.93
16.5853 896.478 1628.38  2454.9 3272.74 4066.91
16.5853 897.567 1630.38  2457.9 3276.71 4071.85
16.6056 898.567 1632.38  2460.9 3280.71 4076.83
16.6056 899.567 1634.38 2463.92 3284.71 4081.82
16.6259 900.567 1636.38 2466.92 3288.72  4086.8
16.6259 901.655 1638.38 2469.92 3292.69 4091.74
16.6458 902.735 1640.38 2472.92 3296.69 4096.64
16.6458 903.814 1642.34 2475.87 3300.69 4101.64
16.6458 904.894  1644.3 2478.83 3304.69 4106.64
16.6458 905.894 1646.29 2481.83  3308.7 4111.64
16.6458 906.894 1648.29 2484.85  3312.7 4116.63
16.6458 907.894 1650.29 2487.85 3316.71 4121.61
16.6658 908.894 1652.27 2490.84 3320.71 4126.61
16.6858 909.894 1654.27 2493.83  3324.7 4131.61
16.7059 910.894 1656.27 2496.83  3328.7 4136.59
 16.726 911.894 1658.27 2499.84  3332.7 4141.57
16.7461 912.894 1660.27 2502.84  3336.7 4146.54
16.7662 913.894 1662.26 2505.83  3340.7 4151.54
16.7662 914.894 1664.26 2508.83 3344.72 4156.53
16.7862 915.894 1666.26 2511.83 3348.71 4161.53
16.8063 916.894 1668.25 2514.83 3352.71 4166.51
16.8063 917.973 1670.22 2517.78 3356.71 4171.51
16.8063 918.973 1672.21 2520.79 3360.71 4176.51
16.8263 919.973 1674.21 2523.79 3364.71 4181.49
16.8263 921.054 1676.21 2526.76 3368.66 4186.49
16.8456 922.111 1678.13 2529.76 3372.66 4191.49
16.8456 923.192 1680.13 2532.72 3376.62 4196.49
16.8655 924.192 1682.12 2535.72 3380.62 4201.49
16.8655 925.192 1684.11 2538.72 3384.62 4206.49
16.8854 926.192  1686.1 2541.72 3388.61 4211.49
16.9054 927.192  1688.1 2544.72 3392.62 4216.47
16.9253 928.192  1690.1 2547.72 3396.62 4221.44
16.9447 929.255  1692.1 2550.64 3400.62 4226.44
16.9447 930.335 1694.06 2553.64 3404.57 4231.44
16.9645 931.335 1696.06 2556.63 3408.56 4236.44
16.9645 932.335 1698.06 2559.63 3412.58 4241.43
16.9645 933.413 1700.03 2562.59 3416.58 4246.43
16.9645 934.493 1701.99 2565.59 3420.53 4251.43
16.9843 935.493 1703.98 2568.58 3424.53 4256.43
16.9843 936.571 1705.94 2571.54 3428.53 4261.43
16.9843 937.656 1707.94 2574.54  3432.5 4266.37
16.9843 938.736 1709.91 2577.54 3436.46 4271.37
16.9843 939.816 1711.91 2580.51 3440.41 4276.37
17.0034 940.873 1713.83 2583.51 3444.41 4281.37
17.0034 941.953 1715.83 2586.47 3448.37 4286.37
17.0227 943.022 1717.83 2589.47 3452.28 4291.37
 17.042  944.09 1719.83 2592.47 3456.19 4296.37
17.0612 945.153 1721.83 2595.39 3460.19 4301.37
17.0809 946.153 1723.82 2598.38 3464.19 4306.37
17.0809  947.23 1725.78 2601.34 3468.19 4311.37
17.1006  948.23 1727.78 2604.34 3472.19 4316.35
17.1006 949.308 1729.75  2607.3 3476.19 4321.35
17.1006 950.308 1731.74 2610.31  3480.2 4326.35
17.1006 951.308 1733.74 2613.32  3484.2 4331.34
17.1006 952.392 1735.74  2616.3  3488.2 4336.28
17.1006 953.392 1737.73  2619.3  3492.2 4341.28
17.1201 954.392 1739.73 2622.29 3496.19 4346.28
17.1201 955.392 1741.72 2625.29  3500.2 4351.28
17.1201 956.392 1743.71  2628.3  3504.2 4356.28
17.1397 957.392 1745.71  2631.3  3508.2 4361.26
17.1587 958.454 1747.71 2634.22  3512.2 4366.26
17.1587 959.533 1749.68 2637.22 3516.15 4371.26
17.1778 960.601 1751.68 2640.22 3520.07 4376.26
17.1778  961.68 1753.64 2643.22 3524.02 4381.26
17.1778 962.757 1755.61 2646.18 3528.02 4386.26
17.1972 963.757 1757.61 2649.17 3532.01 4391.26
17.2168 964.757  1759.6 2652.17 3536.01 4396.25
17.2362 965.757  1761.6 2655.16    3540 4401.25
17.2556 966.757  1763.6 2658.15 3543.99 4406.25
17.2751 967.757  1765.6 2661.15 3547.99 4411.22
17.2751 968.833 1767.57 2664.11 3551.99 4416.22
17.2751 969.912 1769.53 2667.11 3555.94 4421.22
17.2751 970.996 1771.53 2670.11 3559.91 4426.17
17.2751 972.074  1773.5 2673.11 3563.87 4431.17
17.2942  973.15  1775.5 2676.11 3567.87 4436.07
17.2942  974.15  1777.5 2679.11 3571.88 4441.06
17.3136  975.15  1779.5 2682.11 3575.88 4446.04
17.3136 976.233 1781.48 2685.11 3579.88 4450.98
17.3329 977.233 1783.46 2688.11 3583.88 4455.98
17.3522 978.233 1785.45 2691.11 3587.88 4460.98
17.3522 979.233 1787.45 2694.12 3591.89 4465.96
17.3522 980.233 1789.45 2697.13 3595.89 4470.95
17.3709 981.289 1791.37 2700.13 3599.89 4475.95
17.3902 982.289 1793.36 2703.12 3603.89 4480.95
17.3902 983.364 1795.32 2706.08 3607.89 4485.95
17.3902 984.448 1797.32 2709.08 3611.86  4490.9
17.4095 985.448 1799.32 2712.08 3615.86 4495.88
17.4095 986.448 1801.31 2715.08 3619.87 4500.88
17.4095 987.448 1803.31 2718.08 3623.88 4505.87
17.4287 988.448 1805.29 2721.08 3627.88 4510.87
17.4287 989.523 1807.26 2724.04 3631.88 4515.87
17.4287 990.601 1809.23 2727.04 3635.83 4520.87
17.4479 991.601 1811.22 2730.04 3639.83 4525.86
17.4479 992.601 1813.22 2733.04 3643.85 4530.85
17.4664 993.655 1815.15 2736.04 3647.85 4535.85
17.4664 994.738 1817.12 2739.04 3651.85 4540.79
17.4664 995.738 1819.12 2742.04 3655.86 4545.78
17.4851 996.804 1821.12 2745.04 3659.77 4550.78
17.5038  997.87 1823.12 2748.04 3663.69 4555.78
17.5038 998.945 1825.08    2751 3667.69 4560.78
17.5227 1000.02 1827.08    2754 3671.69 4565.68
17.5227  1001.1 1829.08    2757 3675.66 4570.63
17.5227  1002.1 1831.08 2760.01 3679.66 4575.62
17.5417  1003.1 1833.08 2763.01 3683.66  4580.6
17.5417  1004.1 1835.07 2766.01 3687.67  4585.6
17.5607  1005.1 1837.06 2769.01 3691.67  4590.6
17.5794 1006.17 1839.06 2772.01 3695.58  4595.6
17.5794 1007.17 1841.05 2775.02 3699.58  4600.6
 17.598 1008.23 1843.05 2778.02  3703.5  4605.6
17.6166  1009.3 1845.05 2781.02 3707.41  4610.6
17.6356  1010.3 1847.05 2784.02 3711.41 4615.57
17.6546  1011.3 1849.05 2787.02 3715.42 4620.55
17.6546 1012.38 1851.02 2790.02 3719.37 4625.55
17.6736 1013.38 1853.02 2793.02 3723.37 4630.53
17.6926 1014.38 1855.02 2796.02 3727.37 4635.52
17.6926 1015.45 1856.98 2798.99 3731.37 4640.52
17.6926 1016.53 1858.98 2801.99 3735.35 4645.46
17.7116 1017.53 1860.98 2804.99 3739.35 4650.44
17.7116 1018.53 1862.98 2807.99 3743.36 4655.43
17.7305 1019.53 1864.98 2810.99 3747.36 4660.41
17.7305 1020.61 1866.95 2813.99 3751.32 4665.41
17.7494 1021.61 1868.93 2816.99 3755.31 4670.41
17.7683 1022.61 1870.93 2819.99 3759.32 4675.38
17.7873 1023.61 1872.93 2822.99 3763.32 4680.36
17.7873 1024.61 1874.93    2826 3767.32 4685.36
17.7873 1025.69 1876.93    2829 3771.29 4690.31
17.8061 1026.69 1878.93    2832  3775.3 4695.28
 17.825 1027.69 1880.92    2835  3779.3 4700.27
17.8434 1028.75 1882.92 2837.92  3783.3 4705.27
17.8434 1029.83  1884.9 2840.92  3787.3 4710.21
17.8622 1030.83  1886.9 2843.91 3791.29 4715.21
17.8622  1031.9 1888.87 2846.87 3795.29 4720.21
17.8805 1032.96 1890.79 2849.87 3799.29 4725.21
17.8992 1033.96 1892.79 2852.86 3803.28 4730.21
17.8992 1034.96 1894.79 2855.86 3807.29  4735.2
17.8992 1035.96 1896.79 2858.87 3811.29 4740.19
17.8992 1037.03 1898.75 2861.84 3815.29 4745.19
 17.918 1038.03 1900.74 2864.84 3819.28 4750.19
17.9365  1039.1 1902.74 2867.84 3823.28  4755.1
17.9365  1040.1 1904.73 2870.84 3827.29  4760.1
17.9546 1041.16 1906.66 2873.84 3831.29  4765.1
17.9546 1042.16 1908.65 2876.84 3835.29  4770.1
17.9546 1043.16 1910.65 2879.85  3839.3 4775.09
 17.973 1044.22 1912.65 2882.85 3843.21 4780.09
 17.973  1045.3 1914.65 2885.83 3847.21 4785.03
 17.973  1046.3 1916.65 2888.83 3851.23 4790.02
 17.973  1047.3 1918.65 2891.84 3855.24 4795.01
 17.973  1048.3 1920.65 2894.85 3859.24    4800
17.9911 1049.36 1922.65 2897.77 3863.24    4805
18.0094 1050.42 1924.65 2900.77 3867.15    4810
18.0094  1051.5 1926.61 2903.73 3871.15    4815
18.0094  1052.5 1928.61 2906.74 3875.15 4819.99
18.0275 1053.55 1930.61 2909.67 3879.15 4824.99
18.0458 1054.63 1932.61 2912.67 3883.15  4829.9
18.0639 1055.68 1934.61 2915.59 3887.15  4834.9
18.0639 1056.68 1936.61 2918.59 3891.16 4839.88
18.0639 1057.76 1938.58 2921.59 3895.12 4844.88
18.0822 1058.83 1940.58 2924.59 3899.12 4849.79
18.0822 1059.83 1942.58 2927.61 3903.12 4854.79
18.0822  1060.9 1944.55 2930.61 3907.07 4859.79
18.0822 1061.98 1946.53 2933.61 3911.07 4864.73
18.1002 1063.04 1948.53 2936.53 3915.07 4869.73
18.1002 1064.12 1950.53 2939.53 3919.05 4874.67
18.1182 1065.17 1952.45 2942.53 3923.05 4879.67
18.1182 1066.25 1954.42 2945.53 3927.01 4884.67
18.1182 1067.33 1956.42 2948.53 3930.98 4889.62
18.1361 1068.39 1958.42 2951.45 3934.98 4894.62
18.1545 1069.39 1960.42 2954.44 3938.97 4899.62
18.1726 1070.45 1962.42 2957.44 3942.89 4904.62
 18.191 1071.45 1964.41 2960.44 3946.88 4909.62
 18.191 1072.52 1966.38 2963.41 3950.88 4914.62
18.2094 1073.52 1968.38 2966.41 3954.88  4919.6
18.2278 1074.52 1970.36 2969.41 3958.88  4924.6
18.2462 1075.52 1972.36  2972.4 3962.87  4929.6
18.2645 1076.52 1974.35  2975.4 3966.87  4934.6
18.2829 1077.52 1976.34 2978.39 3970.87  4939.6
18.2829  1078.6 1978.34 2981.36 3974.82  4944.6
18.3013  1079.6 1980.33 2984.35 3978.82  4949.6
18.3197  1080.6 1982.33 2987.35 3982.83 4954.58