      1       2 4.33333 4.33333       5 4.33333
1.51724       3 6.57471 6.57471       9 9.33333
1.51724 4.29208 8.57471  9.4064 12.8762 14.3333
1.91359 5.29208 10.8147 12.4064 16.2399 19.3333
1.91359 6.53954 12.8147 15.3308  20.068 24.3333
2.26378 7.73629 14.8147 18.3308  24.068 28.7864
2.61859 8.73629 16.8147 21.2039 27.8402 33.7864
2.95263 9.85075 18.8147 24.2039 31.3917 38.7864
2.95263 10.8507 21.1146 27.1626 35.3917 43.5277
2.95263 11.9518 23.2572 29.9189 39.3917 48.5277
3.22453 13.0524 25.2572 32.9189 43.0192 53.5277
3.50967 14.0524 27.2572 35.8298 46.8232 58.5277
 3.7948 15.0524 29.2572 38.7406 50.6272 63.5277
 3.7948 16.1623 31.4145 41.7406 54.3601 68.5277
 3.7948 17.2722 33.5717 44.7406  58.093 73.5277
 3.7948 18.2722 35.7868 47.6926 61.9259 78.5277
 3.7948 19.3496  37.897 50.5049 65.9259 83.5277
4.01506 20.3496  39.897 53.4364 69.9259  88.376
 4.2025 21.2996 41.7596 56.4364 73.9259  93.376
4.40765 22.3394 43.7596 59.1915 77.9259  98.376
 4.6182 23.4065 45.7596 62.1915 81.6483 103.376
 4.6182 24.4065 47.9317 65.1436  85.524 108.376
4.79823  25.358 49.8002 68.1436  89.524 113.376
4.97826 26.3094 51.6688 71.1436  93.524 118.376
5.15829 27.2608 53.5373 74.1436  97.524 123.376
5.35245 28.2608 55.5524 76.9343 101.524 128.376
5.54612 29.2834 57.5524 79.7181 105.524 133.376
5.54612 30.2834 59.6858 82.6731 109.436 138.376
5.73701 31.3258 61.6858 85.6731 113.202 143.376
5.73701 32.3258 63.8164 88.6323 117.112 148.376
5.92164 33.3661 65.8164 91.6323 121.112 153.151
5.92164 34.4263 67.9078 94.6323 124.961 158.151
6.10545 35.4263 69.9078 97.5697  128.84 163.151
6.10545 36.4263 72.0327  100.57 132.756  168.11
6.28446 37.4263 74.0327  103.57 136.648 173.039
6.28446 38.4263 76.1549  106.57 140.565 177.999
6.28446 39.4263 78.1549 109.578 144.533 183.024
6.43666 40.3812 80.0478 112.578 148.533 188.024
6.60437 41.3812 82.0478 115.511 152.533 192.923
6.60437 42.4203 84.1081 118.412 156.533 197.923
6.60437 43.4203 86.2164  121.38 160.457 202.923
6.76126 44.4518 88.2164  124.38 164.268 207.923
6.76126 45.4959 90.2885  127.38 168.268 212.806
6.76126 46.4959  92.394  130.35 172.192 217.806
6.90052 47.4536  94.297  133.35 176.192 222.806
7.04961 48.4536 96.3343  136.35 180.192  227.62
7.20254 49.4536 98.3343  139.35 184.101 232.558
7.35212 50.4806 100.334  142.35 187.925 237.558
7.49157 51.4381 102.237  145.35 191.925 242.558
7.49157 52.4918 104.237 148.328 195.925 247.527
7.49157 53.5337 106.306 151.328 199.814 252.527
 7.6382 54.5337 108.306 154.328 203.725 257.469
 7.6382 55.5337 110.398 157.328  207.66 262.442
7.77022 56.4936 112.307 160.328  211.66 267.442
7.91076 57.4936 114.338 163.328 215.488 272.442
 8.0534 58.4936 116.338 166.273 219.488 277.355
8.19695 59.4936 118.338 169.273   223.4 282.299
8.19695  60.522 120.383 172.199   227.4 287.299
8.32699 61.4821 122.293 175.199   231.4 292.299
8.46747 62.4821 124.293 178.154 235.304 297.299
8.46747 63.4821 126.366 181.125 239.304 302.256
8.60308 64.4821 128.389 184.125 243.304 307.097
8.73687 65.4849 130.389 186.988 247.304 312.097
8.87527 66.4849 132.389 189.988 251.222 317.041
8.87527 67.4849  134.46  192.96 255.222 321.999
9.00878 68.4849 136.482  195.96 259.222 326.843
 9.1407 69.4849 138.481 198.829 263.222 331.843
 9.1407 70.4849 140.551   201.8 267.222 336.802
9.27452 71.4849 142.551 204.755 271.134 341.802
9.40445 72.4864 144.551 207.623 275.134 346.802
9.53438 73.4879 146.551 210.492 279.134 351.802
9.66602 74.5025 148.551 213.492 282.987 356.802
9.79935 75.5025 150.551 216.437 286.987 361.724
9.79935 76.5025 152.617 219.407 290.987 366.687
9.79935 77.5416 154.617 222.387 294.987 371.668
9.92751 78.5557 156.617 225.387 298.845 376.668
9.92751 79.5983 158.617 228.378 302.811 381.668
10.0539 80.5983 160.636 231.378 306.666 386.668
10.0539  81.628 162.688 234.378 310.584 391.668
10.1807  82.628 164.688 237.334 314.501 396.668
10.3054  83.628 166.705 240.334 318.501 401.526
10.3054  84.628 168.705 243.337 322.481 406.544
10.4226  85.591 170.625 246.337 326.481 411.544
10.4226 86.6192 172.674 249.337 330.403 416.544
10.4226 87.6192  174.74  252.32 334.355 421.544
10.5418 88.6192 176.737 255.204 338.355 426.544
10.6621 89.6192 178.754 258.204 342.217 431.544
10.7842 90.6192 180.754 261.161 346.137 436.544
10.8989 91.5827 182.676 264.161 350.137 441.544
10.8989 92.5827 184.739 267.144 354.091 446.544
11.0198 93.5827 186.739 270.144 358.018 451.496
11.1404 94.5827 188.739 273.103 361.939 456.496
11.2594 95.5827 190.755 276.103 365.804 461.496
11.3803 96.5827 192.755 279.103  369.73 466.449
11.3803 97.5827 194.809 282.078  373.73  471.42
 11.498 98.5827 196.825 285.078 377.597  476.42
11.6156 99.5912 198.825 288.078 381.597 481.294
11.6156 100.591 200.885 291.078 385.551  486.28
11.6156 101.616 202.931 294.078 389.479  491.28
11.6156 102.651 204.931 297.074 393.447  496.28
11.6156 103.683 206.931 300.058 397.447 501.265
11.6156 104.704  208.97 303.058 401.447 506.205
11.6156 105.729 211.016 306.058 405.377 511.205
11.7283 106.729 213.016 309.058 409.308 516.161
11.8392 107.729 215.032 312.058 413.181 521.161
11.9501 108.738 217.032 315.058 417.181 526.042
11.9501 109.738 219.032 318.062 421.159 531.058
12.0616 110.738 221.032 321.062 425.091 536.016
12.0616 111.738 223.088 324.062 429.046 541.003
12.1722 112.738 225.088 327.062 432.978 545.961
12.1722 113.771 227.088  330.06 436.947 550.961
12.1722 114.795 229.132  333.06 440.879 555.961
12.1722 115.819 231.176  336.06 444.812 560.961
12.1722 116.843  233.22  339.06 448.744 565.961
 12.273 117.811 235.151  342.06 452.744 570.961
 12.273 118.811 237.151 345.066 456.722 575.978
 12.273 119.811 239.205 348.055 460.678 580.978
12.3778 120.811 241.205 351.055 464.612 585.939
 12.481 121.811 243.217 354.055 468.612 590.824
12.5842 122.811 245.228 357.055 472.612  595.71
12.6874 123.811 247.239 360.055 476.612 600.596
12.7907 124.819 249.239 363.055 480.612 605.485
12.7907 125.849 251.239 366.055 484.581 610.485
12.8931 126.849  253.25 369.055 488.581 615.371
12.9955 127.849 255.261 372.055 492.581 620.258
13.0979 128.857 257.261 375.055 496.581 625.148
13.0979 129.857 259.313 378.055 500.542 630.134
13.1996 130.865 261.313 381.055 504.542 635.025
13.3022 131.865 263.313 384.017 508.542 639.961
13.3022 132.865 265.313 387.024 512.524 644.972
 13.403 133.865 267.325 390.024 516.411 649.972
 13.403 134.865 269.325 393.031 520.393 654.983
 13.403 135.865 271.325 396.038 524.375 659.994
 13.403 136.884 273.359 399.038 528.375 664.942
13.5026 137.884 275.359 402.001 532.375 669.879
13.5026 138.912 277.359     405 536.347 674.879
13.5026 139.941 279.359     408 540.319 679.878
13.5997 140.941  281.37     411 544.319  684.77
13.6969 141.949  283.37     414 548.319 689.666
13.7952 142.949  285.37 416.969 552.252 694.666
13.7952 143.977  287.37 419.969 556.224 699.666
13.7952 144.977 289.418 422.969 560.189 704.653
13.8902 145.977 291.411 425.881 564.189 709.653
13.8902 146.992 293.436 428.841 568.189 714.653
13.9863 147.992 295.436  431.81 572.123 719.653
14.0825 148.992 297.436  434.78 576.057 724.653
14.1785 149.992 299.436 437.744 580.057 729.593
14.2737 150.998 301.436 440.744 584.057 734.491
14.3689 152.005 303.436 443.744 588.057 739.389
14.3689  153.02 305.461 446.705 592.057 744.389
14.3689  154.02 307.502  449.69 596.057 749.363
14.4595 154.991  309.44  452.69 600.057 754.363
14.4595  156.01 311.475  455.69 604.003 759.363
14.4595 157.036 313.475 458.688 607.978 764.363
14.4595 158.063 315.475 461.687 611.953 769.363
14.4595  159.09 317.475 464.687 615.928  774.36
14.4595 160.104 319.499 467.649 619.928  779.36
14.4595 161.118 321.523 470.611 623.928  784.36
14.5499 162.118 323.532 473.611 627.828  789.36
14.5499 163.135 325.562 476.611 631.828 794.313
14.5499 164.135 327.602 479.597 635.828 799.289
14.5499 165.161 329.602 482.595 639.803 804.289
14.6386 166.169 331.602 485.595 643.707 809.289
14.7281 167.169 333.602 488.562 647.707 814.233
14.7281 168.169 335.644 491.553 651.673 819.233
14.7281 169.193 337.644 494.545 655.673 824.218
14.7281 170.193 339.687 497.536 659.639 829.218
14.7281 171.218 341.687 500.535 663.614 834.218
14.8154 172.218 343.687 503.502 667.614 839.163
14.8154 173.218  345.73 506.502 671.583 844.152
14.9008 174.218 347.723 509.423 675.583 849.152
14.9008 175.241 349.723 512.414 679.583 854.138
14.9008 176.241 351.766 515.414 683.552 859.126
14.9853 177.241  353.76 518.336 687.552 864.126
15.0711 178.241  355.76 521.303 691.552 869.073
15.0711 179.255 357.783 524.267 695.552 874.073
15.1529 180.229 359.727 527.267 699.552 879.073
15.2384 181.229 361.727 530.239 703.495 884.073
15.3223 182.229  363.72 533.161 707.495 889.073
15.3223 183.253  365.72 536.159 711.473 894.073
15.3223 184.253 367.761 539.159 715.443 899.062
15.3223 185.275 369.761 542.149 719.443 904.049
15.3223 186.297 371.761  545.14 723.443 909.036
15.4045 187.297 373.755 548.064 727.443 914.036
15.4045 188.297 375.795 551.064 731.413 919.026
15.4045 189.315 377.826 554.064 735.366 924.026
15.4864 190.315 379.834 557.064 739.275 929.026
15.4864  191.33 381.861 560.064 743.275 933.983
15.5679 192.337 383.861 563.064 747.275 938.895
15.6487 193.337 385.855 565.989 751.275 943.895
15.6487 194.337 387.894  568.98 755.245 948.895
15.7305 195.337 389.894 571.952 759.191 953.895
15.8115 196.337 391.903 574.952 763.101 958.895
15.8115 197.354 393.933 577.952 767.054 963.895
15.8115 198.371 395.963 580.952 771.007 968.895
15.8115 199.383 397.984 583.918 775.007 973.895
15.8115 200.407 399.984 586.916 778.986 978.895
15.8115 201.428 401.984 589.907 782.986 983.884
15.8899 202.426 403.984  592.83 786.986 988.884
15.8899 203.442  406.01  595.83 790.986 993.843
15.8899 204.465  408.01 598.828 794.965 998.843
15.9688 205.465  410.01 601.801 798.912 1003.84
16.0478 206.465  412.01 604.801 802.866 1008.81
16.0478 207.486  414.01 607.792 806.866  1013.8
16.0478 208.486 416.048 610.792 810.838 1018.79
16.1253 209.493 418.048 613.792 814.753 1023.79
16.2035 210.493 420.048 616.792 818.707 1028.76
 16.281 211.499 422.048 619.792 822.623 1033.76
 16.281 212.499 424.085 622.784 826.594 1038.76
 16.281 213.522 426.085 625.784 830.572 1043.76
16.3555 214.499 428.034 628.784 834.572 1048.76
16.3555 215.499 430.034 631.787 838.558 1053.77
16.3555 216.515 432.063 634.787 842.514 1058.77
16.4322 217.515 434.063 637.762 846.462 1063.77
16.5088 218.515 436.063 640.737 850.411 1068.77
16.5849 219.522 438.063 643.737 854.328 1073.77
16.5849 220.542 440.063 646.728 858.328 1078.75
16.5849 221.542 442.099 649.728   862.3 1083.75
16.6609 222.542 444.099 652.728 866.254 1088.72
16.7362 223.542 446.105 655.728 870.254 1093.63
16.7362 224.542 448.141 658.728 874.226 1098.63
16.7362 225.561 450.141 661.719 878.226 1103.62
16.8116 226.561 452.141 664.719 882.181 1108.59
16.8116 227.578 454.169 667.719 886.137 1113.59
16.8116 228.578 456.169 670.723 890.124  1118.6
16.8855 229.583 458.169 673.723 894.124 1123.52
16.8855 230.583 460.169 676.727  898.11 1128.53
16.9591 231.588 462.169 679.727  902.11 1133.45
16.9591  232.61 464.169 682.726  906.09 1138.45
17.0332  233.61 466.169 685.726 910.046 1143.42
17.1072  234.61 468.169 688.726 914.002 1148.39
17.1806 235.616 470.169 691.726 917.922 1153.39
 17.254 236.623 472.169 694.726 921.842 1158.39
 17.254 237.623 474.169  697.73 925.829  1163.4
 17.325   238.6  476.12  700.73 929.829  1168.4
 17.325 239.612 478.138   703.7 933.829  1173.4
17.3976 240.612 480.144   706.7 937.829 1178.32
17.3976 241.612 482.144 709.705 941.815 1183.33
17.4701 242.618 484.144 712.705 945.737 1188.33
17.4701 243.639 486.144 715.704 949.717 1193.33
17.5421 244.644 488.144 718.704 953.717 1198.25
17.6149 245.644 490.144 721.704 957.673 1203.22
17.6149 246.655 492.162 724.675 961.673 1208.22
17.6848 247.633 494.114 727.675 965.673 1213.22
17.7565 248.638 496.114 730.675 969.673 1218.14
 17.829 249.638 498.114 733.675  973.63 1223.11
 17.829 250.652 500.136 736.675  977.63 1228.08
 17.829 251.672 502.136 739.674  981.61 1233.08
17.9002 252.677 504.136 742.674  985.61    1238
17.9002 253.677 506.164 745.663  989.61 1242.99
17.9002 254.692  508.19 748.663  993.57 1247.99
17.9002 255.705 510.212 751.663  997.57 1252.95
17.9705  256.71 512.212 754.663 1001.57 1257.87
17.9705 257.721 514.229 757.635 1005.57 1262.87
17.9705 258.721 516.229 760.639 1009.56 1267.88
18.0385   259.7 518.182 763.639 1013.56 1272.88
18.1088   260.7 520.182 766.613 1017.56 1277.84
18.1791   261.7 522.182  769.59 1021.51 1282.84
18.1791 262.718 524.182 772.583 1025.51 1287.83
18.1791 263.718 526.182 775.588  1029.5 1292.84
18.2484 264.718 528.187 778.588  1033.5 1297.76
18.3177 265.723 530.187 781.588 1037.42 1302.76
18.3875 266.723 532.187 784.565 1041.38 1307.76
18.3875 267.741 534.187 787.559 1045.38 1312.75
18.4565 268.741 536.191 790.559 1049.38 1317.68
18.5255 269.746 538.191 793.559 1053.38  1322.6
18.5255 270.746 540.223 796.559 1057.35  1327.6
18.5255  271.76 542.247 799.559 1061.31  1332.6
18.5944  272.76 544.247 802.533 1065.31 1337.55
18.6633  273.76 546.247 805.507 1069.31 1342.51
18.6633  274.76 548.278 808.507 1073.29  1347.5
18.7298 275.739 550.232 811.507 1077.29  1352.5
18.7977 276.739 552.225 814.446 1081.29  1357.5
18.8655 277.739 554.218 817.385 1085.29  1362.5
18.8655 278.739 556.248  820.38 1089.26  1367.5
18.8655  279.75 558.264 823.353 1093.26  1372.5
18.8655 280.762 560.285 826.353 1097.26 1377.47
18.9313 281.742  562.24 829.353 1101.26 1382.47
18.9313 282.742 564.266 832.343 1105.26 1387.45
18.9313 283.752 566.282 835.317 1109.26 1392.45
18.9313 284.762 568.298  838.29 1113.26 1397.45
18.9313 285.776 570.321  841.29 1117.23 1402.45
18.9974 286.773 572.321 844.227 1121.23 1407.45
19.0635 287.771 574.321 847.163 1125.23 1412.45
19.0635 288.771 576.321 850.167 1129.22 1417.46
19.1281 289.751 578.277 853.167 1133.22 1422.46
19.1281 290.751 580.307 856.167 1137.19 1427.45
19.1942 291.751 582.311 859.167 1141.19 1432.38
19.2607 292.751 584.311 862.145 1145.15 1437.38
19.2607 293.769 586.311 865.145 1149.13 1442.38
19.2607 294.787 588.311 868.143 1153.12 1447.38
19.3263 295.791 590.311 871.143 1157.12 1452.31
 19.392 296.796 592.311 874.143 1161.05 1457.31
 19.392 297.806 594.326 877.118 1165.05 1462.31
 19.392 298.806 596.352 880.108 1169.05  1467.3
 19.392 299.817 598.372 883.108 1173.05 1472.27
 19.392 300.817 600.372 886.111 1177.04 1477.27
 19.392 301.829 602.391 889.111 1181.04 1482.24
 19.392 302.845 604.391 892.104 1185.04 1487.23
 19.392 303.863 606.391 895.103 1189.02 1492.23
19.4565 304.863 608.391 898.082 1192.98 1497.23
19.4565 305.863 610.416 901.072 1196.98 1502.22
19.4565 306.881 612.416  904.07 1200.96 1507.22
19.5206 307.881 614.416 907.049 1204.92 1512.22
19.5206 308.881 616.445 910.043 1208.89 1517.22
19.5206 309.899 618.445 913.042 1212.88 1522.22
19.5839 310.903 620.445 916.042 1216.88 1527.15
19.5839 311.903 622.473 919.042 1220.86 1532.14
19.5839 312.916 624.495 922.042 1224.82 1537.14
19.6467 313.921 626.495 925.042 1228.82 1542.07
  19.71 314.921 628.495 928.021 1232.78 1547.07
  19.71  315.93  630.51 930.997 1236.78 1552.07
 19.773  316.93  632.51 933.973 1240.78 1557.04
 19.773 317.943 634.531 936.973 1244.74 1562.04
19.8351 318.943 636.525 939.917 1248.74 1567.04
19.8972 319.941 638.525 942.857 1252.74 1572.04
19.9592 320.939 640.525 945.797 1256.74 1577.04
19.9592 321.939 642.553 948.797 1260.72 1582.03
20.0215 322.943 644.553 951.797 1264.72 1586.96
20.0215  323.96 646.553 954.797 1268.71 1591.96
20.0215 324.977 648.553 957.796 1272.69 1596.96
20.0215 325.994 650.553 960.796 1276.67 1601.96
20.0215 327.006 652.572 963.796 1280.67 1606.93
20.0215 328.015 654.586 966.771 1284.67 1611.93
20.0825 329.015  656.58 969.716 1288.67 1616.93
20.0825 330.025 658.595 972.692 1292.67 1621.93
20.0825 331.041 660.595 975.685 1296.67 1626.92
20.1439 332.041 662.595 978.685 1300.64  1631.9
20.1439 333.041 664.622 981.679 1304.62  1636.9
20.2046 334.041 666.627 984.679 1308.55  1641.9
20.2046 335.041 668.654 987.673 1312.53  1646.9
20.2652 336.041 670.658 990.673 1316.47  1651.9
20.2652 337.056 672.658 993.667 1320.47 1656.89
20.2652 338.071 674.658  996.66 1324.47 1661.88
20.2652 339.081 676.673 999.636 1328.47 1666.88
20.2652 340.081   678.7 1002.64 1332.45 1671.87
 20.325 341.081 680.704 1005.64 1336.45 1676.81
 20.325 342.093 682.724 1008.64 1340.41 1681.81
20.3851 343.093 684.724 1011.64 1344.38 1686.78
20.4453 344.093 686.724 1014.64 1348.34 1691.76
20.4453 345.093 688.724 1017.64 1352.33 1696.76
20.5047 346.097 690.724 1020.64 1356.33  1701.7
20.5639 347.095 692.724 1023.58 1360.33  1706.7
20.6234 348.095 694.729 1026.58 1364.27  1711.7
20.6832 349.095 696.729 1029.56 1368.27 1716.66
20.6832 350.095 698.755 1032.56 1372.25 1721.66
20.7422 351.095 700.749 1035.51 1376.25 1726.66
20.7422 352.104 702.764 1038.48 1380.25 1731.66
20.7422 353.104 704.787 1041.47 1384.25 1736.64
20.7422 354.117 706.807 1044.47 1388.22 1741.64
20.7422 355.129 708.828 1047.47 1392.19 1746.64
20.8013 356.129 710.828 1050.47 1396.15 1751.62
20.8013 357.141 712.848 1053.47 1400.12 1756.62
20.8013 358.153 714.868 1056.47 1404.09 1761.62
20.8013 359.153 716.894 1059.47 1408.07 1766.62
20.8592 360.153 718.888 1062.41 1412.07 1771.62
20.8592 361.153 720.888 1065.42 1416.06 1776.63
20.9159 362.135 722.849 1068.42 1420.06 1781.63
20.9743 363.135 724.849 1071.42 1424.02  1786.6
20.9743 364.146 726.867 1074.42 1428.02 1791.57
21.0326 365.146 728.867 1077.42 1431.99 1796.55
21.0326 366.156 730.884 1080.42 1435.99 1801.52
21.0902 367.156 732.887 1083.42 1439.99 1806.46
21.1483 368.156 734.887 1086.42 1443.95 1811.44
21.2047 369.139 736.849 1089.42 1447.95 1816.44
21.2047 370.139 738.874 1092.41 1451.93 1821.44
21.2047 371.153 740.874  1095.4 1455.93 1826.43
21.2047 372.153 742.874 1098.41 1459.93 1831.43
21.2616 373.151 744.874 1101.35 1463.93 1836.43
21.2616  374.16 746.888 1104.33 1467.93 1841.43
21.3186 375.164 748.888 1107.33 1471.93 1846.37
21.3757 376.164 750.891 1110.33 1475.93 1851.31
21.3757 377.178 752.891 1113.32 1479.93 1856.31
21.4323 378.178 754.886 1116.27 1483.93 1861.31
21.4323 379.178 756.908 1119.26 1487.93 1866.29
21.4323 380.178  758.93 1122.25 1491.93 1871.28
21.4323 381.178  760.93 1125.26 1495.92 1876.29
21.4323 382.193  762.93 1128.26  1499.9 1881.28
21.4323 383.205  764.95 1131.26 1503.87 1886.28
21.4323 384.205 766.975 1134.26 1507.85 1891.28
21.4883 385.205 768.979 1137.26 1511.79 1896.28
21.5443 386.205 770.983 1140.26 1515.73 1901.28
21.5443 387.219 772.983 1143.25 1519.73 1906.27
21.5443 388.228 774.996 1146.23 1523.73 1911.27
21.5443 389.238 777.013 1149.23 1527.73 1916.24
21.5987 390.221 778.975 1152.23 1531.73 1921.24
21.6543 391.225 780.975 1155.23 1535.67 1926.24
21.7087 392.208 782.938 1158.23 1539.67 1931.24
21.7639 393.206 784.938 1161.18 1543.67 1936.24
21.8195 394.206 786.942 1164.18 1547.61 1941.24
21.8195 395.206 788.963 1167.17 1551.61 1946.23
21.8195 396.221 790.963 1170.17  1555.6 1951.23
21.8195 397.221 792.985 1173.16  1559.6 1956.22
21.8195 398.235 794.985 1176.15  1563.6 1961.21
21.8745 399.238 796.985 1179.15  1567.6 1966.15
21.9297 400.238 798.985 1182.13  1571.6 1971.12
21.9297 401.238 800.985 1185.13 1575.59 1976.12
21.9843 402.236 802.985 1188.08 1579.59 1981.12
22.0391 403.236 804.989 1191.08 1583.53 1986.12
22.0942 404.236 806.989 1194.06 1587.53 1991.09
22.1491 405.236 808.992 1197.06 1591.53 1996.03
22.2036 406.234 810.992 1200.01 1595.53 2001.03
22.2036 407.244 813.008 1203.01 1599.53 2006.01
22.2583 408.247 815.008 1206.01 1603.53 2010.95
22.2583 409.257 817.024 1209.01 1607.53 2015.92
22.2583 410.268 819.042 1212.01  1611.5 2020.92
22.2583 411.283 821.042    1215 1615.49 2025.92
22.2583 412.291 823.055 1217.98 1619.49 2030.92
22.2583 413.306 825.055 1220.98 1623.48 2035.92
22.2583 414.319 827.055 1223.98 1627.48 2040.92
22.2583 415.319 829.076 1226.97 1631.48  2045.9
22.3121 416.323 831.076 1229.97 1635.48 2050.85
22.3121 417.331 833.089 1232.95 1639.48 2055.85
 22.366 418.331 835.089 1235.93 1643.44 2060.85
  22.42 419.331 837.089 1238.93 1647.41 2065.82
  22.42 420.341 839.104 1241.93 1651.41  2070.8
  22.42 421.356 841.104 1244.93  1655.4  2075.8
  22.42 422.366 843.122 1247.93 1659.37  2080.8
  22.42 423.376 845.138 1250.93 1663.37 2085.77
22.4732  424.38 847.138 1253.93 1667.37 2090.72
22.5253 425.364 849.102 1256.93 1671.37 2095.72
22.5253 426.377 851.102 1259.92 1675.37 2100.71
22.5253 427.377 853.102 1262.92 1679.36 2105.71
22.5771 428.361 855.066 1265.92 1683.36 2110.71
22.6303 429.361 857.066  1268.9 1687.33 2115.71
22.6835 430.361 859.066 1271.89 1691.29 2120.71
22.6835 431.372 861.084 1274.89 1695.26 2125.71
 22.736 432.372 863.078 1277.84 1699.26 2130.71
22.7892 433.372 865.078 1280.84 1703.23 2135.69
22.7892 434.381 867.093 1283.84 1707.23 2140.67
22.8408 435.365 869.058 1286.84 1711.23 2145.67
22.8931 436.363 871.058 1289.79 1715.23 2150.67
22.9456 437.363 873.052 1292.74 1719.23 2155.67
22.9456 438.373 875.067 1295.74 1723.23 2160.64
22.9981 439.373  877.07 1298.74 1727.23 2165.59
23.0506 440.373 879.072 1301.74 1731.23 2170.53
23.1031 441.376 881.072 1304.74 1735.18 2175.53
23.1031 442.376 883.072 1307.74 1739.17 2180.54
23.1031 443.386  885.09 1310.74 1743.14 2185.54
23.1556 444.386  887.09 1313.72 1747.14  2190.5
23.2079 445.386 889.092 1316.72 1751.09  2195.5
23.2079 446.386 891.092 1319.72 1755.08 2200.51
23.2079 447.396 893.107 1322.72 1759.08 2205.49
23.2079 448.404 895.119  1325.7 1763.08 2210.49
23.2079 449.404 897.142  1328.7 1767.06 2215.48
23.2079 450.404 899.164  1331.7 1771.05 2220.47
23.2599 451.404 901.164 1334.69 1775.01 2225.47
23.3113 452.404 903.159 1337.64 1779.01 2230.47
23.3113 453.404 905.159 1340.64    1783 2235.48
23.3629 454.407 907.159 1343.64 1786.95 2240.48
23.4142 455.405 909.159 1346.59 1790.95 2245.48
23.4142 456.413 911.171 1349.57 1794.95 2250.48
23.4142 457.422 913.185 1352.57 1798.95 2255.46
23.4142 458.422 915.205 1355.57 1802.95 2260.44
23.4657 459.422 917.205 1358.54 1806.95 2265.41
23.5167 460.422   919.2  1361.5 1810.95 2270.41
23.5682 461.422   921.2 1364.48 1814.92 2275.41
23.5682 462.422 923.222 1367.48  1818.9 2280.41
23.5682 463.432 925.239 1370.48 1822.87 2285.41
23.5682 464.432 927.258 1373.47 1826.87  2290.4
23.6191 465.432 929.261 1376.47 1830.87 2295.34
23.6191 466.432 931.283 1379.47 1834.86 2300.34
23.6191 467.441 933.297 1382.47 1838.86 2305.32
23.6696 468.439 935.297 1385.42 1842.86 2310.32
23.7205 469.439 937.297  1388.4 1846.82 2315.32
23.7709 470.437 939.297 1391.35 1850.82 2320.32
23.8214 471.437 941.292 1394.31 1854.82 2325.32
23.8721  472.44 943.292 1397.31 1858.82 2330.27
23.9218 473.424 945.258 1400.31 1862.82 2335.27
23.9218 474.438 947.258 1403.31 1866.81 2340.26
23.9715 475.422 949.223 1406.31 1870.81 2345.26
24.0223 476.422 951.223 1409.29 1874.78 2350.26
24.0729 477.425 953.223 1412.29 1878.72 2355.26
24.0729 478.435  955.24 1415.29  1882.7 2360.26
24.1224  479.42 957.206 1418.29  1886.7 2365.26
 24.172 480.404 959.171 1421.29  1890.7 2370.26
 24.172 481.412 961.183 1424.27  1894.7 2375.26
 24.172 482.412 963.204 1427.27 1898.68 2380.26
24.2222 483.412 965.206 1430.27 1902.68 2385.21
24.2222 484.424 967.206 1433.26 1906.68  2390.2
24.2721 485.422 969.206 1436.22 1910.68  2395.2
24.2721 486.434 971.206 1439.21 1914.68 2400.19
24.3224 487.434 973.206 1442.19 1918.68 2405.16
24.3724 488.436 975.206 1445.19 1922.63 2410.16
24.4224 489.436 977.208 1448.19 1926.63 2415.11
24.4725 490.436 979.211 1451.19 1930.58 2420.11
24.5227 491.436 981.211 1454.17 1934.58 2425.08
24.5227 492.436 983.232 1457.17 1938.56 2430.08
24.5727 493.436 985.234 1460.17 1942.51 2435.08
24.5727 494.436 987.255 1463.17 1946.49 2440.08
24.5727  495.45 989.255 1466.16 1950.48 2445.08
24.5727 496.461 991.255 1469.16 1954.48 2450.07
24.6221 497.461 993.249 1472.12 1958.48 2455.07
24.6221 498.473 995.249 1475.11 1962.48 2460.06
24.6719 499.473 997.249 1478.09 1966.45 2465.06
24.6719 500.481 999.261 1481.07 1970.45 2470.06
24.6719 501.481 1001.28 1484.07 1974.43 2475.06
24.7214 502.481 1003.28 1487.05 1978.43 2480.03
24.7214 503.489 1005.29 1490.05 1982.43 2485.01
24.7707 504.489  1007.3 1493.05 1986.43 2489.96
24.8199 505.489  1009.3 1496.05 1990.38 2494.96
24.8691 506.492  1011.3 1499.05 1994.33 2499.96
24.8691 507.492 1013.32 1502.05 1998.33 2504.95
24.9183 508.492 1015.32 1505.05 2002.33 2509.89
24.9183 509.492 1017.34 1508.04 2006.32 2514.89
24.9673 510.492 1019.34 1511.04 2010.32 2519.84
24.9673 511.499 1021.35 1514.02 2014.32 2524.84
24.9673 512.508 1023.37 1517.02 2018.32 2529.82
24.9673 513.508 1025.37 1520.02 2022.31 2534.83
24.9673 514.508 1027.39 1523.02 2026.31 2539.82
25.0157 515.506 1029.39 1525.97 2030.31 2544.82
25.0646 516.506 1031.39 1528.95 2034.28 2549.82
25.0646 517.517 1033.39 1531.95 2038.28 2554.81
25.0646 518.517 1035.41 1534.95 2042.26  2559.8
25.0646 519.525 1037.42 1537.95 2046.26 2564.78
 25.113 520.528 1039.42 1540.95 2050.26 2569.73
 25.113  521.54 1041.42 1543.94 2054.26 2574.73
25.1616  522.54 1043.42 1546.94 2058.23  2579.7
25.1616 523.547 1045.43 1549.92 2062.23  2584.7
25.2089 524.532  1047.4 1552.92 2066.23  2589.7
25.2571 525.532  1049.4 1555.92 2070.23 2594.65
25.2571 526.532 1051.42 1558.92 2074.22 2599.65
25.3054 527.532 1053.42  1561.9 2078.19 2604.65
25.3054 528.541 1055.43  1564.9 2082.16 2609.65
25.3054 529.553 1057.43 1567.89 2086.16 2614.65
25.3536 530.553 1059.43 1570.88 2090.13 2619.65
25.4007 531.538  1061.4 1573.88 2094.13 2624.65
25.4488 532.538  1063.4 1576.86 2098.13 2629.62
25.4967  533.54  1065.4 1579.86 2102.13 2634.57
25.4967 534.547 1067.41 1582.84 2106.13 2639.57
25.5443 535.547 1069.41  1585.8 2110.13 2644.57
25.5443 536.556 1071.42  1588.8 2114.13 2649.55
25.5443 537.567 1073.42 1591.79 2118.13 2654.54
25.5443 538.574 1075.43 1594.78 2122.13 2659.54
25.5443 539.574 1077.43 1597.78 2126.13 2664.55
25.5443 540.574 1079.45 1600.77 2130.11 2669.55
25.5443 541.582 1081.46 1603.77 2134.11 2674.53
25.5443 542.593 1083.46 1606.77 2138.11 2679.52
25.5443 543.605 1085.46 1609.76 2142.11 2684.51
25.5916 544.605 1087.46 1612.74 2146.11 2689.48
25.6389 545.605 1089.46 1615.72 2150.11 2694.46
25.6389 546.617 1091.46 1618.72  2154.1 2699.46
25.6862 547.617 1093.46 1621.72 2158.07 2704.44
25.6862 548.625 1095.48 1624.72 2162.07 2709.41
25.7333 549.625 1097.48  1627.7 2166.07 2714.39
25.7801 550.623 1099.48 1630.66 2170.07 2719.39
 25.827 551.626 1101.48 1633.66 2174.03 2724.39
25.8742 552.626 1103.48 1636.64    2178 2729.39
25.9209 553.626 1105.47  1639.6    2182 2734.39
25.9681 554.626 1107.47 1642.58    2186 2739.36
26.0148 555.623 1109.47 1645.54    2190 2744.36
26.0617 556.626 1111.47 1648.54 2193.95 2749.36
26.1088 557.626 1113.47 1651.52 2197.95 2754.33
26.1556 558.624 1115.47 1654.47 2201.95 2759.33
26.2027 559.624 1117.47 1657.46 2205.92 2764.33
26.2027 560.632 1119.49 1660.46 2209.92 2769.31
26.2496 561.632 1121.49 1663.46 2213.92 2774.26
26.2966 562.632 1123.49 1666.44 2217.92 2779.23
26.2966 563.632 1125.51 1669.44  2221.9 2784.23
26.2966  564.64 1127.52 1672.44  2225.9 2789.21
26.3435  565.64 1129.52 1675.42  2229.9 2794.18
26.3902  566.64 1131.52 1678.42  2233.9 2799.13
26.4361 567.625 1133.49 1681.42  2237.9 2804.13
 26.482 568.611 1135.46 1684.42  2241.9 2809.13
 26.482 569.619 1137.47 1687.42  2245.9 2814.11
 26.482  570.63 1139.47 1690.41  2249.9  2819.1
 26.482 571.641 1141.47 1693.41  2253.9  2824.1
 26.482  572.65 1143.48 1696.41 2257.88  2829.1
26.5283  573.65 1145.49 1699.41 2261.83  2834.1
26.5283  574.66 1147.49  1702.4 2265.83 2839.09
26.5283  575.66  1149.5 1705.39 2269.83 2844.08
26.5283 576.672  1151.5 1708.39 2273.82 2849.08
26.5745 577.672  1153.5 1711.39 2277.77 2854.08
26.6206 578.672 1155.51 1714.39 2281.73 2859.08
26.6667 579.674 1157.51 1717.39 2285.73 2864.03
26.6667 580.674 1159.52 1720.39 2289.71 2869.03
26.7129 581.674 1161.52 1723.38 2293.68 2874.03
26.7587 582.672 1163.52 1726.33 2297.68 2879.03
26.7587  583.68 1165.54 1729.33 2301.68 2884.01
26.7587  584.68 1167.56 1732.33 2305.67 2889.01
26.7587  585.68 1169.57 1735.32 2309.67    2894
26.7587  586.68 1171.57 1738.32 2313.66    2899
26.7587  587.68 1173.59 1741.32 2317.65    2904
26.8044 588.682 1175.59 1744.32 2321.65 2908.95
26.8044 589.691 1177.61 1747.32 2325.63 2913.95
26.8044 590.699 1179.62 1750.32  2329.6 2918.95
26.8497 591.699 1181.61 1753.28  2333.6 2923.95
26.8497 592.699 1183.63 1756.28 2337.59 2928.95
26.8951 593.699 1185.63 1759.28 2341.59  2933.9
26.9403 594.697 1187.63 1762.24 2345.59  2938.9
26.9403 595.697 1189.63 1765.24 2349.59  2943.9
26.9403 596.704 1191.64 1768.22 2353.59  2948.9
26.9403 597.715 1193.64 1771.22 2357.57  2953.9
26.9403 598.724 1195.66 1774.22 2361.55  2958.9
26.9403 599.735 1197.66 1777.22 2365.54  2963.9
26.9853 600.738 1199.66 1780.22  2369.5  2968.9
26.9853 601.746 1201.67 1783.22 2373.47  2973.9
26.9853 602.758 1203.67 1786.22 2377.46  2978.9
  27.03 603.756 1205.67 1789.18 2381.46  2983.9
27.0747 604.754 1207.67 1792.13 2385.46  2988.9
27.0747  605.76 1209.68 1795.12 2389.46  2993.9
27.1188 606.747 1211.65 1798.12 2393.46  2998.9
27.1636 607.747 1213.65 1801.12 2397.42  3003.9
27.2084 608.747 1215.66 1804.12 2401.42 3008.86
27.2084 609.754 1217.67 1807.12 2405.42 3013.84
27.2084 610.761 1219.68  1810.1 2409.42 3018.84
27.2528 611.759 1221.68 1813.06 2413.42 3023.84
27.2967 612.745 1223.65 1816.06 2417.42 3028.84
27.3412 613.743 1225.65 1819.02 2421.42 3033.84
27.3412 614.743 1227.67 1822.02  2425.4 3038.83
27.3856 615.743 1229.66 1824.98  2429.4 3043.83
27.4302 616.743 1231.66 1827.98 2433.36 3048.83
27.4302 617.743 1233.66 1830.98 2437.35 3053.84
 27.474 618.729 1235.63 1833.98 2441.35 3058.84
27.5185 619.731 1237.63 1836.98 2445.31 3063.84
27.5632 620.731 1239.63 1839.96 2449.28 3068.84
27.6075 621.731 1241.63 1842.92 2453.28 3073.84
27.6513 622.718  1243.6 1845.92 2457.28 3078.84
 27.696 623.718  1245.6  1848.9 2461.25 3083.84
 27.696 624.718 1247.61  1851.9 2465.24 3088.83
27.7405 625.718 1249.61  1854.9 2469.24 3093.79
27.7405 626.718 1251.63  1857.9 2473.22 3098.78
 27.785 627.718 1253.63 1860.89  2477.2 3103.78
 27.785 628.725 1255.64 1863.89  2481.2 3108.76
 27.785 629.736 1257.64 1866.89 2485.19 3113.76
 27.785 630.736 1259.64 1869.89 2489.18 3118.77
27.8291 631.738 1261.64 1872.89 2493.13 3123.77
27.8291 632.749 1263.64 1875.89 2497.12 3128.76
27.8291  633.76 1265.64 1878.89 2501.11 3133.76
27.8734  634.76 1267.64 1881.89 2505.09 3138.75
27.9176  635.76 1269.64 1884.87 2509.06 3143.75
27.9617  636.76 1271.64 1887.85 2513.06 3148.72
27.9617 637.771 1273.64 1890.85 2517.05 3153.72
28.0057 638.773 1275.64 1893.85 2521.05 3158.67
28.0496 639.773 1277.65 1896.85 2525.01 3163.67
28.0935 640.775 1279.65 1899.85 2528.96 3168.67
28.1373 641.775 1281.64 1902.81 2532.96 3173.67
28.1373 642.782 1283.65 1905.81 2536.96 3178.65
28.1373 643.793 1285.65 1908.81 2540.95 3183.65
28.1813 644.793 1287.65 1911.81 2544.93 3188.63
28.2249 645.791 1289.65 1914.77 2548.93 3193.63
28.2689 646.791 1291.65 1917.75 2552.93 3198.61
28.3127 647.791 1293.65 1920.75 2556.88 3203.61
28.3127 648.798 1295.66 1923.74 2560.88 3208.61
28.3564 649.799 1297.66 1926.74 2564.84 3213.61
28.3564 650.799 1299.66 1929.74 2568.83 3218.61
28.3564 651.807 1301.67 1932.74 2572.83 3223.59
   28.4 652.808 1303.67 1935.74 2576.83 3228.55
   28.4 653.817 1305.69 1938.74 2580.81 3233.55
   28.4 654.817  1307.7 1941.74  2584.8 3238.54
   28.4 655.825 1309.72 1944.74 2588.78 3243.54
   28.4 656.834 1311.72 1947.73 2592.78 3248.54
28.4433 657.834 1313.72 1950.73 2596.78  3253.5
 28.486 658.821 1315.69 1953.73 2600.78  3258.5
 28.486 659.821 1317.71 1956.73 2604.76  3263.5
28.5291 660.821  1319.7 1959.69 2608.76  3268.5
28.5291 661.828 1321.71 1962.67 2612.76  3273.5
28.5725 662.828 1323.71 1965.66 2616.76 3278.47
28.6157 663.828 1325.71 1968.66 2620.76 3283.43
28.6587 664.828 1327.71 1971.62 2624.76 3288.43
28.6587 665.837 1329.71 1974.61 2628.76 3293.42
28.6587 666.845 1331.72 1977.61 2632.74 3298.42
28.6587 667.845 1333.72 1980.61 2636.74 3303.43
28.6587 668.845 1335.72 1983.62 2640.73 3308.43
28.6587 669.845 1337.74 1986.61 2644.72 3313.43
28.7018 670.845 1339.74 1989.59 2648.69 3318.43
28.7445 671.845 1341.73 1992.56 2652.69 3323.43
28.7445 672.852 1343.74 1995.56 2656.69 3328.41
28.7875 673.852 1345.74 1998.54 2660.69 3333.39
28.8301  674.85 1347.74  2001.5 2664.69 3338.39
28.8729  675.85 1349.74  2004.5 2668.69 3343.34
28.8729  676.85 1351.76  2007.5 2672.68 3348.34
28.8729  677.85 1353.76  2010.5 2676.67 3353.34
28.8729 678.856 1355.77 2013.48 2680.67 3358.34
28.8729 679.867 1357.77 2016.48 2684.66 3363.34
28.8729 680.867 1359.77 2019.48 2688.66 3368.35
28.8729 681.877 1361.77 2022.48 2692.65 3373.35
28.9155 682.877 1363.77 2025.47 2696.65 3378.32
28.9155 683.885 1365.78 2028.47 2700.63 3383.32
28.9578 684.887 1367.78 2031.47 2704.63 3388.28
29.0002 685.889 1369.78 2034.47 2708.63 3393.23
29.0425 686.891 1371.78 2037.47 2712.63 3398.19
29.0849 687.891 1373.78 2040.47 2716.63 3403.15
29.0849 688.891  1375.8 2043.47 2720.62 3408.14
29.0849 689.897 1377.81 2046.45 2724.62 3413.14
29.0849 690.897 1379.81 2049.45 2728.61 3418.15
29.0849 691.907 1381.81 2052.45  2732.6 3423.14
 29.127 692.909 1383.81 2055.45 2736.56 3428.14
 29.127 693.919 1385.81 2058.45 2740.55 3433.14
 29.127 694.919 1387.83 2061.45 2744.54 3438.14
 29.169 695.921 1389.83 2064.45 2748.49 3443.14
29.2112 696.921 1391.83 2067.45 2752.47 3448.12
29.2532 697.921 1393.83 2070.45 2756.43 3453.12
29.2952 698.921 1395.83 2073.45 2760.38 3458.12
29.3372 699.923 1397.83 2076.45 2764.34 3463.12
29.3372 700.923 1399.83 2079.45 2768.34 3468.13
29.3791 701.923 1401.83 2082.45 2772.34 3473.09
29.3791 702.923 1403.84 2085.44 2776.34 3478.08
 29.421 703.924 1405.84 2088.44 2780.34 3483.03
29.4629 704.924 1407.84 2091.44 2784.29 3488.03
29.5047 705.926 1409.84 2094.44 2788.29 3492.99
29.5047 706.934 1411.86 2097.44 2792.27 3497.99
29.5047 707.944 1413.86 2100.44 2796.26 3502.99
29.5047  708.95 1415.87 2103.42 2800.26 3507.99
29.5464  709.95 1417.87 2106.42 2804.22 3512.99
29.5883  710.95 1419.87 2109.41 2808.22 3517.97
29.6298 711.948 1421.87 2112.37 2812.22 3522.97
29.6298 712.954 1423.88 2115.35 2816.22 3527.97
29.6298 713.964 1425.88 2118.35 2820.21 3532.97
29.6712 714.964 1427.87 2121.32 2824.21 3537.97
29.6712 715.964 1429.89 2124.31 2828.21 3542.96
29.7128 716.966 1431.89 2127.31 2832.21 3547.91
29.7128 717.966  1433.9 2130.31  2836.2 3552.91
29.7536 718.953 1435.87 2133.31  2840.2 3557.91
29.7536 719.959 1437.88 2136.29  2844.2 3562.91
29.7536 720.959  1439.9 2139.28  2848.2 3567.91
29.7536 721.959 1441.91 2142.28 2852.19  3572.9
29.7948 722.959 1443.91 2145.25 2856.19  3577.9
29.7948  723.97 1445.91 2148.25 2860.18  3582.9
29.7948 724.976 1447.92 2151.23 2864.18  3587.9
29.8361 725.976 1449.92 2154.23 2868.16 3592.88
29.8767 726.963 1451.89 2157.23 2872.16 3597.88
29.8767 727.973 1453.89 2160.23 2876.15 3602.88
29.8767 728.973  1455.9 2163.22 2880.15 3607.88
29.9178 729.975  1457.9 2166.22  2884.1 3612.88
29.9178 730.975  1459.9 2169.22  2888.1 3617.88
29.9178 731.981 1461.91 2172.21  2892.1 3622.88
29.9178 732.987 1463.92 2175.21  2896.1 3627.86
29.9178 733.997 1465.92  2178.2  2900.1 3632.86
29.9586 734.997 1467.92  2181.2  2904.1 3637.82
29.9586 736.003 1469.93 2184.19  2908.1 3642.82
29.9992     737 1471.93 2187.15  2912.1 3647.82
29.9992     738 1473.95 2190.15 2916.09 3652.81
29.9992 739.007 1475.96 2193.15 2920.09 3657.79
30.0399 740.007 1477.96 2196.15 2924.09 3662.75
30.0399 741.015 1479.97 2199.15 2928.07 3667.75
30.0805 742.016 1481.97 2202.15 2932.03 3672.75
 30.121 743.014 1483.97 2205.11 2936.03 3677.75
30.1614 744.014 1485.97 2208.08 2940.03 3682.75
30.2021 745.014 1487.97 2211.08 2943.98 3687.75
30.2429 746.014 1489.97 2214.08 2947.96 3692.74
30.2429 747.014 1491.98 2217.08 2951.95 3697.73
30.2834 748.014 1493.98 2220.08 2955.91 3702.73
30.2834 749.014 1495.98 2223.08  2959.9 3707.74
30.2834 750.014 1497.98 2226.08  2963.9 3712.74
30.3239 751.014 1499.99 2229.08  2967.9  3717.7
30.3239 752.021    1502 2232.08  2971.9 3722.68
30.3644 753.021    1504 2235.06 2975.87 3727.68
30.4047 754.019    1506 2238.03 2979.87 3732.68
30.4047 755.019    1508 2241.03 2983.87 3737.69
30.4047 756.025 1510.01 2244.03 2987.87 3742.67
30.4047 757.025 1512.02 2247.02 2991.87 3747.66
30.4047 758.025 1514.04 2250.02 2995.86 3752.66
30.4448 759.025 1516.04 2253.02 2999.86 3757.62
30.4845 760.013 1518.01 2256.02 3003.86 3762.62
30.4845  761.02 1520.02 2259.02 3007.84 3767.62
30.4845 762.029 1522.02 2262.01 3011.84 3772.61
 30.524 763.017 1523.99 2265.01 3015.84 3777.61
 30.524 764.027 1525.99 2268.01 3019.83 3782.61
 30.524 765.036 1527.99 2271.01 3023.83 3787.61
30.5641 766.036 1529.99 2273.99 3027.83 3792.58
30.5641 767.036 1531.99 2276.99 3031.82 3797.59
 30.604 768.036 1533.99 2279.99 3035.82 3802.55
 30.604 769.042 1536.01 2282.99 3039.82 3807.53
 30.604 770.052 1538.01 2285.99 3043.82 3812.53
 30.604 771.062 1540.01 2288.99 3047.81 3817.53
30.6436 772.059 1542.01 2291.96 3051.81 3822.53
30.6436 773.059 1544.02 2294.95 3055.81 3827.52
30.6831 774.057 1546.02 2297.91 3059.81 3832.52
30.6831 775.057 1548.03 2300.91  3063.8 3837.52
30.6831 776.057 1550.03 2303.91 3067.79 3842.52
30.6831 777.057 1552.05 2306.91 3071.78 3847.52
30.6831 778.063 1554.06 2309.89 3075.78 3852.52
30.6831 779.063 1556.07 2312.89 3079.77 3857.52
30.7228 780.063 1558.07 2315.89 3083.75  3862.5
30.7622 781.063 1560.07 2318.89 3087.71  3867.5
30.7622 782.063 1562.09 2321.88 3091.71  3872.5
30.7622 783.063 1564.09 2324.88  3095.7  3877.5
30.7622 784.072 1566.09 2327.88  3099.7  3882.5
30.7622 785.072  1568.1 2330.87  3103.7 3887.49
30.7622 786.072 1570.12 2333.87 3107.69 3892.48
30.7622 787.081 1572.12 2336.87 3111.69 3897.48
30.7622 788.081 1574.13 2339.87 3115.68 3902.48
30.7622 789.091 1576.13 2342.87 3119.67 3907.48
30.8011 790.089 1578.13 2345.83 3123.67 3912.48
30.8011 791.089 1580.13 2348.83 3127.67 3917.48
30.8403 792.089 1582.13 2351.83 3131.64 3922.46
30.8403 793.096 1584.14 2354.83 3135.63 3927.46
30.8793 794.097 1586.14 2357.83 3139.59 3932.46
30.9181 795.095 1588.14 2360.79 3143.59 3937.46
 30.957 796.095 1590.15 2363.79 3147.59 3942.42
 30.957 797.104 1592.15 2366.79 3151.59 3947.42
30.9959 798.105 1594.15 2369.79 3155.55 3952.42
31.0348 799.105 1596.15 2372.79 3159.51 3957.42
31.0736 800.103 1598.15 2375.75 3163.51 3962.42
31.0736 801.113 1600.15 2378.75  3167.5 3967.42
31.0736 802.123 1602.15 2381.75 3171.49 3972.42
31.1124 803.124 1604.15 2384.75 3175.49 3977.38
31.1124 804.124 1606.15 2387.75 3179.49 3982.38
 31.151 805.124 1608.14 2390.71 3183.49 3987.38
 31.151 806.124 1610.16 2393.71 3187.47 3992.38
 31.151 807.124 1612.17 2396.71 3191.46 3997.38
31.1898 808.124 1614.17  2399.7 3195.44 4002.38
31.2285 809.124 1616.17  2402.7  3199.4 4007.38
31.2285 810.124 1618.17  2405.7 3203.39 4012.38
31.2285 811.134 1620.17  2408.7 3207.39 4017.38
31.2285 812.143 1622.17  2411.7 3211.38 4022.38
 31.267 813.144 1624.17  2414.7 3215.38 4027.34
 31.305 814.133 1626.15  2417.7 3219.38 4032.34
 31.305 815.139 1628.16  2420.7 3223.38 4037.33
31.3434 816.139 1630.16  2423.7 3227.38 4042.29
 31.382 817.139 1632.16 2426.68 3231.38 4047.26
  31.42 818.127 1634.13 2429.68 3235.38 4052.26
31.4585 819.127 1636.13 2432.68 3239.38 4057.23
31.4585 820.127 1638.14 2435.67 3243.38 4062.22
31.4585 821.127 1640.16 2438.67 3247.37 4067.22
31.4967 822.125 1642.16 2441.63 3251.37 4072.22
31.5352 823.125 1644.16 2444.62 3255.37  4077.2
31.5352 824.132 1646.17 2447.62 3259.35  4082.2
31.5737 825.132 1648.17 2450.62 3263.33 4087.18
31.6119  826.13 1650.17 2453.58 3267.33 4092.18
31.6119 827.138 1652.17 2456.58 3271.33 4097.17
31.6496 828.127 1654.14 2459.58 3275.33 4102.17
31.6496 829.127 1656.16 2462.57 3279.33 4107.17
31.6496 830.127 1658.17 2465.56 3283.33 4112.16
31.6496 831.127 1660.19 2468.56 3287.32 4117.16
31.6878 832.128 1662.19 2471.56 3291.28 4122.16
31.6878 833.128  1664.2 2474.55 3295.28 4127.15
31.7259 834.129  1666.2 2477.55 3299.24 4132.15
31.7639 835.129  1668.2 2480.55 3303.24 4137.12
31.8022 836.129  1670.2 2483.54 3307.21 4142.12
31.8402 837.129 1672.19 2486.51 3311.21 4147.12
31.8402 838.129 1674.21  2489.5 3315.21 4152.11
31.8402 839.135 1676.22 2492.49 3319.21 4157.11
31.8782 840.135 1678.22 2495.49 3323.21 4162.07
31.8782 841.135 1680.22 2498.49 3327.21 4167.07
31.8782 842.135 1682.23 2501.49  3331.2 4172.07
31.9161 843.135 1684.23 2504.49  3335.2 4177.03
31.9161 844.143 1686.23 2507.48  3339.2 4182.03
31.9161 845.152 1688.23 2510.48 3343.19 4187.03
31.9539 846.154 1690.23 2513.48 3347.15 4192.03
31.9539 847.162 1692.23 2516.48 3351.15 4197.02
31.9539 848.162 1694.23 2519.48 3355.15 4202.03
31.9539 849.171 1696.23 2522.48 3359.14 4207.03
31.9539  850.18 1698.23 2525.48 3363.13 4212.03
31.9539  851.18 1700.25 2528.47 3367.12 4217.03
31.9539 852.186 1702.25 2531.46 3371.12 4222.03
31.9916 853.186 1704.25 2534.45  3375.1 4227.03
32.0286 854.174 1706.23 2537.45  3379.1 4232.03
32.0286 855.183 1708.23 2540.45 3383.09 4237.03
32.0661 856.185 1710.23 2543.45 3387.05 4242.03
32.0661 857.194 1712.23 2546.44 3391.04 4247.03
32.1038 858.194 1714.23 2549.43 3395.02 4252.03
32.1412 859.195 1716.23 2552.43 3399.02 4256.99
32.1788 860.195 1718.23 2555.41 3403.02 4261.96
32.1788 861.201 1720.24 2558.41 3407.02 4266.95
32.2162 862.202 1722.24 2561.41 3411.02 4271.91
32.2538 863.202 1724.24  2564.4    3415 4276.91
32.2913 864.202 1726.24  2567.4 3418.97 4281.89
32.2913 865.208 1728.25  2570.4 3422.97 4286.88
32.2913 866.208 1730.26  2573.4 3426.96 4291.87
32.2913 867.214 1732.27  2576.4 3430.96 4296.86
32.3286 868.214 1734.27  2579.4 3434.93 4301.86
32.3659 869.214 1736.27  2582.4 3438.89 4306.86
32.3659 870.214 1738.29  2585.4 3442.88 4311.86
32.3659  871.22  1740.3 2588.38 3446.88 4316.86
32.3659  872.22 1742.31 2591.38 3450.88 4321.85
 32.403 873.218 1744.31 2594.34 3454.88 4326.85
 32.403 874.218 1746.31 2597.34 3458.87 4331.86
32.4402 875.218 1748.31 2600.34 3462.85 4336.84
32.4772 876.216 1750.31 2603.31 3466.85 4341.84
32.4772 877.225 1752.31 2606.31 3470.85 4346.84
32.5143 878.225 1754.31 2609.31 3474.81 4351.84
32.5514 879.225 1756.31 2612.31 3478.77 4356.84
32.5514 880.231 1758.32 2615.31 3482.77 4361.82
32.5514 881.237 1760.33 2618.31 3486.77 4366.81
32.5514 882.246 1762.33  2621.3 3490.76 4371.81
32.5514 883.251 1764.34 2624.29 3494.76 4376.81
32.5883 884.252 1766.34 2627.29 3498.76 4381.77
32.5883 885.261 1768.34 2630.29 3502.76 4386.77
32.5883 886.266 1770.34 2633.27 3506.76 4391.77
32.6251 887.266 1772.34 2636.27 3510.73 4396.77
32.6251 888.266 1774.36 2639.27 3514.72 4401.77
32.6614 889.254 1776.33 2642.27 3518.72 4406.77
32.6614 890.263 1778.33 2645.26 3522.72 4411.76
32.6982 891.264 1780.33 2648.26 3526.72 4416.72
32.6982  892.27 1782.34 2651.26  3530.7 4421.72
32.7349  893.27 1784.34 2654.26 3534.66 4426.72
32.7716 894.272 1786.34 2657.26 3538.62 4431.72
32.7716 895.272 1788.36 2660.26 3542.61 4436.72
32.7716 896.281 1790.36 2663.26 3546.61 4441.72
32.8082 897.281 1792.36 2666.26 3550.61 4446.68
32.8449 898.281 1794.36 2669.26 3554.58 4451.67
32.8816 899.281 1796.36 2672.26 3558.58 4456.63
32.9183 900.281 1798.36 2675.26 3562.56 4461.61
32.9183 901.287 1800.37 2678.26 3566.55 4466.61
32.9183 902.287 1802.37 2681.26 3570.54 4471.62
32.9183 903.295 1804.37 2684.26 3574.54 4476.61
32.9183 904.304 1806.37 2687.25 3578.54 4481.61
32.9183 905.304 1808.37 2690.25 3582.54 4486.61
32.9549 906.304 1810.37 2693.24 3586.54 4491.59
32.9913 907.304 1812.37 2696.24  3590.5 4496.59
32.9913 908.304 1814.38 2699.24 3594.49 4501.59
33.0276 909.305 1816.38 2702.24 3598.49 4506.56
 33.064 910.305 1818.39 2705.24 3602.45 4511.56
33.0999 911.294 1820.36 2708.24 3606.45 4516.56
33.1363 912.294 1822.36 2711.24 3610.45 4521.52
33.1727 913.294 1824.36 2714.24 3614.45 4526.48
 33.209 914.294 1826.36 2717.24 3618.45 4531.45
 33.209   915.3 1828.37 2720.24 3622.44 4536.45
 33.209 916.305 1830.38 2723.22 3626.44 4541.45
 33.209 917.305 1832.39 2726.22 3630.43 4546.45
33.2452 918.303 1834.39 2729.19 3634.43 4551.45
33.2814 919.304 1836.39 2732.19 3638.39 4556.45
33.3172 920.293 1838.37 2735.19 3642.39 4561.45
33.3172 921.302 1840.37 2738.19 3646.38 4566.44
33.3172 922.302 1842.38 2741.18 3650.37 4571.44
33.3533 923.302 1844.38 2744.15 3654.37 4576.44
33.3896 924.302 1846.38 2747.14 3658.37 4581.42
33.4258 925.302 1848.38 2750.14 3662.37 4586.39
33.4619 926.302 1850.38 2753.14 3666.37 4591.35
33.4619 927.302 1852.39 2756.13 3670.37 4596.34
33.4619 928.302  1854.4 2759.13 3674.36 4601.34
33.4619  929.31  1856.4 2762.13 3678.35 4606.34
33.4619 930.317 1858.42 2765.13 3682.34 4611.34
 33.498 931.317 1860.42 2768.13  3686.3 4616.34
 33.498 932.317 1862.42 2771.13  3690.3 4621.35
 33.498 933.325 1864.42 2774.13 3694.29 4626.35
33.5339 934.325 1866.42 2777.13 3698.29 4631.31
  33.57 935.325 1868.42 2780.11 3702.27 4636.31
33.6055 936.314 1870.39 2783.11 3706.27 4641.31
33.6413 937.312 1872.39 2786.08 3710.27 4646.31
33.6772 938.313 1874.39 2789.08 3714.27 4651.27
33.6772 939.313 1876.41 2792.08 3718.26 4656.27
33.7131 940.313 1878.41 2795.08 3722.26 4661.24
33.7131 941.313 1880.42 2798.07 3726.26 4666.23
 33.749 942.313 1882.42 2801.07 3730.22 4671.23
 33.785 943.313 1884.42 2804.06  3734.2 4676.23
33.8209 944.313 1886.42 2807.04  3738.2 4681.21
33.8209 945.321 1888.42 2810.04  3742.2  4686.2
33.8567 946.322 1890.42 2813.04  3746.2 4691.17
33.8926 947.324 1892.42 2816.04 3750.16 4696.17
33.9285 948.324 1894.42 2819.02 3754.14 4701.17
33.9285 949.324 1896.42 2822.02 3758.13 4706.17
33.9643 950.325 1898.42 2825.02 3762.13 4711.13
34.0001 951.325 1900.42 2828.02  3766.1 4716.13
34.0001 952.333 1902.42 2831.02 3770.09 4721.13
34.0359 953.333 1904.42 2834.01 3774.07 4726.13
34.0717 954.334 1906.42 2837.01 3778.03 4731.13
34.0717 955.334 1908.43 2840.01 3782.03 4736.13
34.1073 956.332 1910.43 2842.97 3786.03 4741.13
 34.143 957.333 1912.43 2845.97 3790.03 4746.09
34.1788 958.333 1914.43 2848.96 3794.03 4751.07
34.1788 959.333 1916.44 2851.96 3798.02 4756.07
34.1788 960.338 1918.45 2854.95 3802.02 4761.07
34.2144 961.339 1920.45 2857.95 3806.02 4766.03
34.2144 962.346 1922.46 2860.95    3810 4771.03
34.2144  963.35 1924.47 2863.93    3814 4776.03
34.2499  964.35 1926.46  2866.9    3818 4781.03
34.2855  965.35 1928.46  2869.9 3821.97 4786.03
34.2855 966.356 1930.47  2872.9 3825.97 4791.01
 34.321 967.356 1932.47  2875.9 3829.93 4796.01
34.3564 968.354 1934.47 2878.87 3833.93 4801.01
34.3564 969.354 1936.47 2881.87 3837.93 4806.02
34.3918 970.352 1938.47 2884.84 3841.93 4811.02
34.3918 971.357 1940.48 2887.82 3845.93 4816.02
34.3918 972.365 1942.48 2890.82 3849.92 4821.02
34.3918 973.365 1944.49 2893.82 3853.91 4826.02
34.4271 974.366 1946.49 2896.82 3857.91 4830.98
34.4624 975.364 1948.49 2899.79 3861.91 4835.98
34.4624 976.364 1950.51 2902.78 3865.91 4840.97
34.4624 977.372 1952.51 2905.78 3869.91 4845.97
34.4624 978.378 1954.52 2908.78  3873.9 4850.97
34.4624 979.378 1956.53 2911.77 3877.89 4855.97
34.4624 980.383 1958.54 2914.77 3881.89 4860.96
34.4624 981.383 1960.55 2917.77 3885.88 4865.95
34.4624 982.383 1962.56 2920.77 3889.88 4870.95
34.4975 983.383 1964.56 2923.77 3893.84 4875.95
34.4975 984.383 1966.58 2926.77 3897.83 4880.94
34.5326 985.385 1968.58 2929.77 3901.79 4885.94
34.5326 986.385 1970.59 2932.76 3905.79 4890.94
34.5326 987.391  1972.6 2935.76 3909.78 4895.94
34.5326 988.397 1974.61 2938.76 3913.76 4900.94
34.5326 989.402 1976.62 2941.76 3917.76 4905.92
34.5326 990.407 1978.63 2944.75 3921.76 4910.92
34.5326 991.407 1980.64 2947.75 3925.75 4915.92
34.5326 992.412 1982.65 2950.74 3929.75 4920.92
34.5675 993.412 1984.65 2953.72 3933.73 4925.92
34.6024 994.413 1986.65 2956.72 3937.69 4930.92
34.6024 995.419 1988.66 2959.72 3941.68 4935.92
34.6024 996.419 1990.67 2962.72 3945.67 4940.92
34.6024 997.419 1992.68 2965.72 3949.66 4945.92
34.6371 998.419 1994.68 2968.72 3953.62 4950.92
34.6371 999.419  1996.7 2971.72 3957.61 4955.91
34.6718 1000.42  1998.7 2974.72 3961.61 4960.88
34.7066 1001.42  2000.7 2977.71 3965.61 4965.86
34.7066 1002.42 2002.71  2980.7 3969.61 4970.85
34.7066 1003.42 2004.71  2983.7 3973.61 4975.85
34.7414 1004.42 2006.71 2986.69 3977.61 4980.83
34.7414 1005.42 2008.72 2989.67 3981.61 4985.83