      1       3       3       3       5       6
    1.7       4     5.1       6       9    10.2
2.45978       5     7.1 8.68156      13 14.7587
3.11398       6 8.98832 11.6816 16.4575 19.7587
3.63004 6.99435 10.4779 14.6816 20.4575 24.7587
3.63004 7.99435 12.5474 17.6816  24.498 29.6487
4.16551 8.99435 14.3982 20.6816 28.1117 34.6487
4.16551 10.2341 16.3828 23.6816 32.1117 39.4244
4.16551 11.2341 18.3828 26.6661 36.1586  44.393
4.16551 12.2341 20.4201 29.6214  40.166  49.393
4.16551 13.4269 22.4111 32.6214  44.166  54.209
4.16551 14.6037 24.3753 35.4805  48.166  59.209
4.45515 15.6192 26.0702 38.4805  52.166  64.209
4.78699 16.6192 28.0702 41.4805 56.0515 68.9916
  5.116 17.6192 29.9995 44.4805 60.0515 73.7334
  5.116 18.7731 31.9995 47.3936 63.9845 78.7334
5.42785 19.7731 33.9995 50.2825 67.9845 83.5326
 5.7397 20.7731 35.9995 53.1714 71.9845 88.3318
6.04207 21.7731  37.896 55.9725 75.9845 93.3318
6.34437 22.7731  39.792 58.9725 79.7861 98.3318
6.64305 23.8452  41.792 61.9725 83.7861 102.961
 6.9445 24.8452 43.6885 64.9725 87.5882 107.961
 6.9445 25.8452 45.6885 67.9653 91.6227 112.934
 7.2364 26.8452 47.6885 70.8221 95.4739 117.934
 7.2364 27.9658 49.6885 73.7785 99.4739 122.857
 7.5111 29.0274 51.6885 76.7785 103.474 127.521
7.79453 30.0274 53.6885 79.7785 107.379 132.333
8.07809 31.0274 55.6885 82.6808 111.379 137.147
8.33374 32.0094 57.4509 85.6808 115.379 142.147
8.33374 33.0094  59.451 88.6637 119.395 147.147
8.60088 34.0094 61.3567 91.6637 123.223 152.147
8.87027 35.0094 63.3567 94.5348 127.082 157.147
9.13502 36.0543 65.3567 97.5348 131.082 161.837
9.39414  37.077 67.3567 100.535   134.8 166.837
9.66284  38.077 69.3567  103.41 138.656 171.837
9.66284  39.077 71.3652  106.41 142.671 176.813
9.66284  40.077 73.3778 109.411 146.671   181.8
9.91737  41.077 75.3778 112.293 150.535   186.8
10.1697  42.077 77.2956 115.293 154.365   191.8
10.4265  43.077 79.2956 118.293 158.264 196.644
10.4265 44.1594 81.2956 121.293  162.24 201.585
10.4265 45.1594  83.301 124.286 166.242 206.585
10.6616 46.1772  85.301 127.286  169.99 211.585
10.8866 47.1519 87.1014 130.286  173.99 216.585
11.1284 48.1519 89.1014 133.179 177.854 221.585
11.1284 49.2215 91.0808 136.179 181.805 226.585
11.1284 50.2215 93.0847 139.175 185.805 231.585
11.3621 51.2215 95.0847 142.175 189.707 236.449
11.5906 52.2215 96.9969 145.035 193.707 241.449
11.8156 53.2355 98.9969 148.035 197.468 246.449
11.8156 54.3037 100.983 151.035 201.468 251.394
11.8156 55.3037 102.989 154.035 205.468 256.388
 12.024  56.279 104.806 157.035 209.468 261.388
12.2375  57.278 106.806 159.822 213.468 266.388
12.4561 58.3012 108.806 162.822 217.468 271.146
12.6753 59.3012 110.721 165.688 221.468 276.146
12.8972 60.3012 112.721 168.589 225.346 281.146
12.8972 61.3651 114.721 171.589 229.321 286.107
13.1019 62.3392 116.542 174.589 233.321 291.107
13.3067 63.3133 118.363 177.589 237.321 296.107
 13.523 64.3133 120.288 180.589  241.18 301.107
13.7415 65.3133 122.288 183.506  245.18 305.971
13.9578 66.3133 124.212 186.506 249.039 310.971
13.9578 67.3719 126.212 189.484 253.039 315.935
13.9578 68.4305 128.212 192.461 257.039 320.899
13.9578 69.4305  130.21 195.459 261.044 325.899
13.9578 70.4874 132.192 198.459 265.044  330.86
13.9578 71.4874 134.189 201.458 269.048  335.86
13.9578 72.5426 136.189 204.431 273.019  340.86
14.1566 73.5426 138.189 207.343 276.909  345.86
14.3507 74.5511 140.189 210.343 280.706  350.86
14.5387 75.5274 142.025 213.343 284.706  355.86
14.5387   76.58 144.004 216.343 288.674  360.86
14.7346   77.58 146.004 219.258 292.563  365.86
  14.92 78.5566 147.842 222.258 296.563  370.86
15.1157 79.5566 149.842 225.173 300.453  375.86
15.3114 80.5566 151.782 228.173 304.453 380.725
 15.505 81.5566 153.702 231.059 308.453 385.725
15.6941 82.5508 155.702 233.876 312.453 390.725
15.6941 83.6014 157.702 236.876 316.429 395.698
15.8871 84.6014 159.702  239.79 320.322 400.698
16.0759 85.6067 161.702  242.79 324.128 405.698
 16.267 86.6067 163.624 245.677 328.128 410.698
16.4537 87.6006 165.624 248.496 332.128 415.698
16.4537 88.6006 167.619 251.496 336.128 420.704
16.4537 89.6487 169.619 254.471 340.104 425.704
16.4537 90.6487 171.613 257.471 344.103  430.71
16.4537 91.6487 173.608 260.471 348.103 435.716
 16.638 92.6487 175.608 263.388 352.001 440.716
16.8166 93.6432 177.608 266.215 356.001 445.716
16.8166 94.6885  179.59 269.187 360.001 450.716
16.9949 95.6927  181.59 272.187 363.819 455.716
16.9949 96.7389  183.59 275.163 367.797 460.716
17.1697 97.7339  185.59 277.993 371.797 465.716
17.1697 98.7786 187.574 280.965 375.797 470.716
17.3464 99.7786 189.505 283.857 379.797 475.716
 17.521 100.783 191.505 286.857 383.618 480.716
17.6955 101.787 193.505 289.857  387.44 485.716
17.6955 102.787 195.502 292.848  391.44 490.728
17.6955  103.83 197.486 295.848 395.413 495.728
17.8667 104.834 199.486 298.848 399.237 500.728
17.8667 105.877 201.471 301.848 403.209 505.728
17.8667  106.92 203.456 304.848 407.181 510.728
18.0382  107.92 205.456 307.774 411.181  515.63
18.2097  108.92 207.456 310.701 415.181 520.533
18.3805  109.92 209.402 313.701 419.181 525.416
18.5468 110.915 211.402  316.54 423.181 530.416
18.5468 111.915 213.402  319.53  427.18 535.427
 18.715 112.915 215.337 322.427  431.18 540.427
 18.715 113.955  217.32 325.427  435.18 545.404
18.8816 114.955 219.255 328.325  439.18 550.404
19.0501 115.955 221.255 331.325 443.099 555.316
19.0501 116.955  223.25 334.325 447.095 560.324
19.2122 117.949  225.25 337.169 451.095 565.324
19.3787 118.949  227.25 340.091 455.006 570.324
19.5444 119.949 229.194 343.091 458.897 575.324
19.7064 120.944 231.194 345.935 462.897 580.324
19.7064 121.944 233.189 348.935 466.892 585.333
19.7064 122.984 235.189 351.912 470.875 590.333
19.8693 123.984 237.134 354.912 474.768 595.333
19.8693 125.024 239.134 357.889 478.751 600.333
19.8693 126.024 241.134 360.883 482.756 605.333
20.0307 127.024 243.134 363.883 486.677  610.25
20.0307 128.062 245.134 366.883 490.654 615.236
20.1836 129.039 247.004 369.883 494.654 620.236
20.3403 130.041 249.004 372.883 498.495 625.236
20.3403 131.041 251.004 375.873 502.492 630.249
20.3403 132.041 253.004 378.863 506.489 635.263
20.4908 133.018 254.877 381.863 510.489 640.263
20.4908 134.018 256.876 384.859 514.494 645.263
 20.644  135.02 258.876 387.859 518.339 650.263
 20.644 136.056 260.863 390.859 522.316 655.263
 20.644 137.093 262.863 393.839 526.299 660.263
 20.644 138.093 264.859 396.829 530.299 665.276
 20.644 139.129 266.845 399.829 534.276 670.276
20.7956 140.129 268.845 402.829 538.201   675.2
20.9432 141.123 270.845 405.688 542.201   680.2
20.9432 142.159 272.833 408.664 546.201   685.2
20.9432 143.194 274.833  411.64 550.201 690.189
21.0926 144.194 276.833  414.64 554.127 695.114
 21.242 145.194 278.833  417.64 558.053 700.039
21.3912 146.194 280.833 420.574 562.053 704.956
21.5383 147.199 282.833 423.574 566.053 709.803
21.5383 148.234 284.821 426.551 570.053 714.803
21.5383 149.268 286.821 429.528 574.053 719.792
21.6834 150.274 288.821 432.528 578.053 724.641
21.6834 151.308 290.821 435.528 582.031 729.629
21.6834 152.308 292.821 438.524 586.035 734.629
21.8266 153.314 294.821 441.524 590.035  739.48
21.9713 154.314 296.775 444.524 594.035 744.381
22.1152 155.314  298.72 447.436 598.035 749.381
22.1152 156.348  300.72 450.414 602.035 754.369
22.2559 157.342  302.72 453.279 606.035 759.369
22.2559 158.374 304.705 456.279 610.035 764.351
22.3935 159.353 306.589 459.279 614.035 769.351
22.3935 160.387 308.577 462.257 618.035 774.351
22.3935  161.42 310.577 465.257 622.015 779.338
22.5293 162.399 312.462 468.257 626.015 784.338
22.5293 163.431 314.447 471.257 630.015 789.321
22.5293 164.464 316.447 474.236 634.015 794.309
22.6679 165.464 318.393 477.151 638.015 799.309
22.6679 166.464 320.393 480.142 642.014 804.319
22.6679 167.495 322.378 483.142 646.014 809.303
22.6679 168.495 324.378 486.133 650.013 814.313
22.6679 169.528 326.378 489.112 654.013 819.302
22.8037 170.528 328.333 492.112 658.013 824.211
22.9376 171.529 330.333 495.112 661.878 829.211
22.9376 172.561 332.321 498.091 665.878 834.211
 23.072 173.561 334.268  501.01 669.878 839.211
 23.072 174.592 336.254  504.01 673.878 844.195
 23.072 175.592 338.254 507.001 677.877 849.205
 23.072 176.623 340.239 510.001 681.877 854.189
23.2044 177.623 342.192 513.001 685.791 859.189
23.3358 178.628 344.192 516.001 689.791 864.052
23.3358 179.628 346.187 519.001 693.789  869.06
23.4659  180.63 348.187 522.001 697.657  874.06
23.4659 181.661 350.187  524.98 701.657 879.049
23.4659 182.661 352.185 527.977 705.662 884.049
 23.592 183.642 354.078 530.977 709.662 889.049
23.7226 184.642 356.078 533.917 713.591 894.049
23.8513 185.644 358.078 536.917 717.461 899.049
23.8513 186.644 360.077 539.914 721.466 904.049
23.9792 187.645 362.077 542.914 725.337 909.049
24.1094 188.645 364.077 545.914 729.273 913.982
24.2348 189.626  365.97 548.914 733.273 918.982
24.2348 190.626 367.965 551.914  737.27 923.991
24.2348 191.655 369.965 554.894  741.27 928.981
24.3614 192.657 371.965 557.894 745.142 933.981
24.3614 193.686 373.953 560.894 749.124 938.981
24.3614 194.716 375.941 563.876 753.124 943.981
24.4877 195.716  377.89   566.8 757.124 948.981
24.4877 196.745  379.89 569.781 761.124 953.971
24.4877 197.745  381.89 572.773 765.122 958.982
24.4877 198.775  383.89 575.757 769.108 963.982
24.6111 199.777  385.89 578.757 772.983 968.982
24.7345 200.778  387.89 581.757 776.858 973.982
24.7345 201.778 389.886 584.751 780.858 978.993
24.7345 202.807 391.886 587.731 784.858 983.983
24.7345 203.836 393.886 590.731 788.839 988.974
 24.858 204.836 395.886 593.731 792.777 993.912
24.9812 205.836 397.886 596.676 796.709 998.912
24.9812 206.864 399.875 599.659 800.709 1003.91
25.1036 207.864 401.834 602.659 804.709 1008.83
 25.226 208.864 403.793 605.659 808.709 1013.75
25.3462 209.859 405.793 608.543 812.709 1018.75
25.4675 210.864 407.793 611.543 816.709 1023.62
25.4675 211.864 409.793 614.537 820.706 1028.63
25.4675 212.893 411.793 617.521 824.692 1033.63
25.4675  213.92 413.793 620.503 828.692 1038.62
 25.588  214.92 415.751 623.503 832.614 1043.62
 25.588 215.948 417.751 626.484 836.614 1048.61
25.7076 216.948 419.704 629.412 840.614 1053.61
 25.824 217.931 421.605 632.412 844.614 1058.61
 25.944 218.931 423.564 635.412 848.614 1063.53
26.0627 219.932 425.564 638.412 852.494 1068.53
26.1822 220.932 427.516 641.341 856.494 1073.53
26.1822 221.958 429.502 644.341 860.494 1078.52
26.3017 222.958 431.462 647.341 864.494 1083.44
 26.419 223.953 433.462 650.229 868.494 1088.44
 26.419 224.953 435.458 653.222 872.494 1093.45
26.5378 225.953 437.416 656.222 876.417 1098.45
26.6553 226.954 439.416 659.222 880.299 1103.45
26.6553  227.98 441.402 662.222 884.299 1108.44
26.7733  228.98 443.354 665.152 888.299 1113.44
26.8881 229.962 445.257 668.152 892.299 1118.44
27.0068 230.962 447.257 671.099 896.299 1123.38
27.1253 231.962 449.257 674.046 900.234 1128.38
27.2432 232.962  451.21 676.975 904.234 1133.38
27.2432 233.989 453.198 679.959 908.234 1138.38
27.3613 234.989 455.198 682.906  912.17 1143.38
27.4781 235.992 457.198 685.906  916.17 1148.26
27.4781 237.017 459.185 688.906  920.17 1153.24
27.5933 238.012 461.185 691.796  924.17 1158.24
27.7109 239.012 463.185 694.744  928.17 1163.18
27.8278 240.012 465.138 697.673  932.17 1168.18
27.8278 241.037 467.138 700.673 936.153 1173.17
27.9444 242.037 469.097 703.673 940.078 1178.17
28.0616 243.037 471.097 706.673  944.02 1183.11
28.0616 244.037 473.095 709.671 948.024 1188.11
28.0616 245.037  475.09 712.664 952.024 1193.12
28.1778 246.037  477.09 715.664 955.967 1198.06
28.1778 247.063  479.09 718.646 959.967 1203.06
28.1778 248.063 481.089 721.644 963.971 1208.06
28.2917 249.065 483.089 724.644 967.971 1212.94
28.4069 250.065 485.089 727.593 971.971 1217.88
28.4069 251.065 487.083 730.593 975.968 1222.88
28.5208 252.065 489.038 733.524 979.968 1227.88
28.5208  253.09 491.038 736.507 983.968 1232.88
28.5208  254.09 493.034   739.5 987.968 1237.89
28.5208  255.09 495.034 742.493 991.966  1242.9
28.5208 256.116 497.034 745.478 995.954  1247.9
28.5208  257.14 499.034 748.478 999.938 1252.89
28.5208  258.14 501.029 751.472 1003.94  1257.9
28.6329  259.14 503.029 754.472 1007.88 1262.84
28.6329 260.165 505.029 757.455 1011.88 1267.83
28.7444 261.165 507.029 760.404 1015.82 1272.83
28.7444 262.165 509.028 763.401 1019.83 1277.83
28.7444 263.165 511.027 766.398 1023.83 1282.83
28.7444 264.189 513.027 769.398 1027.82 1287.83
28.7444 265.214 515.016 772.398  1031.8 1292.83
28.7444 266.214 517.012 775.392  1035.8 1297.84
28.7444 267.238 519.002 778.377  1039.8 1302.84
28.7444 268.238 520.997 781.377  1043.8 1307.85
28.7444 269.263 522.987 784.377 1047.78 1312.85
28.8525 270.263 524.987 787.327 1051.73 1317.85
28.9604 271.263  526.95 790.327 1055.73 1322.77
29.0675 272.265  528.95 793.327 1059.73 1327.66
29.1753 273.265 530.912 796.327 1063.66 1332.66
29.1753  274.29 532.902 799.327 1067.64 1337.66
29.1753  275.29 534.902  802.32 1071.64 1342.67
29.2796 276.274 536.814  805.32 1075.64 1347.67
29.2796 277.298 538.804 808.306 1079.64 1352.67
29.2796 278.322 540.793 811.306 1083.63 1357.67
29.2796 279.322 542.788 814.306 1087.62 1362.68
29.3858 280.322 544.788 817.306 1091.57 1367.63
29.3858 281.346 546.778 820.292 1095.57 1372.63
29.3858 282.369 548.778 823.276 1099.57 1377.62
29.3858 283.369 550.777 826.273 1103.58 1382.62
29.3858 284.393 552.766 829.273 1107.56 1387.62
29.3858 285.393 554.765 832.271 1111.57 1392.62
29.3858 286.393  556.76 835.271 1115.56 1397.63
29.3858 287.393 558.754 838.271 1119.56 1402.64
29.3858 288.416 560.754 841.271 1123.54 1407.63
 29.488 289.419 562.754 844.271 1127.54 1412.52
 29.488 290.441 564.754 847.271 1131.53 1417.51
 29.488 291.441 566.754 850.265 1135.53 1422.52
29.5906 292.441 568.754 853.265 1139.48 1427.47
29.6903 293.426  570.67 856.265 1143.48 1432.47
29.7915 294.427  572.67 859.265 1147.38 1437.47
29.8936 295.427 574.634 862.265 1151.31 1442.47
29.9959 296.427 576.599 865.265 1155.31  1447.4
30.0984 297.427 578.599 868.265 1159.26 1452.35
30.1991 298.422 580.599 871.169 1163.26 1457.35
30.1991 299.422 582.599 874.163 1167.26 1462.36
30.2994 300.417 584.599 877.068 1171.26 1467.36
30.4015 301.417 586.599 880.022 1175.26  1472.3
30.4015 302.439 588.599 883.022 1179.24  1477.3
30.5005 303.423 590.515 886.022 1183.24  1482.3
30.6023 304.423 592.515 889.022 1187.19 1487.24
30.6023 305.423 594.515 892.016 1191.19 1492.25
30.7036 306.423 596.515  894.97 1195.14 1497.25
 30.805 307.423 598.515 897.925 1199.14  1502.2
 30.805 308.423 600.513 900.923 1203.14  1507.2
 30.805 309.423 602.509 903.918 1207.14 1512.21
30.9048 310.426 604.509 906.918 1211.14  1517.1
30.9048 311.426 606.504 909.918 1215.14 1522.11
31.0049 312.426 608.469 912.918 1219.07 1527.11
31.0049 313.448  610.46 915.905 1223.07 1532.11
31.0049  314.47  612.45 918.892 1227.07 1537.11
31.1041  315.47 614.411 921.832 1231.07 1542.11
31.1041 316.492 616.411  924.82 1235.06 1547.11
31.1041 317.492 618.406  927.82 1239.06 1552.12
31.2033 318.492 620.406  930.82 1243.01 1557.07
31.2033 319.492 622.404 933.818 1247.01 1562.07
31.2033 320.514 624.404 936.818    1251 1567.06
31.2033 321.514 626.402 939.816    1255 1572.06
31.3015 322.514 628.402 942.773    1259 1577.01
31.3015 323.536 630.393  945.76    1263 1582.01
31.3015 324.557 632.384  948.76 1266.99 1587.01
31.3015 325.557 634.379  951.76 1270.99 1592.01
31.3962 326.542 636.299  954.76 1274.99 1597.01
31.4929 327.542  638.26 957.702 1278.99 1602.01
31.4929 328.563  640.26 960.702 1282.98 1607.01
31.5874 329.549  642.18 963.702 1286.98 1612.01
31.5874 330.549 644.178   966.7 1290.98 1617.01
31.5874  331.57 646.178 969.688 1294.97 1622.01
31.6829 332.572 648.178 972.688 1298.97 1626.91
31.7789 333.572 650.143 975.688 1302.91 1631.91
 31.875 334.572 652.109 978.688 1306.85 1636.91
 31.875 335.593 654.097 981.688 1310.85  1641.9
 31.971 336.593 656.097 984.646 1314.85 1646.85
32.0662 337.595 658.097 987.646 1318.85 1651.75
32.0662 338.595 660.095 990.644 1322.85 1656.75
32.0662 339.615 662.095 993.644 1326.84 1661.74
32.0662 340.636 664.086 996.632 1330.84 1666.74
32.1609 341.636 666.047 999.576 1334.84 1671.74
32.1609 342.656 668.036 1002.58 1338.84 1676.73
32.1609 343.677 670.036 1005.56 1342.84 1681.73
32.2551 344.677 671.998 1008.51 1346.84 1686.73
32.2551 345.698 673.989 1011.49 1350.84 1691.73
32.3479 346.693 675.989 1014.41 1354.84 1696.73
32.4414 347.695 677.989 1017.41 1358.84 1701.63
32.4414 348.715 679.977 1020.41 1362.84 1706.62
32.4414 349.715 681.973  1023.4 1366.84 1711.63
 32.535 350.715 683.941  1026.4 1370.84 1716.57
32.6289 351.715 685.941  1029.4 1374.79 1721.52
32.7224 352.715 687.907  1032.4 1378.73 1726.52
32.8162 353.715 689.907 1035.36 1382.73 1731.47
32.8162 354.715 691.905 1038.36 1386.74 1736.47
32.8162 355.736 693.896 1041.35 1390.74 1741.47
32.8162 356.756 695.896 1044.35 1394.72 1746.46
32.9091 357.756 697.896  1047.3 1398.67 1751.46
32.9091 358.777 699.896 1050.29 1402.66 1756.46
 33.001 359.779 701.896 1053.29 1406.66 1761.37
 33.093 360.781 703.896 1056.29 1410.66 1766.28
 33.093 361.781 705.892 1059.29 1414.66 1771.28
 33.093 362.781  707.89 1062.28 1418.67 1776.28
33.1849 363.781 709.856 1065.28 1422.61 1781.28
33.1849 364.801 711.847 1068.28  1426.6 1786.28
33.1849 365.821 713.847 1071.27  1430.6 1791.28
33.2756 366.821 715.847 1074.27 1434.51 1796.28
33.3663  367.82 717.847 1077.27 1438.42 1801.28
33.3663  368.84 719.847 1080.27  1442.4 1806.27
33.4555 369.826 721.772 1083.27  1446.4 1811.27
 33.547 370.826 723.772 1086.27 1450.36 1816.22
 33.637 371.821 725.772 1089.19 1454.36 1821.22
33.7274 372.821 727.772 1092.19 1458.27 1826.22
33.8174 373.816 729.772  1095.1 1462.27 1831.22
33.9086 374.816 731.739  1098.1 1466.21 1836.22
33.9998 375.816 733.708  1101.1 1470.21 1841.16
33.9998 376.816 735.703  1104.1 1474.21 1846.17
34.0906 377.816 737.667 1107.04 1478.21 1851.17
34.0906 378.816 739.662 1110.04 1482.21 1856.18
34.1812 379.816 741.629 1113.04 1486.15 1861.18
34.1812 380.835 743.618 1116.04 1490.15 1866.17
34.1812 381.855 745.618 1119.03 1494.14 1871.17
34.2717 382.855 747.618 1122.03  1498.1 1876.13
34.2717 383.855 749.616 1125.03  1502.1 1881.13
34.2717 384.874 751.607 1128.03 1506.09 1886.13
34.3614 385.874 753.575 1131.03 1510.03 1891.13
34.4512 386.874 755.544 1134.03 1514.03 1896.07
34.4512 387.874 757.539 1137.03 1518.03 1901.08
 34.541 388.874 759.539 1140.03 1521.99 1906.03
 34.541 389.894 761.531 1143.01 1525.99 1911.03
34.6295 390.893 763.531 1146.01  1529.9 1916.03
34.6295 391.893 765.531 1149.01  1533.9 1921.04
34.6295 392.893 767.531    1152  1537.9 1926.04
34.7172 393.888 769.531 1154.92  1541.9 1931.04
34.8049 394.883 771.531 1157.84  1545.9 1936.04
34.8049 395.903 773.531 1160.83 1549.89 1941.04
34.8049 396.921 775.531 1163.83 1553.88 1946.04
34.8928 397.923 777.531 1166.83 1557.88 1950.95
34.9813 398.923 779.531 1169.79 1561.88  1955.9
35.0691 399.924 781.531 1172.79 1565.88 1960.81
35.0691 400.944 783.531 1175.78 1569.87 1965.81
35.1572 401.944 785.499 1178.78 1573.81 1970.81
35.1572 402.944 787.495 1181.78 1577.81 1975.82
35.1572 403.944  789.49 1184.78 1581.81 1980.82
35.2431  404.93 791.418 1187.78 1585.81 1985.82
35.2431 405.948 793.418 1190.77 1589.81 1990.82
35.2431 406.968 795.418 1193.76  1593.8 1995.82
35.3301 407.968 797.382  1196.7  1597.8 2000.82
35.4172 408.968 799.347 1199.65  1601.8 2005.82
35.4172 409.985 801.337 1202.65  1605.8 2010.81
35.4172 411.003 803.326 1205.65  1609.8  2015.8
35.5033 412.003 805.326 1208.65 1613.71  2020.8
35.5033 413.022 807.317 1211.65  1617.7  2025.8
35.5892 414.021 809.317 1214.65 1621.62  2030.8
35.5892 415.021 811.313 1217.65 1625.62 2035.81
35.6756 416.021 813.283 1220.65 1629.62 2040.75
35.6756 417.039 815.283 1223.65 1633.61 2045.75
35.6756 418.058 817.275 1226.65  1637.6 2050.75
35.6756 419.077 819.275 1229.64 1641.59 2055.75
35.7614 420.077 821.245 1232.64 1645.59 2060.69
35.7614 421.095 823.245 1235.62 1649.59 2065.69
35.7614 422.095 825.243 1238.62 1653.59 2070.69
35.7614 423.113 827.243 1241.62 1657.58 2075.68
35.8455 424.108 829.243 1244.54 1661.58 2080.68
35.8455 425.127 831.235 1247.53 1665.58 2085.68
35.8455 426.145 833.226 1250.53 1669.57 2090.68
35.8455 427.164 835.218 1253.53 1673.56 2095.68
35.9296 428.165 837.218 1256.53 1677.56 2100.59
36.0139 429.165 839.183 1259.48 1681.56 2105.59
36.0139 430.184 841.174 1262.48 1685.55 2110.59
36.0984 431.184 843.174 1265.45  1689.5 2115.59
36.1811 432.171 845.105 1268.45  1693.5 2120.59
36.1811 433.171 847.103 1271.44 1697.51 2125.59
36.2642 434.166 849.103 1274.37 1701.51 2130.59
36.2642 435.166   851.1 1277.36 1705.51 2135.59
36.3482 436.166 853.071 1280.36 1709.51 2140.54
36.3482 437.183 855.061 1283.36 1713.51 2145.53
36.4313 438.183 857.061 1286.36 1717.43 2150.53
36.4313 439.183 859.057 1289.36 1721.43 2155.54
36.5151 440.183 861.057 1292.36 1725.39  2160.5
36.5151 441.183 863.057 1295.35 1729.39  2165.5
36.5151 442.201 865.049 1298.35 1733.38  2170.5
36.5978 443.202 867.049 1301.35 1737.38 2175.42
36.6809 444.202 869.018 1304.35 1741.32 2180.42
36.7634 445.202 871.018 1307.35 1745.24 2185.42
 36.846 446.201 873.018 1310.35 1749.16 2190.42
36.9275 447.189  874.95 1313.35 1753.16 2195.42
37.0108 448.189  876.95 1316.32 1757.16 2200.37
37.0108 449.189 878.946 1319.31 1761.16 2205.38
37.0108 450.206 880.946  1322.3 1765.16 2210.38
37.0937 451.206 882.946 1325.27 1769.16 2215.33
37.1767 452.206 884.946 1328.23 1773.11 2220.33
37.2596 453.206 886.946 1331.19 1777.11 2225.28
37.3425 454.206 888.946 1334.15 1781.07 2230.28
37.4248 455.207 890.946 1337.15 1785.07  2235.2
37.4248 456.224 892.946 1340.15 1789.06 2240.19
37.4248 457.224 894.941 1343.15 1793.06  2245.2
37.5066 458.224 896.941 1346.15 1796.97  2250.2
37.5066 459.241 898.933 1349.14 1800.97  2255.2
37.5066 460.258 900.924 1352.14 1804.97 2260.19
37.5881 461.257 902.924 1355.14 1808.89 2265.19
37.5881 462.257  904.92 1358.14 1812.89  2270.2
37.6683 463.245 906.852 1361.14 1816.89  2275.2
37.6683 464.245  908.85 1364.14  1820.9  2280.2
37.6683 465.245  910.85 1367.13 1824.89 2285.21
37.6683 466.262 912.842 1370.13 1828.89 2290.21
37.6683 467.262  914.84 1373.13 1832.89 2295.21
37.7489 468.261  916.84 1376.13 1836.81 2300.21
37.8302 469.261  918.84  1379.1 1840.76 2305.21
37.8302 470.261  920.84 1382.09 1844.76 2310.22
37.8302 471.261  922.84 1385.09 1848.76 2315.22
37.8302 472.278  924.84 1388.09 1852.75 2320.22
37.9102 473.277  926.84 1391.09 1856.67 2325.22
37.9903 474.277  928.84 1394.09 1860.59 2330.22
37.9903 475.277 930.836 1397.08 1864.59 2335.22
38.0709 476.277 932.836 1400.05 1868.59 2340.18
38.0709 477.293 934.836 1403.05 1872.58 2345.17
38.1506 478.293 936.836 1406.05  1876.5 2350.17
38.1506 479.293 938.833 1409.04  1880.5 2355.18
38.1506 480.293 940.829 1412.04  1884.5 2360.19
38.2307 481.293 942.829    1415  1888.5 2365.15
38.3102 482.294 944.829    1418  1892.5 2370.06
38.3904 483.294 946.829    1421 1896.46 2375.02
38.3904  484.31 948.829 1423.99 1900.46 2380.02
38.3904 485.327 950.821 1426.98 1904.46 2385.02
38.3904 486.327 952.821 1429.98 1908.46 2390.03
38.3904 487.344 954.821 1432.98 1912.45 2395.02
38.3904  488.36 956.821 1435.97 1916.45 2400.02
 38.468 489.348 958.756 1438.97 1920.45 2405.02
38.5466 490.347 960.756 1441.97 1924.37 2410.02
38.5466 491.364 962.749 1444.96 1928.37 2415.02
38.5466  492.38 964.749 1447.95 1932.37 2420.01
38.6252  493.38 966.717  1450.9 1936.37 2425.01
38.6252  494.38 968.715  1453.9 1940.37 2430.01
38.6252 495.397 970.715 1456.89 1944.36 2435.01
38.6252 496.414 972.707 1459.89 1948.35 2440.01
38.7034 497.414 974.675 1462.84 1952.35 2445.01
38.7034 498.431 976.668 1465.83 1956.35 2450.01
38.7807 499.426 978.668 1468.76 1960.35 2455.01
38.8588 500.426  980.64 1471.76  1964.3 2460.01
38.8588 501.426 982.636 1474.76  1968.3 2465.02
38.8588 502.426 984.632 1477.76  1972.3 2470.03
38.8588 503.426  986.63 1480.76  1976.3 2475.03
38.8588 504.443  988.63 1483.74  1980.3 2480.02
38.9365 505.443  990.63 1486.71  1984.3 2484.98
38.9365 506.443 992.626 1489.71  1988.3 2489.99
39.0134 507.444 994.626 1492.71  1992.3 2494.91
39.0908 508.444 996.599 1495.71 1996.25 2499.91
39.0908 509.444 998.599  1498.7 2000.25 2504.91
39.0908  510.46  1000.6  1501.7 2004.24 2509.91
39.1677  511.46 1002.57 1504.66 2008.24 2514.91
39.1677 512.476 1004.56 1507.65 2012.24 2519.91
39.1677 513.476 1006.56 1510.64 2016.24 2524.92
39.1677 514.476 1008.56 1513.64 2020.24 2529.92
39.1677 515.476 1010.56 1516.64 2024.23 2534.93
39.2444 516.476 1012.56 1519.64  2028.2 2539.89
39.2444 517.493 1014.55 1522.63  2032.2 2544.89
39.2444 518.493 1016.55 1525.63  2036.2 2549.89
39.3207 519.493 1018.55 1528.63 2040.16 2554.85
39.3965 520.494 1020.55 1531.63 2044.16 2559.77
39.4713 521.482 1022.48 1534.63 2048.16 2564.77
39.5475 522.482 1024.46 1537.63 2052.16 2569.73
39.6237 523.482 1026.46 1540.59 2056.12 2574.73
39.6237 524.498 1028.45 1543.58 2060.12 2579.73
39.6997 525.498 1030.42 1546.58 2064.07 2584.73
39.7757 526.498  1032.4 1549.58 2068.02 2589.73
39.8517 527.498 1034.37 1552.58 2071.97 2594.73
39.9278 528.498 1036.34 1555.58 2075.97 2599.68
39.9278 529.514 1038.33 1558.58 2079.96 2604.68
40.0038 530.514 1040.33 1561.55 2083.96 2609.63
40.0792 531.515 1042.33 1564.55 2087.96 2614.56
40.0792 532.531 1044.33 1567.54 2091.96 2619.56
40.0792 533.531 1046.33 1570.54 2095.96 2624.56
40.0792 534.547 1048.33 1573.53 2099.96 2629.55
40.0792 535.547 1050.33 1576.53 2103.96 2634.56
40.0792 536.563 1052.32 1579.53 2107.95 2639.56
40.1531 537.551 1054.26 1582.53 2111.95 2644.56
40.1531 538.566 1056.26 1585.53 2115.94 2649.55
40.2267 539.554  1058.2 1588.53 2119.94 2654.55
40.2267 540.554 1060.19 1591.53 2123.94 2659.56
40.2267  541.57 1062.19 1594.53 2127.93 2664.56
40.2267  542.57 1064.18 1597.53 2131.93 2669.57
40.2267 543.586 1066.18 1600.52 2135.93 2674.56
40.2267 544.586 1068.18 1603.52 2139.93 2679.56
40.3006 545.585 1070.18 1606.52 2143.86 2684.56
40.3744 546.584 1072.18 1609.52 2147.78 2689.56
40.3744   547.6 1074.18 1612.52 2151.77 2694.56
40.3744 548.615 1076.18  1615.5 2155.77 2699.55
40.4484 549.615 1078.15  1618.5 2159.77 2704.51
40.5217  550.61 1080.15 1621.44 2163.77 2709.51
40.5953 551.611 1082.15 1624.44 2167.77 2714.43
40.6681 552.599 1084.09 1627.44 2171.77 2719.43
40.6681 553.614 1086.09 1630.44 2175.76 2724.43
40.6681 554.629 1088.08 1633.44 2179.76 2729.42
40.6681 555.629 1090.08 1636.43 2183.76 2734.43
40.7416 556.629 1092.05 1639.39 2187.76 2739.43
40.7416 557.644 1094.05 1642.38 2191.76 2744.42
40.7416 558.644 1096.05 1645.38 2195.76 2749.43
40.8142  559.64 1098.05 1648.31 2199.76 2754.43
40.8142  560.64 1100.05  1651.3 2203.76 2759.44
40.8875  561.64 1102.05 1654.27 2207.76 2764.39
40.9604 562.641 1104.05 1657.27 2211.76 2769.32
41.0323 563.629 1105.99 1660.27 2215.76 2774.32
41.1052  564.63 1107.99 1663.27 2219.76 2779.25
41.1052  565.63 1109.98 1666.27 2223.76 2784.25
41.1052 566.646 1111.98 1669.26 2227.75 2789.25
 41.178 567.646 1113.95 1672.22 2231.75 2794.25
 41.178 568.661 1115.95 1675.21 2235.75 2799.25
 41.178 569.676 1117.95 1678.21 2239.74 2804.25
41.2504 570.677 1119.95 1681.21 2243.74 2809.18
41.2504 571.677 1121.95 1684.21 2247.74 2814.18
41.3222 572.672 1123.95 1687.14 2251.74 2819.18
41.3949 573.672 1125.95 1690.14 2255.71 2824.14
41.4668 574.668 1127.95 1693.07 2259.71 2829.14
41.5386 575.663 1129.95    1696 2263.71 2834.14
41.5386 576.663 1131.95    1699 2267.71 2839.15
41.6111 577.663 1133.95 1701.97 2271.67 2844.15
41.6837 578.663 1135.95 1704.94 2275.67 2849.11
41.6837 579.678 1137.95 1707.94 2279.66  2854.1
41.7553 580.673 1139.95 1710.87 2283.66  2859.1
41.7553 581.687 1141.94 1713.87 2287.66  2864.1
41.8271 582.688 1143.94 1716.87 2291.66 2869.02
41.8271 583.688 1145.93 1719.87 2295.66 2874.02
 41.898 584.677 1147.88 1722.87 2299.66 2879.02
 41.898 585.677 1149.87 1725.87 2303.66 2884.03
41.9687 586.665 1151.81 1728.87 2307.66 2889.03
41.9687 587.665 1153.81 1731.87 2311.66 2894.03
41.9687  588.68 1155.81 1734.86 2315.66 2899.02
41.9687  589.68 1157.81 1737.85 2319.66 2904.03
41.9687  590.68 1159.81 1740.85 2323.66 2909.03
41.9687 591.694 1161.81 1743.85 2327.65 2914.03
42.0402 592.694 1163.81 1746.85 2331.62 2918.99
42.1115 593.694 1165.78 1749.85 2335.57 2923.99
42.1824 594.695 1167.78 1752.85 2339.57 2928.92
42.2537 595.695 1169.76 1755.85 2343.53 2933.92
42.3252 596.695 1171.76 1758.82 2347.53 2938.88
 42.396 597.694 1173.76 1761.82 2351.46 2943.88
 42.467 598.694 1175.76 1764.82 2355.46 2948.81
 42.467 599.709 1177.76 1767.81 2359.45 2953.81
42.5382 600.709 1179.73 1770.81 2363.41 2958.81
42.6082 601.698 1181.67 1773.81 2367.41 2963.81
42.6794 602.698 1183.65 1776.81 2371.41 2968.76
42.6794 603.712 1185.65 1779.81  2375.4 2973.76
42.7506 604.712 1187.65 1782.78 2379.36 2978.76
42.7506 605.726 1189.65 1785.78 2383.35 2983.75
42.7506 606.741 1191.65 1788.77 2387.34 2988.75
42.8215 607.741 1193.65 1791.74  2391.3 2993.75
42.8215 608.755 1195.65 1794.73  2395.3 2998.75
42.8215  609.77 1197.64 1797.73 2399.29 3003.75
42.8215 610.784 1199.64 1800.73 2403.28 3008.74
42.8917 611.785 1201.64 1803.73 2407.28 3013.67
42.8917 612.799 1203.64 1806.73 2411.27 3018.67
42.9622 613.799 1205.64 1809.73 2415.24 3023.63
42.9622 614.799 1207.64 1812.73 2419.24 3028.64
42.9622 615.813 1209.64 1815.73 2423.23 3033.63
42.9622 616.813 1211.64 1818.72 2427.23 3038.64
43.0323 617.813 1213.61 1821.72 2431.23 3043.59
43.1021 618.813 1215.58 1824.68 2435.23 3048.59
43.1021 619.827 1217.58 1827.68 2439.22 3053.59
43.1021 620.841 1219.58 1830.68 2443.22 3058.59
43.1021 621.841 1221.58 1833.67 2447.22 3063.59
43.1714  622.84 1223.58 1836.67 2451.15 3068.59
43.2412  623.84 1225.58 1839.64 2455.15 3073.55
43.2412  624.84 1227.57 1842.64 2459.15 3078.56
43.2412  625.84 1229.57 1845.64 2463.15 3083.57
43.3107  626.84 1231.57 1848.61 2467.11 3088.57
43.3107 627.854 1233.57  1851.6 2471.11 3093.56
43.3107 628.854 1235.56 1854.59 2475.11 3098.57
43.3107 629.869 1237.56 1857.59  2479.1 3103.57
43.3799 630.869 1239.54 1860.59  2483.1 3108.52
43.3799 631.869 1241.54 1863.59  2487.1 3113.53
43.4488 632.869 1243.51 1866.55  2491.1 3118.53
43.4488 633.869  1245.5 1869.55  2495.1 3123.54
43.5177 634.869 1247.48 1872.55  2499.1 3128.49
43.5865 635.869 1249.45  1875.5  2503.1 3133.49
43.5865 636.883 1251.44  1878.5  2507.1 3138.49
43.5865 637.883 1253.44  1881.5  2511.1  3143.5
43.6541 638.872 1255.38  1884.5  2515.1  3148.5
43.7216 639.861 1257.33  1887.5  2519.1  3153.5
43.7905 640.861 1259.33  1890.5 2523.06 3158.46
43.7905 641.875 1261.33 1893.49 2527.06 3163.46
43.8592 642.875 1263.33 1896.46 2531.06 3168.42
43.9278 643.875 1265.33 1899.43 2535.03 3173.42
43.9278 644.889 1267.32 1902.42 2539.03 3178.42
43.9964 645.889 1269.32 1905.42 2542.99 3183.38
43.9964 646.889 1271.32 1908.41 2546.99 3188.39
43.9964 647.904 1273.31 1911.41 2550.99 3193.39
44.0636 648.893 1275.25 1914.41 2554.99 3198.39
44.0636 649.893 1277.25  1917.4 2558.99  3203.4
44.1317 650.893 1279.23  1920.4 2562.95  3208.4
   44.2 651.893 1281.23 1923.37 2566.95 3213.36
   44.2 652.906 1283.23 1926.37 2570.94 3218.35
   44.2 653.906 1285.22 1929.37 2574.94 3223.36
   44.2  654.92 1287.21 1932.37 2578.93 3228.36
   44.2 655.934 1289.21 1935.37 2582.93 3233.36
44.2676 656.934 1291.18 1938.33 2586.93 3238.36
44.2676 657.934 1293.17 1941.33 2590.93 3243.36
44.3349 658.934 1295.17 1944.33 2594.93 3248.29
44.3349 659.948 1297.17 1947.32 2598.92 3253.29
44.3349 660.948 1299.17 1950.32 2602.93 3258.29
44.4022 661.948 1301.14 1953.28 2606.93 3263.29
44.4692 662.947 1303.14 1956.28 2610.86 3268.29
 44.536 663.943 1305.14 1959.22 2614.86 3273.29
44.6036 664.943 1307.14 1962.22 2618.83 3278.26
 44.671 665.943 1309.12 1965.22 2622.79 3283.26
 44.671 666.957 1311.11 1968.22 2626.78 3288.26
44.7382 667.957 1313.08 1971.18 2630.78 3293.26
44.7382 668.971 1315.08 1974.17 2634.77 3298.26
44.8043  669.96 1317.03 1977.17 2638.77 3303.26
44.8043 670.974 1319.02 1980.17 2642.77 3308.26
44.8708 671.969 1321.02  1983.1 2646.77 3313.26
44.9378 672.969    1323 1986.07 2650.77 3318.26
44.9378 673.969    1325 1989.06 2654.77 3323.27
45.0049 674.969    1327 1992.03 2658.77 3328.23
45.0049 675.969 1328.99 1995.03 2662.77 3333.23
45.0712 676.965 1330.99 1997.97 2666.77 3338.23
45.0712 677.978 1332.99 2000.96 2670.77 3343.23
45.0712 678.978 1334.99 2003.96 2674.77 3348.24
45.0712 679.978 1336.98 2006.96 2678.77 3353.24
45.1374 680.977 1338.98 2009.96  2682.7 3358.24
45.1374  681.99 1340.98 2012.95  2686.7 3363.24
45.1374 683.004 1342.98 2015.94  2690.7 3368.24
45.2038 684.004 1344.95 2018.94 2694.66 3373.24
45.2038 685.017 1346.95 2021.93 2698.66 3378.23
45.2038 686.017 1348.95 2024.93 2702.66 3383.24
  45.27 687.017 1350.93 2027.93 2706.66  3388.2
  45.27 688.031 1352.92 2030.92 2710.66  3393.2
  45.27 689.031 1354.92 2033.92 2714.66  3398.2
  45.27 690.044 1356.92 2036.92 2718.65 3403.19
45.3353  691.04 1358.92 2039.86 2722.65 3408.19
45.3353 692.053 1360.92 2042.86 2726.64 3413.19
45.4011 693.053  1362.9 2045.86  2730.6 3418.19
 45.467 694.053 1364.87 2048.86 2734.56 3423.19
45.5325 695.053 1366.87 2051.86 2738.56 3428.12
45.5325 696.067 1368.86 2054.85 2742.56 3433.12
45.5979 697.067 1370.86 2057.85 2746.56 3438.06
45.6634 698.068 1372.86 2060.85 2750.56 3442.99
45.7291 699.068 1374.84 2063.85 2754.56 3447.95
45.7291  700.08 1376.84 2066.85 2758.55 3452.94
45.7291 701.093 1378.84 2069.84 2762.55 3457.94
45.7291 702.093 1380.84 2072.84 2766.55 3462.95
45.7947 703.093 1382.84 2075.81 2770.55 3467.91
45.8597 704.092 1384.84 2078.81 2774.49 3472.91
45.9253 705.092 1386.84 2081.81 2778.45 3477.88
45.9905 706.093 1388.84 2084.81 2782.45 3482.81
46.0556 707.093 1390.84 2087.81 2786.45 3487.75
46.0556 708.106 1392.84 2090.81 2790.45 3492.74
46.0556  709.12 1394.84  2093.8 2794.45 3497.74
46.0556  710.12 1396.84 2096.79 2798.45 3502.75
46.0556  711.12 1398.83 2099.79 2802.45 3507.75
46.1208  712.12 1400.83 2102.76 2806.45 3512.72
46.1208 713.133 1402.83 2105.76 2810.44 3517.72
46.1208 714.146 1404.82 2108.76 2814.44 3522.72
46.1208 715.159 1406.82 2111.75 2818.44 3527.71
46.1208 716.159 1408.82 2114.75 2822.44 3532.72
46.1854 717.159 1410.79 2117.71 2826.44 3537.72
46.1854 718.159 1412.79 2120.71 2830.44 3542.72
46.2494 719.155 1414.79 2123.65 2834.44 3547.72
46.2494 720.168 1416.78 2126.65 2838.44 3552.72
46.3137 721.168 1418.78 2129.65 2842.44 3557.66
46.3783 722.168 1420.78 2132.62  2846.4 3562.66
46.3783 723.181 1422.77 2135.62  2850.4 3567.66
46.4423  724.18 1424.77 2138.62 2854.33 3572.66
46.5058  725.17 1426.72 2141.62 2858.33 3577.66
46.5703  726.17 1428.72 2144.59 2862.33 3582.62
46.5703  727.17 1430.72 2147.58 2866.33 3587.63
46.6344  728.17 1432.72 2150.58 2870.33 3592.56
46.6984 729.169 1434.72 2153.58 2874.27 3597.56
46.7626 730.169 1436.69 2156.55 2878.27 3602.56
46.7626 731.169 1438.69 2159.55 2882.27 3607.56
 46.827 732.169 1440.69 2162.52 2886.27 3612.53
46.8902 733.158 1442.63 2165.52 2890.27 3617.53
46.9546 734.158 1444.63 2168.52 2894.24 3622.49
47.0188 735.158 1446.61 2171.48 2898.24 3627.49
47.0188 736.172 1448.61 2174.47 2902.24 3632.49
47.0188 737.184 1450.61 2177.46 2906.24 3637.49
47.0829 738.184 1452.59 2180.46 2910.24 3642.45
47.1466 739.183 1454.59 2183.46 2914.17 3647.45
47.1466 740.196 1456.58 2186.46 2918.17 3652.45
47.2104 741.196 1458.55 2189.43 2922.17 3657.45
47.2104 742.208 1460.55 2192.42 2926.17 3662.44
47.2104 743.208 1462.55 2195.41 2930.17 3667.45
47.2104 744.208 1464.55 2198.41 2934.17 3672.45
47.2743 745.208 1466.55 2201.41 2938.14 3677.42
47.2743 746.221 1468.55 2204.41 2942.13 3682.41
47.3376  747.22 1470.55 2207.41 2946.07 3687.41
47.4013  748.22 1472.55 2210.41 2950.04 3692.38
47.4013  749.22 1474.55 2213.41 2954.04 3697.38
47.4649  750.22 1476.53 2216.41 2958.04 3702.34
47.4649  751.22 1478.52 2219.41 2962.04 3707.34
47.5281  752.22 1480.52 2222.41 2966.04 3712.28
47.5281  753.22 1482.52 2225.41 2970.04 3717.28
47.5281 754.233 1484.52  2228.4 2974.03 3722.28
47.5915 755.233 1486.52 2231.37 2978.03 3727.25
47.6548 756.233  1488.5 2234.37 2982.03 3732.21
47.7176 757.228  1490.5 2237.31 2986.03 3737.21
47.7176 758.241  1492.5 2240.31 2990.02  3742.2
47.7176 759.253  1494.5 2243.31 2994.02  3747.2
47.7808 760.253  1496.5 2246.31 2997.99 3752.17
47.7808 761.265  1498.5 2249.31 3001.98 3757.16
47.7808 762.278  1500.5  2252.3 3005.98 3762.16
47.8435 763.279  1502.5  2255.3 3009.98  3767.1
47.9065 764.279 1504.48  2258.3 3013.98 3772.06
47.9686 765.268 1506.43  2261.3 3017.98 3777.06
47.9686 766.281 1508.42  2264.3 3021.97 3782.06
47.9686 767.293 1510.42  2267.3 3025.96 3787.06
48.0313 768.293  1512.4  2270.3 3029.92 3792.06
48.0313 769.306  1514.4 2273.29 3033.92 3797.06
48.0931 770.296 1516.34 2276.29 3037.92 3802.06
48.1556 771.296 1518.34 2279.29 3041.92 3806.99
48.2182 772.296 1520.32 2282.25 3045.92 3811.99
 48.281 773.296 1522.32 2285.25 3049.89 3816.96
 48.281 774.308 1524.31 2288.25 3053.89 3821.96
 48.281 775.308 1526.31 2291.25 3057.89 3826.96
 48.281  776.32  1528.3 2294.25 3061.89 3831.95
 48.281  777.32  1530.3 2297.25 3065.89 3836.96
 48.281  778.32  1532.3 2300.25 3069.89 3841.96
 48.281 779.332 1534.29 2303.25 3073.89 3846.96
 48.281 780.344 1536.29 2306.25 3077.88 3851.95
48.3428 781.343 1538.29 2309.25 3081.82 3856.95
48.3428 782.356 1540.29 2312.24 3085.82 3861.95
48.4043 783.352 1542.29 2315.19 3089.82 3866.95
48.4043 784.364 1544.28 2318.19 3093.82 3871.95
48.4043 785.364 1546.28 2321.18 3097.81 3876.95
48.4657 786.359 1548.28 2324.12 3101.81 3881.95
48.4657 787.372 1550.28 2327.12 3105.81 3886.95
48.4657 788.384 1552.27 2330.12 3109.81 3891.95
48.4657 789.384 1554.26 2333.12 3113.81 3896.95
 48.527 790.383 1556.26 2336.12 3117.75 3901.95
48.5884 791.382 1558.26 2339.12 3121.69 3906.95
48.5884 792.394 1560.26 2342.11 3125.69 3911.95
48.5884 793.406 1562.26  2345.1 3129.69 3916.95
48.5884 794.418 1564.26  2348.1 3133.69 3921.94
48.5884  795.43 1566.26 2351.09 3137.69 3926.94
48.5884  796.43 1568.25 2354.09 3141.69 3931.95
48.6495  797.43 1570.23 2357.06 3145.69 3936.95
48.7108  798.43 1572.21 2360.06 3149.65 3941.95
48.7108  799.43  1574.2 2363.06 3153.65 3946.95
48.7108 800.442  1576.2 2366.06 3157.64 3951.94
48.7108 801.455  1578.2 2369.05 3161.64 3956.94
48.7108 802.455  1580.2 2372.05 3165.64 3961.94
48.7717 803.455 1582.18 2375.01 3169.64 3966.94
48.7717 804.455 1584.18 2378.01 3173.64 3971.95
48.8322 805.454 1586.18 2381.01 3177.58 3976.95
48.8322 806.466 1588.17 2384.01 3181.57 3981.95
48.8322 807.479 1590.16    2387 3185.57 3986.95
48.8927 808.479 1592.16    2390 3189.57 3991.89
48.9536 809.479 1594.16 2392.98 3193.57 3996.85
48.9536 810.491 1596.16 2395.98 3197.57 4001.85
49.0143 811.491 1598.16 2398.95 3201.57 4006.82
49.0143 812.491 1600.15 2401.95 3205.58 4011.82
 49.075 813.491 1602.15 2404.95 3209.55 4016.78
49.1357 814.491 1604.15 2407.95 3213.52 4021.75
49.1963 815.491 1606.13 2410.95 3217.52 4026.71
49.1963 816.491 1608.13 2413.95 3221.51 4031.72
49.2563 817.486 1610.13 2416.89 3225.51 4036.72
 49.316 818.477 1612.08 2419.89 3229.51 4041.72
49.3762 819.475 1614.08 2422.89 3233.46 4046.72
49.4367 820.475 1616.06 2425.89 3237.42 4051.72
49.4973 821.475 1618.06 2428.86 3241.42 4056.68
49.4973 822.488 1620.06 2431.86 3245.41 4061.68
49.5578 823.488 1622.06 2434.83 3249.41 4066.65
49.6177 824.484 1624.06 2437.77 3253.41 4071.65
49.6782 825.484 1626.06 2440.75 3257.41 4076.62
49.6782 826.484 1628.06 2443.75 3261.41 4081.62
49.6782 827.484 1630.05 2446.75 3265.41 4086.63
49.6782 828.496 1632.05 2449.74 3269.41 4091.63
49.7382 829.496 1634.05 2452.74 3273.41 4096.57
49.7985 830.496 1636.05 2455.71 3277.38 4101.57
49.7985 831.508 1638.04 2458.71 3281.38 4106.56
49.7985 832.508 1640.04 2461.71 3285.38 4111.57
49.7985 833.508 1642.03 2464.71 3289.38 4116.57
49.8582 834.506 1644.03 2467.71 3293.32 4121.57
49.8582 835.506 1646.03 2470.71 3297.32 4126.57
49.8582 836.519 1648.03 2473.71 3301.31 4131.57
49.9181 837.519 1650.03 2476.71 3305.29 4136.54
49.9775 838.514 1652.03 2479.65 3309.29 4141.54
50.0374 839.514 1654.03 2482.63 3313.29 4146.51
50.0374 840.514 1656.02 2485.63 3317.29 4151.51
50.0967  841.51 1658.02 2488.57 3321.29 4156.51
50.0967 842.522 1660.02 2491.56 3325.29 4161.51
50.1561 843.521 1662.02 2494.56 3329.23 4166.51
50.2157 844.521 1663.99 2497.53 3333.23 4171.51
50.2157 845.533 1665.99 2500.53 3337.22 4176.51
50.2751 846.533 1667.99 2503.53 3341.22 4181.45
50.2751 847.545 1669.98 2506.52 3345.22 4186.45
50.2751 848.558 1671.98 2509.52 3349.22 4191.45
50.3345 849.558 1673.96 2512.48 3353.22 4196.45
50.3941 850.558 1675.96 2515.48 3357.19 4201.42
50.3941 851.558 1677.95 2518.48 3361.19 4206.42
50.3941 852.569 1679.95 2521.48 3365.19 4211.42
50.3941  853.58 1681.94 2524.48 3369.19 4216.42
50.3941 854.592 1683.93 2527.48 3373.18 4221.42
50.3941 855.604 1685.93 2530.47 3377.18 4226.42
50.3941 856.616 1687.92 2533.47 3381.18 4231.42
50.3941 857.628 1689.92 2536.47 3385.17 4236.41
50.4531 858.628  1691.9 2539.47 3389.13 4241.41
 50.512 859.628 1693.88 2542.44 3393.13 4246.41
 50.512  860.64 1695.87 2545.43 3397.13 4251.41
50.5706 861.639 1697.87 2548.43 3401.08 4256.41
50.5706 862.651 1699.87 2551.43 3405.08 4261.41
50.6294 863.651 1701.84 2554.39 3409.08 4266.41
50.6294 864.663 1703.83 2557.39 3413.07 4271.41
50.6294 865.663 1705.83 2560.39 3417.07 4276.41
50.6873 866.653 1707.78 2563.39 3421.07 4281.41
50.7462 867.653 1709.78 2566.39 3425.04 4286.38
50.7462 868.653 1711.78 2569.39 3429.04 4291.39
50.7462 869.665 1713.78 2572.38 3433.04 4296.39
50.8048 870.665 1715.76 2575.38 3437.04 4301.35
50.8048 871.677 1717.76 2578.37 3441.04 4306.35
 50.863 872.676 1719.76 2581.37 3444.98 4311.35
 50.921 873.672 1721.76 2584.32 3448.98 4316.35
 50.921 874.683 1723.76 2587.32 3452.97 4321.35
 50.921 875.694 1725.76 2590.32 3456.97 4326.34
 50.921 876.694 1727.76 2593.32 3460.96 4331.35
 50.921 877.694 1729.76 2596.31 3464.96 4336.35
50.9785 878.685 1731.71 2599.31 3468.96 4341.35
50.9785 879.697 1733.71 2602.31 3472.96 4346.35
50.9785 880.709  1735.7 2605.31 3476.95 4351.35
51.0367 881.709  1737.7 2608.28 3480.95 4356.32
 51.094 882.699 1739.66 2611.28 3484.95 4361.32
51.1523 883.699 1741.66 2614.28 3488.92 4366.29
51.1523 884.711 1743.65 2617.27 3492.92 4371.29
51.1523 885.723 1745.65 2620.27 3496.92 4376.29
51.2098 886.719 1747.65 2623.21 3500.92 4381.29
51.2678 887.719 1749.63 2626.21 3504.92 4386.25
51.2678 888.731 1751.62 2629.21 3508.91 4391.25
51.2678 889.731 1753.62 2632.21 3512.92 4396.25
51.3253 890.729 1755.62 2635.21 3516.86 4401.25
51.3253 891.729 1757.62 2638.21 3520.86 4406.25
51.3829  892.73 1759.62 2641.21 3524.86 4411.19
51.3829 893.741 1761.62 2644.21 3528.85 4416.19
51.4407 894.741 1763.62 2647.19 3532.85 4421.16
51.4981  895.74 1765.62 2650.19  3536.8 4426.16
51.5554 896.736 1767.62 2653.13  3540.8 4431.16
51.6131 897.736  1769.6 2656.13  3544.8 4436.12
51.6709 898.736 1771.58 2659.13 3548.76 4441.12
51.7284 899.736 1773.58 2662.13 3552.76 4446.06
51.7284 900.736 1775.58 2665.13 3556.76 4451.07
51.7852 901.726 1777.53 2668.13 3560.76 4456.07
51.8429 902.726 1779.51 2671.13 3564.76 4461.03
51.8429 903.726 1781.51 2674.13 3568.76 4466.03
51.9002 904.725 1783.51 2677.13  3572.7 4471.03
 51.957 905.715 1785.46 2680.13  3576.7 4476.03
52.0145 906.715 1787.44 2683.09  3580.7 4481.03
52.0145 907.726 1789.44 2686.09  3584.7 4486.03
52.0145 908.737 1791.44 2689.09 3588.69 4491.03
52.0145 909.737 1793.44 2692.09 3592.69 4496.03
52.0145 910.737 1795.43 2695.09 3596.69 4501.04
52.0145 911.737 1797.43 2698.09 3600.69 4506.04
52.0145 912.748 1799.42 2701.09 3604.69 4511.03
52.0718 913.748 1801.42 2704.09 3608.66    4516
52.1286 914.744 1803.42 2707.04 3612.66    4521
52.1286 915.744 1805.42 2710.03 3616.66 4526.01
52.1286 916.756 1807.42 2713.03 3620.66 4531.01
52.1286 917.767 1809.42 2716.02 3624.66 4536.01
52.1855 918.767 1811.39 2718.99 3628.66 4541.01
52.2427 919.767 1813.39 2721.99 3632.63 4545.98
52.2998 920.767 1815.39 2724.96 3636.63 4550.95
52.3568 921.767 1817.37 2727.96 3640.63 4555.91
52.4139 922.767 1819.37 2730.94  3644.6 4560.91
52.4704 923.763 1821.37 2733.88  3648.6 4565.91
52.4704 924.774 1823.37 2736.88  3652.6 4570.91
52.4704 925.774 1825.36 2739.88  3656.6 4575.91
52.5274 926.774 1827.36 2742.86  3660.6 4580.88
52.5274 927.774 1829.36 2745.86  3664.6 4585.89
52.5838  928.77 1831.36  2748.8  3668.6 4590.89
52.5838  929.77 1833.36  2751.8  3672.6 4595.89
52.5838 930.782 1835.35  2754.8 3676.59 4600.89
52.5838 931.793 1837.34  2757.8 3680.59 4605.89
52.6404 932.793 1839.32  2760.8 3684.56 4610.89
52.6972 933.793 1841.32 2763.77 3688.56 4615.86
52.6972 934.793 1843.32 2766.77 3692.56 4620.86
52.6972 935.804 1845.32 2769.77 3696.55 4625.86
52.6972 936.804 1847.32 2772.77 3700.55 4630.87
52.6972 937.815 1849.31 2775.77 3704.55 4635.86
52.7536 938.815 1851.31 2778.74 3708.55 4640.83
52.8098 939.815 1853.31 2781.74 3712.55 4645.77
52.8098 940.827 1855.31 2784.74 3716.55 4650.77
52.8661 941.827 1857.28  2787.7 3720.55 4655.77
52.9224 942.827 1859.26  2790.7 3724.51 4660.77
52.9789 943.827 1861.26 2793.68 3728.51 4665.74
53.0345 944.817 1863.22 2796.68 3732.51 4670.74
53.0345 945.828 1865.21 2799.68 3736.51 4675.74
53.0345  946.84 1867.21 2802.67 3740.51 4680.74
53.0345  947.84  1869.2 2805.67 3744.51 4685.75
53.0907  948.84  1871.2 2808.64 3748.48 4690.75
53.1466 949.839  1873.2 2811.64 3752.42 4695.75
53.2027 950.839 1875.18 2814.64 3756.39 4700.75
53.2589 951.839 1877.16 2817.64 3760.39 4705.71
53.3151 952.839 1879.16 2820.62 3764.39 4710.68
53.3714 953.839 1881.16 2823.62 3768.36 4715.65
53.3714 954.839 1883.16 2826.61 3772.36 4720.66
53.3714 955.849 1885.16 2829.61 3776.35 4725.65
53.3714  956.86 1887.16 2832.61 3780.34 4730.65
53.3714 957.871 1889.15 2835.61 3784.34 4735.65
53.3714 958.871 1891.15 2838.61 3788.35 4740.65
53.4268 959.867 1893.15 2841.56 3792.35 4745.65
53.4268 960.878 1895.15 2844.56 3796.34 4750.65
53.4826 961.878 1897.13 2847.56 3800.31 4755.65
53.4826 962.889 1899.12 2850.56 3804.31 4760.65
53.4826 963.899 1901.12 2853.56  3808.3 4765.64
53.4826 964.899 1903.12 2856.55  3812.3 4770.64
53.5383 965.899  1905.1 2859.55  3816.3 4775.61
53.5383 966.899  1907.1 2862.55  3820.3 4780.61
53.5939 967.899  1909.1 2865.53 3824.27 4785.61
53.6491 968.895  1911.1 2868.47 3828.27 4790.61
53.6491 969.907 1913.09 2871.47 3832.27 4795.61
53.6491 970.917 1915.09 2874.46 3836.27 4800.61
53.6491 971.917 1917.09 2877.46 3840.27 4805.61
53.7043 972.917 1919.09 2880.46 3844.27 4810.55
53.7594 973.916 1921.09 2883.46 3848.22 4815.55
53.7594 974.916 1923.09 2886.46 3852.22 4820.56
53.8147 975.916 1925.07 2889.42 3856.22 4825.56
53.8701 976.916 1927.07  2892.4 3860.19 4830.56
53.9255 977.916 1929.07 2895.37 3864.16 4835.56
53.9806 978.916 1931.07 2898.37 3868.16  4840.5
53.9806 979.927 1933.07 2901.37 3872.16  4845.5
53.9806 980.938 1935.07 2904.36 3876.16  4850.5
54.0359 981.938 1937.07 2907.36 3880.13 4855.47
54.0913 982.938 1939.07 2910.33 3884.13 4860.44
54.1458 983.929 1941.02 2913.33 3888.13 4865.44
54.1458  984.94 1943.02 2916.33 3892.13 4870.44
54.1458  985.95 1945.02 2919.33 3896.12 4875.44
54.2007  986.95 1947.02 2922.33 3900.12 4880.38
54.2556  987.95 1949.02 2925.33 3904.12 4885.33
54.2556 988.961 1951.02 2928.32 3908.12 4890.32
54.3104  989.96 1953.02 2931.32 3912.07 4895.32
54.3655  990.96 1955.02  2934.3 3916.07 4900.29
54.4203 991.958 1957.02  2937.3 3920.01 4905.29
54.4203 992.958 1959.02 2940.29 3924.01  4910.3
54.4203 993.969 1961.02 2943.29 3928.01  4915.3
54.4753 994.969 1963.02 2946.26 3931.98  4920.3
54.5302 995.969 1964.99 2949.23 3935.98  4925.3
54.5302  996.98 1966.99 2952.22 3939.98  4930.3
54.5302  997.98 1968.99 2955.22 3943.98  4935.3
54.5302 998.991 1970.98 2958.21 3947.98  4940.3
 54.585 999.991 1972.96 2961.21 3951.94  4945.3
54.6395 1000.99 1974.96 2964.21 3955.89  4950.3
54.6939 1001.99 1976.96 2967.16 3959.89  4955.3
54.7487 1002.99 1978.96 2970.14 3963.89 4960.27
54.7487 1003.99 1980.96 2973.14 3967.89 4965.28
54.8034 1004.99 1982.94 2976.14 3971.86 4970.28
54.8034    1006 1984.94 2979.13 3975.85 4975.28
54.8579    1007 1986.94 2982.13 3979.85 4980.22
54.9126    1008 1988.94 2985.11 3983.85 4985.19