      4       2       3       4       4       4
      4 3.77778 5.66667       7       8 7.55556
      4 4.77778 8.13441 10.0484 11.4839 12.5556
      4 6.02629 10.2601 12.6742 15.4839 17.5556
      4 7.02629 12.8666 15.6742 19.4175 22.0154
      4 8.44048 14.8666  18.829 23.4175 26.4465
4.60545 9.44048 16.8666  21.679  26.962 31.4465
4.60545  10.681  19.083  24.679  30.505 36.4465
4.60545  11.681 21.4622 27.7558  34.505 40.9905
4.60545  13.021 23.4622 30.7558 38.4631 45.6925
4.60545  14.021 25.7405 33.7424 42.1981 50.6925
4.60545 15.3324 27.7405 36.7424 46.1452  55.434
4.89523 16.2972  29.486 39.7424 50.1452  60.434
5.27677 17.2972  31.486 42.7424 54.0534 65.1442
 5.6498 18.2972  33.486 45.7641 58.0534 69.7495
5.98254 19.2972 35.4581 48.4593 62.0534 74.7495
5.98254 20.5159 37.4581 51.5197 66.0534 79.4704
6.30574 21.6242 39.4581 54.5197 69.6219 84.4704
6.30574 22.7466  41.506 57.3494 73.6219 89.4704
6.30574 23.9014 43.6133 60.3494 77.3597 94.4704
6.30574 25.0819 45.7673 63.3494 81.3597  99.136
6.30574 26.0819  47.965 66.3914 85.3597 103.896
6.30574 27.0819 50.1891 69.3914 89.3179 108.714
6.30574 28.1898 52.2424 72.2302 93.3179 113.714
6.54682 29.1898 54.2397 74.9917 97.3179 118.714
6.54682 30.3487 56.2397 77.9691 101.182 123.714
6.78638 31.3487 58.2977 80.9691 104.884 128.714
 7.0143 32.4015 60.2977 83.6883 108.884 133.714
7.25316 33.4015  62.351 86.6883 112.592 138.714
7.49688 34.4015 64.4461 89.6883 116.592 143.375
7.49688 35.5193 66.5401 92.6883  120.38 148.375
7.49688 36.6866 68.5401 95.6883 124.337 153.252
7.72753 37.6866 70.5401 98.6323 128.162 158.252
7.72753  38.818 72.6578 101.632 132.162 163.002
7.72753 39.9571 74.6578 104.615  136.04 168.002
7.95061 40.9571 76.6578 107.615 139.967 172.852
7.95061 42.1149 78.6578 110.615 143.924 177.738
7.95061 43.2069 80.6974 113.483 147.924 182.738
7.95061 44.3526 82.6974 116.492 151.924 187.583
7.95061  45.487 84.6974 119.472  155.81 192.583
8.12328 46.4749 86.5369 122.472  159.81 197.583
8.12328 47.4749 88.6486  125.46 163.709 202.583
8.31454 48.4749 90.6486 128.414 167.564 207.583
8.31454  49.562 92.6815 131.294 171.564 212.583
8.31454 50.6676 94.7489 134.294 175.391 217.583
8.31454 51.7924 96.7489 137.276 179.285 222.583
8.31454 52.9341 98.7489 140.276 183.237  227.49
8.48262 53.9341 100.745 143.111 187.237  232.49
 8.6543 54.9341 102.784 146.111 191.026  237.49
 8.8308 55.9341 104.784 149.091 195.026 242.333
 8.8308  57.068 106.784 152.091  198.98 247.246
8.99284 58.1151 108.784 154.882  202.98 252.246
8.99284 59.2472 110.784 157.882 206.934  257.16
9.16392 60.2472 112.784 160.882 210.871 262.052
9.16392 61.3629 114.784 163.861 214.776 267.052
9.16392 62.3629 116.784 166.907 218.767 272.015
9.16392 63.4826 118.784 169.903 222.767 276.899
9.16392 64.6099 120.784 172.903 226.723 281.816
9.16392 65.6099 122.895 175.903 230.686 286.742
9.31822 66.6099 124.895 178.865  234.57 291.742
9.45742 67.6049 126.761 181.865  238.57 296.742
9.60922 68.6901 128.761 184.865  242.57 301.505
9.75786 69.6901 130.753 187.725  246.57 306.505
9.75786 70.7814   132.8 190.725 250.431 311.505
9.90934 71.7814   134.8 193.685 254.319 316.505
9.90934 72.8914   136.8 196.681 258.319 321.399
10.0512 73.9347   138.8 199.496 262.319 326.399
10.1865 74.9303 140.669 202.496 266.319 331.399
10.1865 75.9303 142.755 205.498 270.319 336.312
10.1865 76.9303  144.84 208.499 274.319 341.225
10.1865  78.003  146.86 211.407 278.319 346.225
 10.331  79.003  148.86 214.407 282.265 351.134
 10.331 80.0871 150.902 217.407 286.138 356.134
10.4695 81.0871 152.926 220.407 289.976 361.134
 10.598 82.0821 154.803 223.407 293.976 366.134
 10.598 83.1881 156.803 226.407 297.937 371.067
10.7332 84.2499 158.803 229.407  301.74 376.067
  10.87  85.323 160.803 232.407  305.74 380.858
11.0086  86.323 162.803  235.37 309.638 385.858
11.0086 87.4211 164.803 238.364 313.638 390.766
11.1393 88.4593 166.803 241.195 317.638 395.766
11.1393 89.5402 168.841 244.195 321.519 400.766
11.1393 90.5402 170.841 247.227 325.511 405.742
11.1393 91.5402 172.915 250.228 329.511 410.667
11.1393 92.6408 174.915 253.228 333.473 415.604
11.2704 93.6408 176.915 256.207 337.473 420.494
11.3952  94.678 178.915 259.045 341.473 425.494
 11.522  95.678 180.906 261.928 345.473 430.494
11.6515  96.678 182.938 264.928 349.473 435.332
11.7824  97.678 184.938 267.905 353.473 440.224
11.7824  98.678 187.009 270.905 357.473 445.153
11.7824 99.7729 189.009 273.905 361.439 450.092
11.9083 100.839 191.009 276.905 365.439   454.9
11.9083 101.839 193.009 279.933 369.436 459.875
11.9083 102.918 195.055 282.933 373.436  464.75
11.9083 103.991 197.089 285.933 377.329  469.75
 12.029 105.045 199.089 288.933 381.154  474.75
 12.029 106.045  201.15 291.925 385.101  479.75
12.1481 107.045 203.141 294.814 389.101  484.75
12.2687 108.045 205.158 297.814 392.964  489.75
12.2687 109.131 207.158 300.807 396.964 494.671
12.2687 110.208 209.202 303.807 400.964 499.551
12.3896 111.208 211.202 306.807 404.917 504.477
12.3896 112.284 213.245 309.807 408.917 509.358
12.5057 113.336 215.245 312.807 412.749 514.358
12.6237 114.336 217.275 315.807 416.749 519.209
12.6237 115.336 219.275 318.835 420.744 524.187
12.7423 116.336 221.275 321.835 424.698 529.113
12.7423 117.404 223.307 324.835 428.598 534.113
12.7423 118.404 225.365 327.828 432.548 539.113
12.8549 119.404 227.356 330.724 436.548 544.113
12.9622   120.4 229.253 333.724 440.548 549.113
13.0779   121.4 231.253 336.704 444.548 554.017
13.1905   122.4 233.243 339.602 448.548 559.017
13.1905   123.4 235.303 342.602 452.548 563.956
13.1905 124.483 237.303 345.602 456.518 568.904
13.3024 125.483 239.317 348.602 460.392 573.904
13.4143 126.483 241.331 351.602 464.266 578.904
13.5276 127.483 243.331  354.57 468.185 583.904
13.5276 128.483 245.397  357.57  472.16 588.862
13.6359 129.511 247.397 360.433  476.16 593.862
13.6359 130.584 249.397 363.418 480.103 598.862
13.7451  131.63 251.397 366.418 483.948 603.862
13.8558  132.63 253.422 369.418 487.948 608.726
13.8558 133.704 255.422 372.411 491.948 613.658
13.9624 134.733 257.422 375.276 495.948 618.658
 14.069 135.761 259.422 378.141 499.948 623.658
 14.069 136.827 261.459 381.141 503.948 628.555
 14.069 137.889 263.488 384.141 507.858 633.555
14.1765 138.889 265.501 387.141 511.738 638.555
14.2828 139.889 267.491 390.044 515.738 643.555
14.3877 140.917 269.491  392.91 519.738 648.555
14.3877 141.994 271.491  395.91 523.708 653.509
14.3877 143.054 273.519  398.91 527.619 658.509
14.3877 144.124 275.519 401.894 531.566 663.509
14.3877 145.177 277.532 404.829 535.566 668.509
14.4932 146.177 279.532 407.797 539.492 673.509
14.4932 147.248 281.532 410.787 543.492 678.447
14.4932 148.324 283.532 413.787 547.462 683.402
 14.595 149.324 285.523 416.694 551.462 688.402
 14.595 150.324 287.576  419.69 555.462 693.353
14.6949 151.352 289.576 422.562 559.462 698.353
14.6949 152.421 291.576 425.545 563.411 703.353
 14.791 153.418 293.483 428.545 567.411 708.353
 14.791 154.418 295.541 431.545 571.388 713.318
 14.791 155.487 297.541 434.534 575.388 718.259
 14.791 156.549 299.573 437.534 579.388 723.165
 14.791 157.549 301.621 440.525 583.349 728.165
 14.791   158.6 303.632 443.463 587.349 733.165
  14.89   159.6 305.632 446.432 591.281 738.165
  14.89 160.657 307.657 449.432 595.199 743.165
  14.89 161.657 309.708 452.427 599.199 748.119
  14.89 162.718  311.74 455.427 603.199 753.026
14.9854  163.76  313.74 458.427 607.061 758.026
15.0807 164.802  315.74 461.427 610.924 763.026
15.1784 165.802  317.74 464.427 614.882  767.97
15.1784 166.802  319.74 467.444 618.877 772.959
15.2732 167.843  321.74 470.444 622.741 777.959
15.2732  168.91  323.74 473.434 626.741 782.903
15.2732  169.91 325.794 476.434 630.718 787.871
15.3655 170.937 327.794 479.314 634.718 792.871
15.3655 172.003 329.794 482.304 638.718 797.816
15.3655 173.069 331.794 485.293 642.718  802.76
 15.458  174.11 333.794 488.293 646.584  807.76
 15.458  175.11 335.848 491.293 650.562  812.73
 15.458 176.176 337.848 494.282 654.562 817.675
 15.458 177.176 339.901 497.282  658.54 822.644
 15.458 178.241 341.901 500.272  662.54 827.589
15.5488 179.288 343.901 503.272  666.54 832.451
15.6396 180.335 345.901 506.272  670.54 837.313
15.6396 181.403 347.901 509.272 674.512 842.273
  15.73 182.403 349.912 512.272  678.41 847.273
  15.73 183.403 351.964 515.272 682.389 852.242
15.8202 184.403 353.983 518.272 686.389 857.132
15.9093 185.403 355.976  521.19 690.389 862.132
15.9093 186.403 358.023 524.186 694.389 867.089
15.9991 187.403 360.042 527.186 698.389  871.98
15.9991 188.456 362.065 530.186 702.313  876.98
15.9991 189.456 364.112 533.183 706.313 881.937
15.9991 190.512 366.141 536.183 710.313 886.852
15.9991 191.578 368.141 539.183 714.287 891.813
16.0868 192.578 370.161 542.183 718.287 896.705
16.1753 193.578 372.161 545.164 722.287 901.636
16.2637 194.578 374.161 548.145 726.287 906.566
16.3511 195.578 376.171 551.145 730.189 911.566
16.4345 196.576  378.09 554.145 734.189 916.566
16.4345 197.627 380.112 557.145 738.115 921.566
16.4345 198.672 382.122 560.091 742.115 926.566
16.4345 199.672 384.163 563.083 746.081 931.566
16.4345 200.672 386.213 566.083 750.061 936.536
16.5162  201.67 388.133 569.083 754.061 941.536
16.6017 202.713 390.133 572.083 758.061 946.407
16.6017 203.771 392.133 575.069 762.018 951.407
16.6868 204.771 394.143 578.069 765.923 956.407
16.7713 205.808 396.143 581.069 769.801 961.407
16.7713  206.87 398.143 584.069 773.776 966.371
16.8563  207.87 400.161 587.069 777.776 971.268
16.9408 208.913 402.161 590.069 781.776 976.141
17.0239 209.937 404.161 592.962 785.776 981.141
17.1048 210.935 406.082 595.962 789.776 986.141
17.1048 211.935 408.124 598.959 793.776 991.101
 17.189 212.935 410.133 601.959 797.683 996.101
 17.189 213.996 412.133 604.959 801.658 1001.06
17.2712  215.02 414.133 607.853 805.658 1006.06
17.2712 216.078 416.133 610.845 809.658 1011.02
17.3555 217.078 418.133 613.826 813.658 1015.95
17.4398 218.078 420.133 616.807 817.658 1020.88
17.5244 219.078 422.133 619.807 821.623 1025.83
17.5244 220.078 424.175 622.805 825.623  1030.8
17.5244 221.138 426.175 625.805 829.599 1035.76
17.6077 222.138 428.175 628.779 833.541 1040.76
17.6902 223.179 430.175 631.779 837.541 1045.64
17.6902 224.179 432.216 634.776 841.541  1050.6
17.7723  225.22 434.216 637.776 845.541 1055.47
17.8554  226.22 436.216 640.758 849.541 1060.41
17.8554 227.274 438.216 643.745 853.501 1065.41
17.8554 228.274 440.253 646.738 857.469 1070.41
17.9377 229.274 442.253  649.72 861.469 1075.35
17.9377 230.274 444.253 652.735 865.466 1080.33
17.9377 231.324 446.279 655.735 869.466 1085.26
18.0184 232.364 448.279 658.735 873.466 1090.14
18.0184 233.405 450.287 661.685 877.466 1095.14
18.0981 234.405 452.279 664.613 881.466 1100.14
18.1751 235.402 454.204 667.613 885.466 1105.14
18.1751 236.402 456.244 670.611 889.466  1110.1
18.1751 237.443 458.252 673.563 893.466  1115.1
18.2554 238.443 460.252 676.537 897.412  1120.1
 18.335 239.443 462.259 679.537 901.325  1125.1
18.4114 240.441 464.185 682.537 905.325  1130.1
18.4913 241.441   466.2 685.537 909.325 1135.01
 18.572 242.441   468.2 688.537 913.292 1139.96
 18.572 243.492   470.2 691.524 917.254 1144.96
18.6507 244.525   472.2 694.524 921.143 1149.96
18.6507 245.525 474.238 697.522 925.143 1154.92
  18.73 246.525 476.253 700.522 929.143 1159.83
  18.73 247.564  478.26 703.475 933.143 1164.83
 18.808 248.596  480.26 706.475 937.033 1169.83
18.8869 249.596 482.275 709.475 941.033 1174.73
18.8869 250.643 484.298 712.475 945.033 1179.66
18.8869 251.698 486.298 715.475 949.011 1184.63
18.8869 252.753 488.298 718.475  952.99  1189.6
18.8869 253.753 490.336 721.473  956.99 1194.56
18.9648 254.753 492.336 724.448 960.936 1199.56
18.9648 255.753 494.371 727.442 964.908 1204.56
19.0405 256.774 496.371 730.346 968.908 1209.56
19.0405 257.774 498.412 733.346 972.892 1214.54
19.0405 258.826 500.412 736.338 976.892 1219.49
19.1139 259.824 502.341 739.338 980.892 1224.49
19.1139 260.874 504.341 742.325 984.855 1229.49
19.1905 261.874 506.341 745.301 988.803 1234.49
19.2666 262.874 508.347 748.301 992.721 1239.49
19.2666 263.925 510.347 751.293 996.721 1244.45
19.2666 264.974 512.347 754.281 1000.68 1249.45
 19.342 265.974 514.353 757.281  1004.6 1254.45
19.4184 266.974 516.353 760.281 1008.57  1259.4
19.4184 268.012  518.36 763.236 1012.57  1264.4
19.4184 269.012 520.394  766.23 1016.54  1269.4
19.4928 270.043 522.394  769.23 1020.44  1274.4
19.5672 271.073 524.394  772.23 1024.33  1279.4
 19.642 272.109 526.394  775.23 1028.33 1284.29
19.7164  273.14 528.394  778.23 1032.23 1289.29
19.7164 274.183 530.411  781.23 1036.17 1294.29
19.7164 275.183 532.444 784.225 1040.14 1299.29
19.7895 276.203 534.444 787.132 1044.14 1304.29
 19.864 277.203 536.457 790.132 1048.14  1309.2
 19.864 278.255 538.457 793.132 1052.12 1314.17
 19.864 279.307 540.457 796.132  1056.1 1319.14
 19.864 280.359 542.457 799.132 1060.08 1324.11
 19.864 281.407 544.457  802.12 1064.04 1329.11
19.9345 282.406 546.389  805.12 1068.04 1334.11
19.9345 283.406 548.421 808.114 1072.01 1339.11
19.9345 284.406 550.459 811.114    1076 1344.09
 20.008 285.406 552.459 814.114 1079.97 1349.05
20.0802 286.436 554.459 817.114 1083.86 1354.05
20.1502 287.434 556.391 820.114 1087.86 1359.05
20.1502 288.483 558.391 823.107 1091.86 1364.01
20.1502 289.483 560.423 826.102 1095.84 1369.01
20.1502  290.53 562.423  829.09  1099.8 1374.01
20.2209 291.549 564.423     832  1103.8 1379.01
20.2932 292.549 566.423 834.978 1107.75 1384.01
20.3647 293.579 568.423 837.978 1111.65 1389.01
20.3647 294.627 570.423  840.97 1115.65 1393.97
20.4369 295.627 572.423 843.953 1119.65 1398.91
20.5085 296.627 574.429 846.953 1123.57 1403.91
20.5803 297.627  576.44 849.953 1127.57 1408.83
20.5803 298.627  578.44 852.965 1131.57 1413.82
20.5803 299.627 580.473 855.963 1135.57 1418.79
20.5803 300.627 582.473 858.974 1139.56 1423.78
20.5803  301.67 584.493 861.974 1143.56 1428.72
20.5803  302.72 586.493 864.974 1147.54 1433.69
20.6482 303.718 588.427 867.974 1151.54 1438.69
20.6482 304.758 590.443 870.974 1155.49 1443.69
20.6482 305.758 592.479 873.974 1159.47 1448.67
20.6482 306.793 594.485 876.933 1163.47 1453.67
20.7178 307.827 596.485 879.933 1167.47 1458.57
20.7178 308.827 598.521 882.933 1171.46 1463.54
20.7871  309.86 600.521 885.933 1175.46 1468.44
20.7871   310.9 602.536 888.933  1179.4 1473.44
20.8538 311.898 604.471 891.933  1183.4 1478.44
20.8538  312.94  606.49 894.933  1187.4 1483.38
20.9232  313.94  608.49 897.912 1191.35 1488.38
20.9924  314.94 610.502 900.912 1195.35  1493.3
20.9924 315.975 612.507 903.872 1199.35  1498.3
20.9924  317.02 614.507 906.861 1203.32  1503.3
21.0611  318.02 616.519 909.861 1207.32 1508.22
21.1296  319.02 618.524 912.861 1211.25 1513.22
21.1296  320.02 620.524 915.872 1215.24 1518.21
21.1296  321.02 622.524 918.884 1219.24  1523.2
21.1953 322.018  624.46 921.884 1223.24  1528.2
21.1953 323.018 626.494 924.884 1227.22 1533.18
21.2631 324.018 628.499 927.884 1231.15 1538.18
21.3317 325.018 630.499 930.884 1235.12 1543.14
21.4001 326.018 632.499 933.868 1239.12 1548.09
21.4685 327.018 634.499 936.853 1243.12 1553.04
21.5365 328.018  636.51 939.853 1247.12 1557.96
21.6033 329.036  638.51 942.768 1251.12 1562.96
21.6708 330.063  640.51 945.768 1255.03 1567.96
21.7382  331.09  642.51 948.768 1258.93 1572.96
21.7382  332.09  644.54 951.767 1262.93 1577.93
21.8064  333.09  646.54 954.751 1266.93 1582.88
21.8742  334.09 648.551 957.751 1270.93  1587.8
21.9425  335.09 650.551 960.751  1274.9 1592.76
21.9425  336.09 652.585 963.751 1278.89 1597.74
21.9425 337.123  654.59 966.713 1282.89 1602.74
21.9425 338.156 656.596 969.674 1286.89 1607.74
22.0073 339.153 658.533 972.674 1290.89 1612.74
22.0741 340.184 660.533 975.674 1294.89 1617.64
22.1407 341.211 662.533 978.674  1298.8 1622.64
22.1407 342.253 664.533 981.664 1302.76 1627.64
22.1407 343.253 666.561  984.66 1306.74 1632.64
22.1407 344.253 668.594  987.66 1310.73 1637.62
22.2073 345.253 670.605  990.66 1314.73 1642.55
22.2715 346.251 672.543  993.66 1318.73 1647.55
22.3384 347.251 674.543 996.645 1322.73  1652.5
22.3384 348.251 676.543 999.656 1326.72 1657.49
22.3384  349.29  678.56 1002.66 1330.72 1662.43
22.4034 350.306  680.56 1005.57 1334.72 1667.43
22.4034 351.306  682.56 1008.59 1338.72 1672.43
22.4696 352.306  684.56 1011.56 1342.67 1677.43
22.5358 353.306  686.56 1014.54 1346.63 1682.43
22.5358 354.347  688.56 1017.53  1350.6 1687.43
 22.602 355.347  690.56 1020.53 1354.57 1692.39
 22.602 356.386 692.578 1023.53 1358.57 1697.33
 22.602 357.386 694.607 1026.53 1362.57  1702.3
 22.602 358.427 696.607 1029.52 1366.54  1707.3
22.6672 359.427 698.616 1032.52 1370.54 1712.23
22.7322 360.456 700.616 1035.52 1374.54 1717.13
22.7971 361.486 702.616 1038.52 1378.54 1722.04
22.8617 362.486 704.608 1041.47 1382.54 1727.04
22.8617 363.527 706.608 1044.46 1386.51 1732.04
22.8617 364.527  708.64 1047.46 1390.49 1737.02
22.8617 365.527 710.669 1050.45 1394.49 1741.99
22.9262 366.527 712.672 1053.45 1398.43 1746.99
22.9886 367.524 714.612 1056.45 1402.43 1751.99
 23.053 368.524 716.616 1059.45 1406.36 1756.99
 23.053 369.555 718.621 1062.42 1410.36 1761.99
 23.053 370.596 720.621 1065.41 1414.33 1766.99
23.1176 371.596 722.621 1068.39 1418.33 1771.94
23.1797 372.593 724.561 1071.39 1422.33 1776.94
23.2438 373.593 726.564 1074.39 1426.26 1781.94
23.3083 374.593 728.564 1077.37 1430.22 1786.94
23.3083 375.593 730.592 1080.37 1434.22 1791.92
23.3721 376.622 732.592 1083.37 1438.22 1796.83
23.3721 377.622 734.592 1086.38 1442.21 1801.82
23.3721 378.652 736.597 1089.35 1446.21 1806.82
23.4356 379.681 738.597 1092.35 1450.21 1811.73
23.4356  380.72 740.597 1095.34 1454.18 1816.73
23.4356 381.761 742.597 1098.33 1458.18 1821.69
23.4356 382.761 744.623 1101.33 1462.16 1826.69
23.4356 383.761 746.623 1104.34 1466.16 1831.68
23.4984  384.79 748.623 1107.34 1470.16 1836.59
23.4984 385.824 750.635 1110.34 1474.11 1841.59
23.5607 386.824 752.627 1113.28 1478.11 1846.59
23.5607 387.854 754.632 1116.25 1482.11 1851.59
 23.623 388.878 756.632 1119.25 1486.02 1856.59
 23.623 389.909 758.636 1122.21 1490.02 1861.59
 23.623 390.909 760.666 1125.21 1494.01 1866.58
23.6848 391.909 762.658 1128.16 1498.01 1871.58
23.7472 392.909 764.667 1131.16 1502.01  1876.5
23.8091 393.933 766.667 1134.16 1505.93  1881.5
23.8091 394.972 768.667 1137.16 1509.93 1886.47
23.8091 395.972 770.694 1140.15 1513.93 1891.45
23.8091 397.014 772.694 1143.15 1517.91 1896.42
  23.87  398.03 774.694 1146.08 1521.91 1901.42
23.9309 399.045 776.694    1149 1525.91 1906.42
23.9309 400.045 778.694 1152.01  1529.9 1911.41
23.9309 401.081  780.71 1155.01  1533.9 1916.36
23.9309  402.12  782.71    1158  1537.9 1921.33
23.9309 403.154 784.722    1161 1541.86 1926.33
23.9309 404.154 786.747    1164 1545.84 1931.33
 23.991 405.169 788.747 1166.92 1549.84 1936.33
24.0524 406.169 790.747 1169.91 1553.84 1941.28
24.0524 407.169 792.774 1172.91 1557.84 1946.26
24.1128 408.169 794.766 1175.86 1561.84 1951.26
24.1737 409.169 796.774 1178.86 1565.84 1956.19
24.1737 410.203 798.786 1181.86 1569.79 1961.19
24.2348 411.203 800.786 1184.84 1573.79 1966.14
24.2946 412.218 802.786 1187.77 1577.79 1971.14
24.3554 413.218 804.795 1190.77 1581.79 1976.07
24.4142 414.216 806.738 1193.77 1585.79 1981.07
24.4752 415.216 808.738 1196.75 1589.75 1986.07
24.4752 416.254 810.738 1199.74 1593.75 1991.04
24.5353 417.254  812.73 1202.69 1597.75 1996.04
24.5353 418.289 814.745 1205.69 1601.75 2000.99
24.5353 419.326 816.745 1208.68 1605.72 2005.99
24.5954 420.326 818.748 1211.68 1609.66 2010.99
24.6562 421.326 820.748 1214.68 1613.63 2015.96
24.6562 422.326 822.777 1217.68 1617.62 2020.94
24.7162 423.326 824.779 1220.68 1621.56 2025.94
24.7162 424.326 826.808 1223.68 1625.55 2030.92
24.7162 425.364 828.808 1226.67 1629.55 2035.89
24.7759 426.364 830.811 1229.67 1633.49 2040.89
24.7759 427.364 832.811 1232.68 1637.48 2045.89
24.7759 428.401 834.811 1235.67 1641.46 2050.89
24.8336 429.399 836.755 1238.67 1645.46 2055.89
24.8336 430.431 838.767 1241.67 1649.41 2060.89
24.8912 431.429 840.711 1244.67 1653.41 2065.89
24.8912 432.429 842.711 1247.68 1657.41 2070.88
24.8912 433.429 844.739 1250.68  1661.4 2075.86
24.9499 434.429 846.731 1253.63  1665.4 2080.86
24.9499 435.429 848.755 1256.62 1669.38 2085.86
24.9499 436.466 850.755 1259.62 1673.35 2090.86
25.0083 437.466 852.747 1262.57 1677.35 2095.86
25.0667 438.488 854.747 1265.57 1681.27 2100.86
25.1252 439.488 856.739 1268.51 1685.27 2105.86
25.1252 440.521 858.754 1271.51 1689.27 2110.81
 25.183 441.536 860.754 1274.44 1693.27 2115.81
25.2419 442.536 862.754 1277.42 1697.23 2120.81
25.2419 443.536 864.779 1280.42 1701.23 2125.79
25.3003 444.561 866.779 1283.42 1705.23 2130.71
25.3003 445.598 868.779 1286.41 1709.23 2135.68
25.3583 446.598 870.771 1289.36 1713.23 2140.68
25.4168 447.598 872.778 1292.36 1717.23 2145.61
25.4752 448.598 874.785 1295.36 1721.23 2150.55
25.5332  449.62 876.785 1298.36 1725.15 2155.55
25.5332 450.657 878.785 1301.36 1729.15 2160.52
25.5332 451.657 880.812 1304.36 1733.14  2165.5
25.5332 452.657 882.812 1307.37 1737.14 2170.49
25.5915 453.657 884.812 1310.35 1741.14 2175.45
  25.65 454.657 886.812 1313.35 1745.11 2180.42
25.7083 455.657 888.812 1316.34 1749.11 2185.37
25.7083 456.694 890.812 1319.34  1753.1 2190.35
25.7653 457.708 892.812 1322.27  1757.1 2195.35
25.7653 458.746 894.812 1325.27 1761.08 2200.33
 25.823 459.746 896.814 1328.27 1765.02 2205.33
 25.823 460.784 898.814 1331.27    1769 2210.31
 25.823  461.82 900.814 1334.26    1773 2215.28
25.8805  462.82 902.821 1337.26    1777 2220.21
25.8805  463.82 904.844 1340.26 1780.99 2225.21
25.8805 464.853 906.858 1343.26 1784.99 2230.17
25.8805 465.883 908.869 1346.26 1788.94 2235.17
25.9368 466.897 910.869 1349.19 1792.94 2240.17
25.9936 467.897 912.861 1352.14 1796.94 2245.17
25.9936 468.935 914.861 1355.14 1800.93 2250.15
26.0504  469.96 916.861 1358.14 1804.93 2255.06
26.1077  470.96 918.861 1361.12 1808.93 2260.02
26.1077  471.96 920.888 1364.12 1812.92    2265
26.1077  472.96 922.888 1367.13 1816.92    2270
26.1077  473.96 924.914 1370.13 1820.91 2274.98
26.1641 474.984 926.914 1373.13 1824.91  2279.9
26.2208 475.984 928.921 1376.13 1828.91 2284.84
26.2772 477.009 930.921 1379.13 1832.91 2289.76
26.3334  478.03 932.921 1382.13 1836.83 2294.76
26.3904  479.03 934.921 1385.13  1840.8 2299.72
26.4467  480.03 936.913 1388.08  1844.8 2304.72
26.5036  481.03 938.913 1391.07  1848.8 2309.68
26.5036  482.03  940.94 1394.07 1852.79 2314.67
26.5036  483.03  942.94 1397.08 1856.79 2319.66
26.5036  484.06  944.95 1400.08 1860.75 2324.66
26.5597  485.06 946.952 1403.08 1864.69 2329.66
26.6156  486.06 948.944 1406.03 1868.69 2334.66
26.6717 487.084 950.944 1409.03 1872.69 2339.58
26.7276 488.105 952.944 1412.03 1876.62 2344.58
26.7276 489.141 954.944 1415.03  1880.6 2349.56
26.7276 490.141 956.968 1418.03  1884.6 2354.54
26.7836 491.141 958.974 1421.03  1888.6 2359.47
26.7836 492.173 960.988 1424.03  1892.6 2364.43
26.7836 493.173 963.012 1427.02  1896.6 2369.41
26.7836 494.206 965.012 1430.01 1900.58 2374.41
26.8385  495.22 967.012 1432.95 1904.58 2379.41
26.8385  496.22 969.012 1435.95 1908.57  2384.4
26.8943  497.22 971.012 1438.94 1912.57 2389.36
26.9501  498.22 973.012 1441.93 1916.57 2394.32
26.9501  499.22 975.012 1444.93 1920.57 2399.31
26.9501 500.249 977.022 1447.93 1924.53 2404.31
26.9501 501.249 979.022 1450.94 1928.53 2409.31
26.9501 502.249 981.047 1453.94 1932.52 2414.29
26.9501 503.278 983.058 1456.94 1936.48 2419.29
27.0053 504.278 985.058 1459.92 1940.44 2424.29
27.0604 505.278 987.058 1462.91 1944.41 2429.29
27.0604 506.307 989.068 1465.91 1948.37 2434.29
27.1138 507.305 991.017 1468.91 1952.37 2439.29
27.1685 508.305 993.019 1471.91 1956.31 2444.29
27.1685 509.305 995.019 1474.91 1960.31 2449.29
27.2236 510.305 997.019 1477.91 1964.28 2454.25
27.2236 511.336 999.032 1480.91 1968.28 2459.21
27.2779 512.336 1001.02 1483.87 1972.28 2464.21
27.3322 513.355 1003.02 1486.87 1976.21 2469.21
27.3872 514.355 1005.02 1489.87 1980.19 2474.18
27.4403 515.353 1006.97 1492.87 1984.19 2479.18
27.4403 516.353    1009 1495.87 1988.18 2484.16
27.4945 517.373    1011 1498.87  1992.1 2489.16
27.5475  518.37 1012.95 1501.87  1996.1 2494.16
27.5475  519.37 1014.97 1504.86  2000.1 2499.14
27.5475 520.403 1016.97 1507.86 2004.08 2504.14
27.6004   521.4 1018.92 1510.86 2008.08 2509.14
27.6004 522.426 1020.92 1513.83 2012.08 2514.14
27.6542 523.445 1022.92 1516.83 2016.01 2519.14
27.6542 524.475 1024.94 1519.83 2020.01  2524.1
27.7087 525.475 1026.94 1522.83 2023.98 2529.07
27.7087 526.475 1028.96 1525.83 2027.97 2534.06
27.7087 527.475 1030.98 1528.83 2031.97 2539.04
27.7087 528.475 1033.01 1531.83 2035.96 2544.02
 27.761 529.473 1034.96 1534.83 2039.96 2549.02
 27.761 530.473 1036.98 1537.83 2043.95 2554.01
 27.761 531.473    1039 1540.82 2047.93 2559.01
 27.761 532.473 1041.02 1543.82 2051.92 2564.01
27.8143 533.495 1043.02 1546.82 2055.92 2568.93
27.8676 534.518 1045.02 1549.82 2059.92 2573.85
27.9196 535.516 1046.97 1552.82 2063.92 2578.85
27.9196 536.516 1048.97 1555.83 2067.92 2583.85
27.9196  537.54 1050.98  1558.8 2071.92 2588.85
27.9729  538.54 1052.98  1561.8 2075.92 2593.79
28.0261  539.54 1054.98  1564.8 2079.86 2598.79
28.0261  540.54 1057.01  1567.8 2083.86 2603.77
28.0261  541.54 1059.03 1570.79 2087.86 2608.75
28.0261 542.574 1061.03 1573.79 2091.85 2613.73
28.0261 543.574 1063.05 1576.79 2095.84 2618.72
28.0261 544.608 1065.05 1579.79 2099.82  2623.7
28.0261 545.608 1067.07 1582.79 2103.82 2628.68
28.0789 546.608 1069.07 1585.78 2107.82 2633.64
28.0789 547.639 1071.07 1588.77  2111.8 2638.64
28.1312 548.658 1073.07 1591.77 2115.73 2643.64
28.1841 549.658 1075.07 1594.77 2119.71 2648.61
28.1841 550.689 1077.07 1597.76 2123.68 2653.61
28.2364 551.712 1079.07 1600.76 2127.68 2658.53
28.2882 552.724 1081.07  1603.7 2131.68 2663.53
28.2882 553.756 1083.07 1606.69 2135.68 2668.51
28.2882 554.756 1085.09 1609.69 2139.67 2673.51
28.3405 555.756  1087.1 1612.69 2143.67 2678.45
28.3405  556.78  1089.1 1615.66 2147.67 2683.45
28.3405 557.807 1091.11 1618.66 2151.63 2688.45
28.3405 558.835 1093.12 1621.66 2155.59 2693.45
28.3923 559.857 1095.12 1624.66 2159.59 2698.37
28.4446 560.857 1097.12 1627.66 2163.57 2703.34
28.4446 561.857 1099.14 1630.66 2167.57 2708.32
28.4964 562.857 1101.14 1633.66 2171.52 2713.32
28.4964 563.884 1103.15 1636.66 2175.48 2718.32
 28.548 564.906 1105.15 1639.66 2179.48 2723.25
28.5997 565.906 1107.16 1642.66 2183.43 2728.25
28.5997 566.935 1109.17 1645.66 2187.43 2733.21
28.5997 567.935 1111.17 1648.67 2191.42  2738.2
28.5997 568.935 1113.19 1651.67 2195.42 2743.18
28.5997 569.968 1115.19 1654.67 2199.41 2748.17
28.5997 570.995  1117.2 1657.67 2203.37 2753.17
28.5997 572.026  1119.2 1660.66 2207.37 2758.14
28.6511 573.026  1121.2 1663.65 2211.34 2763.14
 28.702 574.045  1123.2 1666.65 2215.27 2768.14
 28.702 575.045  1125.2 1669.65 2219.27 2773.13
 28.702 576.069  1127.2 1672.63 2223.27 2778.13
 28.702   577.1  1129.2 1675.62 2227.27 2783.11
28.7524 578.112  1131.2 1678.56 2231.27 2788.11
28.7524 579.136 1133.21 1681.53 2235.27 2793.11
28.7524 580.163 1135.21 1684.53 2239.23 2798.11
28.7524 581.195 1137.21 1687.53 2243.22 2803.09
28.8031 582.195 1139.22 1690.53 2247.22 2808.03
28.8538 583.195 1141.23 1693.53 2251.22 2812.98
28.9043 584.217 1143.23 1696.53 2255.22  2817.9
28.9547 585.235 1145.23 1699.53 2259.15  2822.9
29.0057 586.235 1147.23 1702.53 2263.13 2827.88
29.0057 587.259 1149.23  1705.5 2267.13 2832.88
29.0057 588.283 1151.23 1708.48 2271.13 2837.88
29.0057 589.314 1153.23 1711.47 2275.13 2842.85
29.0057 590.345 1155.23 1714.47 2279.13 2847.82
29.0562 591.345 1157.23 1717.45 2283.09 2852.82
29.0562 592.369 1159.24 1720.42 2287.09 2857.82
29.0562 593.397 1161.25 1723.42 2291.09 2862.78
 29.105 594.395  1163.2 1726.42 2295.09 2867.78
 29.105 595.423 1165.21 1729.42 2299.09 2872.74
29.1553 596.423 1167.21 1732.41 2303.09 2877.71
29.1553 597.423 1169.23 1735.41 2307.08 2882.71
29.2052 598.444 1171.23 1738.41 2311.08 2887.64
29.2552 599.444 1173.24 1741.41 2315.08 2892.58
29.3039 600.442 1175.19 1744.41 2319.08 2897.58
29.3039 601.475 1177.19 1747.41 2323.06 2902.56
29.3535 602.475 1179.18 1750.37 2327.06 2907.56
29.4031 603.493 1181.18 1753.37 2330.99 2912.56
29.4531 604.493 1183.18 1756.35 2334.96 2917.56
29.4531 605.523 1185.18 1759.34 2338.96 2922.54
29.4531 606.547 1187.19 1762.32 2342.96 2927.54
29.5025 607.547 1189.18 1765.28 2346.96 2932.54
29.5521 608.568 1191.18 1768.28 2350.96 2937.46
29.5521 609.568 1193.18 1771.28 2354.96 2942.46
29.6015 610.568 1195.17 1774.24 2358.96 2947.46
 29.651 611.589 1197.17 1777.24 2362.96 2952.39
 29.651 612.617 1199.18 1780.24 2366.96 2957.35
29.7003 613.617 1201.18  1783.2 2370.96 2962.35
29.7003  614.64 1203.18 1786.17 2374.96 2967.35
29.7494  615.64 1205.17 1789.13 2378.96 2972.35
29.7988  616.64 1207.17 1792.13 2382.91 2977.35
29.8485  617.64 1209.17 1795.12 2386.91 2982.31
29.8485  618.64 1211.19 1798.11 2390.89 2987.31
29.8485 619.669 1213.19 1801.11 2394.87 2992.31
29.8978 620.669  1215.2 1804.11 2398.87 2997.26
29.8978 621.669 1217.21  1807.1 2402.86 3002.26
29.9458 622.667 1219.17  1810.1 2406.86 3007.26
29.9951 623.667 1221.17  1813.1 2410.86  3012.2
29.9951 624.697 1223.17  1816.1 2414.84  3017.2
 30.044 625.697 1225.17 1819.05 2418.84  3022.2
 30.044 626.697 1227.17 1822.06 2422.83  3027.2
 30.044  627.72 1229.17 1825.03 2426.83  3032.2
30.0928  628.74 1231.17 1828.03 2430.83 3037.13
30.1406 629.738 1233.12 1831.03 2434.83 3042.13
30.1893 630.738 1235.12 1833.99 2438.83 3047.13
30.1893 631.738 1237.14 1836.99 2442.82 3052.12
30.2385 632.738 1239.14 1839.99  2446.8 3057.09
30.2385 633.767 1241.14 1842.99 2450.78 3062.09
30.2385 634.794 1243.15 1845.99 2454.78 3067.05
30.2385 635.824 1245.15 1848.98 2458.78 3072.03
30.2385 636.853 1247.15 1851.97 2462.76 3077.03
30.2385 637.853 1249.17 1854.97 2466.76 3082.01
30.2385 638.876 1251.17 1857.95 2470.76 3087.01
30.2866 639.876 1253.16  1860.9 2474.76 3092.01
 30.335 640.876 1255.16  1863.9 2478.71 3097.01
 30.335 641.904 1257.16  1866.9 2482.69 3102.01
30.3828 642.916 1259.16 1869.84 2486.69 3107.01
30.3828 643.916 1261.19 1872.84 2490.68    3112
30.3828 644.916  1263.2 1875.84 2494.68 3116.98
30.3828 645.916 1265.22 1878.83 2498.67 3121.98
30.4303 646.927 1267.22 1881.77 2502.67 3126.98
30.4773 647.925 1269.18 1884.77 2506.67 3131.98
30.4773 648.925  1271.2 1887.77 2510.66 3136.97
30.5255 649.925  1273.2 1890.76 2514.66 3141.93
30.5255 650.925 1275.22 1893.76 2518.65 3146.92
30.5255 651.925 1277.24 1896.76 2522.64 3151.92
30.5731 652.925 1279.23 1899.72 2526.64 3156.92
30.6211 653.925 1281.23  1902.7 2530.61 3161.92
30.6688 654.925 1283.22 1905.66 2534.61 3166.92
30.7168 655.925 1285.22 1908.64 2538.57 3171.92
30.7641 656.936 1287.22 1911.59 2542.57 3176.92
30.7641 657.964 1289.22 1914.58 2546.55 3181.92
30.8108 658.962 1291.18 1917.58 2550.55 3186.92
30.8583 659.979 1293.18 1920.58 2554.49 3191.92
30.8583 660.979  1295.2 1923.58 2558.48  3196.9
30.9049 661.977 1297.15 1926.58 2562.48  3201.9
30.9049 662.977 1299.17 1929.57 2566.47  3206.9
30.9049 664.003 1301.18 1932.57 2570.47 3211.87
30.9527 665.003 1303.18 1935.56 2574.47 3216.83
30.9527 666.003  1305.2 1938.56 2578.46 3221.82
30.9527 667.033  1307.2 1941.56 2582.45  3226.8
30.9527 668.061  1309.2 1944.55 2586.43  3231.8
30.9989 669.059 1311.16 1947.55 2590.43  3236.8
31.0464 670.059 1313.16 1950.54 2594.39  3241.8
31.0464 671.089 1315.16 1953.54 2598.38 3246.79
31.0464 672.089 1317.18 1956.54 2602.38 3251.77
31.0938 673.089 1319.18 1959.52 2606.35 3256.77
31.1407 674.105 1321.18 1962.52 2610.29 3261.77
31.1407 675.105  1323.2 1965.52 2614.28 3266.76
31.1407 676.105 1325.22 1968.52 2618.27 3271.76
31.1407 677.127 1327.22 1971.49 2622.27 3276.76
31.1875 678.127 1329.21 1974.45 2626.27 3281.76
31.2344 679.127 1331.21 1977.45 2630.22 3286.76
31.2344 680.151 1333.22 1980.45 2634.19 3291.76
31.2344  681.18 1335.22 1983.45 2638.19 3296.73
31.2344 682.204 1337.23 1986.45 2642.15 3301.73
31.2344 683.204 1339.25 1989.44 2646.15 3306.72
31.2344 684.232 1341.25 1992.44 2650.13 3311.72
31.2344 685.257 1343.26 1995.44 2654.13 3316.68
 31.281 686.257 1345.26 1998.44 2658.09 3321.68
31.3264 687.256 1347.21 2001.44 2662.09 3326.68
31.3733 688.256 1349.21 2004.44 2666.07 3331.65
31.3733 689.256 1351.23 2007.44 2670.06 3336.64
31.3733 690.281 1353.24 2010.44 2674.06 3341.61
31.3733 691.309 1355.24 2013.43 2678.06 3346.58
31.4191  692.32 1357.24 2016.38 2682.06 3351.58
31.4191  693.32 1359.26 2019.38 2686.05 3356.57
31.4191 694.349 1361.26 2022.38 2690.04 3361.56
31.4191 695.349 1363.28 2025.37 2694.02 3366.56
31.4651 696.365 1365.28 2028.37 2697.96 3371.56
31.5111 697.385 1367.28 2031.37 2701.96 3376.49
31.5574 698.385 1369.28 2034.36 2705.93 3381.49
31.5574  699.41 1371.29 2037.36 2709.93 3386.45
31.5574  700.41 1373.29 2040.36 2713.93 3391.45
31.5574  701.41 1375.31 2043.36 2717.93 3396.43
31.6033  702.41 1377.31 2046.36 2721.88 3401.43
31.6033  703.41 1379.33 2049.36 2725.88 3406.42
31.6493  704.41 1381.33 2052.34 2729.85 3411.42
31.6952  705.41 1383.33 2055.34  2733.8 3416.42
31.6952  706.41 1385.35 2058.34  2737.8  3421.4
31.6952  707.41 1387.36 2061.34  2741.8 3426.39
31.6952  708.41 1389.38 2064.34 2745.79 3431.39
31.7411  709.41 1391.38 2067.32 2749.79 3436.35
31.7857 710.408 1393.34 2070.32 2753.79 3441.35
31.8316 711.408 1395.34 2073.32 2757.77 3446.33
31.8316 712.432 1397.35 2076.32 2761.74 3451.33
31.8774 713.432 1399.35 2079.31 2765.74 3456.29
31.9226 714.442 1401.35 2082.26 2769.74 3461.29
31.9677 715.452 1403.35  2085.2 2773.74 3466.29
32.0133 716.471 1405.35  2088.2 2777.74 3471.23
32.0133 717.471 1407.37  2091.2 2781.73 3476.22
32.0586 718.487 1409.37  2094.2 2785.67 3481.22
32.0586 719.514 1411.37  2097.2 2789.67 3486.19
32.0586 720.514 1413.37  2100.2 2793.67 3491.19
32.1043 721.514 1415.37  2103.2 2797.65 3496.17
32.1495 722.514 1417.36 2106.16 2801.65 3501.17
32.1495 723.535 1419.36 2109.14 2805.65 3506.17
32.1495 724.535 1421.36 2112.14 2809.65 3511.16
32.1947 725.535 1423.36 2115.14  2813.6 3516.16
32.1947 726.559 1425.37 2118.14 2817.57 3521.16
32.2397 727.575 1427.37 2121.14 2821.51 3526.16
32.2839 728.572 1429.33 2124.14 2825.51 3531.16
32.2839   729.6 1431.33 2127.14 2829.51 3536.14
32.3281 730.598 1433.29 2130.14 2833.51 3541.14
32.3281 731.624 1435.29 2133.13 2837.49 3546.14
32.3281 732.624 1437.31 2136.13 2841.48 3551.13
32.3734 733.624 1439.31 2139.13 2845.46  3556.1
32.3734 734.624 1441.32 2142.13 2849.46 3561.09
32.4186 735.624 1443.32 2145.13 2853.44 3566.06
32.4186 736.647 1445.33 2148.13 2857.41 3571.06
32.4631 737.657 1447.33 2151.08 2861.41 3576.06
32.4631 738.678 1449.33 2154.05 2865.41 3581.06
32.5075 739.688 1451.33    2157 2869.41 3586.06
32.5525 740.688 1453.33    2160 2873.39 3591.04
32.5525 741.709 1455.34 2162.97 2877.39 3596.04
32.5972 742.727 1457.34 2165.97 2881.39 3600.97
 32.641 743.725 1459.29 2168.97 2885.39 3605.97
32.6857 744.743 1461.29 2171.97 2889.39 3610.91
32.7306 745.743  1463.3 2174.97 2893.39 3615.86
32.7755 746.743  1465.3 2177.96 2897.36 3620.86
32.8204 747.743  1467.3 2180.94 2901.33 3625.86
32.8647 748.753  1469.3 2183.89 2905.33 3630.86
32.8647 749.753 1471.32 2186.89 2909.32 3635.85
32.9097 750.753 1473.32 2189.89 2913.31 3640.83
32.9097 751.753 1475.32 2192.89  2917.3 3645.82
32.9541 752.753 1477.31 2195.86  2921.3 3650.82
32.9541 753.774 1479.31 2198.83  2925.3 3655.82
32.9985 754.789 1481.31 2201.83 2929.24 3660.82
33.0434 755.789 1483.31 2204.83 2933.22  3665.8
33.0434 756.789 1485.33 2207.83 2937.22 3670.78
 33.088 757.789 1487.33 2210.82 2941.19 3675.78
 33.088  758.81 1489.33 2213.79 2945.19 3680.78
33.1325  759.81 1491.34 2216.79 2949.19 3685.73
33.1325  760.81 1493.34  2219.8 2953.19 3690.73
 33.177  761.81 1495.34  2222.8 2957.19 3695.68
33.2213 762.827 1497.34  2225.8 2961.19 3700.62
33.2648 763.825  1499.3  2228.8 2965.19 3705.62
33.2648 764.852  1501.3 2231.79 2969.19  3710.6
33.3087 765.861  1503.3 2234.74 2973.19  3715.6
33.3087 766.861 1505.32 2237.74 2977.19 3720.59
33.3529 767.879 1507.32 2240.74 2981.19 3725.53
33.3529 768.903 1509.33 2243.74 2985.19 3730.49
33.3529 769.923 1511.33 2246.72 2989.19 3735.49
 33.397 770.923 1513.33 2249.72 2993.14 3740.49
 33.441 771.923 1515.32 2252.68 2997.14 3745.49
 33.441 772.943 1517.33 2255.66 3001.14 3750.49
33.4849 773.958 1519.33 2258.66 3005.08 3755.49
33.4849 774.958 1521.34 2261.66 3009.08 3760.48
33.4849 775.958 1523.36 2264.65 3013.07 3765.48
33.4849 776.958 1525.37 2267.65 3017.07 3770.46
33.5285 777.968 1527.37  2270.6 3021.07 3775.46
 33.572 778.978 1529.37 2273.54 3025.07 3780.46
33.6162 779.978 1531.37 2276.54 3029.05 3785.44
33.6162     781 1533.38 2279.54 3033.02 3790.44
  33.66     782 1535.38 2282.54 3036.98 3795.44
33.7041     783 1537.38 2285.53 3040.98 3800.41
33.7041     784  1539.4 2288.53 3044.97 3805.39
33.7477 785.015  1541.4 2291.53 3048.91 3810.39
33.7917 786.015  1543.4 2294.52 3052.91 3815.36
33.8358 787.015  1545.4 2297.52 3056.89 3820.34
33.8358 788.015  1547.4 2300.52 3060.89 3825.33
33.8358 789.038 1549.41 2303.52 3064.89  3830.3
33.8358 790.058 1551.41  2306.5 3068.89  3835.3
33.8792 791.058 1553.41 2309.47 3072.89  3840.3
33.9229 792.058 1555.41 2312.47 3076.89 3845.26
33.9229 793.058 1557.43 2315.46 3080.89 3850.24
33.9667 794.058 1559.43 2318.45 3084.89 3855.21
34.0103 795.058 1561.43 2321.45 3088.85 3860.21
34.0103 796.058 1563.44 2324.45 3092.84  3865.2
 34.054 797.058 1565.44 2327.44 3096.84 3870.17
34.0978 798.058 1567.44 2330.44 3100.82 3875.14
34.0978 799.058 1569.46 2333.44 3104.81 3880.14
34.0978 800.058 1571.48 2336.44  3108.8 3885.13
34.0978 801.078 1573.48 2339.41  3112.8 3890.13
34.1411 802.078 1575.48 2342.41 3116.76 3895.13
34.1411 803.102 1577.48 2345.41 3120.74 3900.13
 34.184 804.112 1579.48 2348.35 3124.74 3905.13
34.2275 805.112 1581.48 2351.34 3128.71 3910.13
34.2275 806.131 1583.48 2354.32 3132.71 3915.13
34.2706 807.148 1585.48 2357.32 3136.71 3920.07
34.2706 808.148  1587.5 2360.32  3140.7 3925.06
34.2706 809.175  1589.5 2363.32 3144.69 3930.05
34.2706 810.197 1591.51 2366.32 3148.66 3935.05
34.2706 811.197 1593.52 2369.32 3152.66 3940.03
34.2706 812.216 1595.53 2372.29 3156.66 3945.03
34.3136 813.216 1597.53 2375.29 3160.62 3950.03
34.3136 814.216 1599.54 2378.29 3164.61 3955.03
34.3136 815.216 1601.54 2381.29 3168.61 3960.03
34.3566 816.216 1603.54 2384.28 3172.58 3965.03
34.3991 817.225 1605.54 2387.23 3176.58 3970.03
34.3991 818.245 1607.55 2390.21 3180.58 3975.03
34.3991 819.264 1609.55 2393.18 3184.58 3980.03
34.3991 820.264 1611.56 2396.18 3188.58 3985.01
34.3991 821.264 1613.56 2399.19 3192.58 3990.01
34.4416 822.264 1615.56 2402.15 3196.58 3995.01
34.4844 823.264 1617.56 2405.14 3200.58 3999.98
34.5273 824.264 1619.56 2408.13 3204.58 4004.95
34.5273 825.264 1621.56 2411.13 3208.57 4009.95
34.5273 826.287 1623.57 2414.13 3212.57 4014.91
34.5273 827.306 1625.57 2417.11 3216.57 4019.91
  34.57 828.306 1627.57 2420.11 3220.56 4024.89
  34.57 829.306 1629.57 2423.11 3224.55 4029.89
  34.57 830.331 1631.57 2426.11 3228.55 4034.87
  34.57 831.353 1633.58 2429.11 3232.55 4039.84
  34.57 832.376 1635.59 2432.11 3236.55  4044.8
34.6125 833.376 1637.59 2435.11 3240.54 4049.78
 34.654 834.374 1639.55 2438.11 3244.54 4054.78
34.6962  835.39 1641.55 2441.11 3248.54 4059.72
34.6962  836.39 1643.57 2444.11 3252.53 4064.71
34.7385  837.39 1645.57 2447.11 3256.53 4069.67
34.7385 838.416 1647.57 2450.11 3260.52 4074.65
34.7806 839.433 1649.57 2453.11 3264.52 4079.59
34.7806 840.433 1651.58  2456.1 3268.51 4084.59
34.8226 841.433 1653.58 2459.07 3272.51 4089.59
 34.865 842.433 1655.58 2462.07 3276.49 4094.57
34.9072 843.433 1657.58 2465.07 3280.49 4099.52
34.9072 844.457 1659.58 2468.06 3284.49  4104.5
34.9072  845.48 1661.59 2471.06 3288.49 4109.47
34.9072 846.501  1663.6 2474.06 3292.46 4114.47
34.9493 847.501  1665.6 2477.05 3296.46 4119.44
34.9493 848.526  1667.6 2480.05 3300.46 4124.42
34.9493 849.551  1669.6 2483.05 3304.45 4129.41
34.9493 850.551 1671.61 2486.04 3308.44 4134.41
34.9914 851.551 1673.61 2489.04 3312.42 4139.38
35.0332 852.568 1675.61 2492.04 3316.42 4144.32
35.0332 853.568 1677.63 2495.04 3320.41 4149.32
35.0741 854.566 1679.59 2498.04 3324.41 4154.32
 35.116 855.566 1681.59 2501.03 3328.38 4159.32
35.1574 856.575 1683.59 2503.98 3332.38 4164.32
35.1984 857.572 1685.55 2506.98 3336.38 4169.32
35.2403 858.572 1687.55 2509.96 3340.35 4174.32
35.2823 859.572 1689.55 2512.96 3344.33  4179.3
35.2823 860.598 1691.55 2515.96 3348.32 4184.29
35.2823 861.617 1693.55 2518.94 3352.32 4189.29
35.3242 862.617 1695.55 2521.93 3356.32 4194.26
35.3659 863.617 1697.56 2524.93 3360.32 4199.21
35.3659  864.64 1699.56 2527.92 3364.31 4204.21
35.3659  865.64 1701.57 2530.92 3368.31  4209.2
35.4075  866.64 1703.57 2533.92 3372.27  4214.2
35.4075  867.64 1705.59 2536.92 3376.27 4219.18
35.4075 868.661 1707.59 2539.92 3380.24 4224.18
35.4489 869.677 1709.59 2542.92 3384.24 4229.13
35.4905 870.677 1711.59  2545.9 3388.21 4234.13
35.4905 871.699  1713.6  2548.9 3392.21 4239.09
35.5318 872.699  1715.6 2551.87 3396.21 4244.09
35.5735 873.699  1717.6 2554.87 3400.19 4249.07
 35.615 874.699  1719.6 2557.87 3404.19 4254.03
 35.656 875.708  1721.6 2560.82 3408.19 4259.03
 35.656 876.732  1723.6 2563.81 3412.18 4264.03
35.6974 877.748  1725.6 2566.81 3416.18 4268.97
35.6974 878.748 1727.61 2569.81 3420.18 4273.96
35.6974 879.772 1729.61  2572.8 3424.18 4278.94
35.7378  880.77 1731.58  2575.8 3428.18 4283.94
35.7792  881.77 1733.58  2578.8 3432.18 4288.89
35.7792 882.792 1735.59  2581.8 3436.18 4293.86
35.8201   883.8 1737.59 2584.75 3440.18 4298.86
35.8201   884.8  1739.6 2587.75 3444.16 4303.86
35.8611   885.8  1741.6 2590.72 3448.16 4308.86
35.8611 886.825  1743.6 2593.72 3452.15 4313.85
35.8611 887.846  1745.6 2596.72 3456.13 4318.85
35.9022 888.862  1747.6 2599.72 3460.13 4323.79
35.9022 889.862  1749.6 2602.72 3464.13 4328.79
35.9022 890.887  1751.6 2605.72 3468.12 4333.77
35.9433 891.887  1753.6 2608.71 3472.09 4338.77
35.9839 892.896  1755.6 2611.66 3476.09 4343.77
35.9839 893.919  1757.6 2614.65 3480.07 4348.77
35.9839 894.944  1759.6 2617.65 3484.06 4353.76
35.9839 895.944 1761.62 2620.65 3488.06 4358.75
35.9839 896.964 1763.63 2623.65 3492.03 4363.75
36.0244 897.973 1765.63  2626.6 3496.03 4368.75
36.0649 898.982 1767.63 2629.55 3500.03 4373.75
36.1049  899.98 1769.59 2632.55 3504.03 4378.75
36.1457 900.996 1771.59 2635.55 3508.03 4383.69
36.1865 901.996 1773.59 2638.55 3511.99 4388.69
36.2272 902.996 1775.58 2641.52 3515.99 4393.69
36.2678 904.009 1777.58 2644.52 3519.93 4398.69
36.2678 905.009  1779.6 2647.51 3523.93 4403.68
36.3078 906.007 1781.56 2650.51 3527.93 4408.68
36.3484 907.007 1783.55 2653.48 3531.93 4413.68
36.3484  908.03 1785.55 2656.47 3535.92 4418.68
36.3893  909.03 1787.55 2659.46 3539.92 4423.65
36.3893 910.048 1789.55 2662.44 3543.92 4428.65
  36.43 911.048 1791.56 2665.44 3547.92  4433.6
  36.43 912.072 1793.56 2668.44 3551.92 4438.59
36.4708 913.072 1795.56 2671.42 3555.89 4443.59
36.5114 914.088 1797.56 2674.42 3559.89 4448.53
36.5517 915.096 1799.56 2677.37 3563.89 4453.53
36.5922 916.112 1801.56 2680.37 3567.89 4458.47
36.6328 917.128 1803.56 2683.37 3571.89 4463.42
36.6328 918.152 1805.56 2686.37 3575.89  4468.4
36.6726 919.149 1807.52 2689.37 3579.89  4473.4
36.7134 920.149 1809.52 2692.36 3583.89 4478.37
36.7539 921.165 1811.52 2695.36 3587.89 4483.31
36.7943 922.165 1813.51 2698.32 3591.89 4488.31
36.8348 923.165 1815.51 2701.29 3595.89 4493.31
36.8756 924.165 1817.51 2704.29 3599.87 4498.29
36.8756 925.165 1819.52 2707.29 3603.87 4503.28
36.8756 926.185 1821.53 2710.29 3607.85 4508.28
36.8756 927.205 1823.53 2713.29 3611.82 4513.28
36.8756  928.23 1825.53 2716.29 3615.81 4518.26
36.9157 929.238 1827.53 2719.24 3619.81 4523.26
36.9562 930.238 1829.53 2722.22 3623.79 4528.26
36.9968 931.238 1831.53 2725.21 3627.79 4533.23
36.9968 932.238 1833.55 2728.21 3631.78 4538.22
37.0364 933.236 1835.51 2731.21 3635.78 4543.22
37.0364 934.236 1837.53 2734.21 3639.77 4548.21
37.0364 935.236 1839.54 2737.21 3643.76 4553.21
37.0766 936.236 1841.54 2740.21 3647.72 4558.21
37.1169 937.236 1843.55 2743.21 3651.72 4563.17
37.1572 938.236 1845.54 2746.21 3655.68 4568.17
37.1974 939.252 1847.54 2749.21 3659.68 4573.12
37.2373  940.26 1849.54 2752.16 3663.68 4578.12
37.2373 941.284 1851.54 2755.16 3667.67  4583.1
37.2373 942.284 1853.56 2758.16 3671.67 4588.09
37.2777 943.284 1855.56 2761.16 3675.65 4593.07
37.3172 944.282 1857.52 2764.16 3679.65 4598.07
37.3172 945.306 1859.52 2767.16 3683.64 4603.05
37.3172 946.306 1861.52 2770.16 3687.64 4608.05
37.3172 947.306 1863.54 2773.16 3691.64 4613.04
37.3572 948.306 1865.54 2776.16  3695.6 4618.04
37.3572 949.306 1867.55 2779.16  3699.6 4623.03
37.3974 950.306 1869.55 2782.16 3703.58    4628
37.4373 951.319 1871.55 2785.16 3707.53    4633
37.4373 952.342 1873.55 2788.16 3711.52 4637.99
37.4373 953.342 1875.55 2791.16 3715.52 4642.99
37.4373 954.342 1877.57 2794.16 3719.51 4647.98
37.4373 955.362 1879.57 2797.16 3723.49 4652.98
37.4771 956.377 1881.57 2800.16 3727.49 4657.92
37.5171 957.377 1883.57 2803.16 3731.47  4662.9
37.5566 958.386 1885.57 2806.12 3735.47  4667.9
37.5566 959.409 1887.57 2809.12 3739.46 4672.88
37.5566 960.427 1889.58  2812.1 3743.46 4677.88
37.5566 961.427 1891.59 2815.09 3747.45 4682.88
37.5964 962.427 1893.59 2818.08 3751.42 4687.88
37.6358 963.435 1895.59 2821.03 3755.42 4692.88
37.6754 964.448 1897.59 2824.03 3759.37 4697.88
37.6754 965.472 1899.59 2827.03 3763.36 4702.87
37.7151 966.472 1901.59 2830.03 3767.36 4707.83
37.7151 967.472 1903.59 2833.03 3771.36 4712.83
37.7151 968.495 1905.59 2836.03 3775.35 4717.81
37.7547 969.495 1907.59 2839.03 3779.31 4722.81
37.7547 970.518 1909.59 2842.03  3783.3 4727.81
37.7941  971.53 1911.59 2845.03 3787.24 4732.81
37.7941 972.552 1913.59 2848.02 3791.23 4737.81
37.8338 973.552 1915.59 2851.02 3795.21 4742.79
37.8734 974.552 1917.59 2854.01 3799.19 4747.79
37.9129 975.552 1919.59 2857.01 3803.15 4752.79
37.9129 976.575 1921.59    2860 3807.13 4757.79
37.9129 977.592 1923.59 2862.98 3811.13 4762.79
37.9516  978.59 1925.56 2865.98 3815.13 4767.79
37.9907 979.598 1927.56 2868.93 3819.13 4772.79
38.0303 980.598 1929.56 2871.92 3823.13 4777.76
38.0696 981.613 1931.56 2874.92 3827.13 4782.71
38.1092 982.613 1933.56 2877.91 3831.11 4787.71
38.1092 983.634 1935.57 2880.91 3835.11 4792.68
38.1487 984.634 1937.57  2883.9 3839.11 4797.65
 38.188 985.634 1939.56 2886.86 3843.11 4802.65
38.2275 986.634 1941.56 2889.85 3847.08 4807.65
38.2669 987.634 1943.56 2892.85 3851.08 4812.61
38.3063 988.634 1945.56 2895.85 3855.08 4817.57
38.3455 989.646 1947.56 2898.85 3859.03 4822.57
38.3842 990.644 1949.53 2901.85 3863.03 4827.57
38.4236 991.644 1951.53 2904.85 3867.03 4832.53
38.4629 992.659 1953.53 2907.85 3871.03 4837.47
38.4629 993.659 1955.54 2910.85 3875.02 4842.47
38.5025 994.659 1957.54 2913.85    3879 4847.45
38.5417 995.659 1959.54 2916.81    3883 4852.45
38.5417 996.659 1961.55 2919.81 3886.99 4857.45
38.5812 997.659 1963.55 2922.81 3890.97 4862.43
38.5812 998.681 1965.55  2925.8 3894.96 4867.43
38.5812 999.698 1967.55 2928.78 3898.96 4872.43
38.5812 1000.72 1969.55 2931.78 3902.96 4877.41
38.5812 1001.74 1971.56 2934.78 3906.93 4882.41
38.6203 1002.75 1973.56 2937.78 3910.93 4887.35
38.6587 1003.75 1975.52 2940.78 3914.93 4892.35
38.6977 1004.75 1977.51 2943.75 3918.93 4897.35
38.7369 1005.75 1979.52 2946.75 3922.93 4902.31
38.7369 1006.77 1981.52 2949.73 3926.93 4907.31
38.7369 1007.77 1983.52 2952.73 3930.93 4912.31
38.7752 1008.77 1985.48 2955.73 3934.93 4917.31
38.8142 1009.78 1987.48 2958.73 3938.93 4922.26
38.8534 1010.78 1989.48 2961.72 3942.91 4927.26
38.8926 1011.78 1991.48  2964.7 3946.88 4932.26
38.9318 1012.78 1993.48  2967.7 3950.87 4937.23
38.9318  1013.8 1995.48  2970.7 3954.87 4942.22
38.9709  1014.8 1997.49  2973.7 3958.87 4947.18
38.9709  1015.8 1999.49  2976.7 3962.86 4952.17
39.0096 1016.81 2001.49 2979.66 3966.86 4957.17
39.0485 1017.81 2003.48 2982.66 3970.83 4962.17
39.0877 1018.81 2005.48 2985.64 3974.83 4967.15
39.0877 1019.83 2007.48 2988.64 3978.82 4972.13