2.66667 2.66667       3       4 2.66667       6
4.26667 3.66667     4.8       7 6.66667     9.6
4.26667 4.66667 7.04299  10.271 10.6667  14.086
5.37878 5.88304 9.04299  13.271 14.6667 17.7575
5.37878 7.13488 10.9672 16.0949 18.6667 22.7575
6.20779 8.13488 12.6576 18.5756 22.6667 27.7575
6.20779 9.13488 14.8033 21.7245 26.6667 32.4629
6.20779 10.1349 17.0057 24.7245 30.6342 37.2929
6.81243  11.122 19.0057 27.1327 34.6342 42.2929
7.50779  12.122 21.0057 29.9022 38.1694 47.2929
8.15041  13.122 22.8037 32.4616 42.1694 52.2929
8.81917  14.122 24.6748 35.4616 45.6295 57.2929
9.48794  15.122 26.5459 38.4616 49.0896 62.2929
9.48794 16.3003 28.5459 41.4584 52.9146 67.2929
10.1299 17.3003 30.5459 44.2635 56.9146 71.8459
10.1299 18.4685 32.5459 47.2523 60.7576 76.8459
10.1299  19.624 34.5823 50.2523 64.7576  81.654
10.1299  20.624 36.6594 53.2706 68.7576 86.5585
10.6809  21.624 38.6594 56.2706 72.4979 91.2671
 11.232  22.624 40.6594 59.2706 76.2382 95.9757
 11.783  23.624 42.6594 62.2706 79.9785 100.684
 11.783  24.624 44.6594 65.3466 83.9292 105.658
 11.783  25.624 46.7319 68.3791 87.8241 110.658
 12.274  26.624 48.7319 71.2285 91.4837 115.658
12.7671  27.624 50.7319 74.0896 95.4837 120.304
13.2601  28.624 52.7319 76.9508 99.4837 124.949
13.2601  29.624 54.8028 79.9728 103.484 129.857
13.6673 30.5338 56.4859 82.9728 107.484 134.857
13.6673 31.6391 58.4859 85.9765 111.375 139.857
14.1035 32.6488 60.4859 88.9765 114.929 144.857
14.1035 33.6488 62.5448 92.0053 118.841 149.857
14.1035 34.7498 64.5448 95.0158  122.73 154.857
14.5263 35.7498 66.4797 98.0158  126.73 159.499
 14.961 36.7498 68.4797 101.016 130.522 164.272
 14.961  37.841 70.5131 104.016 134.398 169.272
 14.961  38.841 72.5673 107.046 138.313 174.272
 14.961 39.9286 74.5995 110.046 142.313 179.152
15.3545 40.9286 76.5995 112.941 146.313 183.864
15.3545 42.0193 78.5995  115.95 150.313 188.764
15.3545 43.0193   80.65 118.975 154.313 193.688
15.3545 44.0193   82.65 122.032 158.278 198.665
  15.72 45.0193   84.65 124.938 162.278 203.395
  15.72 46.0193   86.65 127.993 166.248  208.37
  15.72 47.0786 88.6445  130.94 170.248  213.37
  15.72 48.1575  90.676  133.94 174.248 218.259
16.0666 49.1575  92.676  136.94 178.089 223.071
16.0666 50.1575 94.7232 139.965 182.089 227.999
16.3992 51.1575 96.7232 142.862 185.859 232.999
16.7283 52.1575 98.6642 145.862 189.589 237.999
17.0484 53.1575 100.553 148.654 193.589 242.999
17.3716  54.165 102.553 151.654 197.258 247.999
17.3716 55.2496 104.553 154.654 201.208 252.965
17.6773  56.222 106.553 157.376 205.208 257.965
 17.983 57.1943 108.553 160.098 209.208 262.965
18.2992 58.1999 110.553 163.098 212.886 267.965
18.2992 59.1999 112.553 166.137 216.853 272.958
18.2992 60.2512 114.551 169.087 220.853 277.958
18.2992 61.3158 116.575 172.087 224.853  282.87
18.6059 62.3158 118.529 175.087 228.853  287.61
18.9109 63.3158 120.472 178.087 232.605  292.61
19.2173 64.3158 122.424 181.087 236.605 297.351
19.2173 65.3158 124.461 184.101 240.605   302.3
19.4932 66.2533 126.248 187.101 244.605   307.3
19.4932 67.3138 128.269 190.101 248.605 312.218
19.7863  68.326 130.269 193.101 252.605 316.913
19.7863 69.3894 132.269 196.106 256.536 321.913
19.7863 70.3894 134.304 199.124 260.484 326.913
20.0752 71.3894 136.304 202.031 264.287 331.913
20.0752 72.4477 138.325 205.031 268.287 336.834
20.0752 73.5097 140.325 208.037  272.22 341.834
20.3414 74.4846 142.325 210.796  276.22 346.834
20.6138 75.4846  144.23 213.618  280.22 351.834
20.6138 76.5453  146.23 216.619 284.157 356.834
 20.888 77.5453 148.176 219.619 287.938 361.834
 20.888  78.602 150.195 222.619 291.862 366.834
21.1611  79.602 152.195  225.53 295.678 371.834
21.4298 80.6126 154.195  228.53 299.678 376.555
21.6984 81.6232 156.195  231.53 303.678 381.275
21.9671 82.6339 158.195  234.53 307.678 385.996
21.9671 83.6769 160.192  237.49 311.678 390.996
21.9671 84.6769 162.224 240.504 315.632 395.996
22.2331 85.6769 164.224 243.416 319.454 400.996
22.2331 86.6769 166.224 246.446 323.431 405.989
22.4921 87.6869 168.224 249.446 327.431 410.719
22.7345 88.6318 170.037 252.446 331.431 415.719
22.7345 89.6318 172.076 255.446 335.406 420.705
22.9904 90.6406 174.076 258.446 339.406 425.441
23.2463 91.6495 176.076 261.446 343.406 430.176
23.5054 92.6495 178.076  264.36 347.233 435.176
23.5054 93.6495 180.105 267.372 351.233 440.134
 23.765 94.6495 182.105 270.372 355.113 444.996
 23.765 95.6495 184.105 273.403 359.093 449.984
24.0194 96.6495 186.105 276.331 363.093 454.802
24.0194 97.6495 188.134 279.343 367.052 459.802
24.2702 98.6495 190.134  282.26 370.884 464.802
24.5204 99.6495 192.094  285.26 374.884 469.592
 24.766 100.648 194.094  288.26  378.64 474.592
25.0167 101.648 196.094 291.177 382.472 479.592
25.0167 102.696 198.094 294.181 386.472  484.54
25.2657 103.696 200.094 297.109 390.472 489.363
25.2657 104.696 202.094 300.138 394.453 494.352
25.5052 105.696 204.009 302.983 398.453 499.352
25.5052 106.744 206.009 305.986 402.453 504.302
25.7314 107.691 207.836 308.986 406.453 509.302
25.7314 108.737 209.836 311.989 410.404 514.302
25.9721 109.737 211.836 314.909 414.244 519.302
25.9721 110.784 213.836 317.911 418.244 524.253
26.2079 111.789 215.836 320.911 422.244 529.012
26.4418 112.787 217.836 323.911 426.012 534.012
26.6796 113.787 219.796 326.911 430.012 538.814
26.9153 114.792 221.796 329.911 434.012 543.574
27.1531 115.792 223.755 332.911 438.012 548.376
27.3752 116.739 225.586 335.911 442.012 553.376
27.3752 117.739 227.609 338.924 446.012  558.34
27.3752 118.783 229.609 341.929 450.012 563.291
27.3752 119.783 231.609 344.957 453.997 568.278
27.6018 120.783 233.527 347.813 457.997 573.278
27.8334 121.783 235.486 350.813 461.997 578.088
28.0559 122.757 237.486 353.617 465.997 583.088
28.2833 123.752 239.486 356.617 469.774 588.088
28.5134 124.752 241.434 359.617 473.596 593.088
28.5134 125.752 243.434 362.642 477.581 598.078
28.5134 126.783  245.43 365.616 481.581 603.078
 28.741 127.783 247.389 368.616 485.581 607.891
28.9685 128.783 249.348 371.616 489.581 612.705
29.1973 129.783 251.348  374.55 493.581 617.542
 29.425 130.783 253.348 377.471 497.431 622.542
 29.425 131.783 255.369 380.483 501.431 627.509
 29.425 132.783  257.39 383.495 505.431 632.476
 29.425 133.823  259.39 386.499 509.431 637.431
29.6476 134.823  261.39 389.423 513.285 642.431
29.8681 135.826  263.39 392.423 517.285 647.208
30.0821 136.799  265.39 395.236 521.285 652.208
30.3055 137.799  267.39  398.17 525.285  657.05
30.5277 138.799 269.351  401.17 529.285 661.868
30.7486 139.799   271.3  404.17 533.115 666.868
30.9626 140.772   273.3 406.983 537.115 671.868
30.9626 141.815   275.3 409.983 541.094 676.845
31.1857 142.815   277.3 412.983 544.993 681.723
31.4049 143.815 279.249 415.983 548.825 686.723
31.4049 144.851 281.261 418.983 552.778 691.723
31.4049 145.851 283.261 422.005 556.765 696.713
31.6095 146.801 285.106 425.005 560.765 701.713
31.6095 147.829 287.102 427.981 564.765 706.713
31.8242 148.829 289.052 430.981 568.601 711.713
31.8242 149.829 291.071 433.991 572.601 716.684
31.8242 150.865 293.071 436.994 576.562 721.684
32.0296 151.839 295.071 439.814 580.562 726.684
32.0296 152.839 297.071 442.835  584.55 731.675
32.2378 153.833 299.071 445.835 588.348 736.675
32.4494 154.833 301.071 448.762  592.21 741.675
32.6617 155.833 303.071 451.698  596.21 746.527
32.6617 156.868 305.071   454.7  600.21 751.489
32.6617 157.868  307.09 457.709  604.21 756.462
32.8586  158.82 308.941 460.709  608.21 761.462
33.0694  159.82 310.941 463.709 612.113 766.348
33.0694 160.854 312.952 466.709 616.113 771.304
33.0694 161.854  314.97 469.718 620.086 776.304
33.2723 162.846  316.97 472.718  623.89 781.304
33.2723 163.846 318.988 475.728 627.862 786.304
33.4778 164.846 320.988 478.666 631.862  791.16
33.4778 165.846 323.006 481.675 635.835  796.16
33.6701 166.799 324.861 484.675 639.835  801.16
33.6701 167.832 326.861 487.678 643.835 806.124
33.8721 168.832 328.822 490.678 647.835 810.961
34.0633 169.785 330.678 493.678 651.835 815.961
34.2643 170.785  332.63 496.678 655.682 820.961
34.2643 171.785 334.645 499.688 659.682 825.935
34.2643 172.817 336.655 502.688 663.682 830.895
34.4611 173.809 338.655 505.688 667.493 835.895
34.4611 174.809 340.671 508.698 671.466 840.895
 34.656 175.809 342.598 511.576 675.466 845.895
 34.656 176.845 344.598 514.576 679.446 850.879
 34.854 177.845 346.598 517.516 683.446  855.74
35.0533 178.845 348.598 520.516 687.354 860.633
35.2472 179.845 350.526 523.395 691.354 865.633
35.2472 180.845 352.541 526.403 695.354  870.61
35.2472 181.875 354.549 529.403 699.315  875.61
 35.436  182.85 356.549  532.24 703.315  880.61
 35.436  183.88 358.558  535.24 707.315 885.571
 35.436 184.915 360.558  538.24 711.296 890.555
 35.436 185.946 362.558 541.242 715.296 895.522
 35.627 186.946 364.512 544.242 719.151 900.522
35.8162 187.939 366.512 547.242  722.97 905.522
36.0065 188.937 368.512 550.242  726.97 910.333
36.1968 189.936 370.512 553.242  730.97 915.144
36.3904 190.936 372.512 556.242  734.88  920.04
36.5823 191.936 374.512 559.175 738.755  925.04
36.5823 192.959 376.508 562.156 742.755  930.04
36.7716 193.957 378.508 565.156 746.755 934.852
36.9622 194.957  380.47 568.156 750.755 939.699
36.9622 195.987 382.479 571.156 754.755 944.661
36.9622 197.021 384.479 574.156 758.737 949.645
37.1517 198.021 386.479 577.099 762.737 954.512
 37.339 199.019 388.479 580.099 766.737 959.326
37.5246 200.019  390.41 582.982 770.737 964.326
37.7135 201.019  392.41 585.915 774.615 969.326
37.8995 202.011  394.41 588.915 778.437 974.326
37.8995 203.011 396.431 591.915 782.425 979.318
37.8995 204.011 398.431 594.933 786.414 984.311
38.0865 205.011 400.431 597.867 790.293 989.311
38.2719 206.009 402.431 600.867 794.293 994.127
38.2719 207.009 404.451 603.867 798.281 999.119
38.4577 208.009 406.415 606.867 802.281 1003.97
 38.638 208.984 408.415 609.712 806.281 1008.97
38.8208 209.984 410.347 612.597 810.281 1013.97
38.8208 210.984 412.347 615.614 814.271 1018.96
39.0027 211.984  414.28 618.499 818.271 1023.96
39.0027 213.012 416.288 621.499 822.237 1028.96
39.0027 214.044 418.288 624.499  826.22 1033.95
39.0027 215.044 420.302 627.506 830.198 1038.95
39.1857 216.044 422.302  630.45 834.198 1043.82
39.1857 217.044 424.302 633.466 838.189 1048.81
39.1857 218.072 426.302 636.467 842.189 1053.78
39.1857 219.072 428.316 639.474 846.168 1058.78
39.1857 220.103 430.316 642.474 850.152 1063.77
39.3653 221.103 432.316 645.419 854.152 1068.64
39.3653 222.132 434.316 648.421 858.152 1073.61
39.3653 223.159 436.324 651.421 862.152 1078.58
39.5403 224.151 438.324 654.421 865.985 1083.58
39.7177 225.151 440.324 657.357 869.871 1088.58
39.7177 226.151 442.338 660.364  873.85 1093.58
39.7177 227.178 444.347 663.364  877.85 1098.54
39.7177 228.206 446.347 666.366  881.85 1103.51
39.8933 229.206 448.347 669.312  885.85 1108.39
39.8933 230.206 450.366 672.312 889.839 1113.38
 40.069 231.206 452.366 675.312 893.759 1118.29
 40.069 232.206 454.366 678.327  897.75 1123.28
 40.069 233.236 456.366 681.327 901.734 1128.27
40.2406 234.235 458.366 684.327 905.734  1133.1
40.4053 235.194 460.242 687.327 909.734  1138.1
40.5754 236.194 462.179  690.22 913.734  1143.1
40.5754  237.22 464.179 693.221 917.706  1148.1
40.5754  238.22 466.193 696.228 921.706 1153.08
40.5754 239.246   468.2 699.228 925.706 1158.04
40.7447 240.245   470.2 702.228 929.706 1162.88
40.9157 241.245   472.2 705.175 933.706 1167.76
40.9157 242.245   474.2  708.19 937.699 1172.75
41.0843 243.243   476.2  711.19 941.699 1177.58
41.0843 244.273   478.2  714.19 945.685 1182.57
41.2539 245.273   480.2 717.139 949.685 1187.45
41.2539 246.299   482.2 720.141 953.685 1192.42
41.2539 247.326   484.2 723.143 957.685 1197.39
41.2539 248.326 486.218 726.143 961.676 1202.38
41.2539 249.326 488.237 729.143 965.667 1207.37
41.2539 250.326 490.249 732.149 969.649 1212.37
41.4209 251.326 492.249 735.149 973.574 1217.28
41.4209 252.351 494.256 738.149 977.543 1222.28
41.4209 253.371 496.253 741.132 981.543 1227.28
41.5832 254.363 498.253 744.132 985.388 1232.28
41.7489 255.363 500.253 747.132 989.313 1237.19
41.7489 256.389 502.253 750.134 993.313 1242.16
41.7489 257.415 504.253 753.135 997.287 1247.16
41.9112 258.415 506.214 756.135 1001.16 1252.16
42.0741 259.415 508.182 759.135 1005.16 1257.03
42.2377 260.415 510.182 762.086 1009.16 1261.92
42.2377  261.44 512.182 765.086 1013.14 1266.92
42.3977  262.44 514.123 767.986 1017.14 1271.92
42.5594  263.44 516.083 770.986 1021.02 1276.92
42.7218  264.44 518.083 773.927 1024.91 1281.92
42.8831 265.439 520.083 776.927 1028.91 1286.76
42.8831 266.464 522.091 779.927 1032.91 1291.72
42.8831 267.488 524.099 782.927 1036.91 1296.69
42.8831 268.508 526.096 785.911 1040.91 1301.69
42.8831 269.508 528.113 788.911  1044.9 1306.68
42.8831 270.531  530.12 791.911 1048.87 1311.68
43.0356 271.494 532.005 794.911 1052.87 1316.68
43.1948 272.494 533.973 797.911 1056.87 1321.55
43.3534 273.494 535.934 800.911 1060.75 1326.55
43.5127 274.494 537.934 803.854 1064.65 1331.55
43.5127 275.494 539.951 806.854 1068.64 1336.55
43.5127 276.518 541.958 809.854 1072.64 1341.51
43.5127 277.518 543.975 812.854 1076.63 1346.51
43.6702 278.518 545.944 815.854 1080.63 1351.38
43.6702 279.537 547.941 818.838 1084.63 1356.38
43.8277 280.537 549.941  821.79 1088.63 1361.27
43.8277 281.537 551.953 824.797 1092.63 1366.25
43.8277 282.537 553.965 827.803 1096.62 1371.25
43.8277 283.561 555.965 830.804 1100.59 1376.25
43.8277 284.588 557.965 833.804 1104.58 1381.24
43.9824 285.588 559.965 836.749 1108.48 1386.24
43.9824 286.612 561.965 839.749 1112.45 1391.24
43.9824 287.612 563.965 842.763 1116.45 1396.23
44.1352 288.611 565.965 845.763 1120.45 1401.08
44.1352 289.638 567.965 848.763 1124.43 1406.06
44.1352 290.656 569.962 851.748 1128.43 1411.06
44.2882 291.656 571.962 854.701 1132.43 1415.96
44.2882 292.683 573.962 857.701 1136.42 1420.94
44.2882  293.71 575.962 860.701 1140.41 1425.93
44.4378  294.71 577.906 863.607 1144.41 1430.93
44.4378 295.733 579.912 866.607 1148.38 1435.93
44.4378 296.757 581.912 869.609 1152.38  1440.9
44.5874 297.756 583.912 872.609 1156.38 1445.75
44.5874 298.756 585.912 875.623 1160.37 1450.75
44.5874 299.756 587.928 878.623 1164.37 1455.74
 44.736 300.756 589.928 881.623 1168.37 1460.59
 44.736 301.782 591.928 884.623 1172.35 1465.58
44.8844 302.782 593.891 887.623 1176.24 1470.58
45.0333 303.782 595.862 890.623 1180.24 1475.46
45.0333 304.806 597.862 893.625 1184.24 1480.43
45.1799 305.806 599.807 896.533 1188.24 1485.43
45.1799 306.806 601.807 899.546 1192.24 1490.42
45.3243 307.787 603.807 902.421 1196.24 1495.42
45.3243  308.81 605.814 905.421 1200.24 1500.39
45.4701 309.803 607.814 908.421  1204.1 1505.39
45.6167 310.802 609.814 911.421  1208.1 1510.25
45.6167 311.802 611.825 914.427 1212.08 1515.25
45.7631 312.802 613.789 917.427 1215.97 1520.25
45.9043 313.767 615.682 920.427 1219.97 1525.25
45.9043 314.767 617.682  923.44 1223.97 1530.24
46.0491  315.76 619.682  926.44 1227.83 1535.24
46.1948 316.759 621.682  929.44 1231.83  1540.1
46.3396 317.752 623.682  932.44 1235.69  1545.1
46.3396 318.752 625.682 935.453 1239.68 1550.09
46.3396 319.778 627.682 938.453 1243.67 1555.08
46.4862 320.778 629.682 941.453  1247.6    1560
46.4862 321.803 631.682 944.453 1251.59 1564.98
46.4862 322.825 633.688 947.453 1255.57 1569.98
46.6274 323.805 635.688 950.331 1259.57 1574.98
46.7664 324.771 637.583 953.331 1263.57 1579.98
 46.911 325.771 639.554 956.331 1267.57 1584.87
47.0566 326.771 641.554 959.331  1271.5 1589.79
47.2012 327.771 643.525 962.331  1275.5 1594.67
47.3442 328.764 645.525 965.331 1279.36 1599.67
47.3442 329.786 647.525 968.332 1283.34 1604.67
47.3442 330.807  649.53 971.332 1287.32 1609.67
47.3442 331.832  651.53 974.332  1291.3 1614.66
47.3442 332.832  653.53 977.345  1295.3 1619.65
47.4855 333.825  655.53 980.345 1299.16 1624.65
47.6275 334.823  657.53 983.345 1303.16 1629.51
47.6275 335.845  659.53 986.346 1307.14 1634.51
47.7684 336.839  661.53 989.346 1311.01 1639.51
47.7684 337.839 663.541 992.353 1315.01 1644.49
47.9098 338.839 665.506 995.353  1318.9 1649.49
48.0528 339.839 667.506 998.353 1322.83 1654.42
48.0528 340.863 669.506 1001.35 1326.82  1659.4
 48.189 341.829 671.403 1004.35 1330.82  1664.4
 48.189 342.854 673.403 1007.35 1334.81 1669.39
 48.189 343.854 675.403 1010.37  1338.8 1674.38
 48.189 344.854 677.417 1013.37  1342.8 1679.38
 48.324  345.82 679.316 1016.37  1346.8 1684.38
 48.324 346.836 681.312 1019.35  1350.8 1689.38
 48.324  347.86 683.312 1022.35 1354.78 1694.37
 48.324  348.86 685.322 1025.36 1358.77 1699.37
 48.324  349.86 687.331 1028.37 1362.75 1704.37
48.4612 350.854 689.331 1031.37 1366.62 1709.37
48.5948 351.821 691.231 1034.37 1370.62 1714.37
48.5948 352.841 693.236 1037.37  1374.6 1719.37
48.7279 353.808 695.135 1040.37  1378.6 1724.37
48.8657 354.808   697.1 1043.37 1382.49 1729.37
48.8657 355.828 699.105 1046.37 1386.47 1734.37
48.8657 356.848 701.109 1049.37 1390.44 1739.37
49.0027 357.848 703.075 1052.37 1394.34 1744.37
 49.137 358.829 705.075 1055.25 1398.34 1749.37
49.2747 359.829 707.075 1058.21 1402.34 1754.27
49.4117 360.829  709.04 1061.21 1406.24 1759.27
49.4117  361.85  711.04 1064.21 1410.22 1764.27
49.4117  362.85 713.049 1067.22  1414.2 1769.27
49.4117  363.85 715.058 1070.22  1418.2 1774.25
 49.548  364.85 717.058 1073.18 1422.11 1779.25
49.6852  365.85 719.058 1076.18 1426.05 1784.18
49.8214  366.85 721.029 1079.18 1430.05 1789.07
49.9563 367.843 723.029 1082.18 1433.92 1794.07
50.0929 368.843 725.029 1085.14 1437.92 1798.98
50.0929 369.864 727.029 1088.14  1441.9 1803.98
50.2288 370.864 729.029 1091.09 1445.81 1808.98
50.2288 371.883 731.034 1094.09 1449.79 1813.98
50.3635 372.881 733.034 1097.09 1453.79 1818.84
 50.499 373.881 735.006 1100.09 1457.79 1823.74
50.6297 374.849 736.908 1103.09 1461.79 1828.74
50.7655 375.849 738.908 1106.05 1465.79 1833.64
50.7655 376.849 740.916 1109.05 1469.79 1838.63
50.8999 377.846 742.916 1112.05 1473.79 1843.49
 51.032 378.827 744.916 1114.94 1477.79 1848.49
 51.032 379.847 746.916 1117.94 1481.79 1853.47
 51.162 380.815 748.819 1120.94 1485.79 1858.47
 51.162 381.815 750.827 1123.95 1489.77 1863.47
51.2917 382.783  752.73 1126.95 1493.77 1868.47
51.4269 383.783  754.73 1129.95 1497.71  1873.4
51.4269 384.802 756.734 1132.95 1501.69  1878.4
51.5594 385.802 758.683 1135.87 1505.69  1883.4
51.6905 386.783 760.683 1138.76 1509.69  1888.4
51.8216 387.763 762.683 1141.64 1513.69  1893.4
 51.954 388.763 764.633 1144.56 1517.69  1898.4
 51.954 389.783 766.637 1147.56 1521.69 1903.37
52.0876 390.783 768.609 1150.56 1525.69 1908.27
52.0876 391.802 770.609 1153.56 1529.67 1913.27
52.0876 392.802 772.621 1156.56 1533.66 1918.26
52.0876 393.824 774.621 1159.56 1537.65 1923.25
52.2174 394.805 776.621 1162.45 1541.65 1928.25
52.2174 395.805 778.629 1165.46 1545.64 1933.25
52.3496 396.805 780.601 1168.46 1549.64 1938.15
52.3496 397.805 782.601 1171.47 1553.63 1943.14
52.3496 398.824 784.601 1174.47 1557.63 1948.12
52.4799 399.817 786.601 1177.47 1561.51 1953.12
52.4799 400.838 788.601 1180.47  1565.5 1958.11
52.4799 401.857 790.601 1183.47 1569.48 1963.11
52.6064 402.826 792.506 1186.47 1573.48 1968.11
52.7373 403.826 794.478 1189.47 1577.48 1973.01
52.8685 404.826 796.478 1192.43 1581.48 1977.92
 52.998 405.826 798.428 1195.35 1585.48 1982.92
 52.998 406.826 800.439 1198.35 1589.47 1987.91
53.1286 407.826 802.411 1201.35 1593.47 1992.81
53.1286 408.826 804.419 1204.36 1597.47  1997.8
53.2576 409.818 806.419 1207.36 1601.35  2002.8
53.2576 410.818 808.419 1210.37 1605.34 2007.79
53.3868 411.815 810.419 1213.37 1609.34 2012.67
53.5167 412.815 812.391 1216.37 1613.34 2017.56
53.5167 413.815 814.399 1219.38 1617.34 2022.55
53.6459 414.815 816.365 1222.38 1621.25 2027.55
53.6459 415.833 818.368 1225.38 1625.23 2032.55
53.7755 416.833 820.368 1228.34 1629.23 2037.46
53.9005 417.802 822.275 1231.34 1633.23 2042.46
53.9005 418.816 824.271 1234.33 1637.23 2047.46
54.0291 419.816 826.237 1237.33 1641.13 2052.46
54.1554 420.798 828.237 1240.22 1645.13 2057.46
54.1554 421.815 830.241 1243.22 1649.11 2062.46
54.1554 422.834 832.241 1246.22 1653.11 2067.44
54.1554 423.854 834.241 1249.22  1657.1 2072.43
54.1554 424.875 836.241 1252.22 1661.09 2077.42
54.1554 425.893 838.244 1255.22 1665.07 2082.42
54.2786 426.862 840.151 1258.22 1669.07 2087.42
54.4047 427.862 842.103 1261.14 1673.07 2092.42
54.5321 428.862 844.103  1264.1 1676.99 2097.42
54.5321 429.862 846.103 1267.11 1680.98 2102.42
54.6595 430.862 848.103 1270.07 1684.98 2107.33
54.7841 431.843 850.103 1272.96 1688.98 2112.33
54.7841 432.843  852.11 1275.97 1692.98 2117.32
54.7841 433.861 854.113 1278.97 1696.96 2122.32
54.7841 434.861 856.123 1281.97 1700.95 2127.31
54.9103 435.861 858.096 1284.97 1704.95 2132.21
55.0365 436.861 860.068 1287.97 1708.95 2137.11
55.1623 437.861 862.035 1290.97 1712.86 2142.11
55.2889 438.861 864.035 1293.93 1716.86 2147.03
55.2889 439.879 866.038 1296.93 1720.86    2152
55.2889 440.896 868.042 1299.93 1724.86 2156.98
55.2889 441.896 870.049 1302.93 1728.85 2161.98
55.2889 442.914 872.049 1305.93 1732.85 2166.96
55.2889 443.914 874.049 1308.94 1736.84 2171.96
55.2889 444.934 876.049 1311.94 1740.83 2176.95
55.4094 445.904 877.958 1314.94 1744.83 2181.95
55.5326 446.904 879.911 1317.87 1748.83 2186.95
55.6565 447.901 881.911 1320.87 1752.83 2191.83
55.6565 448.915 883.907 1323.86 1756.83 2196.83
55.6565 449.932 885.907 1326.86 1760.82 2201.83
55.7798 450.929 887.907 1329.86 1764.82 2206.71
55.9013 451.912 889.907 1332.76 1768.82 2211.71
55.9013 452.929  891.91 1335.76  1772.8 2216.71
 56.025 453.929  893.91 1338.71 1776.72 2221.71
 56.025 454.942 895.906  1341.7 1780.72 2226.71
56.1491 455.942 897.906  1344.7 1784.66 2231.64
56.1491 456.942 899.906 1347.71 1788.66 2236.63
56.2729 457.942 901.906 1350.71  1792.6 2241.57
56.3963 458.942 903.906 1353.67  1796.6 2246.48
56.5201 459.942 905.906 1356.67 1800.55 2251.41
56.5201 460.962 907.906 1359.67 1804.54  2256.4
56.5201 461.962 909.916 1362.67 1808.53  2261.4
56.6427 462.962 911.916 1365.63 1812.45  2266.4
56.6427 463.975 913.913 1368.62 1816.45  2271.4
56.7611 464.946 915.824 1371.62 1820.45  2276.4
56.7611 465.965 917.824 1374.62 1824.44 2281.39
56.7611 466.965 919.831 1377.62 1828.44 2286.38
56.7611 467.965  921.84 1380.62 1832.44 2291.37
56.8826 468.965  923.84 1383.58 1836.36 2296.37
 57.003 469.957  925.84 1386.58 1840.25 2301.37
57.1245 470.957 927.814 1389.58 1844.25 2306.28
57.1245 471.974 929.817 1392.58 1848.25 2311.26
57.2434 472.957 931.817 1395.48 1852.25 2316.26
57.2434 473.957 933.827 1398.48 1856.24 2321.25
57.3638 474.954 935.827 1401.48 1860.24 2326.14
57.3638 475.954 937.833 1404.48 1864.23 2331.14
 57.484 476.951 939.833 1407.48 1868.23 2336.02
57.6036 477.943 941.833 1410.48 1872.12 2341.02
57.7243 478.943 943.833 1413.44 1876.04 2346.02
57.7243  479.96 945.833 1416.44 1880.04    2351
57.7243 480.979 947.833 1419.44 1884.03 2355.99
57.7243 481.996 949.833 1422.44 1888.03 2360.97
57.7243 482.996  951.84 1425.45 1892.03 2365.96
57.7243 483.996 953.846 1428.45 1896.02 2370.96
57.8435 484.996 955.815 1431.45 1899.94 2375.96
57.8435 486.013 957.815 1434.45 1903.92 2380.96
57.9604 486.995 959.815 1437.35 1907.92 2385.96
57.9604 488.012 961.815 1440.35  1911.9 2390.96
57.9604 489.012 963.821 1443.36  1915.9 2395.95
57.9604 490.028 965.825 1446.36  1919.9 2400.93
58.0767 491.011 967.825 1449.26  1923.9 2405.93
58.1951 492.011 969.799 1452.26  1927.9 2410.84
58.1951 493.028 971.799 1455.26  1931.9 2415.82
58.1951 494.028 973.799 1458.27  1935.9 2420.81
58.3126 495.025 975.799 1461.27  1939.9  2425.7
58.3126 496.042 977.799 1464.27 1943.88  2430.7
58.3126 497.042 979.808 1467.27 1947.87 2435.69
58.3126 498.058 981.812 1470.27 1951.87 2440.67
58.4288 499.051 983.812 1473.27 1955.77 2445.67
58.5463 500.051 985.812 1476.23 1959.77 2450.59
58.6639 501.051 987.812  1479.2 1963.77 2455.51
58.7811 502.051 989.812 1482.15 1967.69 2460.51
58.7811 503.051 991.812 1485.16 1971.69 2465.51
58.8978 504.051 993.781 1488.16  1975.6 2470.51
59.0151 505.051 995.781 1491.12  1979.6 2475.43
59.0151 506.067 997.784 1494.12  1983.6 2480.41
59.1314 507.064 999.784 1497.12  1987.6  2485.3
59.2476 508.061 1001.78 1500.12  1991.6 2490.18
59.2476 509.077 1003.78 1503.13 1995.58 2495.18
59.3642 510.077 1005.76 1506.13 1999.58 2500.09
59.4808 511.077 1007.76 1509.08 2003.51 2505.09
59.4808 512.093 1009.76 1512.08 2007.49 2510.09
59.5961 513.085 1011.76 1515.08 2011.38 2515.09
59.5961 514.085 1013.76 1518.09 2015.38 2520.09
59.7118 515.085 1015.73 1521.09 2019.29 2525.09
59.7118 516.098 1017.73 1524.08 2023.29 2530.09
59.7118 517.098 1019.73 1527.09 2027.28 2535.09
59.7118 518.111 1021.73 1530.08 2031.28 2540.09
59.7118 519.127 1023.73 1533.08 2035.28 2545.07
59.8265 520.124 1025.73 1536.08 2039.28 2549.96
59.9406 521.124 1027.69 1539.01 2043.28 2554.96
60.0548 522.117 1029.69 1542.01 2047.18 2559.96
60.0548 523.135 1031.69 1545.01 2051.17 2564.95
60.0548 524.135 1033.69 1548.01 2055.16 2569.95
60.0548 525.135  1035.7 1551.02 2059.14 2574.95
60.0548 526.135  1037.7 1554.03 2063.14 2579.94
60.0548 527.147  1039.7 1557.02 2067.14 2584.94
60.1689 528.147  1041.7 1559.98 2071.07 2589.94
60.2797 529.119 1043.61 1562.98 2075.07 2594.94
 60.394 530.119 1045.61 1565.94 2079.07 2599.87
60.5047 531.091 1047.53 1568.94 2083.07 2604.87
60.6185 532.091  1049.5 1571.94 2086.98 2609.87
60.6185 533.091 1051.51 1574.94 2090.97 2614.87
60.6185 534.107 1053.51 1577.95 2094.97 2619.85
60.6185  535.12  1055.5 1580.94 2098.97 2624.85
60.6185 536.135 1057.51 1583.94 2102.97 2629.83
60.6185  537.15 1059.51 1586.94 2106.96 2634.83
60.7295 538.134 1061.51 1589.84 2110.96 2639.83
60.7295 539.146 1063.51 1592.83 2114.96 2644.83
60.7295 540.159  1065.5 1595.82 2118.96 2649.83
60.7295 541.174 1067.51 1598.82 2122.96 2654.81
60.8416 542.174 1069.48 1601.82 2126.87 2659.81
60.9536 543.174 1071.45 1604.82 2130.79 2664.81
61.0657 544.174 1073.42 1607.82 2134.71 2669.81
61.0657 545.191 1075.42 1610.82  2138.7  2674.8
61.0657 546.191 1077.42 1613.83  2142.7 2679.79
61.0657 547.207 1079.43 1616.83  2146.7 2684.77
 61.177 548.204 1081.43 1619.83  2150.7 2689.67
61.2893 549.204 1083.43 1622.83 2154.65  2694.6
61.2893 550.216 1085.42 1625.82 2158.65  2699.6
61.2893 551.216 1087.43 1628.82 2162.65 2704.59
61.2893 552.216 1089.43 1631.83 2166.65 2709.58
61.3995 553.209 1091.43 1634.83 2170.55 2714.58
61.3995 554.226 1093.43 1637.83 2174.54 2719.57
61.5102 555.226 1095.41 1640.83 2178.46 2724.57
61.5102 556.226 1097.41 1643.83 2182.44 2729.57
61.6209 557.226 1099.39 1646.83 2186.44 2734.49
61.7316 558.226 1101.36 1649.83 2190.44  2739.4
61.7316 559.238 1103.36 1652.82 2194.44  2744.4
61.8412 560.238 1105.32 1655.76 2198.44  2749.4
61.8412 561.253 1107.32 1658.76 2202.43  2754.4
61.8412 562.268 1109.32 1661.76 2206.41  2759.4
61.9513 563.268  1111.3 1664.76 2210.41 2764.32
61.9513 564.268  1113.3 1667.76  2214.4 2769.32
61.9513 565.284  1115.3 1670.76  2218.4  2774.3
61.9513 566.299 1117.31 1673.76 2222.38  2779.3
61.9513 567.299 1119.31 1676.76 2226.38  2784.3
62.0597 568.299 1121.27  1679.7 2230.38  2789.3
62.0597 569.313 1123.27  1682.7 2234.36  2794.3
62.1688 570.313 1125.25  1685.7 2238.36 2799.21
62.2775 571.311 1127.25  1688.7 2242.36  2804.1
62.3867 572.311 1129.25 1691.66 2246.29  2809.1
62.3867 573.323 1131.25 1694.65 2250.29  2814.1
62.4952  574.32 1133.25 1697.65 2254.29    2819
62.4952 575.337 1135.25 1700.65 2258.28 2823.99
62.4952 576.337 1137.25 1703.66 2262.28 2828.99
62.4952 577.337 1139.25 1706.67 2266.27 2833.98
62.6027 578.337 1141.21  1709.6 2270.27 2838.98
62.6027 579.337 1143.21  1712.6 2274.27 2843.97
62.6027 580.352 1145.21 1715.61 2278.27 2848.96
62.7109 581.352 1147.21 1718.57 2282.27 2853.88
 62.818 582.345 1149.21 1721.57 2286.17 2858.88
 62.818  583.36 1151.21 1724.57 2290.17 2863.86
62.9229 584.334 1153.14 1727.57 2294.17 2868.86
62.9229 585.348 1155.14 1730.57 2298.16 2873.86
62.9229 586.363 1157.14 1733.57 2302.16 2878.85
62.9229 587.363 1159.15 1736.57 2306.15 2883.84
62.9229  588.38 1161.15 1739.57 2310.14 2888.83
  63.03  589.38 1163.12 1742.57 2314.14 2893.75
  63.03  590.38 1165.12 1745.58 2318.14 2898.75
63.1351 591.364 1167.12 1748.49 2322.14 2903.75
63.1351 592.364 1169.12  1751.5 2326.13 2908.74
63.2415 593.364  1171.1  1754.5 2330.06 2913.74
63.2415 594.364  1173.1  1757.5 2334.05 2918.74
63.2415 595.364  1175.1 1760.51 2338.04 2923.74
 63.345 596.338 1177.02 1763.51 2342.04 2928.74
 63.345 597.355 1179.02 1766.51 2346.03 2933.73
 63.345 598.369 1181.03 1769.51 2350.03 2938.71
 63.345 599.369 1183.03 1772.52 2354.02 2943.71
63.4499 600.369 1184.99 1775.45 2358.02 2948.71
63.5553 601.366 1186.99 1778.45 2362.02 2953.61
63.6607 602.363 1188.99 1781.45 2366.02 2958.51
63.6607 603.375 1190.99 1784.44 2370.02 2963.51
63.6607 604.375 1192.99 1787.45 2374.02 2968.51
63.7633 605.349 1194.91 1790.45 2378.02 2973.51
63.7633 606.364 1196.91 1793.45    2382 2978.51
63.8658 607.338 1198.83 1796.45    2386 2983.51
63.8658 608.338 1200.83 1799.46    2390  2988.5
  63.97 609.331 1202.83 1802.46  2393.9  2993.5
64.0723 610.306 1204.76 1805.46  2397.9  2998.5
64.1774 611.306 1206.76 1808.42 2401.84  3003.5
64.2797  612.28 1208.68 1811.42 2405.84  3008.5
64.2797 613.296 1210.68 1814.42 2409.83 3013.49
64.2797 614.296 1212.68 1817.43 2413.82 3018.49
64.3836 615.296 1214.64 1820.37 2417.82 3023.49
64.3836  616.31 1216.64 1823.37 2421.81 3028.49
64.3836 617.324 1218.64 1826.37 2425.79 3033.49
64.3836  618.34 1220.64 1829.37 2429.78 3038.48
64.4861 619.325 1222.64 1832.28 2433.78 3043.48
64.4861  620.34 1224.64 1835.28 2437.78 3048.47
64.4861 621.355 1226.64 1838.28 2441.78 3053.46
64.4861 622.355 1228.65 1841.28 2445.77 3058.46
64.5871  623.33 1230.57 1844.28 2449.77 3063.46
64.5871  624.33 1232.57 1847.29 2453.77 3068.45
64.6899 625.323 1234.57 1850.29 2457.67 3073.45
64.7932 626.323 1236.55 1853.29  2461.6 3078.45
64.7932 627.337 1238.55 1856.29  2465.6 3083.44
64.8957 628.337 1240.51 1859.23  2469.6 3088.44
64.9987 629.334 1242.51 1862.23  2473.6 3093.34
64.9987  630.35 1244.51 1865.23 2477.59 3098.33
65.0992 631.324 1246.43 1868.23 2481.59 3103.33
65.0992 632.336 1248.43 1871.22 2485.59 3108.33
65.0992 633.351 1250.43 1874.22 2489.58 3113.32
65.2025 634.351 1252.43 1877.22 2493.53 3118.26
65.3038 635.336 1254.43 1880.13 2497.53 3123.26
65.4059 636.329 1256.43 1883.13 2501.44 3128.26
65.5079 637.329 1258.39 1886.07 2505.44 3133.26
65.6113 638.329 1260.39 1889.07 2509.39 3138.21
65.7115 639.304 1262.31 1892.07 2513.39 3143.21
65.8143 640.304 1264.29 1895.07 2517.39 3148.13
 65.917 641.304 1266.26 1898.07 2521.32 3153.13
 65.917 642.318 1268.26 1901.07 2525.32 3158.11
 66.017 643.293 1270.18 1904.07 2529.32 3163.11
66.1181 644.278 1272.18 1906.99 2533.32 3168.11
66.2208 645.278 1274.18 1909.95 2537.25 3173.11
66.2208 646.278 1276.19 1912.95 2541.25 3178.11
66.3229 647.274 1278.19 1915.95 2545.25 3183.01
66.3229 648.274  1280.2 1918.95 2549.24 3188.01
66.3229 649.274  1282.2 1921.95 2553.24    3193
66.4225 650.249 1284.13 1924.95 2557.24    3198
66.4225 651.263 1286.13 1927.95 2561.23    3203
66.5246 652.263 1288.13 1930.92 2565.17    3208
66.5246 653.263 1290.13 1933.92 2569.16    3213
66.5246 654.276 1292.13 1936.92 2573.14    3218
66.6237 655.251 1294.06 1939.92 2577.14    3223
66.7254 656.251 1296.06 1942.88 2581.08    3228
66.7254 657.251 1298.07 1945.88 2585.07    3233
66.7254 658.266 1300.07 1948.88 2589.07 3237.99
66.8266 659.266 1302.04 1951.88 2592.99 3242.99
66.8266 660.279 1304.04 1954.88 2596.98 3247.99
66.8266 661.279 1306.04 1957.89 2600.98 3252.98
66.8266 662.293 1308.05 1960.89 2604.98 3257.97
66.9274 663.293 1310.02 1963.89 2608.91 3262.97
66.9274 664.304 1312.01 1966.88 2612.91 3267.97
 67.028 665.304 1313.99 1969.88 2616.83 3272.97
 67.028 666.314 1315.98 1972.87 2620.83 3277.97
67.1282 667.311 1317.98 1975.87 2624.83 3282.87
67.1282 668.322 1319.98 1978.87 2628.83 3287.87
67.2262 669.297  1321.9 1981.87 2632.83 3292.87
67.2262 670.297 1323.91 1984.87 2636.83 3297.86
 67.325 671.282 1325.91 1987.79 2640.83 3302.86
67.4228 672.258 1327.84 1990.79 2644.83 3307.86
67.5216 673.242 1329.84  1993.7 2648.83 3312.86
67.6204 674.227 1331.84 1996.62 2652.83 3317.86
67.7212 675.227 1333.84 1999.62 2656.79 3322.81
67.8215 676.227 1335.84 2002.58 2660.72 3327.81
67.9211  677.22 1337.84 2005.58 2664.63 3332.81
 68.021 678.217 1339.84 2008.58 2668.63 3337.71
68.1206 679.217  1341.8 2011.52 2672.63 3342.71
68.1206  680.23  1343.8 2014.52 2676.63  3347.7
68.2208  681.23 1345.77 2017.52 2680.63 3352.62
68.2208 682.243 1347.77 2020.52 2684.63 3357.61
68.3201 683.236 1349.77 2023.52 2688.54 3362.61
68.3201 684.249 1351.77 2026.52 2692.53 3367.61
68.3201 685.262 1353.78 2029.52 2696.53 3372.59
68.4198 686.262 1355.75 2032.52 2700.53 3377.52
68.5192 687.259 1357.75 2035.52 2704.53 3382.42
68.5192 688.269 1359.75 2038.52 2708.53 3387.42
68.5192 689.269 1361.75 2041.52 2712.52 3392.42
68.6179 690.262 1363.75 2044.52 2716.43 3397.42
68.7173 691.262 1365.73 2047.52 2720.43 3402.35
68.7173 692.275 1367.73 2050.52 2724.43 3407.33
68.8162 693.272 1369.73 2053.52 2728.43 3412.24
68.9131 694.247 1371.66 2056.52 2732.43 3417.24
 69.012 695.244 1373.66 2059.52 2736.43 3422.14
 69.012 696.258 1375.66 2062.52 2740.42 3427.13
 69.012 697.271 1377.66 2065.52  2744.4 3432.13
 69.012 698.271 1379.66 2068.53  2748.4 3437.13
 69.012 699.284 1381.66 2071.53 2752.38 3442.13
69.1105 700.284 1383.63 2074.53 2756.31 3447.13
69.1105 701.297 1385.63 2077.53  2760.3 3452.13
69.2087 702.293 1387.63 2080.53  2764.3 3457.04
69.2087 703.306 1389.63 2083.53  2768.3 3462.03
69.3064 704.306  1391.6 2086.47  2772.3 3467.03
69.3064 705.316 1393.59 2089.46  2776.3 3472.03
69.3064 706.329 1395.59 2092.46  2780.3 3477.01
69.3064 707.329  1397.6 2095.47 2784.29 3482.01
69.4049 708.329  1399.6 2098.47 2788.25 3486.96
69.5014 709.315  1401.6 2101.38 2792.25 3491.96
 69.597  710.29 1403.52 2104.38 2796.25 3496.96
69.6935 711.276 1405.52  2107.3 2800.25 3501.96
69.7913 712.276  1407.5  2110.3 2804.18 3506.96
69.8891 713.276 1409.47  2113.3 2808.11 3511.96
69.8891 714.286 1411.47  2116.3 2812.11 3516.96
69.9846 715.262 1413.39  2119.3 2816.11 3521.96
69.9846 716.262  1415.4  2122.3  2820.1 3526.96
  70.08 717.238 1417.33  2125.3  2824.1 3531.96
70.1775 718.238  1419.3  2128.3 2828.03 3536.96
70.2729 719.214 1421.23  2131.3 2832.03 3541.96
70.3704 720.214  1423.2  2134.3 2835.96 3546.96
70.4666 721.199  1425.2 2137.22 2839.96 3551.96
 70.562 722.175 1427.13 2140.22 2843.96 3556.96
70.6595 723.175  1429.1 2143.22 2847.89 3561.96
70.7572 724.175  1431.1 2146.18 2851.83 3566.96
70.8551 725.175  1433.1 2149.15 2855.83 3571.89
70.9524 726.171  1435.1 2152.15 2859.83  3576.8
71.0501 727.171 1437.08 2155.15 2863.83 3581.72
71.0501 728.181 1439.08 2158.14 2867.83 3586.72
71.1475 729.181 1441.05 2161.14 2871.76 3591.72
71.1475 730.191 1443.04 2164.13 2875.76 3596.72
71.1475 731.205 1445.04 2167.13 2879.75 3601.72
 71.245 732.205 1447.04  2170.1 2883.75 3606.65
71.3423 733.205 1449.02  2173.1 2887.75 3611.58
71.3423 734.217 1451.02  2176.1 2891.75 3616.56
71.3423 735.217 1453.02 2179.11 2895.75 3621.56
 71.439 736.213 1455.02 2182.11 2899.75 3626.47
71.5353 737.213 1456.98 2185.05 2903.75 3631.47
71.5353 738.223 1458.98 2188.05 2907.75 3636.47
71.6315 739.223 1460.94 2190.99 2911.75 3641.47
71.6315 740.223 1462.94 2193.99 2915.74 3646.46
71.6315 741.236 1464.94 2196.99 2919.74 3651.45
71.7279 742.236 1466.91 2199.99 2923.68 3656.45
71.8238 743.236 1468.88 2202.94 2927.68 3661.45
71.8238 744.249 1470.88 2205.94 2931.67 3666.44
71.8238 745.249 1472.88 2208.94 2935.67 3671.44
71.9179 746.226 1474.81 2211.94 2939.67 3676.44
71.9179 747.238 1476.81 2214.94 2943.66 3681.44
72.0142 748.238 1478.81 2217.91  2947.6 3686.44
  72.11 749.234 1480.81 2220.91  2951.6 3691.35
  72.11 750.234 1482.81 2223.91 2955.59 3696.34
72.2047 751.219 1484.81 2226.83 2959.59 3701.34
72.2047 752.233 1486.81 2229.83 2963.58 3706.34
72.3007 753.233 1488.79 2232.83 2967.58 3711.26
72.3967 754.233 1490.76 2235.83 2971.58 3716.19
72.3967 755.233 1492.77 2238.84 2975.58 3721.18
 72.493 756.233 1494.77 2241.84 2979.54 3726.13
72.5882 757.226 1496.77 2244.84 2983.45 3731.13
72.5882 758.238 1498.77 2247.84 2987.44 3736.13
72.5882  759.25 1500.77 2250.84 2991.44 3741.12
72.5882  760.26 1502.76 2253.83 2995.44 3746.12
72.6829  761.26 1504.72 2256.77 2999.44 3751.12
72.7777  762.26 1506.69 2259.72 3003.44 3756.12
72.8718 763.245 1508.69 2262.64 3007.44 3761.12
 72.965 764.221 1510.62 2265.64 3011.44 3766.12
 72.965 765.221 1512.62 2268.64 3015.43 3771.12
 72.965 766.233 1514.62 2271.64 3019.42 3776.12
 72.965 767.233 1516.62 2274.65 3023.41 3781.12
73.0601 768.233  1518.6 2277.65 3027.41 3786.05
73.0601 769.245  1520.6 2280.65  3031.4 3791.05
73.1549 770.245 1522.57 2283.65 3035.33 3796.05
73.2492 771.245 1524.54 2286.59 3039.33 3801.05
73.3442 772.245 1526.54 2289.55 3043.27 3806.05
73.4377 773.231 1528.54 2292.47 3047.27 3811.05
73.5325 774.231 1530.51 2295.47 3051.21 3816.05
73.6273 775.231 1532.48 2298.47 3055.14 3821.05
73.7222 776.231 1534.46 2301.47 3059.14 3825.98
73.8168 777.227 1536.46 2304.47 3063.14 3830.88
73.9118 778.227 1538.43 2307.47 3067.14 3835.81
73.9118 779.227 1540.44 2310.48 3071.14 3840.81
74.0065 780.227 1542.41 2313.48 3075.07 3845.81
74.1006 781.219 1544.41 2316.48 3078.99 3850.81
74.1955 782.219 1546.39 2319.48 3082.99 3855.74
74.1955 783.231 1548.39 2322.48 3086.99 3860.72
74.1955 784.231 1550.39 2325.48 3090.99 3865.72
74.1955 785.243 1552.39 2328.48 3094.97 3870.72
74.1955 786.243 1554.39 2331.49 3098.97 3875.71
74.1955 787.255 1556.39 2334.49 3102.96 3880.71
74.1955 788.267 1558.39 2337.49 3106.96  3885.7
74.1955 789.279 1560.39 2340.49 3110.95  3890.7
74.2888 790.279 1562.35 2343.43 3114.95  3895.7
74.3821 791.279 1564.31 2346.38 3118.95  3900.7
74.4739 792.255 1566.25 2349.38 3122.95  3905.7
74.4739 793.255 1568.25 2352.38 3126.94  3910.7
74.4739 794.267 1570.25 2355.38 3130.94 3915.69
74.4739 795.267 1572.25 2358.39 3134.94 3920.68
74.5677 796.267 1574.25 2361.36 3138.94 3925.62
74.6615 797.267 1576.25 2364.32 3142.94 3930.56
74.7555 798.267 1578.25 2367.32  3146.9 3935.51
74.7555 799.279 1580.25 2370.33  3150.9 3940.49
74.8477 800.264 1582.25 2373.25  3154.9 3945.49
74.8477 801.276 1584.25 2376.25  3158.9 3950.48
74.8477 802.288 1586.25 2379.25  3162.9 3955.47
74.9408 803.288 1588.22 2382.25 3166.83 3960.47
75.0327 804.273 1590.22 2385.17 3170.83 3965.47
75.0327 805.285 1592.22 2388.17 3174.82 3970.47
75.1259 806.285  1594.2 2391.17 3178.82  3975.4
75.2184 807.278  1596.2 2394.17 3182.73  3980.4
75.2184 808.289  1598.2 2397.17 3186.72  3985.4
75.3114 809.289 1600.18 2400.17 3190.72 3990.33
75.3114 810.301 1602.18 2403.17 3194.72 3995.32
75.4045 811.301 1604.18 2406.14 3198.72 4000.25
75.4045 812.301 1606.18 2409.14 3202.72 4005.25
75.4952 813.278 1608.12 2412.14 3206.72 4010.25
75.4952  814.29 1610.12 2415.14 3210.71 4015.25
75.5877  815.29 1612.09 2418.14 3214.64 4020.25
75.5877 816.299 1614.08 2421.13 3218.64 4025.25
75.5877 817.299 1616.08 2424.14 3222.64 4030.25
75.5877 818.299 1618.09 2427.14 3226.63 4035.25
75.5877 819.311 1620.09 2430.14 3230.62 4040.25
75.6779 820.288 1622.02 2433.14 3234.62 4045.25
75.7699 821.288    1624 2436.14 3238.56 4050.25
 75.862 822.288 1625.97 2439.14 3242.49 4055.25
 75.954 823.288 1627.94 2442.14 3246.43 4060.25
76.0459 824.284 1629.94 2445.14 3250.43 4065.16
76.1369  825.27 1631.94 2448.06 3254.43 4070.16
76.1369 826.279 1633.94 2451.06 3258.43 4075.16
76.1369 827.279 1635.94 2454.06 3262.42 4080.16
76.2285 828.275 1637.94 2457.06 3266.42 4085.07
76.2285 829.286 1639.94 2460.06 3270.41 4090.07
76.2285 830.298 1641.94 2463.06 3274.41 4095.06
76.3203 831.298 1643.94 2466.03 3278.35 4100.06
76.3203 832.309 1645.94 2469.03 3282.34 4105.06
76.4123 833.309 1647.94 2472.03  3286.3 4110.01
76.5041 834.309 1649.94    2475  3290.3 4114.95
76.5962 835.309 1651.94    2478 3294.26  4119.9
76.6877 836.309 1653.91    2481 3298.19  4124.9
76.7793 837.309 1655.91 2483.96 3302.13  4129.9
76.7793 838.321 1657.91 2486.96 3306.12  4134.9
76.8696 839.306 1659.91 2489.89 3310.12  4139.9
76.9599 840.292 1661.91 2492.81 3314.12  4144.9
77.0515 841.292 1663.89 2495.81 3318.12 4149.83
 77.143 842.292 1665.89 2498.78 3322.06 4154.83
 77.143 843.292 1667.89 2501.78 3326.06 4159.83
77.2338 844.292 1669.86 2504.73 3330.06 4164.83
77.2338 845.292 1671.86 2507.73 3334.06 4169.82
77.2338 846.303 1673.86 2510.73 3338.05 4174.82
 77.323 847.281 1675.79 2513.73 3342.05 4179.82
 77.323 848.281  1677.8 2516.73 3346.05 4184.82
77.4135 849.281 1679.76 2519.67 3350.05 4189.82
77.5047 850.281 1681.74 2522.67 3354.05 4194.75
77.5047 851.281 1683.74 2525.68 3358.04 4199.75
77.5937 852.258 1685.68 2528.68 3362.04 4204.75
77.6827 853.236 1687.61 2531.68 3366.04 4209.75
77.7735 854.236 1689.58 2534.68 3369.98 4214.75
77.7735 855.247 1691.58 2537.68 3373.98 4219.74
77.8638 856.247 1693.55 2540.62 3377.98 4224.74
77.8638 857.247 1695.55 2543.63 3381.98 4229.74
77.8638 858.258 1697.55 2546.63 3385.98 4234.73
77.9545 859.258 1699.53 2549.63 3389.98 4239.66
77.9545 860.267 1701.52 2552.62 3393.98 4244.66
77.9545 861.276 1703.52 2555.62 3397.98 4249.66
78.0437 862.262 1705.52 2558.54 3401.98 4254.66
 78.134 863.262 1707.49 2561.54 3405.91 4259.66
78.2232 864.248 1709.49 2564.47 3409.91 4264.66
78.2232 865.259 1711.49 2567.47  3413.9 4269.66
78.2232  866.27 1713.49 2570.47 3417.89 4274.66
78.2232  867.27 1715.49 2573.47 3421.89 4279.66
78.3134  868.27 1717.47 2576.47 3425.89 4284.59
78.4016 869.248  1719.4 2579.47 3429.89 4289.59
78.4016 870.259  1721.4 2582.47 3433.89 4294.58
78.4904 871.244  1723.4 2585.39 3437.89 4299.58
78.4904 872.254  1725.4 2588.39 3441.89 4304.58
78.5791 873.239  1727.4 2591.31 3445.89 4309.58
78.6671 874.217 1729.33 2594.31 3449.89 4314.58
78.7551 875.195 1731.27 2597.31 3453.89 4319.58
78.7551 876.206 1733.27 2600.31 3457.89 4324.57
78.7551 877.217 1735.27 2603.31 3461.89 4329.56
78.8429 878.195  1737.2 2606.31 3465.89 4334.56
78.9314 879.181  1739.2 2609.24 3469.89 4339.56
78.9314 880.191  1741.2 2612.24 3473.87 4344.56
78.9314 881.202  1743.2 2615.24 3477.86 4349.56
79.0203 882.202 1745.17 2618.19 3481.86 4354.56
79.1101 883.202 1747.17 2621.19 3485.82 4359.51
79.1101 884.213 1749.17 2624.19 3489.82  4364.5
79.1996 885.213 1751.17 2627.15 3493.77  4369.5
79.1996 886.224 1753.17 2630.15 3497.77 4374.49
79.1996 887.224 1755.17 2633.15 3501.76 4379.49
79.2882 888.224 1757.14  2636.1 3505.76 4384.49
79.2882 889.234 1759.14  2639.1 3509.75 4389.49
79.3776 890.234 1761.14  2642.1 3513.71 4394.44
79.3776 891.245 1763.13  2645.1  3517.7 4399.44
79.3776 892.256 1765.13  2648.1 3521.69 4404.44
79.3776 893.267 1767.13  2651.1 3525.68 4409.44
79.4665 894.267 1769.11  2654.1 3529.68 4414.37
79.4665 895.278 1771.11  2657.1 3533.68 4419.36
 79.554 896.264 1773.11 2660.03 3537.68 4424.36
 79.554 897.274 1775.11 2663.03 3541.68 4429.35
 79.642 898.267 1777.11 2666.03  3545.6 4434.35
 79.642 899.267 1779.11 2669.03  3549.6 4439.35
79.7308 900.267 1781.11 2672.03 3553.56  4444.3
79.8197 901.267 1783.11 2675.03 3557.52 4449.26
79.8197 902.278 1785.11 2678.03 3561.52 4454.25
79.8197 903.289 1787.11 2681.03 3565.51 4459.25
79.8197 904.289 1789.12 2684.03  3569.5 4464.25
79.9073 905.282 1791.12 2687.03 3573.42 4469.25
 79.995 906.275 1793.12 2690.03 3577.34 4474.25
 79.995 907.275 1795.12 2693.03 3581.33 4479.25
80.0829 908.275 1797.09 2696.03 3585.27 4484.25
80.0829 909.275 1799.09 2699.04 3589.27 4489.24
80.0829 910.285 1801.09 2702.04 3593.27 4494.23
80.1707 911.285 1803.07 2705.04 3597.21 4499.23
80.1707 912.296 1805.07 2708.04 3601.21 4504.22
 80.258 913.296 1807.03 2710.98 3605.21 4509.22
 80.258 914.296 1809.03 2713.99  3609.2 4514.22
 80.258 915.306 1811.03 2716.99  3613.2 4519.21
80.3451 916.306    1813 2719.93  3617.2 4524.21
80.4328 917.306    1815 2722.91  3621.2 4529.15
80.4328 918.315    1817  2725.9  3625.2 4534.15
80.5205 919.315    1819 2728.87  3629.2 4539.09
80.6068 920.302    1821  2731.8  3633.2 4544.09
80.6932 921.288    1823 2734.73  3637.2 4549.09
80.7808 922.288    1825 2737.69 3641.15 4554.09
80.7808 923.298    1827 2740.69 3645.15 4559.08
80.7808  924.31    1829 2743.69 3649.14 4564.08
80.8681  925.31 1830.97 2746.69 3653.14 4569.01
80.9555  926.31 1832.97 2749.66 3657.09 4574.01
81.0423  927.31 1834.94 2752.61 3661.09 4579.01
81.1297  928.31 1836.94 2755.58 3665.09 4583.95
81.2172  929.31 1838.94 2758.55 3669.09  4588.9
81.2172  930.31 1840.94 2761.55 3673.09 4593.89
81.2172  931.31 1842.94 2764.56 3677.08 4598.89
81.3025 932.288 1844.88 2767.56 3681.08 4603.89
81.3891 933.288 1846.84 2770.51 3685.08 4608.89
81.4744 934.267 1848.78 2773.51 3689.08 4613.89
81.4744 935.277 1850.78  2776.5 3693.08 4618.88
81.5613 936.277 1852.75  2779.5 3697.02 4623.88
81.6481 937.273 1854.75  2782.5 3701.02  4628.8
81.7333 938.251 1856.69  2785.5 3705.02  4633.8
81.7333 939.251 1858.69 2788.51 3709.02  4638.8
81.8203 940.251 1860.69 2791.47 3712.97  4643.8
81.9075 941.251 1862.69 2794.47 3716.93 4648.75
81.9075 942.251 1864.69 2797.48 3720.93 4653.75
81.9947 943.251 1866.69 2800.48 3724.89  4658.7
 82.081 944.251 1868.66 2803.43 3728.89  4663.7
 82.081 945.263 1870.66 2806.43 3732.88 4668.69
 82.081 946.263 1872.66 2809.43 3736.88 4673.69
 82.081 947.273 1874.66 2812.43 3740.88 4678.68
 82.081 948.273 1876.66 2815.43 3744.87 4683.68
82.1664 949.259 1878.66 2818.35 3748.87 4688.68
82.1664 950.268 1880.66 2821.35 3752.87 4693.68
82.1664 951.268 1882.66 2824.35 3756.87 4698.68
82.2509 952.247  1884.6 2827.35 3760.87 4703.68
82.3355 953.225 1886.53 2830.35 3764.87 4708.68
82.4218 954.225 1888.53 2833.32 3768.82 4713.68
82.4218 955.225 1890.54 2836.32 3772.82 4718.68
82.4218 956.234 1892.53 2839.32 3776.82 4723.68
82.5061 957.213 1894.47 2842.32 3780.82 4728.68
82.5917 958.206 1896.47 2845.32 3784.74 4733.68
82.6781 959.206 1898.47 2848.32  3788.7 4738.63
82.6781 960.206 1900.47 2851.32 3792.69 4743.63
82.6781 961.216 1902.47 2854.32 3796.69 4748.62
82.6781 962.216 1904.47 2857.33 3800.69 4753.62
82.6781 963.216 1906.47 2860.33 3804.69 4758.62
82.6781 964.226 1908.47 2863.33 3808.69 4763.61
82.6781 965.236 1910.47 2866.33 3812.68 4768.61
82.6781 966.246 1912.47 2869.33 3816.67 4773.61
82.6781 967.246 1914.47 2872.33 3820.67 4778.61
82.6781 968.256 1916.47 2875.33 3824.67  4783.6
82.6781 969.256 1918.47 2878.33 3828.66  4788.6
82.6781 970.256 1920.48 2881.33 3832.66 4793.59
82.6781 971.266 1922.48 2884.33 3836.65 4798.59
82.6781 972.277 1924.48 2887.33 3840.64 4803.59
 82.763 973.277 1926.45 2890.33 3844.59 4808.59
82.8477 974.272 1928.45 2893.33 3848.59 4813.51
82.8477 975.272 1930.45 2896.34 3852.58 4818.51
82.8477 976.282 1932.45 2899.34 3856.58  4823.5
82.9325 977.282 1934.43 2902.34 3860.58 4828.44
 83.017 978.278 1936.43 2905.34 3864.58 4833.36
 83.017 979.278 1938.43 2908.34 3868.58 4838.36
 83.017 980.278 1940.43 2911.35 3872.57 4843.36
 83.017 981.278 1942.43 2914.35 3876.57 4848.36
83.1012 982.274 1944.43 2917.35 3880.57 4853.28
83.1852 983.267 1946.43 2920.35 3884.49 4858.28
83.2687 984.253 1948.43 2923.28 3888.49 4863.28
83.2687 985.264 1950.43 2926.28 3892.48 4868.28
83.3534 986.264 1952.43 2929.28 3896.44 4873.23
83.4379 987.264 1954.43 2932.25 3900.39 4878.23
83.5212  988.25 1956.43 2935.18 3904.39 4883.23
83.6057  989.25 1958.43 2938.15 3908.34 4888.23
83.6057  990.26 1960.43 2941.15 3912.33 4893.23
  83.69  991.26 1962.43 2944.11 3916.28 4898.23
83.7733 992.247 1964.43 2947.04 3920.28 4903.23
83.8577 993.247 1966.43 2950.01 3924.22 4908.23
83.9421 994.247 1968.43 2952.98 3928.17 4913.23
84.0267 995.247 1970.43 2955.98 3932.13 4918.18
84.0267 996.247 1972.43 2958.98 3936.13 4923.18
84.1111 997.247 1974.43 2961.95 3940.13 4928.12
84.1949 998.247  1976.4  2964.9 3944.13 4933.12
84.2786  999.24  1978.4  2967.9 3948.06 4938.12
84.2786 1000.25  1980.4  2970.9 3952.05 4943.12
84.3623 1001.25 1982.37 2973.85 3956.05 4948.12
84.4448 1002.23  1984.3 2976.85 3960.05 4953.12
 84.529 1003.23 1986.28 2979.85 3964.05 4958.06
 84.529 1004.23 1988.28 2982.86 3968.04 4963.06
 84.529 1005.24 1990.28 2985.86 3972.04 4968.05