3.33333       2       3 3.33333 3.33333       6
3.33333 3.76471       5 6.33333 6.27451 11.2941
4.15991 4.69826 6.23987 9.33333 10.2745 16.2941
5.07461 5.73132 8.23987 11.3856 14.2745 21.2941
5.87393 6.63409 9.53777 14.3856 18.2745 26.2941
6.92017 7.63409 11.2366 17.3856 21.5295 31.2941
6.92017 8.95682 13.1835 20.3856 25.2598 36.2941
7.63456 9.88146 14.5445 23.3856 29.2598 41.2941
8.38118 10.8478 16.5445 25.6726 33.2598 46.2941
9.17956 11.8812 18.5445 28.6726 36.4281 51.2941
10.0446 12.8812 20.5445 31.3746  39.861 56.2941
10.0446 14.1115 22.5068 34.3746 43.6683 61.2941
10.8307 15.1115 24.5068 37.3746 47.0856 66.0908
11.6167 16.1115 26.5068 40.3746 50.5029 70.8874
12.3592 17.1413 28.5068 43.3746 53.7307 75.8874
12.3592 18.2696 30.3832 46.3746 57.7307 80.8826
13.0012 19.2186 32.3832 48.7836 61.7307 85.8826
13.0012 20.3673 34.3188 51.6994 65.7307 90.8826
13.5774   21.27 35.8398 54.6994 69.7307 95.8826
14.2594   22.27 37.8398 57.6994  73.233 100.698
14.8647 23.2154 39.8398 60.1487  77.233 105.698
14.8647 24.3459   41.78 63.0779  81.233 110.698
15.4951 25.3459   43.78  65.753  85.233 115.393
15.4951 26.4448 45.6782  68.753  89.233 120.396
16.0256 27.3503 47.2422  71.753  93.233 125.396
16.0256 28.4879 49.2422 74.7374 97.1109 130.396
16.0256 29.4879 51.2422 77.7047 100.967 135.573
16.5225 30.4022  52.831 80.7047 104.967 140.573
17.0945 31.4022  54.831 83.4988   108.6 145.573
17.0945 32.5123 56.7692 86.4504   112.6 150.573
17.0945 33.6223 58.7075 89.4021   116.6 155.573
17.5632 34.5441  60.317 92.4021   120.6 160.573
18.0493 35.5003  62.317 94.9598   124.6 165.573
18.5559 36.4967  64.317 97.9598 128.098 170.573
19.0684 37.4967 66.0934  100.96 132.098 175.284
19.0684 38.5723 68.0934 103.856 136.098 180.312
19.0684 39.5723 70.0265 106.804 140.098 185.431
19.5703 40.5723 72.0265 109.615 143.785 190.431
19.5703 41.6678 73.9712 112.575 147.785 195.431
20.0482 42.6678 75.9712 115.324 151.785 200.204
20.5155 43.6624 77.9712 118.324 155.323 205.204
20.5155 44.7659  79.942 121.324 159.249 210.204
20.9778 45.7659 81.7432 124.324 163.249  214.94
20.9778 46.7659 83.7432 127.293 167.147 220.073
 21.408  47.725 85.7432 129.904 171.147 225.073
21.8446 48.6983 87.7432 132.904 175.147 229.663
22.3049 49.6983 89.5922 135.904 178.838 234.663
22.7682 50.6983 91.5922 138.726 182.552 239.663
22.7682 51.7808 93.5478 141.688 186.552 244.663
22.7682 52.8529 95.5478 144.688 190.414 249.729
23.1961 53.8462 97.5478 147.688 193.993 254.729
23.6385 54.8462 99.5478 150.688 197.693 259.587
24.0707 55.8462 101.368 153.688 201.693 264.334
24.0707 56.9163 103.368 156.688 205.558 269.399
24.0707 58.0054 105.346 159.688 209.491 274.399
24.0707 59.0758 107.346 162.688 213.357 279.463
24.0707 60.1462 109.346 165.688 217.222 284.526
24.4848 61.1462 111.346 168.538 220.959 289.526
24.4848 62.2159 113.346 171.538 224.824 294.591
24.4848 63.2745 115.275 174.538 228.824 299.604
24.8465 64.2095 116.978 177.538 232.824 304.604
25.2193 65.1729 118.978 180.202 236.824 309.604
25.6185 66.1729 120.978 183.054 240.573 314.604
25.6185 67.1729 122.977 186.079 244.548 319.604
25.9913 68.1502 124.977 189.079 248.548 324.254
26.3705 69.1445 126.977 192.079 252.175 329.254
26.3705 70.1445 128.949 195.079  256.09 334.367
26.7551 71.1445  130.83 198.079 259.825 339.367
27.1397 72.1445  132.71 201.079  263.56 344.367
27.5242 73.1445 134.591 204.079 267.295 349.367
27.9001 74.1445 136.428 206.866 271.295 354.367
27.9001 75.1948 138.428 209.796 275.295 359.386
28.2715 76.1948 140.272 212.796 279.295 364.171
28.6335 77.1703 142.272 215.796 283.295 368.834
28.6335 78.1703 144.268 218.824  287.27 373.834
 28.991 79.1461 146.268 221.824  291.27 378.501
 28.991 80.1461  148.24 224.824 295.196 383.603
29.3528 81.1461  150.09 227.824 299.196 388.391
29.7213 82.1461  152.09 230.824 302.952 393.266
30.0898 83.1461  154.09 233.824 306.708 398.142
30.0898 84.1461  156.09 236.813 310.629 403.232
30.4326 85.1049  158.09 239.512 314.629 408.232
30.4326 86.1628 160.055 242.489 318.629 413.232
30.7626 87.0971 161.791 245.489 322.629 418.232
30.7626 88.1416 163.731 248.489 326.629 423.247
31.1112 89.1416 165.586 251.489 330.629 428.043
31.4377 90.0772 167.324 254.489 334.629 433.043
31.4377 91.0772 169.324 257.476 338.558 438.127
31.4377 92.1416 171.303 260.476 342.514 443.127
31.7576  93.079 173.046 263.476 346.514 448.127
31.7576  94.079 175.035 266.505 350.497 453.127
31.7576  95.079 177.024 269.533  354.48 458.127
32.0909  96.079 178.882 272.533  358.48 462.936
32.0909 97.1189 180.882 275.483  362.48 467.946
32.0909 98.1717 182.843 278.469  366.48 472.946
32.0909 99.2133 184.783 281.469  370.48 477.964
32.0909 100.266 186.743 284.456  374.48 482.964
 32.412 101.266 188.743 287.302  378.48 487.797
 32.412 102.266 190.731 290.328 382.466 492.797
32.7219 103.244 192.731 293.328 386.466 497.509
33.0432 104.244 194.731 296.328  390.26 502.394
33.0432 105.244 196.691 299.311  394.26 507.451
33.0432 106.244  198.68 302.336 398.246 512.451
33.3585 107.244  200.68 305.221 402.046 517.451
33.3585 108.288  202.68 308.221 405.962  522.49
33.3585 109.288 204.651 311.221  409.91 527.571
33.3585 110.333 206.651 314.221 413.826 532.611
33.3585 111.333 208.612 317.204 417.826 537.667
33.3585 112.333 210.574 320.187 421.826 542.723
33.3585 113.333 212.545 323.187 425.774 547.803
33.3585 114.333 214.545 326.177 429.714 552.872
33.6543 115.333 216.545  329.07 433.525 557.872
33.9459 116.333 218.421  332.07 437.525 562.705
33.9459 117.333 220.383 335.053 441.525  567.76
33.9459 118.333 222.383 338.044 445.467 572.828
33.9459 119.382 224.383 341.043 449.418 577.828
34.2301 120.382 226.261 344.043 453.418 582.665
34.5132 121.382 228.133 346.888 457.418 587.665
34.7963 122.382 230.004 349.734 461.418 592.665
35.0803 123.382 231.882 352.734 465.418 597.504
35.3679 124.382 233.882 355.734 469.233 602.401
35.6527 125.382 235.882 358.598 473.233 607.252
35.9402 126.382 237.882 361.598 477.049 612.148
36.2277 127.382 239.882 364.598 480.865 617.045
36.5148 128.382 241.783 367.598 484.676 622.045
36.5148 129.382 243.756 370.598  488.63 627.119
36.5148 130.382 245.728 373.598 492.584 632.193
36.5148 131.421 247.728 376.598 496.508  637.23
36.5148 132.421 249.717 379.622 500.495  642.23
36.5148 133.421  251.69 382.622 504.449 647.304
 36.788 134.421 253.573 385.622 508.449 652.147
 36.788 135.459 255.573 388.622 512.375 657.183
 36.788 136.459 257.537 391.609 516.375 662.233
 36.788 137.504 259.537 394.608  520.33 667.233
 36.788 138.549 261.537 397.608 524.285 672.233
 36.788 139.583 263.488 400.608 528.285 677.248
37.0521 140.583 265.488 403.483 532.285 682.109
37.0521 141.583 267.461 406.483 536.242 687.179
37.0521 142.615 269.461 409.445 540.242 692.186
37.3071 143.596 271.461 412.445 544.242 696.949
37.5673 144.596 273.461 415.322 548.242 701.811
 37.827 145.596 275.351 418.322 552.242 706.662
38.0872 146.596 277.351   421.2 556.242 711.524
38.0872 147.596 279.351 424.193 560.194 716.579
38.3479 148.596 281.351 427.193 564.028 721.484
38.6046 149.596 283.235 430.052 568.028 726.484
38.8653 150.596 285.235 433.052 571.863 731.388
39.1205 151.585 287.235 436.052 575.619 736.388
39.3811 152.585 289.235 439.052 579.453 741.293
39.3811 153.631 291.217 442.052 583.425 746.293
  39.64 154.631 293.217 444.958  587.26 751.293
  39.64 155.631 295.186 447.946  591.26 756.337
  39.64 156.631 297.162 450.946 595.219 761.402
39.8883 157.612 299.162 453.946 599.219 766.172
40.1416 158.612 301.162 456.828 603.219 771.037
40.3899 159.594 303.162 459.828 607.219 775.807
40.6452 160.594 305.162 462.734 611.057 780.807
40.8954 161.582 307.162 465.734 614.819 785.807
40.8954 162.612 309.121 468.734 618.819 790.818
40.8954  163.65 311.093 471.725 622.819 795.818
40.8954  164.69 313.093 474.724 626.779 800.818
40.8954 165.728 315.066 477.714 630.779 805.818
40.8954 166.765 317.038 480.705 634.779 810.818
40.8954   167.8 319.038 483.705 638.716 815.847
40.8954 168.834 321.038 486.705 642.653 820.876
40.8954 169.871  323.01 489.695 646.653 825.876
 41.136 170.871 324.911 492.695 650.653 830.735
 41.136 171.914 326.894 495.695 654.625 835.735
 41.136 172.949 328.894 498.695 658.564 840.762
 41.136 173.992 330.878 501.695 662.536 845.762
41.3704 174.983 332.878 504.695 666.311 850.762
41.3704 175.983  334.85 507.684 670.311 855.801
41.3704 176.983 336.822 510.674 674.311  860.84
41.3704 178.023 338.822 513.673 678.271  865.84
41.6049 179.023 340.742 516.673 682.116  870.84
41.6049 180.056 342.742 519.673 686.055 875.868
 41.836 181.056 344.646 522.673 690.055 880.733
 41.836  182.09 346.646 525.673 693.994 885.761
 41.836 183.132 348.631 528.673 697.967 890.761
 41.836 184.132 350.623 531.694 701.954 895.761
42.0656 185.132 352.623 534.694 705.808 900.678
42.2833  186.09 354.447 537.694 709.808 905.678
42.5086 187.082 356.447 540.694 713.591 910.678
42.5086  188.12 358.447 543.695 717.551 915.678
42.5086  189.12 360.439 546.716 721.538 920.678
42.7324  190.12 362.336 549.594 725.538 925.678
42.9554 191.112 364.336 552.594 729.324 930.678
42.9554 192.112 366.316 555.594 733.287 935.735
43.1755 193.097 368.316 558.594 737.287 940.531
43.3972 194.088 370.316 561.594 741.073 945.531
43.3972 195.129 372.302 564.594 745.047 950.531
43.3972  196.17 374.288 567.594  749.02 955.531
43.6175  197.17 376.187 570.475  753.02 960.531
43.8409  198.17 378.187 573.475 756.877  965.45
44.0621  199.17 380.095 576.475 760.877 970.321
44.2853  200.17 382.095 579.396 764.733 975.321
44.5032 201.155 384.095 582.396 768.733 980.119
 44.721 202.139 386.095 585.396 772.733 984.916
44.9388 203.124 388.095 588.396 776.733 989.714
45.1603 204.124 390.095 591.296 780.733 994.592
45.3752 205.095 392.095  594.11 784.733 999.592
45.3752 206.123 394.059  597.11 788.733  1004.6
45.3752 207.123 396.034 600.102 792.733 1009.63
45.5958 208.123 397.959 603.102 796.587 1014.63
45.5958 209.161 399.945 606.102 800.562 1019.63
45.5958 210.161  401.92 609.094 804.562 1024.67
45.8109 211.152  403.92 612.094 808.356 1029.67
46.0266 212.152 405.822 614.976 812.356 1034.67
46.2423 213.152 407.724 617.858 816.356 1039.67
46.4559 214.137 409.724 620.858 820.356 1044.47
46.6695 215.121 411.724 623.858 824.356 1049.27
46.8865 216.121 413.724  626.76 828.356 1054.15
46.8865 217.159  415.71  629.76 832.333 1059.15
46.8865 218.191 417.685 632.753 836.333 1064.15
47.0982 219.176 419.685 635.753 840.333 1068.96
47.0982 220.176 421.685 638.751 844.295    1074
47.0982 221.176 423.685 641.748 848.257 1079.04
47.3113 222.176 425.685 644.652 852.257 1083.92
47.5155 223.134 427.522 647.652 856.257 1088.92
47.7282 224.134 429.436 650.652 860.257 1093.79
47.9412 225.134 431.436 653.557 864.257 1098.67
47.9412 226.159 433.436 656.531 868.257 1103.68
48.1445 227.118 435.273 659.531 872.257 1108.68
48.3505  228.09 437.273 662.354 876.257 1113.68
48.3505  229.09 439.255 665.354 880.228 1118.72
48.5602  230.09  441.16 668.239 884.228 1123.72
 48.769 231.079  443.16 671.239  888.03 1128.72
 48.769 232.079 445.142 674.239 892.001 1133.77
 48.769 233.104 447.108 677.239 896.001 1138.78
 48.769 234.135 449.084 680.232 900.001 1143.78
 48.769 235.165 451.061 683.226 904.001 1148.78
 48.769   236.2 453.046 686.226  907.98 1153.78
48.9698 237.173 455.046 689.052  911.98 1158.78
48.9698 238.197 457.046 692.026  915.98 1163.78
48.9698 239.229 459.046 695.025  919.95 1168.78
49.1758 240.229 461.046 697.949  923.82 1173.78
49.3751 241.202 463.046 700.777  927.82 1178.78
49.3751 242.202 465.028 703.777 931.791 1183.83
49.3751 243.234 467.028 706.775 935.761 1188.83
49.3751 244.234 469.028  709.77 939.727 1193.86
49.3751 245.264 471.006 712.763 943.727 1198.86
49.3751 246.294 472.984 715.756 947.727 1203.86
49.3751 247.328  474.97 718.756 951.707 1208.86
49.3751 248.328 476.947 721.747 955.707  1213.9
49.3751 249.328 478.947 724.743 959.673 1218.93
49.3751 250.355 480.947 727.743 963.626 1223.95
49.5705 251.346 482.947 730.743  967.44 1228.95
49.7691 252.346 484.947 733.743 971.316 1233.88
49.9645 253.336 486.947 736.743  975.13 1238.88
49.9645 254.336  488.93 739.743 979.102 1243.93
49.9645 255.336 490.913 742.743 983.073 1248.97
50.1552 256.311 492.913 745.578 987.073 1253.97
50.3481 257.296 494.913 748.578 991.073 1258.79
50.5451 258.296 496.913 751.578 994.951 1263.72
50.5451 259.323 498.913 754.578 998.904 1268.74
50.5451 260.323 500.913 757.574 1002.87 1273.78
50.7319 261.285 502.764 760.574 1006.87 1278.78
50.9273 262.285 504.764 763.574 1010.75  1283.7
50.9273 263.285 506.757 766.589 1014.74  1288.7
50.9273 264.307 508.757 769.565 1018.74  1293.7
51.1212 265.307 510.757 772.565 1022.62 1298.63
51.3066 266.269  512.61 775.565 1026.62 1303.63
51.4975 267.259  514.61 778.565 1030.44 1308.63
 51.691 268.259 516.544 781.565 1034.31 1313.63
 51.691 269.287 518.522 784.558 1038.31 1318.63
51.8842 270.287 520.522 787.558 1042.19 1323.56
51.8842 271.319  522.51 790.558 1046.17 1328.56
52.0762 272.319 524.445 793.558 1050.04 1333.56
52.2663 273.319 526.359 796.454 1054.04 1338.56
52.2663 274.351 528.346 799.454 1058.02 1343.56
 52.452 275.326 530.346 802.294 1062.02 1348.56
52.6435 276.326 532.346 805.224  1065.9 1353.56
52.6435 277.348 534.316 808.224  1069.9 1358.57
52.8322 278.348 536.231 811.121  1073.9 1363.57
52.8322 279.373 538.231 814.121 1077.86 1368.59
53.0202 280.373 540.146 817.018 1081.86 1373.59
53.0202 281.395 542.115 820.018 1085.86  1378.6
53.0202 282.425 544.115 823.017 1089.83  1383.6
53.0202 283.425 546.099 826.017  1093.8 1388.64
53.2084 284.425 548.099 829.017 1097.68 1393.57
53.3908   285.4 550.099 831.859 1101.68 1398.57
53.3908   286.4 552.083 834.859 1105.66 1403.61
53.5772   287.4 554.083 837.773 1109.66 1408.51
53.7646   288.4 556.083 840.704 1113.54 1413.51
 53.952   289.4 558.083 843.635 1117.42 1418.51
54.1338 290.375 560.083 846.478 1121.42 1423.51
 54.321 291.375 562.019 849.478  1125.3 1428.51
54.5056 292.365 564.019 852.478 1129.12 1433.51
54.5056 293.396 566.007 855.478  1133.1 1438.51
54.6924 294.396 568.007 858.478 1136.99 1443.44
54.8789 295.396 569.944 861.478 1140.86 1448.44
55.0578 296.359 571.802 864.478 1144.86 1453.44
55.0578 297.359 573.796 867.492 1148.85 1458.44
55.2424 298.359  575.72 870.492 1152.85 1463.33
55.2424 299.359 577.714 873.506 1156.85 1468.33
55.4279 300.359 579.714 876.438 1160.73 1473.33
55.4279  301.38 581.684 879.438 1164.73 1478.34
55.4279 302.404 583.684 882.438 1168.69 1483.36
55.4279  303.43 585.665 885.432 1172.69 1488.36
 55.606 304.405 587.665 888.278 1176.69 1493.36
55.7821 305.369 589.525 891.278 1180.69 1498.36
55.9654 306.369 591.462 894.278 1184.56 1503.36
56.1478 307.369 593.462 897.194 1188.56 1508.26
56.1478 308.398  595.45 900.194 1192.55 1513.26
56.3307 309.398  597.45 903.127 1196.43 1518.26
56.5116 310.398 599.369 906.027 1200.43 1523.26
56.5116 311.428 601.357 909.027 1204.41 1528.26
56.6887 312.404 603.357 911.874 1208.41 1533.26
56.6887 313.431 605.357 914.873 1212.39 1538.26
56.8704 314.431 607.357 917.873 1216.27 1543.19
56.8704 315.431 609.341 920.873 1220.25 1548.24
56.8704  316.46  611.33 923.873 1224.23 1553.24
56.8704  317.46 613.309 926.864 1228.23 1558.27
56.8704 318.486  615.29 929.858 1232.23 1563.27
56.8704 319.505  617.29 932.835 1236.23 1568.27
 57.049 320.505 619.229 935.835 1240.11 1573.27
57.2207  321.47 621.093 938.835 1244.11 1578.27
57.3985  322.47 623.093 941.752 1248.11 1583.17
57.5723 323.446 625.093 944.602 1252.11 1588.17
57.7511 324.446 627.093 947.602    1256 1593.11
57.7511 325.471 629.074 950.596    1260 1598.11
57.9274 326.471 630.995 953.499    1264 1603.11
58.1056 327.471 632.995 956.432 1267.89 1608.11
58.2819 328.471 634.916 959.335 1271.89 1613.11
58.2819 329.471 636.895 962.326 1275.89 1618.14
58.4583 330.471 638.823 965.326 1279.89 1623.03
58.4583 331.491 640.794 968.326 1283.89 1628.04
58.4583 332.511 642.766 971.326 1287.89 1633.05
58.6339 333.511 644.766 974.244 1291.89 1637.96
58.6339 334.533 646.766 977.244 1295.85 1642.98
58.6339 335.533  648.75 980.244 1299.82 1648.02
58.6339 336.554  650.75 983.244 1303.78 1653.03
58.6339 337.574 652.721 986.244 1307.78 1658.04
58.8084 338.574 654.721 989.179 1311.67 1663.04
58.9761  339.54 656.588 992.179 1315.67 1668.04
59.1496  340.54 658.588 995.098 1319.67 1672.95
59.1496  341.54 660.588 998.092 1323.65 1677.99
59.1496 342.566 662.588 1001.09 1327.62 1682.99
59.1496 343.587 664.588 1004.09 1331.58    1688
59.3223 344.587 666.528 1007.09 1335.47    1693
59.4928 345.578 668.528 1010.09 1339.31    1698
59.6648 346.578 670.528 1013.01 1343.31 1702.91
59.8353 347.568 672.528 1016.01 1347.15 1707.91
60.0034 348.545 674.528 1018.87 1351.15 1712.91
60.1754 349.545 676.528 1021.78 1355.15 1717.82
60.3451 350.531 678.528 1024.78 1359.15 1722.67
60.5112 351.496 680.397 1027.78 1363.15 1727.67
60.6817 352.486 682.397 1030.78 1366.99 1732.67
60.8498 353.462 684.397 1033.64 1370.99 1737.67
61.0223 354.462 686.337 1036.64 1374.87 1742.67
61.1904 355.439 688.337  1039.5 1378.87 1747.67
61.3623 356.439 690.337 1042.42 1382.87 1752.57
61.3623 357.457  692.31 1045.42 1386.87 1757.58
61.3623 358.457  694.31 1048.41 1390.84 1762.62
61.3623 359.476 696.283 1051.41 1394.84 1767.62
61.3623 360.476 698.264  1054.4 1398.84 1772.65
61.3623 361.476 700.264 1057.39 1402.82 1777.69
61.5303 362.466 702.264 1060.39 1406.66 1782.69
61.6961 363.443 704.264 1063.25 1410.66 1787.69
61.8656 364.443 706.264 1066.17 1414.66  1792.6
61.8656 365.467 708.264 1069.17 1418.64  1797.6
61.8656 366.467 710.245 1072.16 1422.64 1802.63
 62.035 367.467 712.245  1075.1 1426.53 1807.63
62.2032 368.467 714.176  1078.1 1430.53 1812.53
62.2032 369.488 716.176  1081.1 1434.49 1817.54
62.3691 370.473 718.176  1084.1 1438.49 1822.39
 62.538 371.473 720.176  1087.1 1442.39 1827.33
62.7069 372.473 722.176  1090.1 1446.28 1832.26
62.8741 373.473 724.102    1093 1450.28 1837.26
62.8741 374.473 726.083 1095.99 1454.28 1842.29
63.0426 375.473 728.083 1098.99 1458.18 1847.23
63.0426 376.493 730.083 1101.99 1462.14 1852.25
63.0426 377.513 732.083 1104.99  1466.1 1857.26
63.0426 378.531 734.057 1107.99  1470.1 1862.27
63.0426 379.531 736.057 1110.99 1474.08  1867.3
 63.203 380.497 737.931 1113.99 1478.08  1872.3
 63.203 381.521 739.931 1116.99 1482.05  1877.3
63.3631 382.488 741.805 1119.99 1486.05  1882.3
63.3631 383.488 743.799    1123 1490.05  1887.3
63.5272 384.488 745.726 1125.91 1494.05  1892.3
63.5272 385.505 747.726 1128.88 1498.05 1897.31
63.6917 386.505 749.726 1131.81 1502.05 1902.22
63.8527 387.482 751.726 1134.67 1506.05 1907.22
63.8527 388.482  753.72 1137.68 1510.04 1912.22
64.0165 389.482 755.653 1140.68 1514.04 1917.13
64.1785 390.468 757.653 1143.68 1518.04 1921.98
64.1785 391.468 759.638 1146.68 1522.02 1927.01
64.1785 392.468  761.62 1149.67 1526.02 1932.04
64.1785 393.487  763.62 1152.67 1529.99 1937.06
64.3362 394.453 765.496 1155.67 1533.99 1942.06
64.4969 395.439 767.496 1158.67 1537.99 1946.91
64.4969 396.456 769.496 1161.65 1541.99 1951.92
 64.659 397.456 771.429 1164.65 1545.99 1956.82
 64.659 398.479 773.429 1167.65 1549.96 1961.82
 64.659 399.479 775.429 1170.64 1553.94 1966.85
 64.821 400.479 777.372 1173.64 1557.83 1971.85
64.9806 401.465 779.372 1176.64 1561.83 1976.71
65.1402 402.451 781.372 1179.64 1565.83 1981.56
65.1402 403.451 783.372 1182.64 1569.81 1986.59
 65.301 404.451 785.307 1185.64 1573.81  1991.5
 65.301  405.47 787.307 1188.64 1577.77 1996.51
 65.301  406.47   789.3 1191.65 1581.77 2001.51
 65.301 407.487 791.275 1194.65 1585.77 2006.52
 65.301 408.504  793.25 1197.65 1589.77 2011.53
65.4603 409.504 795.185 1200.65 1593.77 2016.44
65.4603 410.504 797.167 1203.64 1597.77 2021.46
65.4603 411.521 799.142 1206.64 1601.77 2026.47
65.4603 412.521 801.136 1209.65 1605.77 2031.47
65.4603 413.543 803.136 1212.65 1609.74 2036.47
65.4603 414.567 805.125 1215.65 1613.73 2041.47
65.4603 415.567 807.118 1218.66 1617.73 2046.47
65.6182 416.567 809.118  1221.6 1621.63 2051.47
65.6182 417.586 811.118  1224.6  1625.6 2056.49
65.7751 418.586 813.118 1227.52  1629.6  2061.4
65.9326 419.586 815.118 1230.52  1633.5 2066.34
65.9326 420.604 817.118 1233.52 1637.46 2071.36
66.0844 421.572 818.999 1236.52 1641.46 2076.36
66.0844 422.594 820.999 1239.52 1645.44 2081.36
66.2405 423.594 822.999 1242.45 1649.44 2086.27
66.2405 424.611 824.974 1245.45 1653.44 2091.28
66.2405 425.633 826.974 1248.45 1657.42 2096.28
66.2405 426.652 828.974 1251.45 1661.39  2101.3
66.3961 427.652 830.974 1254.39 1665.29  2106.3
66.5493 428.638 832.974 1257.39 1669.29 2111.16
66.7048 429.638  834.92 1260.39 1673.19 2116.16
66.7048 430.654  836.92 1263.37 1677.19 2121.16
66.8591 431.654 838.857 1266.37 1681.19 2126.07
67.0091 432.623 840.738 1269.37 1685.19 2131.07
67.0091 433.638 842.738 1272.35 1689.19 2136.07
67.0091 434.638 844.738 1275.34 1693.17  2141.1
67.1599 435.617 846.738 1278.21 1697.17  2146.1
67.1599 436.617 848.738 1281.21 1701.15 2151.13
67.1599 437.617 850.721  1284.2 1705.15 2156.15
67.3129 438.617 852.658  1287.2 1709.15 2161.06
 67.466 439.617 854.658 1290.13 1713.15 2165.98
 67.618 440.607 856.658 1293.13    1717 2170.98
 67.618 441.607 858.652 1296.14    1721 2175.98
 67.618 442.623 860.628 1299.14    1725 2180.99
 67.618 443.644 862.628 1302.14 1728.98 2185.99
 67.618 444.644 864.622 1305.15 1732.98 2190.99
 67.618 445.666 866.622 1308.15 1736.96 2195.99
 67.618 446.686 868.606 1311.14 1740.96 2200.99
67.7679 447.677 870.606 1314.14 1744.82 2205.99
67.9183 448.677 872.539 1317.06 1748.82 2210.99
67.9183 449.677 874.521 1320.05 1752.82 2216.01
67.9183 450.693 876.498 1323.05 1756.82 2221.02
68.0644 451.662 878.382 1326.05 1760.82 2226.02
68.0644 452.683 880.382 1329.05  1764.8 2231.02
68.2128  453.67 882.382 1332.05  1768.8 2235.89
68.3635  454.67 884.382 1334.99 1772.71 2240.89
68.3635 455.686 886.359 1337.99 1776.71 2245.89
68.3635 456.686 888.342 1340.99 1780.71 2250.92
68.5135 457.686 890.342 1343.93 1784.61 2255.92
68.6635 458.686 892.342 1346.93 1788.52 2260.86
68.8118 459.676 894.342 1349.93 1792.38 2265.86
68.9618 460.676 896.342 1352.93 1796.29  2270.8
68.9618 461.691 898.342 1355.91 1800.29  2275.8
69.1113 462.691 900.289 1358.91 1804.19  2280.8
69.1113 463.691 902.289 1361.91 1808.17 2285.83
69.2607 464.691 904.289 1364.85 1812.08 2290.83
69.2607 465.691 906.276 1367.85 1816.06 2295.86
69.4063  466.67 908.276 1370.72 1820.06 2300.86
69.4063 467.693 910.266 1373.72 1824.05 2305.86
69.4063 468.715 912.256 1376.72 1828.04 2310.86
69.5547 469.715 914.256 1379.72 1831.94 2315.81
69.5547 470.736 916.256 1382.72 1835.93 2320.81
69.5547 471.752 918.233 1385.72 1839.93 2325.81
69.7025 472.752 920.233 1388.67 1843.83 2330.81
69.7025 473.769 922.233 1391.67  1847.8 2335.83
69.8482  474.76 924.233 1394.67 1851.67 2340.83
 69.994  475.75 926.233 1397.67 1855.53 2345.83
70.1397 476.741 928.233 1400.67 1859.39 2350.83
70.1397 477.741 930.227 1403.68 1863.39 2355.83
70.1397 478.761 932.227 1406.67 1867.37 2360.83
70.1397 479.761 934.227 1409.67 1871.35 2365.86
 70.286 480.761 936.176 1412.67 1875.25 2370.86
 70.286 481.781 938.161 1415.67 1879.25 2375.86
 70.286 482.801 940.161 1418.66 1883.23 2380.86
 70.286 483.824 942.152 1421.66 1887.22 2385.86
70.4308 484.824 944.093 1424.66 1891.22 2390.77
70.4308 485.824  946.08 1427.66  1895.2  2395.8
70.5761 486.824  948.08 1430.61 1899.11  2400.8
70.5761 487.824 950.074 1433.62  1903.1  2405.8
70.7195 488.814 952.074 1436.62 1906.97  2410.8
70.8633 489.814  954.01 1439.54 1910.97  2415.8
71.0036 490.785   955.9 1442.54 1914.97  2420.8
71.1469 491.775   957.9 1445.54 1918.84  2425.8
71.2907 492.775 959.835 1448.46 1922.84  2430.8
71.2907 493.791 961.812 1451.46 1926.84 2435.81
71.4321  494.77 963.812 1454.34 1930.84 2440.81
71.5766  495.77 965.762 1457.34 1934.74 2445.81
71.7191 496.757 967.762 1460.34 1938.74 2450.68
 71.863 497.757 969.703 1463.34 1942.74  2455.6
 71.863 498.757 971.703 1466.34 1946.72 2460.62
72.0072 499.757 973.653 1469.34 1950.62 2465.62
72.1499 500.748 975.653 1472.34 1954.49 2470.62
72.1499 501.748 977.636 1475.33 1958.49 2475.65
72.1499 502.748  979.62 1478.32 1962.49 2480.67
72.1499 503.768  981.62 1481.32 1966.47 2485.67
72.1499 504.768 983.604 1484.31 1970.47 2490.69
72.2931 505.768 985.604 1487.26 1974.38 2495.69
72.4342 506.755 987.604 1490.26 1978.38 2500.56
72.4342 507.755 989.591 1493.26 1982.36  2505.6
72.4342 508.774 991.576 1496.26 1986.36  2510.6
72.5757 509.774 993.513 1499.18 1990.36  2515.6
72.7182 510.774 995.463 1502.18 1994.27  2520.6
72.7182 511.788 997.441 1505.18 1998.27  2525.6
72.7182 512.805 999.441 1508.18 2002.24 2530.62
72.8558 513.775 1001.33 1511.18 2006.24 2535.62
72.9958 514.763 1003.33 1514.18 2010.24 2540.49
72.9958 515.763 1005.32 1517.17 2014.24 2545.51
72.9958 516.779 1007.32 1520.17 2018.21 2550.53
72.9958 517.794 1009.29 1523.17 2022.21 2555.54
73.1365 518.794 1011.29 1526.11 2026.21 2560.46
73.2761 519.784 1013.29 1529.11 2030.08 2565.46
73.4162 520.784 1015.23 1532.03 2034.08 2570.46
73.4162 521.784 1017.21 1535.02 2038.08 2575.48
73.4162 522.798 1019.21 1538.01 2042.08 2580.49
73.4162 523.798 1021.21    1541 2046.06 2585.51
73.5558 524.798 1023.16    1544 2050.06 2590.43
73.5558 525.814 1025.16    1547 2054.02 2595.45
73.6954 526.814 1027.16 1549.94 2058.02 2600.37
73.6954 527.814 1029.16 1552.93    2062  2605.4
73.8338 528.805 1031.16 1555.93 2065.87  2610.4
73.9721 529.796 1033.16 1558.93 2069.74  2615.4
74.1118 530.796 1035.11 1561.93 2073.65  2620.4
74.2502 531.787 1037.11 1564.93 2077.52  2625.4
74.2502 532.787 1039.09 1567.93 2081.52 2630.42
74.2502   533.8 1041.09 1570.91 2085.52 2635.42
74.2502 534.814 1043.07 1573.91 2089.52 2640.43
74.3881 535.814 1045.01 1576.83 2093.52 2645.43
74.3881  536.83 1047.01 1579.83 2097.49 2650.45
74.5249 537.818 1049.01 1582.83 2101.49 2655.32
74.6607 538.798 1051.01 1585.72 2105.49 2660.32
74.6607 539.813 1053.01 1588.72 2109.46 2665.34
74.7973 540.801 1055.01 1591.72 2113.46 2670.21
74.9347 541.801 1056.95 1594.64 2117.46 2675.21
74.9347 542.801 1058.93 1597.64 2121.44 2680.24
74.9347 543.814 1060.93 1600.62 2125.44 2685.25
75.0728 544.814 1062.93 1603.62 2129.36 2690.19
75.0728  545.83 1064.93 1606.62 2133.33 2695.21
75.2076  546.81 1066.93 1609.51 2137.33 2700.21
75.3448  547.81 1068.93 1612.45 2141.33 2705.14
75.3448 548.823 1070.93 1615.43 2145.33 2710.14
75.3448 549.839 1072.93 1618.43  2149.3 2715.15
75.3448 550.858 1074.93 1621.43 2153.28 2720.15
75.3448 551.858 1076.93 1624.42 2157.26 2725.18
75.4815 552.858 1078.93 1627.37 2161.17 2730.18
75.4815 553.858 1080.93 1630.37 2165.15 2735.21
75.6139 554.829 1082.83 1633.37 2169.15 2740.21
75.6139 555.843 1084.81 1636.37 2173.15 2745.21
75.6139 556.856 1086.81 1639.35 2177.15 2750.22
75.6139 557.856  1088.8 1642.36 2181.15 2755.22
75.7496 558.856 1090.76 1645.36 2185.06 2760.22
75.7496 559.869 1092.76 1648.34 2189.06 2765.22
75.7496  560.89 1094.75 1651.34 2193.05 2770.22
75.8841  561.89 1096.69 1654.34 2197.05 2775.14
75.8841  562.89 1098.68 1657.34 2201.03 2780.17
76.0177 563.881 1100.68 1660.34 2204.91 2785.17
76.0177 564.894 1102.66 1663.34 2208.91 2790.18
76.1497 565.875 1104.66 1666.23 2212.91 2795.18
76.1497 566.875 1106.64 1669.22 2216.91  2800.2
76.1497 567.875 1108.63 1672.22 2220.89 2805.23
76.2838 568.875 1110.58 1675.22  2224.8 2810.23
76.4182 569.875 1112.58 1678.22 2228.72 2815.18
76.4182 570.875 1114.58 1681.23 2232.72 2820.18
76.4182 571.875 1116.57 1684.23  2236.7 2825.21
76.5518 572.875 1118.52 1687.23 2240.61 2830.21
76.5518 573.889  1120.5 1690.23 2244.61 2835.22
76.5518 574.889 1122.48 1693.23 2248.61 2840.24
76.6852 575.889 1124.48 1696.18 2252.53 2845.24
76.6852 576.889 1126.47 1699.17 2256.53 2850.26
76.8173 577.889 1128.41  1702.1 2260.53 2855.26
76.9499 578.889 1130.41 1705.03 2264.53 2860.19
76.9499 579.889 1132.41 1708.03 2268.51 2865.22
77.0828 580.889 1134.41 1710.98 2272.42 2870.22
77.2157 581.889 1136.41 1713.98 2276.34 2875.16
77.3459 582.869 1138.41 1716.87 2280.34 2880.16
77.3459 583.888 1140.41 1719.87 2284.33 2885.16
77.4775 584.888 1142.35  1722.8 2288.33 2890.16
77.6097 585.888 1144.35 1725.73 2292.33 2895.09
77.7384  586.86 1146.25 1728.73 2296.33 2900.09
77.7384 587.877 1148.24 1731.73 2300.33 2905.09
77.7384 588.895 1150.24 1734.73 2304.31 2910.09
77.7384 589.914 1152.23 1737.73  2308.3 2915.09
77.8677 590.895 1154.23 1740.62  2312.3 2920.09
77.8677 591.913 1156.21 1743.61  2316.3 2925.09
77.9988 592.913 1158.16 1746.61  2320.3 2930.02
78.1292 593.904 1160.16 1749.61 2324.18 2935.02
78.2591 594.892 1162.16 1752.61 2328.18  2939.9
78.2591 595.892 1164.15 1755.61 2332.18 2944.92
78.2591 596.892 1166.15  1758.6 2336.16 2949.95
78.3899 597.892 1168.15 1761.54 2340.16 2954.88
78.5202 598.892 1170.09 1764.47 2344.16 2959.88
78.5202 599.892 1172.07 1767.47 2348.14  2964.9
78.5202 600.892 1174.06 1770.46 2352.14 2969.93
78.6497 601.883 1176.06 1773.46 2356.02 2974.93
78.7806 602.883 1178.06 1776.46 2359.94 2979.88
78.7806 603.883 1180.06 1779.46 2363.92  2984.9
78.7806 604.897 1182.06 1782.46 2367.89 2989.91
78.9096 605.888 1184.06 1785.46 2371.77 2994.91
79.0387 606.879 1186.06 1788.46 2375.65 2999.91
79.0387 607.879 1188.06 1791.46 2379.63 3004.94
79.0387 608.898 1190.05 1794.46 2383.62 3009.94
79.0387 609.911 1192.05 1797.44 2387.62 3014.94
 79.168 610.911 1194.05 1800.38 2391.62 3019.87
 79.168 611.911 1196.04 1803.38  2395.6  3024.9
 79.168 612.925 1198.04 1806.38 2399.57 3029.92
79.2972 613.925    1200 1809.38 2403.49 3034.92
79.4265 614.925    1202 1812.33 2407.41 3039.92
79.4265 615.925 1203.98 1815.33 2411.39 3044.95
79.5543 616.916 1205.98 1818.33 2415.27 3049.95
79.5543 617.933 1207.97 1821.33 2419.27 3054.95
79.6831 618.933 1209.93 1824.33 2423.19 3059.95
79.8113 619.933 1211.87 1827.33 2427.19 3064.87
79.8113 620.933 1213.87 1830.33 2431.18 3069.87
79.9388 621.924 1215.87 1833.33 2435.06 3074.87
80.0674 622.924 1217.87 1836.29 2438.98 3079.87
80.0674 623.924 1219.86 1839.29 2442.97  3084.9
80.0674 624.943 1221.85 1842.29 2446.95  3089.9
80.1945 625.934 1223.85 1845.29 2450.84  3094.9
80.1945 626.947 1225.83 1848.29 2454.84 3099.91
80.1945 627.963 1227.82 1851.28 2458.84 3104.91
80.3211 628.955 1229.82 1854.28 2462.72 3109.91
80.3211 629.971  1231.8 1857.28 2466.72 3114.91
80.3211 630.971  1233.8 1860.27  2470.7 3119.93
80.3211 631.971 1235.79 1863.27  2474.7 3124.95
80.4474 632.971 1237.73  1866.2  2478.7 3129.95
80.5737 633.971 1239.68 1869.13  2482.7 3134.95
80.6984 634.953 1241.68 1872.02  2486.7 3139.95
80.6984 635.965 1243.66 1875.02  2490.7 3144.96
80.8219 636.939 1245.56 1878.02  2494.7 3149.96
 80.949 637.939 1247.56 1881.02 2498.62 3154.91
81.0748  638.93 1249.56 1884.02  2502.5 3159.91
81.1983 639.903 1251.46 1887.02  2506.5 3164.91
81.1983 640.916 1253.44 1890.02  2510.5 3169.92
81.1983 641.916 1255.44 1893.03  2514.5 3174.92
81.1983 642.932 1257.43 1896.03  2518.5 3179.92
81.3247 643.932 1259.43 1899.03 2522.42 3184.87
81.3247 644.932 1261.41 1902.03  2526.4  3189.9
81.4497 645.923 1263.41 1905.03 2530.29  3194.9
81.4497  646.94 1265.41 1908.03 2534.27  3199.9
81.5741 647.928 1267.41 1911.03 2538.27 3204.79
81.6992 648.928 1269.36 1913.96 2542.27 3209.79
81.6992 649.941 1271.34 1916.96 2546.27 3214.79
81.6992 650.957 1273.33 1919.95 2550.27 3219.79
81.8248 651.957 1275.28 1922.95 2554.19 3224.79
81.9492 652.948 1277.28 1925.95 2558.07 3229.79
82.0748 653.948 1279.28 1928.95 2561.99 3234.75
82.1996 654.948 1281.23 1931.89 2565.99 3239.75
82.1996 655.966 1283.22 1934.89 2569.98 3244.75
 82.325 656.966 1285.22 1937.84 2573.91 3249.75
 82.325 657.982 1287.21 1940.83 2577.91 3254.75
82.4491 658.974 1289.21 1943.83 2581.79 3259.75
82.4491 659.986 1291.19 1946.83 2585.79 3264.75
82.5725 660.974 1293.19 1949.83 2589.79 3269.64
82.5725 661.986 1295.19 1952.82 2593.79 3274.65
82.6967 662.986 1297.13 1955.82 2597.79 3279.57
82.8207 663.986 1299.08 1958.75 2601.79 3284.57
82.9422 664.959 1300.98 1961.75 2605.79 3289.57
83.0654 665.948 1302.98 1964.75 2609.79 3294.46
83.0654 666.959 1304.98 1967.74 2613.79 3299.47
83.0654 667.971 1306.96 1970.74 2617.79 3304.47
83.0654 668.983 1308.96 1973.72 2621.79 3309.48
83.1863 669.957 1310.87 1976.72 2625.79 3314.48
83.1863 670.957 1312.86 1979.73 2629.79 3319.48
83.3071  671.93 1314.77 1982.73 2633.79 3324.48
83.3071 672.947 1316.77 1985.73 2637.77 3329.48
83.3071 673.947 1318.76 1988.74 2641.77 3334.48
83.3071 674.962 1320.75 1991.73 2645.77 3339.48
83.3071 675.979 1322.75 1994.73 2649.75 3344.48
83.3071 676.992 1324.75 1997.73 2653.72 3349.49
83.3071 677.992 1326.74 2000.73 2657.71 3354.52
83.4294 678.992 1328.69 2003.73 2661.71 3359.45
83.5524 679.992 1330.69 2006.73 2665.63  3364.4
 83.675 680.992 1332.69 2009.68 2669.63 3369.34
 83.675 681.992 1334.69 2012.68 2673.63 3374.34
83.7978 682.992 1336.69 2015.68 2677.55 3379.29
83.7978 683.992 1338.69 2018.68 2681.53 3384.31
83.9198 684.992 1340.63 2021.68 2685.53 3389.24
84.0419 685.992 1342.58 2024.68 2689.53 3394.17
84.0419 686.992 1344.57 2027.67 2693.53 3399.19
84.0419  688.01 1346.56 2030.67 2697.52 3404.19
84.0419 689.028 1348.55 2033.67 2701.51 3409.19
84.1628 690.019 1350.55 2036.67  2705.4 3414.19
84.1628 691.036 1352.55 2039.67 2709.39 3419.19
84.1628 692.052 1354.55 2042.67 2713.37 3424.19
84.1628 693.052 1356.54 2045.67 2717.35 3429.22
84.2835 694.052 1358.49 2048.61 2721.35 3434.22
84.2835 695.052 1360.49  2051.6 2725.33 3439.24
84.4049 696.052 1362.49  2054.6 2729.26 3444.19
84.4049 697.063 1364.49 2057.59 2733.26  3449.2
84.4049 698.074 1366.49 2060.57 2737.26  3454.2
84.5227 699.049  1368.4 2063.57 2741.26  3459.2
84.6436 700.049 1370.35 2066.57 2745.18  3464.2
84.7641 701.049  1372.3 2069.57 2749.18 3469.13
84.8851 702.049  1374.3 2072.57 2753.11 3474.08
84.8851 703.066  1376.3 2075.57  2757.1 3479.08
85.0028 704.041  1378.2 2078.57  2761.1 3484.08
85.1235 705.041 1380.16 2081.57 2765.02 3489.08
85.2435 706.041 1382.11 2084.51 2769.02 3494.08
85.2435 707.041 1384.09 2087.51    2773 3499.11
 85.361 708.016    1386 2090.51    2777 3504.11
 85.361 709.016    1388  2093.5 2780.98 3509.13
85.4811 710.016    1390 2096.45 2784.98 3514.07
85.6011 711.016    1392 2099.39 2788.98    3519
85.6011 712.016 1393.99 2102.39 2792.97 3524.03
85.6011 713.016 1395.98 2105.39 2796.95 3529.06
85.6011 714.028 1397.98 2108.39 2800.92 3534.07
85.6011 715.044 1399.98 2111.39 2804.91 3539.07
85.6011 716.044 1401.98 2114.39 2808.89 3544.09
85.7208 717.044 1403.98 2117.39 2812.82 3549.05
85.7208 718.044 1405.97 2120.38 2816.82 3554.07
85.8402 719.044 1407.92 2123.38 2820.74 3559.07
85.9588 720.044 1409.87 2126.32 2824.74 3564.07
85.9588 721.059 1411.86 2129.32 2828.74 3569.07
86.0781 722.059 1413.86 2132.32 2832.67 3574.02
 86.196 723.048 1415.86 2135.32 2836.67 3578.92
86.3145 724.048  1417.8 2138.25 2840.67 3583.92
86.4307 725.023 1419.71 2141.25 2844.67 3588.92
86.4307 726.034 1421.71 2144.24 2848.67 3593.92
86.4307 727.045 1423.69 2147.24 2852.67 3598.93
86.5491 728.045 1425.64 2150.24 2856.67 3603.86
86.6673 729.045 1427.59 2153.17 2860.67 3608.86
86.7863 730.045 1429.59 2156.17 2864.59 3613.81
86.7863 731.045 1431.58 2159.17 2868.58 3618.84
86.7863 732.058 1433.58 2162.17 2872.55 3623.85
86.7863 733.058 1435.58 2165.17 2876.53 3628.87
86.7863 734.073 1437.57 2168.17 2880.53 3633.87
86.9024 735.055 1439.57 2171.07 2884.53 3638.87
86.9024 736.055 1441.55 2174.06 2888.53 3643.89
86.9024 737.055 1443.55 2177.06 2892.51 3648.92
87.0174  738.03 1445.46 2180.06 2896.51 3653.92
87.0174 739.041 1447.46 2183.05 2900.51 3658.92
87.1344 740.041 1449.41 2185.98 2904.51 3663.92
87.2522 741.041 1451.41 2188.94 2908.44 3668.92
  87.37 742.041 1453.41 2191.89 2912.37 3673.92
  87.37 743.058  1455.4 2194.89 2916.36 3678.92
  87.37 744.073 1457.39 2197.89 2920.36 3683.92
87.4875 745.073 1459.39 2200.89 2924.29 3688.88
87.4875 746.085 1461.39 2203.89 2928.26 3693.89
87.6035 747.074 1463.39 2206.89 2932.26 3698.78
87.6035 748.089 1465.39 2209.89 2936.25 3703.78
87.6035 749.089 1467.38  2212.9 2940.24 3708.78
87.7197 750.089 1469.33 2215.83 2944.24 3713.78
87.7197   751.1 1471.33 2218.82 2948.24 3718.79
87.8362   752.1 1473.33 2221.77 2952.24 3723.73
87.8362   753.1 1475.32 2224.77 2956.23 3728.75
87.9508 754.083 1477.32 2227.67 2960.23 3733.75
88.0674 755.083 1479.28 2230.67 2964.15 3738.75
88.1833 756.083 1481.22 2233.61 2968.15 3743.75
   88.3 757.083 1483.22 2236.61 2972.08 3748.71
88.4146 758.065 1485.22 2239.51 2976.08 3753.71
88.5312 759.065 1487.18 2242.51 2980.01 3758.71
88.5312 760.065 1489.17 2245.51 2983.99 3763.73
88.6478 761.065 1491.17 2248.51 2987.92 3768.69
88.7633 762.057 1493.17 2251.51 2991.81 3773.69
88.7633 763.057 1495.17 2254.52 2995.81 3778.69
88.7633 764.057 1497.15 2257.51 2999.81 3783.71
88.8774  765.04 1499.15 2260.41 3003.81 3788.71
88.8774 766.052 1501.15 2263.41 3007.78 3793.72
88.8774 767.063 1503.13 2266.41 3011.78 3798.73
88.8774 768.063 1505.12 2269.41 3015.78 3803.75
88.8774 769.077 1507.11 2272.41 3019.78 3808.75
88.9917 770.066 1509.11 2275.41 3023.78 3813.64
89.1073 771.066 1511.11 2278.36 3027.71 3818.64
89.2216 772.055 1513.11 2281.36 3031.71 3823.54
89.3372 773.055 1515.11 2284.36 3035.64  3828.5
89.4528 774.055 1517.07 2287.36 3039.57  3833.5
89.5679 775.055 1519.02 2290.36 3043.57 3838.43
89.6835 776.055 1521.02 2293.32 3047.49 3843.43
89.6835 777.067 1523.02 2296.32 3051.47 3848.44
 89.796 778.043 1524.93 2299.32 3055.47 3853.44
 89.796 779.055 1526.93 2302.32 3059.44 3858.45
89.9113 780.055 1528.93 2305.27 3063.37 3863.45
89.9113 781.065 1530.93 2308.26 3067.37 3868.46
89.9113  782.08 1532.92 2311.26 3071.37 3873.46
89.9113  783.09 1534.92 2314.24 3075.37 3878.46
90.0234 784.065 1536.83 2317.24 3079.37 3883.46
90.0234  785.08 1538.83 2320.24 3083.36 3888.46
90.0234  786.08 1540.82 2323.24 3087.36 3893.48
90.0234  787.08  1542.8 2326.23 3091.36  3898.5
90.0234 788.092  1544.8 2329.23 3095.33 3903.51
90.1366 789.084  1546.8 2332.23 3099.23 3908.51
90.2496 790.073  1548.8 2335.23 3103.23 3913.41
90.2496 791.089  1550.8 2338.23 3107.22 3918.41
90.2496 792.105 1552.79 2341.23 3111.21 3923.41
90.2496  793.12 1554.78 2344.23 3115.21 3928.41
90.3634  794.12 1556.74 2347.23 3119.14 3933.41
90.4772  795.12 1558.74 2350.19 3123.07 3938.41
90.4772 796.131 1560.72 2353.19 3127.07 3943.42
90.5881 797.106 1562.63 2356.19 3131.07 3948.42
 90.699 798.082 1564.54 2359.19 3135.07 3953.42
90.8099 799.058 1566.46 2362.19 3139.07 3958.42
90.8099  800.07 1568.46 2365.19 3143.04 3963.43
90.9231  801.07 1570.46 2368.13 3147.04 3968.37
91.0363  802.07 1572.46 2371.08 3151.04 3973.31
91.0363  803.07 1574.45 2374.09 3155.04 3978.31
91.1497  804.07 1576.45 2377.09 3158.97 3983.27
91.2618 805.059 1578.45 2380.09 3162.97 3988.17
91.3747 806.059 1580.41 2383.09 3166.97  3993.1
91.3747 807.059  1582.4  2386.1 3170.97  3998.1
91.3747 808.073 1584.39  2389.1 3174.97  4003.1
91.4865 809.062 1586.39  2392.1 3178.97    4008
91.4865 810.076 1588.38 2395.09 3182.97    4013
91.4865 811.076 1590.36 2398.09 3186.97 4018.02
91.4865 812.076 1592.35 2401.08 3190.97 4023.04
91.5987 813.076  1594.3 2404.08 3194.97 4027.97
91.5987 814.076 1596.29 2407.08 3198.95    4033
91.7106 815.076 1598.24 2410.02 3202.95    4038
91.7106 816.076 1600.24 2413.02 3206.94 4043.02
 91.822 817.068 1602.24 2416.02 3210.83 4048.02
91.9341 818.068 1604.24 2418.97 3214.83 4052.96
91.9341 819.079 1606.24 2421.97 3218.81 4057.97
92.0451 820.068 1608.24 2424.97 3222.81 4062.87
92.0451 821.068 1610.23 2427.97  3226.8 4067.89
92.0451 822.084 1612.22 2430.97 3230.79 4072.89
92.1571 823.084 1614.22 2433.93 3234.72 4077.89
92.1571 824.084 1616.21 2436.92 3238.72 4082.91
92.1571 825.084 1618.21 2439.92  3242.7 4087.93
92.1571 826.098  1620.2 2442.92  3246.7 4092.93
92.2674 827.087  1622.2 2445.92  3250.7 4097.83
92.2674 828.101  1624.2 2448.91 3254.69 4102.83
92.2674 829.101 1626.19 2451.91 3258.67 4107.86
92.3783 830.101 1628.14 2454.91 3262.67 4112.79
92.4896 831.101 1630.14 2457.91  3266.6 4117.75
92.4896 832.101 1632.14 2460.91 3270.59 4122.77
92.4896 833.117 1634.13 2463.91 3274.58 4127.77
92.5997 834.109 1636.13 2466.91 3278.48 4132.77
92.5997 835.109 1638.13 2469.92 3282.48 4137.77
92.5997  836.12 1640.13 2472.92 3286.45 4142.78
  92.71  837.12 1642.08 2475.92 3290.45 4147.72
92.8189 838.104 1644.08 2478.83 3294.45 4152.72
 92.929 839.104 1646.03 2481.77 3298.45 4157.72
 92.929 840.114 1648.01 2484.77 3302.45 4162.73
93.0387 841.106 1650.01 2487.77 3306.35 4167.73
93.1481 842.095 1652.01 2490.77 3310.35 4172.63
 93.258 843.095 1653.96 2493.71 3314.35 4177.63
93.3675 844.084 1655.96 2496.71 3318.35 4182.53
93.3675 845.084 1657.95 2499.71 3322.34 4187.55
93.4753 846.061 1659.87 2502.71 3326.34 4192.55
93.5832 847.037 1661.78 2505.71 3330.34 4197.55
93.6918  848.02 1663.78 2508.62 3334.34 4202.55
93.6918  849.02 1665.77 2511.62 3338.32 4207.58
93.6918 850.032 1667.77 2514.62  3342.3 4212.59
93.6918 851.041 1669.77  2517.6  3346.3 4217.59
93.8019 852.041 1671.73  2520.6 3350.23 4222.59
93.8019 853.055 1673.72  2523.6 3354.23 4227.59
93.8019 854.064 1675.72 2526.59 3358.23  4232.6
93.9114 855.064 1677.72 2529.54 3362.23 4237.54
93.9114  856.08 1679.71 2532.54 3366.22 4242.54
94.0204  857.08 1681.66 2535.48 3370.22 4247.54
94.0204  858.08 1683.65 2538.48 3374.21 4252.56
94.0204  859.09 1685.64 2541.48 3378.21 4257.57
94.1289 860.082 1687.64 2544.48 3382.11 4262.57
94.2366 861.065 1689.64 2547.39 3386.11 4267.57
94.2366 862.078 1691.62 2550.38 3390.11 4272.57
94.2366  863.09 1693.62 2553.38 3394.08 4277.58
94.3432 864.066 1695.54 2556.38 3398.08 4282.58
94.3432 865.082 1697.53 2559.38 3402.08 4287.58
94.4516 866.082 1699.48 2562.33 3406.08 4292.58
94.5595 867.071 1701.48 2565.33 3410.08 4297.48
94.5595 868.071 1703.48 2568.33 3414.07 4302.48
94.6678 869.071 1705.43 2571.27 3418.07 4307.48
94.6678 870.071 1707.42 2574.27 3422.06 4312.51
94.7759 871.071 1709.37 2577.21 3426.06 4317.51
94.7759 872.085 1711.37 2580.21 3430.05 4322.51
94.7759   873.1 1713.36 2583.21 3434.04 4327.51
94.8838   874.1 1715.31 2586.16 3438.04 4332.51
94.8838  875.11 1717.29 2589.16 3442.04 4337.51
94.8838 876.121 1719.29 2592.16 3446.02 4342.53
94.9896 877.098 1721.21 2595.16 3450.02 4347.53
94.9896 878.108 1723.21 2598.14 3454.02 4352.53
94.9896 879.121 1725.21 2601.14 3458.01 4357.53
94.9896 880.135 1727.21 2604.14 3461.99 4362.53
95.0975 881.135 1729.17 2607.14 3465.92 4367.53
95.0975 882.145 1731.16 2610.14 3469.92 4372.54
95.2035 883.129 1733.16 2613.05 3473.92 4377.54
95.3114 884.129 1735.16 2616.05 3477.86  4382.5
 95.418 885.118 1737.16 2619.05 3481.86  4387.4
95.5257 886.118 1739.12 2622.05 3485.79  4392.4
95.5257 887.118 1741.11 2625.06 3489.79  4397.4
95.5257 888.128 1743.11 2628.05 3493.79  4402.4
95.5257 889.128 1745.11 2631.04 3497.77 4407.42
95.6328 890.128 1747.07 2634.04 3501.77 4412.36
95.7393 891.119 1749.07 2637.04 3505.67 4417.36
95.7393 892.129 1751.05 2640.04 3509.67 4422.37
95.8466 893.129 1753.01 2643.04  3513.6 4427.37
95.8466 894.129    1755 2646.04 3517.59 4432.39
95.9537 895.129    1757    2649 3521.52 4437.39
95.9537 896.129    1759    2652 3525.51 4442.41
95.9537 897.143    1761    2655  3529.5 4447.41
96.0606 898.143 1762.96    2658 3533.43 4452.41
96.0606 899.143 1764.96    2661 3537.42 4457.41
96.1674 900.143 1766.92    2664 3541.36 4462.41
96.2742 901.143 1768.92    2667 3545.29 4467.37
 96.381 902.143 1770.88    2670 3549.22 4472.37
96.4878 903.143 1772.84    2673 3553.15 4477.37
96.4878 904.158 1774.83    2676 3557.15 4482.37
96.5945 905.158 1776.83 2678.96 3561.08 4487.37
96.7001 906.147 1778.83 2681.96 3565.08 4492.27
96.8059 907.139 1780.83 2684.96 3568.98 4497.27
96.8059  908.15 1782.83 2687.96 3572.96 4502.29
96.8059  909.15 1784.82 2690.96 3576.95 4507.31
96.9115 910.142 1786.82 2693.96 3580.85 4512.31
96.9115 911.157 1788.82 2696.96 3584.84 4517.31
97.0155 912.134 1790.73 2699.96 3588.84 4522.31
97.1219 913.134 1792.73 2702.96 3592.78 4527.27
97.1219 914.134 1794.73 2705.97 3596.78 4532.27
 97.227 915.123 1796.73 2708.97 3600.78 4537.17
 97.227 916.134 1798.73 2711.97 3604.75 4542.19
97.3327 917.134 1800.68 2714.97 3608.75 4547.12
97.3327 918.134 1802.68 2717.98 3612.75 4552.12
97.4387 919.134 1804.68 2720.98 3616.69 4557.08
97.4387 920.149 1806.67 2723.98 3620.68 4562.08
97.5446 921.149 1808.67 2726.94 3624.61 4567.08
97.6488 922.133 1810.67 2729.85 3628.61 4572.08
97.7543 923.133 1812.67  2732.8 3632.61 4577.03
97.7543 924.147 1814.66  2735.8 3636.61 4582.03
97.7543 925.147 1816.65  2738.8 3640.61 4587.04
97.7543 926.147 1818.65 2741.79 3644.59 4592.06
97.8588 927.137 1820.65 2744.79 3648.59 4596.97
97.8588 928.137 1822.65 2747.79 3652.57 4601.99
97.8588 929.137 1824.65 2750.79 3656.56 4607.01
97.9632 930.129 1826.65 2753.79 3660.46 4612.01
98.0662 931.106 1828.57 2756.79 3664.46 4617.01
98.0662 932.106 1830.57 2759.79 3668.44 4622.03
98.0662 933.116 1832.55 2762.79 3672.44 4627.03
98.0662 934.126 1834.54 2765.79 3676.44 4632.04
98.1695  935.11 1836.54  2768.7 3680.44 4637.04
98.2721 936.087 1838.46  2771.7 3684.44 4642.04
98.3762 937.079 1840.46  2774.7 3688.35 4647.04
98.4803 938.071 1842.46  2777.7 3692.25 4652.04
98.4803 939.081 1844.46  2780.7 3696.23 4657.05
98.4803 940.095 1846.46  2783.7 3700.22 4662.05
98.5847 941.095 1848.41  2786.7 3704.22 4666.99
98.5847 942.105 1850.41  2789.7  3708.2    4672
98.6882 943.095 1852.41  2792.7  3712.2 4676.91
98.7925 944.095 1854.37  2795.7  3716.2 4681.85
98.8971 945.095 1856.37  2798.7 3720.13 4686.81
99.0017 946.095 1858.33  2801.7 3724.06 4691.81
99.1054 947.086 1860.33  2804.7 3727.97 4696.81
99.1054 948.096 1862.32  2807.7 3731.97 4701.82
99.1054 949.105 1864.32 2810.69 3735.97 4706.82
99.1054 950.105 1866.31 2813.69 3739.97 4711.82
99.1054 951.114 1868.31 2816.68 3743.97 4716.82
99.2093 952.114 1870.31 2819.63 3747.97 4721.77
99.3129 953.114 1872.26 2822.58 3751.97 4726.77
99.3129 954.124 1874.26 2825.58 3755.94 4731.78
 99.417 955.124 1876.26 2828.54 3759.88 4736.78
 99.417 956.133 1878.26 2831.53 3763.88 4741.78
 99.417 957.148 1880.26 2834.53 3767.87 4746.78
 99.417 958.148 1882.25 2837.53 3771.87 4751.78
99.5207 959.148 1884.25 2840.53 3775.81 4756.74
99.6228 960.132 1886.25 2843.45 3779.81 4761.74
99.7243 961.109 1888.17 2846.45 3783.81 4766.74
99.7243 962.109 1890.16 2849.45 3787.79 4771.76
99.7243 963.109 1892.16 2852.44 3791.78 4776.78
99.7243 964.124 1894.15 2855.44 3795.77 4781.78
99.7243 965.132 1896.15 2858.43 3799.77 4786.79
99.8265 966.122 1898.15 2861.43 3803.77 4791.69
99.8265 967.134 1900.14 2864.43 3807.77 4796.69
99.9294 968.134 1902.14 2867.38 3811.77 4801.64
99.9294 969.147 1904.14 2870.38 3815.76 4806.64
100.031 970.137 1906.14 2873.38 3819.76 4811.55
100.134 971.137 1908.11 2876.38 3823.69 4816.55
100.237 972.137 1910.11 2879.34 3827.69 4821.49
100.237  973.15 1912.11 2882.34 3831.68 4826.49
 100.34  974.15 1914.06 2885.28 3835.68 4831.49
 100.34 975.162 1916.05 2888.28 3839.68 4836.49
100.443 976.162 1918.05 2891.28 3843.62 4841.45
100.443 977.162 1920.04 2894.28 3847.61 4846.47
100.443 978.171 1922.02 2897.28 3851.61 4851.48
100.443 979.184 1924.02 2900.28 3855.59 4856.48
100.443 980.197 1926.01 2903.28 3859.59 4861.48
100.443 981.197    1928 2906.28 3863.58  4866.5
100.443 982.207    1930 2909.28 3867.56 4871.52
100.545 983.207 1931.96 2912.28 3871.49 4876.52
100.545 984.216 1933.96 2915.26 3875.49 4881.52
100.545 985.216 1935.95 2918.26 3879.49 4886.53
100.545 986.225 1937.93 2921.26 3883.49 4891.54
100.545 987.239 1939.93 2924.26 3887.49 4896.54
100.647 988.239 1941.93 2927.22 3891.42 4901.54
100.647 989.239 1943.92 2930.22 3895.42 4906.56
100.748 990.239 1945.92 2933.22 3899.36 4911.52
100.748 991.239  1947.9 2936.21 3903.36 4916.54
100.848 992.224  1949.9 2939.13 3907.36 4921.54
100.949 993.213  1951.9 2942.13 3911.36 4926.44
100.949 994.227  1953.9 2945.13 3915.35 4931.44
 101.05 995.219  1955.9 2948.13 3919.26 4936.44
 101.15 996.204  1957.9 2951.04 3923.26 4941.44
101.251 997.204  1959.9 2954.04  3927.2 4946.41
101.251 998.216  1961.9 2957.04 3931.19 4951.41
101.251 999.216  1963.9 2960.04 3935.17 4956.42
101.251 1000.23 1965.88 2963.04 3939.17 4961.42
101.251 1001.23 1967.87 2966.04 3943.17 4966.44
 101.35 1002.21  1969.8 2969.04 3947.17 4971.44
 101.35 1003.21  1971.8 2972.03 3951.16 4976.46
101.451 1004.21  1973.8 2974.99 3955.09 4981.46
101.551 1005.19  1975.8 2977.91 3959.09 4986.46