3.66667       2       3 3.66667       5 3.66667
3.66667     3.5       5 6.41667    8.75 8.66667
3.66667     4.5       7 9.64744 13.1556 13.0303
 4.7721     5.5       9 12.6474 17.1218 16.9587
 4.7721 6.88957      11 15.6474 21.4476 21.2433
5.68843 7.88957      13  18.652 25.4476 25.3224
6.60475 8.88957      15 21.6566 29.4476 29.4015
6.60475 9.88957 17.2343 24.6566 33.8339 33.7809
7.31499 10.8896 19.2343  27.308 37.4722 38.7809
7.97191 11.8675 21.2343  30.308 40.8373 43.7809
7.97191 12.8675  23.303 33.2608 44.8159 48.7809
 8.5137  13.742 24.8867 36.2608 48.8159 53.7809
9.12477  14.742  26.673 38.8634 52.8159 58.7809
9.71974 15.7032  28.673 41.8634 56.2597 63.7809
9.71974 16.7955 30.6674 44.8634  60.173 68.7809
9.71974 17.7955 32.7925 47.9722  64.173 73.5471
9.71974 18.9424 34.9059 50.9722  68.173 78.2869
9.71974 19.9424 36.9451 53.9501 72.1558 83.2869
10.2433 20.9424 38.9352 56.9501 76.1558 87.7732
  10.76 21.9986 40.9352 59.9501 80.1558 92.2003
11.2242 22.9478 42.9352 62.5367 84.1558 97.2003
11.2242 23.9478 44.9352 65.6137 88.2964 101.983
11.2242 24.9478 47.0495 68.7009 92.2964 106.781
11.2242 26.0211 49.0495 71.6566 96.2673 111.781
11.2242 27.1392 51.0495 74.7356 100.267 116.584
11.6671 28.1392 53.0495 77.7356 104.224 121.185
12.0441 29.0483 54.7634 80.7356 108.224 126.185
12.0441 30.0483 56.7857 83.7169  112.22 131.185
12.0441 31.0483 58.7857 86.7879 116.337 135.997
12.0441 32.0483 60.8641 89.7879  120.45 140.805
12.0441 33.1465 62.8641 92.8647  124.45  145.63
12.0441 34.2053 64.8641 95.8309 128.425  150.63
12.4146 35.2053 66.8596 98.8309 132.425 155.264
12.4146 36.3005 68.8596 101.906 136.425 160.095
12.7765 37.3005 70.8596 104.876 140.425 164.762
12.7765 38.3939 72.9367 107.876 144.425 169.591
12.7765 39.4448 74.9331 110.829 148.425 174.591
13.0983 40.4448 76.8202  113.62 152.425 179.591
13.0983 41.5347 78.8904  116.62 156.425 184.431
13.4122 42.5347 80.7813 119.415 160.425 189.431
13.7065  43.468 82.5537 122.415 164.425 194.431
13.7065  44.468 84.5537 125.468 168.525 199.279
 14.005 45.4366 86.5537 128.201 172.525 204.279
 14.005 46.5126 88.5537 131.201 176.611 209.117
 14.005 47.5607 90.5492 134.157 180.611 214.117
14.3127 48.5607 92.5382 137.157 184.611  218.82
14.3127 49.5607 94.5484 140.136 188.621  223.82
14.3127 50.5607 96.6105 143.193 192.621 228.702
14.5878 51.5328 98.6105 145.946 196.621 233.702
14.5878 52.5328 100.661 148.946  200.71 238.562
14.8765 53.5328 102.653 151.946  204.71 243.282
15.1651 54.5328 104.644 154.946  208.71 248.002
 15.442 55.5328 106.556 157.946 212.522 253.002
 15.442 56.5739 108.553 160.907 216.522 258.002
 15.442 57.6167 110.553 163.873 220.513 263.002
15.6943 58.5581  112.36 166.873 224.513 268.002
15.6943 59.6254 114.407 169.873 228.513 272.887
15.9648 60.6528 116.407 172.873 232.513 277.589
15.9648 61.6528 118.415 175.855 236.524 282.589
16.2307 62.6798 120.415 178.855 240.524 287.296
16.4966 63.7067 122.415 181.855 244.524 292.003
16.7506 64.6877 124.415 184.855 248.289 297.003
17.0194 65.6877 126.415 187.821 252.289 301.768
17.0194 66.7224 128.407 190.821 256.263 306.768
17.2601 67.6659 130.222 193.821 260.263 311.768
17.2601 68.7034 132.222 196.792 264.253 316.768
17.2601 69.7609 134.222 199.792 268.321 321.644
17.5008 70.7338 136.222 202.579 272.321 326.644
17.7539 71.7567 138.222 205.579 276.321 331.368
17.7539 72.8128 140.222 208.579 280.387 336.245
17.7539 73.8128 142.269 211.624 284.387 341.153
17.7539  74.873 144.269 214.663 288.387 346.053
17.7539 75.9095 146.269 217.635  292.38 351.053
17.9838 76.8927 148.269 220.635 296.166 356.053
18.2258 77.8927 150.269 223.603 300.166 360.843
18.2258 78.9272 152.265 226.573 304.166 365.843
18.2258 79.9272 154.265 229.605 308.237  370.74
18.2258 80.9272 156.265 232.638 312.308 375.636
18.4398 81.8777   158.1 235.638 316.308 380.636
18.4398 82.9111   160.1 238.612 320.301 385.636
18.6585 83.8943   162.1 241.612 324.099 390.636
  18.87 84.8453 163.938 244.612 328.099 395.636
  18.87 85.8986 165.973 247.612 332.099 400.548
19.0791 86.8504 167.812 250.612 336.099 405.548
19.0791 87.8504 169.812 253.642 340.164 410.452
19.0791 88.8813 171.805 256.619 344.164 415.452
19.0791 89.8813 173.841  259.66 348.164 420.375
19.0791 90.8813  175.87  262.66 352.228 425.282
 19.295 91.8813  177.87 265.632 356.228 430.094
 19.295 92.9088 179.859 268.632 360.211 435.094
 19.295 93.9088 181.895 271.672 364.211 440.018
19.5056 94.9088  183.88 274.672 368.211 444.822
19.7165 95.9088  185.88 277.672 372.192 449.631
19.9186 96.8918  187.88 280.672 376.006 454.631
20.1296 97.8918  189.88 283.645 380.006 459.447
20.1296 98.9197 191.874 286.624 384.006 464.447
20.3314 99.9197 193.798 289.498 388.006 469.447
20.5256 100.874 195.649 292.498 392.006 474.447
20.7255 101.857 197.649 295.498 395.824 479.447
20.9321 102.872 199.649 298.498 399.824 484.225
21.1402 103.872 201.649 301.498   403.8 489.041
21.3419 104.872 203.572 304.373   407.8 494.041
21.5442 105.872 205.503 307.373 411.668 499.041
21.5442 106.872 207.503 310.365 415.675 504.041
21.7422 107.854 209.503 313.365 419.495 509.041
21.9402 108.836 211.503 316.365 423.315 514.041
22.1444 109.849 213.503 319.365 427.315 518.824
22.3502 110.849 215.503 322.365 431.287 523.646
22.3502 111.874 217.497 325.347 435.287 528.646
22.5538 112.874 219.478 328.347 439.287 533.461
22.5538 113.874 221.479  331.34 443.292 538.461
22.5538 114.898  223.47  334.34 447.277 543.461
22.5538 115.937  225.47  337.34 451.322 548.377
22.5538 116.961 227.461  340.34 455.308 553.377
22.5538     118 229.461  343.34 459.353 558.293
 22.744     119 231.396  346.34 463.227 563.293
 22.744 120.024 233.389 349.323 467.227 568.293
22.9359 121.037 235.389 352.323 471.227 573.088
23.1208 122.013 237.389 355.163 475.227 578.088
23.3141 123.013 239.389 358.163   479.2 582.921
23.3141 124.051 241.389 361.163 483.244  587.84
23.4989 125.034 243.389 364.163 487.075  592.84
23.4989 126.034 245.417 367.196 491.075 597.779
23.6876 127.046 247.417 370.196 495.075 602.578
23.8774 128.046 249.399 373.196 499.075 607.406
24.0593 129.022 251.399 376.039 503.075 612.406
24.0593 130.022   253.4 379.033  507.08 617.406
24.2412 131.005   255.4 382.033 510.915 622.406
24.2412 132.027 257.393 385.033 514.901 627.406
24.4238 133.027 259.331 388.033 518.779 632.406
24.4238 134.027 261.331 391.058 522.824 637.336
24.4238 135.062 263.331 394.058 526.863 642.261
24.6029 136.062 265.263 396.948 530.863 647.261
24.7828 137.062 267.202 399.948 534.744 652.261
24.7828 138.062 269.227 402.979 538.744 657.205
24.9623 139.062 271.227 405.897 542.646 662.205
25.1401 140.062 273.159 408.788 546.646 667.205
25.1401 141.099 275.159 411.814 550.646 672.143
25.3173 142.099 277.099 414.814 554.529 677.143
25.4986 143.099 279.099 417.784 558.529 681.991
25.6799 144.099 281.099 420.754 562.529  686.84
25.8611 145.099 283.099 423.754   566.5 691.688
25.8611 146.099   285.1 426.749 570.504 696.688
26.0353 147.083   287.1 429.749 574.346 701.688
26.2149 148.083  289.08 432.749 578.346 706.528
26.3948 149.083  291.08 435.749 582.316 711.378
26.3948 150.083  293.08 438.773 586.356 716.314
26.5705 151.083  295.08 441.693 590.259 721.314
26.7479 152.091  297.08 444.693 594.259 726.128
26.9209 153.075  299.08 447.693 598.103 731.128
26.9209 154.109  301.08 450.719 602.103 736.069
27.0954 155.109  303.08 453.641 606.006 741.069
27.2729 156.109  305.08 456.641 609.975 745.922
27.4404 157.068 306.954 459.641 613.975 750.922
 27.614 158.068 308.896 462.641  617.86 755.922
27.7843 159.043 310.896 465.495  621.86 760.922
27.9612 160.043 312.875 468.495  625.86 765.766
28.1287 161.002 314.749 471.495  629.86 770.766
 28.303 162.002 316.749 474.417 633.763 775.766
 28.303 163.035 318.769 477.417 637.763 780.713
 28.303 164.035 320.769 480.439   641.8 785.655
28.4685 164.994 322.644 483.439   645.8 790.655
28.6381 165.977 324.644 486.439 649.647 795.655
 28.813 166.977 326.644 489.439 653.614 800.513
28.9874 167.977 328.622 492.439 657.614  805.36
 29.161 168.982 330.622 495.439 661.614 810.181
29.3264 169.941 332.498 498.439 665.614 815.181
29.5011 170.941 334.498 501.408 669.614 820.037
29.6724 171.941  336.44 504.408 673.501 825.037
29.8405 172.915  338.44 507.266 677.501 830.037
29.8405 173.915  340.44 510.287 681.536 834.981
30.0142 174.915  342.44 513.287 685.503 839.841
30.1836 175.915 344.373 516.185 689.503 844.841
30.3538 176.915 346.315 519.185 693.391 849.841
30.5232 177.915 348.247 522.082 697.391 854.841
30.5232 178.915 350.266 525.109 701.391 859.796
30.5232 179.915 352.282 528.109 705.427 864.744
30.6859 180.875  354.16 531.109 709.427 869.744
30.8534 181.875 356.093 534.008 713.427 874.744
  31.02 182.856 358.093 537.008 717.279 879.744
31.1914 183.856 360.093 539.975 721.279 884.605
31.3596 184.856 362.035 542.975 725.169 889.605
31.3596 185.885 364.035 545.997 729.169 894.555
31.5269 186.885 365.977 548.997 733.059 899.555
31.5269 187.885 367.977 552.016 737.091 904.503
31.5269 188.885 369.976 555.014 741.095 909.503
31.5269 189.912 371.976 558.014 745.123 914.448
31.5269 190.939 373.976 561.014 749.152 919.392
31.5269 191.968 375.992 564.014 753.152 924.347
31.5269 192.997 378.007 567.014 757.152 929.302
31.5269 193.997 380.024  570.04 761.152  934.26
31.5269 195.024 382.024  573.04 765.181 939.205
31.5269 196.024 384.041 576.065 769.181 944.163
31.6839 196.999 386.041 578.932 773.181 949.163
31.8428 197.999 387.977 581.836 777.181 954.163
32.0024 198.999 389.922 584.836 781.076 959.163
32.0024 200.028 391.937 587.836 785.076  964.12
32.1641 201.028 393.937 590.805 789.076 968.989
32.3229 202.028 395.882 593.805 792.972 973.989
 32.481 203.028 397.819  596.71 796.972 978.989
32.6404 204.028 399.819 599.639 800.884 983.989
32.8021 205.028 401.819 602.639  804.85 988.862
32.8021 206.044 403.811 605.639 808.841 993.862
32.8021 207.071 405.811 608.658 812.841 998.816
 32.962 208.071 407.811 611.627 816.841 1003.69
 32.962 209.071 409.827  614.65 820.841 1008.65
33.1202 210.074 411.827  617.65 824.841 1013.49
33.1202   211.1 413.827  620.65 828.868 1018.44
33.1202 212.117 415.827  623.64 832.861 1023.44
33.2758 213.117 417.827  626.57 836.775 1028.44
33.4294 214.101 419.827  629.57 840.637 1033.44
 33.586 215.104 421.827  632.57 844.637 1038.28
 33.586  216.12  423.82  635.57 848.628 1043.28
 33.586 217.145  425.82  638.57 852.654 1048.22
33.7411 218.148  427.82  641.57 856.654 1053.07
33.8963 219.151  429.82  644.57 860.654 1057.91
34.0514 220.154  431.82  647.57 864.654 1062.75
34.2024 221.131  433.82 650.443 868.654 1067.75
34.2024 222.156  435.82 653.443  872.68  1072.7
34.2024 223.182  437.82 656.461  876.68 1077.65
34.3552 224.182  439.82 659.393 880.595 1082.65
34.3552 225.198  441.82 662.383 884.588 1087.65
34.5093 226.198  443.82 665.383 888.556 1092.53
34.5093 227.224  445.82 668.402 892.556 1097.49
34.5093 228.241 447.814 671.391 896.556 1102.49
34.6571 229.218 449.814 674.266 900.556 1107.49
34.8059 230.202 451.814 677.266 904.423 1112.49
34.9566 231.202 453.814 680.199 908.339 1117.49
34.9566 232.228 455.814 683.216 912.339 1122.45
35.1085 233.228 457.814 686.186 916.339 1127.32
35.1085 234.244 459.814 689.176 920.333 1132.32
 35.258 235.244 461.814 692.109  924.25 1137.32
35.4055 236.229 463.814 695.109 928.118 1142.32
35.4055 237.229 465.814 698.107  932.12 1147.32
35.5537 238.229 467.764 701.107 936.022 1152.32
35.5537 239.244 469.758 704.107 940.012 1157.32
35.7027 240.247 471.758 707.107 944.012 1162.17
35.8497 241.247   473.7 710.018 948.012 1167.17
35.8497 242.247   475.7 713.016 952.015 1172.17
35.9987 243.247 477.678 716.016 956.015 1177.05
35.9987 244.272 479.691 719.016 960.015 1182.01
35.9987 245.272 481.691 722.031 964.041 1186.97
35.9987 246.297 483.691 725.048 968.041 1191.92
35.9987 247.312 485.685 728.048 972.032 1196.92
35.9987 248.312 487.685 731.046 976.034 1201.92
35.9987 249.328  489.68 734.035 980.034 1206.92
35.9987 250.343 491.674 737.025 984.034 1211.92
36.1416 251.343 493.626 740.025  987.94 1216.92
36.2867 252.343 495.626 743.025 991.908 1221.81
36.4255 253.308 497.522 746.025 995.908 1226.81
36.4255 254.308 499.521 749.023  999.91 1231.81
36.5701 255.308 501.521 752.023 1003.88  1236.7
36.7102 256.287 503.521 754.905 1007.88  1241.7
36.7102 257.287 505.521 757.903 1011.88  1246.7
36.7102 258.287 507.521 760.918 1015.91 1251.66
36.8526 259.289 509.521 763.918 1019.91 1256.51
36.8526 260.313 511.533 766.918 1023.91 1261.48
36.9945 261.315 513.533 769.918 1027.91 1266.33
37.1339   262.3 515.533 772.918 1031.78 1271.33
37.1339   263.3 517.533 775.916 1035.78 1276.33
37.2761   264.3 519.533 778.887 1039.78 1281.22
37.2761   265.3 521.533 781.902 1043.81 1286.18
37.2761 266.315 523.527 784.902  1047.8 1291.18
37.2761 267.337 525.527 787.902 1051.82 1296.14
37.4151 268.337 527.527  790.84 1055.74 1301.14
37.4151 269.337 529.539  793.84 1059.77  1306.1
37.5494 270.303 531.439  796.84 1063.77  1311.1
37.5494 271.317 533.433  799.84 1067.76  1316.1
37.5494 272.332 535.428 802.831 1071.76  1321.1
37.6881 273.332 537.406 805.831 1075.76 1325.98
37.6881 274.332 539.406 808.846 1079.79 1330.94
37.6881 275.332 541.406 811.844 1083.79 1335.94
37.8241 276.332 543.359 814.844  1087.7 1340.94
37.8241 277.332  545.37 817.844 1091.73  1345.9
37.9591 278.332 547.317 820.763 1095.73  1350.9
38.0946 279.332  549.27 823.763 1099.64  1355.9
 38.232 280.332  551.27 826.734 1103.64  1360.8
38.3664 281.317  553.27 829.734 1107.52  1365.8
38.3664 282.332  555.27 832.726 1111.51  1370.8
38.3664 283.332  557.27 835.741 1115.53 1375.76
38.3664 284.332  559.27 838.739 1119.54 1380.76
38.3664 285.332 561.282 841.758 1123.54 1385.73
38.3664 286.332 563.282 844.756 1127.54 1390.73
38.3664 287.332 565.294 847.774 1131.54  1395.7
38.4972 288.311 567.294 850.664 1135.54  1400.7
38.4972 289.311 569.305 853.664 1139.56 1405.66
38.4972 290.333 571.305 856.679 1143.56 1410.62
38.6279 291.319 573.305 859.679 1147.45 1415.62
38.6279 292.319 575.317 862.697 1151.45 1420.59
38.7608 293.319 577.297 865.697 1155.45 1425.48
38.8937 294.319 579.276 868.697 1159.45 1430.37
38.8937 295.339 581.276 871.697 1163.47 1435.33
38.8937 296.361 583.276 874.711 1167.47 1440.29
38.8937 297.361 585.276 877.725 1171.49 1445.26
39.0204 298.329 587.182 880.725 1175.49 1450.26
39.1493 299.315 589.182 883.725 1179.37 1455.26
39.1493 300.336 591.193 886.725 1183.37 1460.22
39.1493 301.357 593.193 889.725 1187.39 1465.18
39.2801 302.357 595.193 892.698 1191.39 1470.08
39.2801 303.357 597.203 895.698 1195.42 1475.04
39.2801  304.37 599.203 898.691 1199.41 1480.04
39.4051 305.339  601.11 901.691 1203.41 1485.04
39.4051 306.352 603.104 904.691  1207.4 1490.04
39.4051 307.372 605.104 907.705  1211.4 1495.01
39.5325 308.372  607.06 910.705 1215.32 1500.01
39.6609 309.374  609.06 913.705 1219.32 1504.88
39.6609 310.395 611.071 916.705 1223.32 1509.85
39.6609 311.395 613.081 919.705 1227.34 1514.81
39.7857 312.375 615.081   922.6 1231.34 1519.81
39.9127 313.375 617.081 925.544 1235.27 1524.81
39.9127 314.388 619.081 928.537 1239.27 1529.81
39.9127 315.401 621.075 931.537 1243.26 1534.81
39.9127 316.422 623.075 934.551 1247.26 1539.78
 40.039 317.423 625.075 937.551 1251.26 1544.65
 40.166 318.423 627.075 940.551 1255.23 1549.55
 40.166 319.423 629.075 943.564 1259.25 1554.52
 40.166 320.423 631.075 946.578 1263.27 1559.48
 40.166 321.443 633.075 949.592 1267.27 1564.45
40.2893  322.43 635.075 952.592 1271.16 1569.45
40.4131  323.43 637.026 955.518 1275.16 1574.45
40.5382 324.431 639.026 958.518 1279.16 1579.32
40.5382 325.431 641.037 961.535 1283.16 1584.29
40.5382 326.444 643.037 964.528 1287.16 1589.29
40.6625 327.445 645.037 967.528 1291.16 1594.17
40.7829 328.415 646.947 970.528 1295.16 1599.17
40.9033 329.384 648.857 973.528 1299.16 1604.17
41.0281 330.384 650.837 976.528 1303.16 1609.06
41.1532 331.384 652.837 979.528 1307.13 1613.97
41.2775 332.385 654.837 982.528 1311.13 1618.84
41.4023 333.385 656.818 985.528 1315.13 1623.74
41.5252 334.385 658.768 988.454 1319.13 1628.74
41.6502 335.385 660.768 991.454  1323.1 1633.64
41.7745 336.386 662.768 994.454  1327.1 1638.52
41.8949 337.356 664.678 997.454  1331.1 1643.52
42.0153 338.325 666.588 1000.45  1335.1 1648.52
42.1378 339.311 668.588 1003.45 1338.99 1653.52
42.2611 340.311 670.545 1006.45 1342.91 1658.52
42.2611  341.33 672.545 1009.47 1346.91 1663.48
42.2611 342.343  674.54 1012.46 1350.91 1668.48
42.2611 343.362 676.549 1015.46 1354.91 1673.45
42.2611 344.362 678.548 1018.46 1358.91 1678.45
42.3814 345.343 680.548 1021.36 1362.91 1683.45
42.5017 346.323 682.548 1024.26 1366.91 1688.45
42.5017 347.323 684.546 1027.26 1370.92 1693.45
42.5017 348.342 686.546 1030.27 1374.92 1698.42
42.6238 349.342 688.546 1033.27 1378.92  1703.3
42.6238 350.354  690.54 1036.27 1382.91  1708.3
42.6238 351.372  692.54 1039.27 1386.93 1713.26
42.6238 352.384 694.535 1042.27 1390.93 1718.26
42.7431 353.371 696.535 1045.27 1394.82 1723.26
42.8648 354.371 698.535 1048.24 1398.82 1728.17
42.9864 355.371 700.535 1051.21 1402.82 1733.07
43.1081 356.371 702.535 1054.21 1406.79 1737.98
43.1081 357.383  704.53 1057.21 1410.79 1742.98
43.1081 358.401  706.53 1060.22 1414.79 1747.94
43.1081 359.401 708.539 1063.22 1418.82 1752.91
43.2286 360.401 710.519 1066.22 1422.82 1757.81
43.2286 361.419 712.519 1069.22 1426.84 1762.78
43.3466 362.406 714.519 1072.22 1430.73 1767.78
43.3466 363.424 716.519 1075.23 1434.73 1772.74
43.4624 364.395 718.432 1078.23 1438.73 1777.74
43.4624 365.414 720.442 1081.23 1442.73 1782.72
43.4624 366.414  722.44 1084.23 1446.73 1787.72
43.5794 367.401  724.44 1087.23 1450.63 1792.72
43.5794 368.412 726.435 1090.23 1454.62 1797.72
43.5794 369.424 728.429 1093.23 1458.62 1802.72
43.6974 370.424 730.429 1096.23 1462.62  1807.6
43.6974 371.442 732.429 1099.23 1466.64 1812.56
43.6974 372.453 734.424 1102.22 1470.64 1817.56
43.6974 373.465 736.419 1105.22 1474.63 1822.56
43.8151 374.465 738.419  1108.2 1478.63 1827.47
43.8151 375.483 740.419 1111.21 1482.63 1832.44
43.8151 376.495 742.413  1114.2 1486.63 1837.44
43.8151 377.495 744.413 1117.22 1490.65 1842.41
43.9317 378.495 746.394 1120.22 1494.65 1847.31
43.9317 379.495 748.394 1123.23 1498.67 1852.28
43.9317 380.495 750.394 1126.24 1502.69 1857.25
43.9317 381.495 752.393 1129.24 1506.69 1862.25
44.0475 382.495 754.393 1132.24 1510.67 1867.16
44.0475 383.506 756.393 1135.24 1514.66 1872.16
44.0475 384.517 758.393 1138.23 1518.66 1877.16
44.1628 385.517 760.393 1141.23 1522.63 1882.07
44.2769 386.517 762.393 1144.18 1526.57 1887.07
44.2769 387.517 764.402  1147.2 1530.57 1892.04
44.3901 388.517 766.357 1150.13 1534.57 1897.04
44.3901 389.517 768.355 1153.13 1538.57 1902.04
44.3901 390.517 770.363 1156.13 1542.59 1907.01
44.3901 391.517 772.362 1159.13 1546.59 1912.01
44.5031 392.517 774.362 1162.08 1550.53 1917.01
44.5031 393.536 776.371 1165.08 1554.53 1921.99
44.5031 394.536 778.369 1168.08 1558.53 1926.99
44.6164 395.536 780.351 1171.08 1562.53 1931.89
44.7278 396.523 782.351 1174.08 1566.43 1936.89
44.8412 397.523 784.351 1177.05 1570.43  1941.8
44.8412 398.523 786.359 1180.05 1574.45 1946.77
44.8412 399.541 788.359 1183.07 1578.45 1951.74
44.8412 400.541 790.357 1186.06 1582.45 1956.74
44.8412 401.552 792.352 1189.06 1586.45 1961.74
44.8412 402.552 794.362 1192.08 1590.45 1966.72
44.8412 403.568 796.362 1195.08 1594.46 1971.68
44.9529 404.568 798.362 1198.06 1598.46  1976.6
45.0609 405.541 800.281 1201.06 1602.46  1981.6
45.0609 406.541 802.289 1204.06 1606.48 1986.57
45.1724 407.541 804.289 1207.06 1610.46 1991.48
45.1724 408.541 806.298 1210.07 1614.46 1996.46
 45.283 409.541 808.298 1213.07 1618.46 2001.35
45.3942 410.541 810.298 1216.07 1622.43 2006.26
45.3942 411.552 812.298 1219.07 1626.43 2011.26
45.3942 412.552 814.308 1222.08 1630.43 2016.24
45.5043 413.553 816.308 1225.08 1634.43 2021.13
45.5043 414.563 818.308 1228.08 1638.42 2026.13
45.5043 415.563 820.317 1231.09 1642.42  2031.1
45.6131 416.563 822.279 1234.09 1646.35  2036.1
45.7232 417.563 824.279 1237.07 1650.35 2041.01
45.7232 418.574 826.279 1240.06 1654.35 2046.01
45.8311 419.562 828.279 1243.06 1658.25 2051.01
  45.94 420.562 830.279 1246.02 1662.19 2056.01
  45.94 421.578 832.279 1249.02 1666.21 2060.98
46.0476 422.566 834.279 1252.02 1670.11 2065.98
46.1571 423.566 836.279 1254.99 1674.11 2070.89
46.2666 424.566 838.279 1257.97 1678.11 2075.81
46.2666 425.566 840.287 1260.97 1682.13 2080.78
46.3758 426.566 842.269 1263.97 1686.13 2085.69
46.4851 427.566 844.269 1266.97  1690.1  2090.6
46.4851 428.576 846.265 1269.97  1694.1  2095.6
46.4851 429.576 848.273 1272.97 1698.12 2100.58
46.5939 430.576 850.273 1275.97  1702.1 2105.49
46.5939 431.576 852.282 1278.98  1706.1 2110.47
46.5939 432.576 854.291    1282  1710.1 2115.44
46.5939 433.594   856.3    1285  1714.1 2120.42
46.5939 434.604 858.295 1287.99  1718.1 2125.42
46.7005 435.604 860.259 1290.99 1722.03 2130.42
46.7005 436.614 862.254 1293.99 1726.02 2135.42
46.7005 437.631 864.254    1297 1730.02 2140.39
46.8053 438.613 866.254 1299.92 1734.02 2145.39
46.9102 439.596 868.254 1302.83 1738.02 2150.39
47.0169 440.596 870.254 1305.83 1742.02 2155.28
47.1241 441.596 872.237 1308.83 1746.02 2160.19
47.2295 442.584 874.237 1311.83 1749.93 2165.19
47.3362 443.585 876.237 1314.83 1753.93 2170.09
47.3362 444.585 878.246 1317.84 1757.93 2175.06
47.4431 445.585 880.229 1320.84 1761.93 2179.97
47.4431 446.585 882.238 1323.86 1765.93 2184.95
47.4431 447.585 884.237 1326.86 1769.93 2189.95
47.4431 448.585 886.246 1329.87 1773.93 2194.92
47.4431 449.595 888.241 1332.87 1777.93 2199.92
47.5458 450.568 890.165 1335.87 1781.93 2204.92
47.6504 451.568 892.123  1338.8 1785.93 2209.92
 47.755 452.568  894.08 1341.74 1789.93 2214.92
47.8609 453.568  896.08 1344.72 1793.93 2219.84
47.9669 454.568  898.08  1347.7 1797.93 2224.76
47.9669 455.568  900.08 1350.71 1801.95 2229.73
48.0727 456.568  902.08 1353.69 1805.95 2234.64
48.1752 457.542 904.004 1356.69 1809.95 2239.64
48.1752 458.552 906.004 1359.68 1813.94 2244.64
48.1752 459.552 908.013  1362.7 1817.94 2249.62
48.2794 460.552 909.977  1365.7 1821.88 2254.62
48.2794 461.552 911.985 1368.71 1825.88  2259.6
48.2794 462.567 913.985 1371.71 1829.89 2264.57
48.2794 463.582 915.985 1374.71 1833.91 2269.54
48.3826 464.582 917.943 1377.65 1837.91 2274.54
48.4861 465.582 919.908 1380.65 1841.84 2279.54
48.4861 466.582 921.915 1383.65 1845.86 2284.51
48.4861 467.592  923.91 1386.65 1849.86 2289.51
48.5889 468.592 925.868 1389.58 1853.86 2294.51
48.5889 469.592 927.867 1392.58 1857.86 2299.51
48.5889 470.608 929.875 1395.58 1861.86 2304.49
48.5889 471.618  931.87 1398.58 1865.86 2309.49
48.6923 472.618 933.853 1401.58 1869.86  2314.4
48.6923 473.633 935.853 1404.58 1873.87 2319.37
48.6923 474.643 937.853 1407.57 1877.87 2324.37
48.6923 475.643  939.86 1410.57 1881.89 2329.34
48.7938 476.643 941.819 1413.51 1885.89 2334.34
48.7938 477.659 943.826 1416.51 1889.89 2339.32
48.8953 478.659 945.791 1419.51 1893.82 2344.32
48.9963 479.647 947.791 1422.51 1897.73 2349.32
49.0984 480.647 949.791 1425.51 1901.73 2354.22
   49.2 481.647 951.756 1428.51 1905.67 2359.22
   49.2 482.647 953.763 1431.51 1909.69 2364.19
   49.2 483.657 955.758 1434.51 1913.69 2369.19
49.3006 484.645 957.758 1437.51  1917.6 2374.19
49.4019 485.645 959.758 1440.46 1921.54 2379.19
49.5041 486.645 961.758 1443.46 1925.51 2384.11
49.6062 487.645 963.741 1446.46 1929.51 2389.03
49.7083 488.645 965.724 1449.46 1933.51 2393.94
49.8105 489.645 967.724 1452.46 1937.49 2398.87
49.8105 490.645  969.73 1455.46 1941.51 2403.84
49.9108 491.634  971.73 1458.46 1945.42 2408.84
49.9108 492.648  973.73 1461.46 1949.43 2413.81
49.9108 493.658  975.73 1464.46 1953.43 2418.81
50.0107 494.647  977.73 1467.46 1957.34 2423.81
50.1093 495.621 979.657 1470.46 1961.34 2428.81
50.1093 496.621 981.664 1473.46 1965.36 2433.79
50.1093 497.631 983.659 1476.45 1969.36 2438.79
50.1093 498.645 985.659 1479.45 1973.37 2443.76
50.2102 499.645 987.659 1482.43 1977.37 2448.68
50.3095 500.634 989.659 1485.43 1981.29 2453.68
50.3095 501.634 991.658 1488.43 1985.29 2458.68
50.3095 502.648 993.658 1491.44 1989.29 2463.65
50.3095 503.663 995.658 1494.45 1993.29 2468.63
50.4097 504.663 997.641 1497.45 1997.29 2473.54
50.4097 505.679 999.649 1500.45 2001.29 2478.52
50.5089 506.679 1001.61 1503.45 2005.22 2483.52
50.5089 507.688 1003.61 1506.45 2009.22 2488.52
50.6078 508.688 1005.58 1509.45 2013.15 2493.52
50.6078 509.698 1007.57 1512.45 2017.15 2498.52
50.7067 510.698 1009.57 1515.41 2021.09 2503.52
50.7067 511.707 1011.57 1518.41 2025.09 2508.52
50.7067 512.707 1013.58 1521.41  2029.1  2513.5
50.7067 513.722 1015.58 1524.41  2033.1 2518.48
50.7067 514.732 1017.58 1527.41  2037.1 2523.48
50.8049 515.732 1019.58 1530.36 2041.04 2528.48
50.9034 516.732 1021.58 1533.36 2045.04 2533.38
51.0008 517.721 1023.58 1536.36 2048.96 2538.38
51.0977 518.704 1025.58 1539.28 2052.96 2543.38
51.1959 519.704 1027.58 1542.24  2056.9 2548.38
51.2936 520.704 1029.54 1545.18  2060.9 2553.38
51.2936 521.704 1031.55  1548.2  2064.9 2558.36
51.2936 522.719 1033.55 1551.21  2068.9 2563.33
51.2936 523.728 1035.54 1554.21  2072.9 2568.33
51.2936 524.728 1037.54 1557.21  2076.9 2573.33
51.2936 525.743 1039.55 1560.21  2080.9 2578.31
51.3903 526.743 1041.51 1563.15  2084.9 2583.31
51.3903 527.758 1043.52 1566.15  2088.9 2588.29
51.3903 528.758 1045.52 1569.15 2092.91 2593.26
 51.487 529.758 1047.49 1572.15 2096.85 2598.26
51.5841 530.758 1049.49 1575.15 2100.85 2603.17
51.5841 531.767 1051.49 1578.15 2104.85 2608.17
51.6814 532.767 1053.47 1581.15 2108.85 2613.09
51.7789 533.767 1055.47 1584.15 2112.82 2618.01
51.8758 534.767 1057.47 1587.15 2116.82 2622.92
51.8758 535.776 1059.47 1590.15 2120.82 2627.92
 51.973 536.776 1061.45 1593.15 2124.82 2632.84
52.0687 537.765 1063.45 1596.15 2128.73 2637.84
 52.165 538.765 1065.42 1599.15 2132.67 2642.84
52.2613 539.765 1067.39 1602.15 2136.61 2647.84
52.2613 540.765 1069.39 1605.15 2140.61 2652.84
52.2613 541.765 1071.39 1608.16 2144.61 2657.82
52.2613 542.765  1073.4 1611.17 2148.61  2662.8
52.3561 543.749  1075.4 1614.09 2152.61  2667.8
 52.452 544.749  1077.4 1617.05 2156.55  2672.8
52.5478 545.749 1079.37 1620.05 2160.49  2677.8
 52.644 546.749 1081.37 1623.05 2164.49  2682.7
52.7398 547.749 1083.33 1626.05 2168.43  2687.7
52.8365 548.749 1085.33 1629.05  2172.4 2692.63
52.9305 549.725 1087.26 1632.05  2176.4 2697.63
53.0262 550.725 1089.23 1635.05 2180.34 2702.63
53.0262 551.739 1091.24 1638.05 2184.34 2707.61
53.0262 552.739 1093.24 1641.05 2188.34 2712.61
53.0262 553.748 1095.23 1644.05 2192.34 2717.61
53.1214 554.748  1097.2 1647.05 2196.28 2722.61
53.1214 555.757 1099.19 1650.04 2200.28 2727.61
53.2167 556.757 1101.19    1653 2204.22 2732.61
53.2167 557.771 1103.19    1656 2208.24 2737.58
53.2167  558.78 1105.19    1659 2212.24 2742.58
53.2167  559.78  1107.2 1662.01 2216.24 2747.56
53.3095 560.756 1109.13 1665.01 2220.24 2752.56
53.3095 561.765 1111.12 1668.01 2224.24 2757.56
53.4039 562.765 1113.09 1671.01 2228.17 2762.56
53.4039 563.765 1115.09 1674.01 2232.18 2767.56
53.4039 564.779  1117.1 1677.01 2236.18 2772.54
53.4039 565.779  1119.1 1680.02 2240.19 2777.52
53.4039 566.779  1121.1 1683.02  2244.2 2782.49
53.4039 567.779  1123.1 1686.03 2248.22 2787.47
53.4977 568.779  1125.1 1688.99 2252.16 2792.47
53.5907 569.768  1127.1 1691.99 2256.08 2797.47
53.5907 570.782  1129.1    1695 2260.08 2802.45
53.5907 571.796  1131.1 1698.01 2264.08 2807.42
53.5907 572.804  1133.1    1701 2268.08 2812.42
53.6833 573.794  1135.1    1704    2272 2817.42
53.7771 574.794 1137.08    1707    2276 2822.35
53.8685 575.771 1139.01    1710    2280 2827.35
53.9623 576.771 1141.01 1712.98    2284 2832.27
53.9623 577.771 1143.01 1715.98    2288 2837.27
54.0543 578.755 1145.01 1718.91    2292 2842.27
54.1479 579.755 1146.99 1721.91    2296  2847.2
54.2405 580.755 1148.96 1724.85    2300  2852.2
54.2405 581.764 1150.96 1727.85    2304  2857.2
54.2405 582.778 1152.96 1730.85    2308 2862.18
54.3321 583.762 1154.96 1733.77    2312 2867.18
54.4242 584.752 1156.96 1736.77 2315.91 2872.18
54.4242 585.752 1158.97 1739.77 2319.93 2877.16
54.5168 586.752 1160.97 1742.73 2323.88 2882.16
54.5168  587.76 1162.96 1745.73 2327.87 2887.16
54.5168  588.76 1164.97 1748.73 2331.89 2892.14
54.5168  589.76 1166.98 1751.74 2335.89 2897.12
54.6088  590.76 1168.95 1754.74 2339.83 2902.12
54.6088 591.769 1170.95 1757.74 2343.82 2907.12
54.6088 592.778 1172.95 1760.73 2347.82 2912.12
54.7013 593.778 1174.95 1763.73 2351.79 2917.05
54.7013 594.791 1176.95 1766.74 2355.79 2922.03
54.7013 595.791 1178.94 1769.74 2359.79 2927.03
54.7934 596.791 1180.94 1772.72 2363.79 2931.95
54.7934   597.8 1182.94 1775.72 2367.79 2936.95
54.7934 598.808 1184.94 1778.72 2371.78 2941.95
54.7934 599.817 1186.94 1781.71 2375.78 2946.95
54.7934 600.817 1188.95 1784.71 2379.79 2951.93
54.8843 601.817 1190.95 1787.67 2383.74 2956.93
54.9757 602.817 1192.93 1790.67 2387.74 2961.86
55.0672 603.817 1194.93 1793.67 2391.72 2966.79
55.0672  604.83 1196.93 1796.67 2395.73 2971.77
55.1569 605.814 1198.93  1799.6 2399.73 2976.77
 55.247 606.804 1200.93  1802.6 2403.65 2981.77
 55.338 607.803 1202.93  1805.6 2407.65 2986.68
 55.338 608.812 1204.93  1808.6 2411.64 2991.68
 55.338 609.812 1206.93  1811.6 2415.65 2996.68
55.4278 610.802 1208.93  1814.6 2419.57 3001.68
55.4278 611.802 1210.94  1817.6 2423.58 3006.66
55.5187 612.802 1212.94  1820.6 2427.56 3011.59
55.5187  613.81 1214.93  1823.6 2431.55 3016.59
55.5187 614.823 1216.93  1826.6 2435.56 3021.57
55.6089 615.822 1218.93  1829.6 2439.56 3026.48
55.6089  616.83 1220.93  1832.6 2443.56 3031.48
55.6982  617.82 1222.93  1835.6 2447.48 3036.48
55.6982 618.829 1224.93 1838.59 2451.47 3041.48
55.6982 619.829 1226.93 1841.59 2455.47 3046.48
55.6982 620.837 1228.93 1844.59 2459.47 3051.48
55.6982  621.85 1230.93  1847.6 2463.47 3056.45
55.6982  622.85 1232.93 1850.61 2467.47 3061.44
55.6982 623.863 1234.93 1853.62 2471.47 3066.41
55.6982 624.863 1236.93 1856.62 2475.47 3071.41
55.7876 625.863 1238.93 1859.62 2479.45 3076.35
55.8771 626.863 1240.93  1862.6 2483.45 3081.28
55.8771 627.863 1242.94 1865.62 2487.45 3086.26
55.8771 628.876 1244.94 1868.62 2491.45 3091.24
55.9652 629.876 1246.91 1871.56 2495.45 3096.24
55.9652 630.889 1248.91 1874.56 2499.45 3101.22
55.9652 631.889 1250.91 1877.56 2503.45 3106.22
56.0525 632.875 1252.91 1880.49 2507.45 3111.22
56.1403 633.875 1254.88 1883.44 2511.45 3116.22
56.1403 634.875 1256.88 1886.44 2515.45 3121.22
56.1403 635.888 1258.88 1889.44 2519.45  3126.2
56.2279 636.888 1260.85 1892.39 2523.45  3131.2
56.3165 637.888 1262.85 1895.37 2527.45 3136.13
56.4045 638.888 1264.85 1898.33  2531.4 3141.13
56.4045 639.888 1266.85 1901.33 2535.41 3146.12
56.4045   640.9 1268.85 1904.34 2539.41 3151.09
56.4045   641.9 1270.85 1907.35 2543.42 3156.07
56.4921   642.9 1272.85 1910.31 2547.37 3161.07
56.5797   643.9 1274.85 1913.27 2551.32 3166.07
56.6669   644.9 1276.82 1916.22 2555.32 3171.07
56.6669 645.913 1278.82 1919.22 2559.32 3176.05
56.6669 646.913 1280.82 1922.23 2563.34 3181.03
56.6669 647.926 1282.82 1925.23 2567.35 3186.01
56.7531 648.911 1284.82 1928.16 2571.35 3191.01
56.8405  649.91 1286.82 1931.16 2575.35 3195.92
56.8405 650.918 1288.82 1934.15 2579.35 3200.92
56.8405 651.927 1290.81 1937.15 2583.35 3205.92
56.8405 652.939 1292.81 1940.15 2587.36  3210.9
56.8405 653.951 1294.81 1943.15 2591.37 3215.88
56.8405 654.963 1296.81 1946.16 2595.37 3220.86
56.8405 655.976 1298.82 1949.16 2599.37 3225.84
56.8405 656.988 1300.82 1952.16 2603.38 3230.82
56.8405 657.988 1302.82 1955.16 2607.38 3235.82
 56.925 658.967 1304.76 1958.16 2611.38 3240.82
 56.925 659.967 1306.76 1961.16 2615.39  3245.8
 56.925 660.975 1308.76 1964.15 2619.39  3250.8
 56.925 661.975 1310.76 1967.15  2623.4  3255.8
57.0106 662.975 1312.73 1970.15 2627.34  3260.8
57.0106 663.988 1314.73 1973.15 2631.34 3265.78
57.0958 664.988  1316.7  1976.1 2635.34 3270.78
57.1808 665.978  1318.7  1979.1 2639.26 3275.78
57.2664 666.978  1320.7 1982.07 2643.22 3280.78
57.3522 667.977  1322.7 1985.07 2647.22 3285.69
57.3522  668.99  1324.7 1988.07 2651.22 3290.67
57.3522  669.99  1326.7 1991.07 2655.23 3295.65
57.3522 670.998  1328.7 1994.07 2659.22 3300.65
57.4379 671.998 1330.68 1997.07 2663.22 3305.58
57.5236 672.998 1332.68 2000.05 2667.22 3310.52
57.5236 673.998 1334.68 2003.06 2671.23  3315.5
57.6092 674.998 1336.68 2006.06 2675.21 3320.43
57.6945 675.997 1338.68 2009.06 2679.21 3325.35
57.7801 676.997 1340.68 2012.04 2683.21 3330.28
57.8657 677.997 1342.67 2015.04 2687.21 3335.21
57.9506 678.997 1344.64 2018.04 2691.16 3340.21
58.0347 679.983 1346.64 2020.97 2695.16 3345.21
58.0347 680.983 1348.64 2023.98 2699.17 3350.19
58.0347 681.995 1350.64 2026.98 2703.18 3355.17
 58.118 682.974 1352.58 2029.98 2707.18 3360.17
 58.118 683.982 1354.58 2032.98 2711.17 3365.17
 58.118  684.99 1356.57 2035.98 2715.17 3370.17
 58.203  685.99 1358.56 2038.98 2719.17  3375.1
 58.203 686.998 1360.55 2041.97 2723.17  3380.1
58.2873 687.998 1362.52 2044.97 2727.11  3385.1
58.3714 688.998 1364.49 2047.92 2731.11  3390.1
58.3714  690.01  1366.5 2050.92 2735.11 3395.08
58.4556  691.01 1368.47 2053.92 2739.06 3400.08
58.4556  692.01 1370.47 2056.92 2743.06 3405.08
58.4556 693.018 1372.46 2059.92 2747.06 3410.08
58.4556 694.018 1374.46 2062.92 2751.06 3415.08
58.5381 694.997  1376.4 2065.92 2755.06 3420.08
58.5381 696.009  1378.4 2068.93 2759.06 3425.06
58.6214     697  1380.4 2071.93 2762.98 3430.06
58.7043 697.986  1382.4 2074.86 2766.98 3435.06
58.7887 698.986  1384.4 2077.86 2770.96    3440
 58.873 699.986 1386.38 2080.86 2774.96 3444.93
58.9568 700.986 1388.38 2083.83 2778.91 3449.93
59.0403 701.986 1390.35 2086.78 2782.91 3454.93
59.0403 702.986 1392.35 2089.79 2786.93 3459.91
59.0403 703.986 1394.35 2092.79 2790.94 3464.89
59.1241 704.985 1396.35 2095.79 2794.94 3469.81
59.1241 705.993 1398.35 2098.78 2798.93 3474.81
59.2067 706.979 1400.35 2101.71 2802.93 3479.81
59.2906 707.979 1402.35 2104.69 2806.93 3484.75
59.2906 708.986 1404.35 2107.69 2810.93 3489.75
59.3744 709.986 1406.34 2110.69 2814.93 3494.68
59.3744 710.986 1408.34  2113.7 2818.94 3499.66
59.4573 711.986  1410.3 2116.65 2822.94 3504.66
  59.54 712.977  1412.3 2119.65 2826.87 3509.66
59.6233 713.977  1414.3 2122.62 2830.82 3514.66
59.6233 714.989 1416.31 2125.62 2834.82 3519.64
59.6233 715.989 1418.31 2128.62 2838.82 3524.64
59.6233     717 1420.31 2131.62 2842.83 3529.62
59.6233     718 1422.31 2134.63 2846.83  3534.6
59.6233 719.008 1424.31 2137.62 2850.83  3539.6
59.6233 720.008 1426.32 2140.63 2854.83 3544.59
59.6233 721.008 1428.32 2143.64 2858.83 3549.57
59.7057 722.008 1430.32 2146.61 2862.78 3554.57
59.7057 723.008 1432.33 2149.61 2866.79 3559.56
59.7879 724.008  1434.3 2152.61 2870.74 3564.56
59.8699 725.008 1436.27 2155.56 2874.74 3569.56
59.9526 726.008 1438.25 2158.56 2878.74 3574.49
59.9526 727.008 1440.26 2161.57 2882.74 3579.47
59.9526 728.008 1442.26 2164.58 2886.75 3584.45
59.9526  729.02 1444.26 2167.58 2890.76 3589.43
59.9526 730.031 1446.26 2170.58 2894.77 3594.41
59.9526 731.031 1448.26 2173.59 2898.78 3599.39
59.9526 732.038 1450.26 2176.58 2902.78 3604.39
60.0341 733.038 1452.23 2179.58 2906.73 3609.39
60.0341 734.038 1454.23 2182.59 2910.73 3614.38
60.1157 735.038 1456.23 2185.56 2914.68 3619.38
60.1964 736.025 1458.23 2188.49 2918.68 3624.38
60.2774 737.016 1460.23 2191.49 2922.61 3629.38
60.2774 738.023 1462.23 2194.49 2926.61 3634.38
60.2774 739.035 1464.23 2197.49 2930.61 3639.36
60.3586 740.035  1466.2 2200.49 2934.55 3644.36
60.3586 741.035 1468.21  2203.5 2938.55 3649.34
60.3586 742.042  1470.2  2206.5 2942.55 3654.34
60.4401 743.042  1472.2 2209.48 2946.55 3659.28
60.4401 744.042 1474.21 2212.49 2950.55 3664.26
60.4401 745.053 1476.21 2215.49 2954.56 3669.24
60.5201  746.04 1478.21 2218.42 2958.56 3674.24
60.6002 747.026 1480.21 2221.36 2962.56 3679.24
60.6814 748.026 1482.19 2224.36 2966.56 3684.18
60.6814 749.026  1484.2 2227.36 2970.58 3689.16
60.6814 750.026  1486.2 2230.37 2974.58 3694.15
60.6814 751.026  1488.2 2233.37 2978.59 3699.13
 60.762 752.026  1490.2 2236.34 2982.54 3704.13
 60.762 753.026 1492.21 2239.35 2986.54 3709.11
60.8429 754.026 1494.21 2242.33 2990.54 3714.05
60.8429 755.034 1496.21 2245.33 2994.54 3719.05
60.9218 756.013 1498.15 2248.33 2998.54 3724.05
60.9218 757.013 1500.15 2251.33 3002.55 3729.03
61.0025 758.013 1502.15 2254.31 3006.55 3733.97
61.0025 759.025 1504.15 2257.31 3010.55 3738.95
61.0025 760.036 1506.15 2260.31 3014.56 3743.93
61.0827 761.035 1508.15 2263.31 3018.56 3748.85
61.1622 762.025 1510.15 2266.31 3022.49 3753.85
61.1622 763.033 1512.15 2269.31 3026.49 3758.85
61.2425 764.033 1514.15 2272.29 3030.49 3763.79
61.2425 765.044 1516.15 2275.29 3034.49 3768.77
61.2425 766.044 1518.15  2278.3  3038.5 3773.76
61.3218 767.035 1520.15  2281.3 3042.43 3778.76
61.4016 768.034 1522.15  2284.3 3046.43 3783.68
61.4808 769.025 1524.15  2287.3 3050.36 3788.68
  61.56 770.016 1526.15  2290.3 3054.29 3793.68
61.6389 771.002 1528.15 2293.23 3058.29 3798.68
61.7188 772.001 1530.15 2296.23 3062.29  3803.6
61.7188 773.001 1532.16 2299.23 3066.31 3808.58
61.7984 774.001 1534.16  2302.2 3070.26 3813.58
61.7984 775.008 1536.15  2305.2 3074.26 3818.58
61.8775 776.008 1538.12 2308.15 3078.26 3823.58
61.8775 777.019 1540.12 2311.15 3082.27 3828.56
61.9573 778.019 1542.11 2314.15 3086.27  3833.5
62.0364 779.019 1544.08  2317.1 3090.27  3838.5
62.1153  780.01 1546.08  2320.1  3094.2  3843.5
62.1153  781.01 1548.08 2323.11  3098.2 3848.48
62.1153  782.01 1550.09 2326.11 3102.21 3853.47
62.1153  783.01 1552.09 2329.11 3106.22 3858.45
62.1153  784.01 1554.09 2332.12 3110.23 3863.43
62.1939  785.01 1556.06 2335.07 3114.23 3868.43
62.2731 786.009 1558.06 2338.07 3118.23 3873.35
62.3517 787.009 1560.03 2341.03 3122.23 3878.35
62.4302 787.999 1562.03 2344.03 3126.17 3883.35
62.4302  789.01 1564.03 2347.03 3130.17 3888.33
62.5091  790.01 1566.03 2349.99 3134.13 3893.33
62.5875 791.001 1568.03 2352.99 3138.06 3898.33
62.5875 792.012 1570.03    2356 3142.06 3903.32
62.5875 793.019 1572.02    2359 3146.06 3908.32
62.5875  794.03 1574.02    2362 3150.07  3913.3
62.5875  795.03 1576.02 2365.01 3154.08 3918.28
62.6663  796.03 1578.01 2368.01 3158.08 3923.21
62.7435  797.01 1579.95 2371.01 3162.08 3928.21
62.8223  798.01 1581.94 2374.01 3166.08 3933.15
62.8223  799.01 1583.94 2377.01 3170.08 3938.15
62.8223  800.01 1585.94 2380.01 3174.09 3943.13
62.8993  800.99 1587.88 2383.01 3178.09 3948.13
62.9773  801.99 1589.85 2385.96 3182.09 3953.13
62.9773  802.99 1591.86 2388.96  3186.1 3958.12
62.9773  803.99 1593.86 2391.97 3190.11  3963.1
62.9773 805.001 1595.86 2394.97 3194.11 3968.08
63.0557 806.001 1597.86 2397.97 3198.09 3973.03
63.0557 807.008 1599.86 2400.97 3202.09 3978.03
63.1335 808.008 1601.83 2403.97 3206.04 3983.03
63.2106 808.995 1603.83  2406.9 3210.04 3988.03
63.2872 809.975 1605.77  2409.9 3214.04 3993.03
63.2872 810.985 1607.77  2412.9 3218.04 3998.01
63.3653 811.985 1609.76  2415.9 3222.04 4002.94
63.3653 812.996 1611.76  2418.9 3226.04 4007.93
63.4432 813.995 1613.76  2421.9 3230.04 4012.85
63.4432 815.006 1615.76  2424.9 3234.05 4017.83
63.4432 816.006 1617.77  2427.9 3238.07 4022.82
63.5205 817.006 1619.74  2430.9 3242.01 4027.82
63.5205 818.016 1621.74 2433.91 3246.01  4032.8
63.5205 819.016 1623.74 2436.91 3250.03 4037.78
63.5205 820.023 1625.74 2439.91 3254.03 4042.78
63.5205  821.03 1627.74 2442.91 3258.02 4047.78
63.5978 822.029 1629.74 2445.91 3262.02 4052.71
63.5978 823.039 1631.74 2448.91 3266.03 4057.69
63.6736  824.02 1633.68 2451.91 3270.03 4062.69
63.6736  825.02 1635.68 2454.91 3274.03 4067.69
63.7506 826.018 1637.68 2457.91 3278.03 4072.61
63.8273 827.018 1639.65 2460.86 3282.03 4077.61
63.8273 828.029 1641.65 2463.87 3286.03 4082.59
63.9045 829.029 1643.63 2466.87 3290.03 4087.53
63.9801  830.01 1645.58 2469.87 3294.03 4092.53
63.9801  831.02 1647.58 2472.87 3298.04 4097.51
64.0572  832.02 1649.58 2475.87 3302.02 4102.46
64.1344  833.02 1651.58 2478.85 3306.02  4107.4
64.1344  834.02 1653.58 2481.85 3310.02  4112.4
64.1344  835.02 1655.58 2484.86 3314.03 4117.38
64.2113  836.02 1657.56 2487.86 3318.03 4122.32
64.2113  837.02 1659.57 2490.87 3322.03  4127.3
64.2877  838.02 1661.54 2493.87 3325.98  4132.3
64.2877 839.027 1663.54 2496.87 3329.98  4137.3
64.3639 840.027 1665.51 2499.87 3333.93  4142.3
64.4407 841.027 1667.51 2502.87 3337.91 4147.25
64.4407 842.027 1669.52 2505.87 3341.91 4152.23
64.4407 843.034 1671.52 2508.87 3345.91 4157.23
 64.517 844.034 1673.52 2511.84 3349.86 4162.23
 64.517 845.034 1675.52 2514.85 3353.86 4167.22
64.5923 846.021 1677.52 2517.78 3357.86 4172.22
64.6672 847.001 1679.46 2520.78 3361.86 4177.22
64.7434     848 1681.46 2523.78 3365.86 4182.14
64.7434 849.007 1683.46 2526.78 3369.86 4187.14
64.7434 850.014 1685.46 2529.78 3373.86 4192.14
64.8186 851.001 1687.46 2532.72 3377.86 4197.14
64.8186 852.008 1689.46 2535.71 3381.86 4202.14
64.8186 853.018 1691.46 2538.72 3385.86 4207.13
64.8944 854.018 1693.46 2541.69 3389.81 4212.13
64.9689 854.999 1695.41 2544.69 3393.81 4217.13
65.0446 855.999 1697.41 2547.65 3397.77 4222.13
65.1199  856.99 1699.41 2550.65  3401.7 4227.13
65.1945  857.97 1701.35 2553.65  3405.7 4232.13
65.1945  858.98 1703.35 2556.65 3409.71 4237.11
65.1945  859.98 1705.36 2559.66 3413.71  4242.1
  65.27  860.98 1707.36 2562.63 3417.67  4247.1
65.3452 861.971 1709.36 2565.63  3421.6  4252.1
65.3452 862.981 1711.36 2568.63 3425.61 4257.08
65.4211 863.981 1713.36 2571.63 3429.59 4262.02
65.4211 864.991 1715.36 2574.63  3433.6    4267
65.4965 865.991 1717.36  2577.6 3437.56    4272
65.4965 866.998 1719.36 2580.59 3441.55    4277
65.4965 868.005 1721.35 2583.59 3445.55    4282
65.5721 869.005 1723.35 2586.58 3449.55 4286.95
65.6473 870.005 1725.35 2589.54 3453.51 4291.95
65.7229 871.005 1727.35 2592.54 3457.49 4296.89
65.7229 872.014 1729.35 2595.54 3461.49 4301.87
65.7229 873.024 1731.35 2598.54  3465.5 4306.85
65.7229 874.031 1733.35 2601.54  3469.5 4311.85
65.7979 875.031 1735.35 2604.51 3473.46 4316.85
65.8728 876.031 1737.32 2607.51 3477.41 4321.85
 65.948 877.031 1739.31 2610.51 3481.41 4326.79
66.0229 878.031 1741.28 2613.51 3485.36 4331.79
 66.098  879.03 1743.28 2616.51 3489.36 4336.72
 66.098  880.04 1745.29 2619.51 3493.36 4341.71
 66.173 881.039 1747.29 2622.51 3497.36 4346.63
 66.173 882.039 1749.29 2625.52 3501.36 4351.62
 66.173 883.045 1751.29 2628.52 3505.36 4356.62
 66.173 884.056  1753.3 2631.52 3509.36  4361.6
 66.173 885.056 1755.29 2634.52 3513.36  4366.6
 66.173 886.056 1757.29 2637.52 3517.36  4371.6
 66.173 887.063 1759.29 2640.51 3521.36  4376.6
66.2466  888.05 1761.29 2643.45 3525.36  4381.6
66.3211 889.049 1763.29 2646.45 3529.36 4386.53
66.3943  890.03 1765.24 2649.45 3533.36 4391.53
 66.469  891.03 1767.24 2652.43 3537.36 4396.47
66.5438  892.03 1769.24 2655.43 3541.34 4401.42
66.6185  893.03 1771.22 2658.43 3545.34 4406.36
66.6932  894.03 1773.21 2661.43 3549.34  4411.3
66.7671 895.021 1775.21 2664.43 3553.27  4416.3
66.8419 896.021 1777.21 2667.43 3557.25 4421.25
66.8419 897.021 1779.21 2670.43 3561.26 4426.23
 66.915 898.002 1781.16 2673.43 3565.26 4431.23
66.9892 899.002 1783.13 2676.43 3569.21 4436.23
67.0636     900 1785.13 2679.43 3573.21 4441.16
67.0636     901 1787.13 2682.44 3577.22 4446.14
67.0636     902 1789.13 2685.44 3581.22 4451.14
67.0636 903.007 1791.13 2688.44 3585.22 4456.14
67.1373 904.007  1793.1  2691.4 3589.22 4461.14
67.1373 905.017  1795.1  2694.4 3593.23 4466.12
67.1373 906.017  1797.1 2697.41 3597.23 4471.11
67.1373 907.027  1799.1 2700.41 3601.23  4476.1
67.2112 908.025  1801.1 2703.41 3605.23 4481.02
67.2854 909.025  1803.1 2706.39 3609.23 4485.97
67.3584 910.013  1805.1 2709.33 3613.23 4490.97
67.3584 911.019  1807.1 2712.32 3617.23 4495.97
67.4319 912.019 1809.07 2715.28 3621.23 4500.97
67.5059 913.019 1811.06 2718.28 3625.23 4505.91
67.5784     914 1813.01 2721.28 3629.23 4510.91
67.5784 915.007    1815 2724.28 3633.23 4515.91
67.6521 916.007    1817 2727.25 3637.18 4520.91
 67.726 917.007 1818.99 2730.25 3641.18 4525.85
67.7997 918.005 1820.99 2733.25 3645.18 4530.78
67.7997 919.012 1822.99 2736.24 3649.18 4535.78
67.8733 920.012 1824.99 2739.21 3653.14 4540.78
67.8733 921.021 1826.99 2742.21 3657.15 4545.76
67.8733 922.028 1828.98 2745.21 3661.14 4550.76
67.8733 923.028 1830.99 2748.22 3665.14 4555.75
67.8733 924.028 1832.99 2751.22 3669.16 4560.73
67.8733 925.028 1834.99 2754.22 3673.16 4565.73
67.9468 926.028 1836.99  2757.2 3677.16 4570.67
67.9468 927.038 1838.99 2760.21 3681.16 4575.66
67.9468 928.047 1840.99 2763.22 3685.16 4580.64
67.9468 929.058    1843 2766.22 3689.16 4585.63
68.0201 930.058    1845 2769.22 3693.14 4590.58
68.0931 931.056    1847 2772.22 3697.14  4595.5
68.0931 932.066    1849 2775.22 3701.14 4600.49
68.0931 933.076    1851 2778.22 3705.14 4605.47
68.0931 934.076    1853 2781.22 3709.15 4610.46
68.1646 935.057 1854.95 2784.22 3713.15 4615.46
68.2366 936.045 1856.95 2787.16 3717.15 4620.46
68.3086 937.032 1858.95  2790.1 3721.15 4625.46
68.3812 938.032 1860.92  2793.1 3725.11 4630.46
68.3812 939.039 1862.92  2796.1 3729.11 4635.46
68.3812 940.045 1864.92  2799.1  3733.1 4640.46
68.4538 941.044 1866.92  2802.1  3737.1 4645.38
68.5263 942.044 1868.92 2805.06 3741.06 4650.38
68.5263 943.044 1870.92 2808.06 3745.07 4655.37
68.5263 944.044 1872.92 2811.06 3749.08 4660.36
68.5263 945.044 1874.93 2814.06  3753.1 4665.34
68.5263  946.05 1876.93 2817.06  3757.1 4670.34
68.5987 947.049 1878.93 2820.06  3761.1 4675.27
68.5987 948.049 1880.93 2823.07  3765.1 4680.26
68.5987 949.049 1882.93 2826.07  3769.1 4685.26
68.5987 950.055 1884.93 2829.07 3773.09 4690.26
 68.671 951.055 1886.93 2832.07 3777.07 4695.21
 68.743 952.055 1888.93 2835.04 3781.03 4700.21
68.8146 953.046 1890.93 2838.04 3784.97 4705.21
68.8869 954.046 1892.91 2841.04 3788.97 4710.15
68.9589 955.045 1894.91 2844.04 3792.97 4715.08
68.9589 956.051 1896.91 2847.04 3796.97 4720.08
 69.031  957.05 1898.91 2850.04 3800.97 4725.01
 69.031 958.056  1900.9 2853.04 3804.97 4730.01
69.1032 959.056  1902.9 2856.04 3808.95 4734.95
69.1032 960.066 1904.91 2859.04 3812.95 4739.94
69.1032 961.066 1906.91 2862.04 3816.95 4744.93
69.1032 962.072 1908.91 2865.04 3820.94 4749.93
69.1032 963.082 1910.91 2868.04 3824.94 4754.91
69.1032 964.092 1912.91 2871.05 3828.94  4759.9
69.1744 965.092 1914.88 2874.01 3832.94  4764.9
69.2456 966.092 1916.86 2876.97 3836.94  4769.9
69.2456 967.092 1918.86 2879.97 3840.94 4774.89
69.3159 968.073 1920.81 2882.97 3844.94 4779.89
69.3159  969.08  1922.8 2885.97 3848.94 4784.89
69.3159 970.089  1924.8 2888.97 3852.95 4789.87
69.3874 971.089  1926.8 2891.96 3856.95 4794.81
69.3874 972.089 1928.81 2894.97 3860.95  4799.8
69.3874 973.089 1930.81 2897.97 3864.95 4804.79
69.3874 974.089 1932.82 2900.97 3868.96 4809.77
69.3874 975.089 1934.82 2903.98 3872.97 4814.76
69.4585 976.087 1936.82 2906.98 3876.97 4819.69
69.4585 977.094 1938.82 2909.98 3880.97 4824.69
69.5287 978.082 1940.82 2912.92 3884.97 4829.69
69.5287 979.082 1942.82 2915.93 3888.97 4834.68
69.5287 980.088 1944.82 2918.93 3892.96 4839.68
69.5998 981.088 1946.82 2921.91 3896.96 4844.62
69.5998 982.097 1948.82 2924.91 3900.97 4849.61
69.5998 983.097 1950.82 2927.92 3904.98 4854.59
69.5998 984.107 1952.82 2930.92 3908.98 4859.58
69.5998 985.107 1954.82 2933.92 3912.99 4864.56
69.5998 986.116 1956.82 2936.92 3916.99 4869.55
69.6697 987.108 1958.82 2939.92 3920.93 4874.55
69.6697 988.114 1960.82 2942.92 3924.93 4879.55
69.6697 989.123 1962.82 2945.92 3928.93 4884.53
69.6697 990.129 1964.82 2948.92 3932.93 4889.53
69.7402 991.129  1966.8 2951.92 3936.93 4894.47
69.8097 992.117  1968.8 2954.86 3940.93 4899.47
69.8795 993.109  1970.8 2957.86 3944.87 4904.47
69.8795 994.115  1972.8 2960.86 3948.87 4909.47
69.9494 995.115 1974.78 2963.86 3952.82 4914.47
70.0193 996.115 1976.75 2966.82 3956.82 4919.47
70.0897 997.115 1978.75  2969.8 3960.82 4924.42
70.0897 998.125 1980.76  2972.8 3964.82 4929.41
  70.16 999.125 1982.76 2975.78 3968.82 4934.35
  70.16 1000.13 1984.75 2978.78 3972.82 4939.35
70.2303 1001.13 1986.75 2981.77 3976.82  4944.3
70.2303 1002.13 1988.76 2984.77 3980.83 4949.29
70.2303 1003.13 1990.76 2987.77 3984.84 4954.27
70.3004 1004.13 1992.76 2990.77 3988.82 4959.22