      1 3.33333 3.33333       4 3.33333       6
      1 5.20833 5.20833    6.25 7.33333      11
1.26277 6.57695 6.57695    9.25 11.3333      16
1.26277  8.3817  8.3817   12.25 15.3333 20.3905
1.47293 9.77662 9.77662   15.25 19.3333 25.3905
1.69526 11.2524 11.7766 17.5519 23.3333 30.3905
1.69526 12.9513 13.5547 20.5519 26.8563 35.3905
1.69526 14.6252 15.3066 23.5519 30.8563 39.9646
1.85607 16.0125 16.7585 26.5519 34.8563 44.9646
1.85607 17.6834 18.7585 29.5519 38.4935 49.6566
2.04166 18.6834 20.7585 32.5519 42.3426 54.6219
2.04166 20.2724  22.524 35.5519 46.3426 59.2674
2.04166 21.2724  24.524 38.5742 50.2821 64.3057
2.04166 22.8222 26.3108 41.5742 53.9455 69.3057
2.19051 23.8222  28.229 44.5742 57.8784 74.3057
2.19051 24.8222 30.1647 47.5742 61.8473 79.4011
2.32754 25.8222 32.0517 50.5502 65.8473 84.4011
2.46318 26.8222 34.0517  53.496 69.8473 89.3196
2.46318 28.2509 35.8654  56.496 73.8473 94.0771
2.46318  29.676 37.8654 59.3458 77.5724 99.0771
2.58674  30.676 39.7649 62.3228 81.5724 104.077
 2.7104  31.676 41.6659 65.3228 85.5724 109.053
 2.7104 33.0595 43.6659  68.176 89.5724 113.816
2.82884 34.0595 45.5739  71.176 93.5724 118.789
2.93786 35.3722 47.5739  74.176 97.5724 123.368
2.93786  36.739 49.5739 77.0422 101.572 128.135
3.04186 38.0395 51.5739 80.0422 105.168 133.135
3.04186 39.3848 53.3979  82.873 109.168 138.135
3.15129 40.3848 55.3189  85.873 113.168 143.104
3.26045 41.3848 57.2352 88.8476 117.168 148.104
3.36961 42.3848 59.1514 91.8222 121.168 153.104
3.36961 43.3848 61.1514  94.832  125.14 158.123
3.46762 44.6468 63.1514  97.832  128.78 163.123
3.46762 45.9651 65.0162 100.832  132.78 167.939
3.55852   47.17 66.7204 103.832  136.78 172.939
3.55852 48.4917 68.7204 106.832 140.612 177.785
3.65813 49.4917 70.6441 109.832 144.612 182.762
3.74791 50.7064 72.6441 112.528 148.612 187.762
3.84709 51.7064 74.6441 115.528 152.545  192.73
3.84709 52.7064 76.5995 118.528 156.541 197.779
3.84709 53.7064 78.5548 121.528 160.537 202.828
3.94138 54.7064 80.5548 124.528 164.471 207.799
 4.0297 55.9323 82.5548 127.528 168.157 212.799
 4.1238 56.9323 84.4826 130.506 172.157 217.799
4.21253 58.1573 86.4826 133.506 176.157 222.485
4.21253 59.4211 88.4826 136.407 180.157  227.32
4.21253 60.4211 90.4826 139.416 184.132 232.335
4.21253   61.68 92.4826 142.321 187.968 237.335
4.21253  62.942 94.3748 145.321 191.814 242.335
4.21253  63.942 96.3748 148.331 195.786 247.354
4.29264  65.158 98.3748 151.331 199.786 252.058
4.37275 66.3739 100.375 154.331 203.786 256.762
4.45742 67.3739 102.318 157.331 207.786 261.733
4.45742 68.6202 104.318 160.241  211.63 266.733
4.54089 69.6202 106.272 163.241 215.593 271.733
4.62374 70.6202 108.211 166.219 219.593 276.733
4.70256  71.824 110.211 169.219 223.593 281.451
4.78591  72.824 112.164 172.219 227.556 286.451
4.86896  73.824 114.111 175.219 231.556 291.421
4.86896  74.824 116.082 178.247 235.557 296.421
4.95062  75.824 118.029 181.247 239.557 301.393
5.02834 77.0144 120.029 184.247 243.557 306.125
5.10388 78.1713 122.029 187.014 247.557 311.125
5.10388 79.3988 124.029 190.014 251.444  316.01
5.10388 80.3988 126.003 193.038 255.446  321.01
5.10388 81.6183 127.914 196.038 259.446 325.879
5.10388 82.6183 129.888 199.063 263.448 330.879
5.17655 83.7946 131.888 202.063 267.199 335.879
5.25337 84.7946 133.845 205.063 271.165 340.879
5.32458 85.9439 135.845 207.842 275.165 345.879
5.32458 86.9439 137.819 210.842 279.164 350.906
 5.3997 87.9439 139.819 213.817 283.164 355.856
 5.3997 89.1488 141.735 216.817 287.044 360.856
5.47392 90.1488 143.735 219.797 290.989 365.856
5.54509 91.3209 145.735 222.797 294.989 370.613
5.61584 92.4861 147.735 225.797 298.753 375.613
5.68999 93.4861 149.735 228.778 302.698 380.613
5.75857 94.6129  151.54 231.778 306.698 385.613
 5.8293  95.775  153.54 234.778 310.465 390.613
5.90325  96.775 155.487 237.756 314.465 395.613
5.97185 97.8996 157.294 240.756 318.465 400.613
5.97185 98.8996  159.27  243.78 322.465 405.613
5.97185 99.8996 161.246 246.805 326.465 410.613
6.04397   100.9 163.193 249.785 330.465 415.613
6.04397 102.078 165.098 252.702 334.465 420.613
6.11033 103.199 166.911 255.702 338.465 425.613
6.11033 104.199 168.883 258.702 342.464 430.642
6.11033 105.383 170.804 261.702 346.359 435.642
6.17982 106.383 172.804 264.678 350.359 440.596
6.17982 107.569 174.804 267.678 354.263 445.506
6.17982 108.755 176.804 270.678 358.168 450.416
6.17982  109.94 178.804 273.678 362.072 455.326
6.24444  111.09 180.804 276.678 365.858 460.326
6.30783 112.217 182.804 279.487 369.858 465.326
6.30783 113.217 184.775   282.5 373.858 470.343
 6.3743 114.217 186.775 285.477 377.858 475.299
6.44089 115.217 188.726 288.459 381.858 480.299
6.50736 116.217 190.726 291.436 385.858 485.256
6.50736 117.217 192.703 294.457 389.859 490.256
6.57327 118.217 194.655  297.44 393.859 495.256
6.63918 119.217 196.607 300.422 397.859 500.256
6.70524 120.217 198.563 303.422 401.859 505.233
6.70524 121.217  200.54 306.443  405.86 510.233
6.77052 122.217  202.54 309.427 409.811 515.233
6.83358 123.356  204.54 312.427 413.811 520.032
6.83358 124.356 206.518 315.448 417.813 525.032
6.89428  125.46 208.353 318.448 421.813 530.032
6.89428  126.62 210.353 321.391 425.813  534.93
6.95861  127.62 212.315 324.391 429.786  539.93
6.95861  128.62 214.287 327.404 433.786 544.945
6.95861  129.62 216.263 330.404 437.785  549.97
6.95861  130.78 218.263 333.404 441.703 554.892
6.95861  131.93 220.182 336.335 445.703 559.892
6.95861 133.087 222.114 339.335 449.703 564.803
 7.0198 134.087 224.114 342.319 453.658 569.803
 7.0198  135.24 226.114 345.263  457.56 574.803
7.08049  136.24 228.068 348.248  461.56 579.803
7.08049 137.395 230.001 351.248 465.472 584.803
7.14076 138.395 232.001 354.248 469.434 589.781
7.14076 139.395 233.978 357.248 473.434 594.805
7.20052 140.395 235.978 360.248 477.396 599.783
7.20052 141.543 237.978 363.195 481.301 604.783
7.20052 142.692 239.978 366.141 485.206 609.783
7.20052 143.845 241.978 369.141 489.126  614.71
7.25548 144.943 243.825 372.141 493.126  619.71
7.31369 145.943 245.781 375.127 497.126  624.71
7.37218 146.943 247.747 378.127 501.102  629.71
7.43028 147.943 249.747 381.107 505.102 634.672
7.43028 148.943 251.724 384.107   509.1 639.696
7.48803 149.943  253.68 387.092   513.1 644.696
7.48803  151.08 255.605  390.03   517.1 649.696
7.54562  152.08 257.571  393.03 521.077 654.696
7.60282  153.08 259.571 396.009 525.077  659.66
7.60282 154.225 261.571 399.009 529.002  664.59
7.60282 155.365 263.571 401.959 532.912  669.59
7.60282 156.509 265.571 404.959 536.837 674.522
7.60282 157.644 267.498 407.897 540.837 679.522
7.65553 158.737 269.352 410.897 544.837 684.522
7.71105 159.737 271.352 413.877 548.837 689.486
7.71105 160.876 273.352 416.826 552.749 694.486
7.71105  162.01 275.279 419.765 556.749 699.486
7.71105  163.15 277.216 422.765 560.749 704.409
7.71105  164.15 279.195 425.783 564.752 709.409
7.76502  165.15 281.195 428.763 568.752 714.374
 7.8192  166.15 283.157 431.763 572.752 719.358
7.87326  167.15 285.157 434.749 576.712 724.358
7.92733  168.15 287.157 437.735 580.673 729.358
 7.9813  169.15 289.157 440.715 584.673 734.324
 7.9813  170.15 291.132 443.725 588.673 739.339
8.03335 171.259 293.132 446.725 592.511 744.339
8.08436 172.347 294.994 449.725 596.511 749.339
8.13653 173.459 296.994 452.725 600.511 754.175
8.13653 174.459 298.994 455.731 604.498 759.182
8.13653 175.593 300.994 458.731 608.428 764.118
8.13653 176.726 302.935 461.731 612.353 769.118
8.13653 177.726 304.914 464.731 616.352 774.141
8.13653 178.726 306.894 467.748 620.355 779.141
8.13653 179.726 308.874 470.766 624.357 784.141
8.18825 180.726 310.837 473.766 628.357 789.125
8.24011 181.726 312.806 476.766 632.336 794.125
8.24011 182.855 314.749 479.766 636.264 799.125
8.24011 183.855 316.727 482.766 640.264 804.148
8.24011 184.855 318.705 485.766 644.263 809.171
8.24011 185.983 320.705 488.766 648.195  814.11
8.29057 186.983 322.669 491.766 652.195 819.095
8.29057 187.983 324.645 494.776 656.195  824.11
 8.3392 189.086 326.645 497.776 660.044  829.11
8.38935 190.086 328.609 500.776 664.044 834.095
8.38935 191.212 330.609 503.776 667.977 839.036
8.38935 192.212 332.609 506.783 671.964 844.043
 8.4389 193.212 334.574 509.783 675.964 849.029
 8.4389 194.212 336.553 512.783 679.962 854.051
8.48608 195.298 338.553  515.65 683.962 859.051
8.53534 196.298 340.518  518.65 687.962 864.037
8.58472 197.298 342.488  521.65 691.943 869.037
 8.6339 198.298  344.45 524.639 695.943 874.037
8.68313 199.298  346.45 527.639  699.91  879.02
8.68313 200.419  348.45 530.639 703.846 883.963
8.68313 201.419 350.431 533.656 707.848 888.963
8.73183 202.419 352.397 536.656 711.848 893.949
8.73183 203.536 354.343 539.656 715.848 898.886
8.73183 204.536 356.323 542.673  719.85 903.886
8.77873 205.635 358.323 545.673  723.85  908.74
8.82562 206.733 360.323 548.673  727.85 913.595
8.87375 207.733 362.323 551.673  731.82 918.577
8.92191 208.733  364.29 554.673  735.82 923.563
8.92191 209.733  366.29 557.679 739.808 928.568
8.96982 210.733 368.257 560.679 743.808 933.554
9.01763 211.733  370.22 563.668 747.808 938.554
9.01763 212.848 372.169 566.668 751.744 943.554
9.06406 213.944 374.169 569.668 755.744 948.411
9.06406 214.944 376.146 572.678 759.744 953.424
9.06406 216.057 378.094 575.678 763.744 958.362
9.11111 217.057 380.094 578.667 767.709 963.362
9.11111  218.17 382.043 581.667 771.709 968.301
9.11111 219.283 383.992 584.667 775.646 973.301
9.15575 220.357 385.873 587.667 779.646 978.301
9.15575 221.471 387.873 590.667 783.587 983.246
9.20214 222.471 389.873 593.667 787.558 988.228
9.24847 223.471 391.873 596.655 791.523 993.228
9.29374 224.565 393.873 599.655 795.523 998.089
9.29374 225.674 395.873 602.617 799.452 1003.09
9.29374 226.674 397.873 605.624 803.441 1008.09
9.33844 227.764 399.873 608.624 807.306 1013.09
9.33844 228.876 401.873 611.624 811.247 1018.04
9.33844 229.876 403.855  614.64 815.249 1023.04
9.38272 230.966 405.855  617.64 819.114 1028.04
9.42711 232.059 407.855  620.64 823.114  1032.9
9.42711 233.167 409.855 623.603 827.044  1037.9
9.47249 234.167 411.829 626.603 831.025  1042.9
9.51667 235.259 413.829 629.603 835.025 1047.77
9.51667 236.259 415.807 632.614 839.025 1052.78
9.51667 237.259 417.789 635.614 843.025  1057.8
9.56137 238.259 419.789   638.6 847.025 1062.77
9.56137 239.368 421.789   641.6 850.968 1067.71
9.60432 240.443 423.789 644.482 854.968 1072.71
9.60432 241.551 425.741 647.482 858.968 1077.65
9.64758 242.639 427.741 650.482 862.837 1082.65
9.64758 243.639 429.725 653.498 866.838 1087.65
9.64758  244.74 431.668 656.453 870.838 1092.65
9.69055  245.83 433.668 659.453 874.838 1097.52
9.69055 246.935 435.668 662.417 878.769 1102.52
9.69055 247.935 437.651 665.432  882.77 1107.52
9.69055 249.041 439.604 668.432  886.77 1112.46
9.69055 250.143 441.548 671.388  890.77 1117.46
9.73379 251.143 443.518 674.388  894.77 1122.45
9.77701 252.143 445.518 677.388 898.743 1127.43
9.81847 253.212 447.407 680.388 902.743 1132.43
9.81847 254.212  449.39 683.403 906.744 1137.43
9.81847 255.212  451.39  686.41 910.733 1142.44
9.86033   256.3  453.39  689.41 914.733 1147.31
9.86033 257.402  455.39 692.375 918.667 1152.31
9.86033 258.507  457.39 695.375 922.612 1157.26
9.86033 259.606 459.335 698.331 926.612 1162.26
9.90108 260.679 461.335 701.217 930.612 1167.26
9.90108 261.785 463.335 704.217 934.558  1172.2
9.94223 262.872 465.335 707.217 938.558 1177.08
9.98263 263.941 467.226 710.217 942.558 1182.08
9.98263  265.04 469.171 713.174 946.558 1187.08
9.98263 266.143 471.124 716.174 950.558 1192.02
10.0229 267.216 473.124 719.061 954.558 1197.02
10.0647 268.216 475.099 722.061 958.542 1202.02
10.0647 269.216 477.082 725.075 962.543 1207.02
10.0647 270.317 479.082 728.039 966.479 1212.02
10.0647 271.419 481.037 731.039 970.421 1217.02
10.0647 272.419 483.017 734.049 974.421 1222.03
10.0647  273.52 485.017 737.013 978.421 1226.96
10.1057  274.52 486.992 740.013 982.405 1231.96
10.1057  275.52 488.973 743.023 986.405 1236.97
10.1057  276.52 490.953 746.032 990.405 1241.98
10.1448 277.591 492.953 748.922 994.405 1246.98
10.1838 278.657 494.847 751.922 998.405 1251.98
10.2234  279.74 496.847 754.922 1002.28 1256.98
10.2639  280.74 498.816 757.913 1006.28 1261.98
10.3044  281.74 500.787 760.913 1010.28 1266.97
10.3044  282.74 502.768 763.922 1014.28 1271.98
10.3448  283.74 504.736 766.913 1018.28 1276.98
10.3838 284.809 506.736 769.805 1022.28 1281.98
10.4232  285.89 508.736 772.805 1026.16 1286.98
10.4232  286.99 510.736 775.805 1030.11 1291.93
10.4625 288.071 512.736 778.805 1033.99 1296.93
10.4625  289.17 514.693 781.805 1037.94 1301.93
10.4625  290.17 516.693  784.81 1041.93 1306.94
10.5014 291.251 518.693  787.81 1045.81 1311.94
10.5014 292.347 520.693 790.775 1049.81 1316.88
10.5397 293.412 522.589 793.775 1053.81 1321.88
10.5397 294.506 524.537 796.734 1057.81 1326.88
10.5397 295.506 526.522 799.748 1061.81 1331.88
10.5397 296.506 528.522 802.753  1065.8 1336.88
10.5397 297.603 530.477 805.753  1069.8 1341.83
10.5397 298.603 532.462 808.767  1073.8 1346.83
10.5397 299.698 534.462 811.733  1077.8 1351.77
10.5777  300.78 536.462 814.733  1081.8 1356.65
10.6153 301.848 538.462 817.627  1085.8 1361.65
10.6153 302.848 540.462 820.632 1089.79 1366.65
 10.654 303.848 542.462 823.622 1093.76 1371.65
10.6926 304.848 544.462 826.609 1097.76 1376.63
10.6926 305.848 546.445 829.609 1101.76 1381.64
10.6926 306.942 548.445 832.576  1105.7 1386.64
10.6926 307.942 550.445 835.581 1109.69 1391.65
10.7308 308.942 552.445 838.568 1113.69 1396.62
10.7308 310.037 554.403 841.568 1117.69 1401.57
 10.769 311.037 556.373 844.559 1121.69 1406.57
10.8058 312.099 558.274 847.559 1125.69 1411.57
10.8058 313.192 560.274 850.526 1129.69 1416.51
10.8058 314.192 562.258 853.526 1133.69 1421.53
10.8058 315.192 564.258  856.53 1137.68 1426.53
10.8058 316.192 566.258 859.535 1141.67 1431.54
10.8058 317.192 568.243 862.548 1145.68 1436.54
10.8058 318.284 570.201 865.548 1149.68 1441.49
10.8058 319.377 572.158 868.548 1153.68 1446.43
10.8058 320.377 574.142 871.548 1157.68 1451.45
10.8416 321.439 576.045 874.548 1161.68 1456.45
10.8774 322.501 577.948 877.548 1165.68 1461.45
10.8774 323.501 579.948 880.553 1169.67 1466.45
10.8774 324.591 581.948  883.52 1173.67  1471.4
10.8774 325.591 583.948 886.525 1177.66  1476.4
10.9141 326.591 585.948 889.516 1181.63  1481.4
10.9141 327.591 587.931 892.516 1185.63 1486.42
10.9141 328.682  589.89 895.516 1189.63 1491.37
10.9141 329.769 591.841 898.478 1193.63 1496.37
10.9496 330.844 593.841 901.478 1197.52 1501.37
10.9852 331.918 595.841 904.478 1201.41 1506.37
11.0208 332.993 597.841 907.478  1205.3 1511.37
 11.056 334.057 599.841 910.378  1209.3 1516.37
 11.056 335.144 601.792  913.34  1213.3 1521.37
11.0922 336.144 603.764 916.332  1217.3 1526.37
11.1285 337.144 605.764 919.332 1221.28 1531.35
11.1639 338.218 607.764 922.332 1225.17 1536.35
11.2002 339.218 609.764 925.332 1229.15 1541.34
11.2002 340.218 611.764 928.336 1233.14 1546.34
11.2002 341.306 613.764 931.305 1237.08 1551.34
11.2349 342.366 615.669 934.305 1241.08 1556.34
11.2349 343.366 617.653 937.305 1245.08 1561.36
11.2349 344.453 619.653 940.273 1249.08 1566.31
  11.27 345.528 621.653 943.273 1253.08 1571.19
11.3057 346.528 623.653 946.261 1257.08 1576.17
11.3057 347.615 625.653  949.23 1261.02 1581.17
11.3413 348.615 627.653 952.221    1265 1586.17
11.3413 349.702 629.653  955.19 1268.94 1591.17
11.3413 350.789 631.653 958.159 1272.89 1596.17
11.3768 351.789 633.628 961.159 1276.89 1601.16
11.3768 352.789 635.614 964.171 1280.89 1606.16
11.4122 353.789 637.592 967.171 1284.87 1611.16
11.4475 354.789 639.592 970.171 1288.85 1616.15
11.4828 355.789 641.592 973.159 1292.85 1621.13
11.4828 356.877 643.553 976.159  1296.8 1626.13
11.4828 357.964 645.514 979.159 1300.75 1631.13
11.4828  359.05 647.514 982.128 1304.75 1636.07
11.4828 360.135 649.514 985.097 1308.75 1641.02
11.5176 361.135 651.514 988.088 1312.73 1646.02
11.5519 362.208 653.514 991.088 1316.73 1650.91
11.5867 363.208 655.514 994.076 1320.73 1655.89
11.5867 364.295 657.475 997.076 1324.68 1660.89
11.5867 365.295 659.475 1000.08 1328.67 1665.89
11.6213 366.295 661.475 1003.07 1332.67 1670.87
11.6559 367.295 663.475 1006.06 1336.67 1675.85
11.6559 368.295 665.461 1009.06 1340.67 1680.86
11.6905 369.295 667.436 1012.06 1344.67 1685.85
11.7251 370.295 669.436 1015.05 1348.65 1690.85
 11.759 371.365 671.436 1018.05 1352.54 1695.85
 11.759  372.45 673.398 1021.05 1356.54  1700.8
11.7934  373.45 675.398 1024.05 1360.52 1705.79
 11.828  374.45 677.377 1027.05 1364.51 1710.79
11.8618 375.521 679.377 1030.05 1368.51 1715.69
11.8618 376.604 681.377 1033.02 1372.51 1720.63
11.8618 377.604 683.363 1036.03 1376.51 1725.63
 11.896 378.604 685.363 1039.02 1380.51 1730.61
11.9297 379.675 687.363 1042.02 1384.51 1735.51
11.9297 380.759 689.325 1045.02 1388.51 1740.46
11.9297 381.844 691.325 1048.02 1392.46 1745.42
11.9637 382.844 693.325 1051.01 1396.44 1750.42
11.9971 383.912 695.325 1054.01 1400.34 1755.42
11.9971 384.912 697.325 1057.01 1404.33 1760.42
12.0311 385.912 699.325    1060 1408.33  1765.4
12.0651 386.912 701.325    1063 1412.31 1770.39
12.0651 387.996 703.325    1066 1416.26 1775.35
12.0989 388.996 705.325    1069 1420.24 1780.34
12.0989 390.077 707.325 1071.97 1424.19 1785.34
12.1327 391.077 709.325 1074.96 1428.16 1790.34
12.1664 392.077 711.325 1077.95 1432.16 1795.31
12.1664 393.077  713.31 1080.96 1436.16 1800.32
12.1664 394.077 715.297 1083.97 1440.17 1805.32
12.1664 395.077 717.297 1086.98 1444.16 1810.33
12.1999 396.077 719.297 1089.97 1448.13 1815.33
12.1999 397.155 721.254 1092.93 1452.13 1820.33
12.1999 398.235 723.254 1095.91 1456.13 1825.27
12.2332 399.235 725.254 1098.89 1460.13 1830.25
12.2665 400.235 727.254 1101.88 1464.13 1835.23
12.2989 401.292 729.254 1104.79 1468.13 1840.23
12.3316 402.358 731.254 1107.79 1472.03 1845.23
12.3316 403.437 733.254 1110.76 1476.03 1850.18
12.3316 404.518 735.219 1113.76 1479.99 1855.18
12.3647 405.518 737.196 1116.76 1483.99 1860.17
12.3647 406.518 739.196 1119.77 1487.98 1865.17
12.3647 407.595 741.154 1122.73 1491.98 1870.17
12.3977 408.595 743.154 1125.73 1495.96 1875.16
12.4298 409.652 745.154 1128.65 1499.96 1880.16
12.4298 410.733 747.154 1131.65 1503.92 1885.12
12.4298 411.811 749.154 1134.62 1507.92 1890.07
12.4626 412.811 751.134 1137.62  1511.9 1895.07
12.4626 413.891 753.099 1140.62  1515.9 1900.03
12.4953 414.891 755.099 1143.62 1519.88 1905.02
12.4953 415.971 757.099 1146.62 1523.84 1909.98
12.4953 416.971 759.099 1149.62 1527.83 1914.98
12.4953 417.971 761.087 1152.63 1531.83 1919.98
12.5272 419.036 763.087 1155.63 1535.74 1924.98
12.5272 420.114 765.087  1158.6 1539.69 1929.98
12.5272 421.114 767.072 1161.61 1543.69 1934.99
12.5272 422.191 769.072 1164.58 1547.64 1939.99
12.5588 423.258 771.072 1167.58 1551.64 1944.89
12.5588 424.337 773.038 1170.58 1555.59 1949.89
12.5909 425.337 775.013 1173.58 1559.59 1954.89
 12.623 426.337 777.013 1176.57 1563.57 1959.89
12.6542 427.389 778.931 1179.57 1567.57 1964.89
12.6863 428.389 780.906 1182.56 1571.57 1969.89
12.6863 429.389 782.894 1185.56 1575.57  1974.9
12.6863 430.389 784.882 1188.57 1579.57  1979.9
12.7177 431.455 786.882 1191.57 1583.57 1984.81
 12.749 432.519 788.882 1194.57 1587.47 1989.81
12.7805 433.584 790.882 1197.57 1591.47 1994.71
12.7805 434.584 792.882 1200.57 1595.47 1999.71
12.7805 435.661 794.882 1203.55 1599.42 2004.71
12.7805 436.661  796.87 1206.56 1603.42 2009.71
12.8112 437.712 798.788 1209.56 1607.42 2014.71
12.8112 438.712 800.776 1212.56 1611.42 2019.73
12.8429 439.712 802.757 1215.56 1615.41 2024.73
12.8746 440.712 804.736 1218.56 1619.41 2029.72
12.8746 441.785 806.695 1221.52 1623.41 2034.72
12.9061 442.785 808.695 1224.52 1627.39  2039.7
12.9377 443.785 810.695 1227.52 1631.36  2044.7
12.9686 444.847 812.695 1230.52 1635.27  2049.7
12.9686 445.847 814.684 1233.53 1639.27  2054.7
13.0001 446.847 816.684 1236.52 1643.25  2059.7
13.0316 447.847 818.665 1239.52 1647.23  2064.7
13.0632 448.847 820.647 1242.52 1651.22  2069.7
13.0946 449.847 822.623 1245.51 1655.22  2074.7
13.1256 450.909 824.623 1248.51 1659.13  2079.7
13.1256 451.981 826.583 1251.48 1663.13  2084.7
13.1256 453.053 828.543 1254.45 1667.13  2089.7
13.1256 454.053 830.529 1257.45 1671.13 2094.71
13.1256 455.125 832.489 1260.42 1675.13 2099.71
13.1256 456.201 834.489 1263.42 1679.09 2104.68
13.1256 457.274 836.489  1266.4 1683.09 2109.63
13.1566 458.274 838.489  1269.4 1687.07 2114.62
13.1566 459.348 840.489 1272.37 1691.02 2119.62
13.1566 460.348 842.489 1275.37 1695.01 2124.62
13.1875 461.348 844.471 1278.37    1699 2129.62
13.2184 462.348 846.448 1281.37    1703 2134.62
13.2494 463.348  848.43 1284.37 1706.99 2139.62
13.2494 464.422 850.396 1287.37 1710.99 2144.58
13.2494 465.495 852.396 1290.34 1714.99 2149.54
13.2802 466.495 854.378 1293.34 1718.97 2154.54
13.2802 467.495 856.367 1296.35 1722.97 2159.54
13.2802 468.495 858.355 1299.36 1726.98 2164.54
13.2802 469.567 860.355 1302.33 1730.93 2169.54
13.3099 470.619 862.355 1305.25 1734.93 2174.54
13.3397 471.671 864.355 1308.17 1738.93 2179.54
13.3397 472.671 866.344 1311.18 1742.93 2184.54
13.3701 473.671 868.344 1314.17 1746.93 2189.52
13.3998 474.723 870.344 1317.09 1750.93 2194.52
13.3998 475.723 872.333  1320.1 1754.93 2199.52
13.4302 476.723 874.333  1323.1 1758.91  2204.5
13.4302 477.723 876.319  1326.1 1762.91 2209.51
13.4605 478.723 878.319 1329.09 1766.91 2214.49
13.4902 479.783 880.319 1332.09 1770.82 2219.49
13.5201 480.844 882.319 1335.09 1774.82  2224.4
13.5504 481.844 884.299 1338.09 1778.82 2229.39
  13.58 482.895 886.299 1341.01 1782.82 2234.39
13.6103 483.895 888.299    1344  1786.8 2239.39
13.6103 484.895 890.288 1347.01  1790.8 2244.39
13.6103 485.895 892.276 1350.01  1794.8  2249.4
13.6103 486.895 894.264 1353.01  1798.8 2254.42
13.6103 487.967 896.232 1356.01  1802.8 2259.38
13.6403 488.967 898.212 1359.01  1806.8 2264.37
13.6403 490.037 900.212 1361.99  1810.8 2269.32
13.6403 491.107 902.212 1364.96  1814.8 2274.28
13.6403 492.179 904.212 1367.96 1818.76 2279.24
13.6403 493.251 906.212 1370.96 1822.72 2284.21
13.6403 494.323  908.18 1373.96 1826.68 2289.21
13.6403 495.393  910.18 1376.94 1830.68 2294.17
13.6403 496.393 912.169 1379.94 1834.68 2299.18
13.6403 497.463 914.169 1382.91 1838.68 2304.13
13.6699 498.463 916.169 1385.91 1842.66 2309.12
13.6994 499.463 918.149 1388.91 1846.66 2314.11
13.7289 500.463 920.127  1391.9 1850.66 2319.11
13.7289 501.534 922.096  1394.9 1854.62 2324.11
13.7289 502.603 924.096 1397.88 1858.62 2329.07
13.7579 503.663 926.096 1400.88 1862.62 2333.98
13.7872 504.663 928.096 1403.87 1866.62 2338.96
13.8158  505.71 930.021 1406.87 1870.62 2343.96
13.8158 506.779 932.021 1409.84 1874.58 2348.96
13.8158  507.85 933.989 1412.84 1878.58 2353.92
13.8444   508.9 935.989 1415.76 1882.58 2358.92
13.8444  509.97 937.958 1418.76 1886.58 2363.88
13.8444  511.04 939.927 1421.76 1890.54 2368.88
13.8444  512.04 941.916 1424.77 1894.54 2373.88
13.8735  513.04 943.895 1427.77 1898.54 2378.88
13.9018 514.087  945.82 1430.77 1902.54 2383.88
13.9018 515.157 947.788 1433.77 1906.54 2388.85
13.9303 516.214 949.788 1436.77 1910.46 2393.85
13.9303 517.214 951.788 1439.77 1914.45 2398.85
13.9303 518.283 953.788 1442.74 1918.41 2403.85
13.9303  519.35 955.752 1445.71 1922.41 2408.85
13.9587 520.409 957.752 1448.71 1926.41 2413.76
13.9587 521.409 959.752 1451.72  1930.4 2418.77
13.9587 522.479 961.721 1454.72 1934.36 2423.77
13.9587 523.549  963.69 1457.72 1938.36 2428.73
13.9587 524.618 965.659 1460.72 1942.32 2433.73
13.9587 525.685 967.622 1463.69 1946.32 2438.73
13.9872 526.685 969.622 1466.68 1950.32 2443.71
14.0158 527.685 971.622 1469.68  1954.3  2448.7
14.0158 528.685 973.611 1472.68  1958.3 2453.71
14.0158 529.753 975.611 1475.65  1962.3 2458.67
14.0158 530.753 977.599 1478.65  1966.3 2463.68
14.0158 531.822 979.569 1481.65 1970.26 2468.68
14.0158 532.889 981.533 1484.62 1974.26 2473.68
14.0158 533.889 983.521 1487.62 1978.26 2478.69
14.0435 534.945 985.521 1490.62 1982.18 2483.69
14.0435 536.015 987.521 1493.62 1986.14 2488.66
14.0709 537.061 989.448 1496.62 1990.14 2493.66
14.0709 538.061 991.435 1499.63 1994.14 2498.66
14.0709 539.127 993.399  1502.6 1998.14 2503.66
14.0986 540.185 995.399  1505.6 2002.14 2508.58
14.1262 541.243 997.399  1508.6 2006.14 2513.49
14.1538 542.301 999.399  1511.6 2010.14 2518.41
14.1538 543.367 1001.36 1514.57 2014.14 2523.41
14.1538 544.434 1003.36 1517.54 2018.14 2528.36
14.1538 545.434 1005.35 1520.55 2022.14 2533.37
14.1816 546.434 1007.35 1523.54 2026.14 2538.35
14.1816 547.501 1009.35 1526.51  2030.1 2543.35
14.2087 548.547 1011.28 1529.51  2034.1 2548.35
14.2365 549.547 1013.26 1532.51  2038.1 2553.34
14.2365 550.612 1015.22 1535.49  2042.1 2558.34
14.2365 551.677 1017.19 1538.46  2046.1 2563.34
14.2643 552.677 1019.17 1541.46  2050.1 2568.34
14.2912 553.723 1021.09 1544.46  2054.1 2573.34
14.3189 554.723 1023.09 1547.45 2058.08 2578.34
14.3189 555.791 1025.06 1550.45 2062.08  2583.3
14.3462 556.848 1027.06 1553.45 2066.08 2588.21
14.3738 557.848 1029.06 1556.44 2070.06 2593.21
14.3738 558.848 1031.05 1559.44 2074.06 2598.23
14.4015 559.848 1033.04 1562.44 2078.05 2603.23
14.4015 560.848 1035.02 1565.45 2082.05 2608.23
14.4015 561.848 1037.02 1568.45 2086.04 2613.24
 14.429 562.848 1039.02 1571.45 2090.03 2618.23
 14.456 563.903 1041.02 1574.45 2093.94 2623.23
 14.456 564.967 1042.99 1577.42 2097.94 2628.23
14.4834 565.967 1044.99 1580.42 2101.93 2633.22
14.4834 567.031 1046.95 1583.39 2105.93 2638.22
14.4834 568.098 1048.92 1586.39 2109.89 2643.22
14.5108 569.098  1050.9 1589.38 2113.89 2648.22
14.5381 570.098 1052.88 1592.38 2117.89 2653.21
14.5654 571.098 1054.88 1595.38 2121.89 2658.19
14.5654 572.166 1056.88 1598.38 2125.85 2663.16
14.5654 573.231 1058.88 1601.35 2129.85 2668.12
14.5927 574.231 1060.86 1604.35 2133.85 2673.11
14.5927 575.296 1062.86 1607.33 2137.81 2678.11
14.6199 576.296 1064.84 1610.32 2141.81 2683.11
14.6463  577.34 1066.77 1613.32 2145.81 2688.11
14.6731 578.395 1068.77 1616.32 2149.73 2693.11
14.6997 579.442 1070.77 1619.25 2153.73 2698.11
14.7269 580.442 1072.76 1622.25 2157.72 2703.11
14.7541 581.442 1074.74 1625.25 2161.72  2708.1
14.7806 582.489 1076.74 1628.17 2165.72  2713.1
14.7806 583.489 1078.74 1631.18 2169.72  2718.1
14.7806 584.489 1080.73 1634.18 2173.72  2723.1
14.8077 585.489 1082.73 1637.18  2177.7  2728.1
14.8077 586.489 1084.71 1640.18  2181.7 2733.11
14.8077 587.554 1086.68 1643.18  2185.7 2738.07
14.8347 588.554 1088.68 1646.17  2189.7 2743.06
14.8616 589.554 1090.66 1649.17  2193.7 2748.06
14.8616  590.62 1092.66 1652.17 2197.66 2753.03
14.8616  591.62 1094.66 1655.17 2201.66 2758.03
14.8616 592.685 1096.63 1658.17 2205.62 2763.03
14.8884 593.685 1098.63 1661.16 2209.62 2768.01
14.9152 594.685 1100.63 1664.15 2213.62 2772.99
14.9417  595.74 1102.63 1667.15 2217.62 2777.91
14.9685  596.74 1104.61 1670.14 2221.62 2782.91
14.9948 597.786 1106.61 1673.07 2225.62 2787.91
15.0216 598.786 1108.61 1676.07 2229.61  2792.9
15.0216  599.85 1110.61 1679.05 2233.61 2797.86
15.0484  600.85 1112.61 1682.04 2237.61 2802.85
15.0745 601.895 1114.61 1684.97 2241.61 2807.85
15.1014 602.895  1116.6 1687.97 2245.59 2812.85
15.1014 603.895 1118.59 1690.97 2249.59 2817.85
15.1014 604.958 1120.59 1693.95 2253.59 2822.81
15.1014 606.022 1122.59 1696.92 2257.59 2827.77
 15.128 607.022 1124.57 1699.92 2261.59 2832.77
 15.128 608.022 1126.56 1702.93  2265.6 2837.77
 15.128 609.086 1128.56 1705.93 2269.56 2842.73
 15.128 610.149 1130.56 1708.91 2273.52 2847.73
 15.128 611.212 1132.56 1711.89 2277.48 2852.73
 15.128 612.273 1134.52 1714.86 2281.48 2857.73
 15.128 613.273 1136.52 1717.86 2285.48 2862.74
15.1544 614.273  1138.5 1720.85 2289.48 2867.74
15.1808 615.273  1140.5 1723.85 2293.46 2872.73
15.2065 616.315 1142.44 1726.85 2297.46 2877.73
15.2329 617.315 1144.42 1729.85 2301.45 2882.73
15.2592 618.315  1146.4 1732.85 2305.45 2887.73
15.2857 619.315 1148.38 1735.85 2309.44 2892.73
15.3116 620.367 1150.38 1738.85 2313.36 2897.73
15.3116  621.43 1152.36 1741.85 2317.36 2902.69
15.3116 622.492 1154.36 1744.82 2321.36 2907.65
15.3379 623.492 1156.36 1747.82 2325.35 2912.64
15.3636 624.537 1158.36 1750.75 2329.35 2917.64
15.3895 625.589 1160.36 1753.75 2333.27 2922.64
15.3895 626.652 1162.33 1756.75 2337.24 2927.64
15.4157 627.652 1164.31 1759.75 2341.24 2932.64
15.4157 628.652  1166.3 1762.75 2345.24 2937.65
15.4157 629.714  1168.3 1765.73  2349.2 2942.65
15.4157 630.714 1170.28 1768.73  2353.2 2947.66
15.4157 631.775 1172.28 1771.71 2357.16 2952.66
15.4417 632.775 1174.28 1774.71 2361.14 2957.65
15.4678 633.775 1176.28 1777.71 2365.12 2962.64
15.4939 634.775 1178.27 1780.71 2369.12 2967.63
15.4939 635.838 1180.24 1783.71 2373.09 2972.63
15.5199 636.838 1182.22 1786.71 2377.08 2977.63
15.5459 637.838  1184.2  1789.7 2381.08 2982.63
15.5719 638.838  1186.2  1792.7 2385.06 2987.63
15.5979 639.838 1188.18  1795.7 2389.06 2992.62
15.6234 640.882 1190.18 1798.63 2393.06 2997.62
15.6234 641.944 1192.16 1801.63 2397.03 3002.62
 15.649 642.996 1194.16 1804.63 2401.03 3007.54
 15.649 644.056 1196.12  1807.6 2405.03 3012.54
 15.649 645.115 1198.09 1810.57 2409.03 3017.54
 15.649 646.177 1200.06 1813.57 2412.99 3022.54
15.6749 647.177 1202.05 1816.57 2416.98 3027.54
15.7007 648.177 1204.05 1819.57 2420.97 3032.53
15.7007 649.177 1206.04 1822.58 2424.97 3037.53
15.7265 650.177 1208.04 1825.57 2428.95 3042.53
15.7265 651.177 1210.03 1828.58 2432.95 3047.53
15.7522 652.177 1212.01 1831.57 2436.95 3052.53
15.7522 653.177    1214 1834.58 2440.95 3057.53
15.7779 654.177    1216 1837.57 2444.95 3062.52
 15.803 655.218 1217.93 1840.57 2448.95 3067.52
 15.803 656.279 1219.91 1843.57 2452.95 3072.49
 15.803 657.279  1221.9 1846.57 2456.95  3077.5
15.8283  658.33  1223.9 1849.57 2460.95 3082.42
15.8283 659.391 1225.87 1852.57 2464.92 3087.42
15.8539 660.391 1227.85 1855.57 2468.91 3092.42
15.8539 661.451 1229.85 1858.55 2472.91 3097.38
15.8794 662.451 1231.85 1861.54 2476.91 3102.37
15.8794 663.451 1233.84 1864.55 2480.91 3107.37
15.9049 664.451 1235.82 1867.54 2484.91 3112.37
15.9299 665.494 1237.82 1870.47 2488.91 3117.37
15.9554 666.494 1239.81 1873.47 2492.91 3122.37
15.9554 667.494 1241.79 1876.47 2496.91 3127.37
15.9554 668.553 1243.79 1879.45 2500.91 3132.34
15.9808 669.553 1245.79 1882.44 2504.91 3137.32
15.9808 670.553 1247.79 1885.44 2508.91 3142.32
15.9808 671.611 1249.76 1888.42 2512.91 3147.32
15.9808 672.672 1251.76 1891.42 2516.88 3152.29
 16.006 673.672 1253.76 1894.41 2520.86 3157.29
16.0313 674.672 1255.76 1897.41 2524.84 3162.28
16.0567 675.672 1257.75 1900.41 2528.83 3167.28
 16.082 676.672 1259.75  1903.4 2532.81 3172.28
 16.082 677.729 1261.71 1906.38 2536.81 3177.28
16.1072 678.729 1263.71 1909.38  2540.8 3182.27
16.1325 679.729 1265.71 1912.38 2544.78 3187.26
16.1325 680.788 1267.71 1915.35 2548.75 3192.26
16.1577 681.788 1269.71 1918.34 2552.75 3197.25
16.1823 682.827 1271.65 1921.34 2556.75 3202.25
16.1823 683.886 1273.65 1924.32 2560.71 3207.25
16.1823 684.945 1275.62 1927.32 2564.71 3212.22
16.2071 685.995 1277.62 1930.32 2568.71 3217.14
16.2317 687.037 1279.62 1933.26 2572.71 3222.14
16.2564  688.08 1281.62 1936.19 2576.71 3227.14
16.2564 689.137 1283.59 1939.16 2580.71 3232.14
16.2809 690.179 1285.59  1942.1 2584.71 3237.14
16.2809 691.239 1287.59  1945.1 2588.68 3242.11
 16.306 692.239 1289.59 1948.09 2592.66 3247.11
 16.306 693.298 1291.57 1951.09 2596.63 3252.11
16.3311 694.298 1293.55 1954.09 2600.62 3257.11
16.3561 695.298 1295.53 1957.08 2604.62 3262.11
16.3811 696.298 1297.51 1960.08 2608.62 3267.11
16.3811 697.298  1299.5 1963.08 2612.62 3272.12
16.4061 698.298 1301.49 1966.08 2616.62 3277.12
16.4305 699.337 1303.42 1969.08 2620.62 3282.12
16.4305 700.394 1305.39 1972.05 2624.62 3287.12
16.4554 701.394 1307.37 1975.05 2628.62 3292.11
16.4804 702.394 1309.36 1978.05 2632.61 3297.11
16.4804 703.452 1311.33 1981.05 2636.61 3302.08
16.5053 704.452 1313.31 1984.04 2640.61 3307.08
16.5297 705.494 1315.31 1986.98 2644.61 3312.08
16.5297 706.552 1317.29 1989.98 2648.58 3317.08
16.5546 707.552 1319.29 1992.97 2652.58 3322.06
16.5794 708.552 1321.29 1995.97 2656.56 3327.05
16.5794 709.552 1323.28 1998.97 2660.56 3332.06
16.6039   710.6 1325.28 2001.97 2664.49 3337.06
16.6039 711.658 1327.25 2004.97 2668.49 3342.03
16.6039 712.715 1329.25 2007.95 2672.49 3346.99
16.6039 713.773 1331.22 2010.95 2676.46 3351.99
16.6039 714.773 1333.21 2013.95 2680.46    3357
16.6039 715.831 1335.21 2016.92 2684.42    3362
 16.628 716.869 1337.15 2019.92 2688.42    3367
16.6527 717.869 1339.15 2022.92 2692.41    3372
16.6527 718.926 1341.15  2025.9 2696.37    3377
16.6527 719.984 1343.12  2028.9 2700.34    3382
16.6527 721.041 1345.12 2031.88 2704.34 3386.96
16.6772 722.041 1347.11 2034.88 2708.34 3391.96
16.7012 723.082 1349.11 2037.81 2712.34 3396.96
16.7012 724.138 1351.08 2040.78 2716.34 3401.96
16.7012 725.195 1353.08 2043.76 2720.34 3406.92
16.7012 726.252 1355.08 2046.74 2724.31 3411.92
16.7012 727.309 1357.08 2049.72 2728.31 3416.89
16.7253 728.357 1359.08 2052.72 2732.31 3421.82
16.7494 729.406 1361.08 2055.72 2736.31 3426.74
16.7738 730.406 1363.06 2058.72  2740.3 3431.74
16.7982 731.406 1365.04 2061.71  2744.3 3436.74
16.8226 732.406 1367.04  2064.7  2748.3 3441.73
16.8226 733.464 1369.04  2067.7 2752.27  3446.7
16.8465 734.505 1371.04 2070.64 2756.27  3451.7
16.8465 735.562 1373.04 2073.62 2760.23  3456.7
16.8703 736.603 1375.04 2076.55 2764.23  3461.7
16.8703 737.603 1377.03 2079.55 2768.23 3466.71
16.8703 738.603 1379.02 2082.56 2772.23 3471.72
16.8703 739.661 1381.02 2085.56  2776.2 3476.69
16.8703 740.661 1383.01 2088.56  2780.2  3481.7
16.8945 741.661 1384.99 2091.55  2784.2  3486.7
16.9187 742.661 1386.99 2094.55 2788.18  3491.7
16.9429 743.661 1388.98 2097.55 2792.18 3496.69
16.9429 744.717 1390.98 2100.52 2796.15 3501.69
16.9429 745.773 1392.98  2103.5 2800.12 3506.69
16.9429 746.829 1394.98 2106.48 2804.08 3511.69
16.9665  747.87 1396.98 2109.42 2808.08 3516.69
16.9665 748.926 1398.98  2112.4 2812.05 3521.69
16.9665 749.926 1400.98  2115.4 2816.04 3526.69
16.9905 750.926 1402.98  2118.4 2820.03 3531.68
17.0145 751.926 1404.98  2121.4 2824.01 3536.68
17.0145 752.926 1406.97  2124.4 2828.01 3541.68
17.0382 753.974 1408.97  2127.4 2832.01 3546.61
17.0616 755.011  1410.9  2130.4 2836.01 3551.61
17.0616 756.067  1412.9 2133.38 2839.98 3556.61
 17.085 757.104 1414.84 2136.38 2843.98 3561.61
17.1085 758.145 1416.84 2139.31 2847.98 3566.61
17.1085 759.201 1418.82 2142.31 2851.98 3571.58
17.1321 760.247 1420.82 2145.31 2855.91 3576.58
17.1321 761.303 1422.82 2148.29 2859.91 3581.55
 17.156 762.303  1424.8 2151.29 2863.91 3586.54
17.1798 763.303  1426.8 2154.28 2867.89 3591.54
17.1798 764.359 1428.78 2157.28 2871.86 3596.54
17.1798 765.359 1430.77 2160.28 2875.86 3601.55
17.1798 766.359 1432.76 2163.29 2879.86 3606.56
17.1798 767.416 1434.73 2166.29 2883.83 3611.56
17.1798 768.416 1436.72 2169.29 2887.83 3616.56
17.1798  769.47 1438.69 2172.27 2891.83 3621.56
17.1798 770.524 1440.66 2175.24 2895.83 3626.56
17.1798 771.579 1442.66 2178.22 2899.83 3631.52
17.2034 772.579 1444.66 2181.22 2903.82 3636.52
17.2034 773.633 1446.63 2184.19 2907.82 3641.52
17.2034 774.689 1448.61 2187.19 2911.78 3646.52
17.2267 775.734 1450.61 2190.19 2915.72 3651.52
17.2497 776.772 1452.55 2193.19 2919.72 3656.52
17.2497 777.772 1454.54 2196.19 2923.72 3661.53
17.2728 778.812 1456.54 2199.13 2927.72 3666.53
17.2728 779.867 1458.54 2202.11 2931.68 3671.53
17.2728 780.867 1460.53 2205.11 2935.68 3676.54
17.2957 781.904 1462.47 2208.11 2939.68 3681.54
17.2957 782.959 1464.47 2211.09 2943.65 3686.54
17.2957 783.959 1466.46 2214.09 2947.65 3691.55
17.3191 784.959 1468.46 2217.09 2951.63 3696.55
17.3191 786.015 1470.46 2220.09  2955.6 3701.52
17.3191 787.015 1472.46 2223.09  2959.6 3706.53
17.3191 788.015 1474.46 2226.09 2963.59 3711.53
17.3191 789.015 1476.45 2229.09 2967.59 3716.54
17.3191 790.015 1478.45 2232.09 2971.59 3721.54
17.3191 791.015 1480.45 2235.09 2975.58 3726.55
17.3191 792.069 1482.45 2238.07 2979.55 3731.55
17.3418 793.106 1484.39 2241.07 2983.55 3736.55
17.3649 794.106 1486.39 2244.06 2987.55 3741.53
17.3876 795.146 1488.39    2247 2991.55 3746.53
17.4108 796.146 1490.37 2249.99 2995.55 3751.53
17.4108 797.201 1492.34 2252.99 2999.52 3756.53
17.4108 798.201 1494.34 2255.99 3003.52 3761.54
17.4339 799.201 1496.33 2258.99 3007.52 3766.53
17.4339 800.201 1498.32 2261.99 3011.52 3771.54
17.4339 801.256 1500.29 2264.99 3015.49 3776.54
17.4567 802.302 1502.29 2267.99 3019.49 3781.47
17.4797 803.302 1504.28 2270.99 3023.49 3786.46
17.4797 804.302 1506.27    2274 3027.49 3791.46
17.5027 805.302 1508.27    2277 3031.47 3796.45
17.5027 806.356 1510.24    2280 3035.47 3801.43
17.5027  807.41 1512.24 2282.98 3039.44 3806.43
17.5252 808.446 1514.18 2285.98 3043.44 3811.43
17.5477 809.486 1516.18 2288.92 3047.44 3816.43
17.5477  810.54 1518.16 2291.92 3051.44  3821.4
17.5704 811.586 1520.16 2294.92 3055.44 3826.33
17.5933 812.586 1522.16 2297.91 3059.42 3831.33
17.6158 813.625 1524.16 2300.85 3063.42 3836.33
17.6158 814.625 1526.16 2303.85 3067.42 3841.33
17.6158 815.677 1528.13 2306.82 3071.42 3846.33
17.6386 816.677 1530.11 2309.82 3075.42 3851.32
17.6615 817.677 1532.11 2312.82  3079.4 3856.32
17.6615 818.677 1534.11 2315.82 3083.41 3861.33
17.6615 819.729 1536.08 2318.79 3087.41 3866.33
17.6839 820.768 1538.08 2321.73 3091.41 3871.33
17.6839 821.822 1540.05 2324.73 3095.41 3876.31
17.6839 822.822 1542.04 2327.73 3099.41 3881.31
17.6839 823.876 1544.02 2330.73 3103.38 3886.31
17.7062 824.915 1546.02 2333.67 3107.38 3891.31
17.7062 825.915 1548.01 2336.67 3111.38 3896.32
17.7062 826.915    1550 2339.67 3115.38 3901.33
17.7288 827.915    1552 2342.67 3119.36 3906.33
17.7515 828.915    1554 2345.66 3123.36 3911.31
17.7737 829.951 1555.94 2348.66 3127.36 3916.31
17.7959  830.99 1557.94  2351.6 3131.36 3921.31
17.8186  831.99 1559.92 2354.59 3135.36 3926.31
17.8186 833.042 1561.92 2357.57 3139.33 3931.31
17.8186 834.095 1563.92 2360.55 3143.33 3936.28
17.8186 835.149 1565.92 2363.55  3147.3 3941.25
17.8411 836.149 1567.92 2366.55 3151.29 3946.25
17.8411 837.149 1569.91 2369.55 3155.29 3951.26
17.8634 838.193 1571.91 2372.55 3159.22 3956.26
17.8859 839.193 1573.91 2375.54 3163.21 3961.26
17.8859 840.193 1575.91 2378.54 3167.21 3966.26
17.8859 841.246 1577.88 2381.54 3171.18 3971.26
17.9084 842.246 1579.88 2384.54 3175.16 3976.26
17.9084 843.246 1581.88 2387.54 3179.16 3981.27
17.9084 844.246 1583.87 2390.54 3183.16 3986.27
17.9305 845.291 1585.87 2393.54 3187.16 3991.21
17.9305 846.344 1587.85 2396.54 3191.13 3996.21
17.9529 847.344 1589.83 2399.53 3195.13 4001.21
17.9529 848.344 1591.83 2402.54 3199.13 4006.21
17.9529 849.344 1593.82 2405.54 3203.13 4011.22
17.9753 850.344 1595.81 2408.54 3207.12 4016.22
17.9753 851.396 1597.81 2411.52 3211.12 4021.19
17.9974 852.441 1599.81 2414.52 3215.12 4026.12
17.9974 853.441  1601.8 2417.52 3219.12 4031.13
18.0196 854.441 1603.78 2420.52 3223.12 4036.12
18.0417 855.485 1605.78 2423.52 3227.12 4041.05
18.0637 856.528 1607.78 2426.52 3231.05 4046.05
18.0637 857.528 1609.77 2429.52 3235.05 4051.06
18.0637 858.528 1611.76 2432.52 3239.05 4056.07
18.0856 859.573 1613.76 2435.52 3243.05    4061
18.1074 860.608  1615.7 2438.52 3247.05    4066
18.1294 861.652  1617.7 2441.52 3251.05 4070.94
18.1512 862.687 1619.65 2444.52 3255.05 4075.94
18.1731  863.73 1621.65 2447.52 3258.99 4080.94
18.1731 864.782 1623.62 2450.52 3262.99 4085.91
18.1731 865.782 1625.61 2453.52 3266.99 4090.92
18.1731 866.833 1627.59  2456.5 3270.99 4095.92
18.1953 867.833 1629.59  2459.5 3274.97 4100.91
18.1953 868.884 1631.59 2462.48 3278.94 4105.91
 18.217 869.922 1633.59 2465.42 3282.94 4110.91
18.2387 870.959 1635.59 2468.36 3286.94 4115.91
18.2608 871.959 1637.59 2471.35 3290.93 4120.91
18.2608 873.011 1639.59 2474.34  3294.9 4125.91
18.2827 874.055 1641.59 2477.34  3298.9 4130.85
18.3048 875.055 1643.57 2480.34 3302.89 4135.85
18.3048 876.055 1645.56 2483.34 3306.89 4140.85
18.3048 877.107 1647.54 2486.34 3310.89 4145.82
18.3048 878.107 1649.53 2489.34 3314.89 4150.82
18.3268 879.107 1651.53 2492.34 3318.88 4155.82
18.3268 880.107 1653.52 2495.34 3322.88 4160.83
18.3268 881.107 1655.51 2498.34 3326.88 4165.84
18.3485 882.149 1657.51 2501.34 3330.81 4170.84
18.3701 883.186 1659.51 2504.28 3334.81 4175.84
18.3701 884.186  1661.5 2507.29 3338.81 4180.84
18.3701 885.186 1663.49 2510.29 3342.82 4185.84
18.3916 886.224 1665.49 2513.23 3346.82 4190.84
18.3916 887.224 1667.48 2516.23 3350.82 4195.85
18.4132 888.266 1669.48 2519.23 3354.75 4200.85
18.4132 889.266 1671.47 2522.23 3358.75 4205.86
18.4132 890.316 1673.45 2525.21 3362.75 4210.86
18.4132 891.316 1675.44 2528.21 3366.75 4215.87
 18.435 892.316 1677.44  2531.2 3370.74 4220.87
18.4564 893.353 1679.44 2534.14 3374.74 4225.87
18.4782 894.353 1681.42 2537.14 3378.74 4230.86
   18.5 895.353 1683.42 2540.14 3382.74 4235.85
18.5218 896.353 1685.41 2543.13 3386.74 4240.85
18.5218 897.404 1687.38 2546.13 3390.71 4245.85
18.5218 898.404 1689.38 2549.14 3394.71 4250.85
18.5218 899.455 1691.35 2552.14 3398.69 4255.85
18.5218 900.506 1693.33 2555.14 3402.66 4260.85
18.5218 901.506 1695.32 2558.14 3406.66 4265.86
18.5435 902.506  1697.3 2561.14 3410.66 4270.85
18.5652 903.506 1699.29 2564.14 3414.66 4275.84
18.5652 904.506 1701.28 2567.14 3418.66 4280.84
18.5652 905.556 1703.28 2570.12 3422.66 4285.81
18.5652 906.556 1705.27 2573.13 3426.66 4290.81
18.5868 907.556 1707.26 2576.12 3430.66 4295.81
18.6084 908.556 1709.24 2579.12 3434.66 4300.81
18.6084 909.556 1711.23 2582.12 3438.66 4305.82
18.6299 910.556 1713.23 2585.11 3442.66 4310.81
18.6299 911.607 1715.21 2588.11 3446.64 4315.81
18.6299 912.607  1717.2 2591.12 3450.64 4320.81
18.6512  913.65  1719.2 2594.12 3454.64 4325.74
18.6512 914.699  1721.2  2597.1 3458.61 4330.74
18.6727 915.699 1723.18  2600.1 3462.61 4335.74
18.6727 916.699 1725.17  2603.1 3466.61 4340.75
18.6942 917.699 1727.17 2606.09 3470.61 4345.74
18.7157 918.699 1729.16 2609.09  3474.6 4350.74
18.7157 919.749 1731.16 2612.07 3478.57 4355.74
18.7369 920.791 1733.16 2615.07 3482.57 4360.67
18.7369 921.791 1735.15 2618.07 3486.57 4365.68
18.7583 922.791 1737.14 2621.07 3490.56 4370.68
18.7797 923.791 1739.14 2624.06 3494.56 4375.67
18.8012 924.791 1741.12 2627.06 3498.56 4380.67
18.8012  925.84  1743.1 2630.04 3502.56 4385.67
18.8012  926.84  1745.1 2633.04 3506.56 4390.67
18.8012  927.84  1747.1 2636.04 3510.55 4395.67
18.8225  928.84  1749.1 2639.03 3514.54 4400.67
18.8225  929.89 1751.07 2642.03 3518.51 4405.67
18.8225 930.939 1753.07 2645.01 3522.48 4410.67
18.8225 931.939 1755.07 2648.02 3526.48 4415.67
18.8438 932.939 1757.05 2651.02 3530.48 4420.67
18.8438 933.988 1759.03 2654.02 3534.48 4425.64
18.8438 934.988 1761.02 2657.02 3538.49 4430.64
 18.865 935.988    1763 2660.02 3542.49 4435.63
 18.865 936.988    1765 2663.03 3546.49 4440.63
 18.865 937.988 1766.99 2666.03 3550.49 4445.64
 18.865 938.988 1768.98 2669.03 3554.49 4450.65
18.8862 939.988 1770.96 2672.03 3558.48 4455.65
18.8862 941.038 1772.96 2675.03 3562.46 4460.62
18.9074 942.038 1774.96 2678.03 3566.44 4465.62
18.9074 943.038 1776.95 2681.03 3570.44 4470.62
18.9074 944.088 1778.93 2684.03 3574.42 4475.62
18.9074 945.137 1780.91 2687.03 3578.39 4480.62
18.9074 946.137  1782.9 2690.04 3582.39 4485.62
18.9282 947.177  1784.9 2693.04 3586.33 4490.62
18.9488 948.213  1786.9 2695.98 3590.33 4495.62
18.9488 949.261  1788.9 2698.97  3594.3 4500.62
18.9488  950.31  1790.9 2701.95  3598.3 4505.59
18.9696  951.35  1792.9 2704.95 3602.24 4510.59
18.9696 952.398  1794.9 2707.93 3606.24 4515.57
18.9696 953.398 1796.89 2710.93 3610.24 4520.57
18.9696 954.448 1798.89 2713.93 3614.22 4525.54
18.9905 955.448 1800.88 2716.93 3618.22 4530.54
19.0115 956.448 1802.86 2719.93 3622.21 4535.54
19.0115 957.497 1804.84 2722.93 3626.18 4540.54
 19.032 958.532 1806.84 2725.87 3630.18 4545.54
19.0527 959.574 1808.84 2728.87 3634.18 4550.48
19.0734 960.615 1810.84 2731.87 3638.18 4555.42
19.0734 961.662 1812.82 2734.85 3642.18 4560.42
19.0734 962.662 1814.81 2737.85 3646.18 4565.43
19.0942 963.662 1816.79 2740.85 3650.18 4570.42
19.1151 964.662 1818.79 2743.84 3654.18 4575.41
19.1151 965.662 1820.78 2746.84 3658.18 4580.42
19.1151 966.711 1822.76 2749.84 3662.18 4585.39
19.1151 967.711 1824.75 2752.85 3666.18 4590.39
19.1151 968.711 1826.75 2755.85 3670.18 4595.39
19.1151  969.76 1828.75 2758.85 3674.16 4600.37
19.1151 970.808 1830.73 2761.85 3678.16 4605.35
19.1358 971.808 1832.73 2764.85 3682.14 4610.34
19.1563 972.849 1834.73 2767.85 3686.14 4615.28
19.1767 973.884 1836.73 2770.79 3690.14 4620.28
19.1974 974.884 1838.72 2773.79 3694.13 4625.28
19.2178 975.917 1840.66 2776.79 3698.13 4630.28
19.2385 976.917 1842.65 2779.79 3702.13 4635.28
19.2592 977.917 1844.63 2782.78 3706.13 4640.28
19.2592 978.966 1846.63 2785.78 3710.11 4645.25
19.2592 980.013 1848.63 2788.76 3714.08 4650.25
19.2592 981.061 1850.63 2791.74 3718.08 4655.22
19.2592 982.061 1852.63 2794.75 3722.08 4660.22
19.2794 983.093 1854.57 2797.75 3726.08 4665.22
19.3001 984.093 1856.56 2800.74 3730.08 4670.22
19.3001 985.093 1858.56 2803.74 3734.08 4675.23
19.3207 986.093 1860.56 2806.73 3738.08 4680.22
19.3207 987.142 1862.54 2809.73 3742.05 4685.22
19.3207 988.142 1864.53 2812.74 3746.05 4690.22
19.3412 989.142 1866.51 2815.74 3750.05 4695.21
19.3412 990.189 1868.51 2818.72 3754.05 4700.18
19.3618 991.189 1870.51 2821.72 3758.04 4705.17
19.3618 992.189  1872.5 2824.72 3762.04 4710.18
19.3618 993.237  1874.5 2827.72 3766.02 4715.16
19.3618 994.237  1876.5 2830.72 3770.02 4720.17
19.3823 995.237 1878.48 2833.72 3774.01 4725.17
19.3823 996.237 1880.48 2836.72 3778.01 4730.17
19.3823 997.284 1882.48  2839.7 3782.01 4735.14
19.4027 998.284 1884.48  2842.7 3785.99 4740.13
19.4027 999.284 1886.47 2845.71 3789.99 4745.14
19.4027 1000.33 1888.47 2848.71 3793.97 4750.12
19.4027 1001.38 1890.45 2851.71 3797.94 4755.12
19.4027 1002.38 1892.44 2854.71 3801.94 4760.12
19.4027 1003.43 1894.42 2857.69 3805.94 4765.12
 19.423 1004.43 1896.42 2860.68 3809.93 4770.12
 19.423 1005.47 1898.39 2863.66 3813.93 4775.12
 19.423 1006.52 1900.37 2866.66 3817.93  4780.1
19.4434 1007.52 1902.36 2869.66 3821.92  4785.1
19.4636 1008.52 1904.36 2872.65 3825.91  4790.1
19.4636 1009.52 1906.35 2875.66 3829.91  4795.1
19.4839 1010.52 1908.34 2878.66  3833.9  4800.1
 19.504 1011.56 1910.34 2881.66  3837.9 4805.04
 19.504 1012.61 1912.34 2884.66 3841.88 4810.02
19.5242 1013.61 1914.34 2887.65 3845.88    4815
19.5242 1014.65 1916.31 2890.63 3849.88    4820
19.5242 1015.65 1918.31 2893.63 3853.87 4825.01
19.5242 1016.65 1920.31 2896.63 3857.87 4830.01
19.5442 1017.69 1922.31 2899.63 3861.87 4834.95
19.5644 1018.69  1924.3 2902.63 3865.87 4839.94
19.5644 1019.69 1926.29 2905.63 3869.87 4844.95
19.5644 1020.69 1928.28 2908.64 3873.87 4849.96
19.5845 1021.69 1930.27 2911.64 3877.86 4854.96
19.5845 1022.74 1932.24 2914.61 3881.86 4859.96
19.5845 1023.74 1934.23 2917.62 3885.86 4864.97
19.6043 1024.77 1936.23 2920.56 3889.86 4869.97
19.6244 1025.77 1938.23 2923.56 3893.85 4874.96
19.6244 1026.82 1940.21 2926.56 3897.85 4879.93
19.6244 1027.87 1942.21 2929.55 3901.82 4884.93
19.6244 1028.91 1944.18 2932.53 3905.82 4889.93
19.6244 1029.96 1946.18 2935.53  3909.8 4894.91
19.6244 1030.96 1948.18 2938.53  3913.8 4899.91
19.6244 1032.01 1950.18 2941.53 3917.78 4904.89
19.6444 1033.01 1952.18 2944.52 3921.76 4909.89
19.6641 1034.04 1954.18 2947.52 3925.76 4914.83
19.6841 1035.04 1956.18 2950.52 3929.76 4919.82
19.7039 1036.08 1958.18 2953.52 3933.76 4924.76
19.7039 1037.13 1960.16 2956.52 3937.74 4929.76
19.7039 1038.18 1962.13 2959.52 3941.71 4934.76
19.7039 1039.18 1964.13 2962.52 3945.71 4939.77
19.7238 1040.18 1966.13 2965.51  3949.7 4944.77
19.7238 1041.22 1968.13 2968.49  3953.7 4949.74
19.7238 1042.22 1970.13 2971.49  3957.7 4954.74
19.7238 1043.27 1972.13 2974.49 3961.67 4959.72
19.7437 1044.27 1974.11 2977.49 3965.66 4964.72
19.7631  1045.3 1976.06 2980.49 3969.66 4969.72
 19.783  1046.3 1978.06 2983.48 3973.65 4974.72
 19.783 1047.35 1980.04 2986.48 3977.63 4979.72
19.8026 1048.39 1982.04 2989.48 3981.57 4984.72