      1 4.33333       3       4 4.33333 4.33333
   1.36 5.89333    4.08       7 8.33333 9.33333
   1.36 8.33532 5.77061      10 12.3333 13.2007
   1.36 10.5096 7.77061 12.6085 15.5505 18.2007
1.69821 11.5096 9.77061 15.7441 19.5505  22.727
2.04584 12.5096 11.7707 18.7441 23.5505 27.3793
2.39341 13.5096 13.7707 21.7441 27.5515 32.0307
2.64771  14.945 15.7707 24.0544 31.5515 37.0307
2.64771 16.6397 17.7707  26.782 35.1292 42.0307
2.89099 18.1686 19.7707  29.782  38.357 47.0307
2.89099 19.1686 21.8388  32.782 42.3693 51.9503
 3.1495 20.1686 23.7916  35.782  46.158 56.9503
 3.1495 21.7763 25.7916 38.6344  50.158 61.4902
3.38929 22.7763 27.7916 41.5758 53.9768 66.4902
3.38929 24.3162 29.7916 44.3867 57.6261 71.4902
3.38929 25.3162 31.7916 47.4566 61.6116 76.4347
3.60185 26.3162 33.7854 50.4566 65.6116 81.2283
3.79629 27.7368 35.7854 53.4566 69.6116 85.6132
3.79629 29.1595 37.6209 56.1985 73.6116 90.6132
 3.9943 30.1595 39.5832 59.1985 77.4513 95.6132
 3.9943 31.5629 41.4252 61.9531 81.4513 100.613
4.18399 32.5629 43.4252 64.8953 85.3194 105.613
4.18399 33.9974 45.3382 67.8953 89.3194 110.266
4.18399 35.4319 47.2511 70.8953 93.3194 114.918
4.18399 36.4319 49.2855 73.8953 97.3373 119.866
4.18399 37.4319 51.3199 76.8953 101.355 124.814
4.18399 38.4319 53.3543 79.8953 105.373 129.762
4.33809 39.4319 55.3193 82.8953 109.254 134.762
 4.4953 40.4319 57.3193 85.8953 113.213 139.645
4.65163 41.4319 59.3193 88.8825 117.213 144.502
4.78949 42.6598 61.3193 91.5167 121.213 149.502
4.78949 44.0061 63.2546 94.5167 125.213  154.22
4.78949 45.3525 65.1899 97.5167 129.213 158.938
4.78949 46.6989 67.1251 100.517 133.213 163.657
4.78949 47.6989 69.1537 103.517 137.239 168.602
4.90761 48.8753 70.8592 106.517 141.239 173.602
4.90761 49.8753 72.8801 109.517 145.267 178.554
5.04163 50.8753 74.8702 112.517 149.267 183.429
5.15727 52.0422 76.5876 115.517 153.267 188.429
5.15727  53.358 78.5876 118.437 157.267 193.193
5.15727 54.6366 80.4708 121.275 161.267 198.193
5.15727 55.6366 82.4829 124.275 165.299 203.149
5.15727 56.6366 84.4829 127.302 169.325 208.096
5.15727 57.9136 86.3878 130.302 173.143 213.096
5.27577 58.9136 88.3729 133.302 177.143 217.993
5.38508 60.1342 90.3729 136.302 180.813 222.993
5.38508 61.1342 92.3845 139.302 184.838 227.956
5.38508 62.4186 94.3845 142.229 188.838 232.746
5.38508 63.7005 96.3228 145.229 192.838 237.525
5.49046  64.947 98.3228 148.229 196.838 242.173
5.60154  65.947 100.312 151.229 200.838 247.073
5.60154  66.947 102.312 154.257  204.86 252.022
5.60154  67.947 104.308 157.266 208.856 257.022
5.70698  68.947 106.271 160.266 212.787 262.022
5.70698 70.2085 108.215 163.266 216.787 266.816
5.70698 71.4715 110.215 166.203 220.787 271.616
5.70698 72.7329  112.16 169.203 224.787 276.409
5.70698 73.9756 114.077 172.203 228.628 281.409
5.70698 74.9756 116.077 175.232 232.649 286.359
5.80486 75.9756 118.068 178.232 236.649  291.27
5.80486  77.228 120.014 181.232 240.649 296.072
5.80486  78.228 122.024 184.232  244.68 301.031
5.80486 79.4818 124.024 187.232 248.602 305.855
5.80486 80.7311 126.024 190.175 252.602 310.663
5.89254 81.9506 128.024 193.175 256.602 315.356
5.98262 82.9506 129.981 196.128 260.602 320.356
6.07269 83.9506 131.938 199.081 264.602 325.356
6.16277 84.9506 133.895 202.034 268.602 330.356
6.25431 85.9506 135.895 205.035 272.602 335.263
6.34602 86.9506 137.888 208.035 276.602 340.179
6.34602 88.1818  139.84 211.035 280.602 344.995
6.34602 89.1818  141.85 214.035 284.634 349.953
6.34602 90.4106  143.85 216.984 288.634 354.775
6.43243 91.4106 145.809 219.939 292.634 359.775
6.51163 92.5361 147.604 222.939 296.634 364.775
6.59252 93.6857 149.604 225.709 300.634 369.775
6.59252 94.6857 151.611 228.709 304.667 374.736
6.59252 95.8886 153.537 231.709 308.538 379.736
6.59252 97.0916 155.463 234.709 312.409 384.736
6.59252 98.3111 157.463 237.657 316.409 389.568
6.59252 99.5307 159.463 240.605 320.409   394.4
6.67358 100.531 161.424 243.563 324.409   399.4
6.75464 101.531 163.384 246.521 328.409   404.4
6.75464 102.531 165.391 249.549 332.409 409.367
6.75464 103.531 167.397 252.576 336.409 414.333
6.75464 104.531 169.397 255.597 340.432 419.288
6.83391 105.531 171.397 258.597 344.432 424.209
6.90872 106.686 173.397 261.597 348.202 429.209
6.98508 107.865 175.397 264.597 352.202 433.954
6.98508 109.072 177.397 267.597 356.142 438.808
6.98508 110.072 179.397 270.619 360.164 443.763
7.05827 111.225 181.397 273.619 363.937 448.763
7.05827 112.225 183.404 276.646 367.937 453.729
7.05827 113.427 185.404 279.646 371.877 458.587
7.13416 114.427 187.398 282.646 375.877 463.518
7.13416 115.611 189.398 285.572 379.768 468.518
7.13416 116.793 191.334 288.572  383.65 473.518
7.20443 117.943 193.334 291.572 387.429 478.518
7.20443 118.943 195.341 294.598 391.429 483.485
7.27718 119.943 197.341 297.573 395.381 488.485
7.27718 121.114 199.266 300.477 399.381 493.485
7.34994 122.114 201.266 303.477 403.375 498.419
7.34994 123.292 203.266 306.405 407.267 503.419
7.34994 124.292 205.273  309.43 411.267 508.388
7.34994 125.459   207.2 312.335 415.267 513.388
7.34994 126.645 209.159 315.335 419.267 518.242
 7.4142 127.753 210.988 318.335 423.267 523.242
7.48406 128.753 212.988 321.335 427.267 528.173
7.48406 129.937 214.947 324.335 431.267  533.03
7.54889 131.062 216.947 327.145 435.267  538.03
7.54889 132.249 218.947 330.145 439.209 542.902
7.54889  133.42 220.886 333.145 443.099 547.902
7.61464 134.582 222.886 336.145 447.099 552.674
 7.6827 135.582 224.878 339.145 451.099 557.614
7.74531 136.687  226.71 342.145 455.099 562.614
7.81247 137.687 228.676 345.111 459.099 567.614
7.87964 138.687 230.642 348.078 463.099 572.614
7.87964 139.687 232.645 351.102 467.099 577.587
7.94181 140.789 234.481 354.102 471.099 582.587
8.00914 141.789 236.481 357.102 475.092 587.526
8.07646 142.789 238.481 360.102 479.086 592.465
8.14057 143.923 240.481 363.102 482.889 597.465
8.20467 145.056 242.481 366.102 486.691 602.465
8.20467 146.056 244.483 369.125 490.691  607.44
 8.2664 147.155 246.323 372.125 494.691  612.44
 8.2664 148.325 248.282 375.125 498.691 617.311
 8.2664 149.498 250.282 378.125 502.636 622.193
8.33149 150.498 252.282 381.102 506.593 627.193
8.33149 151.667 254.282 384.062 510.593 632.065
8.39667 152.667 256.271 387.062 514.593  637.01
8.39667 153.667 258.274 390.062 518.614 641.987
8.39667 154.823 260.216 393.062 522.515 646.987
8.39667  155.98 262.216     396  526.42 651.987
8.45745 157.109 264.216     399  530.23 656.987
8.51649 158.206 266.061     402  534.23 661.987
8.51649 159.362 268.061 404.938 538.135 666.987
8.51649 160.527 270.061 407.898 542.135 671.862
8.51649 161.682 272.004 410.898 546.037 676.862
8.51649 162.839 274.004 413.836 549.942 681.862
8.51649 163.994 275.948 416.836 553.843 686.862
8.57511 165.123 277.948 419.836 557.656 691.862
8.63646 166.123 279.936 422.836 561.656 696.812
8.63646 167.277 281.881 425.836 565.557 701.812
8.69727 168.277 283.881 428.835 569.557 706.753
8.69727 169.277 285.881 431.856 573.557 711.732
8.75592 170.418 287.881 434.856 577.557 716.532
8.81296 171.528 289.881 437.688 581.557 721.532
8.81296 172.688 291.841 440.688 585.557 726.412
8.87291 173.688 293.841 443.687 589.557 731.354
8.92959 174.798 295.841 446.521 593.557 736.354
8.98782 175.938 297.841 449.521 597.557 741.155
8.98782 176.938 299.842  452.54 601.557 746.135
9.04684 177.938 301.811 455.512 605.557 751.135
9.04684 178.938 303.813 458.512 609.573 756.117
9.04684 179.938 305.806  461.52 613.572 761.117
 9.1017 181.029  307.66  464.52 617.572 766.117
 9.1017 182.175  309.66 467.462 621.484 771.117
9.15769 183.296  311.66 470.462 625.307 776.117
9.21555 184.296  313.63 473.435 629.307 781.117
9.21555 185.296 315.623 476.443 633.306 786.117
9.27122 186.415 317.623 479.443 637.131 791.117
9.32892 187.415 319.599 482.443 641.096 796.117
9.38312 188.504 321.456 485.443 645.096 801.117
9.38312 189.504 323.456 488.459 649.104 806.093
9.38312 190.504 325.457 491.459 653.118 811.079
9.38312 191.655 327.457 494.459 657.065  815.98
9.38312 192.804 329.457 497.422 661.065 820.869
9.43677 193.906 331.457 500.266 665.065 825.869
9.49305 194.906 333.434 503.266 669.032 830.869
9.49305  196.04 335.373 506.193 673.032 835.869
9.49305 197.179 337.322 509.193 676.944 840.869
9.49305 198.179 339.322 512.193 680.958 845.855
9.54868 199.179 341.311 515.193 684.958 850.811
9.60144  200.28 343.311  518.04 688.958 855.811
9.65656  201.28 345.281 521.014 692.958 860.811
9.70864 202.365 347.144 524.014 696.958 865.811
9.76204 203.478 349.144 527.014 700.791 870.811
9.76204 204.616 351.144 529.959 704.708 875.811
9.76204 205.616 353.137 532.967 708.708 880.811
9.76204 206.758 355.099 535.967 712.708 885.706
9.81328 207.843 356.963 538.967 716.708 890.706
 9.8679 208.843  358.95 541.967 720.708 895.665
9.92253 209.843 360.937 544.967 724.708 900.623
9.92253 210.843 362.935 547.984 728.708 905.608
9.97686 211.843 364.922 550.984 732.708 910.567
9.97686 212.985 366.922 553.984 736.657 915.475
10.0306 213.985 368.922 556.965 740.622 920.475
10.0831 215.107 370.922 559.965 744.622 925.301
10.1367 216.107 372.893 562.941 748.622 930.301
10.1367 217.107 374.885 565.948 752.622 935.301
10.1367 218.247 376.885 568.948 756.572  940.21
10.1882 219.355 378.885 571.948 760.413  945.21
10.2416 220.355 380.873 574.948 764.413 950.169
10.2416 221.485 382.873 577.897 768.334 955.169
10.2416 222.621 384.873 580.862 772.334 960.069
10.2416 223.757 386.873 583.826 776.334 964.968
 10.294 224.757 388.851 586.826 780.303 969.968
10.3453 225.876 390.851 589.826 784.303 974.798
10.3979 226.876  392.84 592.826 788.303 979.757
10.4486 227.982  394.84 595.826 792.147 984.757
10.4993 229.088  396.84 598.826  795.99 989.757
10.4993 230.217  398.84 601.776 799.911 994.757
10.4993 231.217  400.84 604.789 803.917 999.738
10.5483 232.297 402.711 607.789 807.917 1004.74
10.6001 233.297 404.711 610.772 811.882 1009.74
10.6001 234.423 406.665 613.772 815.802 1014.74
10.6001 235.549 408.619 616.772 819.721 1019.74
10.6001 236.682 410.583 619.772 823.721 1024.64
 10.649 237.774 412.583 622.632 827.721 1029.64
10.6984 238.878 414.583 625.632 831.567 1034.64
10.6984 240.005 416.583 628.583 835.489 1039.64
10.6984 241.137 418.548 631.583 839.489 1044.54
10.7492 242.137 420.536 634.583 843.489 1049.51
10.7492 243.137 422.536 637.595 847.494 1054.49
10.7492 244.137 424.536 640.595 851.505 1059.48
10.7978  245.24 426.536 643.595 855.353 1064.48
10.8482  246.24 428.536 646.595  859.34 1069.44
10.8482  247.24 430.529 649.604 863.338 1074.44
10.8482 248.358 432.476  652.54 867.338 1079.44
 10.898 249.358 434.476  655.54 871.326  1084.4
10.9475 250.358 436.449 658.517 875.326  1089.4
10.9475 251.474 438.395 661.454 879.326  1094.4
10.9971 252.474 440.395 664.449 883.326 1099.36
10.9971 253.596 442.395 667.402 887.251 1104.36
10.9971 254.723 444.361 670.402 891.251 1109.27
 11.046 255.723 446.361 673.386 895.218 1114.27
 11.046  256.85 448.361 676.352 899.218 1119.17
11.0947  257.85 450.335 679.329 903.218 1124.17
11.0947  258.97 452.291 682.329 907.142 1129.17
11.0947  259.97 454.285 685.337  911.14 1134.17
11.0947 261.089 456.241 688.337 915.064 1139.17
 11.143 262.089 458.241 691.332 919.064 1144.13
11.1892 263.176 460.241 694.199 923.064 1149.13
11.1892 264.301 462.241 697.165 927.064 1154.04
11.1892 265.425 464.241 700.131 931.064 1158.95
11.2345   266.5 466.121 703.131 935.064 1163.95
11.2345 267.624 468.121 706.097 939.064 1168.86
11.2345 268.624  470.12 709.097 943.074 1173.85
11.2817 269.624 472.095 712.075 947.074 1178.85
11.3292 270.624 474.095 715.075 951.062 1183.81
11.3292 271.741 476.052 718.075 954.988 1188.81
11.3764 272.741 478.052  721.07 958.988 1193.77
11.4234 273.741 480.026 724.048 962.988 1198.77
11.4234 274.857 481.984 727.048 966.915 1203.77
 11.469 275.954 483.984 730.048 970.773 1208.77
 11.469 276.954 485.977 733.056 974.771 1213.77
11.5157 277.954 487.977  736.04  978.74 1218.77
11.5624 278.954 489.977 739.025 982.709 1223.77
11.5624 280.076 491.977 742.025 986.663  1228.7
11.5624 281.196 493.977 744.992 990.663 1233.61
11.5624 282.316 495.977 747.959 994.663 1238.52
11.6068   283.4 497.977 750.831 998.663 1243.52
11.6531   284.4 499.977 753.831 1002.65 1248.49
11.6975 285.484 501.977 756.703 1006.65 1253.49
11.7424 286.578 503.977 759.703 1010.51 1258.49
11.7885 287.578 505.959 762.703 1014.48 1263.49
11.8324  288.65 507.843 765.703 1018.48 1268.49
11.8324  289.65 509.841 768.715 1022.48 1273.48
11.8324  290.77 511.841 771.715 1026.44  1278.4
 11.877 291.864 513.841 774.715  1030.3  1283.4
11.9229 292.864 515.829 777.715  1034.3 1288.37
11.9229 293.864 517.824 780.722  1038.3 1293.37
11.9687 294.864 519.812 783.722  1042.3 1298.34
12.0143 295.864 521.812 786.706 1046.27 1303.34
12.0598 296.864 523.788 789.685 1050.27 1308.34
12.1045 297.965 525.788 792.685 1054.27 1313.19
12.1493 299.066 527.788 795.685 1058.27 1318.04
12.1493 300.184 529.788 798.685 1062.22 1322.97
12.1925 301.254 531.675 801.685 1066.22 1327.97
12.2358 302.323 533.562 804.685 1070.22 1332.97
12.2795 303.404 535.562 807.561 1074.22 1337.97
 12.325 304.404 537.543 810.561  1078.2 1342.97
 12.325 305.404 539.543 813.571  1082.2 1347.96
 12.325 306.508 541.495 816.514  1086.2 1352.96
 12.325 307.508 543.495 819.524  1090.2 1357.94
12.3682 308.588 545.495 822.401  1094.2 1362.94
12.4132 309.588 547.476 825.401 1098.18 1367.94
 12.458 310.588 549.452  828.38 1102.18 1372.94
12.5017 311.678 551.452  831.38 1106.05 1377.94
12.5465 312.678 553.452 834.364 1110.02 1382.94
12.5894 313.745 555.342 837.364 1114.02 1387.94
12.5894 314.859 557.342 840.364 1117.97 1392.87
12.6329 315.949 559.342 843.364 1121.84 1397.87
12.6329 316.949 561.339 846.376 1125.84 1402.86
12.6774 317.949 563.315 849.355 1129.84 1407.86
12.6774 318.949 565.309 852.362 1133.84 1412.86
12.7217 319.949 567.286 855.341 1137.84 1417.86
12.7653 321.045 569.286 858.341 1141.84 1422.72
12.8098 322.045 571.286 861.335 1145.84 1427.69
12.8098 323.151 573.247 864.335 1149.77 1432.69
12.8098 324.263 575.247 867.335 1153.73 1437.62
12.8524  325.34 577.247 870.216 1157.73 1442.62
12.8524  326.45 579.247 873.184 1161.73 1447.54
12.8948 327.527 581.247 876.065 1165.73 1452.54
12.8948 328.636 583.247 879.033 1169.73 1457.46
12.8948 329.636 585.247 882.042 1173.73 1462.45
12.9369 330.713 587.247 884.923 1177.73 1467.45
12.9369 331.819 589.247 887.881 1181.67 1472.45
12.9805 332.819 591.247 890.874 1185.67 1477.41
12.9805 333.923 593.208 893.874  1189.6 1482.41
12.9805 335.032 595.208 896.842  1193.6 1487.33
13.0238 336.032 597.208 899.835  1197.6  1492.3
13.0238 337.032 599.208 902.843 1201.61 1497.29
13.0238 338.032 601.206 905.853 1205.61 1502.28
13.0238 339.032 603.201 908.859 1209.61 1507.28
13.0647 340.097 605.095 911.859 1213.61 1512.28
13.0647   341.2 607.095 914.817 1217.54 1517.28
13.1075   342.2 609.095 917.811 1221.54 1522.24
13.1075 343.302 611.057 920.811 1225.48 1527.24
13.1492 344.396 613.057 923.811 1229.48 1532.11
13.1492 345.396 615.052 926.816 1233.48 1537.11
13.1492 346.499 617.052 929.775 1237.42 1542.11
13.1492 347.499 619.052 932.783 1241.42  1547.1
13.1492 348.596 621.008  935.73 1245.42  1552.1
13.1492 349.596 623.006  938.73 1249.43 1557.09
13.1492 350.702 625.006 941.699 1253.43 1562.02
13.1909 351.702 626.988 944.699  1257.4 1567.02
13.1909 352.799 628.944 947.646  1261.4 1572.02
13.1909 353.799 630.942 950.646 1265.41 1577.01
13.1909   354.9 632.905 953.646 1269.35 1582.01
13.1909   355.9 634.903 956.656 1273.35    1587
13.1909 357.001 636.903 959.615 1277.29    1592
13.2313 358.093 638.903 962.615 1281.29 1596.87
13.2313 359.093   640.9 965.625 1285.29 1601.86
13.2722 360.093 642.883 968.625 1289.26 1606.86
13.2722 361.093 644.878  971.63 1293.26 1611.86
 13.313 362.093 646.878 974.616 1297.24 1616.86
 13.313 363.192 648.878 977.576 1301.18 1621.86
 13.353 364.283 650.878 980.576 1305.18 1626.73
13.3926 365.365 652.878 983.576 1309.06 1631.73
13.4334 366.365 654.878 986.576 1313.04  1636.7
13.4334 367.365 656.875 989.585 1317.04  1641.7
13.4334 368.365 658.875 992.593 1321.05 1646.69
13.4738 369.365 660.875 995.579 1325.02 1651.69
13.5129 370.437 662.875 998.468 1329.02 1656.69
 13.552 371.509 664.875 1001.36 1333.02 1661.69
 13.552 372.509 666.873 1004.37 1337.02 1666.68
 13.552 373.606 668.837 1007.37 1340.96 1671.68
13.5915 374.695 670.837 1010.37 1344.96 1676.55
13.5915 375.695 672.835 1013.37 1348.96 1681.54
13.5915 376.798 674.835 1016.37 1352.92 1686.48
13.5915 377.896 676.835 1019.34 1356.86 1691.48
13.6301 378.967 678.835 1022.23 1360.86 1696.48
13.6301 379.967 680.831 1025.23 1364.86 1701.48
13.6301 380.967 682.831 1028.24 1368.86 1706.47
13.6301  382.06 684.789 1031.19 1372.86 1711.47
13.6697  383.06 686.789 1034.19 1376.85 1716.44
13.6697  384.16 688.761 1037.19 1380.85 1721.37
13.6697  385.26 690.761 1040.16 1384.85  1726.3
 13.709  386.26  692.75 1043.16 1388.85 1731.27
 13.709 387.355 694.715 1046.16 1392.79 1736.27
13.7481 388.355 696.695 1049.14 1396.79 1741.27
13.7872 389.355 698.675 1052.12 1400.79 1746.27
13.8251 390.426 700.675 1055.01 1404.79 1751.27
13.8251 391.526 702.675 1058.01 1408.75 1756.21
13.8251 392.621  704.64 1061.01 1412.69 1761.21
13.8251 393.621 706.638 1064.01  1416.7 1766.21
 13.864 394.621 708.638    1067  1420.7 1771.17
13.9027 395.621 710.618 1069.99  1424.7 1776.17
13.9027 396.621 712.617 1072.99 1428.71 1781.17
13.9027 397.621 714.615 1075.99 1432.71 1786.16
13.9027 398.719 716.587 1078.99 1436.71 1791.09
13.9027 399.818 718.587 1081.99 1440.67 1796.03
13.9399 400.888 720.587 1084.89 1444.67 1801.03
13.9399 401.982 722.587 1087.85 1448.61 1806.03
13.9399 402.982 724.582 1090.85 1452.61 1811.03
 13.978 403.982 726.563 1093.83 1456.61 1816.03
 13.978 405.075 728.529 1096.83 1460.55 1821.03
 13.978 406.172 730.501 1099.83 1464.55 1825.96
14.0159 407.172 732.485 1102.83 1468.53 1830.96
 14.054 408.172 734.485 1105.83 1472.52 1835.94
 14.092 409.172  736.47 1108.83  1476.5 1840.94
  14.13 410.172  738.47 1111.83  1480.5  1845.9
14.1673 411.256  740.47 1114.83  1484.5 1850.78
14.1673 412.256  742.47 1117.83  1488.5 1855.77
14.1673 413.351 744.443 1120.83  1492.5  1860.7
14.2042 414.428 746.443 1123.83 1496.39  1865.7
14.2414 415.512 748.443 1126.83 1500.39 1870.58
14.2793 416.512 750.443 1129.83 1504.38 1875.56
14.2793 417.604 752.443  1132.8 1508.32 1880.56
14.2793 418.604 754.443  1135.8 1512.32 1885.55
 14.316  419.68 756.443  1138.8 1516.21 1890.55
 14.316  420.68 758.441  1141.8 1520.22 1895.54
14.3523 421.747 760.441  1144.7 1524.22 1900.54
14.3523 422.747 762.439 1147.71 1528.22 1905.54
14.3523 423.747 764.439 1150.71 1532.22 1910.53
14.3523 424.838 766.439 1153.68 1536.17 1915.53
14.3523 425.929 768.406 1156.68 1540.11 1920.53
14.3879 426.986 770.314 1159.68 1544.11 1925.53
14.3879 427.986 772.312 1162.68 1548.11 1930.52
14.3879 428.986  774.31 1165.68 1552.11 1935.52
14.3879 430.076 776.277 1168.68 1556.06 1940.52
14.4248 431.076 778.267 1171.68 1560.06 1945.49
14.4248 432.169  780.24 1174.68 1564.06 1950.42
14.4248 433.169  782.24 1177.69 1568.06 1955.42
14.4248 434.169 784.238  1180.7 1572.06 1960.41
14.4248 435.169 786.234  1183.7 1576.06 1965.41
14.4248 436.261 788.234 1186.67 1580.06 1970.35
14.4603 437.336 790.234 1189.67 1583.95 1975.35
14.4603 438.336 792.232 1192.67 1587.96 1980.34
14.4603  439.43 794.232 1195.67 1591.92 1985.28
14.4959  440.51 796.232 1198.67 1595.92 1990.17
14.4959 441.599   798.2 1201.67 1599.86 1995.17
14.4959 442.693   800.2 1204.67 1603.83 2000.11
14.4959 443.785   802.2 1207.65 1607.83 2005.05
14.4959 444.874 804.168 1210.65 1611.77 2010.05
14.4959 445.874 806.168 1213.65 1615.77 2015.04
14.5315 446.874 808.168 1216.64 1619.75 2020.04
14.5315 447.967 810.168 1219.64 1623.71 2024.98
14.5315 449.056 812.168 1222.61 1627.66 2029.98
14.5315 450.144 814.135 1225.61  1631.6 2034.98
14.5315 451.144 816.133 1228.61  1635.6 2039.97
14.5315 452.144 818.131 1231.62  1639.6 2044.97
14.5315 453.237 820.131 1234.62 1643.57 2049.91
14.5315 454.329 822.131 1237.59 1647.57 2054.85
14.5667 455.329 824.131 1240.59 1651.57 2059.82
14.6017 456.329 826.113 1243.57 1655.57 2064.82
14.6369 457.329 828.113 1246.57 1659.56 2069.79
14.6369 458.416 830.082 1249.57  1663.5 2074.79
14.6369 459.506 832.082 1252.54  1667.5 2079.73
14.6369 460.594 834.082 1255.51 1671.45 2084.73
14.6369 461.686 836.082 1258.51 1675.41 2089.67
14.6369 462.779 838.082 1261.51 1679.38 2094.62
14.6369 463.866  840.05 1264.51 1683.32 2099.62
14.6716 464.866  842.05  1267.5 1687.32 2104.59
14.7049 465.921 843.962  1270.5 1691.32 2109.59
14.7395 466.921 845.947  1273.5  1695.3 2114.59
14.7395 468.013 847.947  1276.5 1699.26 2119.53
14.7741 469.013 849.938  1279.5 1703.26 2124.51
14.8087 470.013 851.938  1282.5 1707.25 2129.48
14.8432 471.013 853.938 1285.49 1711.23 2134.48
14.8776 472.013  855.92 1288.47 1715.23 2139.48
14.8776 473.098 857.888 1291.47 1719.18 2144.48
14.8776 474.098 859.887 1294.47 1723.18 2149.48
14.8776 475.098 861.883 1297.48 1727.18 2154.48
 14.912 476.098 863.873 1300.48 1731.18 2159.46
14.9462 477.098 865.873 1303.47 1735.16 2164.46
14.9462 478.187 867.848 1306.47 1739.16 2169.39
14.9804 479.187 869.834 1309.47 1743.14 2174.39
15.0134 480.241 871.747 1312.47 1747.14 2179.39
15.0134 481.326 873.747 1315.43 1751.09 2184.39
15.0134 482.411 875.716 1318.43 1755.03 2189.39
15.0474 483.411 877.716 1321.42 1759.01 2194.39
15.0474 484.498 879.691 1324.42 1763.01 2199.33
15.0474 485.586 881.666 1327.42 1767.01 2204.27
15.0474 486.586 883.666 1330.43 1771.01 2209.26
15.0805 487.656 885.666 1333.43 1774.91 2214.26
15.1136 488.727 887.666 1336.43 1778.81 2219.26
15.1474 489.727 889.648 1339.41 1782.81 2224.26
15.1474 490.727 891.648 1342.42 1786.81 2229.25
15.1474 491.814 893.623 1345.42 1790.81 2234.19
15.1474 492.898 895.623 1348.38 1794.76 2239.19
15.1474 493.979 897.587 1351.34 1798.76 2244.19
15.1797 495.032 899.501 1354.34 1802.76 2249.19
15.1797 496.117 901.501 1357.31 1806.71 2254.19
15.1797 497.204 903.476 1360.31 1810.71 2259.13
15.1797 498.287 905.445 1363.31 1814.65 2264.13
15.1797 499.287 907.441 1366.31 1818.65 2269.13
15.1797 500.372 909.441 1369.28  1822.6 2274.13
15.2116 501.425 911.356 1372.28  1826.6 2279.13
15.2449 502.425 913.356 1375.28 1830.59 2284.11
15.2449 503.505 915.319 1378.24 1834.59 2289.11
15.2449 504.505 917.315 1381.24 1838.59 2294.11
15.2779 505.505 919.315 1384.23 1842.59 2299.08
15.3102 506.575 921.315 1387.23 1846.49 2304.08
15.3427  507.65 923.315 1390.23 1850.49 2308.97
15.3427 508.736 925.315 1393.21 1854.49 2313.91
15.3757 509.736 927.315 1396.21 1858.48 2318.89
15.4087 510.736 929.315 1399.21 1862.47 2323.87
15.4417 511.736 931.315  1402.2 1866.44 2328.87
15.4746 512.736 933.301  1405.2 1870.43 2333.87
15.5075 513.736 935.301 1408.19  1874.4 2338.87
15.5393 514.789 937.217 1411.19  1878.4 2343.87
15.5393 515.789 939.212 1414.19  1882.4 2348.87
15.5393 516.789  941.21  1417.2  1886.4 2353.86
15.5393 517.873  943.21 1420.17  1890.4  2358.8
15.5711 518.934  945.21 1423.08  1894.4  2363.8
15.6027 519.986 947.126 1426.08  1898.4  2368.8
15.6027 521.067 949.096 1429.08 1902.35  2373.8
15.6027 522.067 951.096 1432.09 1906.35 2378.79
15.6353 523.067 953.096 1435.08 1910.35 2383.77
15.6674 524.141 955.096 1438.08 1914.35 2388.66
15.6991 525.201 957.096 1440.99 1918.35 2393.66
15.6991 526.279  959.06 1443.95 1922.35 2398.66
15.7307 527.339  961.06 1446.85 1926.35 2403.66
15.7307  528.42  963.03 1449.85  1930.3 2408.66
15.7625 529.488  965.03 1452.85  1934.2 2413.66
15.7949 530.488  967.03 1455.84 1938.18 2418.66
15.8262 531.539 968.948 1458.84 1942.18 2423.66
15.8262 532.625 970.948 1461.84 1946.15 2428.61
15.8586 533.625 972.948 1464.84 1950.15 2433.58
 15.891 534.625 974.934 1467.84 1954.13 2438.58
15.9234 535.625  976.92 1470.84 1958.11 2443.58
15.9557 536.625  978.92 1473.83 1962.09 2448.58
15.9557 537.708  980.92  1476.8 1966.09 2453.53
15.9557 538.791 982.896  1479.8 1970.09 2458.47
 15.988 539.791 984.896 1482.79 1974.09 2463.44
 15.988 540.868 986.861 1485.75 1978.09 2468.44
 15.988 541.868 988.858 1488.76 1982.09 2473.44
16.0197  542.94 990.858 1491.76 1986.09 2478.33
16.0197 544.017 992.823 1494.72 1990.09 2483.33
16.0517 545.017 994.809 1497.72 1994.07 2488.33
16.0517 546.099 996.785 1500.72 1998.07 2493.28
16.0517 547.099 998.785 1503.72 2002.07 2498.27
16.0837 548.099 1000.78 1506.72 2006.07 2503.24
16.0837 549.099 1002.78 1509.72 2010.08 2508.24
16.1155 550.099 1004.78 1512.71 2014.06 2513.24
16.1474 551.099 1006.78 1515.71 2018.05 2518.22
16.1474 552.181 1008.78 1518.68 2022.05 2523.16
16.1474 553.181 1010.78 1521.68 2026.05 2528.16
16.1474 554.181 1012.78 1524.68 2030.06 2533.16
16.1474 555.181 1014.78 1527.69 2034.06 2538.15
 16.179 556.181 1016.76 1530.67 2038.06 2543.15
 16.179 557.181 1018.76 1533.68 2042.06 2548.14
16.2105 558.181 1020.76 1536.67 2046.04 2553.14
16.2416 559.252 1022.76 1539.67 2050.04 2558.04
16.2721 560.302 1024.68 1542.67 2054.04 2563.04
16.2721 561.302 1026.68 1545.67 2058.04 2568.03
16.2721 562.302 1028.68 1548.68 2062.04 2573.03
16.3035 563.302 1030.68 1551.67 2066.02 2578.03
16.3035 564.302 1032.68 1554.67 2070.02 2583.03
16.3035 565.302 1034.67 1557.68 2074.02 2588.02
16.3035 566.302 1036.67 1560.68 2078.02 2593.02
16.3347 567.302 1038.65 1563.67 2082.02 2598.02
16.3653 568.366 1040.65 1566.67 2085.93 2603.02
16.3653 569.445 1042.63 1569.67 2089.93 2607.97
16.3653 570.525 1044.63 1572.64 2093.93 2612.91
 16.396 571.595 1046.63 1575.64 2097.93 2617.81
 16.396 572.672 1048.63 1578.61 2101.88 2622.81
 16.396 573.672 1050.63 1581.62 2105.88 2627.81
16.4271 574.672 1052.62 1584.62 2109.88 2632.79
 16.458 575.672  1054.6  1587.6 2113.88 2637.79
 16.458 576.672  1056.6 1590.61 2117.88 2642.78
 16.489 577.672  1058.6  1593.6 2121.88 2647.76
  16.52 578.672 1060.58  1596.6 2125.86 2652.76
 16.551 579.672 1062.57  1599.6 2129.86 2657.74
 16.551 580.672 1064.57  1602.6 2133.87 2662.74
 16.551 581.672 1066.57 1605.61 2137.87 2667.74
16.5818 582.672 1068.55 1608.61 2141.85 2672.74
16.5818 583.744 1070.52 1611.57 2145.85 2677.74
16.5818 584.817 1072.49 1614.53 2149.85 2682.74
16.5818 585.889 1074.45 1617.49 2153.85 2687.74
16.5818 586.965 1076.43 1620.49  2157.8 2692.74
16.6123 587.965 1078.41 1623.48  2161.8 2697.74
 16.642 589.013 1080.33 1626.48  2165.8 2702.74
 16.642 590.013 1082.33 1629.48 2169.81 2707.73
16.6725 591.013 1084.31 1632.46 2173.81 2712.73
16.6725 592.088 1086.31 1635.43 2177.76 2717.73
16.6725  593.16 1088.28 1638.39 2181.76 2722.73
16.7029  594.16 1090.27 1641.39 2185.74 2727.73
16.7328 595.222 1092.27 1644.39 2189.65 2732.73
16.7626 596.285 1094.27 1647.39 2193.56 2737.73
16.7923  597.34 1096.27 1650.31 2197.56 2742.73
16.7923 598.417 1098.24 1653.31 2201.56 2747.68
16.7923 599.417 1100.24 1656.31 2205.56 2752.68
16.7923 600.417 1102.24 1659.32 2209.56 2757.68
16.8225 601.417 1104.24 1662.31 2213.54 2762.68
16.8527 602.417 1106.22 1665.29 2217.54 2767.68
16.8527 603.491 1108.19 1668.29 2221.49 2772.68
16.8829 604.491 1110.19 1671.28 2225.48 2777.68
16.8829 605.562 1112.16 1674.25 2229.48 2782.68
16.8829 606.562 1114.16 1677.25 2233.48 2787.67
16.8829 607.639 1116.16 1680.23 2237.48 2792.62
 16.913 608.639 1118.14 1683.21 2241.48 2797.62
 16.943 609.639 1120.12  1686.2 2245.48 2802.62
16.9731 610.639 1122.11  1689.2 2249.48  2807.6
17.0031 611.639 1124.11 1692.19 2253.46  2812.6
17.0031 612.716 1126.11 1695.19 2257.43 2817.55
17.0031 613.716 1128.11 1698.19 2261.43 2822.55
17.0031 614.793 1130.11 1701.19  2265.4  2827.5
17.0031  615.87 1132.11 1704.19 2269.36 2832.45
17.0329  616.87  1134.1 1707.18 2273.36 2837.45
 17.062 617.924  1136.1  1710.1 2277.36 2842.45
 17.062 618.924  1138.1  1713.1 2281.37 2847.45
 17.091 619.978  1140.1 1716.01 2285.37 2852.45
 17.091 621.053 1142.07 1719.01 2289.37  2857.4
 17.091 622.053 1144.07 1722.01 2293.37  2862.4
17.1207 623.053 1146.06 1725.01 2297.36  2867.4
17.1497 624.107 1148.06 1727.93 2301.36  2872.4
17.1794 625.107 1150.06 1730.93 2305.36 2877.37
17.2091 626.107 1152.06 1733.93 2309.35 2882.35
17.2388 627.107 1154.06 1736.92 2313.35 2887.33
17.2388 628.107 1156.05 1739.92 2317.35 2892.33
17.2685 629.107 1158.04 1742.92 2321.35 2897.31
17.2981 630.107 1160.04 1745.91 2325.33 2902.31
17.3278 631.107 1162.03 1748.91 2329.33 2907.29
17.3575 632.107 1164.02 1751.91 2333.33 2912.27
17.3872 633.107 1166.02 1754.91 2337.33 2917.25
17.3872 634.178    1168 1757.91 2341.28 2922.25
17.4167 635.178 1169.98 1760.89 2345.28 2927.25
17.4167 636.252 1171.96 1763.89 2349.28  2932.2
17.4167 637.252 1173.96  1766.9 2353.28  2937.2
17.4167 638.252 1175.96  1769.9 2357.29 2942.19
17.4462 639.252 1177.96  1772.9 2361.28 2947.17
17.4747 640.297 1179.88  1775.9 2365.28 2952.17
17.5041 641.297 1181.88 1778.89 2369.26 2957.17
17.5335 642.297 1183.87 1781.88 2373.26 2962.17
17.5335 643.368 1185.87 1784.85 2377.21 2967.17
17.5335 644.437 1187.83 1787.81 2381.21 2972.17
17.5629 645.437 1189.83 1790.81 2385.21 2977.15
17.5913 646.482 1191.75 1793.81 2389.21 2982.15
17.5913  647.55 1193.72 1796.77 2393.21 2987.15
17.5913  648.62 1195.72 1799.75 2397.17 2992.15
17.6206  649.62 1197.71 1802.75 2401.16 2997.15
17.6498  650.62  1199.7 1805.75 2405.16 3002.13
17.6791  651.62  1201.7 1808.74 2409.16 3007.11
17.6791 652.693  1203.7 1811.72 2413.16 3012.06
17.7076 653.745  1205.7 1814.64 2417.16 3017.06
17.7363 654.803  1207.7 1817.64 2421.07 3022.06
17.7654 655.803 1209.68 1820.62 2425.07 3027.06
17.7654 656.803 1211.68 1823.63 2429.07 3032.05
17.7654 657.876 1213.68  1826.6 2433.07    3037
17.7945 658.876 1215.68 1829.59 2437.05    3042
17.7945 659.876 1217.68 1832.59 2441.06    3047
17.8226  660.92 1219.61 1835.59 2445.06    3052
17.8226 661.992 1221.58 1838.59 2449.06 3056.95
17.8226 663.062 1223.56 1841.59 2453.01 3061.95
17.8516 664.062 1225.55 1844.59 2457.01 3066.93
17.8806 665.062 1227.55 1847.59 2461.01 3071.91
17.9095 666.062 1229.55 1850.58 2464.99 3076.91
17.9385 667.062 1231.54 1853.58 2468.99 3081.89
17.9385 668.131 1233.51 1856.58 2472.95 3086.89
17.9675 669.131  1235.5 1859.58 2476.95 3091.87
17.9964 670.131 1237.49 1862.58 2480.94 3096.87
18.0253 671.131 1239.49 1865.58 2484.93 3101.85
18.0253   672.2 1241.49 1868.55 2488.88 3106.85
18.0538 673.262 1243.49 1871.55 2492.88 3111.76
18.0826 674.262 1245.49 1874.54 2496.87 3116.76
18.0826 675.262 1247.49 1877.54 2500.87 3121.76
18.0826 676.262 1249.48 1880.54 2504.87 3126.76
18.1107 677.313 1251.48 1883.46 2508.87 3131.76
18.1107 678.379 1253.45 1886.43 2512.87 3136.76
18.1107 679.447 1255.45  1889.4 2516.83 3141.76
18.1394 680.447 1257.44  1892.4 2520.83 3146.74
18.1681 681.447 1259.43  1895.4 2524.83 3151.72
18.1681 682.519 1261.43  1898.4  2528.8 3156.68
18.1681 683.519 1263.43  1901.4  2532.8 3161.67
18.1681 684.587 1265.41  1904.4 2536.76 3166.67
18.1681 685.587 1267.41 1907.41 2540.76 3171.67
18.1681 686.657 1269.38 1910.41 2544.76 3176.62
18.1961 687.714 1271.38 1913.41 2548.68 3181.62
18.1961 688.784 1273.36 1916.41 2552.68 3186.57
18.1961 689.856 1275.36 1919.41 2556.65 3191.53
18.2244 690.856 1277.36  1922.4 2560.63 3196.53
18.2244 691.927 1279.36  1925.4  2564.6 3201.49
18.2519 692.971 1281.29  1928.4  2568.6 3206.49
18.2803 693.971 1283.29 1931.39  2572.6 3211.47
18.3081 695.027 1285.29 1934.39 2576.52 3216.47
18.3081 696.027 1287.29  1937.4 2580.52 3221.47
 18.336 697.088 1289.29  1940.4 2584.52 3226.38
 18.336 698.155 1291.26  1943.4 2588.48 3231.38
18.3642 699.155 1293.26 1946.38 2592.46 3236.38
18.3924 700.155 1295.26 1949.37 2596.44 3241.38
18.3924 701.155 1297.26 1952.38 2600.44 3246.37
18.4201 702.211 1299.26 1955.38 2604.36 3251.37
18.4201 703.281 1301.24 1958.38 2608.36 3256.33
18.4201 704.346 1303.21 1961.35 2612.36 3261.33
18.4201 705.346  1305.2 1964.35 2616.36 3266.33
18.4201 706.346  1307.2 1967.35 2620.36 3271.32
18.4201 707.415  1309.2 1970.33 2624.36 3276.28
18.4473 708.458 1311.13 1973.33 2628.36 3281.28
18.4753 709.458 1313.13 1976.32 2632.36 3286.25
18.5032 710.458 1315.12 1979.32 2636.34 3291.25
18.5032 711.525 1317.09 1982.32  2640.3 3296.25
18.5032 712.525 1319.09 1985.32  2644.3 3301.25
18.5305 713.574 1321.09 1988.25  2648.3 3306.25
18.5305 714.643 1323.07 1991.25  2652.3  3311.2
18.5583 715.643 1325.07 1994.24  2656.3 3316.18
18.5854 716.685    1327 1997.24  2660.3 3321.18
18.5854 717.685    1329 2000.24 2664.31 3326.18
18.6124 718.728 1330.93 2003.24 2668.31 3331.18
18.6124 719.794  1332.9 2006.24 2672.27 3336.18
18.6124 720.864  1334.9 2009.24 2676.24 3341.14
18.6124 721.934  1336.9 2012.24 2680.21  3346.1
18.6124 722.934  1338.9 2015.25 2684.21 3351.09
  18.64 723.934  1340.9 2018.24 2688.19 3356.09
18.6673 724.994  1342.9 2021.24 2692.19 3361.01
18.6673 726.063  1344.9 2024.24 2696.17 3365.97
18.6948 727.063 1346.89 2027.23 2700.17 3370.97
18.7224 728.063 1348.87 2030.21 2704.17 3375.97
18.7492 729.105  1350.8 2033.21 2708.17 3380.97
18.7492 730.169 1352.77 2036.18 2712.17 3385.97
18.7762 731.224 1354.77 2039.18 2716.08 3390.97
18.7762 732.224 1356.77 2042.18 2720.08 3395.96
18.8038 733.224 1358.77 2045.18 2724.07 3400.94
18.8313 734.224 1360.76 2048.17 2728.07 3405.94
18.8583 735.278 1362.76 2051.17 2731.99 3410.94
18.8858 736.278 1364.76 2054.16 2735.99 3415.92
18.8858 737.347 1366.76 2057.16 2739.97 3420.88
18.9128 738.402 1368.76 2060.16 2743.88 3425.88
18.9399 739.456 1370.76 2063.16  2747.8 3430.88
18.9673 740.456 1372.76 2066.16  2751.8 3435.86
18.9673 741.456 1374.76 2069.16  2755.8 3440.85
18.9948 742.456 1376.76 2072.16  2759.8 3445.83
19.0222 743.456 1378.75 2075.16 2763.79 3450.83
19.0492  744.51 1380.75 2078.16 2767.71 3455.83
19.0492  745.51 1382.74 2081.16 2771.71 3460.83
 19.076 746.558 1384.74 2084.08 2775.71 3465.83
 19.076 747.623 1386.72 2087.08 2779.67 3470.83
 19.076 748.692 1388.72 2090.08 2783.64 3475.79
19.1028 749.746 1390.72 2093.08 2787.56 3480.79
19.1028 750.746 1392.71 2096.09 2791.56 3485.79
19.1028 751.813 1394.69 2099.09 2795.56 3490.74
19.1028 752.877 1396.67 2102.09 2799.52 3495.74
19.1028 753.877 1398.67 2105.09 2803.52 3500.74
19.1028 754.944 1400.67 2108.07 2807.52 3505.69
19.1028 755.944 1402.67 2111.08 2811.52 3510.69
19.1028 757.009 1404.64 2114.08 2815.48 3515.69
19.1299 758.009 1406.63 2117.08 2819.48 3520.67
19.1299 759.074 1408.63 2120.05 2823.44 3525.67
19.1569 760.074 1410.63 2123.05 2827.44 3530.65
19.1831 761.115 1412.57 2126.05 2831.44 3535.65
19.1831 762.115 1414.56 2129.05 2835.44 3540.65
19.2101 763.115 1416.55 2132.05 2839.42 3545.65
19.2101 764.179 1418.53 2135.05 2843.38 3550.65
19.2101 765.247 1420.53 2138.05 2847.36 3555.61
19.2367 766.305 1422.53 2141.05 2851.36 3560.52
19.2636 767.305 1424.53 2144.04 2855.36  3565.5
19.2636 768.372 1426.53 2147.04 2859.33 3570.46
19.2636 769.434  1428.5 2150.01 2863.33 3575.46
  19.29 770.492  1430.5 2153.01 2867.33 3580.38
  19.29 771.554 1432.47 2155.98 2871.33 3585.38
19.3168 772.554 1434.47 2158.97 2875.33 3590.36
19.3432 773.607 1436.47 2161.97 2879.25 3595.36
19.3699 774.607 1438.46 2164.97 2883.23 3600.36
19.3699 775.674 1440.46 2167.97 2887.21 3605.32
19.3961 776.722 1442.46  2170.9 2891.21 3610.32
19.4229 777.722 1444.46  2173.9  2895.2  3615.3
19.4229 778.786 1446.46 2176.87 2899.16  3620.3
19.4229 779.847 1448.43 2179.84 2903.16  3625.3
19.4491   780.9 1450.43 2182.84 2907.08  3630.3
19.4491 781.964 1452.41 2185.84 2911.04  3635.3
19.4491  783.03 1454.41 2188.82 2915.04 3640.26
19.4757  784.03 1456.39 2191.82 2919.02 3645.26
19.5018 785.083 1458.39 2194.82 2922.95 3650.26
19.5284 786.083 1460.39 2197.81 2926.95 3655.24
19.5284 787.144 1462.37 2200.78 2930.95 3660.24
19.5546 788.197 1464.37 2203.78 2934.87 3665.24
19.5546 789.258 1466.34 2206.75 2938.87 3670.24
19.5546 790.322 1468.31 2209.75 2942.83 3675.24
19.5806 791.375 1470.31 2212.75 2946.75 3680.24
19.6071 792.375 1472.31 2215.74 2950.73 3685.24
19.6071 793.439 1474.31 2218.71 2954.69 3690.24
 19.633 794.486 1476.31 2221.64 2958.69 3695.24
 19.633 795.486 1478.31 2224.65 2962.69 3700.23
 19.633 796.552 1480.31 2227.65 2966.66  3705.2
 19.633 797.616 1482.31 2230.62 2970.63  3710.2
 19.633 798.679 1484.29 2233.62 2974.59  3715.2
 19.633 799.746 1486.29 2236.62 2978.56 3720.16
 19.633 800.746 1488.29 2239.62 2982.56 3725.15
19.6592 801.746 1490.29 2242.62 2986.54 3730.15
19.6592 802.812 1492.29 2245.62 2990.51 3735.11
19.6851 803.869 1494.29 2248.62 2994.51 3740.03
19.7105  804.91 1496.22 2251.62 2998.51 3745.03
19.7362 805.956 1498.22 2254.54 3002.51 3750.03
19.7362  807.02 1500.22 2257.52 3006.48 3755.03
19.7618 808.066 1502.22 2260.45 3010.48 3760.03
19.7618 809.131  1504.2 2263.45 3014.48 3764.99
19.7618 810.197  1506.2 2266.45 3018.45 3769.95
19.7879 811.197 1508.19 2269.45 3022.43 3774.95
 19.814 812.197 1510.19 2272.44 3026.43 3779.93
19.8393 813.238 1512.12 2275.44 3030.43 3784.93
19.8654 814.238 1514.12 2278.43 3034.42 3789.93
19.8654 815.301  1516.1 2281.43 3038.38 3794.93
19.8915 816.301 1518.09 2284.43 3042.36 3799.93
19.9176 817.301 1520.09 2287.43 3046.35 3804.91
19.9176 818.361 1522.06  2290.4 3050.35 3809.91
19.9176 819.425 1524.04  2293.4 3054.35 3814.87
19.9176 820.425 1526.04  2296.4 3058.36 3819.87
19.9176 821.425 1528.04  2299.4 3062.36 3824.86
19.9431 822.477 1530.04  2302.4 3066.28 3829.86
19.9687 823.534 1532.04  2305.4 3070.28 3834.78
19.9687 824.598 1534.04 2308.38 3074.28 3839.74
19.9687 825.598 1536.03 2311.38 3078.28 3844.74
19.9687 826.664 1538.03 2314.38 3082.25  3849.7
19.9941 827.716 1540.03 2317.38 3086.18  3854.7
19.9941 828.716 1542.03 2320.38 3090.18  3859.7
20.0199 829.716 1544.03 2323.38 3094.17 3864.68
20.0457 830.716 1546.03 2326.38 3098.15 3869.68
20.0457 831.716 1548.03 2329.38 3102.15 3874.68
20.0457 832.716 1550.02 2332.38 3106.15 3879.68
 20.071 833.767 1552.02 2335.38 3110.08 3884.68
 20.071 834.831 1554.01 2338.38 3114.08 3889.64
20.0963 835.883 1556.01 2341.38    3118 3894.64
20.1216 836.934 1558.01 2344.38 3121.92 3899.64
20.1216 837.999 1560.01 2347.38 3125.89  3904.6
20.1472 838.999 1562.01 2350.37 3129.88  3909.6
20.1472 840.063 1564.01 2353.35 3133.88 3914.56
20.1472 841.127 1565.99 2356.35 3137.88 3919.51
20.1725 842.182 1567.99 2359.35 3141.88 3924.43
20.1977 843.234 1569.99 2362.35  3145.8 3929.43
20.2233 844.234 1571.99 2365.34 3149.78 3934.43
20.2489 845.234 1573.99 2368.34 3153.77 3939.42
20.2744 846.234 1575.97 2371.33 3157.77 3944.42
   20.3 847.234 1577.96 2374.33 3161.77  3949.4
   20.3 848.298 1579.96 2377.33 3165.75 3954.36
20.3256 849.298 1581.95 2380.32 3169.75 3959.36
20.3511 850.298 1583.94 2383.32 3173.73 3964.36
20.3767 851.298 1585.93 2386.32 3177.72 3969.36
20.3767 852.357  1587.9 2389.29 3181.72 3974.36
20.3767  853.42 1589.88 2392.29 3185.72 3979.32
20.3767 854.484 1591.88 2395.27 3189.72 3984.27
20.4021 855.484 1593.88 2398.26  3193.7 3989.27
20.4021 856.542 1595.85 2401.23  3197.7 3994.27
20.4021 857.542 1597.85 2404.23  3201.7 3999.27
20.4275 858.542 1599.84 2407.23 3205.69 4004.27
20.4275 859.605 1601.82 2410.23 3209.69 4009.23
20.4275 860.668 1603.82 2413.21 3213.69 4014.19
20.4275 861.731 1605.82 2416.19 3217.69 4019.14
20.4275 862.731 1607.82  2419.2 3221.69 4024.14
20.4525 863.786 1609.82  2422.2 3225.69 4029.06
20.4525 864.786 1611.82  2425.2 3229.69 4034.06
20.4771 865.825 1613.76  2428.2 3233.69 4039.06
20.4771 866.887 1615.74  2431.2 3237.69 4044.01
20.4771 867.887 1617.73  2434.2 3241.69 4049.01
20.5019 868.938 1619.73  2437.2 3245.61 4054.01
20.5271 869.938 1621.72  2440.2 3249.61    4059
20.5523 870.938 1623.72  2443.2  3253.6 4063.98
20.5523     872  1625.7  2446.2  3257.6 4068.94
20.5523     873  1627.7  2449.2  3261.6 4073.94
20.5774     874  1629.7  2452.2  3265.6 4078.92
20.5774 875.062 1631.68  2455.2  3269.6 4083.88
20.5774 876.123 1633.68 2458.18 3273.56 4088.88
20.5774 877.184 1635.68 2461.16 3277.52 4093.88
20.5774 878.184 1637.68 2464.16 3281.52 4098.88
20.5774 879.184 1639.68 2467.16 3285.52 4103.88
20.6023 880.184 1641.66 2470.15 3289.52 4108.88
 20.627 881.238 1643.66 2473.15 3293.52  4113.8
 20.652 882.238 1645.66 2476.14 3297.52 4118.78
20.6766 883.288 1647.66 2479.14 3301.45 4123.78
20.6766 884.288 1649.66 2482.15 3305.45 4128.78
20.7015 885.288 1651.66 2485.14 3309.45 4133.76
20.7261 886.338 1653.66 2488.14 3313.37 4138.76
20.7261 887.338 1655.66 2491.15 3317.37 4143.76
 20.751 888.338 1657.66 2494.14 3321.36 4148.76
20.7759 889.338 1659.66 2497.14 3325.35 4153.74
20.8008 890.338 1661.64 2500.13 3329.35 4158.74
20.8008 891.398 1663.64  2503.1 3333.31 4163.74
20.8008 892.398 1665.64 2506.11 3337.31 4168.74
20.8251 893.442 1667.64 2509.04 3341.31 4173.74
20.8499 894.442 1669.64 2512.03  3345.3 4178.74
20.8748 895.442 1671.63 2515.03 3349.28 4183.74
20.8748 896.442 1673.63 2518.03 3353.28 4188.74
20.8748 897.503 1675.63 2521.02 3357.28  4193.7
20.8748 898.564 1677.61 2524.02 3361.28 4198.66
20.8995 899.564 1679.59    2527 3365.28 4203.66
20.9239 900.618 1681.59    2530 3369.28 4208.58
20.9483 901.667 1683.59    2533 3373.21 4213.58
20.9483 902.667 1685.59 2536.01 3377.21 4218.58
20.9483 903.726 1687.57 2539.01 3381.17 4223.58
20.9724 904.764 1689.51 2542.01 3385.17 4228.58
 20.997 905.764 1691.49    2545 3389.17 4233.58
 20.997 906.764 1693.49    2548 3393.17 4238.58
 20.997 907.764 1695.49    2551 3397.17 4243.58
 20.997 908.823 1697.47    2554 3401.13 4248.58
 20.997 909.823 1699.46 2557.01 3405.13 4253.58
 20.997 910.823 1701.46 2560.01 3409.13 4258.58
 20.997 911.823 1703.46 2563.01 3413.13 4263.57
21.0209 912.861  1705.4 2566.01 3417.13 4268.57
21.0454 913.861 1707.38    2569 3421.13 4273.57
21.0694 914.904 1709.38 2571.94 3425.13 4278.57
21.0936 915.953 1711.38 2574.94 3429.06 4283.57
21.1178 917.002 1713.38 2577.94 3432.99 4288.57
21.1178 918.002 1715.38 2580.94 3436.99 4293.57
21.1423 919.002 1717.37 2583.94 3440.99 4298.56
21.1423 920.061 1719.37 2586.92 3444.95 4303.56
21.1667 921.061 1721.37 2589.91 3448.94 4308.56
21.1912 922.061 1723.37  2592.9 3452.94 4313.54
21.2154 923.113 1725.37  2595.9 3456.94 4318.46
21.2154 924.113 1727.37 2598.91 3460.94 4323.46
21.2393 925.156 1729.37 2601.84 3464.94 4328.46
21.2393 926.212 1731.34 2604.81 3468.94 4333.46
21.2393 927.271 1733.34 2607.79  3472.9 4338.46
21.2393 928.271 1735.34 2610.79  3476.9 4343.46
21.2393 929.271 1737.34 2613.79  3480.9 4348.46
21.2634 930.323 1739.34 2616.79  3484.9 4353.38
21.2877 931.323 1741.34 2619.79 3488.89 4358.37
21.2877 932.383 1743.34 2622.77 3492.89 4363.33
 21.312 933.383 1745.34 2625.77 3496.89 4368.31
 21.312 934.383 1747.34 2628.77 3500.89 4373.31
21.3359 935.431 1749.34 2631.77 3504.82 4378.31
21.3359 936.487 1751.31 2634.74 3508.82 4383.31
21.3601 937.487  1753.3 2637.73 3512.82 4388.31
21.3601 938.544 1755.28 2640.73 3516.78 4393.31
21.3601 939.603 1757.28 2643.71 3520.75 4398.31
21.3601 940.603 1759.27 2646.71 3524.75  4403.3
21.3601 941.603 1761.27 2649.71 3528.75  4408.3
21.3601 942.662 1763.27 2652.69 3532.75 4413.26
21.3842 943.662 1765.26 2655.69 3536.74 4418.26
21.4077 944.699  1767.2 2658.69 3540.74 4423.26
21.4319 945.699  1769.2 2661.69 3544.73 4428.25
 21.456 946.699  1771.2 2664.68 3548.71 4433.25
 21.456 947.758 1773.18 2667.68 3552.71 4438.21
 21.456 948.758 1775.18 2670.68 3556.72 4443.21
 21.456 949.758 1777.18 2673.68 3560.72 4448.21
  21.48 950.758 1779.17 2676.68  3564.7 4453.21
 21.504 951.758 1781.15 2679.67  3568.7 4458.21
 21.528 952.758 1783.14 2682.66  3572.7 4463.21
21.5516 953.806 1785.14 2685.66 3576.63 4468.21
21.5516 954.864 1787.14 2688.64 3580.63 4473.17
21.5756 955.864 1789.14 2691.63 3584.62 4478.17
21.5993 956.916 1791.14 2694.63 3588.62 4483.09
21.6231 957.967 1793.14 2697.63 3592.62 4488.02
21.6471 958.967 1795.13 2700.63 3596.62    4493
21.6471 960.022 1797.11 2703.61 3600.62    4498
21.6706 961.064 1799.11 2706.54 3604.62    4503
21.6706 962.064  1801.1 2709.54 3608.62    4508
21.6945 963.064  1803.1 2712.53  3612.6    4513
21.7185 964.064  1805.1 2715.53 3616.59 4517.99
21.7185 965.123  1807.1 2718.53 3620.57 4522.95
 21.742 966.171  1809.1 2721.53  3624.5 4527.95
 21.742 967.227 1811.08 2724.53 3628.46 4532.95
21.7655 968.269 1813.08 2727.47 3632.46 4537.95
21.7655 969.326 1815.06 2730.47 3636.43 4542.95
21.7655 970.326 1817.06 2733.47 3640.43 4547.95
21.7893 971.326 1819.06 2736.47 3644.42 4552.94
21.7893 972.385 1821.06 2739.47  3648.4 4557.91
21.7893  973.44 1823.03 2742.44  3652.4 4562.91
21.7893 974.497 1825.03 2745.41 3656.36 4567.91
21.7893 975.551 1827.01 2748.38 3660.36 4572.91
21.7893 976.551 1829.01 2751.38 3664.36 4577.91
 21.813 977.551 1831.01 2754.38 3668.35 4582.91
 21.813 978.551 1833.01 2757.38 3672.35  4587.9
21.8367 979.551    1835 2760.38 3676.35 4592.89
21.8367 980.608 1836.98 2763.38 3680.31 4597.89
21.8604 981.608 1838.97 2766.38  3684.3 4602.89
21.8604 982.664 1840.95 2769.38 3688.26 4607.89
21.8604  983.72 1842.92 2772.38 3692.23 4612.89
21.8604 984.777 1844.92 2775.36 3696.19 4617.89
21.8604 985.833  1846.9 2778.36 3700.16 4622.89
21.8839 986.833  1848.9 2781.36 3704.15 4627.87
21.8839 987.887 1850.88 2784.33 3708.15 4632.87
21.8839 988.887 1852.88 2787.33 3712.15 4637.87
21.8839 989.943 1854.85 2790.33 3716.12 4642.87
21.9071  990.99 1856.85 2793.33 3720.05 4647.87
21.9305  991.99 1858.85 2796.32 3724.03 4652.87
 21.954  992.99 1860.84 2799.32 3728.02 4657.87
21.9775  993.99 1862.84 2802.31 3732.02 4662.86
21.9775  994.99 1864.84 2805.31 3736.02 4667.86
 22.001  995.99 1866.84 2808.31 3740.01 4672.84
22.0244  996.99 1868.83 2811.31    3744 4677.84
22.0244 998.046 1870.83 2814.29 3747.96 4682.84
22.0474 999.088 1872.83 2817.23 3751.96 4687.84
22.0704 1000.13 1874.83 2820.16 3755.96 4692.84
22.0704 1001.13 1876.83 2823.17 3759.96 4697.84
22.0704 1002.13 1878.83 2826.17 3763.96 4702.84
22.0932 1003.16 1880.77 2829.17 3767.96 4707.84
22.1165 1004.16 1882.76 2832.16 3771.96 4712.84
22.1165 1005.22 1884.73 2835.13 3775.96 4717.84
22.1399 1006.22 1886.73 2838.12 3779.96 4722.82
22.1633 1007.22 1888.73 2841.12 3783.96 4727.81
22.1633 1008.22 1890.73 2844.12 3787.96  4732.8
22.1633 1009.22 1892.73 2847.13 3791.96  4737.8
22.1633 1010.22 1894.72 2850.13 3795.97  4742.8
22.1633 1011.28 1896.72 2853.13 3799.94 4747.77
22.1862 1012.32 1898.72 2856.13 3803.87 4752.77
22.1862 1013.38  1900.7  2859.1 3807.87 4757.77
22.2094 1014.38  1902.7  2862.1 3811.86 4762.76
22.2094 1015.43 1904.68  2865.1 3815.86 4767.72
22.2094 1016.49 1906.66  2868.1 3819.83 4772.72
22.2321 1017.52  1908.6  2871.1 3823.83 4777.72
22.2552 1018.52  1910.6 2874.09 3827.81 4782.72
22.2552 1019.52  1912.6 2877.09 3831.81 4787.72
22.2784 1020.52 1914.59 2880.09 3835.81  4792.7
22.3013 1021.57 1916.59 2883.09 3839.81 4797.63
22.3013 1022.63 1918.59 2886.07 3843.78 4802.63
22.3239 1023.66 1920.54 2889.07 3847.78 4807.63
22.3239 1024.72 1922.54 2892.07 3851.76  4812.6
22.3239 1025.78 1924.54 2895.07 3855.73 4817.56
22.3469 1026.78 1926.52 2898.06 3859.73 4822.56
22.3469 1027.83 1928.52 2901.06 3863.71 4827.53
22.3469 1028.89 1930.52 2904.06 3867.68  4832.5
22.3695 1029.93 1932.52    2907 3871.68  4837.5
 22.392 1030.97 1934.46    2910 3875.68  4842.5
 22.415 1031.97 1936.46 2912.99 3879.67  4847.5
 22.415 1033.02 1938.44 2915.96 3883.67  4852.5
 22.415 1034.02 1940.44 2918.96 3887.67  4857.5
 22.438 1035.02 1942.44 2921.96 3891.66 4862.48
 22.438 1036.02 1944.43 2924.97 3895.66 4867.48
22.4607 1037.07 1946.43 2927.97 3899.59 4872.48
22.4607 1038.07 1948.43 2930.97 3903.59 4877.48
22.4607 1039.12 1950.43 2933.97 3907.57 4882.45
22.4832 1040.16 1952.43 2936.91 3911.57 4887.45
22.5061 1041.16 1954.42 2939.91 3915.55 4892.45
22.5061 1042.22 1956.42 2942.88 3919.52 4897.45
 22.529 1043.22 1958.41 2945.88 3923.52 4902.43
22.5519 1044.22  1960.4 2948.88 3927.51 4907.43
22.5519 1045.28  1962.4 2951.88 3931.48  4912.4
22.5748 1046.28 1964.39 2954.88 3935.47  4917.4
22.5977 1047.28 1966.39 2957.88 3939.47 4922.39
22.5977 1048.33 1968.39 2960.88 3943.45 4927.35
22.6205 1049.33 1970.38 2963.88 3947.45 4932.34
22.6434 1050.33 1972.38 2966.88 3951.43 4937.34
22.6434 1051.39 1974.36 2969.88  3955.4 4942.34
22.6662 1052.39 1976.35 2972.88 3959.38 4947.34
22.6662 1053.44 1978.32 2975.85 3963.38 4952.34
22.6887 1054.48 1980.32 2978.85 3967.32 4957.34
22.7112 1055.53 1982.32 2981.85 3971.25 4962.34
22.7112 1056.59 1984.32 2984.85 3975.22 4967.31
22.7112 1057.59 1986.32 2987.85 3979.22 4972.31