2.66667       2 2.66667 2.66667       5       6
4.21505       3 4.21505 5.66667 7.90323      11
4.21505       4 6.21505 8.43428 11.7632 16.3724
5.38769       5 8.21505 11.4343 15.0357 20.9273
5.38769       6 10.2396 14.2522 19.0357 26.0847
6.32027       7 12.0121 17.2522 22.3307 31.0847
6.32027 8.20216 14.0121 20.2151 26.1657 36.0847
7.04804 9.14663 16.0121 22.5428 30.1657 41.0847
7.04804 10.2843 18.0121 25.5428 33.9178  46.195
7.64628 11.1572 19.5409 28.5428 37.9178  51.195
8.29226 12.0998 21.5409 30.9542 41.9178  56.195
8.29226 13.1977 23.5409 33.9542 45.7212 61.2937
8.29226 14.1977 25.5244 36.9542 49.5734 66.4581
8.85162 15.1554 27.5244 39.9542 53.5734  70.941
9.41097 16.1131 29.5244 42.9542 57.5734 75.4239
9.41097 17.1131 31.5244 45.8837 61.4999 80.5679
9.41097 18.2128 33.5244 48.8322 65.4518 85.5679
9.91653 19.1912 35.5244 51.8322 68.9679 90.5679
10.4137 20.1533 37.5244 54.8322 72.9679 95.1086
10.4137  21.224 39.5244 57.8322 76.8444 100.161
10.9065  22.224 41.3948 60.8322 80.4811 105.161
11.3998  23.224 43.3948 63.5832 84.4811 109.917
11.8909  24.224 45.2643 66.5832 88.1206 114.917
11.8909  25.224 47.2695 69.5832 92.0244 120.008
12.3628  26.224 49.1455 72.5832 95.6765 125.008
12.8237  27.224  50.978 75.2897 99.6765 130.008
12.8237  28.224 52.9672 78.2275 103.677 135.081
 13.233 29.1246 54.6574 81.2275 107.677 140.081
13.6767 30.1246 56.4901 83.9511 111.677 145.081
14.1279 31.1246  58.354 86.9511 115.361 150.081
14.1279 32.1246 60.3688 89.9533 119.344 155.081
14.5686 33.1246 62.3688 92.9533 123.067 159.918
14.9973 34.1246 64.2044 95.6889 127.067 164.918
15.4178 35.0812 66.2044 98.6889 131.067 169.541
15.8579 36.0812 68.2044 101.507 134.809 174.541
16.2968 37.0812 70.2044 104.507  138.54 179.371
16.7234 38.0812 72.0421 107.242  142.54 184.371
16.7234 39.0812 74.0285 110.242  146.47 189.455
17.1098 39.9843  75.739 113.242  150.47 194.455
 17.522 40.9474  77.739 116.242 154.094 199.455
17.9382 41.9474 79.5854 119.242 158.094 204.192
18.3592 42.9474 81.4535 122.242 161.805 209.192
18.7836 43.9474 83.4535 125.242 165.545 214.028
18.7836 44.9911 85.4354 128.217 169.545 219.028
19.1941 45.9911 87.4354 131.019 173.545 223.815
19.5854 46.9288 89.4354  133.69 177.545 228.815
19.5854 47.9752 91.4298  136.69 181.505 233.815
19.5854 48.9752 93.4145  139.69 185.445  238.89
19.9825 49.9752 95.4145  142.69 189.204 243.734
19.9825 50.9752 97.4009  145.69 193.143 248.808
19.9825  52.002 99.3628  148.69 197.143 253.819
19.9825 53.0418  101.35 151.663 201.143 258.819
20.3572 54.0418  103.35 154.663 204.915 263.673
20.3572 55.0418 105.337 157.663 208.856 268.744
20.7218 56.0418 107.337 160.487 212.856 273.556
21.0865 57.0418 109.226 163.487 216.603 278.556
21.4512 58.0418 111.116 166.487 220.349 283.556
21.4512 59.0418 113.096 169.453 224.349 288.609
 21.806 60.0418 114.967 172.453 228.349 293.384
 21.806 61.0673  116.93 175.453 232.349 298.394
 21.806 62.0928 118.894 178.453 236.349 303.405
 21.806 63.1343 120.888 181.453 240.313 308.405
 21.806 64.1758 122.882 184.453 244.277 313.405
22.1336 65.1399 124.882 187.453 248.277 318.114
22.4612  66.104 126.882 190.453 252.277 322.822
22.4612 67.1384 128.868 193.434 256.277 327.822
22.7859  68.109 130.868 196.434 259.982 332.822
23.1161  69.109 132.868  199.28 263.982 337.645
23.1161  70.109 134.857  202.28 267.936 342.702
 23.429  71.058 136.857 205.018 271.936 347.702
23.7569  72.058 138.857 208.018 275.741 352.568
23.7569  73.058 140.843 210.992 279.741 357.609
24.0732  74.058 142.718 213.801 283.741 362.609
24.3962  75.058 144.718  216.67 287.549 367.609
24.3962 76.0945 146.718 219.663  291.52 372.609
24.3962 77.1169 148.689 222.663  295.52 377.615
 24.711 78.1169 150.689 225.663 299.333 382.487
25.0182 79.0881 152.689 228.663 303.055 387.487
 25.326 80.0881 154.568 231.476 307.055 392.487
25.6312 81.0533 156.568 234.476 311.055 397.217
25.6312 82.0747 158.541 237.476 315.055 402.223
25.6312 83.0981 160.541 240.437 319.055 407.238
25.6312 84.1326 162.541 243.431 323.027 412.238
25.6312 85.1326 164.547 246.436 327.015 417.238
25.6312 86.1622 166.537 249.416 331.015 422.238
25.9233 87.1622 168.435 252.416 335.015 427.049
25.9233 88.1916 170.424 255.398 339.015 432.049
25.9233 89.2252 172.424 258.391 342.988 437.049
25.9233 90.2582  174.42 261.391 346.959 442.049
25.9233 91.2582 176.412 264.391  350.92 447.096
25.9233 92.2582 178.417 267.396  354.91 452.096
26.1997 93.2582  180.32 270.396  358.91 456.917
26.4797 94.2582  182.32 273.396 362.746   461.8
26.4797 95.2903 184.316 276.396 366.717   466.8
26.7565 96.2903 186.316 279.286 370.551   471.8
26.7565  97.313 188.316 282.252 374.551 476.811
27.0249 98.2888 190.316 285.252 378.307 481.811
27.2817  99.223 192.125 288.252 382.307 486.811
27.5486 100.194 194.125 291.252 386.307 491.574
27.5486 101.194 196.112 294.233 390.307 496.606
27.5486 102.213 198.088 297.233 394.307  501.61
27.5486 103.243 200.084 300.233 398.281  506.61
27.5486 104.243 202.071 303.215 402.281 511.641
27.5486 105.243 204.058 306.197 406.281 516.672
27.8031 106.216 206.058 309.197 410.281 521.445
27.8031 107.216 208.058 312.187 414.248 526.488
28.0598 108.216 210.058 315.069 418.248 531.349
28.0598 109.216 212.051 318.069 422.216 536.389
28.0598 110.236 214.051 321.039 426.216 541.398
28.0598 111.254 216.029 324.039 430.216 546.402
28.3095 112.254 217.951 327.039 434.044 551.402
28.5592 113.254 219.874 330.039 437.872 556.402
28.5592 114.273 221.851 333.039 441.872 561.406
28.8067 115.273 223.774 336.039 445.701 566.406
29.0514 116.273 225.675 338.894 449.701 571.406
29.2955  117.25 227.675 341.894  453.48 576.406
29.5396 118.227 229.675 344.894 457.259 581.406
29.5396 119.245 231.652 347.894 461.259 586.411
29.5396 120.272 233.652 350.892 465.234 591.411
29.5396   121.3 235.652  353.89 469.208 596.411
29.7737 122.261 237.652 356.694 473.208 601.411
30.0149 123.261 239.577 359.694 477.042 606.411
 30.256 124.261 241.577 362.583 481.042 611.281
 30.256  125.28 243.577 365.555 485.042 616.291
 30.256  126.28 245.569 368.555 489.009 621.331
 30.256 127.306 247.569 371.551 492.985 626.331
 30.256 128.306 249.557 374.535 496.985  631.36
 30.256 129.306  251.56 377.541 500.975  636.36
 30.256 130.323 253.539 380.541 504.975 641.365
30.4861 131.323 255.467 383.541 508.816 646.365
30.4861 132.344 257.467 386.541 512.772 651.389
30.4861  133.37 259.467 389.539 516.748 656.389
30.7065 134.334 261.467 392.355 520.748 661.389
30.7065  135.36 263.467 395.351 524.725 666.389
30.9326  136.36 265.467 398.262 528.588 671.389
30.9326  137.36 267.467 401.252 532.557  676.43
30.9326  138.36 269.456 404.235 536.557 681.459
31.1555  139.36 271.456 407.235 540.424  686.37
31.1555 140.378 273.456 410.208 544.424  691.38
31.3755 141.378 275.456 413.105 548.424 696.263
 31.593 142.358 277.456 416.105 552.226 701.263
31.8072 143.323 279.456 418.926 556.226 706.263
32.0283 144.323 281.456 421.838 560.093 711.263
32.0283 145.323 283.456 424.827 564.062 716.303
 32.248 146.323 285.456 427.827  567.93 721.216
 32.464 147.303 287.456 430.827 571.734 726.216
 32.464 148.318 289.437 433.827 575.734  731.22
32.6785 149.298 291.437 436.827 579.539  736.22
32.8898 150.263 293.437 439.651 583.539  741.22
33.1032 151.239 295.437 442.651 587.539 746.031
33.1032 152.255 297.437 445.624 591.539 751.042
33.3186 153.255 299.372 448.624 595.388 756.042
33.5352 154.255 301.372 451.624 599.258 760.956
33.7409 155.201  303.22 454.624 603.258 765.956
33.7409 156.224  305.22 457.624 607.236 770.956
33.7409 157.238 307.201 460.624 611.236  775.96
33.9512 158.218 309.201 463.624 615.045  780.96
33.9512 159.233 311.201 466.599 619.045 785.971
34.1634 160.233 313.201 469.516 622.916 790.971
34.3653  161.18 315.052 472.516 626.916 795.971
34.3653 162.198 317.052 475.516 630.873 800.996
34.5763 163.198 319.052 478.516 634.746 805.912
34.5763 164.212 321.052 481.491 638.746 810.923
34.7859 165.212 323.052  484.41 642.618 815.923
34.9933 166.212 324.979  487.41 646.618 820.789
35.2019 167.212 326.916  490.41 650.472 825.789
35.2019 168.212 328.916 493.402 654.441 830.827
35.4072 169.212 330.834 496.279 658.441 835.827
35.4072 170.229 332.834 499.279 662.399 840.852
35.4072 171.229 334.828 502.279 666.367 845.889
35.6069 172.196 336.828 505.113 670.367 850.889
35.8127 173.196 338.828 508.033 674.242 855.889
36.0176 174.196 340.766 511.033 678.099 860.889
36.2137 175.144 342.621 514.033 682.099 865.889
36.4194 176.144 344.621 516.952 685.974 870.889
36.6251 177.144 346.621 519.952 689.848 875.809
36.8279 178.144  348.54 522.831 693.848 880.809
37.0276  179.11  350.54 525.665 697.848 885.809
37.2321  180.11  352.54 528.568 701.848 890.701
37.4348  181.11 354.459 531.446 705.848 895.701
37.6344 182.076 356.459 534.281 709.848 900.701
37.6344 183.094 358.453 537.269 713.848 905.701
37.6344 184.094 360.457 540.273  717.84 910.701
37.6344 185.107 362.457 543.247  721.84 915.714
37.8274 186.056 364.315 546.247  725.84 920.714
38.0203 187.005 366.174 549.247  729.84 925.714
38.0203  188.02 368.174 552.247 733.801 930.738
38.0203 189.035 370.174 555.247 737.762 935.762
38.2147 190.002 372.174 558.086 741.762 940.762
38.2147 191.022 374.172 561.086 745.744 945.762
38.2147 192.022 376.172 564.075 749.717   950.8
38.4117 193.022  378.11 567.075 753.581   955.8
38.4117 194.042 380.108 570.075 757.563   960.8
38.4117 195.042 382.101 573.075 761.534 965.837
38.4117 196.054 384.101 576.049 765.534  970.85
38.6055 197.054 386.101 578.956 769.534 975.749
38.6055 198.074 388.101 581.953 773.517 980.749
38.6055 199.086 390.101 584.928 777.517 985.762
38.6055 200.106 392.099 587.928   781.5 990.762
38.7923 201.074 394.099 590.773   785.5 995.762
38.7923 202.094 396.097 593.773 789.482 1000.76
38.7923 203.105 398.079 596.773 793.482 1005.77
38.9823 204.105 400.079 599.696 797.369 1010.77
39.1723 205.105 402.079 602.619 801.256 1015.77
39.3589 206.082 404.079 605.619 805.256 1020.61
39.5454 207.058 406.079 608.619 809.256 1025.44
39.5454 208.078 408.079 611.615  813.24 1030.44
39.7318 209.058 410.079 614.615 817.073 1035.44
39.7318 210.078 412.079 617.612 821.057 1040.44
39.7318 211.097 414.079 620.609 825.041 1045.44
39.7318 212.109 416.079 623.585 829.041 1050.46
39.9148 213.086 418.079 626.585 833.041 1055.29
40.1012 214.086 420.079 629.509 836.929 1060.29
40.1012 215.086 422.079 632.499 840.904 1065.33
40.2866 216.086 424.079 635.424 844.793 1070.33
40.2866 217.106 426.079 638.421 848.777 1075.33
40.2866 218.106 428.083 641.424  852.77 1080.33
40.4657 219.075 430.083 644.276  856.77 1085.33
40.4657 220.075 432.077 647.276 860.743 1090.36
40.4657 221.091 434.072 650.264 864.743 1095.36
40.4657 222.091 436.072 653.254 868.718  1100.4
40.6448 223.091 438.002 656.145 872.718  1105.4
40.6448 224.102 439.986 659.145 876.718  1110.4
40.6448 225.112  441.97 662.145 880.718 1115.41
40.6448  226.13 443.968 665.145 884.701 1120.41
40.8206 227.108 445.968 668.145 888.701 1125.26
40.9979 228.108 447.905 671.145 892.701 1130.14
40.9979 229.118 449.889 674.145 896.701 1135.15
41.1735   230.1 451.889 677.145 900.544 1140.15
41.3444 231.055 453.763 680.145 904.544 1145.15
41.5208 232.055   455.7 683.145 908.544 1150.04
41.6964 233.036   457.7 686.145 912.387 1155.04
41.6964 234.054 459.698 689.145 916.371 1160.04
41.8736 235.054 461.698 692.145 920.264 1164.97
41.8736 236.054 463.702 695.148 924.257 1169.97
41.8736 237.071 465.701 698.148 928.241 1174.97
42.0472 238.071 467.632 701.043 932.241 1179.97
42.2229 239.071 469.632 703.972 936.136 1184.97
42.2229 240.084 471.632 706.972 940.103 1189.99
42.2229 241.095 473.632  709.95 944.103    1195
42.2229 242.111 475.626  712.94 948.103    1200
42.3964 243.111 477.626  715.87 951.999    1205
42.5685 244.111 479.565  718.87 955.999 1209.89
42.5685 245.124 481.565  721.87 959.966 1214.91
42.5685 246.124 483.568 724.873  963.96 1219.91
42.7406 247.124 485.568 727.873 967.856 1224.84
42.7406 248.124 487.571 730.876  971.85 1229.84
42.9105 249.124 489.511 733.876  975.85 1234.73
42.9105 250.135 491.511 736.854  979.85 1239.74
42.9105 251.146 493.511 739.832  983.85 1244.75
42.9105 252.146 495.514 742.836 987.843 1249.75
43.0799 253.146 497.514 745.767 991.742 1254.75
43.0799 254.163 499.512 748.767 995.726 1259.75
43.2479 255.163 501.461 751.767  999.61 1264.75
43.4145 256.146 503.461 754.767 1003.46 1269.75
43.4145 257.146 505.455 757.767 1007.44 1274.78
43.4145 258.146 507.447 760.753 1011.44  1279.8
43.4145 259.146 509.438 763.739 1015.44 1284.83
43.5749 260.103 511.321 766.739 1019.44 1289.83
43.7403 261.103 513.261 769.739 1023.44 1294.72
43.9007  262.06 515.143 772.739 1027.44 1299.72
44.0647  263.04 517.143 775.739 1031.44 1304.58
44.0647 264.056 519.143 778.736 1035.42 1309.58
44.0647 265.056 521.143 781.728  1039.4 1314.61
44.0647 266.056 523.145 784.732 1043.39 1319.61
44.0647 267.072 525.144 787.732 1047.38 1324.61
44.0647 268.083 527.144 790.711 1051.38 1329.62
44.0647 269.092 529.128 793.711 1055.38 1334.63
44.0647 270.101 531.113 796.711 1059.38 1339.63
44.2234 271.074 533.113  799.58 1063.38 1344.63
44.3844 272.074 535.055  802.58 1067.38 1349.53
44.5448 273.057 537.055  805.58 1071.24 1354.53
44.7065 274.057 539.004  808.58 1075.12 1359.53
44.7065 275.057 540.995 811.567 1079.12 1364.55
44.7065 276.067 542.995 814.547 1083.12 1369.56
44.7065 277.077 544.995 817.527 1087.12 1374.57
44.7065 278.088 546.995 820.527 1091.09 1379.59
44.7065 279.102  548.99 823.518 1095.09 1384.59
 44.864 280.086  550.99 826.518 1098.95 1389.59
 45.021 281.066  552.99 829.518 1102.95 1394.45
45.1786 282.049  554.99 832.518 1106.81 1399.45
45.3322 283.009 556.877 835.518 1110.81 1404.45
 45.491 284.009 558.827 838.518  1114.7 1409.45
 45.491 285.009 560.818 841.506  1118.7 1414.47
45.6492 286.009 562.769 844.506 1122.59 1419.47
45.6492 287.017 564.754 847.506 1126.59 1424.48
45.6492 288.029 566.754 850.506 1130.56  1429.5
45.6492 289.044 568.754 853.504 1134.55  1434.5
45.8052 290.044 570.697 856.504 1138.55  1439.4
45.9617 291.044 572.697  859.43 1142.55 1444.32
45.9617 292.054 574.697 862.411 1146.55 1449.33
46.1177 293.054 576.648 865.411 1150.44 1454.33
46.2725 294.037 578.648 868.411  1154.3 1459.33
46.2725 295.037 580.642 871.411 1158.28 1464.36
46.2725 296.037 582.644 874.416 1162.27 1469.36
46.2725 297.052 584.644 877.415 1166.26 1474.36
46.2725 298.068 586.644 880.413 1170.25 1479.36
46.4236 299.041 588.644 883.289 1174.25 1484.36
46.4236 300.041 590.646 886.293 1178.24 1489.36
46.4236 301.056 592.645 889.293 1182.23 1494.36
46.4236 302.056 594.639 892.293  1186.2 1499.38
46.5733  303.03 596.639  895.17  1190.2 1504.38
46.7262  304.03 598.639 898.109 1194.11 1509.38
46.7262 305.041 600.639 901.109 1198.08  1514.4
46.7262 306.056 602.637 904.109 1202.07  1519.4
46.8765  307.04 604.637 907.109 1205.93  1524.4
47.0232 308.001  606.53 910.109 1209.93  1529.4
47.1718 308.975  608.53 912.986 1213.93  1534.4
47.3237 309.975  610.53 915.986 1217.84 1539.34
47.3237 310.975 612.521 918.974 1221.84 1544.36
47.4729 311.956 614.521 921.974 1225.84 1549.23
47.6238 312.956 616.474 924.974 1229.74 1554.23
47.6238 313.964  618.46 927.974 1233.74 1559.24
47.6238 314.978 620.458 930.974 1237.73 1564.24
47.7692 315.939 622.352 933.974 1241.73 1569.24
47.7692 316.939 624.343 936.962 1245.73 1574.26
47.9191 317.939 626.343 939.962 1249.63  1579.2
47.9191 318.947 628.329 942.962 1253.63 1584.21
47.9191 319.955 630.314 945.962 1257.63 1589.21
47.9191  320.97 632.313 948.962 1261.62 1594.21
 48.066 321.954 634.313 951.962 1265.49 1599.21
 48.066 322.964 636.313 954.962 1269.46 1604.23
48.2135 323.964 638.313 957.892 1273.46 1609.16
48.2135 324.973 640.313 960.874 1277.46 1614.16
48.2135 325.981 642.298 963.874 1281.46 1619.17
48.2135 326.981   644.3 966.878 1285.46 1624.17
48.2135 327.981 646.295 969.878 1289.43  1629.2
48.3587 328.981 648.241 972.878 1293.43 1634.11
48.3587 329.981 650.236 975.878 1297.41 1639.13
48.5031 330.981 652.177 978.792 1301.41 1644.13
48.5031 331.995 654.176 981.792  1305.4 1649.13
48.5031 333.007  656.17 984.786  1309.4 1654.13
48.5031 334.007 658.172  987.79  1313.4 1659.13
48.5031 335.007 660.172 990.783 1317.38 1664.16
48.6426  335.97 662.069 993.783 1321.38 1669.16
48.6426 336.982 664.064 996.776 1325.38 1674.16
48.6426 337.994 666.058  999.77 1329.38 1679.16
48.6426 339.002 668.044 1002.77 1333.38 1684.17
48.7825 339.977 670.044 1005.65 1337.38 1689.17
48.7825 340.991 672.044 1008.65 1341.36 1694.17
48.7825 341.991 674.045 1011.66 1345.36 1699.17
48.9216 342.966 676.045 1014.54 1349.36 1704.17
 49.063 343.966 678.045 1017.48 1353.36 1709.09
49.2005  344.93 679.944 1020.48 1357.36 1714.09
49.2005 345.938 681.944 1023.46 1361.36  1719.1
49.2005 346.938 683.938 1026.46 1365.34 1724.13
49.3403 347.938 685.882 1029.37 1369.34 1729.13
49.4809 348.938 687.837 1032.37 1373.24 1734.13
49.4809 349.946 689.837 1035.36 1377.24 1739.14
49.6216 350.946 691.837  1038.3 1381.16 1744.14
49.7579 351.909 693.737  1041.3 1385.16 1749.14
49.8986 352.909 695.737 1044.24 1389.07 1754.14
50.0374 353.891 697.737 1047.24 1393.07 1759.02
50.1736 354.855 699.637 1050.24 1397.07 1764.02
50.3115  355.83 701.637 1053.13 1401.07 1769.02
50.3115 356.838 703.637 1056.11 1405.07 1774.03
50.3115 357.838 705.637 1059.11 1409.05 1779.05
50.4513 358.838 707.637 1062.11 1412.97    1784
50.4513 359.838 709.631 1065.11 1416.95 1789.02
50.5903 360.838 711.631 1068.04 1420.95 1793.95
50.7288 361.838 713.579 1071.04 1424.95 1798.86
50.8674 362.838 715.528 1074.04 1428.95 1803.78
51.0068 363.838 717.528 1077.04 1432.87 1808.72
51.1458 364.838 719.528 1079.97 1436.87 1813.65
51.2847 365.838 721.528 1082.91 1440.87 1818.57
51.2847 366.851 723.526 1085.91 1444.86 1823.57
51.2847 367.851 725.517  1088.9 1448.86 1828.59
51.4207 368.827 727.517 1091.78 1452.86 1833.59
51.5568 369.802 729.517 1094.67 1456.86 1838.59
51.6949 370.802 731.517 1097.61 1460.86 1843.52
51.8336 371.802 733.517 1100.55 1464.77 1848.52
51.8336 372.802 735.509 1103.54 1468.77 1853.54
51.9718 373.802 737.509 1106.54 1472.69 1858.49
51.9718 374.802 739.501 1109.53 1476.69  1863.5
51.9718 375.802 741.493 1112.52 1480.69 1868.52
51.9718  376.81 743.493  1115.5 1484.69 1873.53
52.1086  377.81 745.493 1118.43 1488.69 1878.46
52.1086 378.822 747.493 1121.43 1492.68 1883.46
52.2442 379.822 749.439 1124.35 1496.68 1888.46
52.3793 380.804 751.439 1127.35 1500.68 1893.35
52.5161 381.804 753.439 1130.29  1504.6 1898.35
52.5161 382.817 755.439 1133.29 1508.59 1903.35
52.6521 383.817 757.395 1136.29  1512.5 1908.35
52.6521 384.817 759.396 1139.29  1516.5 1913.35
52.6521 385.825 761.396 1142.28  1520.5 1918.36
52.6521 386.825 763.398 1145.28 1524.49 1923.36
52.6521 387.825 765.398 1148.27 1528.47 1928.38
52.6521 388.837 767.396 1151.27 1532.46 1933.38
52.6521 389.844 769.396 1154.25 1536.46 1938.39
52.6521 390.851 771.383 1157.25 1540.46  1943.4
52.7857 391.851  773.34 1160.25 1544.37  1948.4
52.9193 392.851 775.297 1163.25 1548.28  1953.4
52.9193 393.851 777.291 1166.25 1552.26 1958.42
53.0521 394.851 779.243 1169.25 1556.26 1963.34
53.0521 395.863  781.24 1172.25 1560.25 1968.34
53.0521 396.871  783.24 1175.24 1564.25 1973.35
53.0521 397.871 785.241 1178.24 1568.25 1978.35
53.1824 398.848 787.241 1181.13 1572.25 1983.35
53.1824 399.848 789.235 1184.13 1576.23 1988.37
53.3143 400.848 791.235 1187.07 1580.23  1993.3
53.4462 401.848 793.193 1190.07 1584.14  1998.3
53.4462 402.856 795.193 1193.07 1588.12 2003.32
53.4462 403.867 797.189 1196.06 1592.12 2008.32
53.4462 404.876 799.189 1199.06  1596.1 2013.33
53.5775 405.876 801.189 1202.01 1600.02 2018.33
53.5775 406.888 803.187 1205.01 1604.01 2023.33
53.7081 407.888 805.187 1207.95 1608.01 2028.26
53.7081 408.895 807.174 1210.95 1612.01 2033.27
 53.835 409.861 809.081 1213.95 1616.01 2038.27
53.9619 410.827 810.988 1216.95 1620.01 2043.27
54.0915 411.827 812.936 1219.87 1624.01 2048.27
54.2209 412.812 814.936 1222.87 1627.89 2053.27
54.3512 413.812 816.894 1225.87  1631.8 2058.27
54.3512 414.823 818.889 1228.86  1635.8 2063.27
54.3512  415.83 820.889 1231.85  1639.8 2068.28
54.3512 416.842 822.889 1234.84 1643.79 2073.28
54.4805 417.842 824.889 1237.78 1647.79 2078.21
54.6065 418.808 826.797 1240.78 1651.79 2083.21
54.7325 419.774 828.704 1243.78 1655.79 2088.21
54.7325 420.774 830.705 1246.79 1659.79 2093.21
54.7325 421.774 832.705 1249.78 1663.78 2098.23
54.8608 422.774 834.657 1252.78 1667.78 2103.15
54.8608 423.774 836.658 1255.78 1671.77 2108.15
54.9881 424.757 838.658 1258.78 1675.77 2113.04
54.9881 425.769 840.658 1261.78 1679.76 2118.04
54.9881 426.769 842.658 1264.77 1683.75 2123.07
55.1152 427.769 844.606  1267.7 1687.75 2128.07
55.1152 428.769   846.6  1270.7 1691.73 2133.09
55.1152 429.779 848.595 1273.69 1695.73 2138.09
55.2406 430.757 850.595 1276.59 1699.73 2143.09
 55.366 431.735 852.595 1279.48 1703.73 2148.09
 55.366 432.735 854.587 1282.47 1707.73 2153.11
 55.366 433.735 856.587 1285.48 1711.73 2158.11
 55.366 434.741 858.574 1288.48 1715.73 2163.12
 55.366 435.741 860.566 1291.46 1719.73 2168.13
55.4914 436.741 862.516 1294.39 1723.73 2173.13
55.6166 437.726 864.516 1297.39 1727.62 2178.13
55.6166 438.726 866.516 1300.39 1731.62 2183.13
55.6166 439.726 868.516 1303.39 1735.61 2188.13
55.6166 440.726 870.517  1306.4 1739.61 2193.13
55.6166 441.726 872.509 1309.39 1743.61 2198.15
55.6166 442.736 874.504 1312.38 1747.61 2203.15
55.7401  443.72 876.504 1315.38 1751.61 2208.05
55.7401 444.726 878.504 1318.36 1755.61 2213.06
55.8648 445.726 880.504 1321.36 1759.54    2218
55.8648 446.726 882.496 1324.35 1763.54 2223.02
55.9858 447.694 884.408 1327.35 1767.54 2228.02
56.1087 448.677 886.408 1330.35 1771.54 2232.92
56.1087 449.687 888.403 1333.35 1775.54 2237.92
56.1087 450.687 890.403 1336.35 1779.53 2242.92
56.2326 451.687 892.403  1339.3 1783.46 2247.92
56.2326 452.687 894.397  1342.3 1787.45 2252.94
56.3547 453.671 896.397  1345.3 1791.45 2257.83
56.3547 454.671 898.397 1348.29 1795.43 2262.86
56.3547 455.671 900.397 1351.29 1799.43 2267.86
56.4763 456.654 902.397 1354.29 1803.43 2272.75
 56.599 457.654 904.357 1357.29 1807.35 2277.75
 56.599 458.665 906.355 1360.29 1811.34 2282.75
56.7207 459.651 908.355 1363.29 1815.23 2287.75
56.7207  460.66  910.35 1366.29 1819.23 2292.75
56.8431  461.66  912.35 1369.29 1823.16  2297.7
56.9647  462.66 914.301 1372.22 1827.16  2302.7
56.9647 463.671 916.301 1375.21 1831.15  2307.7
57.0865 464.671 918.301 1378.16 1835.15 2312.64
57.0865 465.681 920.296 1381.15 1839.15 2317.64
57.0865 466.681  922.29 1384.15 1843.13 2322.66
57.2082 467.681  924.29 1387.15 1847.06 2327.61
57.3279 468.659  926.29 1390.05 1851.06 2332.61
57.4492 469.659 928.251 1393.05 1854.98 2337.61
57.4492  470.67 930.251 1396.05 1858.97 2342.61
57.4492  471.67 932.251 1399.04 1862.96 2347.63
57.4492 472.677 934.251 1402.04 1866.94 2352.64
57.5698 473.677 936.212 1405.04 1870.85 2357.64
57.6904 474.677 938.173 1408.04 1874.77 2362.64
57.6904 475.684 940.173 1411.03 1878.77 2367.65
57.6904 476.684 942.167 1414.03 1882.76 2372.67
57.6904 477.684 944.161 1417.03 1886.74  2377.7
57.6904 478.684 946.161 1420.02 1890.73 2382.72
57.6904  479.69 948.161 1423.01 1894.73 2387.73
57.6904  480.69 950.161    1426 1898.71 2392.75
57.6904  481.69 952.153 1428.99 1902.71 2397.77
57.8085 482.676 954.153 1431.99 1906.61 2402.77
57.8085 483.676 956.153 1434.98 1910.59 2407.79
57.8085 484.682 958.153 1437.97 1914.59  2412.8
57.8085 485.693 960.153 1440.97 1918.58  2417.8
57.9259 486.679 962.153 1443.97 1922.48  2422.8
58.0434 487.679 964.106  1446.9 1926.48  2427.8
58.1605 488.663 966.106  1449.9 1930.48  2432.7
58.1605 489.663 968.106  1452.9 1934.48  2437.7
58.2787 490.663 970.106 1455.85 1938.41  2442.7
58.2787 491.669 972.106 1458.83 1942.41  2447.7
58.3953 492.653 974.106 1461.83 1946.41  2452.6
58.5132 493.653 976.106 1464.83 1950.34 2457.56
58.6312 494.653 978.106 1467.83 1954.27 2462.51
58.6312  495.66 980.106 1470.83 1958.25 2467.52
58.6312  496.66 982.106 1473.83 1962.23 2472.54
58.7483  497.66 984.106 1476.77 1966.23 2477.48
58.7483  498.66   986.1 1479.77 1970.22  2482.5
58.7483  499.67 988.096 1482.77 1974.22  2487.5
58.8634 500.649 990.096 1485.67 1978.22  2492.5
58.8634 501.656 992.096 1488.67  1982.2 2497.52
58.8634 502.663 994.096 1491.67 1986.18 2502.53
58.8634 503.663 996.091 1494.67 1990.16 2507.55
58.9767 504.632 998.008 1497.67 1994.16 2512.55
59.0911 505.612 1000.01 1500.58 1998.16 2517.55
59.2062 506.596 1002.01 1503.58 2002.16 2522.45
59.2062 507.606 1004.01 1506.58 2006.15 2527.45
59.2062 508.606 1006.01 1509.57 2010.14 2532.47
 59.321 509.592 1008.01 1512.57 2014.04 2537.47
59.4356 510.577 1010.01 1515.57 2018.04 2542.37
59.4356 511.583 1012.01 1518.56 2022.04 2547.38
59.4356 512.592    1014 1521.55 2026.04 2552.38
59.5506 513.592 1015.97 1524.55 2029.96 2557.38
59.5506 514.602 1017.96 1527.55 2033.95 2562.38
59.5506 515.612 1019.96 1530.55 2037.94 2567.38
59.6647 516.612 1021.92 1533.48 2041.94 2572.38
59.7788 517.612 1023.87 1536.41 2045.94 2577.38
59.7788 518.622 1025.87 1539.41 2049.93 2582.38
59.7788 519.622 1027.87 1542.41 2053.93 2587.38
 59.893 520.622 1029.83 1545.41 2057.85 2592.38
60.0074 521.622 1031.83 1548.37 2061.79 2597.38
60.0074 522.632 1033.83 1551.37 2065.78 2602.38
60.0074 523.632 1035.82 1554.36 2069.78  2607.4
60.0074 524.638 1037.82 1557.36 2073.76 2612.41
60.0074 525.638 1039.82 1560.35 2077.76 2617.43
60.0074 526.644 1041.81 1563.35 2081.76 2622.43
60.0074 527.644 1043.81 1566.34 2085.74 2627.46
60.1178 528.614 1045.73 1569.34 2089.74 2632.46
60.2306 529.614 1047.73 1572.29 2093.74  2637.4
60.2306  530.62 1049.73 1575.27 2097.74 2642.41
60.2306  531.62 1051.72 1578.27 2101.73 2647.43
60.2306 532.625 1053.71 1581.27 2105.73 2652.43
60.2306 533.625 1055.71 1584.28 2109.73 2657.43
60.2306 534.632 1057.71 1587.28 2113.71 2662.45
60.2306 535.641 1059.71 1590.28  2117.7 2667.45
60.2306 536.648 1061.71 1593.28 2121.68 2672.46
60.3414 537.635 1063.71 1596.28 2125.58 2677.46
60.3414 538.635 1065.71 1599.28 2129.58 2682.46
60.4529 539.635 1067.71 1602.23 2133.51 2687.46
60.5643 540.635 1069.71 1605.23 2137.45 2692.41
60.6752 541.635 1071.67 1608.23 2141.45 2697.34
60.7855  542.62 1073.67 1611.23 2145.45 2702.25
60.7855 543.625 1075.66 1614.23 2149.45 2707.25
60.8951 544.605 1077.66 1617.14 2153.45 2712.25
60.8951 545.605 1079.65 1620.14 2157.43 2717.27
60.8951 546.612 1081.65 1623.14 2161.41 2722.29
60.8951 547.622 1083.65 1626.14 2165.41 2727.29
60.8951 548.622 1085.65 1629.14 2169.39 2732.31
61.0053 549.622 1087.61 1632.14 2173.32 2737.31
61.1141 550.602 1089.61 1635.05 2177.32 2742.31
61.1141 551.607 1091.61 1638.03 2181.32 2747.32
61.1141 552.617 1093.61 1641.03 2185.31 2752.32
61.1141 553.627 1095.61 1644.03  2189.3 2757.32
61.1141 554.627 1097.61 1647.03  2193.3 2762.32
61.2238 555.627 1099.61 1650.03 2197.23 2767.27
61.2238 556.632  1101.6 1653.03 2201.23 2772.28
61.3324 557.619  1103.6 1656.03 2205.14 2777.28
61.4418 558.619  1105.6 1659.03 2209.07 2782.23
61.5501 559.604  1107.6 1662.03 2213.07 2787.14
61.6596 560.604  1109.6 1664.99 2217.01 2792.14
61.7688 561.604  1111.6 1667.94 2221.01 2797.08
61.7688 562.614  1113.6 1670.93    2225 2802.08
 61.878 563.614  1115.6 1673.93 2228.94 2807.04
61.9867 564.614 1117.56 1676.93 2232.94 2811.97
62.0951 565.601 1119.56 1679.93 2236.84 2816.97
62.0951 566.601 1121.56 1682.93 2240.83 2821.99
62.0951  567.61 1123.56 1685.93 2244.82 2826.99
62.2037  568.61 1125.56 1688.88 2248.82 2831.93
62.3117 569.598 1127.56 1691.88 2252.72 2836.93
62.3117 570.598 1129.55 1694.88 2256.71 2841.95
62.3117 571.603 1131.55 1697.86 2260.71 2846.96
62.3117 572.609 1133.55 1700.86 2264.69 2851.97
  62.42 573.609 1135.55 1703.86 2268.63 2856.93
 62.528 574.609 1137.52 1706.86 2272.55 2861.93
 62.528 575.618 1139.51 1709.86 2276.55 2866.93
 62.528 576.626 1141.51 1712.85 2280.55 2871.93
 62.528 577.635 1143.51 1715.85 2284.55 2876.93
62.6352 578.635 1145.47 1718.85 2288.55 2881.86
62.6352 579.641 1147.47 1721.85 2292.53 2886.87
62.6352  580.65 1149.46 1724.84 2296.53 2891.87
62.6352  581.65 1151.46 1727.83 2300.53 2896.89
62.7398 582.621 1153.38 1730.83 2304.53 2901.89
62.8468 583.621 1155.35 1733.83 2308.46 2906.89
62.8468 584.626 1157.34 1736.83 2312.46  2911.9
62.9529 585.614 1159.34 1739.83 2316.37  2916.9
63.0591 586.601 1161.34 1742.83 2320.27  2921.9
63.0591 587.601 1163.33 1745.83 2324.26 2926.91
63.0591 588.611 1165.33 1748.83 2328.25 2931.91
63.1654 589.611 1167.33 1751.78 2332.25 2936.86
63.1654 590.611 1169.32 1754.78 2336.25 2941.87
63.2719 591.611 1171.32 1757.78 2340.19 2946.83
63.2719 592.611 1173.32 1760.77 2344.17 2951.85
63.3779 593.611 1175.29 1763.77  2348.1 2956.85
63.3779 594.616 1177.28 1766.77  2352.1 2961.86
63.3779 595.616 1179.28 1769.77  2356.1 2966.86
63.4835 596.616 1181.24 1772.77 2360.03 2971.86
63.4835 597.616 1183.25 1775.77 2364.02 2976.86
63.5893 598.616 1185.25 1778.77 2367.96 2981.81
63.5893 599.616 1187.25 1781.77 2371.95 2986.83
63.6938 600.601 1189.25 1784.77 2375.95 2991.74
63.7993 601.601 1191.25 1787.73 2379.88 2996.74
63.9049 602.601 1193.25 1790.68 2383.82 3001.74
63.9049  603.61 1195.24 1793.68 2387.81 3006.74
64.0097  604.61 1197.21 1796.68 2391.81 3011.68
64.1146  605.61 1199.17 1799.68 2395.81 3016.61
64.2193  606.61 1201.12 1802.62 2399.81 3021.61
64.3236 607.596 1203.12 1805.62 2403.81 3026.52
64.3236 608.604 1205.12 1808.62 2407.81 3031.52
64.3236 609.613 1207.12 1811.62 2411.81 3036.52
64.4286 610.613 1209.12 1814.62 2415.74 3041.48
64.5327 611.599 1211.12 1817.62 2419.74 3046.39
64.5327 612.607 1213.11 1820.61 2423.74 3051.39
64.5327 613.607 1215.11 1823.61 2427.73 3056.41
64.6368 614.607 1217.07 1826.61 2431.73 3061.34
64.7412 615.607 1219.07 1829.56 2435.73 3066.29
64.7412 616.613 1221.07 1832.56 2439.71  3071.3
 64.845 617.613 1223.03  1835.5 2443.71  3076.3
64.9488 618.601 1225.03  1838.5 2447.62  3081.3
65.0533 619.601 1227.03  1841.5 2451.56 3086.26
65.1575 620.601    1229  1844.5 2455.49 3091.26
65.2618 621.601    1231 1847.45 2459.49  3096.2
65.3653 622.587    1233 1850.45 2463.49 3101.11
65.3653 623.587    1235 1853.45 2467.47 3106.13
65.3653 624.587 1236.99 1856.44 2471.47 3111.14
65.3653 625.587 1238.98 1859.44 2475.46 3116.16
65.3653 626.592 1240.98 1862.43 2479.46 3121.17
65.3653 627.592 1242.99 1865.43 2483.46 3126.17
65.3653 628.592 1244.98 1868.42 2487.46 3131.18
65.3653 629.592 1246.97 1871.42 2491.44  3136.2
65.4662 630.565  1248.9 1874.42 2495.44  3141.2
65.4662  631.57 1250.89 1877.42 2499.44 3146.21
65.4662  632.57 1252.89 1880.42 2503.43 3151.23
 65.569  633.57 1254.86 1883.42 2507.36 3156.23
 65.569  634.57 1256.86 1886.42 2511.36 3161.23
 65.569 635.574 1258.85 1889.42 2515.36 3166.23
65.6712 636.574 1260.81 1892.42 2519.36 3171.17
65.7737 637.574 1262.81 1895.37 2523.36 3176.11
65.7737 638.574 1264.81 1898.37 2527.35 3181.13
65.7737 639.583 1266.81 1901.37 2531.34 3186.13
65.8751 640.569 1268.81 1904.37 2535.34 3191.04
65.8751 641.578 1270.81 1907.37 2539.33 3196.04
65.8751 642.587 1272.81 1910.36 2543.32 3201.04
65.8751 643.596 1274.81 1913.36 2547.32 3206.04
65.9769 644.596 1276.81 1916.32 2551.26 3211.04
65.9769 645.605 1278.81 1919.32 2555.25 3216.04
65.9769 646.609  1280.8 1922.32 2559.25 3221.05
65.9769 647.609  1282.8 1925.32 2563.25 3226.05
66.0774 648.596  1284.8 1928.32 2567.25 3230.96
66.0774 649.596  1286.8 1931.32 2571.23 3235.98
66.0774   650.6 1288.79 1934.32 2575.23 3240.98
66.1771 651.582 1290.79 1937.24 2579.23 3245.98
66.1771 652.588 1292.79 1940.24 2583.21    3251
66.1771 653.597 1294.78 1943.24 2587.21    3256
66.2777 654.597 1296.78 1946.19 2591.21 3260.94
66.3775 655.583 1298.78 1949.19 2595.21 3265.86
66.3775 656.591 1300.78 1952.19 2599.21 3270.86
66.4779 657.591 1302.78 1955.14 2603.21  3275.8
66.5763 658.564 1304.71 1958.14 2607.21  3280.8
66.5763 659.573 1306.71 1961.14  2611.2  3285.8
66.5763 660.573 1308.71 1964.14  2615.2  3290.8
66.5763 661.581 1310.71 1967.14 2619.19  3295.8
66.6751 662.563 1312.71 1970.06 2623.19  3300.8
66.7739 663.545 1314.71 1972.98 2627.19  3305.8
66.8735 664.545 1316.67 1975.92 2631.19  3310.8
66.9734 665.545 1318.67 1978.87 2635.19 3315.75
66.9734 666.553 1320.67 1981.87 2639.18 3320.75
66.9734 667.562 1322.67 1984.87 2643.18 3325.75
67.0732 668.562 1324.67 1987.83 2647.12 3330.75
67.1718 669.544 1326.67 1990.75 2651.12 3335.75
67.2709 670.532 1328.67 1993.75 2655.03 3340.75
67.3701 671.532 1330.63 1996.69 2659.03 3345.75
67.3701 672.537 1332.63 1999.68 2663.03 3350.76
67.4694 673.537 1334.59 2002.68 2667.03  3355.7
67.4694 674.542 1336.58 2005.68 2671.03  3360.7
67.4694 675.542 1338.58 2008.68 2675.03  3365.7
67.5675 676.524 1340.58  2011.6 2679.03  3370.7
67.6664 677.524 1342.54  2014.6 2683.03 3375.64
67.7645 678.506 1344.54 2017.52 2687.03 3380.64
67.8639 679.506 1346.54 2020.48 2690.97 3385.64
67.8639 680.511 1348.54 2023.48 2694.95 3390.65
67.8639  681.52 1350.54 2026.48 2698.95 3395.65
67.9628  682.52 1352.54 2029.43 2702.95  3400.6
67.9628  683.52 1354.54 2032.43 2706.93 3405.61
67.9628 684.528 1356.54 2035.43 2710.93 3410.61
67.9628 685.528 1358.53 2038.43 2714.91 3415.63
68.0593 686.502 1360.46 2041.43 2718.91 3420.63
68.0593 687.502 1362.46 2044.43  2722.9 3425.65
68.1579 688.502 1364.46 2047.43 2726.84 3430.61
68.2562 689.502 1366.43 2050.43 2730.78 3435.61
68.3547 690.502 1368.43 2053.38 2734.72 3440.61
 68.453 691.502 1370.43 2056.34 2738.72 3445.56
68.5508  692.49 1372.43 2059.34 2742.63 3450.56
68.6494  693.49 1374.43 2062.34 2746.58 3455.52
68.7479  694.49 1376.43  2065.3 2750.52 3460.52
68.8464  695.49 1378.43 2068.26 2754.46 3465.52
68.8464 696.494 1380.42 2071.26 2758.46 3470.52
68.9446 697.494 1382.42 2074.21 2762.46 3475.47
69.0428 698.494 1384.39 2077.21 2766.39 3480.47
69.0428 699.494 1386.39 2080.21 2770.39 3485.47
69.1401 700.481 1388.39 2083.21 2774.39 3490.39
69.2375 701.468 1390.39 2086.21 2778.39  3495.3
69.2375 702.468 1392.39 2089.21 2782.38 3500.32
69.3356 703.468 1394.39 2092.17 2786.32 3505.32
69.4329 704.454 1396.39 2095.17 2790.32 3510.24
69.5309 705.454 1398.39 2098.13 2794.26 3515.24
69.6277 706.436 1400.39 2101.05 2798.26 3520.24
69.6277 707.444 1402.39 2104.05 2802.26 3525.24
69.6277 708.444 1404.38 2107.04 2806.26 3530.25
69.6277 709.444 1406.38 2110.03 2810.24 3535.27
69.6277 710.453 1408.38 2113.03 2814.24 3540.27
69.7251 711.453 1410.38 2115.99 2818.24 3545.21
69.7251  712.46 1412.38 2118.98 2822.24 3550.21
69.7251  713.46 1414.38 2121.98 2826.24 3555.21
69.7251 714.466 1416.38 2124.98 2830.22 3560.23
 69.822 715.466 1418.35 2127.98 2834.15 3565.23
69.9179 716.448 1420.35 2130.91 2838.15 3570.23
 70.015 717.448 1422.35 2133.91  2842.1 3575.19
70.1119 718.448 1424.32 2136.91 2846.03 3580.19
70.1119 719.456 1426.32 2139.91 2850.02 3585.19
70.1119 720.456 1428.31 2142.91 2854.01  3590.2
70.1119 721.456 1430.31 2145.91    2858 3595.22
70.2081 722.456 1432.27 2148.85    2862 3600.22
 70.304 723.443 1434.27 2151.85    2866 3605.14
 70.304 724.451 1436.27 2154.85 2869.99 3610.14
70.3999 725.439 1438.27 2157.85 2873.91 3615.14
70.3999 726.439 1440.26 2160.84 2877.91 3620.15
70.3999 727.447 1442.26 2163.84  2881.9 3625.15
70.4955 728.436 1444.26 2166.84 2885.82 3630.15
70.5906 729.418 1446.26 2169.76 2889.82 3635.15
70.5906 730.426 1448.26 2172.76 2893.81 3640.15
70.6848   731.4 1450.19 2175.76 2897.81 3645.15
70.6848   732.4 1452.19 2178.76  2901.8 3650.17
70.7802 733.389 1454.19 2181.76 2905.72 3655.17
70.8762 734.389 1456.19 2184.76 2909.66 3660.13
70.8762 735.397 1458.19 2187.76 2913.65 3665.13
70.8762 736.402 1460.19 2190.76 2917.64 3670.14
70.8762 737.402 1462.19 2193.76 2921.63 3675.14
70.9706 738.385 1464.19 2196.68 2925.63 3680.14
71.0657 739.373 1466.19 2199.68 2929.55 3685.14
71.0657 740.377 1468.18 2202.68 2933.55 3690.14
71.0657 741.377 1470.18 2205.68 2937.55 3695.15
71.0657 742.383 1472.18 2208.68 2941.53 3700.17
71.0657 743.391 1474.18 2211.67 2945.53 3705.17
71.1604 744.391 1476.14 2214.67 2949.53 3710.11
71.1604 745.395 1478.13 2217.67 2953.53 3715.11
71.1604 746.402 1480.13 2220.67 2957.53 3720.11
71.2545 747.389 1482.13 2223.67 2961.53 3725.03
71.2545 748.396 1484.13 2226.67 2965.53 3730.03
71.2545 749.403 1486.12 2229.66 2969.53 3735.03
71.3485 750.391 1488.12 2232.66 2973.44 3740.03
71.4419 751.374 1490.12 2235.59 2977.44 3745.03
71.5362 752.374 1492.09 2238.59 2981.44 3749.97
71.6308 753.374 1494.09 2241.55 2985.39 3754.97
71.6308 754.379 1496.09 2244.55 2989.37 3759.98
71.7241 755.362 1498.09 2247.47 2993.37 3764.98
71.7241 756.369 1500.09 2250.47 2997.37 3769.98
71.8165 757.344 1502.02 2253.47 3001.37 3774.98
71.9109 758.344 1504.02 2256.43 3005.32 3779.98
72.0051 759.344 1506.02 2259.38 3009.32 3784.93
72.0051 760.344 1508.02 2262.39 3013.31 3789.93
72.0992 761.344 1510.02 2265.34 3017.31 3794.88
72.0992 762.344 1512.02 2268.34 3021.31 3799.88
72.1913 763.318 1513.95 2271.34 3025.31 3804.88
72.1913 764.318 1515.95 2274.34  3029.3  3809.9
 72.285 765.318 1517.92 2277.34  3033.3 3814.84
72.3788 766.318 1519.89 2280.34 3037.24 3819.84
72.4716 767.301 1521.89 2283.26 3041.24 3824.84
72.4716 768.306 1523.89 2286.26 3045.22 3829.85
72.5655 769.306 1525.89 2289.26 3049.17 3834.81
72.6591 770.306 1527.89 2292.22 3053.17 3839.76
 72.753 771.306 1529.89 2295.22 3057.11 3844.72
 72.753 772.311 1531.89 2298.21 3061.11 3849.73
 72.753 773.311 1533.89 2301.21  3065.1 3854.74
 72.753 774.317 1535.88  2304.2  3069.1 3859.74
72.8454   775.3 1537.88 2307.13  3073.1 3864.74
72.8454 776.305 1539.88 2310.12  3077.1 3869.75
72.8454 777.311 1541.88 2313.11  3081.1 3874.75
 72.938   778.3 1543.88 2316.11 3085.02 3879.75
 72.938 779.308 1545.88 2319.11 3089.01 3884.75
73.0293 780.283 1547.81 2322.11 3093.01 3889.75
73.1224 781.283 1549.81 2325.11 3096.96 3894.71
73.1224 782.283 1551.81 2328.11 3100.95 3899.73
73.2149 783.283 1553.77 2331.06 3104.95 3904.73
73.3077 784.283 1555.77 2334.01 3108.95 3909.68
73.4008 785.283 1557.77 2336.97 3112.89 3914.68
73.4933 786.283 1559.74 2339.92 3116.89 3919.68
73.4933 787.289 1561.73 2342.91 3120.89 3924.68
73.5862 788.289 1563.73 2345.91 3124.84 3929.64
73.5862 789.289 1565.73 2348.91 3128.83 3934.66
73.6771 790.264 1567.67 2351.91 3132.83 3939.66
73.6771 791.264 1569.67  2354.9 3136.81 3944.67
73.6771 792.271 1571.66  2357.9 3140.81 3949.67
73.6771 793.275 1573.66  2360.9 3144.81 3954.68
73.7684 794.258 1575.66 2363.83 3148.81 3959.68
73.8608 795.258 1577.66 2366.83 3152.76 3964.64
73.9529 796.258 1579.62 2369.83 3156.76 3969.58
74.0453 797.258 1581.62 2372.79 3160.71 3974.58
74.1359 798.233 1583.56 2375.79 3164.71 3979.58
74.2283 799.233 1585.56 2378.79 3168.65 3984.54
74.3202 800.233 1587.52 2381.73 3172.65 3989.54
74.4126 801.233 1589.52 2384.73  3176.6 3994.51
74.4126 802.238 1591.52 2387.73 3180.58 3999.52
74.4126 803.242 1593.52 2390.72 3184.58 4004.52
74.4126 804.246 1595.51 2393.72 3188.58 4009.53
74.5036 805.229 1597.51 2396.65 3192.58 4014.53
74.5036 806.237 1599.51 2399.65 3196.58 4019.53
74.5036 807.241  1601.5 2402.65 3200.58 4024.53
74.5953 808.241  1603.5  2405.6 3204.58 4029.48
74.6869 809.241  1605.5 2408.56 3208.58 4034.44
74.6869 810.246  1607.5 2411.56 3212.56 4039.45
74.6869 811.246  1609.5 2414.55 3216.55 4044.46
 74.778 812.234  1611.5 2417.55 3220.47 4049.46
74.8691 813.234 1613.47  2420.5 3224.47 4054.46
74.8691 814.234 1615.46 2423.49 3228.47 4059.48
74.8691 815.238 1617.46 2426.48 3232.47 4064.48
74.8691 816.245 1619.46 2429.48 3236.47 4069.48
74.9602 817.245 1621.46 2432.43 3240.47 4074.43
74.9602 818.253 1623.46 2435.43 3244.46 4079.43
75.0512 819.253 1625.43 2438.43  3248.4 4084.43
75.0512 820.259 1627.43 2441.43  3252.4 4089.43
75.0512 821.259 1629.43 2444.43  3256.4 4094.43
75.0512 822.264 1631.43 2447.43 3260.39 4099.44
75.1413 823.251 1633.43 2450.43 3264.39 4104.37
75.1413 824.255 1635.42 2453.43 3268.39 4109.37
75.1413 825.259 1637.42 2456.42 3272.39 4114.38
75.2301 826.235 1639.35 2459.42 3276.39 4119.38
75.3207 827.235 1641.35 2462.38 3280.33 4124.38
75.4112 828.235 1643.35 2465.34 3284.33 4129.33
75.5013 829.235 1645.32 2468.28 3288.33 4134.33
75.5914 830.235 1647.28 2471.23 3292.33 4139.33
75.5914 831.235 1649.28 2474.23 3296.33 4144.33
75.6813 832.224 1651.28 2477.23 3300.25 4149.33
75.6813 833.224 1653.28 2480.23 3304.24 4154.35
75.6813 834.228 1655.27 2483.23 3308.24 4159.35
75.6813 835.234 1657.27 2486.23 3312.24 4164.35
75.7715 836.234 1659.27 2489.23 3316.19 4169.31
75.7715 837.234 1661.27 2492.22 3320.18 4174.33
75.8616 838.234 1663.27 2495.22 3324.12 4179.29
75.8616 839.234 1665.27 2498.22 3328.12 4184.29
75.9511 840.234 1667.23 2501.17 3332.12 4189.29
75.9511 841.234 1669.23 2504.17 3336.12 4194.29
75.9511 842.239 1671.23 2507.17 3340.11  4199.3
75.9511 843.239 1673.23 2510.16  3344.1 4204.32
75.9511 844.239 1675.23 2513.17 3348.09 4209.32
76.0406 845.239 1677.23 2516.13 3352.04 4214.32
76.0406 846.239 1679.23 2519.13 3356.03 4219.33
76.1295 847.228 1681.23 2522.13 3359.95 4224.33
76.1295 848.228 1683.22 2525.12 3363.95 4229.35
76.2178 849.212 1685.22 2528.05 3367.95 4234.35
76.3065 850.201 1687.22 2531.05 3371.88 4239.35
76.3941 851.176 1689.16 2534.05 3375.88 4244.35
76.4829 852.165 1691.16 2537.05  3379.8 4249.35
76.4829 853.173 1693.16 2540.05 3383.79 4254.35
76.4829 854.177 1695.16 2543.05 3387.78 4259.36
76.4829 855.177 1697.16 2546.04 3391.77 4264.37
76.4829 856.181 1699.16 2549.03 3395.77 4269.38
76.5713 857.181 1701.12 2551.98 3399.77 4274.38
76.6597 858.181 1703.09 2554.93 3403.77 4279.38
76.7485 859.181 1705.06 2557.93 3407.71 4284.38
76.8374 860.181 1707.06 2560.89 3411.65 4289.38
76.8374 861.185 1709.06 2563.88 3415.65 4294.39
76.8374 862.192 1711.06 2566.88 3419.65 4299.39
76.8374 863.192 1713.05 2569.88 3423.64  4304.4
76.9256 864.192 1715.02 2572.88 3427.64 4309.34
77.0137 865.181 1717.02 2575.88 3431.57 4314.34
77.0137 866.181 1719.02 2578.87 3435.57 4319.36
77.1018 867.181 1720.98 2581.87 3439.57  4324.3
77.1018 868.185 1722.98 2584.86 3443.57 4329.31
77.1018 869.185 1724.98 2587.86 3447.55 4334.32
77.1018 870.185 1726.98 2590.85 3451.54 4339.34
 77.189 871.169 1728.98 2593.78 3455.54 4344.34
77.2768 872.169 1730.95 2596.78 3459.54 4349.28
77.2768 873.176 1732.94 2599.78 3463.54 4354.28
77.3632 874.152 1734.88 2602.78 3467.54 4359.28
77.4509 875.152 1736.85 2605.73 3471.54 4364.28
77.5389 876.152 1738.85 2608.69 3475.49 4369.28
 77.626 877.136 1740.85 2611.62 3479.49 4374.28
77.7139 878.136 1742.85 2614.58 3483.49 4379.24
77.7139 879.143 1744.85 2617.58 3487.48 4384.24
77.8009 880.126 1746.85 2620.51 3491.48 4389.24
77.8009 881.126 1748.84 2623.51 3495.47 4394.25
77.8881 882.114 1750.84 2626.51 3499.47 4399.18
77.8881 883.114 1752.84  2629.5 3503.46 4404.19
77.8881  884.12 1754.84  2632.5 3507.46 4409.19
77.8881  885.12 1756.84  2635.5 3511.45 4414.21
77.8881  886.12 1758.83  2638.5 3515.44 4419.22
77.9754  887.12  1760.8  2641.5 3519.38 4424.22
78.0619 888.104  1762.8 2644.43 3523.38 4429.22
78.0619 889.111  1764.8 2647.43 3527.37 4434.22
78.1483 890.095  1766.8 2650.36 3531.37 4439.22
78.2357 891.095  1768.8 2653.36 3535.32 4444.19
 78.323 892.095  1770.8 2656.32 3539.27 4449.19
78.4094 893.079  1772.8 2659.25 3543.27 4454.19
78.4094 894.079  1774.8 2662.25 3547.26  4459.2
78.4967 895.079  1776.8 2665.21 3551.21  4464.2
78.4967 896.086  1778.8 2668.21 3555.21  4469.2
78.5837 897.086  1780.8 2671.17 3559.21 4474.16
78.6705 898.086 1782.76 2674.12 3563.21 4479.16
78.7571 899.075 1784.76 2677.12 3567.13 4484.16
78.8426 900.051  1786.7 2680.12 3571.13 4489.16
78.8426 901.058  1788.7 2683.12 3575.12 4494.16
78.8426 902.058  1790.7 2686.11 3579.12 4499.17
78.8426 903.058  1792.7 2689.11 3583.11 4504.18
78.9294 904.058 1794.67 2692.11 3587.06 4509.18
78.9294 905.065 1796.67  2695.1 3591.05 4514.18
78.9294 906.069 1798.67 2698.09 3595.05 4519.19
78.9294 907.073 1800.67 2701.08 3599.05  4524.2
78.9294 908.077 1802.67 2704.08 3603.04 4529.21
78.9294 909.077 1804.67 2707.08 3607.03 4534.21
78.9294 910.083 1806.67 2710.08 3611.03 4539.21
78.9294  911.09 1808.66 2713.08 3615.03 4544.21
78.9294 912.097 1810.66 2716.08 3619.02 4549.21
78.9294 913.103 1812.66 2719.07 3623.02 4554.21
78.9294  914.11 1814.66 2722.07 3627.02 4559.21
79.0152  915.11 1816.66 2725.03 3631.02 4564.16
79.1011  916.11 1818.66 2728.03 3634.97 4569.13
79.1869  917.11 1820.63 2731.03 3638.91 4574.13
79.2719 918.094 1822.63 2733.96 3642.91 4579.13
79.2719 919.094 1824.63 2736.96 3646.91 4584.13
79.3575 920.094 1826.61 2739.96 3650.85 4589.13
79.3575   921.1  1828.6 2742.96 3654.85 4594.13
79.4417 922.077 1830.54 2745.96 3658.85 4599.13
79.5271 923.077 1832.51 2748.96 3662.85 4604.07
79.6129 924.077 1834.51 2751.92  3666.8 4609.07
79.6982 925.077 1836.48 2754.87  3670.8 4614.07
79.7833 926.065 1838.48 2757.87  3674.8    4619
79.8687 927.065 1840.44 2760.87  3678.8 4623.95
79.9538 928.053 1842.44 2763.87  3682.8 4628.87
79.9538 929.057 1844.44 2766.87 3686.79 4633.88
79.9538 930.064 1846.44 2769.87 3690.78 4638.88
80.0388 931.052 1848.44 2772.87 3694.78 4643.81
80.1227 932.029 1850.38 2775.87 3698.78 4648.81
80.2077 933.016 1852.38 2778.87 3702.78 4653.74
80.2077 934.022 1854.38 2781.87 3706.78 4658.74
80.2077 935.022 1856.38 2784.87 3710.78 4663.74
80.2925 936.012 1858.38 2787.87 3714.71 4668.74
80.3777 937.012 1860.35 2790.87 3718.65 4673.74
80.4622 937.996 1862.35  2793.8 3722.65 4678.74
80.4622 939.002 1864.35  2796.8 3726.65 4683.74
80.5469 939.991 1866.35  2799.8 3730.57 4688.74
80.5469 940.997 1868.35 2802.79 3734.57 4693.74
80.6317 941.997 1870.32 2805.74 3738.57 4698.74
80.7169 942.997 1872.32 2808.71 3742.53 4703.74
80.7169 944.001 1874.32 2811.71 3746.51 4708.75
80.8015 945.001 1876.28 2814.66 3750.51 4713.75
80.8015 946.008 1878.28 2817.66 3754.51 4718.75
80.8015 947.008 1880.27 2820.65 3758.51 4723.76
80.8855 947.992 1882.27 2823.58 3762.51 4728.76
80.8855 948.992 1884.27 2826.58  3766.5 4733.77
80.9702 949.992 1886.24 2829.58 3770.44 4738.77
81.0545 950.982 1888.24 2832.58 3774.36 4743.77
81.1384 951.966 1890.24 2835.51 3778.36 4748.77
81.2231 952.966 1892.22 2838.51 3782.31 4753.77
81.2231 953.969 1894.21 2841.51 3786.31 4758.78
81.2231 954.969  1896.2 2844.51 3790.31 4763.79
81.2231 955.976  1898.2 2847.51  3794.3 4768.79
81.2231 956.982  1900.2 2850.51  3798.3 4773.79
81.2231 957.982  1902.2 2853.51 3802.29 4778.81
81.2231 958.982  1904.2 2856.51 3806.29 4783.81
81.3058 959.959 1906.14 2859.51 3810.29 4788.81
81.3058 960.963 1908.13 2862.51 3814.29 4793.81
81.3899 961.963 1910.13 2865.47 3818.29 4798.77
81.3899 962.969 1912.13 2868.46 3822.29 4803.77
81.3899 963.975 1914.12 2871.46 3826.28 4808.77
81.4738 964.975  1916.1 2874.46 3830.22 4813.77
81.4738 965.981 1918.09 2877.46 3834.22 4818.77
81.5576 966.981 1920.09 2880.42 3838.22 4823.72
 81.641  967.97 1922.09 2883.42 3842.15 4828.72
81.7241 968.955 1924.09 2886.35 3846.15 4833.72
81.7241 969.961 1926.09 2889.35 3850.15 4838.72
81.7241 970.968 1928.09 2892.35 3854.14 4843.72
81.7241 971.971 1930.09 2895.34 3858.14 4848.73
81.8071 972.959 1932.09 2898.34 3862.14 4853.66
81.8908 973.959 1934.09 2901.31 3866.09 4858.66
 81.973 974.937 1936.03 2904.31 3870.09 4863.66
 81.973  975.94 1938.03  2907.3 3874.09 4868.67
82.0566  976.94 1940.03  2910.3 3878.04 4873.63
82.0566  977.94 1942.03 2913.29 3882.03 4878.65
82.0566 978.944 1944.03 2916.28 3886.03 4883.65
82.1394 979.932 1946.03 2919.28 3890.03 4888.58
82.2228 980.932 1948.03 2922.28 3893.99 4893.55
82.2228 981.935 1950.02 2925.28 3897.99 4898.55
82.3062 982.935 1952.02 2928.25 3901.94 4903.55
82.3891 983.935 1953.99  2931.2 3905.94 4908.55
82.3891 984.942 1955.99 2934.19 3909.93 4913.55
82.4719 985.931 1957.99 2937.19 3913.86 4918.55
 82.555 986.931 1959.96 2940.19  3917.8 4923.55
 82.555 987.937 1961.96 2943.19  3921.8 4928.55
82.6373 988.922 1963.96 2946.13  3925.8 4933.55
82.6373 989.925 1965.96 2949.13  3929.8 4938.56
82.6373 990.925 1967.95 2952.12  3933.8 4943.57
82.7201 991.925 1969.95 2955.08  3937.8 4948.52
82.7201 992.925 1971.95 2958.08 3941.79 4953.54
82.8029 993.925 1973.95 2961.04 3945.79  4958.5
82.8855 994.925 1975.92 2964.04 3949.79 4963.44
82.8855 995.925 1977.91 2967.04 3953.78 4968.46
82.8855 996.928  1979.9 2970.04 3957.78 4973.46
 82.968 997.928 1981.87 2973.04 3961.78 4978.41
 82.968 998.931 1983.87 2976.04 3965.78 4983.41
 82.968 999.931 1985.86 2979.04 3969.77 4988.43