      1 3.33333 3.33333       4 3.33333       6
1.65217 5.50725 5.33333       7 5.50725      11
1.65217 6.50725 8.02383 10.5313 8.28548      16
1.65217 8.62049 10.0238 13.5313 10.9762  21.196
  2.004 9.62049 12.1584 16.5313 14.9762 25.7097
2.25679  10.834  13.692 19.5313 18.9762 30.7097
2.25679  11.834 15.8337 22.5862 22.9762 35.5131
 2.5515  12.834 17.9014 25.5862 26.9762 40.1507
 2.5515  13.834 20.1878 28.8542 30.4217 45.1507
 2.5515 15.3813 22.1878 31.8542 33.8244 50.2007
2.81326 16.3813 24.1878 35.1223 37.2946 55.2007
2.81326  17.763 26.1878 38.0847 41.2946 59.8566
2.81326  19.132  28.206 41.0847 45.2946 64.4695
3.03406  20.132  30.206 44.3091 48.8494 69.4695
3.03406  21.132  32.206 47.5786 52.4539 74.5956
3.19552 22.2566 33.9199 50.5786 56.4539 79.5956
3.19552 23.2566 36.0858 53.8081 60.0585 84.5956
3.19552 24.2566  38.282 56.8081 63.7137 89.7441
3.19552 25.5346  40.282 59.8013 67.7137 94.4728
3.33443 26.6447 42.0331 62.8013 71.7137 99.4728
3.47819 27.7934 44.0331 65.5089 75.7137 104.473
3.64755 28.7934 46.1771 68.5089 79.4003 109.473
3.80176 30.0107 48.1771 71.5089 83.4003 114.101
3.96394 31.2909 50.1771 74.5089  86.958 119.101
3.96394 32.2909 52.2353 77.5652  90.958 123.987
4.11236    33.5 54.2353 80.5652  94.958 128.629
4.24668 34.5942 56.0068 83.5652  98.958 133.629
4.24668 35.8689 58.0068 86.6442 102.604 138.629
4.24668 37.1435 60.0068 89.7233  106.25 143.629
4.39515 38.1435 62.0068 92.8602 109.965 148.629
4.52127 39.2381 63.7861 95.8602 113.965 153.629
 4.6587 40.4308 65.7861 98.8602 117.965 158.299
 4.6587 41.6933 67.8403  101.86 121.649 163.299
 4.7923 42.6933 69.7857 104.781 125.649 168.299
 4.7923 43.6933 71.8962 107.781 129.448 173.389
 4.9325 44.6933 73.8962 110.781 133.236 178.461
5.06226 45.8689 75.8962 113.781 137.236 183.156
5.06226 47.0373 77.8294 116.679 141.236 188.156
5.19317 48.2538 79.8294 119.679 144.888 193.156
5.32385 49.2538 81.8382 122.679 148.888 198.016
5.32385 50.2538 83.8382 125.815 152.693 203.077
5.32385 51.4804 85.8846 128.815  156.42 208.077
5.32385  52.718 87.8846 131.815  160.18 213.079
5.32385 53.9113 89.8846 134.798  164.18 217.902
5.32385 55.1367 91.9276 137.798 167.912 222.902
5.32385 56.1367 93.9276 140.926 171.724 227.962
5.43775 57.1367  95.937 143.926 175.724 232.839
5.55484 58.1367  97.937 147.025 179.507 237.839
5.66904 59.3319  99.937 150.025 183.198 242.839
5.66904 60.5128 101.937 153.011 187.198 247.672
5.78074 61.5128 103.945 156.011 191.198 252.552
5.78074 62.7201 105.986 159.011 194.951 257.552
 5.8903 63.7201 107.994 162.011 198.951 262.433
 5.8903 64.8657 109.936 164.924 202.951 267.433
 5.8903 66.0677 111.973 167.924 206.711 272.433
5.99919 67.0677 114.043 170.924 210.533 277.433
6.10482 68.0677 116.043 173.934 214.533 282.318
6.10482 69.2361 118.043 176.919 218.533 287.164
6.21171 70.2361  120.11 179.919 222.359 292.164
6.31282 71.3793  122.11 182.919 226.359  296.92
6.40971 72.4749  124.11 185.727 230.359  301.92
6.40971 73.6123 126.058 188.642 234.359  306.92
6.40971 74.7748 128.048 191.642 238.359 311.767
6.51252 75.7748 130.048 194.715 242.182 316.767
6.51252 76.7748 132.048 197.816 246.038  321.81
6.51252 77.7748 134.112 200.907 249.883  326.81
6.60386 78.8656 136.112 203.725 253.883  331.81
6.70377 79.8656 138.171 206.725 257.724  336.81
6.80124 80.8656 140.171 209.731 261.724 341.707
6.80124 82.0166 142.171 212.716 265.724 346.571
6.89935 83.0166 144.171 215.784 269.557 351.571
6.99543 84.0166 146.179 218.784 273.557 356.467
7.08947 85.0166 148.144 221.725 277.557 361.467
7.08947 86.0166  150.17 224.757 281.557  366.41
7.18427 87.0166  152.17 227.763 285.557 371.309
7.18427 88.0166 154.228 230.843 289.419 376.309
7.18427 89.0166 156.253 233.875 293.419 381.252
7.26964 90.0745  158.11 236.875 297.419 386.252
7.26964 91.2386  160.11 239.875 301.263 391.244
7.26964 92.2386  162.11 242.962 305.141 396.279
7.36156 93.2386  164.16 245.962 308.999 401.279
7.44498 94.2951  166.02 248.962 312.999 406.279
7.53487 95.2951 168.024 251.962 316.999 411.185
7.53487 96.4428 170.024 254.997 320.817 416.185
7.53487 97.4428 172.046 258.028 324.817 421.132
7.53487 98.5981 174.046 261.028 328.668 426.126
7.62164 99.5981 176.046 264.034 332.668 431.033
7.62164 100.598 178.046 267.117 336.552 436.066
7.62164 101.598 180.095 270.192 340.427 441.066
7.62164 102.723 182.095 273.184 344.427 445.949
7.62164 103.864 184.095 276.218 348.252 450.949
7.70028 104.935 186.095 279.068 352.252 455.949
7.70028 105.935 188.154 282.068 356.149 460.993
7.77811 107.006 190.154 284.919 360.149 465.993
7.85464 108.059 192.025 287.919 364.149 470.993
7.93659 109.059 194.025 290.923 368.149 475.907
8.01854 110.059 196.029 293.923 372.149 480.822
 8.1005 111.059 198.029 296.927 376.149 485.736
 8.1005 112.192 200.029 299.956 379.987 490.736
8.18291 113.192 202.029 303.008 383.853 495.736
8.18291 114.309 204.022 306.008 387.853 500.626
8.18291  115.44 206.022 309.037 391.692 505.626
8.18291  116.44  208.04 312.065 395.692  510.58
 8.2617  117.44  210.04  315.07 399.692 515.496
8.33915  118.44 212.009 318.023 403.692 520.496
8.33915  119.44 214.027  321.05 407.692 525.451
8.33915  120.44 216.079  324.05 411.601 530.489
8.33915 121.534 218.042 326.994 415.601 535.489
8.33915 122.534 220.094 329.994 419.512 540.528
8.33915 123.658 222.094 333.021  423.36 545.528
8.41438 124.658 224.097 336.021  427.36 550.449
8.41438 125.751 226.061 338.965  431.36 555.449
8.41438 126.873 228.061 341.991 435.211 560.449
8.48829 127.873 230.064 344.991 439.211 565.372
 8.5622 128.873 232.067 347.991 443.211 570.295
8.63593 129.983 234.067 350.991 447.028 575.295
8.70851 131.075 236.067 353.991 451.028  580.13
8.78109 132.168 238.067 356.991 455.028 584.965
8.85497 133.168 240.067 359.995 459.028 589.887
8.92864 134.276 242.067 362.995 462.846 594.887
9.00351 135.276 244.067 366.039 466.728 599.887
9.00351 136.394 246.067 369.064 470.585 604.887
9.00351 137.519 248.067 372.064 474.468 609.878
9.07295  138.58 250.067 374.934 478.468 614.878
9.14562  139.58  252.07 377.934 482.468 619.803
9.21828  140.58 254.073 380.934 486.468 624.727
9.29205  141.58 256.106 383.934 490.361 629.727
9.36155 142.639 258.106 386.806 494.361 634.727
9.36155 143.639 260.123 389.828 498.361 639.688
9.36155 144.741 262.123 392.819 502.361 644.595
9.43188 145.828 264.123 395.819 506.361 649.437
 9.5043 146.828 266.123 398.858 510.249 654.437
 9.5043  147.94 268.123  401.88 514.115 659.437
 9.5043 149.041 270.123 404.871 518.115 664.345
 9.5043 150.041  272.14 407.894 522.115 669.306
 9.5043 151.041 274.177 410.948 526.024 674.306
9.56989 152.084 276.069 413.948 530.024 679.306
9.56989 153.194 278.069 416.969 533.892 684.306
9.63979 154.194   280.1 419.969 537.791 689.306
9.70848 155.293   282.1 422.969 541.624 694.306
9.70848 156.403 284.117 425.969 545.496 699.306
9.77317 157.445  286.01 428.969 549.496 704.306
9.84157 158.445  288.01 431.972 553.496 709.235
9.90628 159.487 289.904 434.972 557.496 714.235
9.97465 160.487 291.904 437.974 561.496 719.164
9.97465 161.487 293.938 441.026  565.41 724.164
9.97465 162.487 295.938 444.084  569.33 729.186
10.0421 163.487  297.94 447.084  573.33 734.117
10.0421 164.592  299.94 450.105 577.204 739.117
10.0421 165.686  301.94 453.098 581.204 744.031
10.1076 166.767  303.94 456.098 585.204 748.884
10.1739 167.861  305.94 459.098 589.044 753.884
10.1739 168.861 307.973 462.149 592.959 758.884
10.1739 169.861 310.006   465.2 596.874 763.884
10.1739 170.861 312.021 468.223 600.874 768.847
10.1739 171.953 314.015 471.223 604.874 773.761
10.2386 173.045 316.015 474.223 608.717 778.761
10.2386 174.137 318.009 477.223 612.717 783.675
10.2386 175.137 320.049 480.223 616.648 788.703
10.3016 176.216 322.049 483.223 620.648 793.562
10.3016 177.318 324.064 486.223 624.531 798.562
10.3016 178.426 326.064 489.223 628.434 803.551
10.3649 179.426 328.066 492.223 632.434 808.486
10.3649 180.534 330.066 495.223 636.337 813.475
10.4278 181.534 332.066 498.226 640.337 818.409
10.4278  182.61 334.035 501.181 644.337 823.409
10.4278 183.711  336.05 504.181 648.222 828.409
10.4899 184.711 338.052 507.181 652.222 833.345
10.5512 185.711 340.027 510.144 656.222 838.345
10.5512 186.711 342.058 513.192 660.142 843.345
10.6106 187.762 344.058 516.082 664.142 848.345
10.6106 188.837 346.028 519.037 668.142 853.345
10.6106 189.837  348.06 522.083 672.064 858.345
10.6686 190.876 349.963 525.083 676.064 863.345
10.7266 191.914 351.867 528.083 680.064 868.345
10.7876 192.914 353.867 531.086 684.064 873.281
10.8457 193.952 355.771 534.086 688.064 878.281
10.8457 194.952 357.771 537.137 691.995 883.299
10.9041 196.002 359.771 540.029 695.995 888.299
10.9653 197.002 361.771  543.06 699.902 893.299
11.0259 198.002 363.771  546.06 703.902 898.238
11.0259 199.087 365.771 549.053 707.902 903.161
11.0871 200.087 367.771 552.053  711.83 908.172
11.0871 201.087 369.783 555.073  715.83  913.14
 11.147 202.087 371.783 558.075  719.83 918.078
 11.207 203.087 373.783 561.077  723.83 923.016
 11.207 204.185 375.783 564.077 727.743 928.006
 11.207 205.185 377.811 567.121 731.671 933.006
 11.207 206.255 379.782 570.079 735.671 938.006
11.2633 207.291  381.69 573.079 739.671 943.006
11.3202 208.338  383.69 575.975 743.671 948.006
11.3202 209.421  385.69 578.968 747.671 952.931
11.3782 210.421 387.666 581.934 751.671 957.931
11.3782 211.511 389.666 584.949 755.565 962.931
11.4339 212.547 391.574 587.949 759.565 967.931
11.4339 213.629 393.567 590.949 763.565 972.857
 11.492 214.629 395.566 593.949 767.565 977.799
11.5481 215.675 397.566 596.846 771.565 982.799
11.5481 216.675 399.566 599.892 775.503 987.815
11.5481 217.756 401.559 602.892 779.503 992.742
11.6053 218.835 403.559 605.892 783.366 997.742
11.6053 219.835 405.591 608.892 787.311 1002.77
11.6625 220.835  407.59 611.892 791.311 1007.71
11.6625 221.835 409.601  614.91 795.311 1012.68
11.6625 222.928 411.601  617.91 799.229 1017.67
11.7198 223.928 413.621  620.91 803.152 1022.67
11.7772 224.928 415.621  623.91 807.085 1027.68
11.8332 225.928 417.598 626.878 811.085 1032.68
11.8879 226.973 419.598 629.778 815.085 1037.68
11.9427 228.019 421.598 632.678 819.085 1042.68
11.9974 229.064 423.598 635.578 823.085 1047.68
11.9974 230.155 425.598 638.578 827.005 1052.67
11.9974  231.24 427.598 641.591 830.907 1057.67
11.9974 232.326 429.598 644.603 834.808 1062.67
11.9974 233.417 431.598 647.603 838.728 1067.66
11.9974 234.417 433.629 650.603 842.674 1072.68
11.9974 235.484 435.602 653.563 846.674 1077.68
11.9974 236.484 437.602 656.606 850.615  1082.7
11.9974 237.569 439.611 659.606  854.52  1087.7
 12.052 238.569  441.61 662.606  858.52 1092.64
 12.052 239.654  443.61 665.618 862.423 1097.64
12.1045 240.699  445.61 668.521 866.423 1102.64
12.1045 241.699  447.64 671.521  870.37 1107.67
12.1045 242.699  449.67 674.521 874.317 1112.69
12.1589 243.699 451.689 677.521 878.244 1117.69
12.2121 244.699 453.668 680.489 882.244 1122.69
12.2657 245.773 455.668 683.489 886.116 1127.69
12.3195 246.773 457.667 686.489 890.116 1132.64
12.3717 247.817 459.667 689.393 894.116 1137.64
12.4261 248.817 461.667 692.393 898.053 1142.64
12.4804 249.817 463.667 695.416 901.975 1147.64
12.5335  250.88 465.667 698.416 905.975 1152.53
12.5335  251.88 467.696 701.416 909.923 1157.55
12.5854 252.923 469.696 704.321 913.923 1162.55
12.5854 254.005 471.696 707.333  917.83 1167.55
12.6382 255.005 473.675   710.3  921.83 1172.55
12.6921 256.005 475.694   713.3 925.758 1177.55
12.6921 257.068 477.669 716.262 929.758 1182.55
12.6921 258.153 479.669 719.262 933.682 1187.54
12.7456 259.153 481.669 722.262  937.62 1192.55
12.7456 260.237 483.669 725.262 941.544 1197.54
12.7456   261.3 485.644 728.224 945.544 1202.54
12.7986   262.3 487.662 731.224 949.473 1207.54
12.7986  263.38 489.662 734.235 953.383 1212.54
12.8508  264.38 491.661 737.235 957.383 1217.49
12.9009 265.412 493.579 740.235 961.383 1222.49
12.9532 266.412 495.577 743.235 965.383 1227.44
12.9532 267.412 497.587 746.249 969.383 1232.42
12.9532  268.49 499.587 749.259 973.293 1237.42
13.0029 269.522 501.506 752.259 977.293 1242.42
13.0547 270.522 503.504 755.259 981.293 1247.37
 13.107 271.522 505.521 758.259 985.224 1252.37
13.1584 272.522   507.5 761.228 989.224 1257.37
13.2097 273.522  509.48 764.197 993.224 1262.37
 13.262 274.522 511.496 767.197 997.155 1267.37
13.3144 275.522 513.496 770.197  1001.1 1272.38
13.3666 276.522 515.496 773.218 1005.02 1277.38
13.4189 277.522 517.513 776.218 1008.95 1282.38
13.4189  278.59 519.506 779.218 1012.95 1287.31
13.4189 279.667 521.506 782.229 1016.87 1292.31
13.4189 280.726 523.482 785.193 1020.87 1297.31
13.4189 281.803  525.49 788.193 1024.78 1302.31
13.4189 282.803 527.516 791.193 1028.73 1307.34
13.4703 283.803 529.516 794.193 1032.67 1312.34
13.5209  284.87 531.516 797.193 1036.56 1317.34
13.5209  285.87 533.542 800.193 1040.51 1322.37
13.5209 286.946  535.55 803.193 1044.42 1327.37
13.5694 287.976 537.472 806.193 1048.42 1332.37
13.6203 288.976 539.488 809.193 1052.36 1337.37
13.6203 289.976 541.511 812.226  1056.3 1342.37
13.6203 291.051 543.518 815.226 1060.22 1347.37
13.6203 292.109 545.495 818.191 1064.22 1352.37
13.6203 293.176 547.488 821.191 1068.22 1357.31
13.6694 294.233 549.488 824.191 1072.22  1362.2
13.6694 295.301 551.481 827.191 1076.22 1367.14
13.6694 296.301 553.489 830.203 1080.22 1372.12
13.7193 297.301 555.489 833.203 1084.16 1377.13
13.7193 298.374 557.489 836.213 1088.08 1382.13
13.7685 299.374 559.489  839.21 1092.08 1387.08
13.7685 300.374 561.511 842.243 1096.02 1392.08
13.7685 301.441 563.504 845.243 1100.02 1397.02
13.7685 302.441 565.529 848.243 1103.98 1402.04
13.7685 303.514 567.536 851.243  1107.9 1407.04
13.7685 304.591 569.536 854.243 1111.83 1412.03
13.8168 305.591 571.534 857.243 1115.83 1416.99
13.8649 306.656 573.534 860.243 1119.71 1421.99
13.8649 307.729 575.534 863.252 1123.63 1426.99
13.9127 308.729 577.515 866.224 1127.63 1431.99
13.9127 309.801 579.515 869.233 1131.55 1436.99
13.9127 310.874 581.515 872.243 1135.47 1441.99
13.9127 311.874 583.524 875.255 1139.47 1446.97
13.9603 312.874 585.522 878.255 1143.47 1451.92
13.9603  313.95 587.522 881.255  1147.4 1456.91
13.9603 315.022 589.529 884.255 1151.32 1461.91
 14.008 316.022 591.529 887.275 1155.25 1466.91
 14.008 317.095 593.536 890.275 1159.17 1471.91
14.0546  318.15 595.536 893.275 1163.17 1476.81
14.1012 319.205 597.536 896.275 1167.17 1481.71
14.1471 320.244 599.536 899.191 1171.17 1486.71
14.1925 321.272 601.462 902.191 1175.17 1491.71
14.1925 322.272 603.486 905.191 1179.13 1496.73
14.2395 323.272 605.486 908.188 1183.13 1501.69
14.2395 324.344 607.493 911.188 1187.05 1506.69
14.2395 325.344 609.518 914.188    1191 1511.71
14.2858 326.344 611.499  917.16    1195 1516.71
14.3325 327.344 613.497  920.16    1199 1521.66
14.3325 328.344 615.518 923.191 1202.95 1526.66
14.3794 329.344 617.533 926.191 1206.89 1531.66
14.4256 330.344 619.514 929.163 1210.89 1536.66
14.4256 331.344 621.535 932.193 1214.84 1541.66
14.4714 332.397 623.535 935.193 1218.84 1546.56
14.5178 333.397 625.533 938.193 1222.84 1551.52
14.5642 334.397 627.533  941.19 1226.84 1556.48
  14.61  335.45 629.533  944.19 1230.84 1561.38
14.6567  336.45 631.533 947.209 1234.77 1566.38
14.7026 337.503 633.533 950.209 1238.77 1571.28
14.7026 338.572  635.54 953.209  1242.7 1576.28
14.7026 339.634  637.54   956.2  1246.7 1581.22
14.7026 340.634  639.56  959.23 1250.65 1586.22
14.7026 341.696 641.553  962.23 1254.65 1591.17
14.7479 342.749 643.553  965.23 1258.65 1596.07
14.7479 343.818  645.56  968.23 1262.57 1601.07
14.7479 344.818  647.58 971.259 1266.52 1606.07
14.7929  345.87  649.58 974.259 1270.52 1610.97
14.7929 346.932 651.574 977.259 1274.52 1615.92
14.8381 347.992 653.574 980.259 1278.42 1620.92
14.8838 348.992 655.588 983.259 1282.36 1625.92
14.8838  350.06 657.588 986.268 1286.28 1630.92
14.9286 351.112 659.588 989.268 1290.28 1635.82
14.9734 352.112  661.57 992.241 1294.28 1640.82
14.9734 353.183  663.57 995.241 1298.22 1645.81
 15.019 354.183  665.57 998.241 1302.17 1650.82
 15.019 355.251  667.57 1001.25 1306.09 1655.82
15.0643 356.251 669.584 1004.25 1310.03 1660.82
15.1093 357.251 671.583 1007.25 1314.03 1665.78
15.1527 358.277 673.512 1010.25 1318.03 1670.78
15.1975 359.336 675.512 1013.25 1321.93 1675.78
15.1975 360.397 677.506 1016.25 1325.93 1680.72
15.1975 361.467 679.506 1019.25 1329.87 1685.71
15.2425 362.467  681.52 1022.25 1333.81 1690.71
15.2425 363.528 683.514 1025.25 1337.81 1695.66
15.2871 364.528 685.512 1028.25 1341.81 1700.62
15.2871 365.528 687.512 1031.28 1345.76 1705.63
15.3315 366.528 689.512 1034.28 1349.76 1710.59
15.3764 367.528 691.512 1037.28 1353.71 1715.59
15.3764 368.588 693.512 1040.27 1357.71 1720.54
15.3764 369.588  695.52 1043.28 1361.71 1725.52
15.4208 370.588  697.52  1046.3 1365.65 1730.52
15.4208 371.653  699.52 1049.31 1369.58 1735.52
15.4208 372.653 701.527 1052.32 1373.58  1740.5
15.4644 373.653  703.51 1055.29 1377.58  1745.5
15.4644 374.653 705.532 1058.29 1381.54 1750.52
15.5086 375.653 707.545 1061.29 1385.48 1755.52
15.5086 376.653 709.545 1064.32 1389.44 1760.53
15.5511 377.687 711.545 1067.25 1393.44 1765.53
15.5511 378.687 713.568 1070.25  1397.4 1770.55
 15.595 379.687 715.581 1073.25 1401.34 1775.55
15.6389 380.687 717.594 1076.25 1405.28 1780.55
15.6825 381.687 719.594 1079.24 1409.28 1785.51
15.7246 382.713 721.527 1082.24 1413.28 1790.51
15.7667 383.738  723.46 1085.24 1417.28 1795.51
15.7667 384.738 725.467 1088.25 1421.28 1800.49
15.8101 385.738 727.467 1091.25 1425.28 1805.45
15.8532 386.738  729.45 1094.23 1429.28 1810.45
15.8532 387.801 731.456 1097.23 1433.21 1815.45
15.8532 388.801 733.474 1100.25 1437.17 1820.45
15.8967 389.801 735.474 1103.27 1441.11 1825.45
15.8967 390.801 737.481 1106.28 1445.11 1830.43
15.8967 391.801 739.503 1109.28 1449.07 1835.45
15.9395 392.856 741.503 1112.28 1452.97 1840.45
15.9395 393.919 743.503 1115.29  1456.9 1845.45
15.9395 394.982 745.509 1118.29 1460.83 1850.45
15.9808 396.006 747.443 1121.29 1464.83 1855.45
16.0236 397.006 749.443 1124.29 1468.83 1860.41
16.0236 398.006 751.443 1127.32 1472.79 1865.42
16.0657 399.054 753.443 1130.32 1476.79 1870.33
16.0657  400.11 755.437 1133.32 1480.79 1875.28
16.0657  401.11 757.437 1136.34 1484.75  1880.3
16.0657  402.11 759.454 1139.37  1488.7  1885.3
16.1067 403.134 761.389 1142.37  1492.7  1890.3
16.1067 404.183 763.369 1145.34  1496.7  1895.3
16.1067 405.245 765.375 1148.34 1500.64  1900.3
16.1067 406.301 767.369 1151.34 1504.64 1905.25
16.1067 407.356 769.363 1154.34 1508.64  1910.2
16.1489 408.356 771.363 1157.34 1512.59  1915.2
16.1489 409.412 773.363 1160.34 1516.59 1920.15
16.1904 410.466 775.363 1163.34 1520.49 1925.15
16.2318 411.466 777.346 1166.31 1524.49 1930.15
16.2318 412.528 779.351 1169.31 1528.43 1935.15
16.2318 413.528 781.369 1172.34 1532.38 1940.15
 16.273 414.528 783.352 1175.31 1536.38 1945.15
 16.273 415.576 785.332 1178.28 1540.38 1950.15
 16.314 416.622 787.332 1181.28 1544.38 1955.07
16.3557 417.622 789.332  1184.3 1548.32 1960.07
16.3557 418.622 791.353  1187.3 1552.29 1965.08
 16.396 419.655 793.353 1190.23 1556.29 1970.08
 16.396 420.655 795.373 1193.23 1560.25  1975.1
 16.396 421.655  797.39 1196.25 1564.21  1980.1
16.4374 422.655 799.402 1199.25 1568.15  1985.1
16.4782 423.655 801.385 1202.23 1572.15  1990.1
16.4782 424.655 803.402 1205.26 1576.11  1995.1
16.5179 425.678 805.339 1208.26 1580.11  2000.1
16.5179 426.738 807.344 1211.26 1584.05  2005.1
16.5179 427.792 809.338 1214.26 1588.05 2010.05
16.5584 428.792 811.322 1217.23 1592.05 2015.05
16.5584 429.792 813.322 1220.26 1596.01 2020.06
16.5584 430.792 815.328 1223.27 1600.01 2025.05
16.5992 431.792 817.328 1226.28 1603.95 2030.05
16.6388 432.824 819.328 1229.21 1607.95 2035.05
16.6782 433.847 821.266 1232.21 1611.95 2040.05
16.7184 434.892 823.266 1235.21 1615.95 2044.96
16.7184 435.939 825.247 1238.19 1619.95 2049.96
16.7591 436.939 827.247  1241.2 1623.89 2054.96
16.7591 437.939 829.247 1244.23 1627.85 2059.97
16.7997 438.939 831.247 1247.24  1631.8 2064.97
16.8397 439.983 833.247 1250.24  1635.8 2069.89
16.8804 440.983 835.247 1253.24 1639.75 2074.89
16.8804 441.983 837.247 1256.27 1643.71  2079.9
16.9209 442.983 839.258 1259.27 1647.66  2084.9
16.9615 443.983 841.258 1262.27 1651.62 2089.91
16.9615 445.029 843.239 1265.24 1655.62 2094.91
17.0008  446.06 845.239 1268.17 1659.62 2099.91
17.0412  447.06 847.239 1271.19 1663.56 2104.91
17.0805  448.09 849.239 1274.12 1667.56 2109.91
17.0805 449.148 851.244 1277.12  1671.5 2114.91
17.1202 450.192 853.244 1280.12  1675.5 2119.83
17.1202 451.192 855.263 1283.12 1679.46 2124.84
17.1202 452.244 857.257 1286.12 1683.46  2129.8
17.1601 453.244 859.255 1289.12 1687.46 2134.76
17.1988 454.267 861.193 1292.12 1691.46 2139.76
17.1988 455.319 863.187 1295.12 1695.46 2144.71
17.1988 456.376 865.187 1298.12  1699.4 2149.71
17.1988 457.376 867.187 1301.15 1703.36 2154.72
17.2382 458.376 869.171 1304.13 1707.36 2159.72
17.2382 459.376 871.177 1307.14 1711.36 2164.71
17.2774 460.376 873.161 1310.11 1715.36 2169.71
17.3167 461.376 875.145 1313.09 1719.36 2174.71
17.3562 462.376 877.145 1316.09 1723.36 2179.67
17.3562 463.432 879.145 1319.09  1727.3 2184.67
17.3562 464.491 881.145 1322.09 1731.25 2189.67
17.3956 465.491 883.145 1325.09 1735.25 2194.63
17.4349 466.491 885.142 1328.09 1739.25 2199.59
17.4745 467.491 887.153 1331.09  1743.2 2204.59
17.4745 468.548 889.157 1334.09 1747.14 2209.59
 17.514 469.548 891.168 1337.09 1751.09 2214.59
17.5533 470.548 893.165 1340.09 1755.09 2219.56
17.5914  471.57 895.105 1343.09 1759.09 2224.56
17.5914  472.57  897.12 1346.12 1763.05 2229.56
17.5914  473.57 899.138 1349.12 1767.01 2234.57
17.6302  474.57 901.123 1352.09 1771.01 2239.57
17.6695  475.57 903.133 1355.09 1774.96 2244.57
17.6695  476.62 905.133 1358.09 1778.96 2249.53
17.7088  477.62 907.143 1361.09 1782.91 2254.53
17.7088  478.67 909.143 1364.08 1786.91 2259.49
17.7466 479.692 911.083 1367.08 1790.91 2264.49
17.7466 480.747 913.088 1370.08 1794.86 2269.49
17.7845 481.776 915.088 1373.01 1798.86 2274.49
 17.823 482.818 917.088 1376.01 1802.86  2279.4
 17.823 483.876 919.088 1379.01  1806.8  2284.4
17.8617 484.876 921.085 1382.01  1810.8 2289.36
17.9001 485.918 923.085 1385.01  1814.8 2294.28
17.9385  486.96 925.085 1388.01  1818.8  2299.2
17.9385 488.014 927.085 1391.02 1822.74  2304.2
17.9775 489.014 929.085 1394.02  1826.7  2309.2
17.9775 490.072 931.085 1397.02 1830.65  2314.2
17.9775 491.127 933.089 1400.02 1834.59  2319.2
17.9775 492.176 935.083 1403.02 1838.59 2324.15
17.9775 493.226 937.077 1406.02 1842.59 2329.11
17.9775 494.275 939.072 1409.02 1846.59 2334.07
17.9775 495.325 941.072 1412.01 1850.59 2339.02
17.9775 496.325 943.072 1415.03 1854.56 2344.03
18.0152 497.367 945.072 1418.03 1858.56 2348.96
18.0152 498.367 947.086 1421.06 1862.52 2353.96
18.0535 499.367 949.086 1424.06 1866.48 2358.96
18.0904 500.389 951.028 1427.06 1870.48 2363.96
18.0904 501.438 953.028 1430.05 1874.48 2368.92
18.0904 502.438 955.042 1433.07 1878.44 2373.92
18.0904 503.495 957.042 1436.07 1882.39 2378.91
18.0904 504.544 959.037 1439.07 1886.39 2383.87
18.0904 505.544 961.051  1442.1 1890.35 2388.87
18.0904 506.587 963.034 1445.07 1894.35 2393.87
18.0904  507.63 965.016 1448.05 1898.35 2398.87
18.1277 508.677 967.016 1451.05 1902.27 2403.87
18.1652 509.677 969.016 1454.04 1906.27 2408.83
18.1652 510.731  971.02 1457.04 1910.21 2413.83
18.1652 511.784  973.02 1460.05 1914.15 2418.83
18.1652 512.784 975.034 1463.07 1918.11 2423.83
18.1652 513.784 977.052 1466.07 1922.08 2428.85
18.2021 514.784 979.036 1469.05 1926.08 2433.85
18.2021 515.838  981.04 1472.05 1930.02 2438.85
18.2021 516.886 983.034 1475.05 1934.02  2443.8
18.2021 517.886 985.049 1478.07 1937.99  2448.8
18.2392 518.886 987.058 1481.07 1941.94  2453.8
18.2761 519.886 989.058 1484.07 1945.94 2458.77
18.2761 520.942 991.058 1487.07 1949.89 2463.76
18.2761 521.942 993.058 1490.09 1953.86 2468.77
18.2761 522.995 995.058  1493.1  1957.8 2473.77
18.3121 524.023 997.058 1496.04  1961.8 2478.77
18.3121 525.076 999.062 1499.04 1965.74 2483.77
18.3121 526.076 1001.06 1502.06 1969.71 2488.78
18.3121 527.076 1003.06 1505.08 1973.67 2493.79
18.3487 528.076 1005.06  1508.1 1977.62 2498.79
18.3487 529.118 1007.05 1511.07 1981.62 2503.79
18.3849 530.118 1009.03 1514.05 1985.62 2508.79
18.4215 531.118 1011.03 1517.05 1989.58  2513.8
18.4215  532.16 1013.01 1520.03 1993.58  2518.8
18.4576  533.16    1015    1523 1997.58  2523.8
18.4576 534.208    1017    1526 2001.58 2528.76
18.4576 535.255 1018.99    1529 2005.58 2533.71
18.4936 536.255 1020.98 1531.98 2009.58 2538.71
18.4936 537.297 1022.96 1534.95 2013.58 2543.71
18.4936 538.349 1024.96 1537.95 2017.53 2548.71
18.4936 539.391 1026.95 1540.93 2021.53 2553.71
18.5289 540.419 1028.95 1543.86 2025.53 2558.71
18.5648 541.419 1030.95 1546.86 2029.53 2563.68
18.6008 542.419 1032.94 1549.86 2033.53 2568.65
18.6365 543.419 1034.93 1552.84 2037.53 2573.65
18.6724 544.464 1036.93 1555.84 2041.45 2578.65
18.6724 545.518 1038.93 1558.84  2045.4 2583.64
18.6724 546.565 1040.93 1561.83  2049.4  2588.6
18.7073 547.586 1042.87 1564.83  2053.4  2593.6
18.7073 548.586 1044.87 1567.86 2057.37 2598.61
18.7427 549.626 1046.87 1570.86 2061.37 2603.54
18.7785 550.626 1048.87 1573.86 2065.37  2608.5
18.7785 551.626 1050.88 1576.86 2069.37 2613.49
 18.814 552.626 1052.86 1579.84 2073.37 2618.49
 18.814 553.667 1054.85 1582.82 2077.37 2623.49
 18.814 554.667 1056.85 1585.83 2081.37 2628.48
18.8495 555.667 1058.85 1588.83 2085.37 2633.44
18.8849 556.667 1060.83 1591.81 2089.37 2638.44
18.9203 557.711 1062.83 1594.81 2093.29 2643.44
18.9561 558.711 1064.83 1597.81 2097.25 2648.45
18.9561 559.758 1066.83 1600.81 2101.25 2653.41
18.9906 560.778 1068.77 1603.81 2105.25 2658.41
18.9906 561.824 1070.77 1606.81 2109.25 2663.37
18.9906 562.875 1072.77 1609.81 2113.19 2668.37
18.9906 563.875 1074.77 1612.82 2117.19 2673.35
19.0261 564.875 1076.78 1615.82 2121.15 2678.35
19.0261 565.925 1078.78 1618.82 2125.09 2683.35
19.0604 566.946 1080.72 1621.82 2129.09 2688.35
19.0957 567.946 1082.72 1624.82 2133.09 2693.32
19.1307 568.946 1084.71  1627.8 2137.09 2698.32
19.1659 569.946 1086.71  1630.8 2141.09 2703.29
19.1659 570.999 1088.71  1633.8 2145.05 2708.28
19.2013 571.999 1090.71  1636.8    2149 2713.28
19.2364 572.999 1092.71  1639.8    2153 2718.25
19.2364 573.999 1094.71 1642.82 2156.97 2723.26
19.2713 574.999  1096.7  1645.8 2160.97 2728.26
19.3064 575.999  1098.7  1648.8 2164.97 2733.23
19.3406 577.019 1100.64  1651.8 2168.97 2738.23
19.3406 578.019 1102.66  1654.8 2172.94 2743.24
19.3406 579.019 1104.67  1657.8 2176.91 2748.25
19.3406 580.019 1106.69 1660.82 2180.88 2753.25
19.3406 581.019  1108.7 1663.84 2184.85 2758.25
19.3751 582.057  1110.7 1666.84 2188.85 2763.18
19.3751 583.106  1112.7 1669.84  2192.8 2768.18
19.4101 584.106 1114.71 1672.84 2196.75 2773.18
19.4101 585.151  1116.7 1675.84 2200.75 2778.14
19.4445 586.189  1118.7 1678.84 2204.75 2783.07
19.4445 587.228 1120.69 1681.82 2208.75 2788.07
19.4791 588.271 1122.69 1684.82 2212.67 2793.07
19.4791 589.271 1124.69 1687.84 2216.64 2798.08
19.4791 590.316 1126.69 1690.83 2220.64 2803.04
19.5135 591.359 1128.69 1693.83 2224.57 2808.04
19.5471 592.379 1130.63 1696.83 2228.57 2813.04
19.5471 593.379 1132.65 1699.85 2232.53 2818.04
19.5817 594.379 1134.65 1702.86 2236.49 2823.04
19.6153 595.399 1136.59 1705.86 2240.49 2828.04
19.6153  596.45 1138.59 1708.86 2244.44 2833.03
19.6499  597.45  1140.6 1711.86  2248.4 2838.03
19.6499  598.45  1142.6 1714.89 2252.37 2843.04
19.6499 599.494  1144.6 1717.89 2256.37    2848
19.6499 600.543  1146.6 1720.89 2260.32    2853
19.6843 601.543  1148.6 1723.89 2264.27    2858
19.6843 602.543 1150.62 1726.91 2268.24    2863
19.6843 603.594 1152.62 1729.91  2272.2    2868
19.6843 604.645 1154.62 1732.91 2276.15 2872.99
19.7182 605.645  1156.6 1735.89 2280.15 2877.99
 19.752 606.645 1158.59 1738.87 2284.15 2882.99
19.7859 607.645 1160.57 1741.85 2288.15 2887.99
19.7859 608.645 1162.59 1744.85 2292.13    2893
19.7859 609.695 1164.59 1747.85 2296.08    2898
19.8197 610.737 1166.59 1750.85 2300.01    2903
19.8197 611.737 1168.59 1753.87 2303.97 2908.01
19.8197 612.781 1170.58 1756.87 2307.97 2912.97
19.8197 613.825 1172.58 1759.87 2311.97 2917.93
19.8197 614.873 1174.58 1762.87 2315.92 2922.93
19.8536 615.873 1176.58 1765.88 2319.88 2927.93
19.8536 616.922 1178.58 1768.88 2323.83 2932.93
 19.887 617.922 1180.57 1771.87 2327.83 2937.93
19.9205 618.963 1182.57 1774.87 2331.75 2942.93
19.9205 620.002 1184.55 1777.84 2335.75 2947.93
19.9205 621.002 1186.55 1780.85 2339.75 2952.92
19.9539 622.002 1188.54 1783.83 2343.75 2957.92
19.9539 623.002 1190.56 1786.83 2347.72 2962.93
19.9865 624.021  1192.5 1789.83 2351.72 2967.93
  20.02 625.021  1194.5 1792.83 2355.72  2972.9
  20.02 626.065  1196.5 1795.82 2359.72 2977.87
  20.02 627.112  1198.5 1798.83 2363.67 2982.87
20.0532 628.154  1200.5 1801.83  2367.6 2987.87
20.0866 629.154  1202.5 1804.83  2371.6 2992.84
20.0866 630.201  1204.5 1807.83 2375.55 2997.84
20.1191  631.22 1206.45 1810.83 2379.55 3002.84
20.1191 632.263 1208.44 1813.83 2383.55  3007.8
20.1191 633.263 1210.45 1816.84 2387.55 3012.79
20.1523 634.263 1212.44 1819.84 2391.55 3017.76
20.1523 635.301 1214.43 1822.82 2395.55 3022.76
20.1523 636.339 1216.41 1825.79 2399.55 3027.76
20.1523 637.339 1218.42  1828.8 2403.55 3032.74
 20.185 638.376 1220.42  1831.8 2407.55 3037.68
 20.185 639.376 1222.43 1834.82 2411.51 3042.68
 20.185 640.425 1224.43 1837.82 2415.47 3047.67
 20.185 641.425 1226.44 1840.82 2419.45 3052.68
20.2177 642.425 1228.43  1843.8 2423.45 3057.68
20.2506 643.425 1230.43  1846.8 2427.45 3062.65
20.2506 644.472 1232.43  1849.8 2431.39 3067.65
20.2506 645.472 1234.44  1852.8 2435.37 3072.66
20.2506 646.472 1236.44 1855.83 2439.34 3077.67
20.2506 647.519 1238.44 1858.83 2443.29 3082.67
20.2506 648.519 1240.44 1861.85 2447.26 3087.68
20.2829 649.554 1242.44 1864.85 2451.26 3092.61
20.2829 650.554 1244.45 1867.85 2455.26  3097.6
20.3157 651.554 1246.45 1870.85 2459.22  3102.6
20.3482 652.554 1248.45 1873.85 2463.22 3107.57
20.3482 653.601 1250.45 1876.86 2467.17 3112.57
20.3482 654.601 1252.46 1879.87 2471.17 3117.56
20.3808 655.601 1254.46 1882.88 2475.13 3122.56
20.3808 656.649 1256.46 1885.88 2479.08 3127.56
20.3808 657.695 1258.46 1888.88 2483.03 3132.56
20.3808 658.737 1260.45 1891.88 2487.03 3137.52
20.4123 659.756  1262.4 1894.88 2491.03 3142.52
20.4123 660.805  1264.4 1897.88 2494.99 3147.51
20.4446 661.805  1266.4 1900.88 2498.99 3152.48
20.4766 662.805 1268.38 1903.86 2502.99 3157.48
20.4766 663.805 1270.38 1906.88 2506.96 3162.49
20.4766 664.805 1272.38  1909.9 2510.93  3167.5
20.5089 665.805 1274.38 1912.91 2514.89  3172.5
20.5409 666.805 1276.37 1915.89 2518.89  3177.5
20.5731 667.805 1278.37  1918.9 2522.85  3182.5
20.5731 668.805 1280.37 1921.91 2526.85 3187.49
20.6051 669.844 1282.37 1924.91 2530.78 3192.49
20.6372 670.844 1284.37 1927.91 2534.78 3197.46
20.6372 671.886 1286.36 1930.91 2538.78 3202.43
20.6685 672.904 1288.31 1933.91 2542.78 3207.43
20.6685 673.941  1290.3 1936.89 2546.78 3212.43
20.7006 674.941  1292.3  1939.9 2550.73 3217.43
20.7328 675.941  1294.3  1942.9 2554.69 3222.43
20.7647 676.941  1296.3  1945.9 2558.69  3227.4
20.7647 677.987 1298.31  1948.9 2562.65  3232.4
20.7964 679.021 1300.31  1951.9 2566.65 3237.33
20.7964 680.021 1302.31 1954.92 2570.62 3242.34
20.8276  681.04 1304.26 1957.92 2574.62 3247.34
20.8592 682.074 1306.26 1960.92 2578.62 3252.27
20.8592  683.12 1308.26 1963.92 2582.57 3257.27
20.8912  684.12 1310.27 1966.92 2586.53 3262.27
20.9229 685.159 1312.27 1969.92 2590.46 3267.27
20.9545 686.194 1314.27 1972.92 2594.46 3272.21
20.9865 687.194 1316.27 1975.93 2598.42 3277.21
20.9865 688.194 1318.27 1978.94 2602.42 3282.19
20.9865 689.239 1320.27 1981.94 2606.37 3287.19
20.9865 690.239 1322.27 1984.96 2610.34  3292.2
20.9865 691.284 1324.27 1987.96 2614.29  3297.2
21.0183 692.284 1326.27 1990.96 2618.26 3302.21
21.0183 693.284 1328.29 1993.96 2622.23 3307.22
21.0183 694.284  1330.3 1996.98  2626.2 3312.22
21.0493 695.308  1332.3 1999.92  2630.2 3317.22
21.0493 696.354  1334.3 2002.92 2634.16 3322.21
21.0808 697.354 1336.29 2005.92 2638.16 3327.18
21.1116 698.373 1338.24 2008.92 2642.16 3332.18
 21.143 699.373 1340.23 2011.91 2646.16 3337.18
21.1745 700.373 1342.23  2014.9 2650.16 3342.15
21.2061 701.373 1344.24  2017.9 2654.13 3347.15
21.2061 702.419 1346.24  2020.9 2658.09 3352.15
21.2061 703.419 1348.25 2023.92 2662.06 3357.15
21.2374 704.419 1350.23  2026.9 2666.06 3362.15
21.2374 705.454 1352.22 2029.88 2670.06 3367.15
21.2686 706.454 1354.21 2032.87 2674.06 3372.15
21.2998 707.493 1356.21 2035.87 2677.99 3377.15
21.3312 708.493  1358.2 2038.87 2681.99 3382.12
21.3625 709.493  1360.2 2041.87 2685.99 3387.09
21.3939 710.493  1362.2 2044.87 2689.99 3392.06
21.3939 711.533 1364.19 2047.87 2693.99 3397.03
21.3939 712.533 1366.19 2050.87 2697.99 3402.02
21.3939 713.577  1368.2 2053.87 2701.94 3407.02
21.4251 714.577 1370.19 2056.87 2705.94 3411.99
21.4251 715.621 1372.19 2059.88 2709.89 3416.99
21.4561 716.654 1374.19 2062.88 2713.89 3421.93
21.4561 717.694 1376.19 2065.87 2717.89 3426.89
21.4561 718.694  1378.2 2068.88 2721.89 3431.88
21.4561  719.73 1380.18 2071.86 2725.89 3436.88
21.4561  720.73 1382.18 2074.87 2729.89 3441.87
21.4561 721.773 1384.18 2077.87 2733.84 3446.87
21.4872 722.773 1386.19 2080.87 2737.81 3451.87
21.5183 723.773 1388.19 2083.87 2741.77 3456.87
21.5183 724.773 1390.19 2086.88 2745.77 3461.86
21.5183 725.773 1392.21 2089.88 2749.75 3466.87
21.5183 726.813 1394.21 2092.87 2753.75 3471.84
21.5183 727.858 1396.21 2095.87 2757.71 3476.83
21.5183 728.858 1398.22 2098.89 2761.68 3481.83
 21.549 729.858 1400.21 2101.89 2765.68 3486.81
 21.549 730.904 1402.21 2104.89 2769.64  3491.8
 21.549 731.904 1404.22  2107.9 2773.64 3496.79
 21.549 732.949 1406.22  2110.9  2777.6 3501.78
21.5795 733.949 1408.21 2113.88  2781.6 3506.78
  21.61 734.986 1410.21 2116.88 2785.54 3511.78
21.6406 735.986  1412.2 2119.88 2789.54 3516.76
21.6713 736.986 1414.21 2122.88  2793.5 3521.76
21.7018 738.024 1416.21 2125.88 2797.43 3526.76
21.7018 739.069 1418.21 2128.88 2801.39 3531.75
21.7018 740.112 1420.21 2131.88 2805.35 3536.75
21.7325 741.112 1422.22 2134.88 2809.31 3541.75
21.7623 742.129 1424.17 2137.88 2813.31 3546.75
21.7928 743.129 1426.17 2140.88 2817.31 3551.72
21.8228 744.152 1428.17 2143.83 2821.31 3556.72
21.8228 745.152 1430.17 2146.83 2825.31 3561.71
21.8228 746.192 1432.16 2149.83 2829.31 3566.68
21.8228 747.231 1434.16 2152.83 2833.31 3571.64
21.8533 748.231 1436.16 2155.84 2837.27 3576.64
21.8533  749.27 1438.16 2158.84 2841.27 3581.61
21.8533 750.309 1440.15 2161.84 2845.27 3586.58
21.8533 751.351 1442.15 2164.84 2849.22 3591.58
21.8533 752.351 1444.15 2167.86  2853.2 3596.59
21.8533 753.386 1446.14 2170.84  2857.2 3601.59
21.8533 754.428 1448.14 2173.84 2861.15 3606.59
21.8828 755.446 1450.09 2176.84 2865.15 3611.59
21.8828  756.48 1452.08 2179.83 2869.15 3616.59
21.9127 757.513 1454.08 2182.83 2873.15 3621.52
21.9428 758.513 1456.08 2185.82 2877.15  3626.5
 21.973 759.513 1458.08 2188.83 2881.11  3631.5
 21.973 760.551 1460.07 2191.83 2885.11 3636.46
 21.973 761.551 1462.07 2194.84 2889.11 3641.45
22.0032 762.551 1464.07 2197.84 2893.08 3646.45
22.0327 763.574 1466.07 2200.79 2897.08 3651.45
22.0628 764.574 1468.07  2203.8 2901.04 3656.45
22.0927 765.611 1470.07  2206.8 2904.97 3661.45
22.0927 766.611 1472.08  2209.8 2908.97 3666.44
22.0927 767.653 1474.08 2212.81 2912.93 3671.44
22.1221 768.676 1476.08 2215.75 2916.93 3676.44
22.1221 769.676 1478.08 2218.77  2920.9 3681.45
22.1221 770.718 1480.08 2221.77 2924.86 3686.45
22.1519 771.754 1482.08 2224.77 2928.79 3691.45
22.1819 772.754 1484.08 2227.77 2932.75 3696.45
22.1819 773.754 1486.08 2230.79 2936.73 3701.46
22.2117 774.754 1488.08 2233.79 2940.73 3706.43
22.2408 775.772 1490.04 2236.79 2944.73 3711.43
22.2408 776.814 1492.04 2239.79 2948.68 3716.43
22.2706 777.814 1494.04 2242.79 2952.68 3721.41
22.3005 778.814 1496.04 2245.79 2956.65 3726.41
22.3296 779.831    1498 2248.79 2960.65 3731.41
22.3296 780.875    1500 2251.79 2964.61  3736.4
22.3296 781.918    1502 2254.79 2968.57 3741.39
22.3296 782.952 1503.98 2257.77 2972.57 3746.39
22.3296 783.952 1505.99 2260.79 2976.55 3751.39
22.3296 784.952    1508 2263.79 2980.55 3756.38
22.3296 785.994    1510 2266.79  2984.5 3761.38
22.3585 787.011 1511.95 2269.79  2988.5 3766.38
22.3585 788.052 1513.95  2272.8 2992.46 3771.38
22.3585 789.086 1515.94 2275.78 2996.46 3776.38
22.3879 790.122 1517.94 2278.78 3000.39 3781.38
22.3879 791.164 1519.94 2281.78 3004.35 3786.38
22.4174 792.164 1521.94 2284.79 3008.31 3791.38
22.4174 793.164 1523.95 2287.79 3012.29  3796.4
22.4469 794.164 1525.95 2290.79 3016.25  3801.4
22.4469 795.164 1527.96  2293.8 3020.23  3806.4
22.4469 796.164 1529.97  2296.8  3024.2 3811.41
22.4469 797.164 1531.97 2299.82 3028.18 3816.42
22.4761   798.2 1533.97 2302.82 3032.11 3821.42
22.5055   799.2 1535.97 2305.83 3036.07 3826.42
22.5341 800.217 1537.93 2308.83 3040.07 3831.42
22.5341 801.254 1539.92 2311.83 3044.07 3836.39
22.5629 802.277 1541.92 2314.78 3048.07 3841.39
22.5629 803.314 1543.92 2317.77 3052.07 3846.35
22.5922 804.314 1545.93 2320.77 3056.04 3851.35
22.6211 805.346 1547.93 2323.77 3060.04 3856.29
22.6501 806.377 1549.93 2326.77 3064.04 3861.23
22.6788 807.399 1551.93 2329.72 3068.04 3866.23
 22.708 808.399 1553.93 2332.72 3072.04 3871.21
 22.708  809.44 1555.93 2335.72    3076 3876.21
 22.708 810.478 1557.93 2338.72    3080 3881.18
 22.708 811.478 1559.94 2341.72 3083.97 3886.19
22.7371 812.478 1561.93 2344.72 3087.97 3891.16
22.7661 813.478 1563.93 2347.71 3091.97 3896.13
22.7661 814.515 1565.93 2350.71 3095.97  3901.1
22.7661 815.553 1567.92 2353.71 3099.97 3906.07
22.7953 816.553 1569.93 2356.71 3103.94 3911.07
22.8244 817.553 1571.93 2359.71 3107.91 3916.07
22.8244 818.553 1573.93 2362.72 3111.91 3921.06
22.8535 819.553 1575.93 2365.72 3115.88 3926.06
22.8826 820.553 1577.93 2368.73 3119.84 3931.06
22.8826 821.585 1579.92 2371.71 3123.84 3936.06
22.9115 822.585 1581.92 2374.71 3127.84 3941.04
22.9115 823.585 1583.92 2377.72 3131.84 3946.03
22.9402 824.616 1585.92 2380.72 3135.84 3950.97
22.9402 825.616 1587.92 2383.72 3139.84 3955.96
22.9402 826.616 1589.93 2386.73 3143.84 3960.95
22.9691 827.616 1591.93 2389.73  3147.8 3965.95
22.9691 828.649 1593.92 2392.71  3151.8 3970.95
 22.998 829.649 1595.92 2395.71 3155.77 3975.95
23.0262 830.665 1597.87 2398.71 3159.77 3980.95
23.0262 831.665 1599.88 2401.73 3163.75 3985.95
23.0262 832.665 1601.89 2404.73 3167.73 3990.96
23.0548   833.7 1603.89 2407.73 3171.66 3995.96
23.0548 834.737 1605.89 2410.73 3175.66 4000.93
23.0548 835.777 1607.89 2413.73 3179.62 4005.93
23.0548 836.817 1609.89 2416.73 3183.58 4010.93
23.0834 837.817 1611.89 2419.73 3187.58  4015.9
23.1122 838.817  1613.9 2422.73 3191.54  4020.9
23.1402 839.834 1615.85 2425.73 3195.54  4025.9
23.1402 840.874 1617.85 2428.73  3199.5  4030.9
23.1681  841.89 1619.81 2431.73  3203.5  4035.9
23.1968  842.89 1621.81 2434.73 3207.47 4040.91
23.1968  843.89 1623.81 2437.75 3211.44 4045.91
23.1968  844.89 1625.82 2440.77 3215.42 4050.91
23.1968 845.922  1627.8 2443.75 3219.42 4055.91
23.2247 846.938 1629.76 2446.75 3223.42 4060.91
23.2532 847.938 1631.75 2449.75 3227.42 4065.89
23.2815 848.973 1633.75 2452.75 3231.35 4070.89
  23.31 849.973 1635.75 2455.74 3235.35 4075.86
23.3386 850.973 1637.75 2458.74 3239.32 4080.86
 23.367 851.973 1639.75 2461.74 3243.32 4085.84
23.3955 852.973 1641.75 2464.74 3247.32 4090.81
23.3955 854.009 1643.75 2467.73 3251.32 4095.78
23.4239 855.009 1645.75 2470.73 3255.32 4100.76
23.4523 856.009 1647.75 2473.73 3259.32 4105.73
23.4806 857.043 1649.75 2476.73 3263.26 4110.73
23.5092 858.043 1651.75 2479.73 3267.23 4115.73
23.5092 859.079 1653.75 2482.73 3271.23  4120.7
23.5092 860.079 1655.75 2485.74 3275.23 4125.69
23.5092 861.111 1657.73 2488.72 3279.23 4130.69
23.5369 862.127 1659.69 2491.72 3283.23 4135.69
23.5648 863.148 1661.69 2494.67 3287.23 4140.69
23.5648 864.184 1663.69 2497.67 3291.23 4145.66
23.5932 865.184 1665.69 2500.67  3295.2 4150.66
23.5932  866.22 1667.68 2503.67  3299.2 4155.63
23.5932 867.256 1669.68 2506.66  3303.2  4160.6
23.6216 868.256 1671.68 2509.66 3307.17  4165.6
23.6216 869.256 1673.69 2512.68 3311.14  4170.6
23.6496 870.256 1675.68 2515.66 3315.14  4175.6
23.6776 871.286 1677.68 2518.66 3319.14 4180.55
23.6776 872.318 1679.67 2521.65 3323.14 4185.55
23.6776 873.318 1681.67 2524.65 3327.14 4190.54
23.6776 874.358 1683.67 2527.65 3331.11 4195.53
23.7053 875.379 1685.67  2530.6 3335.11 4200.53
23.7053 876.415 1687.67  2533.6 3339.11  4205.5
23.7053 877.415 1689.67 2536.61 3343.11 4210.49
23.7053 878.454 1691.67 2539.61 3347.07 4215.49
23.7053 879.454 1693.68 2542.61 3351.05  4220.5
23.7053 880.493 1695.68 2545.61 3355.01  4225.5
23.7333 881.493 1697.68 2548.62 3358.97  4230.5
23.7333 882.493 1699.69 2551.64 3362.94  4235.5
23.7333 883.529 1701.68 2554.64 3366.94 4240.47
23.7612 884.529 1703.69 2557.64 3370.91 4245.47
23.7892 885.529 1705.69 2560.64 3374.88 4250.47
23.7892 886.529  1707.7 2563.65 3378.85 4255.47
23.7892 887.529  1709.7 2566.67 3382.83 4260.48
23.7892 888.529 1711.71 2569.68 3386.83 4265.47
23.7892 889.564 1713.71 2572.67 3390.83 4270.44
 23.817 890.564 1715.71 2575.67  3394.8 4275.44
 23.817 891.564 1717.72 2578.69 3398.77 4280.44
23.8448 892.564 1719.72  2581.7 3402.74 4285.44
23.8726 893.564 1721.72  2584.7  3406.7 4290.44
23.9002 894.597 1723.72  2587.7 3410.64 4295.44
23.9002 895.632 1725.72 2590.69 3414.64 4300.41
23.9278 896.632 1727.71 2593.67 3418.64 4305.41
23.9554 897.632 1729.71 2596.67 3422.64 4310.39
23.9554 898.632 1731.71 2599.68 3426.64 4315.38
23.9554 899.672 1733.71 2602.68 3430.61 4320.37
23.9554 900.707 1735.71 2605.68 3434.61 4325.34
23.9554 901.707 1737.72 2608.69 3438.58 4330.34
23.9554 902.745 1739.72  2611.7 3442.54 4335.34
23.9827 903.775 1741.72  2614.7 3446.54 4340.29
24.0104 904.775 1743.72  2617.7 3450.51 4345.29
24.0377 905.775 1745.71 2620.68 3454.51 4350.29
24.0377 906.775 1747.71 2623.69 3458.51 4355.28
24.0377 907.775 1749.71 2626.69 3462.51 4360.27
 24.065 908.804 1751.71 2629.69 3466.51 4365.21
24.0926 909.804 1753.71 2632.69 3470.48 4370.21
24.1201 910.804 1755.71 2635.69 3474.46 4375.21
24.1201 911.839 1757.71 2638.69 3478.46 4380.18
24.1475 912.839  1759.7 2641.69 3482.46 4385.16
24.1744 913.854 1761.66 2644.69 3486.46 4390.16
24.2019 914.854 1763.66  2647.7 3490.42 4395.16
24.2019 915.892 1765.66 2650.71 3494.38 4400.16
24.2019 916.927 1767.66  2653.7 3498.38 4405.13
24.2019 917.966 1769.66  2656.7 3502.35 4410.12
24.2019 919.001 1771.66 2659.69 3506.35  4415.1
24.2288 920.021 1773.66 2662.65 3510.35  4420.1
24.2288 921.021 1775.67 2665.65 3514.33 4425.11
24.2559 922.054 1777.67 2668.65 3518.27 4430.11
24.2559 923.054 1779.68 2671.66 3522.24 4435.11
24.2559 924.093 1781.68 2674.66 3526.21  4440.1
24.2829 925.122 1783.68 2677.66 3530.21 4445.04
24.3101 926.122 1785.68 2680.66 3534.21 4450.02
24.3373 927.122 1787.68 2683.66 3538.21    4455
24.3646 928.122 1789.68 2686.66 3542.18    4460
24.3646 929.122 1791.68 2689.68 3546.16    4465
24.3646 930.157 1793.68 2692.67 3550.16 4469.98
24.3917 931.157 1795.68 2695.67 3554.16 4474.95
24.3917 932.191 1797.67 2698.67 3558.16 4479.92
24.4188 933.191 1799.67 2701.67 3562.16  4484.9
24.4455 934.211 1801.67 2704.62 3566.16  4489.9
24.4455 935.211 1803.68 2707.63 3570.13  4494.9
24.4455 936.211 1805.68 2710.64 3574.13 4499.89
24.4724 937.211 1807.67 2713.62 3578.13 4504.89
24.4724 938.241 1809.66 2716.61 3582.13 4509.89
24.4994 939.273 1811.66 2719.61 3586.07 4514.89
24.4994 940.273 1813.66 2722.61 3590.07 4519.88
24.5258 941.289 1815.62 2725.61 3594.07 4524.88
24.5528 942.289 1817.62 2728.61 3598.07 4529.85
24.5796 943.289 1819.61  2731.6 3602.07 4534.85
24.5796 944.319 1821.59 2734.58 3606.07 4539.85
24.6067 945.319 1823.59 2737.58 3610.05 4544.86
24.6067 946.356  1825.6 2740.58 3614.01 4549.86
24.6067  947.39 1827.59 2743.58 3618.01 4554.83
24.6336  948.39 1829.59 2746.58 3622.01  4559.8
24.6604 949.422 1831.59 2749.58 3625.95  4564.8
24.6604 950.461 1833.59 2752.58 3629.92  4569.8
24.6873 951.461 1835.59 2755.59 3633.88  4574.8
24.6873 952.461 1837.59  2758.6 3637.86  4579.8
24.6873 953.498 1839.59  2761.6 3641.82  4584.8
24.6873 954.498  1841.6 2764.62  3645.8  4589.8
24.7142 955.498  1843.6 2767.62 3649.76  4594.8
24.7142 956.498 1845.61 2770.62 3653.74 4599.81
24.7409 957.498 1847.61 2773.62 3657.74 4604.79
24.7409 958.532  1849.6 2776.62 3661.74 4609.76
24.7409 959.562 1851.59  2779.6 3665.74 4614.76
24.7409 960.562  1853.6  2782.6 3669.72 4619.77
24.7409 961.598  1855.6 2785.61 3673.68 4624.77
24.7672 962.618  1857.6 2788.56 3677.68 4629.77
24.7933 963.633 1859.56 2791.56 3681.68 4634.77
  24.82 964.633 1861.56 2794.56 3685.65 4639.77
  24.82 965.667 1863.56 2797.56 3689.65 4644.74
24.8467 966.667 1865.56 2800.56 3693.62 4649.74
24.8729 967.686 1867.56 2803.51 3697.62 4654.74
24.8997 968.686 1869.56 2806.51  3701.6 4659.75
24.8997 969.686 1871.56 2809.53 3705.57 4664.75
24.9263 970.686 1873.57 2812.53 3709.54 4669.75
24.9529 971.686 1875.56 2815.53 3713.54 4674.73
24.9793 972.714 1877.56 2818.53 3717.54 4679.67
24.9793 973.714 1879.57 2821.53 3721.54 4684.67
24.9793 974.751 1881.57 2824.54  3725.5 4689.67
25.0057 975.751 1883.55 2827.52  3729.5 4694.67
25.0057 976.751 1885.56 2830.54 3733.48 4699.67
25.0322 977.751 1887.56 2833.54 3737.48 4704.64
25.0588 978.751 1889.56 2836.54 3741.45 4709.64
25.0852 979.751 1891.56 2839.53 3745.45 4714.62
25.1117 980.751 1893.56 2842.53 3749.45  4719.6
25.1117 981.787 1895.56 2845.53 3753.41  4724.6
25.1117 982.823 1897.56 2848.54 3757.37  4729.6
25.1378 983.842 1899.56 2851.49 3761.37  4734.6
25.1643 984.842 1901.57 2854.49 3765.34  4739.6
25.1643 985.842 1903.58 2857.49 3769.32 4744.61
25.1643 986.875 1905.58 2860.48 3773.32 4749.58
25.1906 987.875 1907.57 2863.47 3777.32 4754.58
25.1906 988.875 1909.58 2866.48  3781.3 4759.58
 25.217 989.875 1911.58 2869.49 3785.26 4764.58
25.2432 990.906 1913.58 2872.49 3789.21 4769.58
25.2696 991.906 1915.57 2875.49 3793.21 4774.55
25.2696 992.906 1917.57 2878.51 3797.18 4779.56
 25.296 993.906 1919.58 2881.51 3801.15 4784.56
25.3222 994.937 1921.58 2884.51 3805.09 4789.56
25.3222 995.973 1923.58 2887.51 3809.06 4794.56
25.3222 996.973 1925.59 2890.52 3813.03 4799.56
25.3222 997.973  1927.6 2893.52 3817.01 4804.57
25.3222 999.009  1929.6 2896.52 3820.98 4809.57
25.3222 1000.05  1931.6 2899.52 3824.94 4814.57
25.3484 1001.05  1933.6 2902.52 3828.94 4819.54
25.3484 1002.05  1935.6 2905.54 3832.92 4824.55
25.3484 1003.05  1937.6 2908.55  3836.9 4829.56
25.3745 1004.05  1939.6 2911.55  3840.9 4834.53
25.4007 1005.05  1941.6 2914.56 3844.87 4839.53
25.4007 1006.05  1943.6 2917.57 3848.84 4844.53
25.4007 1007.08  1945.6 2920.57 3852.84 4849.51
25.4267 1008.08 1947.59 2923.55 3856.84 4854.51
25.4267 1009.11 1949.58 2926.53 3860.84 4859.51
25.4523 1010.12 1951.54 2929.53 3864.84 4864.51
25.4523 1011.15 1953.53 2932.52 3868.84 4869.51
25.4523 1012.19 1955.53 2935.52  3872.8 4874.51
25.4523 1013.22 1957.53 2938.52 3876.77 4879.51
25.4783 1014.22 1959.53 2941.52 3880.74 4884.51
25.5044 1015.22 1961.53 2944.53 3884.71 4889.51
25.5044 1016.22 1963.53 2947.54 3888.69 4894.51
25.5302 1017.22 1965.52 2950.53 3892.69 4899.51
25.5302 1018.26 1967.52 2953.53 3896.65 4904.51
25.5302 1019.26 1969.52 2956.53 3900.65  4909.5
25.5302 1020.29 1971.52 2959.54 3904.62  4914.5
25.5561 1021.29 1973.52 2962.54 3908.62 4919.48
25.5818 1022.32 1975.52 2965.54 3912.62 4924.42
25.6072 1023.34 1977.48 2968.54 3916.62 4929.42
25.6331 1024.34 1979.48 2971.54 3920.58 4934.42
25.6331 1025.34 1981.49 2974.54 3924.56 4939.43
25.6585 1026.35 1983.45 2977.54 3928.56 4944.43
25.6585 1027.39 1985.45 2980.54 3932.53 4949.43
25.6585 1028.39 1987.46 2983.54 3936.51 4954.44
25.6585 1029.42 1989.46 2986.54 3940.47 4959.44
25.6585 1030.42 1991.46 2989.56 3944.45 4964.45
25.6585 1031.42 1993.46 2992.57 3948.45 4969.44
25.6837 1032.44 1995.42 2995.57 3952.45 4974.44
25.6837 1033.44 1997.43 2998.58 3956.43 4979.44
25.6837 1034.47 1999.43 3001.58 3960.43 4984.41