      3       2       3       4       3       6
4.63636 3.09091       5       7       7 9.27273
4.63636 4.09091       7 10.6094 10.6094  14.054
5.88686 5.09091   8.888 13.6094 13.4709  19.054
7.10851 6.09091  10.888 16.4336 17.4709 23.0081
7.10851 7.09091 13.0513 19.6988 21.4709 27.5796
8.24771 8.09091 15.0513 22.6988 24.9118 31.9994
8.24771 9.25063 17.0513 25.9524 28.9118 36.5861
8.96388 10.0539 18.5319 28.9524 32.9118 41.5861
9.84978 11.0539 20.5319 31.8138 36.1645 46.5861
9.84978 12.0539 22.7187 34.8138 40.0162 51.5478
9.84978  13.171 24.8242 37.8138 44.0162 56.3251
9.84978  14.171  26.919 41.0047 47.7305 61.3251
10.5492  15.171  28.919 43.9162 51.1195 66.3251
11.2485  16.171  30.919 46.8277 54.5086 71.3251
 11.944  17.171  32.919 49.7228 58.5086 75.7346
12.6372  18.171 34.8297 52.7228 62.5086 80.1306
13.3207 19.1538 36.8297 55.7228 66.5086 84.4644
13.3207 20.2448 38.9276 58.7228 70.5086 89.2755
 13.872 21.0826 40.5385 61.7228 74.5086 94.2755
14.5176 22.0826 42.4252 64.7228 77.9763 99.2755
14.5176 23.1078  44.395 67.7278 81.9763 104.276
15.1245 24.0739  46.395 70.7278 85.4034 109.276
15.7446 25.0739  48.395 73.6275 89.4034 113.756
15.7446 26.0739 50.5112 76.6275 93.3128  118.73
16.3271 27.0386 52.5112 79.6275 96.7655  123.73
16.9202 28.0386 54.5112 82.5198  100.28  128.73
16.9202 29.1294 56.5112 85.5198 104.181 133.738
16.9202 30.1294 58.5112 88.6926 108.047   138.7
16.9202 31.1824 60.5112 91.7923 112.047 143.547
16.9202 32.1824 62.5565  94.895 116.047 148.399
16.9202 33.2006 64.5358 97.8974 120.047 153.399
16.9202 34.2833 66.5358 100.897 123.962 158.402
16.9202 35.3414 68.5892 103.897 127.962  163.29
16.9202 36.3414 70.6859 106.897 131.873 168.282
16.9202 37.3607 72.6685 109.896 135.873 173.282
17.3443 38.3607 74.4899  112.65 139.873 178.282
17.7944 39.3607 76.4899 115.573 143.873 182.908
17.7944 40.4092 78.4899 118.652 147.873 187.781
17.7944 41.4092 80.4899 121.786 151.779 192.741
18.2182 42.3954 82.4899 124.786 155.779 197.331
18.2182 43.4142 84.4722 127.785 159.779 202.331
18.2182  44.433 86.4546 130.784 163.779 207.331
18.2182 45.4784 88.4546 133.861 167.779 212.209
18.6164 46.4784 90.3884 136.861 171.447 217.209
 19.016 47.4784 92.3884 139.799 175.447 221.871
19.3945 48.4784 94.2273 142.581 179.447 226.871
19.3945 49.5443 96.2273 145.581 183.393  231.86
19.3945 50.5914 98.2273 148.658 187.269  236.86
19.7777 51.5914 100.227 151.595 191.269  241.54
 20.159 52.5914 102.159 154.595 194.956  246.54
20.5355 53.5737 104.159 157.595 198.597  251.54
20.9175 54.5737 106.097 160.595 202.597  256.22
20.9175 55.6253 108.142 163.595 206.501  261.22
20.9175 56.6253 110.171 166.665 210.501 266.121
21.2862 57.6253 112.112 169.665 214.501 270.811
21.6489 58.6073 114.112 172.665 218.156 275.811
21.6489 59.6526 116.148 175.665 222.156  280.73
21.6489 60.6526 118.148 178.771 226.085 285.695
21.6489 61.6921 120.148 181.835 230.085 290.591
22.0082 62.6921 122.148 184.835 233.903 295.414
22.3536  63.676 124.148 187.835 237.574 300.414
22.3536  64.693  126.13 190.835 241.574 305.414
22.6976  65.693  128.13 193.773 245.292 310.414
22.6976  66.693  130.13 196.875  249.22 315.384
22.6976 67.7335  132.13 199.947 253.108 320.384
23.0316 68.7335  134.13 202.889 256.832 325.384
 23.362 69.7194  136.13 205.889 260.516 330.384
23.6959 70.7194  138.13 208.832 264.239 335.384
24.0298 71.7194  140.13 211.774 267.963 340.384
24.3354 72.6315 141.913 214.774 271.963 345.384
24.3354 73.6315 143.969 217.774 275.903 350.388
24.3354 74.6315 146.001 220.848 279.797 355.388
24.6599 75.6315 148.001 223.793 283.528 360.388
24.6599 76.6315 150.022 226.849 287.528  365.31
24.9795 77.6315 151.967 229.849 291.528 370.045
25.2996 78.6315 153.967 232.794 295.263 375.045
25.6066 79.6315 155.835 235.619 299.263 380.045
25.9008 80.5466 157.626 238.619 303.263 385.045
25.9008 81.5879 159.664 241.619 307.183 390.045
25.9008 82.5879 161.681 244.672 311.183 394.974
25.9008  83.635 163.681 247.672 315.129 399.982
25.9008  84.635 165.699 250.725 319.129 404.912
25.9008 85.6485 167.683 253.727 323.129 409.912
25.9008 86.6485  169.71 256.794 327.035 414.912
26.1978 87.6485  171.71 259.739 331.035  419.67
26.5013 88.6485  173.71 262.739  334.87 424.532
26.7818 89.5868  175.71  265.52  338.87 429.532
27.0624 90.5252  177.71 268.301  342.87 434.532
27.3592 91.5252  179.71 271.244  346.63 439.532
27.6452 92.5252 181.588 274.079  350.63 444.532
27.9256 93.4639 183.588  276.86  354.63 449.532
27.9256 94.4899 185.588 279.899  358.63 454.466
28.2159 95.4721 187.588 282.899 362.358 459.466
28.2159 96.4721 189.606 285.942 366.358 464.407
28.5033 97.4546 191.606 288.942 370.358 469.137
28.7928 98.4546 193.552 291.942 374.358 473.902
28.7928 99.4889 195.585 294.942  378.29 478.902
  29.07 100.489 197.468 297.781  382.29 483.902
29.3565 101.489 199.414 300.781 386.058 488.902
29.6404 102.471 201.414 303.781 389.792 493.902
29.6404 103.498 203.434 306.781 393.792 498.854
29.6404 104.498 205.434  309.85 397.732 503.845
29.9075  105.44 207.434 312.642 401.732 508.845
30.1888  106.44 209.434 315.582  405.51 513.845
30.1888 107.463 211.434 318.617  409.51 518.787
30.1888 108.487 213.434 321.652  413.51 523.728
30.4641 109.487 215.381 324.652  417.51 528.506
30.4641 110.487 217.405 327.704 421.434 533.506
30.7375 111.487 219.405 330.644 425.434 538.293
31.0109 112.487 221.405 333.585 429.219 543.293
31.0109 113.487  223.43 336.636 433.144 548.293
 31.282 114.487  225.43 339.578 436.931 553.293
31.5398  115.43  227.43 342.377 440.931 558.293
31.5398 116.466  229.43 345.377 444.886 563.301
31.5398 117.466 231.455 348.425 448.813 568.301
31.5398 118.466  233.47  351.46 452.813 573.251
31.5398 119.501  235.47  354.46 456.769 578.259
 31.801 120.501 237.421  357.46 460.769 583.048
32.0604 121.484 239.421  360.46 464.527 588.048
32.0604 122.514 241.451  363.46 468.467 593.048
32.3198 123.514 243.451 366.401 472.467 597.847
32.5788 124.514 245.402 369.401 476.467 602.638
32.8382 125.514 247.402 372.343 480.467 607.437
33.0972 126.514 249.353 375.343 484.256 612.437
33.3542 127.496 251.353 378.343 488.017 617.437
33.3542 128.496 253.368 381.377 492.017 622.388
33.6093 129.479 255.368 384.377 495.779 627.388
33.8665 130.479 257.368 387.318 499.779 632.189
33.8665 131.479 259.368 390.377 503.727 637.182
34.1057 132.408   261.2 393.377 507.727 642.182
 34.361 133.408   263.2 396.322 511.527 647.182
 34.361  134.44   265.2 399.322 515.486 652.191
34.6029 135.387   267.2 402.133 519.486 657.191
34.8555 136.387 269.151 405.133 523.486 661.988
34.8555 137.387 271.186 408.133 527.444 666.994
35.0957 138.334 273.186 410.946 531.444 671.994
35.0957 139.361 275.214 413.946 535.389 676.994
 35.343 140.343 277.214 416.946 539.389 681.765
 35.592 141.343 279.166 419.946 543.188 686.765
35.8414 142.343 281.166  422.89 546.995 691.765
36.0909 143.343 283.166 425.833 550.803 696.765
36.0909 144.343 285.181 428.862 554.803 701.721
36.3386 145.343 287.181 431.806 558.611 706.721
36.5755  146.29 289.181 434.621 562.611 711.721
36.8209 147.271 291.181 437.621 566.611 716.495
36.8209 148.271 293.195 440.649 570.611 721.452
36.8209 149.291 295.212 443.649 574.611 726.415
36.8209 150.317  297.24 446.649 578.558 731.415
36.8209 151.317 299.275 449.649 582.517 736.421
37.0598 152.299 301.275 452.649 586.297 741.421
37.0598 153.299 303.298 455.689 590.234 746.421
37.2925 154.299 305.203 458.551 594.234 751.421
37.2925 155.299 307.236 461.551 598.194 756.428
37.2925 156.299 309.259  464.59 602.132 761.428
 37.529 157.299 311.259 467.536  605.95 766.428
 37.529 158.299 313.293 470.536 609.909 771.435
 37.529 159.321 315.293 473.575 613.848 776.435
37.7622 160.321 317.293 476.517 617.848  781.26
37.9948 161.321 319.247 479.517 621.848 786.072
37.9948 162.329 321.242 482.514 625.848 791.072
37.9948 163.348 323.259 485.514 629.848 796.037
37.9948 164.367 325.275 488.514 633.848 801.002
38.2238 165.367 327.275 491.458 637.848 805.829
 38.451  166.35 329.275 494.458 641.848 810.619
38.6831  167.35 331.275 497.458 645.722 815.513
38.6831 168.373 333.301 500.458 649.672 820.513
38.6831 169.395 335.301 503.494 653.614 825.513
38.9076 170.378 337.301 506.494 657.614 830.305
38.9076 171.396 339.301 509.519 661.614 835.263
39.1238 172.348 341.301  512.35 665.614 840.263
39.1238 173.366 343.318  515.35 669.614 845.228
39.1238 174.384 345.318 518.374 673.614 850.187
39.1238 175.384 347.333 521.398 677.614 855.147
39.3444 176.384 349.291 524.398 681.614 859.969
39.5656 177.384 351.291 527.346 685.445 864.969
39.7895 178.384 353.291 530.346 689.325 869.865
40.0089 179.367 355.291 533.346 693.325 874.662
40.2284 180.351 357.291 536.346 697.325 879.459
40.4494 181.351 359.291 539.293 701.157 884.459
40.4494 182.373 361.316 542.293 705.109 889.459
40.6676 183.357 363.316 545.293 709.109 894.257
40.8868 184.357 365.275 548.293 712.932 899.257
41.0982  185.31 367.275 551.128 716.932 904.257
41.0982  186.31 369.275 554.173 720.892 909.252
41.3163  187.31 371.234 557.173 724.892 914.075
41.5376  188.31 373.234 560.173 728.775 918.971
41.5376 189.336 375.234 563.173 732.744 923.976
41.7544 190.336 377.193 566.173 736.744   928.8
41.9745 191.336 379.193 569.173 740.628 933.696
41.9745 192.352 381.193 572.196 744.628 938.656
41.9745 193.374 383.217 575.196 748.582 943.656
41.9745 194.395 385.241 578.196 752.536 948.656
42.1868 195.378 387.241 581.196 756.341 953.656
42.1868 196.386 389.238 584.193 760.341 958.656
42.1868 197.386 391.252 587.216 764.341 963.618
42.1868 198.411 393.252 590.216 768.311 968.623
42.3976 199.411 395.252 593.166 772.151 973.623
42.3976 200.427 397.252 596.188 776.151 978.584
42.6022 201.427  399.17 599.066 780.151 983.584
42.8115 202.427  401.13 602.066 784.151 988.415
43.0206 203.427  403.09 605.066 787.982 993.415
43.0206 204.452  405.09 608.066 791.952  998.42
43.0206 205.471  407.09 611.098   795.9 1003.42
43.0206 206.492 409.113 614.098 799.856 1008.42
43.2224 207.492 411.032 616.978 803.856 1013.42
43.2224 208.492 413.061 619.978 807.824 1018.42
43.4263 209.476 415.061 622.978 811.636 1023.42
43.6315 210.476 417.021 625.978 815.636 1028.26
 43.837 211.476 419.021 628.927 819.636  1033.1
44.0422 212.476 420.982 631.927 823.636 1037.94
44.2473 213.476 422.943 634.927 827.636 1042.77
44.4528 214.476 424.943 637.877 831.481 1047.77
44.4528 215.492 426.943 640.898 835.481 1052.73
44.4528 216.516 428.943 643.898 839.453 1057.74
44.4528 217.516 430.961 646.929 843.404 1062.74
44.4528 218.516 432.975 649.951 847.404  1067.7
44.4528 219.516 434.975 652.992 851.368  1072.7
44.6468 220.474 436.975  655.84 855.368  1077.7
44.8407 221.432 438.975 658.689 859.368  1082.7
44.8407 222.455 440.975 661.689  863.34  1087.7
45.0406 223.455 442.975 664.639  867.19  1092.7
45.2401 224.455 444.936 667.639  871.19 1097.54
45.2401 225.471 446.951 670.639  875.19 1102.51
45.2401 226.491 448.972 673.639 879.148 1107.51
45.4338 227.491 450.895 676.523 883.148 1112.51
45.6275 228.491 452.817 679.407 887.148 1117.51
45.6275 229.491 454.835 682.435 891.102 1122.51
45.6275 230.511 456.856 685.435 895.061 1127.51
45.8195 231.511 458.779  688.32 899.061 1132.51
46.0154 232.511  460.74  691.32 902.904 1137.51
46.0154 233.526  462.74 694.339 906.904 1142.48
46.0154 234.542 464.753 697.339 910.904 1147.45
46.2036 235.501 466.753 700.191 914.904 1152.45
46.3888 236.445 468.624 703.191 918.904 1157.45
46.5792 237.445 470.548 706.077 922.904 1162.45
46.7674 238.405 472.548  708.93 926.904 1167.45
46.7674 239.419 474.548 711.947 930.904 1172.41
46.7674 240.435  476.56 714.947 934.904 1177.39
46.7674  241.45 478.573 717.947 938.904 1182.36
46.7674  242.45 480.597 720.947 942.877 1187.36
46.9583  243.45 482.559 723.947 946.877 1192.21
46.9583 244.465 484.559 726.964 950.877 1197.18
47.1484 245.465 486.521 729.964 954.877 1202.02
47.3377  246.45 488.521 732.964 958.877 1206.85
47.3377  247.45 490.521 735.998 962.847 1211.85
47.5259 248.434 492.521 738.998 966.675 1216.85
47.7151 249.434 494.483 741.998 970.524 1221.85
47.9044 250.434 496.444 744.998 974.373 1226.85
47.9044 251.434 498.468 747.998 978.347 1231.85
47.9044 252.434 500.493 750.998  982.32 1236.85
48.0839 253.379 502.368 753.998  986.32 1241.85
48.2705 254.363 504.368 756.998 990.149 1246.85
48.4548 255.363 506.293 759.888 994.149 1251.85
 48.643 256.363 508.293 762.839 998.149 1256.71
 48.643 257.381 510.312 765.839 1002.11 1261.71
48.8323 258.381 512.312 768.839 1006.01 1266.62
48.8323 259.402 514.312 771.839 1009.99 1271.63
49.0104 260.348 516.187 774.839 1013.99 1276.63
49.1912 261.309 518.187 777.698 1017.99 1281.63
49.1912 262.326 520.205 780.698 1021.95 1286.63
49.3714 263.287 522.205 783.557 1025.95 1291.63
49.3714 264.303 524.205 786.581 1029.91 1296.63
49.5566 265.303 526.205 789.532 1033.91 1301.49
49.5566  266.32 528.223 792.532 1037.88 1306.49
49.7354 267.282 530.223 795.392 1041.88 1311.49
49.7354 268.295 532.235 798.392 1045.88 1316.47
49.7354 269.295 534.245 801.408 1049.88 1321.44
49.9103 270.242 536.123 804.408 1053.88 1326.44
50.0922 271.227 538.123 807.408 1057.88 1331.27
50.2747 272.227 540.085 810.408 1061.73 1336.27
50.4578 273.227 542.085 813.359 1065.73 1341.14
50.4578 274.227 544.085  816.39  1069.7 1346.14
50.4578  275.24 546.085 819.405  1073.7 1351.11
50.4578  276.24 548.095 822.421  1077.7 1356.08
50.4578 277.255 550.095 825.444 1081.67 1361.08
50.6378 278.255 552.057 828.444 1085.52 1366.08
50.8178 279.255  554.02 831.444 1089.52 1370.94
50.9983 280.255  556.02 834.396 1093.52 1375.81
50.9983 281.255  558.02 837.427  1097.5  1380.8
50.9983 282.255 560.035  840.45 1101.46  1385.8
51.1774 283.255 562.035 843.403 1105.33  1390.8
51.1774 284.255 564.045 846.419 1109.33 1395.78
51.3548  285.24 566.045 849.419 1113.33 1400.62
51.3548 286.256 568.045 852.442 1117.29 1405.62
51.5323 287.256 570.008 855.442 1121.29 1410.47
51.7118 288.256 572.008 858.442 1125.19 1415.39
51.8893 289.256 573.972 861.442 1129.19 1420.25
52.0689 290.256 575.972 864.442  1133.1 1425.16
52.2467 291.256 577.972 867.395  1137.1 1430.03
52.4263 292.256 579.972 870.395 1141.01 1434.94
52.6036 293.256 581.934 873.395 1144.87 1439.94
52.6036 294.256 583.955 876.395 1148.85 1444.94
52.7795 295.239 585.955 879.395 1152.69 1449.94
52.9563 296.239 587.918 882.395 1156.55 1454.94
53.1258 297.188   589.8 885.395 1160.55 1459.94
53.1258   298.2   591.8  888.41 1164.55 1464.92
53.1258 299.213  593.81  891.41 1168.55 1469.89
53.3018 300.213  595.81 894.363 1172.42 1474.89
53.4794 301.213  597.81 897.363 1176.33 1479.81
53.4794 302.226 599.821 900.363 1180.33 1484.79
53.6565 303.226 601.821 903.363 1184.23  1489.7
53.8319 304.226 603.821 906.317 1188.23 1494.57
53.8319 305.239 605.831 909.317 1192.23 1499.55
53.8319 306.257 607.831 912.317 1196.21 1504.55
53.8319 307.273 609.848 915.317 1200.18 1509.55
53.8319 308.288 611.848 918.339 1204.14 1514.55
53.8319 309.288 613.857 921.356 1208.14 1519.53
54.0041 310.288 615.821 924.356 1212.01 1524.53
54.1763 311.288 617.784 927.356 1215.87 1529.53
54.3504 312.288 619.784 930.356 1219.78 1534.44
 54.518 313.251 621.784 933.225 1223.78 1539.44
54.6893 314.235 623.784 936.225 1227.62 1544.44
54.6893 315.249 625.784 939.247 1231.59 1549.44
54.6893 316.249 627.798  942.27 1235.55 1554.44
54.6893 317.262 629.808  945.27 1239.55 1559.42
54.6893 318.262 631.822 948.292 1243.51 1564.42
54.6893 319.262 633.831 951.308 1247.51  1569.4
54.8589 320.262 635.796 954.308 1251.51 1574.26
55.0239 321.226 637.796 957.179 1255.51 1579.26
55.0239 322.226 639.796 960.209 1259.49 1584.26
55.1885 323.189 641.796  963.08 1263.49 1589.26
55.1885 324.189 643.796 966.109 1267.46 1594.26
55.1885 325.189 645.806 969.124 1271.46 1599.23
55.3498  326.14 647.694 972.124 1275.46 1604.23
55.3498 327.157 649.694 975.124 1279.44 1609.24
55.5166 328.143 651.694 978.124 1283.44 1614.08
55.6774 329.094 653.582 981.124 1287.44 1619.08
55.6774 330.111 655.582 984.124 1291.42 1624.09
55.8416 331.111 657.515 987.027 1295.42 1629.09
56.0088 332.111 659.515 989.981  1299.3 1634.09
 56.175 333.096 661.515 992.981  1303.3 1638.94
 56.175 334.096 663.515 996.009 1307.27 1643.93
 56.175 335.107 665.515 999.023 1311.27 1648.91
 56.175 336.107 667.515 1002.05 1315.24 1653.91
 56.175 337.122  669.53 1005.05 1319.22 1658.91
 56.175 338.134  671.54 1008.05 1323.22 1663.89
56.3393 339.134 673.504 1011.05 1327.09 1668.89
56.5031 340.119 675.504 1014.05 1331.09 1673.74
56.5031  341.13 677.504 1017.07 1335.09 1678.71
56.6661 342.115 679.504 1020.07 1338.94 1683.71
56.6661 343.115 681.513 1023.08 1342.94 1688.69
56.6661 344.125 683.513 1026.09 1346.94 1693.66
 56.825  345.09 685.513 1028.97 1350.94 1698.66
 56.825  346.09 687.521 1031.99 1354.94 1703.64
 56.825 347.102 689.531 1034.99 1358.94 1708.62
 56.825 348.113  691.54 1037.99 1362.94  1713.6
 56.825  349.13  693.54 1040.99 1366.92  1718.6
 56.825  350.13 695.559 1043.99  1370.9  1723.6
 56.825  351.13 697.567    1047  1374.9 1728.58
 56.825 352.146 699.567    1050 1378.88 1733.58
56.9847 353.146 701.534    1053 1382.88 1738.46
56.9847 354.157 703.543    1056 1386.88 1743.44
56.9847 355.157 705.543 1059.03 1390.85 1748.43
57.1438 356.157 707.543 1061.98 1394.74 1753.43
57.3027 357.157  709.51 1064.98 1398.74 1758.31
57.3027 358.163 711.507 1067.98 1402.74 1763.31
57.4605 359.149 713.507 1070.98 1406.74 1768.16
57.4605 360.165 715.507 1073.98 1410.72 1773.17
57.4605 361.179 717.521 1076.98 1414.69 1778.17
57.4605 362.193 719.536 1079.98 1418.66 1783.17
57.4605 363.204 721.536    1083 1422.66 1788.14
57.4605 364.209 723.533 1085.99 1426.66 1793.14
 57.613 365.176 725.533 1088.87 1430.66 1798.14
57.7668 366.176 727.471 1091.78 1434.66 1803.14
57.9173  367.13 729.366 1094.78 1438.66 1808.14
58.0679 368.084 731.262 1097.78 1442.66 1813.14
58.2256 369.084 733.262 1100.78 1446.58 1818.07
58.2256 370.099 735.262 1103.78 1450.56 1823.07
58.2256 371.105 737.259 1106.78 1454.56 1828.07
58.2256 372.115 739.259 1109.79 1458.56 1833.05
58.2256 373.127 741.259 1112.81 1462.53 1838.05
58.2256 374.141 743.272 1115.81  1466.5 1843.05
58.2256 375.156 745.272 1118.81 1470.48 1848.05
58.3738 376.111 747.169 1121.81 1474.48 1853.05
 58.522 377.066 749.066 1124.81 1478.48 1858.05
 58.522 378.066 751.077 1127.83 1482.45 1863.05
 58.522 379.066 753.094 1130.83 1486.43 1868.05
 58.522 380.077 755.102 1133.83 1490.43 1873.04
 58.522 381.077 757.113 1136.85  1494.4 1878.04
58.6733 382.062 759.113 1139.85 1498.26 1883.04
58.8256 383.062 761.113 1142.81 1502.15 1888.04
58.8256 384.062 763.124 1145.83 1506.12 1893.04
58.8256 385.062 765.124 1148.86  1510.1 1898.03
58.9768 386.062 767.091 1151.86 1513.98 1903.03
58.9768 387.062 769.108 1154.86 1517.96 1908.04
59.1277 388.062 771.075 1157.86 1521.96 1912.92
59.2788 389.062 773.075 1160.82 1525.96 1917.81
59.2788 390.077 775.075 1163.82 1529.94 1922.81
59.4292 391.077 777.042 1166.82 1533.82 1927.81
59.4292 392.077 779.049 1169.83 1537.82 1932.79
59.4292 393.077 781.056 1172.84 1541.82 1937.77
59.4292 394.092 783.056 1175.84 1545.81 1942.77
59.4292 395.092 785.056 1178.87 1549.78 1947.77
59.4292 396.102 787.056 1181.88 1553.78 1952.75
59.4292 397.112 789.056 1184.89 1557.78 1957.73
59.5774 398.112 791.024 1187.89 1561.67 1962.73
59.5774 399.112 793.031 1190.91 1565.67 1967.71
59.5774 400.125 795.043 1193.91 1569.64 1972.71
59.7199 401.081 796.944 1196.91 1573.64 1977.71
59.7199 402.091 798.944 1199.92 1577.64 1982.68
59.7199 403.096 800.941 1202.92 1581.64 1987.68
 59.868 404.096 802.941 1205.92 1585.56 1992.61
 59.868 405.096 804.947 1208.93 1589.56 1997.59
60.0094 406.053 806.849 1211.93 1593.56 2002.59
60.1571 407.053 808.849 1214.93 1597.49 2007.52
60.3034 408.053 810.817 1217.93 1601.37 2012.52
60.4491 409.038 812.817 1220.93 1605.24 2017.52
60.5955 410.038 814.785 1223.93 1609.24 2022.41
60.7421 411.038 816.785 1226.89 1613.13 2027.41
60.8864 412.038 818.726 1229.81 1617.13 2032.41
60.8864 413.038 820.732 1232.82 1621.13 2037.39
61.0304 414.038 822.673 1235.74 1625.13 2042.39
61.1744 415.038 824.613 1238.65 1629.13 2047.39
61.3217 416.038 826.613 1241.65 1633.06 2052.32
61.3217 417.038 828.613 1244.68 1637.03 2057.32
61.4624 417.996 830.515 1247.68 1641.03 2062.32
61.6093 418.996 832.515 1250.68 1644.96 2067.25
61.7543 419.981 834.515 1253.68 1648.83 2072.25
61.7543 420.981 836.525  1256.7  1652.8 2077.25
 61.899 421.968 838.525  1259.7  1656.8 2082.12
62.0445 422.968 840.525 1262.66 1660.69 2087.12
62.0445 423.982 842.525 1265.66 1664.67 2092.12
62.1846  424.94 844.428 1268.66 1668.67 2097.12
62.3295  425.94 846.395 1271.66 1672.67 2102.01
62.4744  426.94 848.363 1274.66 1676.56 2107.01
62.4744 427.951 850.363 1277.67 1680.53 2112.01
62.6202 428.951 852.363 1280.67 1684.45 2116.94
62.7648 429.951 854.331 1283.67 1688.45 2121.82
62.9093 430.951 856.298 1286.67 1692.34 2126.82
62.9093 431.965 858.298 1289.67 1696.32 2131.83
62.9093 432.974 860.305 1292.67 1700.32 2136.81
63.0513 433.974 862.246 1295.59 1704.32 2141.81
63.1965 434.974 864.246 1298.59 1708.25 2146.74
63.1965 435.979 866.242 1301.59 1712.25 2151.74
63.3353 436.937 868.145 1304.59 1716.25 2156.74
63.3353 437.946 870.145  1307.6 1720.25 2161.72
63.3353 438.946 872.154 1310.62 1724.22 2166.72
63.4782 439.946 874.122 1313.62 1728.22 2171.61
63.4782  440.95 876.118 1316.62 1732.22 2176.61
 63.622  441.95 878.118 1319.62 1736.15 2181.54
63.7639 442.936 880.118 1322.62 1740.02 2186.54
63.9065 443.936 882.086 1325.62 1743.91 2191.54
64.0493 444.936 884.086 1328.58  1747.8 2196.54
64.1918 445.936 886.054 1331.58  1751.8 2201.43
64.3312 446.905 888.054 1334.47  1755.8 2206.43
64.4738 447.905 890.022 1337.47  1759.8 2211.32
64.4738 448.905  892.03 1340.49 1763.78 2216.32
64.4738 449.913  894.03 1343.51 1767.78  2221.3
64.4738 450.924  896.03 1346.52 1771.75  2226.3
64.4738 451.935  898.03 1349.54 1775.72  2231.3
64.4738 452.944 900.036 1352.54 1779.72 2236.29
64.6129 453.944 901.979 1355.46 1783.72 2241.29
64.7521 454.944 903.921 1358.38 1787.72 2246.29
64.8912 455.944 905.863  1361.3 1791.72 2251.29
64.8912 456.944 907.868 1364.31 1795.72 2256.27
65.0321 457.944 909.868 1367.27 1799.72 2261.17
65.0321 458.944 911.881 1370.27  1803.7 2266.17
65.1736 459.944 913.881 1373.27 1807.63  2271.1
65.1736 460.944 915.895 1376.27 1811.61 2276.11
65.3136 461.944 917.863 1379.27  1815.5 2281.11
65.3136 462.957 919.863 1382.27 1819.48 2286.11
65.3136 463.957 921.871 1385.29 1823.46 2291.11
65.3136 464.962 923.867 1388.29 1827.46 2296.11
65.3136 465.962 925.876 1391.31 1831.43 2301.11
65.3136 466.967 927.872 1394.31 1835.43 2306.11
65.4524 467.967 929.872 1397.27 1839.43 2311.01
65.5866 468.926 931.778 1400.27 1843.43 2316.01
65.5866 469.939 933.778 1403.27 1847.41 2321.01
65.5866 470.948 935.784 1406.27 1851.41    2326
65.7247 471.948 937.784 1409.23 1855.41  2330.9
65.7247 472.959 939.784 1412.25 1859.39  2335.9
65.8635 473.959 941.784 1415.25 1863.31 2340.83
65.8635 474.959 943.784 1418.27 1867.29 2345.83
 65.998 475.929 945.784 1421.17 1871.29 2350.83
 65.998 476.939 947.784 1424.18 1875.26 2355.83
66.1346 477.926 949.784 1427.18 1879.26 2360.71
66.1346 478.938 951.794 1430.18 1883.24 2365.71
66.1346 479.946 953.794 1433.19 1887.24 2370.69
66.1346 480.946 955.794 1436.22 1891.22 2375.69
66.2691 481.946 957.739 1439.14 1895.22 2380.69
66.2691 482.954 959.739 1442.15 1899.22 2385.67
66.2691 483.954 961.747 1445.17  1903.2 2390.67
66.4006 484.915 963.655 1448.17  1907.2 2395.67
66.5363 485.915 965.624 1451.17 1911.09 2400.67
66.6721 486.915 967.624 1454.13 1914.99 2405.67
66.6721 487.925 969.624 1457.15 1918.97 2410.67
66.6721 488.925 971.632 1460.16 1922.94 2415.67
66.6721 489.933 973.632 1463.17 1926.94 2420.65
66.6721 490.945 975.642 1466.17 1930.92 2425.65
66.6721 491.954 977.647 1469.17 1934.92 2430.63
66.6721 492.962 979.647 1472.19 1938.92 2435.62
66.8061 493.962 981.616 1475.19 1942.82 2440.62
66.8061 494.962 983.624  1478.2 1946.79 2445.62
66.9399 495.962 985.594  1481.2 1950.79 2450.51
 67.073 496.948 987.594  1484.2 1954.67 2455.51
 67.073 497.958 989.594 1487.22 1958.64 2460.51
67.2049 498.958 991.539 1490.14 1962.64 2465.51
67.2049 499.967 993.544 1493.14 1966.64  2470.5
67.3381 500.967 995.513 1496.14 1970.64  2475.4
67.3381 501.967 997.521 1499.16 1974.62  2480.4
67.4721 502.967 999.521 1502.16 1978.55 2485.33
67.6044 503.954 1001.52 1505.16 1982.43 2490.33
67.6044 504.954 1003.53 1508.18  1986.4 2495.33
67.7373 505.954 1005.53 1511.14 1990.31 2500.33
67.7373 506.958 1007.52 1514.14 1994.31 2505.33
67.7373 507.958 1009.54 1517.14 1998.29 2510.34
67.8694 508.958 1011.51 1520.14 2002.19 2515.34
67.9989 509.929 1013.51 1523.04 2006.19 2520.34
67.9989 510.929 1015.51 1526.06 2010.16 2525.34
 68.131 511.929 1017.51 1529.02 2014.07 2530.34
68.2629 512.929 1019.48 1532.02 2018.07 2535.23
68.2629 513.929  1021.5 1535.02 2022.05 2540.24
68.3945 514.929 1023.47 1538.02 2026.05 2545.14
68.3945  515.94 1025.48 1541.02 2030.03 2550.14
 68.526  516.94 1027.48 1543.99 2034.03 2555.04
68.6535 517.902 1029.39 1546.99 2038.03 2560.04
 68.785 518.902 1031.39 1549.95 2041.93 2565.04
 68.785 519.902 1033.39 1552.97 2045.91 2570.04
 68.785 520.911 1035.39 1555.97 2049.91 2575.03
 68.916 521.911 1037.39 1558.94 2053.91 2579.93
 68.916 522.911 1039.39 1561.96 2057.89 2584.93
69.0451 523.911 1041.34 1564.88 2061.89 2589.93
69.0451 524.911 1043.35  1567.9 2065.87 2594.93
69.1756 525.911 1045.35 1570.86 2069.77 2599.93
69.3055 526.898 1047.35 1573.86 2073.77 2604.81
69.3055 527.907 1049.35 1576.86 2077.77  2609.8
69.4356 528.907 1051.32 1579.86 2081.77  2614.7
69.4356 529.915 1053.32 1582.87 2085.77 2619.68
69.4356 530.927 1055.32 1585.87 2089.76 2624.69
69.5627 531.898 1057.32 1588.77 2093.76 2629.69
69.5627  532.91 1059.32 1591.77 2097.74 2634.69
69.5627 533.921 1061.33 1594.77 2101.72 2639.69
69.5627 534.933 1063.33 1597.77 2105.71 2644.69
69.6917 535.933 1065.33 1600.74 2109.71  2649.6
69.6917 536.942 1067.34 1603.74 2113.71 2654.59
69.6917 537.951 1069.34 1606.74 2117.71 2659.57
69.6917  538.96 1071.34 1609.75 2121.68 2664.57
69.8195 539.948 1073.34 1612.75 2125.68 2669.46
69.9477 540.948 1075.31 1615.75 2129.68 2674.36
70.0768 541.948 1077.31 1618.75 2133.61  2679.3
70.0768 542.952 1079.31 1621.75 2137.61  2684.3
70.0768  543.96 1081.31 1624.76 2141.61 2689.28
70.2031  544.96 1083.26 1627.69 2145.61 2694.28
70.3293  545.96  1085.2 1630.62 2149.61 2699.28
70.4579  546.96  1087.2 1633.62 2153.55 2704.22
70.4579  547.96  1089.2 1636.64 2157.53 2709.22
70.4579  548.97  1091.2 1639.65  2161.5 2714.22
70.4579  549.97 1093.21 1642.65 2165.49 2719.22
70.4579  550.97 1095.23 1645.65 2169.47 2724.22
70.4579  551.97 1097.24 1648.65 2173.46 2729.23
70.5854  552.97 1099.24 1651.65 2177.39 2734.17
70.7105  553.97 1101.19 1654.58 2181.39 2739.17
70.8365 554.957 1103.19 1657.58 2185.28 2744.17
 70.964 555.957 1105.19 1660.58 2189.21 2749.11
 70.964 556.957 1107.19  1663.6 2193.19  2754.1
 70.964 557.966 1109.19 1666.61 2197.17  2759.1
 70.964 558.966 1111.19 1669.63 2201.14  2764.1
 70.964 559.966  1113.2 1672.65 2205.12  2769.1
 70.964 560.975 1115.21 1675.65 2209.12 2774.09
 70.964 561.975 1117.22 1678.65  2213.1  2779.1
71.0878 562.975 1119.17 1681.57  2217.1  2784.1
71.0878 563.979 1121.16 1684.57  2221.1  2789.1
71.2124 564.967 1123.16 1687.57  2225.1 2793.98
71.2124 565.979 1125.16 1690.57 2229.09 2798.99
71.3371 566.979 1127.13 1693.57 2233.09 2803.89
71.4619 567.979  1129.1 1696.57 2237.09 2808.79
71.5862 568.967  1131.1 1699.57 2241.09 2813.68
71.5862 569.978 1133.11 1702.57 2245.07 2818.68
71.7084  570.95 1135.11 1705.48 2249.07 2823.68
71.7084  571.95 1137.12 1708.49 2253.07 2828.67
71.7084 572.962 1139.12 1711.49 2257.05 2833.67
71.8319 573.949 1141.12 1714.49 2260.94 2838.67
71.8319 574.949 1143.12  1717.5 2264.94 2843.65
71.8319 575.949 1145.12 1720.52 2268.92 2848.65
71.9552 576.938 1147.12 1723.52 2272.92 2853.54
71.9552 577.938 1149.13 1726.52 2276.91 2858.55
71.9552 578.946 1151.14 1729.52 2280.91 2863.53
 72.075  579.91 1153.05 1732.52 2284.91 2868.53
 72.075 580.917 1155.05 1735.53 2288.91 2873.52
 72.075 581.917 1157.05 1738.55 2292.89 2878.51
 72.198 582.917 1159.05 1741.51  2296.8 2883.51
72.3217 583.917 1161.05 1744.51 2300.74 2888.46
72.4444 584.917 1163.02 1747.51 2304.64 2893.46
72.4444 585.926 1165.02 1750.53 2308.62 2898.46
72.4444 586.935 1167.02 1753.54  2312.6 2903.46
72.4444 587.935 1169.03 1756.56 2316.57 2908.46
72.4444 588.943 1171.03 1759.57 2320.57 2913.44
72.5631 589.907 1172.95 1762.57 2324.57 2918.44
 72.685 590.907 1174.92 1765.57 2328.57 2923.34
 72.685 591.915 1176.93 1768.57 2332.57 2928.33
 72.685 592.923 1178.93 1771.57 2336.57 2933.32
 72.685 593.935 1180.93 1774.57 2340.56 2938.32
 72.685 594.938 1182.93 1777.57 2344.56 2943.32
72.8058 595.927 1184.93 1780.57 2348.56 2948.21
72.9271 596.927 1186.93 1783.53 2352.56 2953.13
73.0483 597.927  1188.9 1786.53 2356.56 2958.03
73.1681 598.927 1190.85 1789.46 2360.56 2963.03
73.2894 599.927 1192.85 1792.43 2364.47 2968.03
73.2894 600.927 1194.86 1795.45 2368.45 2973.03
73.4112 601.927 1196.86 1798.45 2372.39 2977.97
73.4112 602.927 1198.86 1801.46 2376.36 2982.97
73.5321 603.927 1200.86 1804.43 2380.28 2987.97
73.5321 604.927 1202.87 1807.43 2384.26 2992.98
73.6522 605.916 1204.87 1810.43 2388.26 2997.87
73.7706 606.889 1206.87 1813.34 2392.26 3002.87
73.7706 607.889 1208.88 1816.35 2396.24 3007.87
73.8905 608.878 1210.88 1819.35 2400.24 3012.76
73.8905 609.878 1212.89 1822.35 2404.23 3017.76
74.0085 610.851 1214.89 1825.26 2408.23 3022.76
74.0085 611.861  1216.9 1828.26 2412.21 3027.76
74.0085 612.865  1218.9 1831.26 2416.21 3032.76
 74.126 613.838  1220.9 1834.17 2420.21 3037.76
74.2454 614.827  1222.9 1837.17 2424.21 3042.65
74.2454 615.835  1224.9 1840.17 2428.21 3047.64
74.3617 616.799 1226.82 1843.17 2432.21 3052.64
74.4813 617.799 1228.79 1846.17 2436.21 3057.55
74.4813 618.799  1230.8 1849.18 2440.21 3062.54
74.5974 619.764 1232.71 1852.18 2444.21 3067.54
74.7164 620.753 1234.71 1855.18 2448.21 3072.43
74.7164 621.753 1236.72 1858.18 2452.19 3077.43
74.7164 622.761 1238.72 1861.19 2456.17 3082.43
74.7164 623.772 1240.72 1864.19 2460.16 3087.43
74.8339 624.772 1242.68 1867.12 2464.16 3092.43
74.8339 625.772 1244.68 1870.14 2468.16 3097.42
74.8339 626.772 1246.69 1873.15 2472.14 3102.42
 74.951 627.772 1248.64 1876.08 2476.14 3107.42
 74.951  628.78 1250.64 1879.08 2480.14 3112.41
 74.951  629.79 1252.64 1882.08 2484.12 3117.41
 74.951 630.794 1254.64 1885.08 2488.12 3122.41
75.0688 631.794 1256.61 1888.08 2492.03 3127.41
75.1835 632.759 1258.53 1891.08 2496.03 3132.41
75.3014 633.759 1260.53 1894.05 2500.03 3137.33
 75.418 634.759 1262.48 1896.98 2504.03 3142.33
 75.418 635.759 1264.48    1900 2508.02 3147.33
75.5352 636.747 1266.48    1903 2511.91 3152.33
75.5352 637.755 1268.48 1906.01 2515.89 3157.33
75.5352 638.763 1270.49 1909.01 2519.89 3162.31
75.6519  639.75 1272.49 1912.01 2523.79 3167.31
 75.768  640.75 1274.44 1914.94 2527.79 3172.31
 75.768  641.76 1276.44 1917.94 2531.77 3177.31
75.8852  642.76 1278.44 1920.91 2535.77 3182.23
75.8852  643.76 1280.45 1923.93 2539.75 3187.23
75.8852 644.767 1282.45 1926.93 2543.75 3192.22
75.8852 645.767 1284.45 1929.94 2547.73 3197.22
76.0018 646.767 1286.45 1932.91 2551.65 3202.22
76.0018 647.775 1288.46 1935.91 2555.65  3207.2
76.0018 648.775 1290.46 1938.93 2559.63  3212.2
76.0018 649.783 1292.46 1941.94 2563.61  3217.2
76.0018 650.783 1294.47 1944.96 2567.59  3222.2
76.1146 651.749 1296.39 1947.96 2571.59  3227.2
76.2284 652.724 1298.39 1950.87 2575.59  3232.2
76.3443 653.724 1300.39 1953.83 2579.51  3237.2
76.3443 654.734 1302.39 1956.83 2583.49 3242.21
 76.457   655.7 1304.31 1959.83 2587.49 3247.21
76.5727   656.7 1306.31  1962.8 2591.49 3252.12
76.5727   657.7 1308.32  1965.8 2595.48 3257.13
76.5727 658.709 1310.33  1968.8 2599.46 3262.13
76.5727 659.713 1312.32  1971.8 2603.46 3267.13
 76.688 660.713 1314.32 1974.77 2607.38 3272.13
 76.688 661.713 1316.33 1977.78 2611.38 3277.11
76.8017 662.713 1318.28 1980.71 2615.38 3282.11
76.8017 663.713 1320.28 1983.73 2619.36 3287.11
76.9172 664.713 1322.28 1986.73  2623.3 3292.06
76.9172 665.713 1324.29 1989.74  2627.3 3297.05
76.9172 666.719 1326.29 1992.74  2631.3 3302.03
77.0318 667.719 1328.29 1995.71  2635.3 3306.95
 77.145 668.719 1330.24 1998.65  2639.3 3311.95
 77.145 669.727 1332.24 2001.65  2643.3 3316.94
77.2593 670.727 1334.22 2004.65  2647.3 3321.85
77.3743 671.727 1336.22 2007.65 2651.24 3326.79
77.4885 672.727 1338.19 2010.65 2655.16 3331.79
77.4885 673.727 1340.19 2013.66 2659.14 3336.79
77.6027 674.727 1342.19 2016.63 2663.14 3341.71
77.7139 675.693 1344.11 2019.63 2667.14 3346.71
 77.828 676.693 1346.11  2022.6 2671.06 3351.71
 77.828   677.7 1348.11  2025.6 2675.06  3356.7
 77.939 678.667 1350.04  2028.6 2679.06  3361.7
 78.051 679.641 1352.04 2031.51 2683.06  3366.7
 78.051 680.648 1354.04 2034.52 2687.06 3371.69
 78.051 681.656 1356.04 2037.53 2691.04 3376.69
78.1634 682.656 1357.99 2040.47 2695.04 3381.69
78.2758 683.656 1359.94  2043.4 2699.04 3386.69
78.3882 684.656  1361.9 2046.34 2703.04 3391.69
78.5018 685.656 1363.87 2049.34 2707.04  3396.6
78.6134 686.631 1365.87 2052.25 2711.04  3401.6
78.7271 687.631 1367.87 2055.22 2715.04 3406.52
78.7271 688.634 1369.87 2058.22 2719.04 3411.52
78.7271 689.643 1371.87 2061.22 2723.02 3416.52
78.7271 690.643 1373.88 2064.23    2727 3421.52
78.8398 691.632 1375.88 2067.23    2731 3426.42
78.8398 692.636 1377.88 2070.23    2735 3431.42
78.9522 693.623 1379.88 2073.23  2738.9 3436.42
78.9522  694.63 1381.88 2076.24  2742.9  3441.4
79.0646 695.618 1383.88 2079.24  2746.9  3446.3
79.0646 696.627 1385.88 2082.24 2750.89  3451.3
79.1771 697.627 1387.86 2085.24 2754.89 3456.22
79.1771 698.636 1389.86 2088.24 2758.87 3461.22
79.1771 699.636 1391.87 2091.25 2762.87  3466.2
79.1771 700.636 1393.87 2094.26 2766.85  3471.2
79.1771  701.64 1395.86 2097.26 2770.85  3476.2
79.2898  702.64 1397.86 2100.26  2774.8 3481.15
79.2898 703.643 1399.86 2103.26  2778.8 3486.15
79.4016 704.643 1401.83 2106.26  2782.8 3491.06
79.4016 705.643 1403.83 2109.28 2786.78 3496.06
79.4016 706.653 1405.83 2112.28 2790.77 3501.06
79.4016 707.661 1407.83 2115.29 2794.75 3506.06
 79.513 708.661 1409.83 2118.26 2798.67 3511.06
79.6242 709.661 1411.81 2121.26 2802.59 3516.06
79.7351 710.649 1413.81 2124.26 2806.49 3521.06
79.8459 711.637 1415.81 2127.26 2810.39 3526.06
79.8459 712.643 1417.81 2130.27 2814.39 3531.05
79.8459 713.643 1419.81 2133.28 2818.37 3536.05
 79.957 714.643 1421.81 2136.25 2822.29 3541.05
80.0676 715.632 1423.81 2139.25 2826.29 3545.95
80.1793 716.632 1425.81 2142.25 2830.23  3550.9
80.2903 717.632 1427.78 2145.25 2834.23 3555.81
80.2903 718.641 1429.79 2148.25 2838.22 3560.81
80.4012 719.641 1431.79 2151.22 2842.14 3565.81
80.5102 720.616 1433.79 2154.13 2846.14 3570.81
80.6206 721.604 1435.79 2157.13 2850.04 3575.81
80.7315 722.604 1437.79  2160.1 2853.96 3580.81
80.7315 723.612 1439.79 2163.11 2857.94 3585.81
80.8421 724.612 1441.76 2166.11 2861.86 3590.81
80.9528 725.612 1443.74 2169.11 2865.77 3595.81
81.0635 726.612 1445.74 2172.08 2869.77 3600.73
81.1738   727.6 1447.74 2175.08 2873.68 3605.73
81.2844   728.6 1449.71 2178.08 2877.68 3610.65
81.2844   729.6 1451.71  2181.1 2881.66 3615.65
81.3931 730.575 1453.71 2184.01 2885.66 3620.65
81.3931 731.575 1455.72 2187.03 2889.64 3625.65
81.3931 732.575 1457.72 2190.04 2893.64 3630.64
81.3931 733.584 1459.73 2193.04 2897.63 3635.64
81.3931 734.592 1461.73 2196.04 2901.61 3640.64
81.5003  735.56 1463.66 2199.04 2905.61 3645.64
81.6102  736.56 1465.63 2202.04 2909.61 3650.55
81.6102 737.567 1467.64 2205.04 2913.61 3655.54
81.7199 738.567 1469.61 2208.04 2917.53 3660.54
81.8297 739.567 1471.58 2211.04 2921.53 3665.46
81.9376 740.542 1473.58 2213.95 2925.53 3670.46
82.0473 741.542 1475.56 2216.95 2929.44 3675.46
82.1578 742.542 1477.56 2219.95 2933.39 3680.41
82.1578 743.551 1479.56 2222.95 2937.37 3685.41
82.1578 744.551 1481.57 2225.96 2941.37 3690.39
82.1578 745.551 1483.57 2228.97 2945.35 3695.39
 82.267 746.551 1485.54 2231.97 2949.27 3700.39
 82.267 747.558 1487.54 2234.99 2953.25 3705.39
82.3759 748.547 1489.54 2237.99 2957.25  3710.3
82.3759 749.547 1491.55    2241 2961.23  3715.3
82.4831 750.523 1493.55 2243.92 2965.23  3720.3
82.4831 751.523 1495.56 2246.93 2969.21  3725.3
82.4831 752.523 1497.56 2249.94 2973.21 3730.28
82.5892 753.491 1499.48 2252.94 2977.21 3735.28
82.6953 754.459 1501.41 2255.94 2981.21 3740.28
82.8014 755.427 1503.34 2258.94 2985.21 3745.28
82.8014 756.434 1505.34 2261.95 2989.19 3750.28
82.9089 757.434 1507.29 2264.89 2993.19 3755.28
83.0176 758.434 1509.29 2267.86 2997.19 3760.21
83.1235 759.402 1511.22 2270.86 3001.19 3765.21
83.1235 760.402 1513.22 2273.87 3005.18 3770.21
83.2315  761.39 1515.22 2276.87 3009.08 3775.21
83.2315 762.397 1517.22 2279.88 3013.06 3780.21
83.3404 763.397 1519.22 2282.88 3017.01 3785.15
83.4461 764.365 1521.14 2285.88 3021.01 3790.15
83.5518 765.333 1523.07 2288.88 3025.01 3795.15
83.6602 766.333 1525.07 2291.85 3029.01 3800.08
83.6602  767.34 1527.07 2294.86 3032.99 3805.08
83.7689  768.34 1529.07 2297.86 3036.93 3810.02
83.8772  769.34 1531.07 2300.83 3040.93 3814.95
83.8772 770.349 1533.07 2303.83 3044.92 3819.95
83.8772 771.356 1535.07 2306.85  3048.9 3824.95
 83.984 772.356 1537.03 2309.78  3052.9 3829.95
 83.984 773.359 1539.02 2312.78  3056.9 3834.95
84.0913 774.347 1541.02 2315.78 3060.81 3839.95
84.0913 775.347 1543.03  2318.8 3064.79 3844.95
84.0913 776.353 1545.03  2321.8 3068.79 3849.94
84.0913 777.358 1547.03 2324.81 3072.79 3854.92
84.1987 778.358 1549.03 2327.78 3076.79 3859.85
84.1987 779.365 1551.03 2330.79 3080.77 3864.85
84.1987 780.365 1553.03  2333.8 3084.77 3869.84
84.1987 781.374 1555.03  2336.8 3088.76 3874.84
84.1987 782.381 1557.03  2339.8 3092.76 3879.83
84.1987 783.389 1559.04  2342.8 3096.74 3884.83
84.3053 784.389 1561.01  2345.8 3100.74 3889.75
84.3053 785.398 1563.01  2348.8 3104.73 3894.75
84.4101 786.374 1565.01 2351.72 3108.73 3899.75
84.4101 787.374 1567.01 2354.74 3112.72 3904.75
84.5164 788.374 1568.99 2357.74 3116.64 3909.75
84.5164 789.374 1570.99 2360.75 3120.62 3914.75
84.5164 790.383 1572.99 2363.75 3124.61 3919.75
  84.62 791.351 1574.91 2366.75 3128.61 3924.75
  84.62 792.357 1576.91 2369.76 3132.61 3929.74
  84.62 793.363 1578.92 2372.76 3136.61 3934.73
  84.62 794.363 1580.92 2375.77 3140.59 3939.73
84.7257 795.363 1582.92 2378.74 3144.59 3944.66
84.8314 796.363  1584.9 2381.74 3148.59 3949.58
 84.937 797.363 1586.87 2384.74 3152.51 3954.58
85.0427 798.363 1588.84 2387.74 3156.51  3959.5
85.0427 799.372 1590.84 2390.74  3160.5  3964.5
85.1466 800.348 1592.84 2393.66  3164.5  3969.5
85.1466 801.356 1594.85 2396.66 3168.49  3974.5
85.1466 802.356 1596.86 2399.66 3172.48  3979.5
85.2502 803.333 1598.86 2402.58 3176.48  3984.5
85.3538 804.309 1600.86  2405.5 3180.48  3989.5
85.3538 805.316 1602.86 2408.51 3184.46  3994.5
85.3538 806.316 1604.86 2411.52 3188.44  3999.5
85.3538 807.322 1606.86 2414.52 3192.44 4004.49
85.4586 808.322 1608.84 2417.52 3196.36 4009.49
85.5636 809.322 1610.84 2420.49 3200.36 4014.42
85.6686 810.322 1612.84 2423.46 3204.36 4019.35
85.6686 811.322 1614.85 2426.46 3208.35 4024.35
85.6686 812.328 1616.85 2429.47 3212.35 4029.34
85.7732 813.328 1618.82 2432.47 3216.27 4034.34
85.7732 814.328 1620.82 2435.49 3220.26 4039.34
85.7732 815.331 1622.82 2438.49 3224.26 4044.34
85.8776 816.331 1624.82 2441.45 3228.18 4049.34
85.9817  817.32 1626.82 2444.45 3232.18 4054.24
85.9817 818.327 1628.82 2447.47 3236.17 4059.24
85.9817 819.327 1630.82 2450.47 3240.15 4064.25
85.9817 820.333 1632.83 2453.47 3244.15 4069.24
85.9817 821.333 1634.83 2456.47 3248.15 4074.23
85.9817 822.338 1636.83 2459.48 3252.15 4079.21
85.9817 823.342 1638.83 2462.48 3256.15 4084.21
85.9817 824.347 1640.83 2465.49 3260.15  4089.2
86.0852 825.347  1642.8 2468.49 3264.15 4094.12
86.1883 826.335  1644.8 2471.49 3268.06 4099.12
86.1883 827.335  1646.8  2474.5 3272.06 4104.11
86.1883 828.342 1648.81  2477.5 3276.06  4109.1
86.1883 829.348 1650.81 2480.51 3280.05  4114.1
86.1883 830.351  1652.8 2483.51 3284.05  4119.1
86.2903 831.351 1654.76 2486.45 3288.05  4124.1
86.3934 832.351 1656.76 2489.42 3291.97  4129.1
86.3934 833.351 1658.76 2492.43 3295.97 4134.09
86.3934 834.351 1660.77 2495.44 3299.96 4139.09
86.3934 835.357 1662.77 2498.45 3303.96 4144.08
86.3934 836.357 1664.77 2501.46 3307.94 4149.08
86.3934  837.36 1666.76 2504.46 3311.94 4154.08
86.4934  838.33 1668.69 2507.46 3315.94 4159.08
86.4934 839.335 1670.69 2510.47 3319.94 4164.07
86.4934 840.335  1672.7 2513.47 3323.93 4169.07
86.5932 841.305 1674.63 2516.47 3327.93 4174.07
86.6955 842.305 1676.63 2519.44 3331.93    4179
86.7982 843.305 1678.63 2522.44 3335.88 4183.95
86.7982  844.31 1680.63 2525.45 3339.88 4188.94
86.7982 845.316 1682.63 2528.45 3343.88 4193.93
86.7982 846.324 1684.63 2531.45 3347.87 4198.93
   86.9 847.324 1686.63 2534.42 3351.79 4203.93
   86.9 848.324 1688.64 2537.42 3355.78 4208.93
   86.9 849.331 1690.64 2540.43 3359.77 4213.93
   86.9 850.336 1692.64 2543.43 3363.77 4218.92
87.0015 851.336 1694.64  2546.4 3367.77 4223.85
87.0015 852.336 1696.64 2549.41 3371.77 4228.84
87.1034 853.336 1698.64 2552.41 3375.71 4233.79
87.2044 854.326 1700.64 2555.41 3379.71  4238.7
87.2044 855.334 1702.65 2558.41  3383.7  4243.7
87.3046 856.334 1704.61 2561.35  3387.7  4248.7
87.4058 857.334 1706.58 2564.35 3391.62  4253.7
87.5067 858.323 1708.58 2567.35 3395.62 4258.61
87.6075 859.313 1710.58 2570.35 3399.62 4263.52
87.7084 860.302 1712.58 2573.35 3403.62 4268.43
87.8087 861.302 1714.54  2576.3 3407.62 4273.43
87.9099 862.302 1716.51  2579.3 3411.62 4278.35
88.0101 863.302 1718.47 2582.24 3415.62 4283.35
 88.111 864.292 1720.47 2585.24 3419.62 4288.26
 88.111   865.3 1722.47 2588.24 3423.61 4293.26
88.2118  866.29 1724.47 2591.24 3427.61 4298.17
88.2118  867.29 1726.48 2594.24  3431.6 4303.18
88.2118 868.295 1728.48 2597.25  3435.6 4308.17
88.3103 869.265 1730.41 2600.25  3439.6 4313.17
88.4111 870.265 1732.39 2603.25 3443.53 4318.17
 88.511 871.265 1734.34 2606.19 3447.53 4323.17
88.6119 872.265 1736.34 2609.16 3451.46 4328.17
88.6119 873.265 1738.35 2612.17 3455.44 4333.17
88.6119 874.273 1740.35 2615.17 3459.43 4338.17
88.7125 875.273 1742.32 2618.17 3463.43 4343.09
88.7125 876.281 1744.32 2621.17 3467.42 4348.09
88.7125 877.281 1746.32 2624.18 3471.41 4353.09
88.7125 878.281 1748.33 2627.18  3475.4  4358.1
88.7125 879.284 1750.33 2630.18  3479.4  4363.1
88.8122 880.273 1752.33 2633.18 3483.31  4368.1
88.9124 881.273 1754.33 2636.15 3487.24  4373.1
89.0126 882.273 1756.33 2639.13 3491.24 4378.03
89.1112  883.25 1758.33 2642.05 3495.24 4383.03
89.2109 884.239 1760.33 2645.05 3499.15 4388.03
89.2109 885.246 1762.33 2648.05 3503.14 4393.03
89.2109 886.252 1764.33 2651.05 3507.14 4398.02
89.3104 887.241 1766.33 2654.05 3511.05 4403.02
89.3104 888.241 1768.34 2657.06 3515.03 4408.02
89.4094 889.241  1770.3    2660 3519.03 4413.02
89.4094 890.249  1772.3    2663 3523.02 4418.02
89.4094 891.257  1774.3    2666 3527.01 4423.02
89.5089 892.257 1776.27    2669 3530.94 4428.02
89.6062 893.227  1778.2    2672 3534.94 4433.02
89.7055 894.217  1780.2    2675 3538.94 4437.93
89.8051 895.217  1782.2 2677.97 3542.87 4442.93
89.9038 896.217 1784.16 2680.92 3546.87 4447.93
 90.003 897.206 1786.16 2683.92 3550.78 4452.93
90.1031 898.206 1788.16 2686.92 3554.73 4457.89
90.2004 899.176 1790.09 2689.92 3558.73 4462.89
90.2004 900.182  1792.1 2692.92 3562.73 4467.88
90.2004 901.182  1794.1 2695.92 3566.73 4472.87
90.2004  902.19  1796.1 2698.92 3570.72 4477.87
90.2004 903.195  1798.1 2701.93 3574.72 4482.86
90.2974 904.166 1800.03 2704.93 3578.72 4487.86
90.2974 905.172 1802.03 2707.94  3582.7 4492.86
90.2974 906.172 1804.03 2710.96 3586.69 4497.86
90.2974 907.172 1806.03 2713.96 3590.69 4502.85
90.3962 908.172 1808.03 2716.93 3594.62 4507.85
90.4951 909.172 1810.03 2719.91 3598.62 4512.78
90.5938 910.172 1812.01 2722.91 3602.54 4517.78
90.5938 911.172 1814.01 2725.91 3606.53 4522.78
90.5938 912.172 1816.02 2728.91 3610.52 4527.79
90.5938 913.177 1818.02 2731.91 3614.52 4532.77
90.5938 914.182 1820.02 2734.92 3618.52 4537.76
90.5938 915.189 1822.03 2737.92 3622.51 4542.76
90.5938 916.189 1824.03 2740.93 3626.51 4547.75
90.5938 917.189 1826.03 2743.93 3630.51 4552.74
90.6918 918.189 1828.01 2746.93 3634.44 4557.74
90.6918 919.189 1830.01 2749.95 3638.42 4562.74
90.6918 920.189 1832.01 2752.96 3642.41 4567.74
90.6918 921.194 1834.01 2755.97 3646.41 4572.73
90.6918 922.194 1836.01 2758.98 3650.39 4577.73
90.6918 923.202 1838.01 2761.98 3654.38 4582.73
90.6918 924.209 1840.01 2764.98 3658.37 4587.73
90.6918 925.214 1842.01 2767.99 3662.37 4592.72
90.6918 926.214 1844.01    2771 3666.36 4597.72
90.6918  927.22 1846.01 2774.01 3670.34 4602.72
90.6918 928.225 1848.01 2777.02 3674.34 4607.71
90.7885 929.215 1850.01 2780.02 3678.34 4612.62
90.8841 930.193 1852.01 2782.94 3682.34 4617.62
90.8841 931.193 1854.02 2785.95 3686.33 4622.62
90.8841   932.2 1856.02 2788.96 3690.31 4627.62
90.9806 933.189 1858.02 2791.96 3694.31 4632.54
90.9806 934.197 1860.02 2794.96  3698.3 4637.54
90.9806 935.202 1862.03 2797.96  3702.3 4642.53
90.9806 936.202 1864.03 2800.97 3706.28 4647.53
90.9806 937.205 1866.03 2803.98 3710.28 4652.53
91.0769 938.205    1868 2806.98 3714.21 4657.53
91.0769 939.211    1870 2809.99 3718.19 4662.53
91.0769 940.211    1872 2812.99 3722.19 4667.52
91.1735 941.211    1874 2815.99 3726.14 4672.47
91.1735 942.211 1876.01    2819 3730.13 4677.47
91.2696 943.211 1878.01 2821.98 3734.06 4682.47
91.2696 944.214    1880 2824.98 3738.06 4687.47
91.3636 945.186 1881.94 2827.98 3742.06 4692.47
91.3636 946.193 1883.94 2830.98 3746.05 4697.48
91.4599 947.193 1885.94 2833.98    3750 4702.43
91.5557 948.193 1887.92 2836.98 3753.93 4707.43
91.6521 949.193 1889.92 2839.98 3757.88 4712.38
 91.748 950.193 1891.92 2842.95 3761.81 4717.38
 91.748 951.193 1893.92 2845.96  3765.8 4722.38
 91.748 952.196 1895.91 2848.96  3769.8 4727.38
91.8437 953.196 1897.91 2851.93  3773.8 4732.32
91.9393 954.196 1899.89 2854.93 3777.73 4737.32
91.9393 955.202 1901.89 2857.95 3781.71 4742.32
91.9393 956.208 1903.89 2860.95 3785.71 4747.31
92.0348 957.208 1905.89 2863.92 3789.71 4752.24
92.0348 958.211 1907.89 2866.92 3793.71 4757.24
92.0348 959.217 1909.89 2869.93 3797.69 4762.24
92.0348 960.222 1911.89 2872.93 3801.69 4767.23
92.0348 961.228 1913.89 2875.93 3805.69 4772.23
92.0348 962.231 1915.89 2878.93 3809.69 4777.23
92.0348 963.231 1917.89 2881.94 3813.68 4782.23
92.0348 964.238 1919.89 2884.94 3817.67 4787.23
92.1296 965.238 1921.86 2887.94 3821.67 4792.16
92.2244 966.238 1923.86 2890.91  3825.6 4797.16
92.2244 967.238 1925.87 2893.92 3829.59 4802.16
92.3188 968.229 1927.87 2896.92 3833.59 4807.07
92.4115 969.201  1929.8 2899.92 3837.59 4812.07
92.5059 970.191  1931.8 2902.92 3841.59 4816.99
92.5992 971.169  1933.8 2905.85 3845.59 4821.99
92.5992 972.176 1935.81 2908.85 3849.58 4826.99
92.5992 973.176 1937.81 2911.86 3853.56 4831.99
92.6936 974.176 1939.79 2914.86 3857.56 4836.92
92.6936 975.182 1941.79 2917.86 3861.56 4841.91
92.6936 976.182 1943.79 2920.87 3865.56  4846.9
92.7871 977.182 1945.75 2923.82 3869.56  4851.9
92.7871 978.185 1947.75 2926.82 3873.56  4856.9
92.7871 979.192 1949.75 2929.82 3877.55  4861.9
92.7871 980.192 1951.75 2932.83 3881.54  4866.9
92.8811 981.192 1953.75  2935.8 3885.47  4871.9
92.9756 982.192 1955.75  2938.8 3889.42 4876.86
93.0701 983.192 1957.75  2941.8 3893.37 4881.81
93.0701 984.197 1959.75 2944.81 3897.37  4886.8
 93.164 985.197 1961.75 2947.78 3901.31  4891.8
93.2579 986.197 1963.73 2950.78 3905.31 4896.73
93.2579 987.197 1965.73 2953.79 3909.31 4901.72
93.2579 988.197 1967.73  2956.8 3913.31 4906.71
93.3513 989.187 1969.73  2959.8 3917.31 4911.63
93.4431 990.159 1971.67  2962.8 3921.31 4916.63
93.4431 991.162 1973.67  2965.8 3925.31 4921.63
93.5367 992.162 1975.67 2968.77 3929.24 4926.63
93.5367 993.169 1977.67 2971.77 3933.23 4931.63
93.6303 994.169 1979.67 2974.74 3937.23 4936.56
93.7239 995.169 1981.67 2977.71 3941.23  4941.5
93.7239 996.169 1983.67 2980.72 3945.23 4946.49
 93.816 997.148 1985.67 2983.65 3949.23 4951.49
 93.816 998.156 1987.67 2986.65 3953.22 4956.49
 93.816 999.156 1989.67 2989.66 3957.21 4961.49
93.9091 1000.16 1991.64 2992.66 3961.14 4966.49