3.33333       2 3.33333       4       5 3.33333
5.22523       3 5.33333 6.27027 7.83784 8.33333
6.66711 3.82784 7.33333 8.00054 11.8378 13.3333
 8.1823 4.82784 8.99993 9.81876 15.8378 18.3333
9.61597 5.67376 10.9999 11.5392 19.8378 23.3333
9.61597 6.80831 13.1995 14.5392 23.8378 27.9992
10.9406 7.80831 15.0178 17.5392 27.8378 31.8562
12.1466 8.66902 17.0178 19.4725 31.8378 36.8562
12.1466 9.78958 19.0178 22.4725 35.9532 41.6203
12.1466 10.8477 21.0735 25.4725 39.8394 46.6203
12.9735 11.5862 22.5081 28.4725 43.8394 51.6203
12.9735 12.6973 24.6666 31.2029 47.8394 56.6203
12.9735 13.6973 26.6666  33.963  52.071 61.6286
13.8548 14.6973 28.4781 36.2702  56.071 66.6286
13.8548 15.7339 30.4867 39.2702 60.0258 71.6286
14.6761 16.6666 32.4867 42.2702 64.0258 75.8746
14.6761 17.7793 34.4867 45.0921 68.0258   80.94
15.4331 18.6964 36.4867  47.418 72.0258   85.94
16.2099 19.6964 38.3232 49.8047 76.0258   90.94
16.9899 20.6964 40.1672 52.8047 80.0258  95.316
17.7699 21.6964 42.0113 55.8047 84.0258 99.6919
17.7699 22.7526 44.0113 58.8047 88.1164 104.545
17.7699 23.7526 46.1338 61.6406 92.1164 109.587
18.4348 24.6413 48.1338 64.6406 95.5628 114.587
18.4348 25.6413 50.1338 67.4634  99.736 119.591
19.0959 26.5608 52.1338 69.8828 103.736 124.591
19.7689 27.4969 54.1338 72.8828 107.736 128.982
19.7689 28.5376 56.1338 75.8828 111.814 133.863
19.7689 29.5783 58.1338 78.8828 115.891 138.745
20.3207 30.4039 59.7564 81.8828 119.891 143.745
20.3207 31.4437 61.8002 84.8828 123.891 148.661
20.9416 32.4437 63.8002 87.4764 127.677 153.661
21.4777 33.2743 65.4335 90.4764 131.677 158.661
22.0537 34.1667 67.4335 93.4764 135.208 163.661
 22.643 35.0797 69.4335 95.9741 139.208 168.661
23.2179 35.9703 71.4335 98.9741 142.743 173.661
23.8047 36.9703 73.2389 101.974  146.35 178.661
24.4028 37.9703 75.0789 104.536  150.35 183.661
24.4028 38.9703 77.0977 107.536 154.393   188.6
24.9865 39.9703 78.9418 110.108 158.393   193.6
25.5824 40.9703 80.9418 112.734 162.171   198.6
25.5824  42.018 83.0115 115.617 166.171   203.6
25.5824  43.018 85.0753 118.492 170.171 208.662
25.5824 44.0377 87.0753 121.492 174.205 213.608
25.5824 45.0831 89.0753 124.375 178.205 218.679
25.5824 46.0831 91.1222 127.234   182.3 223.679
25.5824 47.0927 93.1186 130.234 186.294 228.679
26.0453 47.9449 94.8036 133.234 190.294 233.679
26.5481 48.8703 96.8036 135.805 194.294 238.679
26.5481 49.8703 98.8036 138.671 198.393 243.714
26.5481 50.8703 100.804 141.536 202.492  248.75
27.0422 51.8703  102.68 144.536 206.492  253.38
27.0422 52.8703 104.688 147.536  210.53 258.334
27.5162 53.8703 106.523 150.536 214.221 263.334
27.9555 54.7304 108.223 153.536 218.221 268.334
27.9555 55.7355 110.211 156.536 222.228 273.334
27.9555 56.7355 112.211 159.416 226.318 278.364
27.9555 57.7355 114.212 162.416 230.353 283.328
27.9555 58.7607 116.212 165.301 234.444 288.328
27.9555 59.7607 118.212 168.301  238.48 293.291
27.9555 60.7652 120.199 171.301 242.488 298.291
 28.357 61.6378 121.925 174.301 246.488 303.291
28.7896 62.5781 123.925 177.301 250.488 307.918
29.1908 63.4501 125.652 180.301 254.488 312.918
29.6378 64.4501 127.652 183.062 258.488  317.71
30.0581 65.3641 129.652 186.062 262.154  322.71
30.0581 66.3641 131.648 189.062  266.19 327.678
30.0581  67.374 133.652 192.062  270.19 332.665
30.4855  68.374 135.652 194.792 274.032 337.665
30.4855 69.3923 137.652 197.693 278.113 342.665
 30.907 70.3923 139.652 200.427 281.958 347.665
 30.907 71.3923 141.672 203.327 286.037 352.665
31.3181 72.3923 143.556 206.031 290.037 357.665
31.3181 73.3938 145.543 209.031  294.05 362.665
31.6935 74.2736 147.287 212.031  298.05 367.665
31.6935 75.2742 149.271 215.031 302.065 372.665
32.0872 76.2093 151.271 217.702 306.065 377.665
32.0872 77.2093 153.271   220.6 310.139 382.692
32.0872  78.209 155.256   223.6 314.155 387.692
32.4716 79.1459 157.256 226.279 318.155 392.692
32.8619 80.1459 159.146 229.279 322.155 397.412
33.2519 81.1459 161.035     232 326.155 402.412
33.6503 82.1459 163.035  234.78 330.155 407.234
33.6503 83.1615 165.035 237.683 334.237 412.234
 34.032 84.1046 167.035 240.683 338.237 416.909
 34.032 85.1118 169.035 243.683 342.237 421.902
34.4064 86.1118 170.895 246.683 346.002 426.902
34.4064 87.1118 172.919 249.604 350.002 431.957
34.4064 88.1118 174.933 252.512  354.08 436.957
34.7867 89.1118 176.933 255.302  358.08 441.786
35.1556  90.057 178.933 258.302  362.08 446.472
35.5024 90.9453 180.698 261.302  366.08 451.472
35.5024 91.9514 182.697 264.302  370.08 456.467
35.5024 92.9576 184.696 267.302  374.08 461.461
35.5024 93.9576 186.709 270.215 378.156 466.461
35.8393 94.8491  188.48 273.215 382.156 471.461
35.8393 95.8491   190.5 276.142 386.156 476.514
36.1962 96.8491 192.397 279.142 390.156 481.259
36.1962 97.8547 194.395 282.142 394.156 486.256
36.1962 98.8602 196.393 285.142 398.156 491.253
36.1962 99.8602 198.382 288.142 402.189  496.23
36.5324 100.788 200.382 291.142 405.925  501.23
 36.885 101.788 202.382 293.952 409.925 506.067
37.2334 102.788 204.382 296.952 413.797 510.847
37.2334 103.788 206.382 299.952 417.825 515.819
37.5665 104.717 208.382 302.952 421.563 520.819
37.5665 105.721 210.381 305.952 425.563 525.816
37.9084 106.721 212.381 308.952 429.436 530.601
37.9084 107.721 214.374 311.952 433.465 535.579
37.9084 108.736 216.374 314.891 437.465 540.625
38.2217 109.635 218.162 317.891 441.465 545.625
38.5608 110.635 220.162 320.712 445.465 550.466
38.8944 111.635 222.067 323.712 449.465 555.228
38.8944  112.64 224.065 326.712 453.465 560.224
39.2158 113.571 226.065 329.712 457.212 565.224
39.5463 114.571  227.97 332.712 461.212 569.989
39.8677 115.502  229.97 335.712  464.96 574.989
40.1952  116.45  231.97 338.712  468.96 579.712
40.1952  117.45  233.97 341.641 473.016 584.726
40.5139 118.382  235.97 344.641 476.767 589.726
40.8463 119.382  237.97 347.469 480.767 594.566
41.1788 120.382  239.97 350.298 484.767 599.405
41.1788 121.382 241.979  353.23 488.825 604.405
41.4988 122.382  243.86  356.23 492.624 609.405
 41.818 123.323  245.86  358.97 496.624 614.405
 41.818  124.32 247.848  361.97 500.639 619.405
 41.818 125.332 249.848 364.916 504.639 624.447
42.1324 126.274 251.848  367.66 508.639 629.447
42.4535 127.274 253.848 370.462 512.516 634.447
42.4535 128.277 255.848 373.462 516.516 639.445
42.4535 129.275 257.848 376.462 520.538 644.424
42.7671 130.275 259.753 379.243 524.538 649.424
43.0865 131.275 261.753 382.075 528.538 654.273
43.4001 132.275 263.658 384.856 532.538 659.273
43.7194 133.275 265.658 387.687 536.538 664.122
43.7194 134.275 267.651 390.687 540.563 669.105
43.7194 135.275 269.651 393.687 544.585 674.083
 44.034 136.275 271.651 396.521 548.585 678.935
 44.034 137.287 273.651 399.466 552.585 683.978
44.3373 138.232 275.651 402.217 556.585 688.978
44.3373 139.232 277.651 405.146 560.639 693.995
44.6387 140.232 279.538 408.146  564.45 698.995
44.9459 141.232 281.538 410.955 568.334 703.995
45.2488 142.184 283.538 413.955 572.334  708.74
 45.537  143.09 285.344 416.955 576.334  713.74
 45.537 144.105 287.369 419.914 580.334  718.74
 45.537 145.105 289.362 422.914 584.358 723.724
 45.537 146.105 291.362 425.846 588.409 728.741
45.8378 147.105 293.362 428.658 592.295 733.741
46.1385 148.105 295.362 431.658 596.181 738.555
46.4353 149.058 297.362 434.658 600.181 743.305
46.4353 150.069 299.362 437.606 604.181 748.346
46.4353 151.076 301.362 440.544 608.236 753.346
46.7283  152.03 303.362 443.544 612.236   758.1
47.0213 152.983 305.362 446.544 616.236 762.854
47.3094  153.92 307.362 449.544 620.011 767.854
47.6002 154.866 309.362 452.307 624.011 772.854
 47.893 155.819 311.362 455.307 628.011 777.608
 47.893 156.832 313.387 458.268 632.011 782.608
48.1819 157.778 315.387 461.033 636.011 787.608
48.1819 158.778 317.382 464.033 640.034  792.59
48.1819 159.788 319.382 466.984 644.034  797.63
48.4677 160.788 321.276 469.984 647.854  802.63
48.4677 161.794 323.276 472.924 651.908  807.63
48.4677   162.8 325.276 475.865 655.961  812.63
48.4677   163.8 327.292 478.813 659.961 817.666
 48.752   164.8 329.212 481.813 663.961 822.462
49.0377   165.8 331.212 484.637 667.852 827.462
49.0377   166.8 333.212 487.574   671.9 832.477
49.3165 167.749 335.212 490.347   675.9 837.477
49.3165 168.746 337.212 493.347  679.92 842.458
49.3165  169.76 339.236 496.309  683.92 847.458
49.3165 170.756 341.227 499.309 687.933 852.458
49.3165 171.756 343.222 502.309 691.955 857.442
49.3165 172.762 345.222 505.251 696.007 862.442
49.5851 173.703 347.222 508.251 699.798 867.442
49.8459 174.616 349.048 511.251 703.798 872.442
50.1169 175.565 351.048  514.03 707.798 877.442
50.1169 176.562 353.048  517.03 711.818 882.425
50.1169 177.562 355.048 519.969 715.864  887.44
50.1169 178.559 357.048 522.969 719.883 892.424
50.1169 179.559 359.056 525.911 723.933 897.424
 50.389 180.559 361.056 528.766 727.933 902.296
50.6543  181.51 363.056  531.55 731.933 907.296
50.9222  182.51 364.977 534.362 735.933 912.296
51.1875 183.461 366.977 537.146 739.933 917.296
51.4541 184.417 368.977 540.146 743.933 922.074
51.4541 185.413 370.977 543.146 747.953 927.057
51.7154 186.354 372.977 546.146 751.751 932.057
51.7154 187.351 374.977 549.146  755.77 937.041
51.7154 188.351 376.977 552.146  759.77  942.04
51.7154 189.358 378.977 555.099  763.77  947.08
51.9794 190.358 380.977 558.099  767.67 951.915
51.9794 191.363 382.977 561.044 771.721 956.915
51.9794 192.363 384.977 563.985 775.765 961.931
52.2366 193.363 386.882 566.985 779.604 966.931
52.4951 194.319 388.882 569.985 783.604 971.715
52.7551 195.319 390.808 572.985 787.604 976.529
52.7551 196.316 392.808 575.985 791.623 981.513
52.7551 197.316 394.809 578.985 795.623 986.512
52.7551 198.327 396.832 581.951 799.623 991.512
52.7551 199.331 398.832 584.898 803.672 996.512
53.0113 200.331 400.832 587.738 807.575 1001.51
53.2676 201.331 402.832 590.738 811.478 1006.35
53.2676 202.331 404.832 593.682 815.521 1011.37
53.5184 203.284 406.832 596.478 819.521 1016.37
53.7721 204.284  408.76 599.478 823.521 1021.18
54.0207 205.229  410.76 602.478 827.328 1026.18
54.0207 206.233  412.76 605.426 831.376 1031.18
54.0207  207.24  414.76 608.382 835.376 1036.22
54.0207  208.24 416.761 611.382 839.376 1041.22
54.0207  209.24 418.762 614.382 843.376 1046.22
54.2709  210.24 420.762 617.382 847.282 1051.06
54.2709  211.24 422.762 620.327 851.323 1056.08
54.2709  212.24 424.762 623.272 855.365 1061.09
54.5064 213.161 426.606 626.272 859.365 1066.09
54.5064 214.161 428.606 629.217 863.406  1071.1
54.5064 215.161 430.606 632.162 867.447 1076.12
54.7519 216.161 432.606 635.162 871.355 1080.96
54.7519 217.161 434.614  638.11 875.399 1085.96
54.7519 218.161 436.627 641.066 879.399    1091
54.7519 219.161 438.622 644.066 883.418 1095.98
54.7519 220.171 440.644 647.035 887.418 1100.98
54.9895 221.171 442.556 650.035 891.268 1105.98
54.9895 222.181 444.577 653.004 895.268 1110.98
54.9895 223.185 446.577 655.954 899.314 1115.98
55.2171 224.109 448.426 658.954 903.314 1120.98
55.2171 225.105 450.426 661.954 907.331 1125.97
55.2171 226.109 452.426 664.905 911.376 1130.97
55.2171 227.109 454.433 667.855  915.42 1135.97
55.4496 228.109 456.346 670.855 919.274 1140.97
 55.684 229.109 458.275 673.691 923.274 1145.97
55.9184 230.109 460.205 676.528 927.274 1150.97
55.9184 231.119 462.225 679.497 931.274 1155.97
56.1423 232.044 464.076 682.497 935.274 1160.97
56.1423 233.051 466.076 685.457 939.274    1166
56.3761 234.051 468.076 688.457 943.185 1170.86
56.3761  235.05 470.075 691.457 947.185 1175.86
56.3761 236.046 472.066 694.457 951.198 1180.86
 56.607 237.046     474 697.457 955.198 1185.69
 56.607 238.046 476.005 700.408  959.24 1190.69
 56.607 239.056 478.025  703.38  963.24 1195.69
 56.607 240.056 480.025 706.328 967.278 1200.71
 56.607 241.056 482.025 709.277 971.317 1205.72
56.8341 242.056 483.959 712.277 975.317 1210.56
57.0638 243.056 485.959 715.156 979.317 1215.45
57.2935 244.056 487.959 718.034 983.317 1220.34
57.2935 245.056 489.959 720.983 987.355 1225.35
57.2935 246.056 491.953 723.983 991.374 1230.34
57.5166 247.014 493.953 726.802 995.374 1235.34
57.7444 248.014 495.953 729.681 999.374 1240.23
57.7444 249.014 497.964  732.64 1003.37 1245.26
57.9697 250.014 499.964  735.64 1007.29 1250.12
58.1966 251.014 501.964  738.52 1011.29 1255.02
58.1966  252.01 503.956  741.52  1015.3 1260.02
58.4198  253.01 505.889 744.364  1019.3 1265.02
58.4198 254.016 507.889 747.325  1023.3 1270.05
58.6403 254.975 509.889 750.145  1027.3 1275.05
58.8608 255.975 511.806 753.145 1031.16 1280.05
59.0844 256.975 513.806 756.006 1035.08 1285.05
59.0844 257.979 515.806 758.959 1039.12 1290.05
59.0844 258.983 517.806 761.912 1043.17 1295.05
59.0844 259.983 519.812 764.864 1047.21 1300.05
59.0844 260.983 521.818 767.816 1051.25 1305.05
59.0844  261.98 523.818 770.816 1055.27 1310.03
59.3037  262.98 525.818 773.816 1059.18  1314.9
59.3037  263.98 527.818 776.816 1063.18  1319.9
59.3037 264.977 529.818 779.816  1067.2 1324.88
59.3037 265.973  531.81 782.816 1071.21 1329.88
59.3037  266.98  533.81 785.778 1075.21 1334.92
59.3037 267.989 535.829 788.749 1079.21 1339.92
59.5098 268.921 537.691 791.749 1083.21 1344.92
59.7223 269.881 539.691 794.577 1087.21 1349.92
59.9348 270.841 541.691 797.404 1091.21 1354.92
60.1481 271.805 543.691 800.404 1095.21 1359.74
60.3589 272.758 545.691 803.404 1099.05 1364.74
60.5756 273.758 547.691 806.288 1103.05 1369.64
60.5756 274.767  549.71  809.26 1107.05 1374.64
60.5756 275.767  551.71 812.211 1111.09 1379.65
60.5756 276.767 553.721 815.171 1115.09 1384.68
60.7841 277.719 555.721 818.171 1118.93 1389.68
60.7841 278.719 557.721 821.171 1122.93 1394.68
60.9954 279.719  559.66 824.171 1126.93 1399.53
61.2076 280.719  561.66 827.039 1130.85 1404.53
61.4198 281.719  563.66 829.906 1134.77 1409.53
61.6292 282.719 565.581 832.906 1138.63 1414.53
61.6292 283.725 567.581 835.869 1142.63 1419.56
61.6292 284.725 569.588 838.823 1146.67 1424.56
61.6292  285.73 571.588 841.786 1150.67 1429.59
61.6292  286.73 573.588 844.738 1154.71 1434.61
61.8386  287.73 575.588 847.607 1158.63 1439.61
61.8386 288.734 577.588 850.563 1162.67 1444.61
62.0429 289.688 579.588 853.563 1166.51 1449.61
62.0429 290.691 581.588 856.519 1170.55 1454.61
62.0429  291.69 583.587 859.519 1174.55 1459.61
62.0429  292.69 585.598  862.48 1178.55 1464.64
62.0429 293.696 587.598 865.443 1182.55 1469.67
62.2445 294.651 589.598 868.443  1186.4 1474.67
62.4494 295.651 591.539 871.443  1190.4 1479.52
62.4494 296.647 593.539 874.443 1194.41 1484.51
62.6545 297.647 595.539 877.443 1198.33 1489.38
62.8577 298.613 597.539 880.443 1202.33 1494.22
62.8577 299.616 599.539 883.401 1206.37 1499.22
63.0537  300.55 601.408 886.401 1210.37 1504.22
63.0537  301.55 603.408 889.355  1214.4 1509.23
63.0537 302.547 605.408 892.355 1218.42 1514.22
63.0537 303.547 607.408 895.355 1222.42 1519.22
63.0537 304.547 609.403 898.355 1226.43 1524.21
63.0537 305.547 611.409 901.312 1230.47 1529.21
63.0537 306.549 613.409  904.27 1234.51 1534.21
63.0537 307.558 615.426 907.244 1238.51 1539.21
63.2511  308.52 617.426 910.084 1242.51 1544.21
63.4492 309.487 619.426 913.084 1246.51 1549.04
63.4492 310.495 621.444 916.059 1250.51 1554.04
63.6466 311.461 623.444 919.059 1254.51 1558.88
63.6466 312.469 625.462 922.033 1258.51 1563.88
63.6466 313.468 627.462 925.033 1262.51 1568.88
63.6466 314.468 629.472 927.996 1266.51 1573.91
63.8401 315.424 631.472 930.996 1270.36 1578.91
63.8401 316.432  633.49 933.971 1274.36 1583.91
63.8401  317.44 635.507 936.946 1278.36 1588.91
64.0362  318.44 637.507 939.823 1282.29 1593.91
64.2323  319.44 639.507 942.701 1286.21 1598.91
64.4206 320.376 641.382 945.701 1290.21 1603.91
64.4206 321.379 643.382 948.661 1294.25 1608.91
64.4206 322.382 645.382  951.62 1298.29 1613.91
64.6154 323.382 647.382  954.62 1302.21 1618.79
64.6154 324.382 649.392 957.584 1306.21 1623.81
64.6154 325.389  651.41 960.559 1310.21 1628.81
64.6154 326.392  653.41 963.519 1314.25 1633.81
64.6154   327.4 655.427 966.494 1318.25 1638.81
64.8069   328.4  657.37 969.359 1322.25 1643.81
64.8069   329.4 659.376 972.317 1326.29 1648.81
     65   330.4 661.376 975.213 1330.29 1653.72
65.1897 331.364 663.376  978.06 1334.29 1658.72
65.3807 332.364  665.32 980.925 1338.29 1663.72
65.5652 333.302 667.197 983.925 1342.29 1668.72
65.7563 334.302 669.142 986.925 1346.29 1673.59
65.9472 335.302 671.085 989.791 1350.29 1678.59
65.9472 336.301 673.085 992.791 1354.29 1683.59
66.1362 337.301 675.014 995.791 1358.17 1688.59
66.3259 338.268 677.014 998.791 1362.17 1693.43
66.3259 339.268 679.014 1001.75  1366.2 1698.44
66.3259 340.268 681.009 1004.75 1370.21 1703.43
66.5161 341.268 683.009 1007.63 1374.14 1708.43
 66.704 342.268 684.939 1010.63 1378.03 1713.43
 66.704 343.276 686.956  1013.6 1382.03 1718.43
 66.704 344.276 688.965 1016.57 1386.03 1723.46
66.8909 345.276 690.895 1019.57 1389.91 1728.46
67.0728 346.215 692.774 1022.57 1393.91 1733.46
67.0728 347.214 694.773 1025.57 1397.91 1738.46
67.0728 348.217 696.773 1028.53 1401.95 1743.46
67.2538 349.156 698.653 1031.53 1405.95 1748.46
67.2538 350.156 700.658 1034.49 1409.98 1753.46
67.4342 351.096 702.538 1037.49 1413.98 1758.46
67.4342 352.094 704.536 1040.49 1417.98 1763.47
67.4342  353.09 706.529 1043.49 1421.99 1768.47
67.4342 354.087 708.529 1046.49    1426 1773.46
67.4342 355.087 710.534 1049.45 1430.04 1778.46
67.4342 356.087 712.539 1052.41 1434.07 1783.46
67.6157 357.045 714.539 1055.41 1437.93 1788.46
67.7985  358.01 716.539 1058.26 1441.93 1793.46
67.7985  359.01 718.543 1061.22 1445.97 1798.46
67.7985 360.012 720.543 1064.19    1450 1803.46
67.9802 360.978 722.543 1067.04    1454 1808.46
 68.162 361.978 724.475 1070.04 1457.89 1813.46
68.3457 362.978 726.475 1073.04 1461.82 1818.34
68.5304 363.978 728.475 1075.94 1465.82 1823.26
68.7151 364.978 730.475 1078.84 1469.82 1828.17
68.8982 365.978 732.421 1081.84 1473.82 1833.04
68.8982 366.974 734.421 1084.84 1477.83 1838.03
69.0794 367.939 736.421 1087.69 1481.83 1843.03
69.2607 368.904 738.421 1090.55 1485.83 1848.03
69.4424 369.873 740.421 1093.55 1489.83 1852.88
69.4424 370.868 742.414 1096.55 1493.84 1857.88
69.6252 371.868 744.414 1099.43 1497.77 1862.88
69.6252 372.865 746.414 1102.43 1501.79 1867.88
69.8084 373.865 748.414 1105.33 1505.79 1872.79
69.9892 374.833 750.414 1108.33 1509.79 1877.64
70.1715 375.833 752.414 1111.22 1513.72 1882.64
70.1715 376.832 754.414 1114.22 1517.72 1887.64
70.1715 377.832 756.414 1117.18 1521.75 1892.66
70.3508 378.832 758.346 1120.18 1525.64 1897.66
 70.532 379.832 760.346 1123.18 1529.57 1902.54
 70.532 380.832 762.341 1126.18 1533.58 1907.54
 70.712 381.832 764.287 1129.05 1537.58 1912.54
 70.712 382.832 766.287 1132.01 1541.61 1917.55
 70.712 383.832 768.287 1134.97 1545.64 1922.56
70.8899 384.832  770.22 1137.97 1549.53 1927.56
71.0692 385.832 772.167 1140.97 1553.53 1932.43
71.2471 386.798 774.167 1143.83 1557.53 1937.43
71.2471   387.8 776.167 1146.79 1561.56 1942.43
71.2471 388.802 778.167 1149.75  1565.6 1947.43
 71.427 389.802 780.167 1152.66  1569.6 1952.35
 71.427 390.798 782.161 1155.66 1573.61 1957.35
71.6047 391.798 784.107 1158.53 1577.61 1962.35
71.6047 392.798 786.112 1161.49 1581.64 1967.35
 71.782 393.798 788.058 1164.37 1585.64 1972.35
 71.782 394.798 790.063 1167.33 1589.67 1977.35
 71.782 395.805 792.078 1170.31 1593.67 1982.35
 71.782 396.803 794.077 1173.31 1597.67 1987.35
 71.958 397.803 796.024 1176.19 1601.67 1992.35
 71.958 398.811 798.039 1179.16 1605.67 1997.35
 71.958 399.811 800.044 1182.13 1609.71 2002.35
 71.958 400.811 802.052 1185.09 1613.71 2007.38
 71.958 401.811 804.057 1188.06 1617.74 2012.38
 71.958 402.807  806.05 1191.06 1621.75 2017.38
 71.958 403.807 808.055 1194.02 1625.78 2022.38
72.1292 404.767 810.055 1197.02 1629.65 2027.38
72.1292 405.764 812.055 1200.02 1633.67 2032.37
72.3012 406.731 814.055 1202.88 1637.67 2037.37
72.4731 407.699 816.055 1205.74 1641.67 2042.37
72.4731 408.699 818.062 1208.71 1645.67  2047.4
72.4731 409.699 820.062 1211.66 1649.69 2052.41
 72.646 410.699 822.062 1214.56 1653.63 2057.41
 72.646 411.697 824.061 1217.56 1657.63 2062.41
 72.646 412.693 826.055 1220.56 1661.64 2067.41
 72.646 413.697 828.055 1223.52 1665.64 2072.44
72.8159 414.697 829.991 1226.52 1669.53 2077.44
72.8159 415.697 831.999 1229.49 1673.53 2082.46
72.9865 416.697 833.948 1232.49 1677.53 2087.34
72.9865 417.701 835.948 1235.46 1681.53 2092.37
73.1516 418.645 837.839 1238.46 1685.53 2097.37
73.3218 419.645 839.788 1241.46 1689.53 2102.25
73.3218 420.641 841.782 1244.46 1693.54 2107.25
73.4865 421.586 843.672 1247.46 1697.54 2112.25
73.4865 422.582 845.672 1250.46 1701.56 2117.24
73.6536 423.544 847.672 1253.46 1705.43 2122.24
73.6536  424.54 849.666 1256.46 1709.44 2127.24
73.8227  425.54 851.615 1259.46 1713.44 2132.12
73.8227 426.536 853.615 1262.46 1717.45 2137.12
73.8227 427.538 855.615 1265.42 1721.48 2142.12
73.9897 428.538 857.552 1268.42 1725.38 2147.12
 74.158 429.538 859.502 1271.42 1729.38    2152
74.3268 430.538 861.502 1274.32 1733.32    2157
74.3268 431.538 863.502 1277.28 1737.34 2162.01
 74.496 432.538 865.502 1280.19 1741.34 2166.93
 74.496 433.538 867.509 1283.16 1745.34 2171.96
74.6635 434.538 869.459 1286.16 1749.34 2176.84
74.6635 435.544 871.473 1289.14 1753.34 2181.84
74.6635 436.541 873.473 1292.14 1757.36 2186.83
74.6635  437.54 875.471 1295.14 1761.36 2191.83
74.6635  438.54 877.478  1298.1 1765.36 2196.86
74.6635 439.536 879.471  1301.1 1769.37 2201.86
 74.828 440.504 881.471 1303.97 1773.37 2206.86
74.9941 441.504 883.471 1306.97  1777.3 2211.76
74.9941 442.504 885.475 1309.94 1781.33 2216.76
75.1582 443.504 887.413 1312.94 1785.23 2221.76
75.1582 444.501 889.413 1315.94 1789.24 2226.75
75.3236 445.501 891.413 1318.83 1793.18 2231.75
75.4874 446.501 893.351 1321.83 1797.08 2236.75
75.6511 447.501 895.289 1324.83 1800.98 2241.75
75.6511 448.497 897.289 1327.83 1804.99 2246.74
75.6511 449.497 899.283 1330.83    1809 2251.74
75.6511 450.501 901.283  1333.8    1813 2256.76
75.6511 451.501  903.29 1336.77    1817 2261.79
75.6511 452.497 905.283 1339.77 1821.01 2266.79
75.8131 453.466 907.283 1342.64 1825.01 2271.79
75.8131 454.463 909.277 1345.64 1829.02 2276.79
75.9758 455.463 911.228 1348.64 1833.02 2281.67
76.1391 456.463 913.228 1351.54 1836.96 2286.67
76.1391 457.459 915.222 1354.54 1840.97 2291.67
76.1391 458.462 917.222 1357.51 1844.97  2296.7
76.1391 459.462 919.225 1360.48    1849  2301.7
76.1391 460.459 921.219 1363.48 1853.01  2306.7
76.3004 461.459 923.171 1366.48 1857.01 2311.58
76.4571 462.406 925.066 1369.48 1861.01 2316.58
76.4571 463.406 927.061 1372.48 1865.02 2321.58
 76.617 464.406     929 1375.48 1868.92 2326.58
 76.617 465.405 930.997 1378.48 1872.92 2331.58
76.7775 466.405 932.948 1381.36 1876.92 2336.58
76.7775 467.405 934.942 1384.36 1880.93 2341.58
76.9378 468.405 936.893 1387.25 1884.93 2346.58
76.9378 469.412 938.906 1390.23 1888.93 2351.58
76.9378 470.408   940.9 1393.23 1892.94 2356.58
77.0963 471.408 942.839 1396.23 1896.85 2361.58
77.2565 472.408 944.839 1399.13 1900.79 2366.58
77.2565 473.407 946.837 1402.13 1904.79 2371.58
77.4138 474.371 948.837 1405.13 1908.67 2376.58
77.5743 475.371 950.837 1408.05 1912.67 2381.51
77.7325 476.341 952.837 1410.92 1916.67 2386.51
77.7325 477.337  954.83 1413.92 1920.68 2391.51
77.7325 478.337 956.824 1416.92 1924.69  2396.5
77.7325 479.334 958.824 1419.92  1928.7 2401.49
77.8889 480.298 960.824 1422.92 1932.58 2406.49
78.0471 481.298 962.776 1425.81 1936.58 2411.49
78.2043 482.268 964.776 1428.68 1940.58 2416.49
78.2043 483.268 966.782 1431.65 1944.58 2421.52
78.3613 484.238 968.782 1434.53 1948.58 2426.52
78.3613 485.238 970.776 1437.53 1952.59 2431.51
78.5189 486.238 972.728 1440.53 1956.59  2436.4
78.6769 487.238 974.728 1443.53 1960.53 2441.31
78.8345 488.238  976.68 1446.42 1964.53 2446.31
78.9933 489.238  978.68 1449.33 1968.53 2451.23
78.9933 490.238 980.686  1452.3 1972.53 2456.26
78.9933 491.234 982.686  1455.3 1976.54 2461.25
78.9933 492.234 984.692 1458.27 1980.54 2466.28
78.9933 493.234 986.692 1461.23 1984.56 2471.29
78.9933 494.234 988.692  1464.2 1988.58  2476.3
78.9933 495.231 990.692  1467.2 1992.59 2481.29
79.1494 496.231 992.692  1470.2 1996.53  2486.2
79.3051 497.231 994.644 1473.09 2000.53  2491.2
79.3051 498.231 996.648 1476.06 2004.56  2496.2
79.3051 499.234 998.648 1479.03 2008.56 2501.22
79.4606 500.234 1000.65 1482.03  2012.5 2506.13
79.4606 501.233 1002.65 1485.03  2016.5 2511.13
79.6154 502.233  1004.6 1487.92  2020.5 2516.13
79.7702 503.233 1006.55 1490.92  2024.5 2521.02
 79.924 504.203 1008.55  1493.8  2028.5 2526.02
80.0782 505.176 1010.55  1496.8  2032.5  2530.9
80.0782 506.178 1012.55 1499.76 2036.53  2535.9
80.2327 507.178  1014.5 1502.66 2040.53  2540.9
80.2327 508.184 1016.52 1505.64 2044.53  2545.9
80.2327 509.184 1018.52  1508.6 2048.56  2550.9
80.3856 510.155 1020.52 1511.48 2052.56  2555.9
80.3856 511.155 1022.52 1514.44 2056.59 2560.91
80.3856 512.155 1024.52 1517.41 2060.61 2565.92
80.5383 513.127 1026.52 1520.41 2064.61 2570.79
 80.692 514.127 1028.52 1523.41 2068.55  2575.7
80.8412 515.078 1030.42 1526.41 2072.55  2580.7
80.9944 516.078 1032.37  1529.3 2076.55  2585.7
81.1468 517.048 1034.37 1532.18 2080.55  2590.7
   81.3 518.048 1036.33 1535.18 2084.55 2595.59
81.4491 518.999 1038.23 1538.18 2088.55 2600.59
81.4491 520.001 1040.23 1541.15 2092.55 2605.62
81.6021 521.001 1042.18 1544.15 2096.55 2610.51
81.6021     522 1044.18 1547.15 2100.55 2615.52
81.7548     523 1046.13 1550.04 2104.55 2620.52
81.9078     524 1048.13 1553.04 2108.49 2625.42
81.9078     525 1050.13 1556.01 2112.52 2630.43
81.9078 526.006 1052.15 1558.99 2116.52 2635.43
82.0559 526.957 1054.05 1561.99 2120.52 2640.43
82.2079 527.957    1056 1564.89 2124.52 2645.43
  82.36 528.957 1057.95 1567.78 2128.52 2650.43
82.5125 529.957 1059.95 1570.68 2132.46 2655.43
82.6628 530.922 1061.95 1573.68 2136.34 2660.43
 82.814 531.922  1063.9 1576.68 2140.25 2665.43
 82.814 532.922  1065.9 1579.65 2144.27 2670.44
 82.814 533.919 1067.89 1582.65 2148.28 2675.44
82.9649 534.892 1069.89 1585.65 2152.28 2680.32
83.1156 535.892 1071.83 1588.65 2156.19 2685.32
83.1156 536.892 1073.83 1591.65  2160.2 2690.32
83.2673 537.892 1075.83 1594.55 2164.15 2695.32
83.2673  538.89 1077.82 1597.55 2168.15 2700.32
83.4165 539.856 1079.82 1600.55 2172.03 2705.32
83.4165 540.853 1081.82 1603.55 2176.04 2710.32
83.4165 541.849 1083.81 1606.55 2180.05 2715.32
83.5663 542.822 1085.81 1609.55 2184.05  2720.2
83.5663 543.819 1087.81 1612.55 2188.06 2725.19
83.5663 544.822 1089.81 1615.53 2192.06 2730.22
83.7153 545.793 1091.81 1618.41 2196.06 2735.22
83.8642 546.764 1093.81 1621.29 2200.06 2740.22
84.0152 547.764 1095.81  1624.2 2204.06 2745.15
 84.165 548.764 1097.76  1627.2 2208.06 2750.04
 84.165 549.763 1099.76  1630.2 2212.06 2755.05
84.3156 550.763 1101.76 1633.12 2216.06 2759.98
84.3156 551.763 1103.76 1636.09 2220.08 2764.99
84.3156 552.764 1105.76 1639.06 2224.11 2769.99
84.4641 553.737 1107.76 1642.06 2228.11 2774.87
84.4641 554.739 1109.76 1645.03 2232.14 2779.87
84.6129 555.739 1111.72 1647.92 2236.14 2784.87
84.7611 556.712 1113.72 1650.92 2240.14 2789.75
84.9102 557.712 1115.72 1653.92 2244.08 2794.65
85.0601 558.712 1117.72 1656.84 2248.08 2799.59
 85.208 559.712 1119.66 1659.84 2251.99 2804.59
 85.208 560.718 1121.67 1662.82 2255.99 2809.59
85.3548 561.684 1123.67 1665.82 2259.88 2814.59
85.3548  562.69 1125.68 1668.81 2263.88 2819.59
 85.503  563.69 1127.64 1671.81 2267.88 2824.48
 85.503 564.686 1129.64 1674.81 2271.89 2829.48
 85.503 565.683 1131.63 1677.81  2275.9 2834.48
 85.503 566.683 1133.64 1680.78  2279.9  2839.5
85.6515 567.683 1135.64  1683.7  2283.9 2844.43
85.7985 568.657 1137.64  1686.7  2287.9 2849.31
85.9421 569.609 1139.54  1689.7  2291.9 2854.31
85.9421 570.609 1141.55 1692.67  2295.9 2859.33
85.9421 571.614 1143.56 1695.65  2299.9 2864.33
85.9421 572.614 1145.56 1698.62 2303.92 2869.34
85.9421 573.613 1147.56 1701.62 2307.92 2874.35
86.0877 574.584 1149.56  1704.5 2311.92 2879.35
86.2336 575.558 1151.56  1707.5 2315.92 2884.23
86.2336 576.561 1153.56 1710.48 2319.92 2889.25
86.3802 577.561 1155.56 1713.39 2323.87 2894.25
86.5264 578.561 1157.51 1716.29 2327.87 2899.25
86.5264 579.561 1159.51 1719.25  2331.9 2904.25
86.5264 580.566 1161.52 1722.24  2335.9 2909.25
86.6721 581.566 1163.48 1725.24  2339.9 2914.15
86.6721 582.569 1165.48 1728.21  2343.9 2919.17
86.8175 583.569 1167.44 1731.21  2347.9 2924.07
86.9633 584.569 1169.44 1734.21 2351.84 2928.98
 87.105 585.521 1171.34 1737.21 2355.84 2933.98
87.2515 586.521 1173.34 1740.13 2359.84 2938.91
87.2515 587.518 1175.34 1743.13 2363.85 2943.91
87.3958  588.49 1177.34 1746.02 2367.85 2948.91
87.3958  589.49 1179.35 1748.99 2371.85 2953.93
87.5408  590.49  1181.3 1751.99 2375.85 2958.83
87.5408  591.49 1183.31 1754.96 2379.88 2963.83
87.5408  592.49 1185.31 1757.93  2383.9 2968.83
87.6856  593.49 1187.31 1760.93 2387.85 2973.74
 87.831  594.49 1189.31 1763.85 2391.85 2978.67
 87.975 595.464 1191.31 1766.85 2395.85 2983.56
 87.975  596.47 1193.32 1769.83 2399.85 2988.56
 87.975 597.466 1195.32 1772.83 2403.86 2993.55
 87.975 598.472 1197.33 1775.82 2407.86 2998.55
 87.975 599.474 1199.33 1778.79 2411.86 3003.57
 87.975 600.471 1201.32 1781.79 2415.87 3008.57
 87.975 601.473 1203.32 1784.77 2419.87 3013.59
 87.975 602.473 1205.32 1787.77 2423.88 3018.59
88.1162  603.44 1207.32 1790.77 2427.77 3023.59
88.1162  604.44 1209.32 1793.73 2431.79  3028.6
 88.258 605.413 1211.32 1796.62 2435.79  3033.6
 88.258 606.418 1213.33  1799.6 2439.79  3038.6
 88.258 607.418 1215.33 1802.57 2443.82  3043.6
88.4011 608.418 1217.33  1805.5 2447.82 3048.53
88.4011 609.421 1219.33 1808.47 2451.82 3053.56
88.4011 610.422 1221.33 1811.44 2455.85 3058.56
88.4011 611.418 1223.33 1814.44 2459.86 3063.55
88.4011 612.421 1225.33 1817.42 2463.86 3068.57
88.5415 613.394 1227.33  1820.3 2467.86 3073.57
88.6827 614.394 1229.29  1823.3 2471.86 3078.47
88.6827  615.39 1231.28  1826.3 2475.87 3083.47
88.8237  616.39 1233.24  1829.3 2479.87 3088.38
88.8237 617.387 1235.24  1832.3 2483.87 3093.38
88.9644 618.387 1237.19 1835.21 2487.87 3098.38
89.1055 619.387 1239.19 1838.12 2491.82 3103.38
89.1055 620.385 1241.19 1841.12 2495.82 3108.38
 89.246 621.385 1243.15 1844.02 2499.82 3113.38
 89.246 622.385 1245.15 1846.99 2503.84 3118.39
 89.246 623.385 1247.15 1849.95 2507.87  3123.4
 89.246 624.391 1249.16 1852.94 2511.87  3128.4
 89.246 625.392 1251.16 1855.91 2515.89  3133.4
89.3822 626.346 1253.07 1858.91 2519.89  3138.4
89.5211 627.346 1255.01 1861.91 2523.81  3143.4
89.5211 628.346 1257.02 1864.88 2527.81 3148.42
89.5211 629.346 1259.02 1867.85 2531.83 3153.43
89.6595  630.32 1261.02 1870.74 2535.83 3158.43
89.6595  631.32 1263.02 1873.71 2539.83 3163.45
89.6595 632.316 1265.02 1876.71 2543.84 3168.45
89.6595 633.316 1267.02 1879.68 2547.87 3173.45
89.7984 634.316 1269.02  1882.6 2551.82 3178.45
89.9365 635.291 1271.02  1885.6 2555.82 3183.34
89.9365 636.291 1273.02 1888.56 2559.84 3188.35
90.0733  637.26 1275.02 1891.56 2563.73 3193.35
90.2109 638.233 1277.02 1894.45 2567.73 3198.35
90.2109 639.233 1279.02 1897.43 2571.73 3203.37
90.2109 640.233 1281.03  1900.4 2575.76 3208.37
90.2109 641.233 1283.02  1903.4 2579.77 3213.37
90.2109 642.233 1285.03 1906.37 2583.77 3218.39
90.2109  643.23 1287.02 1909.37 2587.78 3223.39
90.2109 644.231 1289.02 1912.34 2591.81 3228.39
90.2109 645.231 1291.02 1915.31 2595.83  3233.4
90.2109 646.227 1293.02 1918.31 2599.84 3238.39
90.2109 647.232 1295.03  1921.3 2603.84 3243.39
90.2109 648.232 1297.03  1924.3 2607.85 3248.39
90.2109 649.232 1299.03 1927.27 2611.85 3253.41
90.3455 650.201 1301.03 1930.27 2615.75 3258.41
90.3455 651.202 1303.03 1933.24 2619.77 3263.41
90.3455 652.207 1305.04 1936.23 2623.77 3268.41
90.4807 653.183 1307.04 1939.23 2627.77  3273.3
90.6162 654.183    1309 1942.13 2631.77  3278.3
90.6162 655.188 1311.01 1945.11 2635.77  3283.3
90.7484 656.143 1312.92 1948.11 2639.77  3288.3
90.7484  657.14 1314.92 1951.11 2643.78  3293.3
90.8829  658.14 1316.87 1954.11  2647.7  3298.3
 91.018  659.14 1318.82 1957.02  2651.7  3303.3
 91.018  660.14 1320.83 1959.99 2655.73  3308.3
 91.018 661.136 1322.83 1962.99 2659.74 3313.29
91.1496 662.092 1324.74 1965.99 2663.74 3318.29
91.2853 663.092 1326.74 1968.92 2667.74 3323.23
91.4193 664.092 1328.69 1971.92 2671.65 3328.23
91.5527 665.061 1330.69 1974.92 2675.55 3333.23
91.5527  666.06 1332.69 1977.92 2679.55 3338.23
91.5527  667.06 1334.69 1980.89 2683.55 3343.25
91.5527 668.058 1336.69 1983.89 2687.55 3348.26
91.5527 669.055 1338.68 1986.89 2691.56 3353.26
91.6876 670.055 1340.68 1989.82 2695.56  3358.2
91.8208 671.055 1342.63 1992.82 2699.48  3363.2
91.9541 672.055 1344.58 1995.82  2703.4  3368.2
91.9541  673.06 1346.59  1998.8  2707.4  3373.2
91.9541 674.056 1348.59  2001.8  2711.4 3378.19
92.0845 675.012  1350.5  2004.8  2715.4 3383.19
92.2174 675.987  1352.5  2007.7  2719.4 3388.19
 92.351 676.987 1354.46  2010.7  2723.4  3393.1
92.4849 677.987 1356.46  2013.7 2727.35 3398.02
92.6177 678.987 1358.41  2016.7 2731.27 3403.02
92.6177 679.987 1360.41  2019.7 2735.28 3408.01
92.7504 680.987 1362.35  2022.7  2739.2 3413.01
92.7504 681.983 1364.35  2025.7 2743.21 3418.01
92.7504 682.988 1366.36 2028.68 2747.21 3423.01
92.7504 683.988 1368.36 2031.68 2751.22    3428
92.8828 684.964 1370.36 2034.68 2755.22  3432.9
93.0149 685.938 1372.36 2037.58 2759.22  3437.9
93.0149 686.943 1374.37 2040.56 2763.22  3442.9
93.0149 687.943 1376.37 2043.54 2767.22 3447.92
93.1466 688.943 1378.32 2046.54 2771.14 3452.92
93.2783 689.917 1380.32 2049.43 2775.14 3457.92
93.2783 690.916 1382.32 2052.43 2779.14 3462.92
93.4092 691.885 1384.32 2055.43 2783.04 3467.92
93.4092 692.886 1386.32  2058.4 2787.06 3472.92
93.5406 693.886 1388.27  2061.4 2790.98 3477.92
93.5406 694.886 1390.26  2064.4 2794.99 3482.92
93.5406 695.886 1392.26  2067.4    2799 3487.91
93.5406 696.888 1394.26 2070.38    2803 3492.93
93.6723 697.888 1396.26 2073.38 2806.95 3497.85
93.8008 698.845 1398.17 2076.38 2810.95 3502.85
93.8008 699.845 1400.18 2079.36 2814.95 3507.87
93.8008 700.841 1402.18 2082.36 2818.96 3512.87
93.9322 701.841 1404.18 2085.27 2822.91 3517.87
94.0637 702.841 1406.18 2088.19 2826.86 3522.87
94.0637 703.838 1408.17 2091.19 2830.87 3527.87
94.1946 704.838 1410.13 2094.19 2834.87 3532.78
94.1946 705.838 1412.13 2097.17 2838.89 3537.78
94.3256 706.838 1414.13 2100.17 2842.84  3542.7
94.4566 707.838 1416.13 2103.08 2846.79  3547.7
94.4566 708.838 1418.13 2106.05 2850.81 3552.71
94.5875 709.838 1420.13 2109.05 2854.76 3557.63
94.5875 710.837 1422.13 2112.05 2858.76 3562.63
94.5875 711.833 1424.12 2115.05 2862.77 3567.63
94.7176 712.833 1426.08 2118.05 2866.77 3572.54
94.8465 713.803 1428.08 2121.05 2870.67 3577.54
94.9767 714.803 1430.04 2123.96 2874.67 3582.54
94.9767 715.803 1432.05 2126.94 2878.69 3587.54
 95.107 716.803 1434.05 2129.94 2882.64 3592.46
95.2365  717.78 1436.05 2132.94 2886.64 3597.36
95.3665  718.78 1438.01 2135.85 2890.64 3602.36
95.4973  719.78 1440.01 2138.78 2894.64  3607.3
95.4973 720.777 1442.01 2141.78 2898.65 3612.29
95.6264 721.751 1444.01 2144.67 2902.65 3617.29
95.6264 722.752 1446.01 2147.65 2906.67 3622.29
95.6264 723.751    1448 2150.65 2910.67  3627.3
95.6264 724.751    1450 2153.62 2914.69 3632.31
95.7565 725.751    1452 2156.55 2918.69 3637.25
95.7565 726.751    1454 2159.52 2922.72 3642.25
95.8864 727.751    1456 2162.45 2926.72 3647.19
95.8864 728.748    1458 2165.45 2930.73 3652.19
95.8864 729.748    1460 2168.42 2934.75  3657.2
95.8864 730.748    1462 2171.39 2938.77  3662.2
95.8864 731.747    1464 2174.39 2942.77  3667.2
95.8864 732.747    1466 2177.37 2946.77 3672.22
95.8864 733.748    1468 2180.34  2950.8 3677.22
95.8864 734.748    1470 2183.32  2954.8 3682.24
96.0114 735.706 1471.92 2186.32  2958.8 3687.24
96.1396 736.706 1473.92 2189.32 2962.75 3692.16
96.2674 737.706 1475.88 2192.32 2966.75 3697.08
96.3949 738.683 1477.88 2195.32 2970.75 3701.97
96.3949 739.683 1479.88  2198.3 2974.77 3706.97
 96.522 740.683 1481.83  2201.3 2978.69 3711.97
96.6493  741.66 1483.83  2204.3 2982.69 3716.87
 96.777  742.66 1485.79  2207.3 2986.69 3721.78
 96.777 743.665  1487.8 2210.28 2990.69 3726.78
 96.777 744.665 1489.81 2213.26 2994.69  3731.8
 96.904 745.642 1491.81 2216.26 2998.69 3736.69
 97.031 746.619 1493.81 2219.26 3002.69 3741.59
 97.031 747.619 1495.81 2222.23 3006.69 3746.61
97.1581 748.619 1497.77 2225.15 3010.69 3751.61
97.1581 749.619 1499.77 2228.15  3014.7 3756.61
97.2839 750.589 1501.77 2231.15 3018.61 3761.61
97.4097  751.56 1503.77 2234.15 3022.51 3766.61
97.4097 752.557 1505.77 2237.15 3026.52  3771.6
97.4097 753.555 1507.76 2240.15 3030.52  3776.6
97.5358  754.53 1509.76 2243.05 3034.52  3781.6
97.5358 755.535 1511.77 2246.03 3038.52  3786.6
97.5358 756.535 1513.77 2249.03 3042.53  3791.6
97.6618 757.512 1515.77 2252.03 3046.53  3796.5
97.6618 758.512 1517.77 2255.01 3050.53 3801.52
97.7887 759.512 1519.77 2257.94 3054.53 3806.46
97.9121  760.47 1521.69 2260.94 3058.53 3811.46
97.9121 761.467 1523.69 2263.94 3062.54 3816.45
98.0378 762.444 1525.69 2266.94 3066.54 3821.35
98.0378 763.444 1527.69 2269.91 3070.56 3826.35
98.0378 764.444 1529.69 2272.89 3074.58 3831.36
98.0378 765.444 1531.69 2275.86  3078.6 3836.36
98.1641 766.444 1533.69 2278.79  3082.6  3841.3
98.1641 767.444  1535.7 2281.77  3086.6 3846.32
98.1641 768.448 1537.71 2284.76  3090.6 3851.32
98.1641 769.453 1539.72 2287.74  3094.6 3856.32
98.1641 770.454 1541.72 2290.72  3098.6 3861.34
98.2886 771.432 1543.72 2293.72  3102.6 3866.24
98.2886 772.428 1545.71 2296.72 3106.61 3871.24
98.2886 773.429 1547.71  2299.7 3110.64 3876.24
 98.412   774.4 1549.71  2302.7 3114.54 3881.24
 98.412 775.404 1551.72 2305.68 3118.54 3886.24
98.5358 776.404 1553.67 2308.68 3122.47 3891.24
98.5358 777.404 1555.67 2311.68 3126.48 3896.23
98.5358 778.401 1557.67 2314.68 3130.48 3901.23
98.6599 779.401 1559.63  2317.6 3134.48 3906.23
98.6599 780.401 1561.63 2320.57  3138.5 3911.24
98.6599 781.398 1563.63 2323.57 3142.51 3916.23
98.6599 782.402 1565.64 2326.55 3146.51 3921.23
98.7829 783.402 1567.59 2329.55 3150.44 3926.23
98.9069 784.402 1569.59 2332.48 3154.39 3931.23
99.0299 785.378 1571.59 2335.38 3158.39 3936.23
99.0299 786.374 1573.59 2338.38  3162.4 3941.23
99.0299 787.371 1575.59 2341.38 3166.41 3946.23
99.1535 788.371 1577.59 2344.38 3170.36 3951.15
99.2775 789.371 1579.59 2347.31 3174.36  3956.1
99.4003 790.371 1581.54 2350.31 3178.28  3961.1
99.4003 791.371 1583.54 2353.29 3182.28 3966.11
99.4003 792.373 1585.54 2356.27 3186.28 3971.13
99.4003 793.373 1587.54 2359.24  3190.3 3976.13
99.4003 794.375 1589.54 2362.22  3194.3 3981.15
99.4003 795.372 1591.54 2365.22 3198.31 3986.15
99.4003 796.369 1593.54 2368.22 3202.32 3991.15
99.4003  797.37 1595.54  2371.2 3206.32 3996.17
99.5228  798.37 1597.54 2374.12 3210.27 4001.17
99.6445 799.346 1599.54 2377.03 3214.27 4006.17
99.7675 800.346 1601.54 2379.96 3218.27 4011.11
99.8891 801.322 1603.54 2382.86 3222.27 4016.11
99.8891 802.322 1605.53 2385.86 3226.28 4021.11
99.8891 803.319 1607.53 2388.86 3230.29 4026.11
99.8891  804.32 1609.53 2391.84 3234.32 4031.11
99.8891 805.321 1611.53 2394.82 3238.32 4036.13
99.8891 806.318 1613.53 2397.82 3242.32 4041.12
100.011 807.318 1615.53 2400.74 3246.28 4046.12
100.133 808.318 1617.53 2403.74 3250.23 4051.05
100.255 809.318 1619.53 2406.66 3254.18 4056.05
100.376 810.318 1621.53 2409.59 3258.14 4061.05
100.498 811.318 1623.49 2412.59 3262.14 4065.97
100.618  812.29 1625.49 2415.59 3266.05 4070.97
 100.74  813.29 1627.45 2418.59 3270.05 4075.88
 100.74 814.288 1629.45 2421.59 3274.05 4080.89
 100.74 815.288 1631.45 2424.59 3278.05 4085.88
 100.74 816.288 1633.45 2427.56 3282.08 4090.88
100.861 817.288 1635.45 2430.49 3286.03 4095.88
100.981  818.26 1637.45 2433.49 3289.94 4100.88
100.981  819.26 1639.45 2436.46 3293.96 4105.89
101.101 820.236 1641.45 2439.36 3297.96 4110.89
101.222 821.236 1643.41 2442.28 3301.96 4115.89
101.222 822.237 1645.41 2445.26 3305.98 4120.89
101.342 823.213 1647.41 2448.16 3309.98 4125.89
101.464 824.213 1649.41 2451.09 3313.98 4130.84
101.464  825.21 1651.41 2454.09 3317.99 4135.84
101.464 826.212 1653.41 2457.07 3321.99 4140.86
101.584 827.212 1655.37 2460.07 3325.99 4145.77
101.705 828.212 1657.37    2463 3329.94 4150.77
101.826 829.212 1659.37    2466  3333.9  4155.7
101.826 830.216 1661.38 2468.98  3337.9  4160.7
101.826 831.213 1663.37 2471.98  3341.9  4165.7
101.946 832.213 1665.37 2474.91 3345.86  4170.7
102.067 833.213 1667.37 2477.83 3349.81  4175.7
102.186  834.19 1669.37 2480.74 3353.81  4180.7
102.186 835.188 1671.37 2483.74 3357.81  4185.7
102.186 836.185 1673.37 2486.74 3361.82  4190.7
102.307 837.185 1675.37 2489.74 3365.77 4195.63
102.424 838.145 1677.29 2492.74 3369.77 4200.63
102.424 839.146 1679.29 2495.71  3373.8 4205.63
102.424 840.148 1681.29 2498.69  3377.8 4210.65
102.424 841.152  1683.3 2501.68  3381.8 4215.65
102.424 842.153  1685.3 2504.66  3385.8 4220.67
102.543 843.132  1687.3 2507.66  3389.8 4225.57
102.543  844.13  1689.3 2510.66  3393.8 4230.58
102.662 845.108  1691.3 2513.66  3397.8 4235.48
102.662 846.108 1693.29 2516.66 3401.81 4240.48
102.778 847.069 1695.21 2519.66 3405.81 4245.48
102.897 848.069 1697.18 2522.58 3409.81 4250.48
103.016 849.046 1699.18 2525.48 3413.81 4255.48
103.135 850.046 1701.18 2528.48 3417.76  4260.4
103.135 851.047 1703.18 2531.46 3421.76 4265.42
103.135 852.048 1705.18 2534.44 3425.78 4270.42
103.135 853.048 1707.18 2537.41 3429.78 4275.44
103.135 854.048 1709.18 2540.41 3433.79 4280.44
103.135 855.048 1711.17 2543.41  3437.8 4285.43
103.135 856.048 1713.17 2546.39  3441.8 4290.45
103.135 857.048 1715.17 2549.37 3445.82 4295.45
103.253 858.048 1717.14 2552.29 3449.82 4300.45
103.253 859.052 1719.15 2555.27 3453.82 4305.45
103.253 860.054 1721.15 2558.25 3457.82 4310.47
103.371 861.054 1723.15 2561.25 3461.77  4315.4
103.489 862.054 1725.11 2564.17 3465.77  4320.4
103.604 863.015 1727.03 2567.17 3469.77  4325.4
103.604 864.012 1729.03 2570.17 3473.78  4330.4
103.722 865.012 1730.98 2573.17 3477.71  4335.4
103.839 865.989 1732.98 2576.08 3481.71  4340.4
103.839  866.99 1734.98 2579.06 3485.71 4345.42
103.839 867.987 1736.98 2582.06 3489.72 4350.41
103.839 868.985 1738.98 2585.06 3493.72 4355.42
103.956 869.962 1740.98 2587.96 3497.72 4360.42
104.073 870.962 1742.98 2590.96 3501.67 4365.35
104.073 871.962 1744.98 2593.94 3505.69 4370.36
 104.19 872.962 1746.98 2596.86 3509.65 4375.36
104.308 873.962 1748.95 2599.86 3513.65 4380.28
104.424 874.941 1750.95 2602.86 3517.65 4385.18
104.542 875.941 1752.95 2605.79  3521.6 4390.18
104.542 876.941 1754.94 2608.79 3525.61 4395.18
104.542 877.945 1756.95 2611.78 3529.61 4400.18
104.542 878.945 1758.95 2614.75 3533.63 4405.19
104.542 879.943 1760.95 2617.75 3537.63 4410.19
104.542 880.943 1762.94 2620.75 3541.63 4415.19
104.542 881.943 1764.95 2623.73 3545.63  4420.2
104.658  882.92 1766.95 2626.64 3549.63  4425.2
104.658 883.919 1768.95 2629.64 3553.63 4430.21
104.658 884.919 1770.94 2632.64 3557.64  4435.2
104.774 885.919 1772.94 2635.56  3561.6  4440.2
 104.89 886.919 1774.91 2638.56  3565.6 4445.12
 104.89 887.919 1776.91 2641.54 3569.62 4450.12
 104.89 888.919 1778.91 2644.52 3573.64 4455.12
 104.89 889.916 1780.91 2647.52 3577.65 4460.12
 104.89 890.913 1782.91 2650.52 3581.66 4465.12
 104.89  891.91  1784.9 2653.52 3585.67 4470.12
 104.89  892.91  1786.9 2656.49 3589.68 4475.12
 104.89 893.907  1788.9 2659.49 3593.69 4480.12
105.005 894.907 1790.87 2662.49 3597.69 4485.04
105.121 895.907 1792.87 2665.42 3601.65 4490.04
105.235 896.907 1794.82 2668.42 3605.58 4495.04
 105.35 897.886 1796.82 2671.42 3609.58 4499.95
105.465 898.886 1798.79 2674.42 3613.58 4504.87
105.581 899.886 1800.75 2677.34 3617.58 4509.87
105.581 900.886 1802.75 2680.31  3621.6 4514.87
105.581 901.883 1804.75 2683.31 3625.61 4519.86
105.581 902.883 1806.75 2686.31 3629.62 4524.86
105.581 903.884 1808.75 2689.29 3633.64 4529.86
105.695 904.863 1810.75 2692.29 3637.64 4534.77
105.695 905.863 1812.75 2695.27 3641.66 4539.77
105.809 906.836 1814.75 2698.27 3645.57 4544.77
105.809 907.837 1816.75 2701.25 3649.59 4549.77
105.923 908.837 1818.75 2704.17 3653.55 4554.77
105.923 909.841 1820.76 2707.16 3657.55 4559.77
105.923 910.838 1822.75 2710.16 3661.56 4564.77
105.923 911.834 1824.75 2713.16 3665.57 4569.76
105.923 912.834 1826.75 2716.13 3669.58 4574.77
105.923 913.831 1828.75 2719.13 3673.59 4579.77
106.036 914.805 1830.75 2722.13 3677.51 4584.77
106.149 915.805  1832.7 2725.13 3681.44 4589.77
106.149 916.805  1834.7 2728.13 3685.44 4594.77
106.149 917.803  1836.7 2731.13 3689.44 4599.77
106.149   918.8  1838.7 2734.13 3693.45 4604.77
106.263   919.8  1840.7 2737.06 3697.41 4609.77
106.376 920.778  1842.7 2739.97 3701.41 4614.77
106.489 921.752  1844.7 2742.97 3705.32 4619.77
106.489 922.755 1846.71 2745.96 3709.32 4624.77
106.601 923.733 1848.71 2748.87 3713.32 4629.77
106.715 924.733 1850.71 2751.81 3717.32 4634.71
106.829 925.733 1852.67 2754.81 3721.32 4639.64
106.942 926.733 1854.67 2757.81 3725.28 4644.57
107.056 927.733 1856.67 2760.74 3729.23 4649.57
 107.17 928.733 1858.67 2763.68 3733.23 4654.52
107.283 929.712 1860.67 2766.68 3737.23 4659.42
107.396 930.712 1862.64 2769.68 3741.23 4664.34
107.396 931.713 1864.64 2772.65 3745.26 4669.34
107.396 932.713 1866.64 2775.63 3749.28 4674.34
107.396  933.71 1868.63 2778.63 3753.28 4679.34
107.396 934.711 1870.63 2781.61 3757.28 4684.36
107.396 935.711 1872.64 2784.59 3761.28 4689.38
107.509 936.711  1874.6 2787.59 3765.28  4694.3
107.509 937.715 1876.61 2790.58 3769.28  4699.3
107.509 938.712 1878.61 2793.58 3773.29  4704.3
107.621 939.712 1880.57  2796.5 3777.29  4709.3
107.734 940.712 1882.54 2799.42 3781.29  4714.3
107.846  941.69 1884.54 2802.33 3785.29  4719.3
107.956 942.653 1886.47 2805.33 3789.29  4724.3
108.069 943.653 1888.47 2808.27 3793.29 4729.25
108.182 944.653 1890.43 2811.27 3797.29 4734.17
108.182 945.653 1892.43 2814.25 3801.31 4739.17
108.182 946.657 1894.44 2817.23 3805.31 4744.17
108.182 947.656 1896.44 2820.23 3809.31 4749.18
108.291 948.619 1898.36 2823.23 3813.31 4754.18
108.403 949.619 1900.32 2826.23 3817.25 4759.18
108.403 950.619 1902.32 2829.23 3821.25 4764.17
108.403 951.615 1904.32 2832.23 3825.26 4769.17
108.515 952.595 1906.32 2835.23 3829.26 4774.08
108.627 953.595 1908.28 2838.23 3833.26    4779
108.738 954.569 1910.28 2841.23 3837.18    4784
108.847 955.532 1912.21 2844.23 3841.18    4789
108.847  956.53 1914.21 2847.23 3845.18    4794
108.957 957.493 1916.13 2850.23 3849.18    4799
108.957 958.493 1918.14 2853.21 3853.18 4804.02
109.068 959.471 1920.14 2856.13 3857.18 4809.02
 109.18 960.471 1922.14 2859.06 3861.13 4814.02
 109.18 961.471 1924.14 2862.03 3865.15 4819.03
 109.18 962.472 1926.14 2865.01 3869.17 4824.03
109.291 963.472  1928.1 2868.01  3873.1 4829.03
109.402 964.472 1930.05 2871.01 3877.04 4834.03
109.513 965.472 1932.02 2873.93 3881.04 4839.03
109.513 966.472 1934.02 2876.91 3885.06 4844.03
109.513 967.475 1936.03  2879.9 3889.06 4849.03
109.622 968.439 1937.96  2882.9 3893.06 4854.03
109.622 969.439 1939.96 2885.87 3897.07 4859.04
109.622 970.436 1941.96 2888.87 3901.08 4864.03
109.622 971.436 1943.96 2891.85  3905.1 4869.03
109.731 972.399 1945.89 2894.85  3909.1 4874.03
109.731 973.396 1947.88 2897.85 3913.11 4879.03
109.731 974.397 1949.88 2900.83 3917.11 4884.05
109.842 975.397 1951.88 2903.76 3921.07 4889.05
109.842 976.397 1953.88 2906.74 3925.09 4894.05
109.842 977.394 1955.88 2909.74  3929.1 4899.05
109.952 978.394 1957.88 2912.74 3933.05 4903.99
110.063 979.374 1959.88 2915.74 3937.05  4908.9
110.173 980.353 1961.88 2918.74 3941.05 4913.81
110.173  981.35 1963.87 2921.74 3945.06 4918.81
110.173 982.347 1965.87 2924.74 3949.07 4923.81
110.173 983.344 1967.87 2927.74 3953.08  4928.8
110.283 984.344 1969.87 2930.68 3957.08 4933.75
110.393 985.322 1971.87 2933.59 3961.08 4938.75
110.393 986.319 1973.87 2936.59 3965.08 4943.75
110.501 987.283  1975.8 2939.59 3969.08 4948.75
110.501 988.286  1977.8 2942.58 3973.08 4953.75
110.501 989.286  1979.8 2945.58 3977.09 4958.75
 110.61 990.286 1981.77 2948.58 3981.09 4963.67
 110.61 991.285 1983.76 2951.58 3985.09 4968.67
 110.72 992.285 1985.72 2954.58 3989.02 4973.67