      1 3.33333 3.33333       4 3.33333       6
      1 5.66667 5.66667       7 5.66667      11
1.40541 7.96396 7.66667      10 7.96396      16
1.40541 8.96396 9.66667 13.5332 10.7778 21.6531
1.66873 10.6435 11.6667 16.5332 14.7778 25.7102
1.66873 12.6731 13.6667 19.6857 17.5956 30.7102
1.66873 14.7026 15.6667 22.8383 20.4135 35.7102
1.66873 15.7026 17.7776 25.9157 24.4135 40.5219
1.66873 17.6499 19.7776 28.9157  27.441  45.547
1.66873 19.3516 21.6845 31.9157  31.441 49.9384
1.66873 20.3516 23.6845 35.2961 34.7712 55.2278
 1.8137 21.3516  25.742 38.2961 38.7712 60.0254
 1.8137 22.3516 27.9954 41.6486 42.1653 65.0254
1.96489 23.3516 30.3292 44.6486 45.6803 70.0254
2.09932 24.3516 32.4041 47.6486 49.6803 74.8161
2.23414 25.3516 34.4041 50.7088 53.6803 79.6211
2.23414 26.3516 36.6351 53.9969 57.1612 84.6211
2.23414 27.7032  38.514 56.7664 61.1612 89.6211
2.36429 28.7032  40.514 60.0733 64.7241 94.6211
2.36429 29.7032 42.7439 63.0733 68.2864 99.8289
2.36429 30.7032 44.8224 66.1404 72.2864 104.683
2.36429 31.7032 47.0454 69.1404 75.8716 109.875
2.46401 32.7032 49.0296 72.0565 79.8716 114.875
2.46401 34.1202 51.0296 75.1787 83.3324 119.875
 2.5585 35.4287 53.0296 78.1787 87.3324 124.472
 2.5585 36.8617 55.0296 81.1787 90.8647 129.507
2.66107 37.8617 57.0296 84.4332 94.5076 134.507
2.76445 38.8617 59.0296 87.4332  98.179 139.732
2.76445 40.2491 61.1371 90.4332 101.684 144.732
2.76445 41.5574 63.1243 93.4332 105.684 149.437
2.85659 42.9426 65.1243 96.4332 109.207 154.437
2.93693 44.1502 67.1243 99.1452 113.207 159.437
2.93693 45.5272 69.1243 102.237 116.738 164.437
2.93693 46.5272 71.1828 105.282 120.738 169.333
3.02321 47.8941 73.1828 108.282 124.284 174.333
3.10514 48.8941 75.1662 111.217 128.284 179.333
3.19474 49.8941 77.1662 114.426 131.986 184.333
3.19474  51.182 79.1662 117.379 135.986 189.092
 3.2819  52.182 81.1662 120.582 139.696 194.092
3.35396 53.3278 82.9484 123.582 143.696 199.092
3.43626 54.3278 84.9484 126.614 147.696 203.977
3.43626 55.3278 86.9484 129.791 151.402 209.095
 3.5143 56.3278 88.9229 132.739 155.402 214.095
3.59455 57.3278 90.9536 135.739 159.402 218.984
3.59455 58.3278 93.0737 138.903 163.118 223.984
3.66614 59.4895 95.0737 141.669 167.118 228.984
3.66614 60.6944 96.9994 144.539 171.118 233.984
3.74651 61.6944 98.9994 147.707 174.869 238.984
3.74651 62.9293 100.981 150.707 178.869 243.767
3.82178 63.9293 102.981 153.735 182.869 248.664
3.89512 64.9293 104.957 156.685 186.869 253.664
3.89512 66.1223 106.886 159.564 190.869 258.664
3.96892 67.1223 108.911 162.564 194.869 263.565
3.96892 68.1223 111.013 165.701 198.629 268.565
4.04136 69.1223 113.039 168.701 202.629 273.467
4.11381 70.1223 115.039 171.726 206.629  278.37
4.11381 71.1223 117.039 174.864 210.405 283.456
4.18498 72.1223 119.039 177.889 214.405  288.36
4.18498 73.3671 121.093 180.889 218.106  293.36
4.25576 74.6078 123.093 183.889 221.794  298.36
4.32889 75.6078 125.209 186.889 225.606  303.36
4.32889 76.6078 127.314 189.889 229.399 308.461
4.40075 77.6078 129.314 192.889 233.207 313.581
4.40075 78.8404 131.314 195.952 236.911 318.581
4.40075 80.0333 133.301 198.952 240.911 323.402
4.40075 81.2754 135.301 201.952  244.65 328.421
4.46515 82.2754 137.281 204.908  248.65 333.421
4.46515 83.5038 139.281 207.967 252.362 338.421
 4.5241 84.6061  141.12 210.967 256.362 343.421
4.59121 85.6061  143.12 214.097 260.165 348.421
4.59121 86.8294  145.12 217.156 263.883 353.421
4.59121 87.8294  147.12 220.279 267.678 358.503
 4.6523  88.998  149.12 223.279 271.678 363.273
 4.6523  89.998  151.12 226.401 275.476 368.353
4.71444  90.998 153.138 229.401 279.476 373.272
4.71444 92.2145 155.185 232.401 283.213 378.272
 4.7717 93.3346 157.185 235.224 287.213 383.272
 4.8353 94.3346 159.185 238.224 291.041 388.381
 4.8353 95.3346 161.266 241.338 294.845 393.381
4.89193 96.4512 163.266 244.165 298.845 398.381
4.89193 97.6664 165.266 247.165 302.611   403.4
4.89193 98.6664 167.346 250.276  306.42   408.4
4.95311 99.6664 169.346 253.276 310.251 413.507
4.95311 100.869 171.346 256.331 313.994 418.507
 5.0121  102.07 173.346 259.331 317.733 423.507
5.07255  103.07 175.346 262.331 321.565 428.615
5.07255  104.07 177.346  265.44 325.377 433.695
5.07255 105.234  179.33  268.44 329.377 438.546
5.12954 106.234  181.33 271.456 333.377 443.473
5.18554 107.234  183.31  274.42 337.377 448.473
5.23815 108.322  185.17  277.42 341.377 453.473
5.23815 109.482 187.153  280.42 345.377  458.33
5.23815 110.621 189.099 283.336 349.377  463.33
5.29064 111.729 191.099 286.175 353.377  468.33
5.34821 112.729 193.099 289.175 357.222 473.427
5.34821 113.729 195.169 292.275 361.052 478.427
5.40391 114.913 197.169 295.275 364.812 483.427
5.40391 116.106 199.169 298.275   368.6 488.446
5.40391 117.293 201.169 301.322 372.366 493.446
5.45991 118.293 203.254 304.322 376.225 498.446
5.51452 119.476 205.254 307.322 379.987 503.446
5.57052 120.476 207.339 310.322 383.847 508.446
5.62376 121.476  209.32 313.288 387.847 513.446
5.62376 122.663  211.32 316.288 391.639 518.466
5.67903 123.663  213.32 319.288 395.488 523.562
5.67903 124.663 215.392 322.288  399.33 528.648
5.73129 125.663 217.374 325.253  403.33 533.648
5.78149 126.764 219.374 328.103  407.33 538.648
5.78149  127.91 221.358 331.103  411.33 543.518
5.83034 128.991 223.228 334.103  415.33 548.518
5.83034 130.166 225.228 337.145 419.112 553.518
5.88389 131.166 227.228 340.242 422.962 558.518
5.88389 132.341 229.264 343.242 426.751 563.518
5.88389 133.487 231.264 346.215 430.751 568.399
5.88389 134.487 233.331 349.215 434.602  573.48
5.93629 135.487 235.409 352.215 438.472  578.48
5.98629 136.487 237.392 355.182 442.472  583.48
5.98629 137.611 239.346 358.105 446.472  588.48
6.03821 138.611 241.422 361.105 450.344  593.48
6.08513 139.688 243.298 364.105 454.344  598.48
6.08513 140.688 245.298 367.189 458.192 603.549
6.13169 141.764 247.175 370.189 462.192 608.549
6.13169 142.764 249.175 373.272 466.041 613.617
6.18155 143.925 251.175 376.272  469.83 618.617
6.23095 144.925 253.182 379.272  473.83  623.56
6.27973 145.925 255.164 382.241  477.83  628.56
6.32912 146.925 257.164 385.247  481.83 633.504
6.37851 147.925 259.164 388.254  485.83 638.448
6.42834  149.08 261.164 391.254 489.625 643.448
6.42834 150.243 263.164 394.254 493.444 648.467
6.47872 151.243 265.164 397.254 497.311 653.549
6.47872 152.243 267.222 400.337 501.171 658.549
6.52781 153.397 269.222 403.337 504.968 663.549
6.57645 154.397 271.228 406.337 508.968 668.494
6.62639 155.397 273.228 409.422 512.833 673.494
6.62639 156.525 275.211 412.422 516.833 678.383
6.62639 157.525 277.268 415.504 520.695 683.383
6.67434 158.525 279.268 418.511 524.695 688.328
6.72126 159.639 281.268 421.511 528.695 693.167
6.72126 160.791 283.298 424.511 532.511 698.167
6.72126 161.791 285.354 427.591 536.375 703.167
 6.7698 162.791 287.354 430.591 540.249 708.245
 6.7698   163.9 289.312 433.524 544.249 713.245
6.81619   164.9 291.294 436.495 548.249 718.245
6.86353 166.046 293.294 439.495 552.056 723.245
6.91185 167.046 295.359 442.495 555.943 728.245
6.91185 168.046 297.416 445.495 559.815 733.316
6.91185 169.191 299.416 448.533 563.632 738.316
6.91185 170.313 301.401 451.533 567.632  743.21
 6.9592 171.313 303.465 454.533  571.52  748.21
 6.9592 172.459 305.495 457.533 575.343  753.21
 6.9592 173.459  307.51  460.55 579.343 758.178
7.00573 174.459  309.51  463.63 583.217 763.178
7.00573 175.578 311.496  466.63 587.217 768.073
7.05123 176.719 313.496  469.63 591.031 773.073
7.05123 177.861 315.496 472.666 594.852 778.073
7.09517 178.969 317.496 475.666 598.852 782.921
7.13806 180.051 319.496 478.541 602.852 787.921
7.18094 181.133 321.496 481.417 606.852 792.921
7.22527 182.133  323.48 484.388 610.852 797.921
7.22527 183.237  325.44 487.324 614.852 802.921
 7.2698 184.237 327.447 490.324 618.852 807.871
7.31183 185.302 329.339 493.324 622.852 812.871
7.35635 186.302 331.345 496.324 626.852 817.821
 7.4004 187.302 333.329 499.296 630.852 822.821
 7.4004 188.417 335.314 502.296 634.852  827.72
 7.4004 189.417 337.363 505.366 638.733  832.72
7.44469 190.551 339.363 508.366 642.555  837.72
7.48897 191.684 341.363 511.366 646.377  842.72
7.48897 192.785 343.325 514.303 650.377  847.72
7.53299 193.918 345.325 517.303   654.2  852.72
7.53299  195.02 347.286 520.241   658.2  857.72
7.57648  196.02  349.29 523.241   662.2 862.672
7.57648 197.133 351.275 526.241   666.2 867.574
7.61794 198.212 353.275 529.121   670.2 872.574
7.61794 199.351 355.275 532.121  674.05 877.586
7.66094 200.351 357.275 535.124  678.05 882.539
7.70218 201.429 359.275 538.005  682.05 887.539
7.74473 202.429  361.26 540.977  686.05 892.539
 7.7877 203.429 363.265 543.977  690.05 897.492
 7.7877 204.562 365.288 546.977 693.893 902.492
 7.7877 205.562 367.336 549.977 697.784 907.552
7.83112 206.562 369.336 553.044 701.674 912.552
7.83112  207.66 371.299 555.983 705.674 917.552
7.83112 208.791 373.299  559.01 709.517 922.552
7.83112 209.901 375.284  562.01 713.517 927.457
7.83112 210.901 377.297 565.024 717.517 932.431
7.83112 211.901 379.342 568.087 721.407 937.431
7.87088 212.977 381.342 570.972 725.407 942.431
7.87088 213.977 383.388 574.035 729.299 947.431
7.87088 215.085 385.373 577.035 733.299 952.337
7.87088 216.085 387.386 580.048 737.299 957.311
7.87088 217.212 389.386 583.075 741.145 962.311
7.87088 218.321 391.386 586.052 745.145 967.225
7.87088 219.429 393.372 589.052 749.145 972.132
7.91193 220.429 395.423 592.052 753.052 977.132
7.91193 221.524 397.388 594.993 757.052 982.132
7.91193 222.619 399.352 597.934 761.052 987.132
7.91193 223.714 401.316 600.874 765.052 992.132
 7.9511 224.714 403.302 603.849 769.052 997.132
 7.9511 225.821 405.302 606.826 773.052 1002.05
 7.9511 226.947 407.302 609.849 776.904 1007.05
 7.9511 227.947 409.347 612.849 780.804  1012.1
7.98807 229.006  411.25 615.849 784.804  1017.1
7.98807 230.131  413.27 618.849 788.659  1022.1
7.98807 231.238  415.27 621.826 792.659 1027.02
8.02628 232.238 417.257 624.801 796.659 1032.02
8.06499 233.358 419.257 627.801   800.5 1037.02
8.06499 234.464 421.257 630.777   804.5 1041.94
8.10337 235.464 423.257  633.78   808.5  1046.9
8.10337 236.591 425.257  636.78 812.367  1051.9
8.14158 237.591 427.257 639.782 816.367 1056.86
8.14158 238.713 429.257 642.804 820.223 1061.86
8.17973 239.831 431.257 645.804 824.066 1066.86
8.17973 240.937 433.257 648.781 828.066 1071.78
8.21688 242.031 435.257 651.781 832.066 1076.65
8.21688 243.157 437.257 654.781 835.935 1081.65
8.25387 244.251 439.257 657.781 839.935 1086.52
8.25387 245.251   441.3 660.781 843.841 1091.57
8.29209 246.251   443.3 663.781 847.748 1096.63
8.32891 247.345   445.3 666.781 851.748  1101.5
8.32891 248.469   447.3 669.781 855.619  1106.5
8.36695 249.469   449.3 672.781 859.527 1111.56
8.36695 250.571 451.285 675.781 863.527 1116.47
8.40411 251.571 453.289 678.781 867.527 1121.43
8.40411 252.673 455.275 681.781 871.527 1126.34
8.40411 253.673 457.316 684.781 875.435 1131.39
8.40411 254.792 459.316 687.801 879.296 1136.39
8.40411 255.895 461.316 690.778 883.296 1141.31
8.40411 257.017 463.316 693.778 887.169 1146.32
8.40411 258.017 465.316 696.831 891.072 1151.36
8.44041 259.131 467.316 699.831 894.922 1156.36
8.44041  260.25 469.316 702.851 898.783 1161.36
8.44041  261.34 471.282 705.795 902.783 1166.36
 8.4764 262.454 473.282 708.795 906.633 1171.36
 8.4764 263.454 475.282 711.847 910.537  1176.4
 8.4764 264.575 477.282 714.847 914.411 1181.41
 8.5117 265.575  479.27 717.824 918.411 1186.41
8.54802 266.575 481.315 720.824  922.33 1191.41
8.54802 267.695 483.315 723.824 926.205 1196.41
8.54802 268.796 485.315 726.801 930.205 1201.34
8.54802 269.913 487.332 729.801  934.07 1206.34
8.58151 270.971 489.241 732.801  938.07 1211.34
8.61666 271.971 491.245 735.801  942.07  1216.3
8.65251 272.971 493.289 738.801  945.99  1221.3
8.65251 273.971 495.328 741.801 949.902 1226.35
8.65251 275.086 497.345 744.801 953.769 1231.35
8.68807 276.086 499.389 747.801  957.69 1236.35
8.72234 277.175 501.389 750.801  961.69 1241.22
8.72234 278.274 503.389 753.779  965.69 1246.15
8.72234 279.274 505.389 756.829 969.597 1251.19
8.75693 280.274 507.393 759.829 973.597 1256.15
8.79152 281.274 509.397 762.829 977.597 1261.11
8.82552 282.362 511.397 765.829 981.597 1265.99
8.82552 283.449 513.365 768.776 985.597 1270.99
8.82552 284.535 515.332 771.722 989.597 1275.99
8.85986 285.535 517.332 774.724 993.597 1280.95
8.85986 286.535 519.332 777.773 997.507 1285.99
8.89462 287.535 521.332 780.824 1001.42 1290.99
8.89462  288.62   523.3 783.771 1005.42 1295.99
8.89462  289.62 525.337 786.822 1009.33 1300.99
8.92862 290.728 527.337 789.822 1013.19 1305.99
8.92862 291.838 529.337  792.84 1017.06 1310.99
 8.9625 292.946 531.337  795.84 1020.92 1315.99
 8.9625 294.042 533.337 798.818 1024.92 1320.92
8.99673 295.042 535.337 801.869 1028.84 1325.92
9.02889 296.097  537.25 804.869 1032.84 1330.92
9.06256 297.097  539.25 807.871 1036.84 1335.88
 9.0951 298.163  541.25 810.772 1040.84 1340.88
9.12932 299.163  543.25 813.822 1044.75 1345.88
9.12932 300.273 545.265 816.822 1048.63 1350.88
9.12932 301.385 547.265 819.822 1052.51 1355.89
9.16219  302.47 549.265 822.822 1056.51 1360.77
9.19506 303.555 551.265 825.822 1060.51 1365.65
9.22736 304.622 553.265 828.723 1064.51 1370.65
9.22736 305.715 555.251 831.723 1068.51 1375.57
9.22736 306.827 557.251 834.723  1072.4 1380.57
9.22736 307.827 559.261 837.734  1076.4 1385.55
9.25933 308.893 561.261 840.636  1080.4 1390.55
9.25933 309.977 563.229 843.584  1084.4 1395.55
9.25933 310.977 565.264 846.632 1088.32 1400.55
9.29161 312.061 567.264 849.632 1092.32 1405.44
9.32443 313.061 569.268 852.632 1096.32  1410.4
9.35671 314.145 571.268 855.632 1100.32 1415.28
9.38954 315.145 573.268 858.633 1104.32 1420.25
9.42236 316.145 575.271 861.633 1108.32 1425.21
9.42236 317.227  577.24 864.582 1112.32 1430.21
9.42236 318.333  579.24 867.597 1116.19 1435.21
9.42236 319.333  581.25 870.608 1120.19 1440.19
9.45536 320.333  583.25 873.608 1124.12 1445.24
9.48784 321.333  585.25 876.609 1128.12  1450.2
9.52033 322.333  587.25 879.611 1132.12 1455.17
9.52033 323.333  589.25 882.656 1136.04  1460.2
9.52033 324.333  591.25   885.7 1139.96 1465.24
9.52033 325.414 593.219 888.651 1143.96 1470.24
9.55146 326.478 595.219 891.556 1147.96 1475.24
9.55146 327.584 597.219 894.556 1151.85 1480.24
9.55146 328.674 599.206 897.556 1155.85 1485.17
9.58387 329.674 601.206 900.601 1159.77 1490.17
9.58387 330.778 603.206 903.616 1163.65 1495.17
9.58387 331.881 605.206  906.63 1167.53 1500.17
9.61608 332.881 607.206  909.63 1171.46 1505.21
 9.6468 333.944 609.206 912.536 1175.46 1510.21
9.67906 334.944 611.243 915.536 1179.39 1515.21
9.71125 335.944 613.243 918.581 1183.31 1520.21
9.74198 337.007 615.243 921.488 1187.31 1525.21
9.74198 338.007 617.276 924.532 1191.23 1530.21
 9.7736 339.007 619.276 927.533 1195.23 1535.18
9.80473 340.087 621.276 930.533 1199.23 1540.07
9.83683 341.087 623.276 933.533 1203.16 1545.11
9.86746 342.149 625.276  936.44 1207.16 1550.11
9.86746 343.251 627.289  939.44 1211.05 1555.11
9.86746 344.329 629.259 942.392 1215.05 1560.11
 9.8989 345.426 631.259 945.392 1218.92 1565.11
 9.8989 346.527 633.272 948.392  1222.8 1570.11
 9.8989 347.614 635.258 951.392  1226.8 1575.03
 9.9299 348.614 637.248 954.371  1230.8 1580.03
9.96163 349.614 639.284 957.371 1234.74 1585.03
9.99236 350.693 641.284 960.371 1238.74 1589.92
10.0226 351.755 643.284 963.279 1242.74 1594.92
10.0226 352.843 645.284 966.258 1246.74 1599.86
10.0226 353.921 647.255  969.21 1250.74 1604.86
10.0226 355.021 649.255 972.222 1254.62 1609.86
10.0226 356.021 651.287 975.222 1258.55  1614.9
10.0539 357.021 653.287 978.264 1262.48  1619.9
10.0852 358.021 655.287 981.264 1266.41 1624.94
10.1151 359.082 657.287 984.173 1270.41 1629.94
10.1151 360.082  659.32 987.173 1274.33 1634.98
10.1449 361.143  661.32 990.082 1278.33 1639.98
10.1756 362.238  663.32 993.082 1282.21 1644.98
10.2068 363.238  665.32 996.082 1286.14 1650.02
10.2068 364.238  667.32 999.122 1290.06 1655.05
10.2375 365.332  669.32 1002.12 1293.94 1660.05
10.2676 366.409  671.32 1005.12 1297.94 1664.95
10.2676 367.409 673.329 1008.13 1301.94 1669.93
10.2676 368.409 675.329 1011.17 1305.86 1674.96
10.2676 369.409 677.338 1014.18 1309.86 1679.95
 10.298 370.502 679.338 1017.18 1313.74 1684.95
 10.298 371.599 681.338 1020.19 1317.63 1689.95
 10.298 372.696 683.338  1023.2 1321.52 1694.95
 10.298 373.782 685.338 1026.18 1325.52 1699.88
 10.298 374.782 687.369 1029.18 1329.45 1704.92
10.3285 375.782 689.369 1032.18 1333.38 1709.96
10.3285 376.782 691.378 1035.19 1337.38 1714.94
10.3285 377.878 693.378  1038.2 1341.27 1719.94
10.3285 378.953 695.351 1041.15 1345.27 1724.94
10.3285 380.051 697.351 1044.15 1349.17 1729.94
10.3586 381.051 699.351 1047.15  1353.1 1734.98
10.3882 382.051 701.351 1050.15  1357.1 1739.95
10.4179 383.051 703.351 1053.15  1361.1 1744.92
10.4471 384.126 705.351 1056.15  1365.1 1749.82
10.4768 385.126 707.351 1059.15  1369.1 1754.79
10.4768   386.2 709.323 1062.11  1373.1 1759.79
10.4768 387.295 711.334 1065.11 1376.99 1764.79
10.4768 388.393 713.334 1068.11  1380.9 1769.79
10.4768 389.393 715.365 1071.15 1384.83 1774.79
10.5057 390.467 717.365 1074.15 1388.83 1779.69
10.5346 391.541 719.365 1077.15 1392.83 1784.58
10.5643 392.541 721.365 1080.19 1396.76 1789.58
10.5643 393.541 723.395 1083.19 1400.69 1794.62
10.5643 394.541 725.404  1086.2 1404.69 1799.61
10.5643 395.638 727.404  1089.2 1408.59 1804.61
10.5643 396.638 729.413  1092.2 1412.59 1809.59
10.5934 397.638 731.415  1095.2 1416.59 1814.56
10.6228 398.638 733.415 1098.24 1420.52 1819.56
10.6228  399.71 735.388  1101.2 1424.52 1824.56
10.6228 400.783 737.361 1104.15 1428.52 1829.56
 10.652 401.783 739.394 1107.15 1432.46 1834.56
 10.652 402.878 741.394 1110.15 1436.37 1839.56
  10.68 403.935 743.394 1113.07 1440.37 1844.56
10.7092 404.935 745.394 1116.07  1444.3  1849.6
10.7092 406.028 747.394 1119.08  1448.2  1854.6
10.7382 407.028 749.394 1122.12 1452.13  1859.6
10.7382 408.028 751.394 1125.15 1456.06 1864.63
10.7672 409.028 753.394 1128.19 1459.99 1869.63
10.7672 410.107 755.382 1131.19 1463.99 1874.56
10.7672 411.199 757.382  1134.2 1467.89 1879.56
10.7957 412.199 759.382  1137.2 1471.89 1884.53
10.7957 413.199 761.411 1140.24 1475.82 1889.53
10.8237  414.27 763.411 1143.24 1479.82 1894.43
10.8237  415.27 765.419 1146.25 1483.82 1899.42
10.8521 416.357 767.419 1149.25  1487.7 1904.42
10.8521 417.357 769.419 1152.29 1491.64 1909.45
10.8795 418.414 771.419  1155.2 1495.64 1914.45
10.9074 419.485 773.419  1158.2 1499.64 1919.35
10.9356 420.572 775.419  1161.2 1503.52 1924.35
10.9642 421.572 777.419 1164.24 1507.45 1929.35
10.9923 422.572  779.41 1167.22 1511.45 1934.35
11.0206 423.572 781.412 1170.22 1515.45 1939.32
11.0206 424.649   783.4 1173.22 1519.45 1944.25
11.0487 425.735   785.4 1176.22 1523.34 1949.25
11.0487 426.735 787.429 1179.26 1527.27 1954.25
11.0761 427.791 789.429 1182.18 1531.27 1959.25
11.0761  428.88 791.429 1185.19 1535.17 1964.25
11.1039  429.88  793.42 1188.17 1539.17 1969.25
11.1323  430.88  795.42  1191.2 1543.11 1974.25
11.1323 431.969  797.42 1194.22 1547.01 1979.25
11.1595 433.025  799.42 1197.13 1551.01 1984.25
11.1875  434.11  801.42 1200.13  1554.9 1989.25
11.1875  435.11 803.428 1203.14  1558.9 1994.24
11.1875 436.179 805.402  1206.1  1562.9 1999.24
11.1875 437.268 807.412  1209.1  1566.8 2004.24
11.2156 438.268 809.443  1212.1 1570.74 2009.24
11.2432 439.268 811.434 1215.08 1574.74 2014.24
11.2432 440.268 813.463 1218.08 1578.67 2019.27
11.2432 441.345 815.463 1221.06 1582.67 2024.22
11.2432 442.414 817.437 1224.02 1586.67 2029.22
11.2711 443.414 819.468 1227.02 1590.62 2034.22
11.2985 444.414 821.459    1230 1594.62 2039.22
11.2985 445.491 823.459 1232.98 1598.62 2044.16
11.3253 446.546 825.459  1235.9 1602.62 2049.16
11.3531 447.546 827.459 1238.93 1606.55 2054.16
11.3531 448.633 829.469 1241.93 1610.45 2059.16
11.3531 449.633 831.497 1244.97 1614.39 2064.16
11.3804 450.633 833.497 1247.97 1618.39 2069.13
11.4071 451.687 835.497 1250.89 1622.39 2074.13
11.4348 452.687 837.527 1253.89 1626.33 2079.13
11.4348 453.687 839.535 1256.89 1630.33 2084.12
 11.462 454.687 841.537 1259.89 1634.33 2089.09
11.4886 455.741 843.537 1262.81 1638.33 2094.09
11.4886 456.741 845.545 1265.82 1642.33 2099.07
11.5148 457.783 847.476 1268.82 1646.33 2104.07
11.5419 458.783 849.468  1271.8 1650.33 2109.07
11.5419 459.859 851.468 1274.78 1654.33 2114.02
11.5419 460.859 853.495 1277.78 1658.27 2119.05
11.5683 461.912 855.495  1280.7 1662.27 2124.05
11.5683 462.999 857.495  1283.7 1666.19 2129.05
11.5683 463.999 859.503 1286.71 1670.19 2134.03
11.5956 464.999 861.532 1289.71 1674.13 2139.03
11.6229 465.999 863.532 1292.71 1678.07 2144.07
11.6229 467.074 865.532 1295.69 1682.07 2149.01
11.6498 468.074 867.532 1298.69 1686.07 2153.99
 11.676 469.127 869.532 1301.61 1690.07 2158.99
 11.676 470.211 871.532 1304.62 1693.97 2163.99
11.7028 471.292 873.532 1307.62 1697.87 2168.99
  11.73 472.292 875.532 1310.62 1701.81 2174.02
11.7568 473.292 877.532 1313.62 1705.81 2178.99
11.7568 474.376 879.542 1316.62 1709.71 2183.99
11.7568 475.376  881.55 1319.62 1713.71 2188.98
11.7835 476.456  883.55 1322.62 1717.61 2193.98
11.8102 477.456 885.552 1325.62 1721.61 2198.95
11.8366 478.521 887.552 1328.62 1725.61 2203.86
11.8624 479.563 889.484 1331.62 1729.61 2208.86
11.8624 480.563 891.484 1334.66 1733.55 2213.89
11.8881 481.605 893.417 1337.66 1737.55 2218.89
11.8881 482.678 895.417 1340.64 1741.55 2223.83
11.8881 483.763 897.417 1343.64 1745.46 2228.83
11.9149 484.763 899.417 1346.64  1749.4 2233.87
11.9149 485.846 901.426 1349.64 1753.31 2238.87
11.9412 486.846 903.418 1352.62 1757.31 2243.87
11.9412 487.931 905.418 1355.62 1761.22 2248.87
 11.968 488.931 907.446 1358.62 1765.17 2253.87
11.9944 489.931 909.446 1361.62 1769.17 2258.84
12.0201 490.983 911.446 1364.54 1773.17 2263.84
12.0469 491.983 913.474 1367.54 1777.12 2268.84
12.0469 493.055 915.474 1370.52 1781.12 2273.79
12.0723 494.097 917.407 1373.52 1785.12 2278.79
12.0723 495.097 919.433 1376.55 1789.06 2283.79
12.0723 496.097  921.44 1379.56 1793.06 2288.77
12.0984 497.097 923.432 1382.54 1797.06 2293.77
12.0984 498.161 925.409  1385.5 1801.06 2298.77
12.1249 499.161 927.409 1388.53    1805 2303.77
12.1249 500.242 929.409 1391.54 1808.91 2308.77
12.1249 501.312 931.398 1394.54 1812.91 2313.71
12.1249 502.312 933.423 1397.57 1816.85 2318.71
  12.15 503.353 935.357 1400.57 1820.85 2323.71
  12.15 504.353 937.365 1403.58 1824.85  2328.7
12.1753 505.404 939.365  1406.5 1828.85  2333.7
12.2016 506.404 941.365 1409.54 1832.79  2338.7
12.2016 507.485 943.365 1412.54  1836.7  2343.7
12.2016 508.548 945.341  1415.5  1840.7  2348.7
12.2016 509.629 947.341 1418.51 1844.62  2353.7
12.2274 510.629 949.341 1421.51 1848.62 2358.68
12.2523 511.669 951.276 1424.51 1852.62 2363.68
12.2774  512.72 953.276 1427.43 1856.62 2368.68
12.3024  513.76  955.21 1430.43 1860.62 2373.68
12.3024  514.76 957.235 1433.43 1864.56 2378.71
12.3024  515.76  959.26 1436.43  1868.5 2383.74
12.3024 516.831  961.26 1439.42  1872.5 2388.69
12.3274 517.881  963.26 1442.34  1876.5 2393.69
12.3533 518.881  965.26 1445.34 1880.45 2398.72
12.3533 519.881  967.26 1448.37 1884.39 2403.75
12.3533 520.962  969.26 1451.37 1888.31 2408.75
12.3782 522.012  971.26  1454.3 1892.31 2413.75
12.3782 523.082  973.26 1457.28 1896.31 2418.69
12.3782 524.163  975.26 1460.28 1900.23 2423.69
12.3782 525.232 977.249 1463.28 1904.23 2428.64
12.3782 526.232 979.256 1466.28 1908.23 2433.62
12.4026 527.272 981.191 1469.28 1912.23 2438.62
12.4026 528.352 983.191 1472.29 1916.14 2443.62
12.4279 529.427 985.191 1475.29 1920.04 2448.62
12.4531 530.502 987.191 1478.29 1923.94 2453.62
12.4782 531.502 989.183 1481.27 1927.94 2458.62
12.5029 532.552 991.183  1484.2 1931.94 2463.62
12.5281 533.627 993.183  1487.2 1935.84 2468.62
12.5534 534.627 995.184  1490.2 1939.84  2473.6
12.5789 535.627 997.184 1493.23 1943.78  2478.6
12.5789 536.705 999.192 1496.23  1947.7  2483.6
12.5789 537.784 1001.19 1499.24 1951.61  2488.6
12.5789 538.863 1003.19 1502.24 1955.53  2493.6
12.5789 539.925 1005.17  1505.2 1959.53  2498.6
12.6031 540.964  1007.1  1508.2 1963.53  2503.6
12.6281 542.039  1009.1  1511.2 1967.43  2508.6
12.6532 543.039  1011.1  1514.2 1971.43 2513.57
12.6532 544.107 1013.09  1517.2 1975.43 2518.52
12.6532 545.176 1015.09 1520.18 1979.43 2523.47
12.6532 546.176 1017.12 1523.21 1983.37 2528.47
12.6781  547.25 1019.12 1526.21 1987.27 2533.47
12.6781  548.25 1021.12 1529.22 1991.27 2538.45
12.6781  549.25 1023.15 1532.25 1995.22 2543.45
12.6781  550.25 1025.15 1535.28 1999.16 2548.48
12.6781  551.33 1027.15 1538.28 2003.09 2553.48
12.6781  552.33 1029.17 1541.28 2007.03 2558.51
12.7022 553.379 1031.17  1544.2 2011.03 2563.51
12.7267 554.379 1033.16 1547.19 2015.03 2568.51
12.7512 555.379 1035.16 1550.17 2019.03 2573.51
12.7512 556.379 1037.16 1553.18 2023.03  2578.5
12.7512 557.457 1039.16 1556.18 2026.95  2583.5
12.7512 558.457 1041.16  1559.2  2030.9 2588.53
12.7758 559.457 1043.16  1562.2  2034.9  2593.5
12.8006 560.457 1045.19  1565.2 2038.85  2598.5
12.8006 561.457 1047.21 1568.23  2042.8  2603.5
12.8006 562.518 1049.19 1571.19  2046.8  2608.5
12.8006 563.518 1051.21 1574.19 2050.74 2613.53
12.8252 564.518 1053.24 1577.19 2054.69 2618.53
12.8252 565.594 1055.24 1580.19 2058.61 2623.53
12.8496 566.594 1057.24 1583.19 2062.61 2628.51
12.8496 567.594 1059.27 1586.22 2066.56 2633.51
12.8496 568.661 1061.27  1589.2 2070.56 2638.46
 12.874 569.661 1063.27  1592.2  2074.5 2643.49
 12.874 570.721 1065.24 1595.17  2078.5 2648.49
12.8985 571.721 1067.27 1598.17 2082.45 2653.49
12.9227 572.721 1069.27 1601.17 2086.45 2658.47
12.9461 573.759 1071.21 1604.17 2090.45 2663.47
12.9461 574.836 1073.21 1607.17 2094.38 2668.47
12.9461 575.836 1075.21 1610.19 2098.32 2673.49
12.9461 576.895 1077.19 1613.16 2102.32 2678.49
12.9704 577.895 1079.19 1616.18 2106.27 2683.49
12.9704 578.972 1081.19 1619.18 2110.19 2688.49
12.9704 580.038 1083.19 1622.17 2114.19 2693.44
12.9946 581.038 1085.19  1625.2 2118.14 2698.44
13.0186 582.038 1087.19  1628.2 2122.14 2703.42
13.0428 583.038 1089.19  1631.2 2126.09 2708.45
13.0671 584.038 1091.21  1634.2 2130.04 2713.45
13.0907 585.097 1093.21  1637.2 2134.04 2718.37
13.0907 586.097 1095.23  1640.2 2137.99 2723.39
13.0907 587.155 1097.21 1643.16 2141.99 2728.39
13.1141 588.202 1099.21 1646.09 2145.99 2733.39
13.1379 589.202 1101.21 1649.07 2149.99 2738.39
 13.162 590.202 1103.21  1652.1 2153.94 2743.39
13.1851  591.24 1105.14  1655.1 2157.94 2748.39
13.1851  592.24 1107.14 1658.13 2161.88 2753.42
13.1851 593.298 1109.12 1661.09 2165.88 2758.42
13.1851 594.362 1111.11 1664.09 2169.88 2763.37
13.1851 595.362 1113.13 1667.12 2173.83 2768.37
13.1851 596.362 1115.16 1670.12 2177.78  2773.4
 13.209 597.362 1117.16 1673.12 2181.73 2778.42
13.2329 598.362 1119.16 1676.15 2185.68 2783.42
13.2559 599.399  1121.1 1679.15 2189.68 2788.42
13.2788 600.437 1123.04 1682.15 2193.68 2793.42
13.2788 601.437 1125.04 1685.15 2197.68 2798.41
13.2788 602.437 1127.04 1688.18 2201.62 2803.44
13.2788 603.509 1129.05 1691.18 2205.54 2808.44
13.2788 604.509 1131.07 1694.21 2209.49 2813.44
13.2788 605.582 1133.08 1697.21 2213.41 2818.44
13.2788 606.582 1135.08 1700.23 2217.36 2823.47
13.2788 607.582 1137.08 1703.26 2221.31 2828.49
13.2788 608.654 1139.08 1706.27 2225.23 2833.49
13.2788 609.727 1141.08 1709.27 2229.15 2838.49
13.3021 610.727 1143.08 1712.27 2233.15 2843.47
13.3254 611.727 1145.08 1715.27 2237.15 2848.45
13.3254 612.727 1147.08 1718.29  2241.1 2853.48
13.3479 613.764 1149.02 1721.29  2245.1 2858.48
13.3711 614.764 1151.01 1724.28  2249.1 2863.48
13.3945 615.764 1153.01 1727.28 2253.05  2868.5
13.3945 616.837 1155.01 1730.28 2256.97  2873.5
13.4177 617.905 1157.01 1733.28 2260.88  2878.5
13.4409 618.905 1159.01 1736.28 2264.88 2883.48
13.4641 619.905    1161 1739.26 2268.88 2888.48
13.4868  620.95    1163 1742.19 2272.88 2893.48
13.5102  621.95    1165 1745.22 2276.83 2898.48
13.5327 622.987 1166.94 1748.22 2280.83 2903.48
13.5559 623.987 1168.94 1751.22 2284.83 2908.46
13.5791 625.054 1170.94 1754.22 2288.74 2913.46
13.5791 626.054 1172.97 1757.25 2292.69 2918.46
13.6025 627.054 1174.97 1760.25 2296.64 2923.49
13.6025 628.116 1176.96 1763.25 2300.64 2928.44
13.6025 629.116 1178.98 1766.25 2304.59 2933.47
13.6025 630.116 1180.98 1769.27 2308.54 2938.49
13.6025 631.116 1182.98  1772.3 2312.49 2943.52
13.6025 632.116    1185  1775.3 2316.44 2948.55
13.6025 633.186    1187  1778.3 2320.36 2953.55
13.6025 634.257 1189.01  1781.3 2324.28 2958.55
13.6251 635.312 1191.01  1784.3 2328.28 2963.47
 13.648 636.312 1193.01  1787.3 2332.28 2968.45
13.6709 637.379 1195.01  1790.3 2336.19 2973.45
13.6931 638.414 1196.95  1793.3 2340.19 2978.45
13.6931 639.485 1198.95  1796.3 2344.12 2983.45
13.6931 640.555 1200.95 1799.31 2348.04 2988.45
13.7161 641.555 1202.95 1802.34 2351.99 2993.45
13.7161 642.611 1204.93  1805.3 2355.99 2998.45
13.7383 643.646 1206.87  1808.3 2359.99 3003.45
13.7383 644.646 1208.87 1811.33 2363.94 3008.47
13.7383 645.708 1210.87 1814.31 2367.94 3013.43
13.7607 646.763 1212.87 1817.31 2371.94 3018.35
13.7834 647.829 1214.87 1820.31 2375.85 3023.35
13.8061 648.829 1216.87 1823.31 2379.85 3028.33
13.8061 649.829 1218.89 1826.31  2383.8 3033.36
13.8287 650.829 1220.89 1829.31  2387.8 3038.34
13.8516 651.829 1222.89 1832.34 2391.75 3043.34
13.8516 652.829  1224.9 1835.34 2395.75 3048.33
13.8516 653.899 1226.91 1838.34 2399.68 3053.33
 13.874 654.953 1228.91 1841.34 2403.68 3058.25
13.8963 656.007 1230.91 1844.34 2407.68 3063.17
13.9191 657.007 1232.91 1847.37 2411.63 3068.17
 13.941 658.043 1234.85 1850.37 2415.63 3073.17
 13.941 659.112 1236.85 1853.37 2419.55 3078.17
 13.941 660.182 1238.85 1856.37 2423.48 3083.17
13.9638 661.182 1240.87 1859.37 2427.44 3088.17
13.9638 662.182 1242.87  1862.4 2431.39  3093.2
13.9638 663.251 1244.88  1865.4 2435.31  3098.2
13.9861 664.251 1246.87 1868.38 2439.31  3103.2
13.9861 665.321 1248.87 1871.38 2443.24  3108.2
13.9861 666.321 1250.87 1874.41 2447.19 3113.22
14.0087 667.321 1252.89 1877.41 2451.15 3118.22
14.0087 668.321 1254.89 1880.43  2455.1 3123.25
14.0308 669.375 1256.89 1883.43  2459.1 3128.17
14.0308 670.444  1258.9 1886.43 2463.02 3133.17
14.0531 671.444  1260.9 1889.43 2467.02 3138.15
14.0757 672.444 1262.92 1892.43 2470.98 3143.15
14.0757 673.444 1264.94 1895.43 2474.93 3148.18
14.0981 674.444 1266.94 1898.43 2478.88  3153.2
14.1204 675.444 1268.94 1901.43 2482.88 3158.18
14.1426 676.444 1270.93 1904.42 2486.88 3163.18
14.1426 677.444 1272.95 1907.44 2490.84 3168.18
14.1648 678.444 1274.95 1910.44 2494.84 3173.16
14.1648 679.503 1276.95 1913.43 2498.84 3178.12
14.1872 680.503 1278.97 1916.43 2502.79 3183.12
14.1872 681.571 1280.98 1919.43 2506.72 3188.12
14.2091 682.624 1282.98 1922.43 2510.72 3193.04
14.2091 683.691 1284.99 1925.43 2514.64 3198.04
14.2091 684.759 1286.99 1928.43 2518.57 3203.04
14.2091 685.759 1288.99 1931.45 2522.52 3208.07
14.2309 686.812 1290.99 1934.45 2526.52 3212.99
14.2309 687.812 1293.01 1937.48 2530.47 3217.99
14.2309 688.871 1295.01 1940.46 2534.47 3222.95
14.2309 689.924 1296.99 1943.43 2538.47 3227.95
14.2309 690.977 1298.97  1946.4 2542.47 3232.95
14.2309 691.977 1300.99  1949.4 2546.43 3237.98
14.2528 692.977 1302.99  1952.4 2550.43 3242.96
14.2528  694.03 1304.97 1955.36 2554.43 3247.96
14.2528 695.083 1306.95 1958.33 2558.43 3252.96
14.2742 696.126 1308.95 1961.27 2562.43 3257.96
14.2962 697.126 1310.95 1964.29 2566.38 3262.96
14.3182 698.126 1312.95 1967.29 2570.33 3267.98
14.3403 699.126 1314.97 1970.29 2574.29 3272.98
14.3403 700.194 1316.97 1973.29 2578.22 3277.98
14.3623 701.194 1318.97 1976.32 2582.17 3282.98
14.3623 702.251 1320.96 1979.32 2586.17 3287.93
14.3623 703.251 1322.97 1982.32 2590.17 3292.92
14.3842 704.251 1324.97 1985.35 2594.13 3297.92
14.3842  705.31 1326.97 1988.33 2598.13 3302.88
14.3842 706.369 1328.97 1991.31 2602.13 3307.84
14.4052 707.402 1330.91 1994.31 2606.13 3312.84
14.4268 708.402 1332.91  1997.3 2610.13 3317.84
14.4268 709.461 1334.91 2000.28 2614.13  3322.8
14.4486 710.461 1336.91 2003.28 2618.08 3327.82
14.4702 711.524 1338.91 2006.28    2622 3332.82
14.4702 712.582 1340.91 2009.27    2626 3337.78
14.4702 713.582 1342.92 2012.27 2629.95  3342.8
 14.492 714.582 1344.92 2015.27  2633.9 3347.83
14.5137 715.582 1346.95 2018.27 2637.86 3352.83
14.5137 716.649 1348.95 2021.27 2641.79 3357.83
14.5353 717.649 1350.95 2024.27 2645.79 3362.81
14.5353 718.714 1352.95 2027.27 2649.72 3367.81
14.5353  719.78 1354.96 2030.27 2653.65 3372.81
14.5353 720.846 1356.96 2033.27 2657.58 3377.81
14.5353 721.904 1358.96 2036.26 2661.58 3382.76
14.5562 722.945 1360.96  2039.2 2665.58 3387.76
14.5562 724.012 1362.96  2042.2 2669.51 3392.76
14.5562  725.07 1364.96 2045.18 2673.51 3397.72
14.5562  726.07 1366.98 2048.18 2677.47 3402.75
14.5775  727.07 1368.97 2051.17 2681.47 3407.75
 14.599  728.07 1370.97 2054.19 2685.42 3412.75
  14.62 729.121 1372.97 2057.19 2689.42 3417.68
14.6409 730.162 1374.97 2060.13 2693.42 3422.68
14.6409 731.162 1376.97 2063.15 2697.38  3427.7
14.6622 732.224 1378.97 2066.15 2701.29  3432.7
14.6834 733.224 1380.97 2069.15 2705.29 3437.68
14.6834 734.224 1382.97 2072.16 2709.29 3442.67
14.6834 735.289 1384.97 2075.16 2713.22 3447.67
14.6834 736.289 1386.99 2078.16 2717.18 3452.69
14.7044  737.34 1388.99 2081.16 2721.18 3457.62
14.7254 738.391 1390.99 2084.16 2725.18 3462.55
14.7254 739.391 1393.01 2087.19 2729.13 3467.55
14.7467 740.391 1395.03 2090.19 2733.09 3472.55
14.7467 741.391 1397.03 2093.21 2737.05 3477.57
 14.768 742.391 1399.05 2096.21    2741 3482.57
 14.768 743.455 1401.05 2099.22 2744.93 3487.57
 14.768  744.52 1403.06 2102.22 2748.86 3492.57
 14.768  745.52 1405.08 2105.24 2752.82 3497.57
 14.768 746.585 1407.08 2108.24 2756.75 3502.57
 14.789 747.585 1409.07 2111.23 2760.75 3507.57
14.8101 748.585 1411.07 2114.25 2764.71 3512.57
14.8101  749.65 1413.07 2117.26 2768.64 3517.57
14.8101 750.715 1415.07 2120.26 2772.57 3522.57
14.8313 751.715 1417.07 2123.26 2776.53  3527.6
14.8313 752.781 1419.07 2126.26 2780.46  3532.6
14.8516 753.813 1421.02 2129.26 2784.46  3537.6
14.8516 754.813 1423.02 2132.26 2788.46 3542.59
14.8516  755.87 1425.02 2135.25 2792.46 3547.55
14.8722  756.92 1427.02 2138.25 2796.46 3552.48
14.8722 757.985 1429.02 2141.25  2800.4 3557.48
14.8722 758.985 1431.04 2144.27 2804.36 3562.48
14.8722 760.042 1433.04 2147.26 2808.36 3567.43
14.8722 761.107 1435.04 2150.26 2812.29 3572.43
14.8932 762.107 1437.04 2153.26 2816.25 3577.46
14.8932 763.107 1439.04 2156.28  2820.2 3582.48
14.9139 764.167 1441.04 2159.28 2824.12 3587.48
14.9139 765.231 1443.05 2162.28 2828.05 3592.48
14.9345 766.231 1445.04 2165.26 2832.05 3597.48
14.9547 767.271 1447.04  2168.2 2836.05 3602.48
14.9547 768.326 1449.03  2171.2 2840.05 3607.43
14.9748 769.359 1450.98  2174.2 2844.05 3612.43
14.9955 770.359 1452.98  2177.2 2848.05 3617.41
14.9955 771.424 1454.98  2180.2 2851.99 3622.41
15.0161 772.484 1456.98  2183.2  2855.9 3627.41
15.0367 773.484 1458.98  2186.2  2859.9 3632.39
15.0367 774.534 1460.96 2189.17  2863.9 3637.39
15.0573 775.534 1462.96 2192.17  2867.9 3642.37
 15.078 776.534 1464.96 2195.17 2871.86  3647.4
 15.078 777.597 1466.96 2198.18 2875.79  3652.4
 15.078 778.597 1468.96  2201.2 2879.75 3657.42
 15.078  779.66 1470.96  2204.2 2883.68 3662.42
 15.078  780.66 1472.98 2207.23 2887.64 3667.42
15.0983  781.71 1474.98 2210.23 2891.64 3672.35
15.1188  782.71 1476.98 2213.23 2895.64 3677.33
15.1393  783.71 1478.98 2216.23 2899.64 3682.31
15.1393  784.71    1481 2219.25 2903.59 3687.31
15.1593 785.749    1483 2222.19 2907.59 3692.31
15.1799 786.749    1485 2225.22 2911.55 3697.31
15.2006 787.749    1487 2228.22  2915.5 3702.33
 15.221 788.808    1489 2231.22 2919.42 3707.33
 15.221 789.871    1491 2234.22 2923.36 3712.33
 15.221 790.926    1493 2237.21 2927.36 3717.29
 15.221 791.926    1495 2240.21 2931.36 3722.28
15.2414 792.926    1497 2243.21 2935.36 3727.26
15.2414 793.926    1499 2246.23 2939.31 3732.29
15.2619 794.926 1501.02 2249.23 2943.27 3737.29
15.2619 795.926 1503.04 2252.26 2947.23 3742.29
15.2822 796.926 1505.04 2255.26 2951.23 3747.27
15.3021 797.965 1507.04  2258.2 2955.23 3752.27
15.3021 799.027 1509.04  2261.2 2959.16 3757.27
15.3021 800.089 1511.04  2264.2 2963.09 3762.27
15.3226 801.089 1513.06  2267.2 2967.06 3767.27
15.3226 802.089 1515.08  2270.2 2971.01 3772.29
15.3428 803.089 1517.08  2273.2 2975.01 3777.27
 15.363 804.089 1519.07 2276.19 2979.01 3782.27
 15.363 805.144 1521.07 2279.18 2983.01 3787.23
 15.363 806.144 1523.09 2282.18 2986.97 3792.25
 15.383 807.192 1525.09 2285.18 2990.97 3797.19
 15.383 808.255 1527.09 2288.18 2994.91 3802.19
 15.383 809.318 1529.09 2291.18 2998.85 3807.19
15.4033 810.318 1531.09  2294.2  3002.8 3812.19
15.4236 811.318 1533.11  2297.2 3006.76 3817.19
15.4236 812.318 1535.11 2300.22 3010.72 3822.21
15.4437 813.318 1537.11 2303.22 3014.72 3827.19
15.4632 814.349 1539.06 2306.22 3018.72 3832.19
15.4632 815.349 1541.08 2309.25 3022.68 3837.19
15.4833 816.407 1543.08 2312.25  3026.6 3842.19
15.4833 817.469 1545.08 2315.25 3030.54 3847.19
15.5028   818.5 1547.03 2318.25 3034.54 3852.19
15.5231   819.5 1549.03 2321.27 3038.49 3857.19
15.5231 820.549 1551.01 2324.24 3042.49 3862.19
15.5231  821.61 1553.01 2327.24 3046.43 3867.19
15.5432  822.61 1555.03 2330.24 3050.39 3872.19
15.5627 823.641 1556.98 2333.24 3054.39 3877.19
15.5627 824.641    1559 2336.24 3058.35 3882.21
15.5627 825.702    1561 2339.24 3062.28 3887.21
15.5627 826.702 1563.01 2342.25 3066.28  3892.2
15.5828 827.702 1565.01 2345.27 3070.24  3897.2
15.6029 828.702 1567.02 2348.27  3074.2  3902.2
15.6029 829.763 1569.02 2351.27 3078.14  3907.2
15.6029 830.816 1571.02 2354.27 3082.14 3912.16
 15.623 831.816 1573.03 2357.27  3086.1 3917.16
 15.623 832.869 1575.02 2360.27  3090.1 3922.12
 15.623 833.922 1577.02 2363.26  3094.1 3927.08
15.6428 834.922 1579.02 2366.26  3098.1 3932.06
15.6626 835.922 1581.02 2369.25  3102.1 3937.04
15.6824 836.922 1583.02 2372.25  3106.1 3942.02
15.7024 837.922 1585.04 2375.25 3110.06 3947.02
15.7024 838.922 1587.05 2378.26 3114.06 3952.01
15.7024 839.922 1589.05 2381.26 3118.06    3957
15.7024 840.982 1591.05 2384.27 3121.99    3962
15.7024 842.035 1593.05 2387.25 3125.99 3966.96
15.7223 843.035 1595.05 2390.27 3129.95 3971.96
15.7418 844.082 1597.05 2393.27 3133.95  3976.9
15.7418 845.082 1599.05  2396.3 3137.91 3981.92
15.7418 846.142 1601.06  2399.3 3141.84 3986.92
15.7418 847.202 1603.06  2402.3 3145.78 3991.92
 15.761 848.233 1605.01  2405.3 3149.78 3996.92
15.7805 849.233    1607 2408.29 3153.78 4001.92
15.8002 850.233    1609 2411.29 3157.78  4006.9
15.8193 851.263 1610.95 2414.29 3161.78  4011.9
15.8193 852.311 1612.93 2417.26 3165.78  4016.9
15.8391 853.311 1614.93 2420.26 3169.74 4021.92
15.8391 854.371 1616.93 2423.26 3173.68 4026.92
15.8391 855.371 1618.95 2426.28 3177.64 4031.92
15.8588 856.371 1620.95 2429.28 3181.59 4036.94
15.8779 857.402  1622.9 2432.28 3185.59 4041.94
15.8779 858.453 1624.89 2435.28 3189.59  4046.9
15.8779   859.5 1626.87 2438.25 3193.59  4051.9
15.8779 860.552 1628.86 2441.25 3197.59 4056.86
15.8972 861.599 1630.86 2444.25 3201.59 4061.79
15.9165 862.645 1632.86 2447.25 3205.59 4066.73
 15.936 863.645 1634.86 2450.24 3209.59 4071.73
 15.936 864.697 1636.85 2453.24 3213.59 4076.68
15.9553 865.744 1638.85 2456.24 3217.59 4081.62
15.9743 866.774  1640.8 2459.24 3221.59 4086.62
15.9743 867.821 1642.78 2462.21 3225.59 4091.62
15.9743 868.868 1644.76 2465.18 3229.59 4096.62
15.9743 869.868 1646.78  2468.2 3233.55 4101.62
15.9743 870.928 1648.78  2471.2  3237.5 4106.62
15.9743 871.975 1650.76 2474.18  3241.5 4111.62
15.9743 873.034 1652.76 2477.18 3245.43 4116.62
15.9937 874.034 1654.76 2480.18 3249.39 4121.64
15.9937 875.094 1656.76 2483.18 3253.33 4126.64
15.9937 876.153 1658.77 2486.18 3257.27 4131.64
16.0125 877.184 1660.72 2489.18 3261.27 4136.64
16.0318 878.184 1662.71 2492.17 3265.27 4141.64
16.0318 879.242 1664.71 2495.17 3269.21 4146.64
16.0318 880.301 1666.72 2498.17 3273.14 4151.64
 16.051 881.301 1668.72 2501.17 3277.14 4156.62
 16.051 882.353 1670.72 2504.16 3281.14 4161.58
16.0699  883.39 1672.72  2507.1 3285.14 4166.58
16.0886 884.421 1674.67  2510.1 3289.14 4171.58
16.0886 885.473 1676.67 2513.09 3293.14 4176.54
16.0886 886.473 1678.68 2516.09  3297.1 4181.57
 16.108 887.473  1680.7 2519.09 3301.07 4186.57
 16.108 888.473 1682.72 2522.09 3305.03 4191.59
16.1271 889.473 1684.72 2525.09 3309.03 4196.57
16.1271 890.519  1686.7 2528.06 3313.03 4201.57
16.1271 891.578  1688.7 2531.06 3316.96 4206.57
16.1271 892.578  1690.7 2534.08 3320.92 4211.59
16.1271 893.636  1692.7 2537.09 3324.86 4216.59
16.1461 894.636 1694.69 2540.08 3328.86 4221.59
16.1651 895.636 1696.69 2543.08 3332.86 4226.57
16.1843 896.636 1698.69 2546.08 3336.82 4231.59
16.1843 897.636 1700.69  2549.1 3340.78 4236.61
16.1843 898.636 1702.69 2552.12 3344.74 4241.63
16.2033 899.636 1704.69 2555.12 3348.74 4246.62
16.2033 900.694 1706.69 2558.12 3352.67 4251.62
16.2033 901.694 1708.71 2561.14 3356.64 4256.62
16.2033 902.694 1710.72 2564.14  3360.6 4261.64
16.2033 903.753 1712.72 2567.14 3364.54 4266.64
16.2033 904.753 1714.74 2570.17  3368.5 4271.64
16.2224 905.753 1716.76 2573.17 3372.46 4276.64
16.2224 906.753 1718.77 2576.17 3376.42 4281.66
16.2408 907.782 1720.73 2579.17 3380.42 4286.66
16.2408 908.782 1722.74 2582.17 3384.38 4291.68
16.2598 909.782 1724.74 2585.19 3388.34 4296.68
16.2598 910.782 1726.76 2588.21 3392.31 4301.68
16.2598 911.828 1728.74 2591.18 3396.31 4306.68
16.2598 912.885 1730.74 2594.19 3400.24 4311.68
16.2598 913.935 1732.73 2597.19 3404.24 4316.64
16.2598 914.993 1734.73 2600.19 3408.18 4321.64
16.2785 915.993 1736.73 2603.18 3412.18 4326.64
16.2785  917.05 1738.73 2606.18 3416.12 4331.64
16.2968  918.08 1740.68 2609.18 3420.12 4336.64
16.3152 919.116 1742.68 2612.13 3424.12 4341.64
16.3152 920.166 1744.67 2615.13 3428.12  4346.6
16.3152 921.166 1746.67 2618.13 3432.12 4351.59
16.3152 922.166 1748.68 2621.14 3436.12 4356.59
 16.334 923.166 1750.68 2624.16 3440.08 4361.59
16.3523 924.202 1752.68  2627.1 3444.08 4366.59
16.3523 925.202 1754.69  2630.1 3448.04 4371.61
16.3711 926.202 1756.69  2633.1    3452 4376.63
16.3711 927.202  1758.7 2636.11    3456 4381.62
16.3897 928.202  1760.7  2639.1    3460 4386.61
16.4085 929.202  1762.7  2642.1 3463.96 4391.63
16.4085 930.202  1764.7 2645.11 3467.96 4396.62
16.4085 931.251 1766.69 2648.11 3471.96 4401.58
16.4085 932.251 1768.69 2651.11 3475.96 4406.57
 16.427 933.251 1770.69 2654.11 3479.96 4411.55
16.4456 934.251 1772.69 2657.11 3483.96 4416.54
16.4643 935.251 1774.69 2660.13 3487.92 4421.54
16.4825 936.287 1776.69 2663.08 3491.92 4426.54
16.5011 937.287 1778.69 2666.08 3495.92 4431.52
16.5196 938.287 1780.69 2669.08 3499.92  4436.5
16.5383 939.287 1782.69 2672.08 3503.88 4441.52
16.5383 940.287  1784.7 2675.08 3507.88 4446.51
16.5569 941.287  1786.7 2678.08 3511.88  4451.5
16.5754  942.34  1788.7 2681.08 3515.81  4456.5
16.5939  943.34 1790.69 2684.07 3519.81  4461.5
16.6124  944.34 1792.69 2687.07 3523.81 4466.48
16.6309  945.34 1794.69 2690.07 3527.81 4471.46
16.6309 946.396 1796.69 2693.07 3531.75 4476.46
16.6309 947.452 1798.69 2696.07 3535.69 4481.46
16.6309 948.508 1800.69 2699.07 3539.64 4486.46
16.6309 949.508 1802.71 2702.09  3543.6 4491.46
16.6309 950.564 1804.71 2705.09 3547.54 4496.46
16.6309 951.609  1806.7 2708.06 3551.54 4501.46
16.6309 952.664  1808.7 2711.07 3555.48 4506.46
16.6494 953.664  1810.7 2714.07 3559.44 4511.48
16.6494 954.713 1812.69 2717.07 3563.44 4516.44
16.6676 955.757 1814.69 2720.07 3567.44 4521.38
16.6676 956.806 1816.69 2723.06 3571.44 4526.34
16.6676 957.862 1818.69 2726.06 3575.38 4531.34
 16.686 958.862 1820.69 2729.06 3579.38 4536.32
 16.686 959.906 1822.67 2732.03 3583.38 4541.32
 16.686 960.955 1824.66 2735.03 3587.38 4546.29
 16.686 962.011 1826.66 2738.03 3591.32 4551.28
 16.686 963.011 1828.67 2741.04 3595.32 4556.28
16.7042 964.011 1830.66 2744.02 3599.32 4561.28
16.7221 965.047 1832.66 2746.97 3603.32 4566.28
16.7405 966.047 1834.66 2749.97 3607.29  4571.3
16.7405 967.103 1836.66 2752.97 3611.23  4576.3
16.7405 968.159 1838.66 2755.97 3615.18 4581.29
16.7405 969.216 1840.66 2758.97 3619.12 4586.29
16.7588 970.216 1842.66 2761.99 3623.08 4591.29
16.7588 971.265 1844.66 2764.98 3627.08 4596.26
16.7771 972.265 1846.68 2767.98 3631.05 4601.26
16.7949 973.293 1848.63 2770.98 3635.05 4606.26
16.8132 974.293 1850.63    2774 3639.01 4611.26
16.8132  975.35 1852.63    2777 3642.95 4616.26
16.8132  976.35 1854.64    2780 3646.92 4621.28
16.8309 977.378  1856.6    2783 3650.92 4626.28
16.8487 978.413  1858.6 2785.94 3654.92 4631.28
16.8487 979.413  1860.6 2788.96 3658.88  4636.3
16.8668 980.465  1862.6 2791.96 3662.81  4641.3
16.8849 981.465  1864.6 2794.96 3666.81 4646.28
16.8849 982.513 1866.59 2797.96 3670.81 4651.24
16.8849 983.513 1868.59 2800.98 3674.77 4656.26
 16.903 984.513 1870.59 2803.98 3678.77 4661.25
 16.903 985.568 1872.59 2806.98 3682.71 4666.25
 16.903 986.623 1874.59 2809.99 3686.65 4671.25
 16.903 987.623 1876.59 2812.99 3690.65 4676.24
 16.921 988.623 1878.59 2815.99 3694.65 4681.22
16.9386 989.651 1880.55 2818.99 3698.65 4686.22
16.9568 990.651 1882.55 2821.99 3702.61 4691.24
16.9748 991.651 1884.55 2824.99 3706.61 4696.23
16.9748 992.695 1886.53 2827.96 3710.61 4701.23
16.9928 993.695 1888.53 2830.96 3714.61 4706.21
17.0108 994.695 1890.53 2833.96 3718.61 4711.19
17.0288 995.695 1892.53 2836.96 3722.61 4716.18
17.0288 996.749 1894.53 2839.96 3726.56 4721.18
17.0288 997.803 1896.54 2842.96  3730.5 4726.18
17.0467 998.855 1898.54 2845.96 3734.43 4731.18
17.0467 999.898 1900.52 2848.93 3738.43 4736.18
17.0467 1000.95 1902.51 2851.93 3742.43 4741.14
17.0467    1002 1904.52 2854.93 3746.37 4746.14
17.0467    1003 1906.53 2857.93 3750.33 4751.16
17.0643 1004.03 1908.53 2860.88 3754.33 4756.16
17.0823 1005.03 1910.53 2863.88  3758.3 4761.18
   17.1 1006.08 1912.53 2866.88  3762.3 4766.12
 17.118 1007.08 1914.53  2869.9 3766.26 4771.12
 17.118 1008.13 1916.53 2872.88 3770.26 4776.08
 17.118 1009.13 1918.55 2875.91 3774.22 4781.08
 17.118 1010.17 1920.55 2878.89 3778.22 4786.05
 17.118 1011.17 1922.55 2881.91 3782.18 4791.07
 17.136 1012.17 1924.55 2884.93 3786.15 4796.07
 17.136 1013.17 1926.56 2887.93 3790.11 4801.09
 17.136 1014.17 1928.56 2890.95 3794.07 4806.11
 17.136 1015.23 1930.56 2893.95 3798.02 4811.11
17.1537 1016.23 1932.56 2896.95 3802.02 4816.09
17.1537 1017.27 1934.56 2899.94 3806.02 4821.06
17.1537 1018.33 1936.56 2902.94 3809.96 4826.06
17.1537 1019.33 1938.57 2905.94 3813.92 4831.08
17.1711 1020.36 1940.57 2908.89 3817.92 4836.08
17.1889 1021.36 1942.57 2911.89 3821.88  4841.1
17.1889 1022.36 1944.58  2914.9 3825.88 4846.09
17.2067 1023.36 1946.58 2917.92 3829.85 4851.09
17.2067 1024.36 1948.59 2920.94 3833.81 4856.09
17.2245 1025.36 1950.59 2923.94 3837.77 4861.11
17.2245 1026.36 1952.59 2926.95 3841.74 4866.13
17.2422 1027.36 1954.59 2929.95 3845.74 4871.11
17.2594 1028.39 1956.55 2932.95 3849.74 4876.11
17.2766 1029.42  1958.5 2935.95 3853.74 4881.11
17.2944 1030.42  1960.5 2938.95  3857.7 4886.13
17.3121 1031.42  1962.5 2941.95  3861.7 4891.11
17.3293 1032.45 1964.46 2944.95  3865.7 4896.11
17.3471 1033.45 1966.47 2947.95 3869.67 4901.11
17.3647 1034.45 1968.47 2950.94 3873.67 4906.11
17.3647 1035.49 1970.46 2953.94 3877.67 4911.08
17.3647 1036.53 1972.44 2956.92 3881.67 4916.08
17.3647 1037.59 1974.45 2959.92 3885.61 4921.08
17.3647 1038.63 1976.45  2962.9 3889.61 4926.04
17.3822 1039.63 1978.44  2965.9 3893.61 4931.03
17.3822 1040.63 1980.46 2968.92 3897.57 4936.03
17.3995 1041.67 1982.46 2971.87 3901.57 4941.03
17.3995 1042.67 1984.47 2974.89 3905.54 4946.03
17.4167  1043.7 1986.47 2977.84 3909.54 4951.03
17.4344  1044.7 1988.47 2980.86  3913.5 4956.03
17.4344  1045.7 1990.48 2983.86  3917.5 4961.02
17.4344  1046.7 1992.48 2986.88 3921.47 4966.04
 17.452  1047.7 1994.49 2989.88 3925.43 4971.04
17.4693 1048.74 1996.49 2992.83 3929.43 4976.04
17.4693 1049.74 1998.51 2995.83  3933.4 4981.06
17.4693 1050.74 2000.51 2998.85 3937.36 4986.08
17.4693 1051.74 2002.52 3001.87 3941.33 4991.08