      1 4.33333       3       4 4.33333 4.33333
      1 7.07018       5 6.52632 7.07018 9.33333
1.47451 8.07018       7 9.62309 11.0702 13.7621
1.47451 9.07018 9.41893 12.6231 14.8956 18.5177
1.47451 10.0702 11.7412 15.7353 18.8956 23.0832
1.75885 11.0702 14.0054 18.7353 22.8956 27.5347
1.75885 12.7535 16.1351 21.7353 26.8956 31.7216
1.95295 14.1609 18.1351 24.1338 30.8956 36.7216
2.17376 15.1609 20.1855 26.8626 34.8956 41.7216
2.42206 16.1609 22.1855 29.8626 38.8816 46.4874
2.42206 17.1609 24.3814 32.8183   42.73 51.4874
2.61641 18.5379 26.3814 35.8183 46.1587 56.4874
2.81075 19.9149 28.3814 38.8183 49.5873 61.4874
2.81075 20.9149 30.5686 41.8098 53.4087 66.4874
2.81075 22.3717 32.5686 44.7219 57.4087 71.1184
2.95676 23.5338 34.2604 47.7219 61.4087 76.1184
2.95676 24.9158 36.2723 50.7219 65.0148 81.1184
3.11592  26.257 38.2723 53.7219 68.5145 86.1184
3.11592  27.257 40.4547 56.7219 72.4214 91.0291
3.11592 28.6306 42.4935 59.7219 76.4214 95.6167
3.11592 29.6306 44.4935 62.8142 80.3783 100.567
3.11592 30.6306 46.6339 65.8359 84.3783 105.405
3.25028 31.9514 48.6339 68.8359 88.3783  109.95
3.39312 32.9514 50.6339 71.8611 92.3783 114.782
3.53217 33.9514 52.7089 74.8611 96.1642 119.782
3.67123 34.9514  54.784 77.8611   99.95 124.782
3.67123 36.2548 56.8271 80.8611  103.95 129.436
3.79881 37.5148 58.8271 83.8611 107.562 134.436
3.91262 38.6386 60.5894 86.8611 111.562 139.436
4.05076 39.6386 62.5894 89.8611 115.501 144.359
 4.1889 40.6386 64.5894 92.8611  119.44 149.282
 4.1889 41.8695 66.5458 95.6738  123.44 154.282
 4.1889 43.1336 68.5549 98.6738 127.167 159.282
 4.1889  44.423 70.5549 101.623 131.167 164.043
 4.1889  45.423 72.5549 104.696 135.133 169.003
 4.1889  46.423 74.6503  107.72 139.133 173.884
 4.1889 47.7145 76.6503  110.72 143.004 178.722
 4.1889 48.9739 78.6735  113.72 147.004 183.439
 4.1889 49.9739 80.7888  116.72 150.957 188.372
4.29253 51.2102 82.7888  119.72 154.957 193.032
4.40219 52.2102 84.7888  122.72 158.916 197.963
4.40219 53.4865 86.7888  125.72   162.8 202.802
4.50701 54.4865 88.8553  128.72   166.8 207.631
4.50701 55.7412 90.8553 131.684   170.8 212.412
4.59649 56.8478 92.6591 134.684   174.8 217.412
4.69558 57.8478 94.6566 137.588   178.8 222.412
4.78519 58.9518  96.463 140.588   182.8 227.412
 4.8838 60.1667  98.463 143.588   186.8 232.099
4.98577 61.1667 100.463 146.585   190.7 237.099
5.08441 62.3769 102.463 149.585   194.7  241.79
5.08441 63.3769 104.463 152.648 198.687 246.741
5.08441 64.3769 106.463 155.711 202.673 251.691
5.08441 65.5951 108.463 158.658 206.509 256.691
5.17613 66.7783 110.463 161.658 210.234 261.691
5.26476 67.9217 112.463 164.426 214.234 266.691
5.36075 68.9217 114.463 167.423  218.14 271.691
5.45659 69.9217  116.51 170.423  222.14 276.549
5.55174 70.9217 118.541 173.423 226.013 281.549
5.64754 71.9217 120.587 176.423 230.013 286.407
5.74335 72.9217 122.632 179.423 234.013 291.266
5.83844 73.9217 124.663 182.423 237.888 296.266
5.93353 74.9217 126.693 185.423 241.762 301.266
5.93353 75.9217 128.759 188.446 245.762 306.178
6.02836 76.9217 130.759 191.458 249.762 311.071
6.12258 77.9217 132.802 194.458 253.762 315.933
6.12258 79.0961 134.804 197.458 257.586 320.933
6.21552 80.0961 136.804 200.455 261.496 325.933
6.21552 81.0961 138.882 203.455 265.468 330.883
6.21552 82.0961 140.938 206.468 269.399 335.883
6.30616 83.0961 142.938 209.479 273.399 340.782
 6.3964 84.0961 144.938 212.477 277.311 345.782
6.48785 85.0961 146.938 215.477 281.276 350.726
6.48785 86.0961 148.998 218.498 285.276 355.644
6.57685 87.0961 150.998 221.496  289.19 360.644
6.65749  88.164  152.85 224.496  293.19 365.644
6.74573  89.164 154.876 227.496 297.075 370.644
6.74573 90.3244 156.891 230.496 301.075 375.467
6.74573 91.4849 158.907 233.496 305.075 380.291
6.83171 92.4849 160.933 236.496 308.964 385.291
6.83171 93.4849 162.983 239.509   312.9 390.291
6.91663 94.4849 165.009 242.509  316.79 395.291
6.99933 95.6146 167.009 245.509 320.577 400.291
7.07975 96.7132 169.009  248.33 324.577 405.291
7.07975  97.842 170.981 251.228 328.577 410.291
7.16446  98.842 172.981 254.234 332.577 415.201
7.16446 99.9953 174.981 257.201 336.458 420.201
7.16446  101.14 176.985 260.201  340.31 425.201
7.24722  102.14 178.985 263.206  344.31 430.112
7.32262 103.203 180.847 266.206  348.31 435.112
7.40036 104.298 182.847 269.033  352.31 440.112
7.40036 105.448 184.847 271.999 356.194 445.112
7.40036 106.448 186.847  275.04 360.176 450.089
7.48076 107.448 188.877  278.04 364.176 454.978
7.48076 108.448 190.877 281.081 368.159 459.955
7.48076 109.448 192.925 284.097 372.159  464.89
7.55791 110.577 194.925 287.097 376.159 469.684
7.55791 111.577 196.985 290.097 380.135 474.648
7.55791 112.695 198.959 293.004 384.135 479.648
7.63501 113.695 200.989 296.004 388.135 484.542
7.70607 114.753  202.86 299.004 392.135 489.542
7.70607 115.753 204.902 302.014 396.082 494.542
7.70607 116.884 206.903 305.014 399.951 499.542
7.78022 117.884 208.894 307.949 403.951 504.542
7.78022 118.998 210.869  310.86 407.951 509.542
7.84935 120.056 212.742  313.86 411.951 514.542
7.92444 121.056 214.742 316.863 415.951 519.464
7.92444 122.183 216.742 319.863 419.824 524.464
7.92444  123.31 218.741 322.863 423.697 529.464
7.92444  124.31 220.784 325.877 427.697 534.407
7.92444 125.441 222.792 328.877 431.697 539.268
7.92444 126.441 224.834 331.892 435.697 544.211
7.99063 127.497 226.712 334.892 439.697 549.211
7.99063 128.497 228.763 337.892 443.676 554.181
8.06015 129.497 230.754 340.832 447.676 559.181
8.13116 130.497 232.754 343.835 451.676 564.108
8.13116 131.497 234.791 346.844 455.629 569.108
8.13116 132.617 236.791 349.844  459.51 574.108
8.13116 133.737  238.79 352.844  463.39 579.108
8.19895 134.737 240.781 355.786  467.39 584.108
8.26858 135.737 242.781 358.786  471.36 589.068
8.33748 136.737 244.804 361.786  475.36 593.977
8.33748 137.863 246.804 364.766  479.36  598.87
8.40274 138.942 248.804 367.621  483.36  603.87
8.47105 139.942 250.827 370.621  487.36 608.779
8.47105 141.074 252.827 373.621 491.302 613.704
8.47105 142.074 254.875 376.621 495.283 618.676
8.47105 143.074 256.875 379.653  499.27 623.656
8.47105 144.074  258.91 382.662 503.226 628.656
8.47105 145.074  260.91 385.694 507.213 633.637
8.53571 146.074 262.902 388.638 511.213 638.637
8.53571 147.074 264.949 391.638 515.194  643.61
8.53571 148.191 266.949  394.61 519.104  648.61
 8.6005 149.191 268.949 397.606 523.044  653.61
8.66244 150.265 270.949 400.469 527.044  658.61
8.72558 151.361 272.949 403.469 530.886  663.61
8.78751 152.435 274.949 406.333 534.886  668.61
 8.8521 153.435  276.97 409.333 538.886 673.524
8.91522 154.529  278.97 412.333 542.729 678.524
8.97716 155.603  280.97 415.197 546.729 683.524
8.97716 156.699 282.949 418.122 550.729 688.524
9.03719 157.747 284.841 421.122 554.729 693.524
9.03719 158.854  286.84 424.122 558.622 698.524
9.10081 159.854 288.859 427.122 562.622 703.441
9.10081 160.964 290.865 430.122 566.622 708.326
9.10081 161.964 292.908 433.122 570.603 713.302
9.10081 163.078 294.908 436.101 574.603 718.208
9.10081 164.187 296.914 439.101 578.603 723.093
9.16188 165.187 298.907 442.048 582.603 728.093
9.16188 166.295 300.912 445.048 586.603 732.979
9.22094 167.367 302.912 447.917 590.603 737.979
9.22094 168.478 304.912 450.888 594.521 742.979
9.22094 169.588 306.912  453.86 598.439 747.979
9.22094 170.588 308.912 456.885 602.428 752.965
9.22094 171.692 310.911 459.885 606.326 757.965
 9.2795 172.782 312.911 462.885 610.177 762.965
 9.2795 173.875  314.89 465.813 614.177 767.965
 9.2795 174.875 316.931 468.813 618.158 772.943
 9.3386 175.875  318.95 471.813 622.158 777.865
9.39755 176.875 320.963 474.813 626.085 782.865
9.45313 177.921 322.862 477.813 630.085 787.865
9.45313 179.031 324.862 480.792 634.085 792.777
9.51059 180.119 326.862 483.792  637.94 797.777
9.56709 181.189 328.862 486.666  641.94 802.777
9.56709 182.303 330.862 489.666 645.888 807.715
9.56709 183.303 332.892 492.671 649.852 812.715
9.56709 184.303 334.923 495.676 653.816 817.715
9.62522 185.303 336.923 498.676 657.789 822.684
9.68073 186.372 338.923 501.552 661.789 827.684
9.73834 187.372  340.94 504.552 665.789 832.609
9.73834 188.372  342.94 507.575 669.778 837.597
9.79549 189.372 344.952 510.575 673.708 842.597
9.79549 190.372 346.991 513.575  677.69 847.577
9.79549 191.372 349.022 516.582  681.69 852.539
9.79549 192.473 351.022 519.555 685.614 857.539
 9.8486 193.517 352.926 522.555 689.614 862.539
 9.8486 194.618 354.926 525.529 693.539 867.539
 9.8486 195.618 356.955 528.534 697.505 872.539
9.90422 196.618 358.971 531.534 701.505 877.467
9.95905 197.707 360.971 534.534 705.505 882.324
 10.014 198.707 362.964 537.486 709.505 887.324
 10.014 199.707 364.993 540.491 713.471 892.324
 10.014 200.808 366.993  543.47 717.471 897.244
 10.014 201.808 369.024 546.477 721.471 902.207
10.0681 202.808 371.017 549.429 725.471 907.207
10.1222 203.808 373.011 552.381 729.471 912.207
10.1222 204.808  375.04 555.386 733.438 917.207
10.1756 205.887  377.04 558.386 737.305 922.207
10.2299 206.887 379.051 561.386 741.239 927.207
10.2847 207.887 381.051 564.386 745.213 932.178
10.3393 208.887 383.051 567.382 749.213 937.127
10.3919  209.95 385.051 570.267 753.213 942.127
10.3919  210.95 387.087 573.267 757.196 947.109
 10.446  211.95 389.102 576.267 761.196 952.039
 10.446  212.95 391.102 579.288 765.185 957.029
10.5003  213.95 393.102 582.288  769.16     962
10.5003  214.95 395.138 585.288 773.143 966.982
10.5533  215.95 397.132 588.241 777.143 971.982
10.6061 217.031 399.132 591.241 781.143 976.848
10.6569  218.07 401.042 594.241 785.143 981.848
10.7076 219.108 402.953 597.241 789.143 986.848
10.7613 220.108 404.953 600.233 793.097 991.848
10.7613 221.197 406.956 603.233 797.097 996.755
10.8128 222.257 408.956 606.122 801.097 1001.76
10.8644 223.316 410.956 609.011 805.097 1006.76
10.8644 224.405  412.96 612.011 809.097 1011.66
10.8644 225.493 414.963 615.011 813.097 1016.57
10.9166 226.493 416.956 617.966 817.097 1021.57
10.9166 227.586 418.956 620.946 821.097  1026.5
10.9689 228.586 420.966 623.946 825.035  1031.5
10.9689 229.671 422.964 626.946 828.951  1036.5
10.9689 230.761 424.964 629.922 832.886  1041.5
11.0199 231.835 426.964 632.922 836.761  1046.5
11.0703 232.894 428.964 635.813 840.761  1051.5
11.0703 233.981 430.967 638.813 844.761 1056.41
11.1222 234.981 432.967 641.808 848.761 1061.36
 11.174 235.981 434.967 644.799 852.718 1066.36
 11.174 237.068  436.97 647.799 856.718 1071.27
11.2239 238.126  438.97 650.691 860.718 1076.27
11.2749 239.126 440.964 653.647 864.718 1081.27
11.3259 240.126 442.958 656.602 868.718 1086.27
11.3773 241.126  444.97 659.602 872.718 1091.21
11.3773 242.209 446.968 662.602 876.637 1096.21
 11.426 243.246 448.882 665.602 880.637 1101.21
 11.426 244.333 450.882 668.578 884.573 1106.21
 11.426 245.333 452.914 671.578 888.559 1111.19
11.4762  246.41 454.914 674.578 892.559 1116.06
 11.526  247.48 456.914 677.578 896.438 1121.06
11.5743 248.518 458.828 680.578 900.438 1126.06
11.6242 249.588 460.828 683.578 904.317 1131.06
11.6242 250.676 462.828 686.558 908.317    1136
11.6741 251.752 464.828 689.558 912.317 1140.87
11.6741 252.752 466.853 692.561  916.29 1145.87
11.7237 253.827 468.853 695.561  920.29 1150.75
11.7237 254.909  470.85 698.561 924.211 1155.75
 11.773 255.979  472.85 701.561 928.092 1160.75
11.8226 256.979 474.843 704.518 932.092 1165.75
11.8226 258.053 476.827 707.461 936.092 1170.75
11.8226 259.134 478.824 710.461 940.013 1175.75
11.8226 260.134 480.854 713.461 943.998 1180.73
11.8697  261.17 482.771 716.461 947.998 1185.73
11.9168 262.207 484.687 719.461 951.998 1190.73
11.9664 263.207 486.687 722.455 955.998 1195.69
12.0135 264.243 488.603 725.455 959.998 1200.69
12.0135 265.325 490.604 728.455 963.998  1205.6
12.0622 266.399 492.604 731.455 967.998 1210.48
12.0622 267.399 494.628  734.46 971.998 1215.45
12.1103 268.467 496.628  737.46 975.882 1220.45
12.1103 269.551 498.628 740.437 979.821 1225.45
12.1103 270.551 500.656 743.437 983.807 1230.44
12.1585 271.551 502.649 746.396 987.807 1235.44
12.1585 272.551 504.672   749.4 991.807 1240.41
12.1585 273.551   506.7   752.4 995.793  1245.4
12.2054 274.605   508.7 755.299 999.793  1250.4
12.2054 275.689   510.7  758.28 1003.79 1255.33
12.2054 276.689   512.7 761.296 1007.79 1260.32
12.2532 277.689 514.707 764.296 1011.73 1265.32
12.2532 278.689  516.73   767.3 1015.73  1270.3
12.2995 279.742  518.73   770.2 1019.73  1275.3
12.2995 280.824  520.73 773.177 1023.67  1280.3
12.2995 281.905  522.73 776.154 1027.61  1285.3
12.3462 282.976  524.73 779.154 1031.61 1290.18
12.3929 284.047  526.73 782.154 1035.61 1295.06
12.4403 285.047  528.73 785.146 1039.57 1300.06
12.4877 286.047  530.73 788.137 1043.54 1305.06
12.4877 287.132  532.73 791.137  1047.5 1310.02
12.4877 288.132  534.73 794.153 1051.49 1315.01
12.4877 289.201 536.715 797.099 1055.49 1320.01
12.4877  290.28 538.715 800.099 1059.49 1324.93
12.4877 291.365 540.715 803.099 1063.45 1329.88
12.4877  292.45 542.715 806.099 1067.41 1334.84
12.4877 293.519 544.699 809.046 1071.41 1339.84
12.5318 294.554  546.62 812.046 1075.41 1344.84
12.5318 295.639  548.62 815.046 1079.37 1349.79
12.5318 296.639 550.641 818.049 1083.35 1354.79
12.5318 297.708 552.625 820.996 1087.35 1359.79
12.5318 298.789 554.625 823.977 1091.35 1364.73
12.5773 299.789 556.625 826.972 1095.35 1369.69
12.5773 300.873 558.625 829.972 1099.31 1374.64
12.5773 301.873 560.646 832.974 1103.29 1379.64
12.6224 302.873 562.656 835.974 1107.29 1384.59
12.6224 303.954 564.656 838.956 1111.29 1389.52
12.6224 304.954 566.682 841.956 1115.28 1394.51
12.6666 306.022 568.682 844.956 1119.28  1399.4
12.7107 307.086 570.682 847.956 1123.17  1404.4
12.7549 308.155 572.682 850.956 1127.17 1409.29
12.7999 309.155 574.682 853.956 1131.15 1414.26
12.7999 310.155 576.708 856.956 1135.13 1419.25
12.7999 311.155 578.734 859.956 1139.12 1424.23
12.7999 312.155  580.76 862.956 1143.11 1429.22
12.7999 313.232  582.76 865.934 1147.05 1434.22
12.7999 314.299 584.745 868.883 1151.05 1439.22
12.7999 315.366 586.729 871.832 1155.05 1444.22
12.7999 316.444 588.729 874.813 1159.05 1449.16
12.8436 317.444 590.736 877.813    1163 1454.16
12.8873 318.444 592.736 880.805 1166.97 1459.16
 12.931 319.444 594.745 883.805 1170.97 1464.11
12.9747 320.444 596.755 886.805 1174.97 1469.05
13.0181 321.444 598.748 889.768 1178.97 1474.05
13.0181 322.525 600.748 892.768 1182.93 1479.01
13.0615 323.525 602.754 895.768 1186.88 1484.01
13.0615 324.525  604.78 898.768 1190.87 1488.99
13.0615 325.602  606.78 901.751 1194.87 1493.94
13.0615 326.673 608.777 904.751  1198.8 1498.94
13.1042 327.739 610.777 907.751  1202.8 1503.83
13.1455 328.772 612.702 910.751  1206.8 1508.83
13.1455 329.844 614.698 913.751 1210.74 1513.83
13.1455 330.844 616.723 916.751 1214.72 1518.81
13.1455 331.844 618.744 919.754 1218.72 1523.79
13.1882 332.844 620.744 922.746 1222.69 1528.79
13.2305 333.909 622.744 925.746 1226.69 1533.68
13.2305 334.979  624.74 928.746 1230.62 1538.68
 13.273 335.979  626.75 931.746 1234.62 1543.63
13.3152 336.979 628.743  934.71 1238.62 1548.63
13.3578 337.979 630.752  937.71 1242.62 1553.58
13.3986 339.012 632.679  940.71 1246.62 1558.58
13.4414 340.012 634.679  943.71  1250.6 1563.56
13.4838 341.012 636.685  946.71 1254.55 1568.56
13.5253  342.06 638.685 949.621 1258.55 1573.56
13.5667 343.109 640.685 952.531 1262.55 1578.56
 13.609 344.109 642.678 955.495 1266.55 1583.56
 13.609  345.18 644.679 958.495 1270.55 1588.48
13.6514  346.18 646.679 961.487 1274.52 1593.48
13.6932 347.239 648.679 964.487 1278.42 1598.48
13.6932 348.239 650.679   967.5 1282.41 1603.48
13.7357 349.239 652.679   970.5 1286.39 1608.45
 13.778 350.239 654.679 973.492 1290.36 1613.45
 13.778 351.315 656.679 976.492 1294.32 1618.41
13.8203 352.315 658.679 979.486 1298.32 1623.38
13.8203 353.315 660.679 982.499 1302.32 1628.37
13.8606 354.346 662.607 985.499 1306.32 1633.37
13.8606 355.419 664.607 988.482 1310.32 1638.31
13.9015 356.466 666.607 991.394 1314.32 1643.31
13.9015 357.466 668.607 994.407 1318.31 1648.31
13.9015 358.541 670.607 997.407 1322.28 1653.27
13.9432 359.541 672.607  1000.4 1326.24 1658.27
13.9432 360.541  674.63  1003.4 1330.23 1663.25
13.9432 361.541 676.649  1006.4 1334.21 1668.25
13.9845 362.541 678.657  1009.4 1338.21  1673.2
14.0256 363.541  680.65 1012.37 1342.21  1678.2
14.0256  364.61  682.65 1015.37 1346.21 1683.14
14.0256  365.61  684.65 1018.38 1350.21 1688.13
14.0668  366.61 686.658 1021.38 1354.21 1693.08
14.0668  367.61 688.681 1024.38  1358.2 1698.07
14.0668  368.67 690.667 1027.33  1362.2 1703.07
14.1074  369.67 692.661  1030.3  1366.2 1708.07
14.1074  370.74 694.661 1033.28  1370.2 1713.01
14.1074 371.813 696.661 1036.28 1374.16 1717.97
14.1074 372.813 698.683 1039.28 1378.15 1722.96
14.1074 373.879  700.68 1042.28 1382.09 1727.96
 14.148 374.879  702.68 1045.28 1386.07 1732.94
14.1886 375.879  704.68 1048.28 1390.05 1737.92
14.2281 376.924  706.68  1051.2 1394.05 1742.92
14.2686 377.924  708.68 1054.19 1398.05 1747.88
14.2686 378.994  710.68 1057.17 1402.05 1752.83
14.2686 380.058 712.677 1060.17 1405.99 1757.83
14.2686 381.118 714.663 1063.13 1409.99 1762.83
14.3088 382.118 716.663 1066.12 1413.96 1767.83
14.3491 383.118 718.663 1069.12 1417.94 1772.81
14.3889 384.118 720.657 1072.09 1421.94 1777.81
14.3889 385.182 722.653 1075.09 1425.88 1782.81
14.4279 386.227 724.653    1078 1429.88 1787.81
14.4279 387.285 726.639 1080.96 1433.88 1792.81
14.4668  388.33 728.639 1083.87 1437.88 1797.81
14.5066  389.33 730.644 1086.87 1441.84 1802.81
14.5066 390.401 732.644 1089.87 1445.81 1807.77
14.5066 391.401 734.644 1092.89  1449.8 1812.76
14.5066 392.401 736.644  1095.9 1453.79 1817.76
14.5459 393.401 738.638 1098.86 1457.79 1822.76
14.5459 394.459 740.625 1101.82 1461.79 1827.76
14.5848 395.514 742.625 1104.82  1465.7 1832.76
14.5848 396.581 744.625  1107.8 1469.65 1837.76
14.6239 397.581 746.619 1110.77 1473.65 1842.76
14.6239 398.645 748.619 1113.77 1477.65 1847.69
14.6239 399.645  750.64 1116.77 1481.64 1852.68
14.6239 400.716  752.64 1119.77 1485.61 1857.64
14.6626 401.716 754.634 1122.73 1489.61 1862.64
14.7017 402.716 756.634 1125.72 1493.58 1867.64
14.7407 403.716 758.641 1128.72 1497.58  1872.6
14.7407 404.783 760.641 1131.71 1501.58 1877.55
14.7407  405.84 762.628 1134.66 1505.58 1882.55
14.7407 406.904 764.628 1137.66 1509.58 1887.48
14.7407 407.968 766.627 1140.66 1513.58 1892.42
14.7407 409.031 768.624 1143.66 1517.52 1897.42
14.7786 410.084 770.624 1146.66 1521.43 1902.42
14.7786 411.084 772.644 1149.66 1525.42 1907.41
14.7786 412.146 774.641 1152.66 1529.36 1912.41
14.7786 413.146 776.658 1155.67 1533.36 1917.39
14.8168 414.146 778.665 1158.67 1537.36 1922.34
14.8545 415.199 780.665 1161.67 1541.27 1927.34
14.8545 416.199 782.686 1164.67 1545.26 1932.33
14.8545 417.199 784.707 1167.67 1549.25 1937.32
14.8925 418.199 786.714 1170.67 1553.25 1942.28
14.9296 419.242 788.714 1173.59 1557.25 1947.28
14.9676 420.242 790.721 1176.59 1561.25 1952.23
15.0058 421.242 792.721 1179.59 1565.23 1957.21
15.0058 422.307 794.721 1182.57 1569.19 1962.21
15.0058 423.307 796.738 1185.57 1573.19 1967.19
15.0437 424.307 798.738 1188.56 1577.19 1972.16
15.0437 425.363 800.726 1191.52 1581.19 1977.16
15.0437 426.363 802.743 1194.52 1585.19 1982.14
15.0437 427.363  804.76 1197.52 1589.19 1987.12
15.0813 428.363  806.76 1200.51 1593.16 1992.12
15.1175  429.39 808.696 1203.51 1597.16 1997.12
15.1548  430.39  810.69 1206.48 1601.16 2002.12
15.1919 431.445  812.69 1209.48 1605.16 2007.03
15.1919 432.507  814.69 1212.48 1609.16 2011.97
15.2294 433.507  816.69 1215.48 1613.16 2016.94
15.2665 434.562  818.69 1218.48 1617.16 2021.85
15.3039 435.562 820.697 1221.48 1621.16  2026.8
15.3413 436.562 822.704 1224.48 1625.16 2031.76
15.3785 437.562 824.698 1227.45 1629.16 2036.76
 15.416 438.562 826.698 1230.44 1633.16 2041.73
15.4534 439.562 828.702 1233.44 1637.12 2046.73
15.4895 440.589 830.639 1236.44 1641.12 2051.73
15.5256 441.616 832.575 1239.44 1645.12 2056.73
15.5631 442.616 834.575 1242.43 1649.12 2061.69
15.5631 443.675 836.572 1245.43 1653.06 2066.69
15.6005 444.675 838.578 1248.43 1657.06 2071.65
15.6005 445.741 840.578 1251.43 1661.03 2076.61
15.6005 446.806 842.578 1254.43    1665 2081.58
15.6005  447.86 844.565 1257.39    1669 2086.58
 15.637  448.91 846.565 1260.39 1672.92 2091.58
 15.637 449.969 848.562 1263.39 1676.86 2096.58
 15.637 451.032 850.562 1266.38 1680.86 2101.53
 15.637 452.092 852.561 1269.38 1684.86 2106.47
15.6726 453.119 854.498 1272.38 1688.86 2111.47
15.7091 454.119 856.492 1275.35 1692.86 2116.47
15.7091 455.179 858.492 1278.35 1696.86 2121.41
15.7446 456.207 860.429 1281.35 1700.86 2126.41
15.7446 457.207 862.429 1284.36 1704.86 2131.41
15.7446 458.207 864.445 1287.36 1708.86 2136.39
15.7809 459.207 866.439 1290.33 1712.86 2141.39
15.7809 460.269 868.439 1293.31 1716.86 2146.34
15.7809 461.331 870.439  1296.3 1720.86 2151.29
15.7809 462.331 872.454  1299.3 1724.84 2156.29
 15.817 463.331 874.448 1302.27 1728.84 2161.29
15.8529 464.384 876.448 1305.27 1732.84 2166.21
15.8529 465.446 878.448 1308.25 1736.84 2171.16
15.8892 466.446 880.448 1311.25 1740.84 2176.13
15.8892 467.446 882.467 1314.25 1744.83 2181.12
15.8892  468.51 884.467 1317.25  1748.8 2186.08
15.9252  469.51 886.473 1320.25  1752.8 2191.04
15.9252 470.567 888.469 1323.25 1756.75 2196.04
15.9252 471.567 890.488 1326.25 1760.74 2201.03
15.9608 472.619 892.488 1329.25 1764.74 2205.94
15.9608 473.619 894.507 1332.25 1768.73 2210.93
15.9608 474.683 896.507 1335.25 1772.71  2215.9
15.9962 475.735 898.507 1338.25 1776.71 2220.81
15.9962 476.794 900.506 1341.25 1780.71 2225.75
16.0313 477.842 902.506 1344.25 1784.62 2230.75
16.0313 478.899 904.502 1347.25 1788.57 2235.75
16.0313  479.96 906.502 1350.23 1792.57 2240.71
16.0669  480.96 908.502 1353.23 1796.57 2245.67
16.1024  481.96 910.508 1356.23 1800.57 2250.63
16.1378  482.96 912.511 1359.23 1804.53 2255.63
16.1378  483.96 914.527 1362.23 1808.53 2260.62
16.1729 485.012 916.527 1365.23 1812.53 2265.53
16.2082 486.012  918.53 1368.23 1816.49 2270.53
16.2437 487.012  920.53 1371.22 1820.46 2275.53
 16.279 488.012 922.533 1374.22 1824.43 2280.53
 16.279 489.075 924.533 1377.22  1828.4 2285.49
16.3132 490.101 926.473 1380.22  1832.4 2290.49
16.3132 491.161 928.473 1383.21  1836.4 2295.45
16.3132 492.212  930.46 1386.17  1840.4 2300.45
16.3132  493.27  932.46 1389.17  1844.4 2305.39
16.3481  494.27 934.454 1392.14  1848.4 2310.39
 16.382 495.296 936.394 1395.14  1852.4 2315.39
 16.382 496.296 938.409 1398.14  1856.4 2320.37
16.4167 497.347 940.409 1401.14  1860.4 2325.29
16.4167 498.347 942.424 1404.14  1864.4 2330.27
16.4512 499.394 944.424 1407.14 1868.32 2335.27
16.4859 500.394 946.418 1410.11 1872.32 2340.27
16.5205 501.445 948.418 1413.11 1876.32 2345.19
16.5543 502.471 950.359 1416.11 1880.32 2350.19
16.5543  503.53 952.359  1419.1 1884.32 2355.14
16.5543  504.53 954.373  1422.1 1888.32 2360.12
16.5891  505.53 956.379  1425.1 1892.32 2365.08
16.5891  506.53 958.397  1428.1 1896.31 2370.07
16.6238  507.53 960.399  1431.1 1900.27 2375.07
16.6578 508.569 962.399 1434.03 1904.27 2380.07
16.6925 509.569 964.402 1437.03 1908.23 2385.07
16.6925 510.569 966.402 1440.04 1912.23 2390.07
16.7273 511.569 968.402 1443.04 1916.22 2395.05
16.7273 512.626 970.402 1446.02 1920.18 2400.05
16.7611 513.664 972.402 1448.95 1924.18 2405.05
16.7611 514.664 974.417 1451.95 1928.18 2410.03
16.7611 515.664 976.431 1454.95 1932.16 2415.03
16.7955 516.664 978.434 1457.95 1936.12 2420.03
16.7955 517.664 980.448 1460.95 1940.12 2425.01
16.7955 518.664 982.466 1463.95 1944.12    2430
16.7955 519.724 984.466 1466.95 1948.09 2434.97
16.8295 520.724  986.46 1469.93 1952.09 2439.97
16.8295 521.782  988.46 1472.91 1956.09 2444.93
 16.863 522.819  990.46 1475.84 1960.09 2449.93
 16.863 523.819 992.478 1478.84 1964.08 2454.92
 16.897 524.819  994.48 1481.84 1968.04 2459.92
 16.897 525.819 996.495 1484.84 1972.04  2464.9
 16.931 526.819   998.5 1487.84 1976.04 2469.86
 16.964 527.844 1000.44 1490.84 1980.04 2474.86
 16.964 528.893 1002.43 1493.81 1984.04 2479.86
 16.964 529.893 1004.45 1496.81 1988.04 2484.84
 16.964 530.948 1006.44 1499.81 1992.04 2489.79
16.9977 531.948 1008.45 1502.81 1996.01 2494.79
17.0305 532.973 1010.39 1505.81 2000.01 2499.79
17.0305 534.026 1012.39 1508.81 2003.96 2504.79
17.0642 535.026 1014.39  1511.8 2007.93 2509.79
17.0973 536.062 1016.39 1514.73 2011.93 2514.79
17.1309 537.062 1018.38  1517.7 2015.93 2519.79
17.1635 538.087 1020.32  1520.7 2019.93 2524.79
17.1635 539.087 1022.34  1523.7 2023.92 2529.79
17.1965 540.124 1024.34 1526.63 2027.92 2534.79
17.1965 541.124 1026.35 1529.63 2031.91 2539.79
17.2301 542.124 1028.35 1532.63 2035.91 2544.75
17.2638 543.124 1030.35 1535.63 2039.88 2549.75
17.2638 544.124 1032.37 1538.63 2043.88 2554.74
17.2974 545.124 1034.37 1541.63 2047.87 2559.72
17.3308 546.124 1036.36  1544.6 2051.87 2564.72
17.3644 547.124 1038.36 1547.59 2055.87 2569.69
17.3977 548.124 1040.36 1550.57 2059.87 2574.69
17.4309 549.168 1042.36 1553.57 2063.79 2579.69
17.4309 550.219 1044.35 1556.57 2067.74 2584.69
17.4309 551.277 1046.35 1559.57 2071.71 2589.66
17.4309 552.277 1048.35 1562.58 2075.71 2594.65
17.4638 553.321 1050.35 1565.58 2079.63 2599.65
17.4638 554.378 1052.35 1568.58 2083.61 2604.62
17.4638 555.378 1054.37 1571.58 2087.59 2609.62
 17.497 556.378 1056.37 1574.58 2091.59 2614.58
17.5298 557.422 1058.37 1577.58 2095.52 2619.58
17.5298 558.422 1060.39 1580.58 2099.52 2624.57
17.5627 559.469 1062.39 1583.58 2103.52 2629.49
17.5958 560.469 1064.39 1586.58 2107.48 2634.49
17.5958  561.52 1066.38 1589.58 2111.44 2639.49
17.5958 562.574 1068.38 1592.56  2115.4 2644.49
17.5958 563.574  1070.4 1595.56 2119.38 2649.49
17.6286 564.574 1072.39 1598.53 2123.38 2654.49
17.6286 565.621 1074.38  1601.5 2127.38 2659.49
17.6286 566.621  1076.4  1604.5 2131.38 2664.48
17.6615 567.621  1078.4 1607.49 2135.35 2669.48
17.6933 568.644 1080.34 1610.49 2139.35 2674.48
17.6933 569.698 1082.34 1613.47 2143.31 2679.48
17.6933 570.698 1084.35 1616.48 2147.31 2684.46
17.6933 571.752 1086.35 1619.46 2151.31 2689.42
17.6933 572.799 1088.34 1622.43 2155.31 2694.42
17.7259 573.799 1090.34 1625.42 2159.29 2699.42
17.7576 574.822 1092.29 1628.42 2163.29 2704.42
17.7576 575.873 1094.28 1631.42 2167.24 2709.42
17.7576 576.919 1096.27 1634.38 2171.24 2714.42
17.7902 577.919 1098.27 1637.38 2175.23 2719.41
17.8226 578.919 1100.27 1640.38 2179.19 2724.41
17.8226 579.971 1102.27 1643.38 2183.19 2729.35
17.8226 581.024 1104.27 1646.37 2187.16 2734.35
17.8226 582.076 1106.27 1649.37 2191.16  2739.3
17.8543 583.111 1108.27  1652.3 2195.16  2744.3
 17.886 584.146 1110.27 1655.23 2199.16  2749.3
17.9173 585.169 1112.22 1658.23 2203.16  2754.3
17.9492 586.212 1114.22 1661.23 2207.08  2759.3
17.9815 587.212 1116.22 1664.23 2211.05  2764.3
17.9815 588.212 1118.22 1667.24 2215.04  2769.3
18.0138 589.212 1120.22 1670.23 2219.02  2774.3
18.0138 590.265 1122.22 1673.22 2223.02 2779.26
18.0138 591.265 1124.23 1676.22 2227.01 2784.26
18.0138 592.315 1126.23 1679.22 2230.96 2789.26
18.0458 593.315 1128.23 1682.22 2234.93 2794.26
18.0458 594.367 1130.23 1685.21 2238.89 2799.26
18.0458 595.421 1132.23 1688.19 2242.89 2804.22
18.0778 596.421 1134.23 1691.18 2246.87 2809.22
18.0778 597.473 1136.23 1694.17 2250.83 2814.22
18.1096 598.473 1138.23 1697.17  2254.8 2819.22
18.1096 599.519 1140.22 1700.13  2258.8 2824.22
18.1096 600.568 1142.22 1703.13 2262.75 2829.22
18.1096 601.568 1144.23 1706.13 2266.74 2834.22
 18.141  602.61 1146.23 1709.13 2270.66 2839.22
18.1724 603.652 1148.23 1712.13 2274.59 2844.22
18.1724 604.652 1150.24 1715.13 2278.58 2849.22
18.2035 605.687 1152.24 1718.07 2282.58 2854.22
18.2035 606.732 1154.23 1721.03 2286.58 2859.22
18.2035 607.783 1156.23 1724.03 2290.58 2864.17
18.2035 608.783 1158.23 1727.04 2294.57 2869.17
18.2347 609.828 1160.23 1730.04 2298.57 2874.09
18.2347  610.88 1162.23 1733.03 2302.57 2879.05
18.2347 611.933 1164.23 1736.01 2306.57 2884.01
18.2658 612.978 1166.23 1739.01 2310.57 2888.94
18.2973 613.978 1168.23 1742.01 2314.55 2893.94
18.2973 614.978 1170.24 1745.01 2318.55 2898.92
18.2973 616.028 1172.24 1748.01 2322.55 2903.88
18.3283 617.073 1174.24 1751.01 2326.55  2908.8
18.3592 618.114 1176.24 1754.01 2330.48  2913.8
18.3592 619.114 1178.25 1757.01 2334.48 2918.79
18.3906 620.114 1180.25 1760.01 2338.46 2923.77
18.4218 621.114 1182.25    1763 2342.44 2928.77
18.4218 622.166 1184.25 1765.99  2346.4 2933.77
18.4525   623.2 1186.25 1768.92  2350.4 2938.77
18.4525 624.251 1188.25 1771.91 2354.37 2943.77
18.4833 625.295 1190.25 1774.91 2358.37 2948.69
18.5145 626.295 1192.25  1777.9 2362.37 2953.67
18.5145 627.349 1194.25  1780.9 2366.34 2958.64
18.5455 628.349 1196.26  1783.9 2370.31 2963.64
18.5455 629.349 1198.27  1786.9  2374.3 2968.63
18.5766 630.349 1200.27 1789.89 2378.28 2973.63
18.6067 631.372 1202.22 1792.89 2382.28 2978.63
18.6067 632.372 1204.22  1795.9 2386.28 2983.63
18.6067 633.372 1206.22 1798.91 2390.27 2988.62
18.6368 634.395 1208.17 1801.91 2394.27 2993.62
18.6368 635.446 1210.17 1804.89 2398.27 2998.59
18.6368 636.446 1212.17  1807.9 2402.27 3003.58
18.6368 637.495 1214.16  1810.9 2406.27 3008.53
 18.667 638.529 1216.16 1813.84 2410.27 3013.53
 18.667 639.529 1218.18 1816.84 2414.26 3018.53
18.6977 640.529 1220.18 1819.84 2418.26  3023.5
18.7276 641.551 1222.13 1822.84 2422.26  3028.5
18.7579 642.592 1224.13 1825.84 2426.18  3033.5
18.7886 643.592 1226.13 1828.84 2430.18 3038.46
18.8193 644.592 1228.13 1831.84 2434.15 3043.46
18.8495 645.625 1230.13 1834.77 2438.15 3048.46
18.8495 646.625 1232.15 1837.78 2442.14 3053.46
18.8495 647.625 1234.15 1840.78 2446.14 3058.46
18.8801 648.625 1236.15 1843.78 2450.11 3063.46
18.9108 649.625 1238.15 1846.78  2454.1 3068.44
18.9411 650.666 1240.15 1849.78 2458.03 3073.44
18.9718 651.666 1242.15 1852.77    2462 3078.44
19.0018 652.699 1244.15  1855.7    2466 3083.44
19.0018 653.749 1246.15 1858.69    2470 3088.41
19.0324 654.749 1248.15 1861.69    2474 3093.37
19.0324 655.793 1250.14 1864.66    2478 3098.37
19.0324 656.841 1252.14 1867.66    2482 3103.33
19.0324 657.841 1254.15 1870.66 2485.99 3108.33
19.0324 658.891 1256.15 1873.65 2489.99 3113.29
19.0324 659.942 1258.15 1876.63 2493.99 3118.25
19.0626 660.942 1260.14 1879.61 2497.99 3123.25
19.0929 661.942 1262.15 1882.61 2501.99 3128.22
19.0929 662.992 1264.15  1885.6 2505.99 3133.18
19.1229 664.034 1266.15  1888.6 2509.99 3138.11
19.1532 665.034 1268.15  1891.6 2513.99 3143.07
19.1532 666.034 1270.16  1894.6 2517.99 3148.07
19.1532 667.084 1272.16 1897.58 2521.95 3153.07
19.1833 668.084 1274.17 1900.58 2525.92 3158.07
19.1833 669.084 1276.18 1903.58 2529.91 3163.07
19.1833 670.084 1278.18 1906.59  2533.9 3168.06
19.2134 671.084 1280.18 1909.58  2537.9 3173.04
19.2434 672.084 1282.17 1912.56  2541.9 3178.04
19.2434 673.133 1284.17 1915.54  2545.9    3183
19.2734 674.133 1286.18 1918.54  2549.9 3187.97
19.3029 675.166 1288.18 1921.48  2553.9 3192.97
19.3029 676.217 1290.18 1924.48 2557.88 3197.94
19.3029 677.217 1292.19 1927.48 2561.88 3202.93
19.3029  678.26 1294.18 1930.45 2565.88 3207.93
19.3323 679.292 1296.18 1933.39 2569.88 3212.93
19.3323 680.339 1298.18 1936.39 2573.88 3217.88
19.3323 681.387 1300.18 1939.39 2577.88 3222.84
19.3323 682.387 1302.19 1942.39 2581.88 3227.82
19.3618 683.429 1304.19 1945.39 2585.88 3232.75
19.3618  684.48 1306.19 1948.39 2589.86 3237.72
19.3913 685.522 1308.19 1951.39 2593.86 3242.65
19.3913 686.522  1310.2 1954.39 2597.85 3247.65
19.3913 687.564 1312.19 1957.36 2601.85 3252.65
19.3913 688.613 1314.19 1960.34 2605.81 3257.65
19.3913 689.613  1316.2 1963.34 2609.81 3262.64
19.4208 690.613  1318.2 1966.34 2613.81 3267.62
19.4504 691.613  1320.2 1969.33 2617.81 3272.59
19.4504 692.658  1322.2 1972.33 2621.77 3277.59
19.4504 693.707  1324.2 1975.32 2625.77 3282.56
19.4504 694.756  1326.2  1978.3 2629.74 3287.56
19.4504 695.803 1328.19  1981.3 2633.74 3292.51
19.4504 696.803 1330.21  1984.3 2637.73  3297.5
19.4504 697.845  1332.2 1987.27 2641.73  3302.5
19.4797 698.845  1334.2 1990.27 2645.73 3307.47
19.4797 699.845 1336.21 1993.27 2649.73 3312.46
19.4797 700.893 1338.21 1996.26  2653.7 3317.46
19.4797 701.893 1340.23 1999.26 2657.69 3322.46
19.4797 702.893 1342.23 2002.26 2661.68 3327.45
19.5086 703.893 1344.22 2005.24 2665.68 3332.45
19.5086 704.935 1346.21 2008.21 2669.68 3337.45
19.5086  705.98 1348.21 2011.21 2673.64 3342.45
19.5375  706.98  1350.2 2014.19 2677.64 3347.45
19.5375 708.025  1352.2 2017.19  2681.6 3352.45
19.5664 709.025  1354.2 2020.19 2685.57 3357.45
19.5664 710.072  1356.2 2023.19 2689.57 3362.41
19.5664 711.072 1358.21 2026.19 2693.57  3367.4
 19.595  712.11 1360.21 2029.19  2697.5  3372.4
19.6238  713.11 1362.21 2032.19 2701.47  3377.4
19.6238 714.158 1364.21 2035.17 2705.47 3382.37
19.6526 715.158 1366.21 2038.17 2709.44 3387.37
19.6807 716.179 1368.17 2041.17 2713.44 3392.37
19.7096 717.179 1370.17 2044.17 2717.44 3397.34
19.7096 718.224 1372.16 2047.17  2721.4 3402.34
19.7096 719.274 1374.16 2050.17 2725.37 3407.31
19.7096 720.315 1376.15 2053.14 2729.37 3412.31
19.7096 721.357 1378.14  2056.1 2733.37 3417.31
19.7096 722.402 1380.14  2059.1 2737.33 3422.31
19.7096 723.402 1382.15  2062.1 2741.33 3427.31
19.7377 724.433 1384.15 2065.04 2745.33 3432.31
19.7663 725.433 1386.15 2068.04 2749.33 3437.28
19.7948 726.433 1388.15 2071.04 2753.33 3442.25
19.7948  727.48 1390.15 2074.02 2757.29 3447.25
19.7948  728.53 1392.15 2077.02 2761.27 3452.23
 19.823 729.568 1394.15 2080.02 2765.21 3457.23
 19.823 730.612 1396.15 2083.02 2769.17 3462.23
 19.823 731.662 1398.15 2086.02 2773.14  3467.2
 19.823 732.709 1400.15 2089.01 2777.14 3472.16
 19.823 733.709 1402.16 2092.01 2781.13 3477.16
 19.823 734.754 1404.16 2095.01 2785.09 3482.16
 19.823 735.754 1406.17 2098.01 2789.08 3487.16
 19.823 736.754 1408.18 2101.01 2793.08 3492.15
 19.823 737.801 1410.18    2104 2797.05 3497.15
 19.823 738.801 1412.19    2107 2801.04 3502.14
19.8509 739.838 1414.19    2110 2804.98 3507.14
19.8509 740.883 1416.19    2113 2808.94 3512.14
 19.879 741.883 1418.19 2115.99 2812.91 3517.14
19.9069 742.923 1420.19 2118.99 2816.91 3522.08
19.9069 743.923  1422.2 2121.99 2820.91 3527.06
19.9349 744.923  1424.2 2124.99 2824.88 3532.06
19.9627 745.961  1426.2 2127.99 2828.82 3537.06
19.9908 746.961  1428.2 2130.99 2832.81 3542.05
20.0186 748.001  1430.2 2133.99 2836.81 3546.98
20.0466 749.001  1432.2 2136.97 2840.81 3551.98
20.0745 750.001 1434.19 2139.95 2844.81 3556.98
20.0745 751.045 1436.19 2142.95 2848.77 3561.98
20.0745 752.091 1438.19 2145.93 2852.73 3566.98
20.1023 753.091 1440.18 2148.91 2856.73 3571.98
20.1023 754.135 1442.18 2151.91 2860.69 3576.98
20.1023 755.175 1444.17 2154.88 2864.69 3581.98
20.1302 756.175 1446.17 2157.88 2868.66 3586.98
20.1302  757.22 1448.17 2160.88 2872.66 3591.94
20.1581  758.22 1450.17 2163.88 2876.65 3596.92
20.1581 759.266 1452.17 2166.86 2880.62 3601.92
20.1852 760.287 1454.12 2169.86 2884.62 3606.92
20.1852 761.327 1456.11 2172.83 2888.62 3611.92
 20.213 762.327 1458.11 2175.83 2892.59 3616.92
 20.213 763.327 1460.13 2178.83 2896.58 3621.92
20.2408 764.327 1462.13 2181.83 2900.58 3626.89
20.2683 765.367 1464.13 2184.83 2904.58 3631.83
20.2958 766.404 1466.13 2187.83 2908.52 3636.83
20.3235 767.404 1468.13 2190.83 2912.49 3641.83
20.3235  768.45 1470.13 2193.81 2916.49 3646.79
20.3235 769.496 1472.13  2196.8 2920.46 3651.79
20.3509 770.533 1474.13  2199.8 2924.39 3656.79
20.3785 771.533 1476.13  2202.8 2928.37 3661.79
20.3785 772.533 1478.14  2205.8 2932.35 3666.79
20.4061 773.533 1480.14  2208.8 2936.35 3671.76
20.4333 774.564 1482.14 2211.74 2940.35 3676.76
20.4609 775.564 1484.14 2214.74 2944.35 3681.74
20.4609 776.564 1486.15 2217.74 2948.34 3686.74
20.4885 777.564 1488.16 2220.74 2952.31 3691.74
20.4885 778.608 1490.15 2223.74 2956.31  3696.7
20.4885 779.653 1492.15 2226.72 2960.28  3701.7
20.4885 780.699 1494.15 2229.71 2964.28 3706.66
 20.516 781.699 1496.15  2232.7 2968.28 3711.64
 20.516 782.699 1498.17 2235.71 2972.28 3716.63
 20.543 783.729 1500.17 2238.65 2976.28 3721.63
 20.543 784.775 1502.17 2241.64 2980.28  3726.6
 20.543 785.821 1504.17 2244.62 2984.28 3731.56
20.5702  786.86 1506.17 2247.62 2988.28  3736.5
20.5975  787.86 1508.17 2250.62 2992.25  3741.5
20.5975   788.9 1510.16 2253.59 2996.25  3746.5
20.5975 789.945 1512.16 2256.58 3000.22  3751.5
20.5975 790.945 1514.16 2259.58 3004.22  3756.5
20.5975 791.945 1516.16 2262.59 3008.22 3761.49
20.5975 792.985 1518.15 2265.56 3012.22 3766.49
20.5975  794.03 1520.15 2268.55 3016.22 3771.46
20.5975  795.07 1522.14 2271.52 3020.22 3776.46
20.5975 796.113 1524.13 2274.52 3024.18 3781.46
20.6246 797.113 1526.14 2277.52 3028.15 3786.46
20.6515 798.113 1528.13  2280.5 3032.15 3791.46
20.6786 799.113 1530.13 2283.49 3036.13 3796.46
20.6786 800.113 1532.13  2286.5 3040.13 3801.46
20.7057 801.113 1534.13 2289.49 3044.13 3806.44
20.7325 802.149 1536.13 2292.49 3048.06 3811.44
20.7591 803.179 1538.13 2295.43 3052.06 3816.44
20.7591 804.179 1540.13 2298.44 3056.06 3821.43
20.7862 805.179 1542.13 2301.43 3060.04 3826.43
20.7862 806.179 1544.14 2304.43 3064.03 3831.43
20.7862 807.224 1546.14 2307.42 3068.03  3836.4
20.7862 808.269 1548.14 2310.41 3072.03 3841.37
20.7862 809.314 1550.14  2313.4 3076.03 3846.33
20.8128 810.353 1552.14  2316.4 3080.03 3851.27
20.8128 811.353 1554.15  2319.4 3084.03 3856.26
20.8396 812.353 1556.15  2322.4    3088 3861.26
20.8665 813.353 1558.15 2325.39 3091.98 3866.26
20.8932 814.353 1560.15 2328.37 3095.98 3871.26
20.9194 815.372  1562.1 2331.37 3099.98 3876.26
20.9462 816.372 1564.11 2334.37 3103.98 3881.23
20.9462 817.411  1566.1 2337.34 3107.98 3886.23
20.9462 818.454 1568.09 2340.34 3111.98 3891.19
20.9729 819.454 1570.09 2343.32 3115.98 3896.19
20.9994  820.49 1572.09 2346.32 3119.92 3901.19
21.0255  821.51 1574.04 2349.32 3123.92 3906.19
 21.052 822.548 1576.04 2352.32 3127.92 3911.12
21.0789 823.548 1578.04 2355.32 3131.91 3916.11
21.1054 824.583 1580.04 2358.32 3135.84 3921.11
21.1054 825.583 1582.06 2361.32 3139.84  3926.1
21.1318 826.619 1584.06 2364.32 3143.78  3931.1
21.1586 827.619 1586.06 2367.32 3147.78 3936.07
21.1853 828.619 1588.06 2370.31 3151.76 3941.07
21.1853 829.619 1590.06 2373.31 3155.75 3946.07
 21.212 830.619 1592.06 2376.31 3159.75 3951.04
 21.238 831.638 1594.02 2379.31 3163.75 3956.04
21.2648 832.638 1596.02 2382.31 3167.74 3961.03
21.2915 833.638 1598.02 2385.31 3171.72 3966.03
21.2915 834.682 1600.02 2388.29 3175.69 3971.03
21.3178 835.711 1602.02 2391.24 3179.69 3976.03
21.3438 836.731 1603.97 2394.24 3183.69 3981.03
21.3702 837.766 1605.97 2397.24 3187.63 3986.03
21.3969 838.766 1607.97 2400.23 3191.61 3991.03
21.3969 839.766 1609.98 2403.23  3195.6 3996.02
21.4228 840.785 1611.94 2406.23  3199.6 4001.02
21.4228 841.785 1613.94 2409.24  3203.6 4006.02
21.4228 842.785 1615.94 2412.24  3207.6 4011.02
21.4494 843.785 1617.94 2415.24  3211.6 4015.99
21.4494 844.785 1619.95 2418.24 3215.59 4020.98
21.4494 845.785 1621.96 2421.24 3219.58 4025.98
21.4759 846.785 1623.96 2424.24 3223.56 4030.98
21.4759 847.826 1625.96 2427.24 3227.53 4035.98
21.4759 848.826 1627.97 2430.24 3231.53 4040.96
21.5021 849.861 1629.97 2433.24 3235.47 4045.96
21.5021 850.904 1631.97 2436.22 3239.47 4050.93
21.5021 851.904 1633.97 2439.23 3243.46 4055.93
21.5284 852.904 1635.97 2442.23 3247.46  4060.9
21.5284 853.904 1637.98 2445.23 3251.45  4065.9
21.5548 854.904 1639.98 2448.23 3255.45 4070.88
21.5805 855.924 1641.94 2451.23 3259.45 4075.88
21.5805 856.969 1643.94 2454.23 3263.43 4080.86
21.5805 858.013 1645.94 2457.23 3267.41 4085.83
21.5805 859.055 1647.94 2460.23 3271.41 4090.79
21.5805 860.055 1649.95 2463.23  3275.4 4095.79
21.5805 861.055 1651.96 2466.23 3279.39 4100.79
21.6067 862.055 1653.96 2469.22 3283.39 4105.77
21.6067 863.098 1655.96 2472.21 3287.36 4110.77
21.6329 864.098 1657.96  2475.2 3291.36 4115.75
21.6329 865.142 1659.96  2478.2 3295.34 4120.72
21.6329 866.142 1661.97  2481.2 3299.33 4125.72
21.6329 867.142 1663.98  2484.2 3303.33 4130.71
21.6587 868.179 1665.98  2487.2 3307.33 4135.65
21.6842 869.198 1667.93  2490.2 3311.33 4140.65
21.6842 870.198 1669.93 2493.21 3315.33 4145.65
21.6842 871.198 1671.94 2496.21 3319.33 4150.64
21.7102 872.198 1673.94  2499.2 3323.31 4155.64
21.7362 873.198 1675.94  2502.2 3327.31 4160.62
 21.762 874.198 1677.94 2505.18 3331.31 4165.62
21.7881 875.198 1679.94 2508.17 3335.31 4170.59
21.8137 876.226 1681.94 2511.12 3339.31 4175.59
21.8396 877.226 1683.94 2514.12 3343.28 4180.59
21.8396 878.226 1685.95 2517.12 3347.27 4185.59
21.8656 879.226 1687.95 2520.11 3351.25 4190.59
21.8915 880.226 1689.95 2523.11 3355.25 4195.57
21.9174 881.226 1691.95 2526.11 3359.23 4200.57
21.9174 882.267 1693.95 2529.11 3363.23 4205.53
21.9434 883.267 1695.95  2532.1 3367.21 4210.53
21.9694 884.267 1697.95  2535.1  3371.2 4215.51
21.9694 885.307 1699.95  2538.1 3375.16 4220.51
21.9694 886.348 1701.95 2541.09 3379.13 4225.51
21.9694 887.389 1703.95 2544.09 3383.13 4230.47
21.9946 888.408  1705.9 2547.09 3387.13 4235.47
22.0204 889.408  1707.9 2550.09  3391.1 4240.47
22.0204 890.408 1709.91 2553.09  3395.1 4245.47
22.0204 891.448 1711.91 2556.09  3399.1 4250.43
22.0204 892.448 1713.91  2559.1  3403.1 4255.43
22.0204  893.49 1715.91 2562.08 3407.07 4260.43
22.0459 894.523 1717.91 2565.08 3411.01 4265.43
22.0459 895.523 1719.92 2568.08    3415 4270.42
22.0459 896.523 1721.93 2571.08    3419 4275.41
22.0715 897.523 1723.93 2574.08 3422.98 4280.41
22.0715 898.523 1725.94 2577.08 3426.97 4285.41
22.0971 899.523 1727.94 2580.08 3430.95 4290.41
22.1228 900.523 1729.94 2583.07 3434.93 4295.41
22.1228 901.565 1731.94 2586.06  3438.9 4300.41
22.1483 902.565 1733.95 2589.06 3442.87 4305.41
22.1483 903.605 1735.94 2592.06 3446.87 4310.37
22.1483 904.645 1737.94 2595.06 3450.87 4315.34
22.1483 905.687 1739.94 2598.05 3454.87 4320.31
22.1737 906.687 1741.94 2601.03 3458.87 4325.31
22.1737 907.687 1743.95 2604.03 3462.86 4330.31
22.1737  908.73 1745.95 2607.03 3466.84 4335.28
22.1992  909.73 1747.95 2610.02 3470.84 4340.26
22.2247  910.73 1749.95 2613.01 3474.82 4345.26
22.2247 911.766 1751.94 2615.99 3478.82 4350.26
22.2247 912.806 1753.94 2618.99 3482.82 4355.22
22.2247 913.806 1755.95 2621.99 3486.82 4360.21
  22.25 914.806 1757.95 2624.99  3490.8 4365.21
22.2747 915.824  1759.9 2627.99  3494.8 4370.21
22.2747 916.863  1761.9 2630.99 3498.76 4375.21
22.3001 917.863  1763.9 2633.99 3502.76 4380.19
22.3001 918.905  1765.9 2636.98 3506.76 4385.16
22.3254 919.905  1767.9 2639.97 3510.76 4390.14
22.3507 920.905  1769.9 2642.97 3514.75 4395.12
22.3507 921.943  1771.9 2645.97 3518.71 4400.12
22.3507 922.979 1773.89 2648.94 3522.71 4405.12
 22.376 923.979 1775.89 2651.94  3526.7 4410.11
 22.376 925.018 1777.89 2654.94 3530.67 4415.11
 22.376 926.018  1779.9 2657.94 3534.66  4420.1
 22.376 927.018  1781.9 2660.95 3538.66  4425.1
 22.401 928.051  1783.9 2663.95  3542.6  4430.1
22.4256 929.069 1785.85 2666.95  3546.6  4435.1
22.4503 930.096 1787.85  2669.9  3550.6  4440.1
22.4753 931.131 1789.85  2672.9  3554.6 4445.04
22.4753 932.167 1791.85 2675.87  3558.6 4450.04
22.5001 933.194 1793.85 2678.82  3562.6 4455.04
22.5252 934.194 1795.85 2681.82 3566.57 4460.04
22.5252  935.23 1797.84 2684.79 3570.57 4465.04
22.5503  936.23 1799.84 2687.79 3574.57 4470.02
22.5503 937.272 1801.84 2690.79 3578.55 4474.99
22.5503 938.312 1803.84 2693.78 3582.53 4479.99
22.5503 939.355 1805.84 2696.78 3586.51 4484.97
22.5753 940.355 1807.84 2699.78 3590.51 4489.94
22.5753 941.355 1809.85 2702.78 3594.51 4494.93
22.5753 942.355 1811.86 2705.78  3598.5 4499.93
22.5997 943.373 1813.82 2708.78  3602.5 4504.93
22.5997 944.373 1815.83 2711.78  3606.5 4509.92
22.6242   945.4 1817.83 2714.73  3610.5 4514.92
22.6242 946.439 1819.83 2717.73  3614.5 4519.89
22.6242 947.439 1821.84 2720.73 3618.49 4524.88
22.6242 948.439 1823.85 2723.73 3622.49 4529.87
22.6242 949.474 1825.84  2726.7 3626.49 4534.87
 22.649 950.474 1827.84  2729.7 3630.47 4539.87
22.6738 951.474 1829.83 2732.68 3634.47 4544.87
22.6738  952.51 1831.82 2735.66 3638.47 4549.87
22.6985  953.51 1833.82 2738.66 3642.44 4554.87
 22.723 954.536 1835.82 2741.61 3646.44 4559.87
22.7477 955.536 1837.83 2744.61 3650.44 4564.84
22.7477 956.536 1839.84 2747.61 3654.43 4569.84
22.7725 957.536 1841.84 2750.61 3658.43 4574.81
22.7725 958.578 1843.84 2753.61 3662.41 4579.79
 22.797  959.61 1845.84 2756.61 3666.36 4584.79
22.8212 960.628  1847.8 2759.61 3670.36 4589.79
22.8458 961.628 1849.79 2762.59 3674.36 4594.79
22.8704 962.662 1851.79 2765.59 3678.36 4599.73
22.8952 963.662 1853.79 2768.58 3682.36 4604.71
22.9197 964.694 1855.79 2771.58  3686.3 4609.71
22.9197 965.694  1857.8 2774.58  3690.3  4614.7
22.9444 966.694  1859.8 2777.58  3694.3 4619.67
22.9691 967.694 1861.81 2780.58 3698.28 4624.67
22.9938 968.694 1863.81 2783.57 3702.26 4629.67
23.0182 969.721 1865.81 2786.52 3706.26 4634.67
23.0182 970.721 1867.81 2789.52 3710.26 4639.67
23.0182 971.759 1869.81 2792.52 3714.26 4644.63
23.0182 972.801 1871.81 2795.52 3718.24 4649.61
23.0428 973.801 1873.81 2798.52 3722.24 4654.58
23.0672 974.833 1875.81 2801.52 3726.18 4659.58
23.0672 975.833 1877.82 2804.52 3730.18 4664.57
23.0672 976.833 1879.83 2807.53 3734.18 4669.56
23.0672 977.833 1881.84 2810.53 3738.17 4674.56
23.0672 978.833 1883.85 2813.53 3742.17 4679.55
23.0918 979.833 1885.85 2816.52 3746.17 4684.53
23.0918 980.833 1887.86 2819.52 3750.17 4689.53
23.0918 981.833 1889.87 2822.52 3754.17 4694.52
23.0918 982.872 1891.87 2825.51 3758.14 4699.52
23.1162 983.872 1893.87  2828.5 3762.12 4704.52
23.1403 984.898 1895.87 2831.45 3766.12 4709.52
23.1646 985.931 1897.87 2834.45 3770.12 4714.46
23.1646 986.969 1899.87 2837.45 3774.12 4719.42
 23.189 987.969 1901.87 2840.45 3778.12  4724.4
 23.189 989.004 1903.86 2843.43 3782.12  4729.4
23.2131  990.03 1905.86 2846.38 3786.12  4734.4
23.2131  991.03 1907.87 2849.38 3790.12 4739.39
23.2375  992.03 1909.87 2852.37 3794.12 4744.37
23.2375 993.071 1911.87 2855.37  3798.1 4749.35
23.2617 994.071 1913.87 2858.35  3802.1 4754.35
23.2861 995.071 1915.87 2861.34 3806.08 4759.35
23.3101 996.097 1917.87 2864.29 3810.08 4764.35
23.3101 997.097 1919.88 2867.29 3814.07 4769.35
23.3345 998.097 1921.88 2870.29 3818.06 4774.33
23.3345 999.131 1923.87 2873.27 3822.06 4779.33
23.3588 1000.13 1925.87 2876.27 3826.06 4784.31
23.3588 1001.13 1927.88 2879.27 3830.06  4789.3
23.3831 1002.13 1929.88 2882.26 3834.06 4794.28
23.4073 1003.13 1931.88 2885.26 3838.06 4799.25
23.4315 1004.13 1933.88 2888.24 3842.06 4804.25
23.4557 1005.13 1935.88 2891.24 3846.04 4809.25
23.4795 1006.15 1937.84 2894.24 3850.04 4814.25
23.5038 1007.15 1939.84 2897.24 3854.02 4819.25
23.5038 1008.18 1941.84 2900.24 3857.99 4824.25
23.5038 1009.18 1943.84 2903.24 3861.98 4829.25
23.5276 1010.21 1945.84 2906.19 3865.98 4834.25
23.5276 1011.21 1947.85 2909.19 3869.98 4839.24
23.5276 1012.21 1949.85 2912.19 3873.97 4844.24
23.5276 1013.21 1951.86 2915.19 3877.97 4849.24
23.5516 1014.24 1953.86 2918.19 3881.97 4854.18
23.5516 1015.28 1955.86 2921.18 3885.97 4859.16
23.5757 1016.28 1957.86 2924.18 3889.97 4864.13
23.5757 1017.28 1959.87 2927.18 3893.96 4869.12
23.5757 1018.28 1961.87 2930.19 3897.96 4874.12
23.5757 1019.28 1963.88 2933.19 3901.95 4879.12
23.5757 1020.32 1965.88 2936.19 3905.95 4884.09
23.5757 1021.35 1967.87 2939.16 3909.95 4889.09
23.5757 1022.39 1969.87 2942.15 3913.92 4894.09
23.5998 1023.39 1971.87 2945.15 3917.91 4899.07
23.5998 1024.39 1973.88 2948.15 3921.91 4904.07
23.5998 1025.43 1975.88 2951.15 3925.91 4909.03
23.6237 1026.43 1977.88 2954.15 3929.88 4914.03
23.6476 1027.43 1979.88 2957.14 3933.88 4919.02
23.6712 1028.45 1981.88  2960.1 3937.88 4924.02
23.6951 1029.45 1983.88  2963.1 3941.86 4929.02
23.6951 1030.49 1985.88  2966.1 3945.82 4934.02
 23.719 1031.49 1987.88  2969.1  3949.8 4939.02
23.7429 1032.49 1989.88 2972.09  3953.8    4944
23.7429 1033.53 1991.88 2975.09 3957.77    4949
23.7429 1034.53 1993.89 2978.09 3961.77 4953.99
23.7668 1035.53 1995.89 2981.09 3965.77 4958.97
23.7668 1036.56 1997.88 2984.09 3969.77 4963.93
23.7905 1037.56 1999.88 2987.07 3973.77 4968.93
23.7905 1038.56 2001.88 2990.07 3977.76 4973.93