      2       2       2       4       5       6
   3.25       3    3.25     6.5       9      11
   3.25       4 4.81627 9.63253      13 16.3012
4.02003 4.94773 6.81627 11.9148      17 21.3012
4.02003 5.94773 8.53316 14.9159  21.282 26.3012
4.02003  7.1119 10.2034 17.9159 25.4476 31.3012
4.02003  8.1119 11.8798 20.9159 29.6285 36.4439
4.02003 9.26179 13.5638 23.9159 33.6285   41.61
4.46927 10.2968 15.0795 26.9159 37.6285   46.61
4.46927  11.386 17.0795 29.9159 41.6089 51.5404
4.86715 12.3997 19.0795 32.9159 45.6089 56.1289
5.25419 13.3857 21.0795 35.9159 49.2358 61.1289
5.67622 14.3857 22.7727 38.8007 53.2358 66.1289
5.67622 15.4997 24.5362 41.8007 57.3583 71.1289
5.67622 16.5859 26.5362   44.73 61.3583 76.1134
6.04508 17.5859 28.2606 47.6367 65.3583 81.1134
6.04508 18.6675 30.2606 50.5665 69.3583  86.102
6.04508 19.6675 32.0734 53.5957 73.3583   91.26
6.04508 20.7347 34.0734 56.5957  77.339 96.2121
6.04508   21.81 36.0734 59.5308  81.339 101.202
6.33311   22.81 38.0734 62.3672 85.2145 106.202
6.62278   23.81 40.0734 65.2199 89.2145 111.059
6.90458 24.8231 41.7785 68.2199 93.2145 116.059
6.90458 25.8835 43.7785 71.2199 97.1964 121.017
6.90458 26.9515 45.7785 74.1586 101.196 126.011
7.16027 27.9495 47.7785 76.9048 105.196 131.011
7.41544 28.9456 49.7785 79.9048 108.945 136.011
7.67992 29.9456 51.7785 82.7547 112.831 141.011
7.94538 30.9456 53.7785 85.6151 116.831 145.885
8.21237 31.9456 55.5856 88.6151 120.757 150.885
8.21237 33.0337  57.479 91.6336 124.757 155.885
8.21237 34.0337 59.3635  94.638 128.757 160.996
8.45481 35.0384 61.3635  97.638 132.757 165.748
8.45481 36.0384 63.2565  100.65 136.852 170.748
8.45481 37.0384 65.1494 103.662 140.947 175.748
8.69328 38.0384  66.987 106.586 144.947 180.748
8.92726 39.0384  68.987 109.586 148.848 185.613
9.16124 40.0384  70.987 112.586  152.75 190.478
9.16124 41.0384 72.8721 115.586 156.806 195.536
9.38455 42.0388 74.6485 118.586 160.806 200.536
9.38455  43.081 76.6485 121.586 164.793 205.508
9.61056  44.081 78.4944 124.514 168.793 210.508
9.61056   45.14 80.3802 127.514 172.848 215.508
9.61056 46.1852 82.3802 130.466  176.85 220.508
9.61056 47.1852 84.2827 133.479 180.934 225.508
9.82118 48.1852 86.1299 136.479 184.934  230.45
10.0256 49.1881 87.9225 139.479 188.934  235.45
10.0256 50.2302 89.9225 142.434 192.937  240.45
10.0256  51.286 91.8126 145.434 196.937 245.504
10.2217 52.2889 93.8126 148.434 200.937 250.305
10.4177 53.2919 95.8126 151.434 204.937 255.106
10.6138 54.2948 97.8126 154.434 208.937 259.907
10.8124 55.2948 99.8126 157.325 212.848 264.907
10.8124  56.348 101.714 160.325 216.848 269.953
10.8124 57.3854 103.714 163.325  220.84 274.923
10.8124 58.4252 105.714 166.284 224.841 279.923
10.8124 59.4252 107.714 169.258 228.862 284.929
 10.993 60.4177 109.714 172.085 232.862 289.929
11.1736 61.4102 111.714 174.912 236.862 294.929
11.3588 62.4102 113.714 177.912 240.788 299.817
11.3588 63.4102 115.714 180.883  244.81 304.825
11.3588 64.4102 117.714 183.854 248.831 309.832
11.5338 65.4023 119.714 186.854 252.664 314.832
11.7097 66.4001  121.54 189.854 256.664 319.832
11.8889 67.4001  123.54 192.854 260.591 324.726
11.8889 68.4001 125.467 195.862 264.591 329.791
12.0623 69.3974 127.296 198.862 268.591 334.791
12.2356 70.3947 129.126 201.862 272.591 339.791
12.4123 71.3947 131.126 204.778 276.591 344.698
12.5845 72.3852 133.126 207.778 280.428 349.698
12.7582 73.3843 135.126 210.778 284.428 354.525
12.7582 74.4264 137.045 213.778 288.468 359.525
12.9316 75.4264 139.045 216.684 292.388 364.525
13.1015 76.4169 141.045 219.684 296.228 369.525
13.2766 77.4169  142.93 222.684 300.228 374.465
13.2766 78.4169 144.862 225.694 304.286 379.465
13.4457 79.4155 146.862 228.694 308.286 384.297
13.4457 80.4561 148.786 231.694 312.286 389.332
13.4457 81.4883 150.786 234.666 316.286 394.328
13.6131 82.4883 152.786 237.588 320.286 399.238
 13.778 83.4875 154.786 240.588 324.286 404.074
13.9464 84.4875 156.678 243.528 328.286 409.074
14.1104  85.481  158.52 246.528 332.286 414.074
14.1104  86.481 160.455 249.538 336.286 419.129
14.1104  87.481  162.39 252.547 340.342 424.129
14.2738  88.481  164.39 255.472 344.342 429.041
14.4341 89.4747 166.237 258.472 348.342 434.041
14.5944 90.4683 168.083 261.472 352.342 439.041
14.5944 91.4683 170.017 264.482 356.397 444.041
14.7535 92.4659 172.017 267.482 360.397 448.884
14.9147 93.4659 174.017 270.482 364.334 453.787
14.9147 94.5026 175.947 273.482 368.334  458.82
14.9147  95.528 177.947 276.482  372.33 463.798
15.0698 96.5217 179.799 279.482  376.33 468.798
 15.224  97.509 181.799  282.34  380.33 473.798
15.3781 98.4962 183.799 285.199  384.33 478.798
15.3781 99.5222 185.799  288.17 388.333 483.798
15.5315 100.515 187.652  291.17 392.333 488.798
15.6871 101.515 189.652 294.086 396.262 493.798
15.8411 102.512 191.652 297.086 400.262 498.647
15.8411 103.545 193.584 300.086 404.297 503.647
15.8411 104.545 195.525 303.094 408.297 508.697
15.9951 105.545 197.425  306.04 412.297 513.697
15.9951 106.545 199.359  309.04 416.334 518.727
16.1433 107.533 201.359 311.904 420.334 523.727
16.1433 108.533 203.359 314.885  424.35 528.731
16.1433 109.565 205.292 317.885 428.384 533.731
 16.289 110.553 207.292 320.885  432.25 538.731
 16.289 111.577 209.292 323.857 436.254 543.731
16.4361 112.577 211.292 326.857 440.195 548.643
16.5838 113.577  213.19 329.857 444.149 553.643
16.5838 114.609 215.127 332.857 448.149 558.674
16.5838 115.641 217.063 335.857 452.182 563.674
16.5838 116.666 219.063 338.834 456.182 568.671
16.5838 117.666     221 341.834 460.216   573.7
16.5838 118.666 222.945 344.842 464.216 578.747
16.7257 119.666 224.852 347.842 468.216 583.698
16.8638 120.655 226.852 350.715 472.216 588.698
16.8638 121.691 228.801 353.729 476.216 593.698
16.8638 122.713 230.801 356.729 480.212 598.681
17.0023 123.713 232.801 359.729 484.157 603.598
17.1408 124.713 234.801 362.729 488.101 608.515
17.2793 125.713 236.801 365.729 492.045 613.432
17.4179 126.713 238.801 368.729 495.989  618.35
17.4179 127.742 240.742 371.729 500.019  623.35
17.4179 128.772 242.682 374.729 504.049  628.35
17.4179 129.794 244.682 377.705 508.052  633.35
17.4179 130.794 246.682 380.688 512.065 638.353
17.5518 131.794 248.682 383.616 516.003 643.353
17.6835 132.783 250.682 386.495 520.003 648.353
17.6835 133.813 252.626 389.495 524.003  653.38
17.8169 134.813 254.626 392.433 528.003 658.308
17.9477 135.802 256.626 395.313 532.003 663.308
18.0785 136.792 258.626 398.313 535.882 668.308
 18.212 137.792 260.535 401.313 539.839 673.308
18.3429 138.782 262.535 404.313 543.718 678.308
18.3429 139.782 264.487 407.319  547.76 683.308
18.4737 140.779 266.487 410.319  551.76 688.181
18.6039 141.771 268.365 413.319  555.76 693.181
18.6039 142.791 270.365 416.319 559.757 698.165
18.6039 143.791 272.311 419.319 563.785  703.19
18.7339 144.791 274.311 422.249 567.725  708.19
18.8649 145.791 276.229 425.249 571.725 713.141
18.9948 146.791 278.229 428.179 575.665 718.141
18.9948 147.791 280.229 431.163 579.677 723.146
19.1223 148.782  282.11 434.163 583.677 728.146
19.1223 149.782 284.056 437.163 587.705 733.171
19.1223 150.804 286.056 440.144 591.705 738.169
19.1223 151.804 288.056 443.128 595.716 743.174
19.2498 152.804 289.976 446.128 599.716 748.127
19.3765 153.804 291.976 449.128 603.664 753.052
19.3765 154.822 293.976 452.128 607.661 758.037
19.5012 155.818 295.976 455.128 611.661 762.916
19.6251 156.808 297.976 458.128 615.547 767.916
 19.749 157.798 299.976 461.128 619.433 772.916
 19.749 158.824 301.925 464.128 623.458 777.916
19.8723 159.815 303.811 467.128 627.458 782.916
19.8723 160.815 305.766 470.134 631.458 787.955
19.9972 161.815 307.688 473.134 635.458 792.908
20.1218 162.815 309.605 476.134 639.417 797.908
20.1218 163.833 311.605 479.134 643.413 802.894
20.2441 164.829 313.605 482.134 647.413 807.776
20.3678 165.829 315.605 485.078 651.413 812.708
20.3678 166.829 317.555 488.078 655.439 817.731
20.3678 167.848 319.555 491.061 659.439 822.729
20.3678 168.873 321.506 494.061 663.439 827.753
20.4888 169.873 323.506 496.997 667.382 832.753
20.4888 170.873 325.463 500.003 671.382  837.79
20.4888 171.902 327.423 503.014 675.382  842.79
20.4888 172.902  329.38 506.021 679.418  847.79
20.6081 173.902  331.38 508.966 683.418 852.725
20.7256 174.894 333.271 511.966 687.418 857.725
20.7256 175.894 335.228 514.973 691.455 862.725
20.8421 176.883 337.228 517.867 695.455 867.725
20.8421 177.901 339.228 520.847 699.457 872.725
20.8421 178.925  341.18 523.847 703.457 877.748
20.8421 179.942  343.18 526.847 707.454 882.735
20.9567 180.931  345.18 529.744 711.454 887.735
21.0733 181.931  347.18  532.69 715.454 892.672
21.1902 182.931 349.107 535.646 719.454 897.672
21.3049 183.921 351.107 538.646 723.349 902.672
21.4203 184.917 353.107 541.646 727.349 907.561
21.5352 185.909     355 544.646 731.349 912.561
21.5352 186.909 356.954 547.646 735.373 917.583
21.6499 187.905 358.954 550.646 739.373 922.472
21.7657 188.905 360.954 553.646 743.326 927.403
21.8804 189.901 362.954 556.646 747.326 932.293
21.9964 190.901 364.878 559.646 751.286 937.293
22.1121 191.901 366.878 562.646 755.239 942.224
22.1121 192.901 368.878 565.634 759.249 947.227
 22.227 193.901 370.878 568.573 763.195 952.227
 22.227 194.923 372.833 571.573 767.218 957.227
 22.227 195.923 374.793 574.578 771.252 962.227
22.3409 196.923 376.793 577.578 775.205 967.159
22.3409  197.94 378.793 580.563 779.205 972.157
22.3409 198.958 380.793 583.548 783.205 977.155
22.3409 199.958 382.793 586.535 787.215 982.158
 22.453 200.958 384.793 589.476 791.162 987.158
 22.453 201.958 386.793 592.464 795.172 992.161
22.5632 202.949 388.691 595.464 799.172 997.161
22.6733  203.94 390.691 598.464 803.072 1002.16
22.6733 204.955 392.691 601.464 807.069 1007.15
22.6733 205.955 394.654 604.469 811.101 1012.15
22.6733 206.971 396.654 607.451 815.103 1017.15
22.7824 207.967 398.654 610.451 819.103 1022.04
22.8922 208.967 400.654 613.393 823.051 1027.04
22.8922 209.967 402.612 616.393 827.073 1032.06
     23 210.956 404.612 619.297 831.073 1037.06
23.1097 211.956  406.54 622.297 835.035 1042.06
23.2175 212.944  408.54   625.2 839.035 1047.06
23.2175 213.965 410.498   628.2 843.056 1052.06
23.3262 214.965 412.498 631.142 847.005 1057.06
23.3262 215.965 414.462 634.147 851.037 1062.06
23.3262 216.965 416.421 637.147 855.059 1067.08
23.4327 217.955 418.421 640.147 858.962 1072.08
 23.539 218.944 420.421 643.051 862.962 1077.08
 23.539 219.944 422.385 646.056 866.962 1082.11
 23.539 220.961 424.385  649.04 870.962 1087.11
 23.539 221.976 426.385 652.023 874.964 1092.11
 23.539  222.99 428.385 655.023 878.961  1097.1
23.6437 223.981 430.289 658.023 882.961  1102.1
23.7488 224.977 432.289 661.023 886.961    1107
23.8551 225.977 434.224 663.981 890.961    1112
23.9611 226.977 436.224 666.933 894.961 1116.94
24.0674 227.977 438.159 669.891 898.961 1121.94
24.0674 228.977 440.159 672.879  902.97 1126.95
24.1732 229.977 442.095 675.838  906.97 1131.95
24.1732 230.992 444.095  678.82 910.973 1136.95
24.1732 231.992  446.06 681.824 914.973 1141.98
24.2782 232.992 447.996 684.824 918.973 1146.94
24.2782 233.992 449.962 687.828 923.004 1151.94
24.2782 235.015  451.93 690.836 927.004 1156.94
24.2782 236.015  453.89 693.836 931.025 1161.96
24.2782 237.015  455.89 696.824 935.034 1166.96
24.2782 238.015  457.89 699.812 939.043 1171.96
24.3791 239.005  459.89 702.721 943.043 1176.96
24.4818 240.005 461.827 705.681 947.043 1181.96
24.5834     241 463.827 708.681 951.043 1186.87
24.5834     242 465.793 711.685 955.043  1191.9
24.5834     243 467.793 714.672 959.052  1196.9
24.5834     244 469.754 717.672 963.073 1201.92
24.6843     245 471.754 720.618 967.026 1206.92
24.7841 245.991 473.754 723.618 970.936 1211.92
24.7841 246.991 475.721 726.622 974.966 1216.92
24.8835 247.982  477.63 729.622 978.966 1221.92
 24.984 248.982  479.63 732.568 982.919 1226.92
 24.984 249.982 481.596 735.572 986.919 1231.95
 24.984 250.995 483.596 738.572 990.916 1236.94
 24.984 252.009 485.596 741.555 994.919 1241.94
 24.984 253.023 487.596  744.54 998.919 1246.94
 24.984 254.038 489.596 747.526 1002.92 1251.94
25.0815 255.029 491.596 750.526 1006.83 1256.94
25.0815 256.029 493.564 753.529 1010.86 1261.94
25.1785 257.019 495.564 756.529 1014.77 1266.94
 25.276 258.015 497.564 759.529 1018.77 1271.84
 25.276 259.015 499.531 762.533  1022.8 1276.84
 25.276 260.015 501.531 765.521 1026.81 1281.85
 25.276 261.015 503.494 768.521 1030.83 1286.87
 25.373 262.015 505.494  771.47 1034.78 1291.87
25.4704 263.015 507.435 774.431 1038.78 1296.87
25.4704 264.028 509.435 777.415 1042.79 1301.87
 25.566 265.019 511.435 780.415  1046.7 1306.87
25.6616  266.01 513.348 783.415  1050.7 1311.87
25.7585  267.01 515.286 786.415 1054.66 1316.87
 25.854     268 517.286  789.33 1058.66 1321.87
 25.854     269 519.254 792.333 1062.66 1326.89
25.9496 269.995 521.254 795.333 1066.66  1331.8
26.0447 270.985 523.254 798.248 1070.66  1336.8
26.0447 271.999 525.254 801.234 1074.66  1341.8
26.0447 273.016 527.218 804.234 1078.68  1346.8
26.0447 274.016 529.218 807.223 1082.69 1351.81
26.1403 275.016  531.16 810.185 1086.69 1356.81
26.1403 276.016 533.124 813.185 1090.71 1361.83
26.2354 277.016 535.063 816.185 1094.68 1366.83
26.2354 278.033 537.027 819.185 1098.69 1371.83
26.2354 279.054 538.999 822.192 1102.69 1376.83
26.3298 280.054 540.938 825.192 1106.66 1381.83
26.4241 281.054 542.938 828.148 1110.66 1386.77
26.5186 282.054  544.88 831.111 1114.66 1391.77
26.5186  283.07 546.845 834.111 1118.68 1396.77
26.5186 284.082 548.845 837.111 1122.68 1401.77
26.5186 285.093 550.845 840.111 1126.67 1406.76
26.5186 286.105 552.845 843.111 1130.67 1411.75
26.5186 287.122  554.81 846.111 1134.67 1416.77
26.5186 288.135  556.81 849.096 1138.67 1421.77
26.5186 289.146  558.81 852.096 1142.67 1426.76
26.6109 290.146 560.754  855.06 1146.67 1431.76
26.6109 291.159 562.754 858.045 1150.67 1436.76
26.7024 292.159 564.754 860.996 1154.63 1441.76
26.7024 293.159 566.754 863.984 1158.64 1446.76
26.7927  294.15 568.754 866.984 1162.56 1451.76
26.8841  295.15 570.695 869.984 1166.53 1456.76
26.8841 296.163 572.695  872.97 1170.53 1461.76
26.8841 297.163  574.66  875.97 1174.54 1466.78
26.8841 298.163  576.63 878.973 1178.57 1471.78
26.9748 299.163 578.575 881.938 1182.57 1476.78
26.9748 300.163 580.541 884.938 1186.59  1481.8
26.9748 301.163 582.511 887.941 1190.61  1486.8
26.9748 302.163 584.481 890.944 1194.64  1491.8
27.0642 303.163 586.481 893.896  1198.6  1496.8
27.0642 304.163 588.447 896.896 1202.62 1501.81
27.0642 305.163 590.412 899.896 1206.63 1506.83
27.1531 306.163 592.412 902.854 1210.63 1511.78
27.1531  307.18 594.379 905.854 1214.63  1516.8
27.1531  308.18 596.349 908.857 1218.63 1521.83
27.2409 309.175 598.349 911.857 1222.63 1526.74
27.2409 310.191 600.315 914.857 1226.65 1531.74
27.2409 311.191 602.315 917.845 1230.66 1536.75
27.3277 312.183 604.315 920.845 1234.58 1541.75
27.4153 313.183 606.315 923.799 1238.54 1546.75
27.5022 314.175 608.236 926.799 1242.54 1551.75
27.5022 315.175 610.207 929.802 1246.57 1556.75
27.5022 316.191 612.173 932.802 1250.58 1561.75
27.5022 317.191 614.144 935.804 1254.58 1566.78
27.5882 318.183 616.065 938.804 1258.58 1571.78
27.6745 319.179 618.065 941.804 1262.58 1576.69
27.6745 320.198 620.039 944.811 1266.58 1581.69
27.7606 321.194 622.039 947.811 1270.58 1586.61
27.8462 322.185 624.039 950.735 1274.58 1591.61
27.9319 323.176 626.039 953.735 1278.51 1596.61
28.0185 324.176 628.039 956.735 1282.47 1601.56
28.1043 325.168 629.961 959.735 1286.47 1606.56
  28.19  326.16 631.883 962.735 1290.47 1611.56
  28.19 327.176  633.85 965.735 1294.47 1616.58
  28.19 328.191 635.818 968.735 1298.47  1621.6
  28.19 329.203 637.818 971.721 1302.47  1626.6
  28.19 330.203 639.789 974.724 1306.47 1631.62
 28.275 331.198 641.789 977.724 1310.47 1636.54
 28.275  332.21 643.789 980.711 1314.47 1641.54
28.3604  333.21 645.733 983.711 1318.44 1646.54
28.3604  334.21 647.704 986.715 1322.47 1651.54
28.4445 335.201 649.704  989.64 1326.47 1656.54
28.5298 336.201 651.652 992.607 1330.47 1661.54
 28.615 337.201   653.6 995.574 1334.47 1666.54
28.6992 338.194 655.523 998.574 1338.47 1671.54
28.6992 339.194 657.491 1001.57 1342.48 1676.56
28.6992 340.194 659.462 1004.58 1346.51 1681.56
28.6992 341.194 661.434 1007.58 1350.54 1686.56
28.6992 342.209 663.401 1010.58 1354.54 1691.58
28.7832 343.209 665.401 1013.58  1358.5 1696.53
28.7832 344.227 667.376 1016.59  1362.5 1701.53
28.7832 345.237 669.376 1019.59  1366.5 1706.52
28.7832 346.237 671.347 1022.59  1370.5 1711.55
28.7832 347.248 673.347 1025.58  1374.5 1716.55
28.7832 348.248 675.347 1028.57 1378.51 1721.55
28.8652 349.239 677.347 1031.49 1382.51 1726.55
28.8652 350.254 679.315 1034.49 1386.51 1731.57
28.9472  351.25 681.315 1037.49 1390.51 1736.49
29.0298  352.25 683.315 1040.45 1394.51 1741.44
29.1119 353.245 685.315 1043.45 1398.51 1746.37
29.1119 354.257 687.315 1046.44 1402.51 1751.37
29.1943 355.257 689.315  1049.4 1406.51 1756.32
29.1943 356.257 691.284  1052.4 1410.52 1761.34
29.1943 357.257 693.256 1055.41 1414.52 1766.36
29.2753 358.248 695.256 1058.33 1418.52 1771.36
29.2753 359.266 697.231 1061.34 1422.52 1776.36
29.3569 360.266 699.231  1064.3 1426.52 1781.32
29.3569 361.266 701.231 1067.29 1430.53 1786.32
29.3569 362.283 703.207  1070.3 1434.53 1791.32
29.3569 363.283 705.179  1073.3 1438.55 1796.32
29.4381 364.283  707.13 1076.27 1442.55 1801.32
29.4381 365.283 709.098 1079.27 1446.57 1806.34
29.4381 366.301 711.074 1082.28 1450.57 1811.34
29.4381 367.312 713.074 1085.26 1454.57 1816.34
29.5183 368.312 715.074 1088.22 1458.53 1821.34
29.5979 369.305 717.002 1091.22 1462.53 1826.34
29.6784 370.305 718.952 1094.19 1466.53 1831.34
29.7587 371.305 720.952 1097.19  1470.5 1836.29
29.8383 372.298  722.88 1100.19  1474.5 1841.29
29.9188 373.298 724.831 1103.16  1478.5 1846.29
29.9188 374.312   726.8 1106.16  1482.5 1851.31
29.9988 375.312   728.8 1109.16 1486.47 1856.26
 30.079 376.312 730.747 1112.16 1490.44 1861.26
30.1586 377.308 732.747 1115.16 1494.44 1866.19
30.1586 378.322 734.717 1118.16 1498.44  1871.2
30.2376 379.313 736.717 1121.09 1502.44  1876.2
30.2376 380.327 738.687 1124.09 1506.44 1881.22
30.3164 381.319 740.687 1127.02 1510.44 1886.22
30.3164 382.336 742.663 1130.03 1514.44 1891.22
30.3958 383.336 744.663 1132.98  1518.4 1896.22
30.4753 384.336 746.611 1135.98 1522.37 1901.22
30.4753 385.347 748.611 1138.97 1526.38 1906.22
30.4753 386.364 750.587 1141.98 1530.38 1911.22
30.4753 387.381 752.563 1144.98 1534.38 1916.22
30.4753 388.398 754.539 1147.99 1538.38 1921.22
30.4753 389.412 756.509 1150.99 1542.39 1926.22
30.5537 390.412 758.509 1153.99 1546.36 1931.17
30.6313 391.404 760.509 1156.99 1550.29 1936.17
30.6313 392.414 762.509 1159.99 1554.29 1941.17
30.6313 393.428 764.479 1162.99 1558.29 1946.18
30.7094 394.428 766.429 1165.99 1562.26 1951.18
30.7094 395.428 768.402 1168.99 1566.26 1956.21
30.7872 396.428 770.402 1171.99 1570.23 1961.16
30.7872 397.428 772.376 1174.99 1574.23 1966.19
30.7872 398.437 774.376 1177.99 1578.23 1971.18
30.8648 399.437 776.328 1180.99 1582.23 1976.15
30.9418 400.433 778.328 1183.99 1586.23 1981.08
31.0192 401.433 780.328 1186.96 1590.23 1986.04
31.0192  402.45 782.305 1189.96 1594.23 1991.04
31.0192  403.45 784.279 1192.97 1598.23 1996.06
31.0956 404.443 786.209 1195.97 1602.23 2001.06
31.0956 405.443 788.179 1198.97 1606.24 2006.07
31.0956 406.457  790.15 1201.97 1610.24 2011.09
31.0956 407.457 792.124 1204.97 1614.24 2016.11
31.0956 408.457 794.094 1207.97 1618.26 2021.13
31.1721 409.457 796.047 1210.94 1622.26 2026.13
31.1721 410.457 798.047 1213.93 1626.26 2031.13
31.1721 411.457 800.017 1216.93 1630.28 2036.15
 31.248 412.457 801.967 1219.93 1634.25 2041.15
 31.248 413.457 803.941 1222.93 1638.27 2046.15
31.3233 414.453 805.941 1225.93 1642.27 2051.07
31.3989 415.453 807.941 1228.89 1646.24 2056.07
31.4742 416.448 809.941 1231.89 1650.24    2061
31.5493 417.442 811.873 1234.89 1654.24    2066
31.5493 418.452 813.873 1237.88 1658.24    2071
31.5493 419.465 815.844 1240.88 1662.24 2076.02
31.6242 420.461 817.844 1243.88 1666.24 2080.95
31.6994 421.461 819.844 1246.84 1670.21 2085.95
 31.774 422.453 821.844 1249.77 1674.21 2090.95
31.8487 423.445 823.844 1252.77 1678.14 2095.95
31.9239 424.445 825.844 1255.73  1682.1 2100.95
31.9994 425.445 827.798  1258.7  1686.1 2105.95
31.9994 426.445 829.773 1261.71 1690.13 2110.95
32.0747 427.445 831.724 1264.71  1694.1 2115.95
32.0747 428.445 833.698 1267.71 1698.12 2120.95
32.1496 429.445 835.698 1270.71 1702.09 2125.91
32.2248 430.445 837.652 1273.68 1706.09 2130.91
32.2997 431.445 839.652 1276.68 1710.06 2135.86
32.2997 432.445 841.627 1279.68 1714.08 2140.86
32.2997 433.445 843.602 1282.69 1718.08 2145.88
32.3744 434.445 845.602 1285.65 1722.08 2150.84
32.4484 435.437 847.602 1288.65 1726.02 2155.84
32.4484 436.446 849.602 1291.65 1730.01 2160.84
32.5221 437.438 851.602 1294.65 1733.95 2165.84
32.5221 438.447 853.602 1297.65 1737.95 2170.83
32.5221 439.447 855.577 1300.65 1741.97 2175.83
32.5221 440.447 857.577 1303.65 1745.97 2180.84
32.5221  441.46 859.549 1306.65 1749.97 2185.85
32.5958  442.46 861.549 1309.61 1753.94 2190.85
32.5958 443.473 863.521 1312.61 1757.94 2195.87
32.5958 444.473 865.493 1315.61 1761.95 2200.88
32.6693 445.473 867.493 1318.61 1765.92 2205.84
32.6693 446.485 869.465 1321.61 1769.92 2210.85
32.7418 447.477 871.465 1324.54 1773.92 2215.85
32.8147 448.473 873.465 1327.54 1777.92 2220.78
32.8147 449.473 875.437 1330.54 1781.94  2225.8
32.8147 450.486  877.41 1333.54 1785.94 2230.81
32.8869 451.478  879.41 1336.48 1789.94 2235.81
32.8869  452.49 881.382 1339.48 1793.95 2240.81
32.9599  453.49 883.338 1342.45 1797.95 2245.81
33.0321 454.483 885.272 1345.45 1801.95 2250.81
33.0321 455.483 887.244 1348.45 1805.96 2255.83
33.1041 456.476 889.244 1351.45  1809.9 2260.83
33.1041 457.486 891.244 1354.44  1813.9 2265.83
33.1041 458.495 893.244 1357.43  1817.9 2270.83
33.1041 459.495  895.22 1360.43  1821.9 2275.85
33.1756 460.489 897.155 1363.43  1825.9 2280.85
33.2472 461.482  899.09 1366.43  1829.9 2285.85
33.3194 462.482 901.043 1369.43 1833.87 2290.85
33.3917 463.482 902.999  1372.4 1837.87 2295.85
33.3917  464.49 904.999  1375.4 1841.87 2300.84
33.3917  465.49 906.971  1378.4 1845.89 2305.86
33.4635  466.49 908.971  1381.4 1849.86 2310.82
33.5353  467.49 910.971  1384.4 1853.83 2315.78
33.6065 468.483 912.971  1387.4 1857.76 2320.78
33.6777 469.475 914.971 1390.34 1861.76 2325.78
33.7489 470.468 916.907 1393.34 1865.76 2330.78
33.8201  471.46 918.907 1396.34  1869.7 2335.78
33.8201 472.473  920.88 1399.34 1873.71 2340.78
33.8201 473.482  922.88 1402.33 1877.71 2345.78
33.8911 474.475 924.816 1405.33 1881.71 2350.78
 33.962 475.468 926.816 1408.33 1885.65 2355.78
34.0336 476.468 928.769 1411.33 1889.62 2360.78
34.0336 477.476 930.769 1414.33 1893.62 2365.77
34.0336 478.488 932.742 1417.33 1897.64 2370.77
34.1049 479.488 934.699 1420.33 1901.64 2375.74
34.1049 480.488 936.674 1423.33 1905.64 2380.77
34.1754 481.481 938.611 1426.33 1909.64 2385.77
34.1754  482.49 940.611 1429.32 1913.64 2390.77
34.2464  483.49 942.611 1432.29 1917.64 2395.73
34.3166 484.482 944.611 1435.23 1921.64 2400.73
34.3166  485.49 946.611 1438.23 1925.64 2405.72
34.3166 486.502 948.584 1441.23 1929.64 2410.74
34.3872 487.502 950.584 1444.19  1933.6 2415.74
34.3872 488.514 952.557 1447.19 1937.62 2420.74
 34.457 489.506 954.557 1450.13 1941.62 2425.74
34.5274 490.506 956.557 1453.13 1945.59  2430.7
34.5274 491.506 958.557 1456.12 1949.59  2435.7
34.5978 492.506 960.557 1459.08 1953.59 2440.66
34.5978 493.515 962.557 1462.07 1957.59 2445.66
34.6679 494.515 964.557 1465.04 1961.56 2450.66
34.7375 495.508 966.557 1468.04  1965.5 2455.66
34.7375 496.516 968.557 1471.04 1969.49 2460.66
34.7375 497.525 970.557 1474.03 1973.49 2465.66
34.8074 498.525 972.557 1477.03 1977.46 2470.62
34.8766 499.517 974.557 1479.97 1981.46 2475.62
34.8766 500.531 976.537 1482.97 1985.46 2480.62
34.8766 501.546 978.516 1485.98 1989.46 2485.62
34.8766 502.555 980.516 1488.97 1993.46 2490.62
34.9461 503.555 982.516 1491.97 1997.43 2495.58
34.9461 504.564 984.516 1494.96 2001.44 2500.58
35.0154 505.564 986.516 1497.92  2005.4 2505.58
35.0841 506.557 988.516 1500.92 2009.34 2510.58
35.0841 507.568 990.491 1503.92 2013.34  2515.6
35.0841 508.577 992.491 1506.91 2017.34  2520.6
35.0841 509.589 994.465 1509.91 2021.36  2525.6
35.1532 510.589 996.423 1512.88 2025.36  2530.6
35.1532 511.589 998.401 1515.89 2029.37  2535.6
35.2219 512.589  1000.4 1518.85 2033.34  2540.6
35.2219 513.598  1002.4 1521.84 2037.34  2545.6
35.2907 514.598 1004.36 1524.84 2041.32  2550.6
35.3595 515.598 1006.31 1527.84 2045.32 2555.57
35.3595 516.598 1008.31 1530.83 2049.32 2560.57
35.3595  517.61 1010.29 1533.83 2053.34 2565.57
35.4272 518.602 1012.29 1536.77 2057.34 2570.57
35.4272  519.61 1014.29 1539.77 2061.34 2575.57
35.4272 520.621 1016.26 1542.77 2065.34 2580.58
35.4955 521.621 1018.22 1545.77 2069.34 2585.55
35.5631 522.615 1020.16 1548.77 2073.34 2590.55
35.6307 523.608 1022.16 1551.77 2077.27 2595.55
35.6988 524.608 1024.16 1554.73 2081.24 2600.55
35.6988 525.608 1026.16 1557.73 2085.25 2605.56
35.7662 526.601 1028.16 1560.73 2089.19 2610.56
35.8336 527.594 1030.16 1563.73 2093.13 2615.56
35.8336 528.594 1032.14 1566.73 2097.15 2620.56
35.9011 529.589 1034.14 1569.73 2101.15  2625.5
35.9011 530.589 1036.14 1572.72 2105.15  2630.5
35.9685 531.585 1038.14 1575.72 2109.15 2635.44
36.0357 532.578 1040.08 1578.72 2113.15 2640.44
36.1036 533.578 1042.04 1581.69 2117.15 2645.44
36.1707  534.57 1044.04 1584.63 2121.15 2650.44
36.2384  535.57 1046.04 1587.63 2125.12  2655.4
36.3056 536.564 1047.98 1590.63 2129.12  2660.4
36.3056 537.572 1049.98 1593.62 2133.12  2665.4
36.3056 538.581 1051.98 1596.61 2137.12  2670.4
36.3056 539.592 1053.95 1599.61 2141.12 2675.41
 36.373 540.592 1055.95 1602.61 2145.09 2680.37
36.4403 541.592 1057.95 1605.61 2149.06 2685.34
36.4403 542.599 1059.95 1608.61 2153.06 2690.33
36.4403 543.599 1061.93 1611.62 2157.08 2695.33
36.4403  544.61 1063.91 1614.62 2161.08 2700.34
36.5073  545.61 1065.86 1617.62 2165.06 2705.34
 36.574 546.606 1067.86 1620.62 2169.06 2710.28
36.6409 547.606 1069.86 1623.62 2173.03 2715.24
36.6409 548.615 1071.86 1626.61 2177.03 2720.24
36.6409 549.628 1073.84 1629.61 2181.03 2725.24
36.6409 550.628 1075.82 1632.61 2185.03 2730.26
36.6409 551.642  1077.8 1635.62 2189.03 2735.26
36.7074 552.642  1079.8 1638.62    2193 2740.23
36.7074 553.653 1081.78 1641.62    2197 2745.24
36.7074 554.664 1083.75 1644.62    2201 2750.25
36.7074 555.678 1085.74 1647.63    2205 2755.25
36.7074 556.689 1087.71 1650.63    2209 2760.27
36.7074 557.696 1089.71 1653.63    2213 2765.26
36.7074 558.696 1091.69 1656.63    2217 2770.28
36.7074 559.704 1093.69 1659.63    2221 2775.28
36.7727   560.7 1095.69 1662.63    2225 2780.22
36.8384   561.7 1097.69 1665.63 2228.97 2785.18
36.8384 562.711 1099.66 1668.63 2232.97 2790.19
36.9039 563.711 1101.66 1671.63 2236.94 2795.15
36.9039 564.719 1103.66 1674.62 2240.94 2800.15
36.9687 565.712 1105.66 1677.56 2244.94 2805.15
36.9687 566.719 1107.66 1680.56 2248.94 2810.15
36.9687 567.719 1109.66 1683.55 2252.94 2815.15
36.9687 568.719 1111.64 1686.56 2256.96 2820.15
37.0337 569.719 1113.64 1689.52 2260.93 2825.15
37.0989 570.719  1115.6  1692.5 2264.93 2830.15
37.0989 571.719 1117.58  1695.5 2268.94 2835.17
37.0989 572.719 1119.58 1698.49 2272.95 2840.17
37.1633 573.712 1121.58 1701.49 2276.89 2845.17
37.1633 574.712 1123.56 1704.49 2280.89 2850.19
37.2275 575.705 1125.56 1707.43 2284.89 2855.19
37.2917 576.698  1127.5 1710.43 2288.89 2860.19
37.3559 577.692 1129.44 1713.43 2292.89 2865.19
37.4208 578.692  1131.4 1716.43 2296.89 2870.16
37.4856 579.692 1133.37 1719.43 2300.89 2875.14
37.5504 580.692 1135.37  1722.4 2304.89  2880.1
37.6146 581.685 1137.31  1725.4 2308.89  2885.1
 37.679 582.681 1139.31  1728.4 2312.89 2890.04
37.7438 583.681 1141.27  1731.4 2316.86 2895.04
 37.808 584.674 1143.27  1734.4 2320.81 2900.04
37.8727 585.674 1145.27  1737.4 2324.78 2905.01
 37.937 586.668 1147.21  1740.4 2328.78 2910.01
 37.937 587.668 1149.18  1743.4 2332.79 2915.02
 37.937 588.675 1151.18  1746.4 2336.79 2920.01
 37.937 589.688 1153.17 1749.41 2340.79 2925.01
 38.001 590.684 1155.17 1752.41 2344.79 2929.95
 38.001 591.684 1157.14 1755.41  2348.8 2934.97
38.0648 592.676 1159.14 1758.35  2352.8 2939.97
38.0648 593.684 1161.14 1761.34  2356.8 2944.97
 38.129 594.684  1163.1 1764.34 2360.78 2949.97
 38.129 595.691  1165.1 1767.34 2364.77 2954.96
 38.129 596.691  1167.1 1770.34 2368.78 2959.96
 38.193 597.691  1169.1 1773.31 2372.78 2964.93
38.2564 598.684  1171.1 1776.31 2376.72 2969.93
38.2564 599.691  1173.1 1779.31 2380.72 2974.93
38.2564 600.691 1175.08 1782.31 2384.73 2979.94
38.2564 601.698 1177.08 1785.31 2388.73 2984.93
38.2564 602.698 1179.08  1788.3 2392.73 2989.94
38.3194 603.691 1181.08 1791.24 2396.73 2994.94
38.3194 604.699 1183.08 1794.23 2400.73 2999.94
38.3194 605.706 1185.08 1797.22 2404.74 3004.94
38.3194 606.714 1187.08 1800.21 2408.74 3009.94
38.3827 607.714 1189.08 1803.18 2412.74  3014.9
38.3827 608.714 1191.08 1806.18 2416.74 3019.91
38.4458 609.714 1193.04 1809.18 2420.72 3024.91
38.5091 610.714    1195 1812.18 2424.72 3029.88
38.5723 611.714 1196.96 1815.15 2428.72 3034.88
38.5723 612.727 1198.94 1818.16 2432.72 3039.88
38.6348 613.721 1200.89 1821.16 2436.72 3044.88
38.6348 614.731 1202.86 1824.16 2440.72  3049.9
38.6348 615.739 1204.86 1827.15 2444.72  3054.9
38.6348 616.739 1206.84 1830.15 2448.74  3059.9
38.6348 617.747 1208.84 1833.14 2452.74  3064.9
38.6348 618.754 1210.84 1836.14 2456.73 3069.89
38.6348 619.754 1212.82 1839.14 2460.73 3074.91
38.6969  620.75 1214.82 1842.14 2464.73 3079.85
38.7588 621.742 1216.82 1845.09 2468.73 3084.85
38.7588 622.755 1218.81 1848.09 2472.73 3089.85
 38.821 623.755 1220.81 1851.06  2476.7 3094.85
 38.821 624.765 1222.78 1854.06 2480.72 3099.85
 38.821 625.778 1224.77 1857.07 2484.72 3104.85
38.8827 626.772 1226.71 1860.07 2488.72 3109.85
38.9448 627.772 1228.71 1863.04 2492.72 3114.82
39.0069 628.772 1230.67 1866.04 2496.69 3119.82
39.0691 629.772 1232.63 1869.04 2500.69 3124.79
39.1307 630.765 1234.58 1872.04 2504.69 3129.79
39.1929 631.765 1236.54 1875.04 2508.69 3134.77
39.2552 632.765  1238.5 1878.04 2512.69 3139.74
39.3172 633.765  1240.5 1881.04 2516.67 3144.71
39.3172 634.765  1242.5 1884.03 2520.67 3149.71
39.3172 635.778 1244.49 1887.04 2524.67 3154.71
39.3786  636.77 1246.49 1889.98 2528.67 3159.71
  39.44 637.763 1248.49 1892.93 2532.67 3164.71
39.5018 638.763 1250.49  1895.9 2536.64 3169.71
39.5637 639.763 1252.49 1898.87 2540.64 3174.68
39.6253 640.759 1254.49 1901.87 2544.64 3179.62
39.6253 641.772 1256.47 1904.87 2548.64 3184.62
39.6253 642.782 1258.45 1907.87 2552.64 3189.63
39.6253 643.794 1260.43 1910.88 2556.64 3194.63
 39.687 644.794 1262.39 1913.85 2560.64 3199.63
 39.687 645.794 1264.37 1916.85 2564.64 3204.65
 39.687 646.794 1266.35 1919.85 2568.65 3209.66
 39.748 647.788 1268.35 1922.85  2572.6 3214.66
39.8094 648.788 1270.35 1925.83  2576.6 3219.63
39.8704 649.781 1272.29 1928.83  2580.6 3224.63
39.8704 650.794 1274.28 1931.83  2584.6 3229.63
39.9317 651.794 1276.28  1934.8  2588.6  3234.6
39.9931 652.794 1278.24  1937.8  2592.6 3239.57
39.9931 653.794 1280.24 1940.79  2596.6 3244.58
39.9931 654.801 1282.24 1943.79  2600.6 3249.58
40.0542 655.801 1284.24 1946.76  2604.6 3254.54
40.0542 656.801 1286.22 1949.76 2608.61 3259.56
40.0542 657.813  1288.2 1952.76 2612.61 3264.56
40.1153 658.813 1290.16 1955.74 2616.61 3269.56
40.1153 659.823 1292.14 1958.74 2620.61 3274.57
40.1761 660.823 1294.14 1961.71 2624.59 3279.57
40.2369 661.823 1296.14 1964.67 2628.56 3284.57
40.2976 662.823 1298.14 1967.64 2632.53 3289.57
40.3586 663.823  1300.1 1970.62 2636.53 3294.57
40.3586 664.831  1302.1 1973.61 2640.53 3299.57
40.4189 665.825  1304.1 1976.61 2644.47 3304.57
40.4796 666.825  1306.1 1979.61 2648.45 3309.54
  40.54 667.818 1308.05 1982.61 2652.45 3314.54
  40.54 668.826 1310.05  1985.6 2656.45 3319.54
40.6006 669.826 1312.05  1988.6 2660.42  3324.5
40.6612 670.826 1314.05 1991.57 2664.39  3329.5
40.6612 671.826 1316.05 1994.56  2668.4  3334.5
40.7219 672.826 1318.01 1997.56  2672.4 3339.48
 40.782 673.819 1319.96 2000.56  2676.4 3344.48
 40.782 674.827 1321.96 2003.55  2680.4 3349.48
40.8424 675.827 1323.96 2006.52 2684.37 3354.48
40.9025  676.82 1325.91 2009.52 2688.37 3359.48
40.9025 677.827 1327.91 2012.52 2692.37 3364.48
40.9624  678.82 1329.91 2015.52 2696.31 3369.48
41.0228  679.82 1331.91 2018.49 2700.31 3374.44
41.0827 680.813 1333.91 2021.44 2704.31 3379.44
41.0827 681.825 1335.89 2024.45 2708.31 3384.44
41.0827 682.825 1337.87 2027.45 2712.31 3389.46
41.0827 683.837 1339.85 2030.45 2716.31 3394.46
41.0827 684.845 1341.85 2033.44 2720.32 3399.46
41.0827 685.845 1343.85 2036.44 2724.32 3404.46
41.1422 686.838 1345.85 2039.44 2728.27 3409.46
41.1422 687.838 1347.83 2042.44 2732.28 3414.48
41.2017 688.832 1349.83 2045.44 2736.22 3419.48
41.2017 689.844 1351.81 2048.44 2740.22 3424.48
41.2615 690.844 1353.78 2051.44  2744.2 3429.48
41.2615 691.844 1355.76 2054.44  2748.2 3434.49
41.3212 692.844 1357.72 2057.44 2752.18 3439.49
 41.381 693.844 1359.68 2060.42 2756.18 3444.49
 41.381 694.851 1361.68 2063.41 2760.18  3449.5
 41.381 695.851 1363.66 2066.41 2764.19 3454.51
41.4406 696.851 1365.63 2069.39 2768.19 3459.51
41.5001 697.851 1367.63 2072.39 2772.16 3464.47
41.5591 698.844 1369.63 2075.33 2776.16 3469.47
41.6187 699.844 1371.59 2078.31 2780.16 3474.47
41.6782 700.844 1373.59 2081.31 2784.14 3479.44
41.7378 701.844 1375.55 2084.31 2788.14 3484.42
41.7378 702.851 1377.55  2087.3 2792.14 3489.42
41.7972 703.851 1379.55 2090.27 2796.11 3494.42
41.8566 704.851 1381.52 2093.27 2800.09 3499.42
41.9162 705.851 1383.48 2096.27 2804.09 3504.39
41.9757 706.851 1385.44 2099.25 2808.09 3509.39
41.9757 707.863 1387.43 2102.25 2812.09 3514.39
41.9757 708.863 1389.43 2105.25 2816.09  3519.4
41.9757  709.87 1391.43 2108.24 2820.09  3524.4
41.9757  710.87 1393.41 2111.24  2824.1 3529.41
42.0347  711.87 1395.41 2114.21 2828.07 3534.41
42.0347  712.88 1397.39 2117.21 2832.07 3539.42
42.0933 713.873 1399.33 2120.21 2836.07 3544.42
42.0933 714.873 1401.33  2123.2 2840.08 3549.42
42.0933 715.873 1403.31  2126.2 2844.09 3554.42
42.1522 716.873 1405.28 2129.18 2848.09 3559.42
42.2111 717.873 1407.24 2132.18 2852.07 3564.42
42.2697 718.869 1409.24 2135.18 2856.07 3569.37
42.2697 719.869 1411.24 2138.17 2860.07 3574.37
42.2697 720.879 1413.22 2141.17 2864.07 3579.38
42.2697 721.888  1415.2 2144.17 2868.07  3584.4
42.2697 722.895  1417.2 2147.16 2872.07  3589.4
42.3279 723.891  1419.2 2150.16 2876.07 3594.34
42.3279 724.899  1421.2 2153.15 2880.07 3599.34
42.3859 725.892 1423.15 2156.15 2884.07 3604.34
42.3859 726.902 1425.13 2159.15 2888.09 3609.34
42.3859 727.902 1427.11 2162.15  2892.1 3614.36
42.3859 728.902 1429.08 2165.15 2896.11 3619.37
42.3859 729.908 1431.08 2168.15  2900.1 3624.36
42.4441 730.908 1433.05 2171.15 2904.08 3629.36
42.5022 731.908 1435.05 2174.13 2908.08 3634.33
42.5022 732.914 1437.05 2177.13 2912.08 3639.33
42.5022 733.926 1439.03 2180.13 2916.08 3644.33
42.5601 734.926 1441.03 2183.13 2920.05  3649.3
42.6181 735.926 1442.99 2186.13 2924.03  3654.3
42.6181 736.926 1444.97 2189.13 2928.04 3659.31
42.6181 737.935 1446.95 2192.13 2932.05 3664.31
42.6759 738.935 1448.95  2195.1 2936.03 3669.31
42.6759 739.935 1450.95  2198.1 2940.03 3674.31
42.6759 740.935 1452.93  2201.1 2944.05 3679.31
42.7332 741.931 1454.93  2204.1 2948.05 3684.26
42.7332 742.941 1456.91  2207.1 2952.06 3689.26
42.7332 743.941  1458.9  2210.1 2956.06 3694.27
42.7908 744.941 1460.86  2213.1 2960.04 3699.27
42.8482 745.941 1462.86  2216.1 2964.01 3704.24
42.8482 746.941 1464.84  2219.1 2968.03 3709.24
42.9054 747.937 1466.84  2222.1 2972.03 3714.19
42.9054 748.944 1468.84 2225.09 2976.03 3719.19
42.9054  749.95 1470.84 2228.09 2980.02 3724.19
42.9623 750.946 1472.84 2231.09 2984.02 3729.13
42.9623 751.956 1474.82 2234.09 2988.02 3734.14
43.0191 752.949 1476.77 2237.09 2992.02 3739.14
43.0763 753.949 1478.73 2240.09    2996 3744.14
43.0763 754.956 1480.73 2243.09    3000 3749.15
43.0763 755.956 1482.72 2246.09 3004.02 3754.15
43.0763 756.966  1484.7 2249.09 3008.03 3759.15
43.1334 757.966 1486.66 2252.07 3012.03 3764.15
43.1334 758.966 1488.64 2255.07 3016.04 3769.15
43.1902 759.966 1490.64 2258.04 3020.04 3774.12
43.1902 760.966 1492.62 2261.04 3024.04 3779.13
43.1902 761.977 1494.61 2264.05 3028.04 3784.13
43.2469 762.977 1496.61 2267.02 3032.02 3789.13
43.3037 763.977 1498.57 2270.02 3036.02 3794.11
43.3037 764.984 1500.57 2273.01 3040.02 3799.11
43.3037 765.995 1502.56 2276.02 3044.02 3804.11
43.3602 766.995 1504.56 2278.99 3047.99 3809.11
43.4169 767.995 1506.52 2281.96 3051.99 3814.11
43.4169 768.995 1508.51 2284.97 3056.01 3819.11
43.4169 770.005 1510.49 2287.97 3060.01 3824.12
43.4734 771.005 1512.45 2290.94 3064.01 3829.12
43.5298 772.005 1514.45 2293.94 3067.98 3834.09
43.5298 773.014 1516.43 2296.94 3071.99 3839.09
43.5298  774.02 1518.43 2299.94 3075.99 3844.09
43.5861  775.02 1520.43 2302.94 3079.97 3849.05
43.6423  776.02 1522.43 2305.91 3083.94 3854.05
43.6423  777.02 1524.41 2308.92 3087.94 3859.07
43.6423  778.02 1526.39 2311.92 3091.94 3864.09
43.6423 779.027 1528.39 2314.91 3095.94 3869.09
43.6423 780.034 1530.39  2317.9 3099.94 3874.09
 43.698  781.03 1532.39  2320.9 3103.94 3879.04
43.7538 782.026 1534.39  2323.9 3107.94 3883.98
43.8094  783.02 1536.39  2326.9 3111.89 3888.98
43.8094 784.029 1538.37  2329.9 3115.89    3894
43.8094 785.036 1540.37 2332.89 3119.89    3899
43.8094 786.045 1542.35 2335.89 3123.89 3904.01
43.8652 787.045 1544.32 2338.87 3127.89 3909.01
 43.921 788.045 1546.32 2341.85 3131.89 3913.98
43.9768 789.045 1548.32 2344.82 3135.89 3918.95
43.9768 790.052 1550.32 2347.81 3139.89 3923.95
44.0322 791.048 1552.32 2350.81 3143.89  3928.9
 44.088 792.048 1554.29 2353.79 3147.89  3933.9
 44.088 793.055 1556.29 2356.78 3151.89  3938.9
 44.088 794.062 1558.29 2359.77 3155.89  3943.9
 44.088 795.068 1560.29 2362.77 3159.89  3948.9
 44.088 796.074 1562.29 2365.77 3163.89 3953.89
 44.088  797.08 1564.29 2368.77 3167.89 3958.89
44.1434  798.08 1566.25 2371.77 3171.87 3963.89
44.1434 799.089 1568.23 2374.77 3175.88 3968.89
44.1983 800.084 1570.23 2377.77 3179.83 3973.89
44.1983 801.084 1572.21 2380.77 3183.84  3978.9
44.2535 802.084 1574.21 2383.74 3187.81  3983.9
44.2535 803.084 1576.21 2386.73 3191.82  3988.9
44.3086 804.084 1578.21  2389.7 3195.82 3993.87
44.3086 805.093 1580.19  2392.7 3199.83 3998.87
44.3086 806.093 1582.18 2395.71 3203.84 4003.87
44.3086 807.093 1584.16 2398.71 3207.85 4008.89
44.3636 808.093 1586.16 2401.68 3211.85 4013.86
44.4181 809.087 1588.16 2404.68  3215.8 4018.86
44.4181 810.096 1590.14 2407.68  3219.8 4023.87
44.4728 811.092 1592.14 2410.68  3223.8 4028.82
44.4728 812.099 1594.14 2413.67  3227.8 4033.82
44.4728 813.104 1596.14 2416.67  3231.8 4038.81
44.5271 814.099 1598.14 2419.67 3235.75 4043.81
44.5815 815.092 1600.14 2422.62 3239.75 4048.81
44.6362 816.092 1602.14 2425.62 3243.73 4053.78
44.6909 817.092 1604.14 2428.62 3247.71 4058.75
44.7457 818.092  1606.1 2431.62 3251.69 4063.75
44.7457 819.098  1608.1 2434.62 3255.68 4068.75
44.7457 820.107 1610.08 2437.62 3259.69 4073.75
44.7999 821.101 1612.08 2440.62 3263.65 4078.75
44.8546 822.101 1614.05 2443.62 3267.65 4083.72
44.9092 823.101 1616.05 2446.62 3271.62 4088.69
44.9092 824.107 1618.05 2449.62 3275.62 4093.69
44.9092 825.116 1620.03 2452.62 3279.62  4098.7
44.9092 826.116 1622.01 2455.62 3283.62 4103.72
44.9636 827.116 1623.98  2458.6 3287.62 4108.72
45.0181 828.116 1625.95 2461.58 3291.62 4113.72
45.0721  829.11 1627.95 2464.58 3295.57 4118.72
45.0721  830.11 1629.93 2467.58 3299.59 4123.72
45.1265  831.11  1631.9 2470.58 3303.57 4128.72
45.1809  832.11 1633.86 2473.58 3307.55 4133.72
45.2352  833.11 1635.86 2476.55 3311.55 4138.69
45.2352 834.119 1637.84 2479.55 3315.55  4143.7
45.2352  835.13 1639.83 2482.56 3319.55  4148.7
45.2895  836.13 1641.79 2485.54 3323.55  4153.7
45.3433 837.123 1643.79 2488.49 3327.55  4158.7
45.3433 838.132 1645.78 2491.49 3331.56  4163.7
45.3974 839.132 1647.74 2494.49 3335.54  4168.7
45.4516 840.132 1649.71 2497.49 3339.52  4173.7
45.4516 841.139 1651.71 2500.48 3343.52  4178.7
45.5057 842.139 1653.67 2503.48  3347.5  4183.7
45.5594 843.133 1655.63 2506.48  3351.5  4188.7
45.5594 844.133 1657.61 2509.48 3355.51  4193.7
45.5594 845.133 1659.59 2512.48 3359.52 4198.71
45.5594 846.133 1661.57 2515.48 3363.52 4203.73
45.6133 847.133 1663.57 2518.46  3367.5 4208.73
45.6133 848.133 1665.56 2521.46 3371.51 4213.73
45.6133 849.138 1667.56 2524.46 3375.51 4218.73
45.6133 850.147 1669.54 2527.46 3379.52 4223.73
45.6666 851.141 1671.54 2530.46 3383.47 4228.73
45.7199 852.136 1673.54 2533.46 3387.42 4233.73
45.7199 853.142 1675.54 2536.45 3391.43 4238.73
45.7199 854.149 1677.54 2539.44 3395.43 4243.73
45.7199 855.149 1679.52 2542.44 3399.43 4248.74
45.7199 856.149  1681.5 2545.45 3403.43 4253.76
45.7199 857.149 1683.48 2548.45 3407.44 4258.77
45.7734 858.149 1685.45 2551.45 3411.44 4263.75
45.7734 859.149 1687.43 2554.45 3415.44 4268.76
45.8264 860.143 1689.38 2557.45 3419.44 4273.76
45.8264 861.143 1691.38 2560.44 3423.45 4278.76
45.8264 862.143 1693.37 2563.44 3427.45 4283.78
45.8796 863.143 1695.37 2566.42 3431.45 4288.75
45.9324 864.137 1697.32 2569.42 3435.45 4293.75
45.9856 865.137 1699.32 2572.39 3439.45 4298.72
45.9856 866.146  1701.3 2575.39 3443.46 4303.72
45.9856 867.146 1703.28 2578.39 3447.46 4308.73
46.0383  868.14 1705.28 2581.39 3451.41 4313.73
46.0914  869.14 1707.25 2584.39 3455.41 4318.71
46.1442 870.134 1709.25 2587.39 3459.36 4323.71
46.1972 871.134 1711.25 2590.37 3463.36 4328.68
46.1972 872.141 1713.25 2593.36 3467.36 4333.68
46.2503 873.141 1715.22 2596.34 3471.36 4338.68
46.2503 874.147 1717.22 2599.33 3475.37 4343.68
46.2503 875.147  1719.2 2602.33 3479.38 4348.68
46.3033 876.147 1721.17 2605.33 3483.38 4353.66
46.3033 877.147 1723.17 2608.33 3487.38 4358.67
46.3561 878.147 1725.14 2611.33 3491.38 4363.65
46.3561 879.147 1727.14 2614.32 3495.39 4368.65
46.3561 880.154 1729.14 2617.32 3499.39 4373.65
46.3561 881.154 1731.14 2620.31 3503.39 4378.65
46.3561 882.154 1733.12 2623.31  3507.4 4383.65
46.4084 883.148 1735.12 2626.31 3511.36 4388.65
46.4084 884.148 1737.11 2629.31 3515.37 4393.65
46.4606 885.142 1739.11 2632.31 3519.32 4398.65
46.5132 886.142 1741.08 2635.31 3523.32 4403.63
46.5654 887.137 1743.03 2638.31 3527.32 4408.63
46.5654 888.143 1745.03 2641.31 3531.32 4413.63
46.6179 889.143    1747 2644.31  3535.3 4418.63
46.6179 890.151 1748.98 2647.31 3539.31 4423.63
  46.67 891.148 1750.98 2650.31 3543.31 4428.58
  46.67 892.148 1752.96 2653.31 3547.33 4433.58
  46.67 893.154 1754.96  2656.3 3551.33 4438.58
  46.67 894.154 1756.94  2659.3 3555.34 4443.58
46.7222 895.154 1758.94  2662.3 3559.32 4448.56
46.7741 896.148  1760.9  2665.3 3563.32 4453.56
46.8264 897.148 1762.87  2668.3 3567.32 4458.53
46.8264 898.154 1764.87  2671.3 3571.32 4463.53
46.8264  899.16 1766.87  2674.3 3575.32 4468.53
46.8783 900.156 1768.87  2677.3 3579.32 4473.48
46.8783 901.163 1770.87 2680.29 3583.32 4478.48
46.8783 902.171 1772.85 2683.29 3587.33 4483.48
46.8783 903.171 1774.83 2686.29 3591.34 4488.49
46.8783 904.171 1776.81 2689.29 3595.35 4493.49
46.8783 905.177 1778.81 2692.29 3599.35 4498.49
46.8783 906.183 1780.81 2695.29 3603.35 4503.49
46.8783 907.183  1782.8 2698.29 3607.35  4508.5
46.8783 908.191 1784.78 2701.29 3611.36  4513.5
  46.93 909.191 1786.75 2704.29 3615.34  4518.5
46.9816 910.191 1788.75 2707.29 3619.32 4523.48
46.9816 911.191 1790.73 2710.29 3623.32 4528.49
47.0332 912.191 1792.73 2713.26 3627.29 4533.49
47.0332 913.197 1794.73 2716.25  3631.3 4538.49
47.0847 914.197 1796.73 2719.25 3635.27 4543.46
47.1359 915.192 1798.68 2722.25 3639.27 4548.46
47.1359 916.192 1800.67 2725.26 3643.29 4553.46
47.1359 917.198 1802.67 2728.25 3647.29 4558.46
47.1359 918.198 1804.65 2731.25  3651.3 4563.47
47.1359 919.208 1806.63 2734.25  3655.3 4568.47
47.1873 920.208  1808.6 2737.23  3659.3 4573.47
47.1873 921.216 1810.58 2740.23 3663.31 4578.47
47.1873 922.226 1812.57 2743.24 3667.31 4583.47
47.2385 923.226 1814.57 2746.21 3671.31 4588.44
47.2897 924.226 1816.54 2749.19 3675.31 4593.44
47.3406  925.22 1818.54 2752.15 3679.31 4598.44
47.3406  926.22 1820.52 2755.15 3683.32 4603.44
47.3914 927.214 1822.52 2758.15 3687.27 4608.44
47.4422 928.209 1824.52 2761.15 3691.23 4613.44
47.4422 929.209 1826.51 2764.15 3695.23 4618.46
47.4422 930.217 1828.49 2767.15 3699.24 4623.46
47.4929 931.212 1830.44 2770.15 3703.24 4628.46
47.4929  932.22 1832.42 2773.15 3707.24 4633.47
47.5436 933.213 1834.42 2776.11 3711.24 4638.47
47.5946 934.213 1836.39 2779.09 3715.24 4643.47
47.6453 935.208 1838.35 2782.09 3719.24 4648.47
47.6959 936.202  1840.3 2785.09 3723.24 4653.47
47.6959 937.208  1842.3 2788.09 3727.24 4658.47
47.6959 938.208 1844.28 2791.09 3731.25 4663.48
47.7466 939.204 1846.28 2794.09 3735.25 4668.43
47.7975 940.204 1848.25 2797.09 3739.25 4673.41
47.8484 941.204 1850.25 2800.09 3743.22 4678.38
47.8484 942.212 1852.24 2803.09 3747.23 4683.38
47.8484 943.212 1854.22 2806.09 3751.24 4688.39
47.8991 944.212 1856.22 2809.06 3755.22 4693.39
47.8991 945.218 1858.22 2812.06 3759.21 4698.39
47.9495 946.212 1860.22 2815.06 3763.17 4703.39
47.9495 947.212  1862.2 2818.07 3767.18 4708.39
47.9495 948.212  1864.2 2821.06 3771.19 4713.39
47.9997 949.206  1866.2 2824.06 3775.14 4718.39
48.0504 950.206 1868.17 2827.04 3779.14 4723.39
48.1008 951.203 1870.17 2830.04 3783.14 4728.34
48.1008 952.208 1872.17 2833.04 3787.14 4733.34
48.1008 953.216 1874.15 2836.04 3791.15 4738.34
48.1008 954.226 1876.14 2839.05 3795.15 4743.34
48.1512 955.226 1878.14 2842.02 3799.12 4748.34
48.1512 956.234 1880.12 2845.02 3803.12 4753.35
48.1512 957.234  1882.1 2848.02 3807.12 4758.37
48.1512 958.234 1884.09 2851.02 3811.12 4763.38
48.2011 959.228 1886.09 2853.98 3815.12 4768.38
48.2011 960.228 1888.07 2856.98 3819.14 4773.38
48.2513 961.228 1890.07 2859.98 3823.12 4778.35
48.3015 962.228 1892.07 2862.96 3827.12 4783.33
48.3518 963.228 1894.04 2865.96 3831.12 4788.31
48.3518 964.234 1896.04 2868.95 3835.12 4793.31
48.3518 965.242 1898.02 2871.95 3839.12 4798.32
48.3518 966.242    1900 2874.95 3843.13 4803.33
48.4016 967.236 1901.96 2877.95 3847.13 4808.33
48.4517 968.236 1903.93 2880.95 3851.11 4813.33
48.4517 969.236 1905.93 2883.94 3855.11 4818.33
48.5017 970.236 1907.93 2886.92 3859.11  4823.3
48.5514  971.23 1909.93 2889.88 3863.11  4828.3
48.5514  972.23 1911.93 2892.87 3867.11 4833.31
48.5514  973.23 1913.91 2895.87 3871.12 4838.32
48.5514  974.23 1915.89 2898.87 3875.13 4843.32
48.5514  975.23 1917.88 2901.87 3879.14 4848.32
48.6008 976.223 1919.88 2904.83 3883.14 4853.32
48.6008 977.231 1921.86 2907.83 3887.15 4858.32
48.6503 978.226 1923.81 2910.83 3891.15 4863.32
   48.7 979.226 1925.81 2913.83 3895.13  4868.3
48.7498 980.226 1927.78 2916.83 3899.13 4873.28
48.7993 981.221 1929.78 2919.83 3903.09 4878.28
48.7993 982.221 1931.78 2922.83 3907.09 4883.28
48.7993 983.226 1933.78 2925.82 3911.09 4888.28
48.7993 984.226 1935.77 2928.82  3915.1 4893.28
48.8486  985.22 1937.77 2931.78  3919.1 4898.28
48.8486  986.22 1939.75 2934.78  3923.1  4903.3
48.8486 987.226 1941.75 2937.77  3927.1  4908.3
48.8979 988.222 1943.75 2940.77  3931.1 4913.25
48.9473 989.222 1945.75 2943.75 3935.08 4918.25
48.9473  990.23 1947.74 2946.75 3939.09 4923.25
48.9473  991.23 1949.74 2949.74 3943.09 4928.25
48.9473 992.238 1951.72 2952.74  3947.1 4933.25
48.9473 993.244 1953.72 2955.74  3951.1 4938.25
48.9473  994.25 1955.72 2958.73  3955.1 4943.26
48.9966  995.25 1957.69 2961.73 3959.08 4948.26
49.0459  996.25 1959.69 2964.71 3963.08 4953.23
49.0952  997.25 1961.66 2967.71 3967.08 4958.21
49.1445  998.25 1963.63 2970.69 3971.08 4963.21
49.1445 999.256 1965.63 2973.68 3975.08 4968.21
49.1445 1000.26 1967.63 2976.67 3979.08 4973.21
49.1445 1001.26 1969.61 2979.67 3983.09 4978.22
49.1445 1002.27 1971.59 2982.67  3987.1 4983.22
49.1445 1003.27 1973.59 2985.67  3991.1 4988.22
49.1932 1004.27 1975.59 2988.63  3995.1 4993.22