      1       2 4.33333 4.33333       5 4.33333
      1 3.41176 6.33333 7.39216 8.52941 9.33333
      1 4.41176 9.07993 10.5979 12.5294  13.381
      1 5.59858 11.5225 13.5979    15.9  18.381
      1 7.00246 13.5225 16.5979  19.887 22.9901
1.17437 8.00246 15.8805 19.5979 23.3547 27.9901
1.17437 9.10673 18.0719 22.3023 27.3547 32.9901
1.17437 10.1067 20.5352 25.3422 31.3547 37.4868
1.17437 11.1067 22.5352 28.5711 35.3496  42.263
1.17437 12.2336 24.8216 31.5711 38.9362  47.263
1.27881 13.3216 26.8216 34.3787 42.9362  52.263
1.38994 14.4792 28.8216 37.3787 46.6674  57.263
1.50107 15.6369 30.8216 40.3787 50.3987  62.263
1.50107 16.6369  33.131 43.4042 54.3987 66.9282
1.50107 17.6369 35.4083 46.3877 58.1379 71.9282
1.50107 18.7919 37.4083 49.4254 61.9451 76.9282
1.50107 19.9469 39.4083 52.4632 65.7524 81.9282
1.50107 20.9469 41.4083 55.6087 69.6947 86.8404
1.57725 21.9469 43.5099  58.431 73.6947 91.8404
1.65423  23.018 45.5099 61.2828 77.6947 96.8404
1.73591 24.1546 47.5099 64.2828 81.6947 101.622
1.73591 25.2697 49.7032 67.2828 85.6947 106.314
1.81512 26.2697 51.7032 70.3528 89.6947 111.164
1.81512 27.2697 53.9551 73.3528 93.6012 116.006
1.88909 28.3811 55.9551 76.3528 97.4158 121.006
1.95948 29.3811 58.0399 79.1976 101.416 126.006
1.95948 30.5083 60.0399 82.2361 105.416  130.84
1.95948  31.652 62.0399 85.2361 109.367 135.745
1.95948 32.7956 64.0399 88.2361 113.319  140.65
2.02738 33.7956 66.0399 91.2939 117.319 145.524
2.09446 34.9138 68.0399 94.2939 121.319 150.339
2.16154 36.0319 70.0399 97.2939 125.319 155.154
2.16154 37.0319 72.1938 100.286 129.173 160.154
2.22739 38.0319 74.1938 103.341 133.173 165.033
2.22739 39.0319 76.1938 106.429 137.153 169.965
2.22739 40.0319 78.3548 109.448 141.153 174.785
2.28766 41.0319 80.4751 112.448 144.972 179.785
2.34918 42.1354 82.4751 115.448 148.972  184.62
2.34918 43.2568 84.4751 118.448 152.937 189.534
2.34918 44.3652 86.4751 121.483 156.937  194.39
2.34918 45.4202 88.5313 124.372 160.937  199.39
2.34918 46.5188 90.5313  127.38  164.83  204.39
2.40484 47.6209 92.5313  130.38  168.83 209.232
2.45954 48.6209 94.6362  133.38 172.671 214.232
 2.5145 49.7074 96.6362  136.38 176.529 219.232
2.57008 50.8061 98.6362  139.38 180.529 224.078
2.57008 51.9025 100.636 142.388 184.425 229.078
2.57008 52.9989 102.636 145.396 188.321 234.078
2.62451 53.9989 104.636 148.396 192.309 239.036
2.67334 55.0035 106.583 151.396 196.309 244.036
2.67334 56.0035 108.706 154.412 200.309 248.897
2.67334 57.1008 110.706 157.437 204.309 253.774
2.72383 58.1008 112.797 160.437 208.168 258.774
2.77517 59.1008 114.797 163.462 212.092 263.774
2.77517 60.1008 116.915 166.477 216.092  268.64
2.77517 61.1797 119.013 169.477 220.092 273.462
2.77517 62.2586 121.112 172.477 224.092 278.285
2.77517 63.3612 123.112 175.477 228.061 283.213
2.82284 64.4494 125.112 178.477 232.061 288.077
2.87033 65.4494 127.217 181.477 236.061 292.925
 2.9164 66.4494 129.259  184.39 240.061 297.925
 2.9164 67.4494  131.39  187.39 244.018 302.836
2.96414 68.4494  133.39  190.39 248.013 307.794
3.01146 69.4494  135.39 193.429 252.013 312.707
3.05786 70.5196  137.39 196.429 255.896 317.707
3.05786 71.5196 139.487 199.427 259.802 322.707
3.05786 72.5196 141.595 202.441 263.802 327.585
3.10191 73.5196 143.635 205.357 267.802 332.585
3.14681 74.5196 145.714 208.357 271.678 337.585
3.19171 75.5196 147.793 211.357 275.554 342.585
3.23794 76.5196 149.793 214.357 279.545 347.547
3.28353 77.5196 151.793 217.376 283.482 352.547
3.28353 78.5196 153.886 220.373 287.391 357.547
3.32532 79.5191 155.844 223.373 291.391 362.547
3.32532 80.6032 157.844 226.373 295.364  367.49
3.36966 81.6032 159.844 229.391 299.301  372.49
3.36966 82.6864 161.844 232.391 303.274 377.434
3.41281 83.6864 163.917 235.391 307.158 382.434
3.41281 84.6864 165.917 238.445 311.143 387.396
3.45601 85.6864 167.917 241.463 315.082 392.396
3.45601 86.6864 170.012 244.475 319.082  397.29
3.45601 87.7529 172.012 247.483 323.007  402.29
3.49789 88.7529 174.096 250.483 327.007 407.164
3.53991 89.8192 176.096 253.483 331.007 412.056
3.58193 90.8855 178.096 256.483 335.007 416.947
3.58193 91.9232 180.129 259.411 339.007 421.947
 3.6241 92.9232 182.129 262.411 342.998 426.914
3.66532 93.9803 184.129 265.411   346.9 431.914
3.66532 94.9803 186.233 268.411 350.862 436.848
3.70669 95.9803 188.233  271.44 354.862 441.778
3.74787 96.9803 190.233 274.456 358.805 446.778
3.74787 98.0373 192.306 277.456 362.805 451.648
3.74787 99.1117 194.306 280.456 366.781 456.597
3.74787 100.112 196.384 283.455 370.704 461.597
3.74787 101.178 198.384 286.474 374.704 466.513
3.78617 102.212 200.384 289.402 378.704 471.513
3.82562 103.212 202.384 292.417 382.649 476.513
3.82562 104.212 204.468 295.427 386.649 481.418
3.82562 105.267 206.538 298.427 390.649 486.293
3.82562 106.327 208.538 301.433 394.584 491.293
3.86285 107.327 210.567 304.366 398.584 496.293
  3.901 108.387 212.567 307.366 402.584 501.195
3.93818  109.42 214.567 310.296 406.584 506.195
3.93818 110.491 216.567 313.296 410.561 511.147
3.97596  111.55 218.567 316.296 414.561 516.049
4.01364  112.55 220.639 319.296 418.561  520.94
4.05132  113.55  222.71 322.296 422.561 525.831
4.05132  114.55 224.802 325.296  426.53  530.77
4.08841  115.55  226.86 328.296 430.435  535.77
4.12633  116.55  228.86 331.296 434.428  540.74
4.16289  117.55 230.888 334.231 438.428  545.74
4.16289  118.55 232.959 337.229  442.36  550.74
4.16289  119.55 235.029 340.226 446.291  555.74
4.16289 120.595 237.084 343.226 450.192  560.74
4.16289 121.651 239.084  346.23 454.133  565.74
4.19871 122.651 241.141  349.23  458.04  570.74
4.19871 123.716 243.141  352.23 462.018 575.696
4.23266 124.716 245.106  355.23 466.018 580.696
4.26867 125.716 247.106 358.253 470.018 585.638
4.30425 126.764 249.106 361.253 473.935 590.638
4.30425 127.764 251.181 364.261 477.935 595.556
4.30425 128.828 253.181 367.261 481.913 600.513
4.30425 129.885 255.181 370.275 485.913 605.442
4.33938 130.885 257.181 373.298 489.913 610.384
4.33938 131.885 259.181 376.338 493.903 615.355
4.33938 132.885 261.246 379.337 497.839 620.355
4.33938 133.885 263.311 382.336 501.774 625.355
4.33938 134.927 265.362 385.336 505.681 630.355
4.33938 135.927 267.444 388.336 509.651 635.303
4.33938 136.927 269.444 391.375 513.639 640.275
4.33938 137.979 271.444  394.38 517.583 645.275
4.33938 139.033 273.444 397.394 521.583 650.206
4.33938  140.08 275.503 400.394 525.583 655.101
4.33938 141.127 277.562 403.394 529.583 659.996
4.33938 142.181 279.562 406.408 533.583 664.927
4.33938 143.181 281.631 409.416 537.583 669.849
4.37131 144.181 283.631 412.429 541.539 674.849
4.40252 145.181 285.656 415.373 545.539 679.849
4.43436 146.231 287.656 418.373 549.539 684.767
4.43436 147.231 289.656 421.411 553.529 689.739
4.43436 148.277 291.712 424.411 557.529 694.637
4.43436 149.277 293.712 427.448 561.519 699.609
4.46561 150.277 295.712  430.46 565.476 704.609
4.49686 151.277 297.712 433.472 569.433 709.609
4.49686 152.334 299.712 436.472 573.414  714.57
4.49686 153.374 301.758 439.472 577.328  719.57
4.49686 154.432 303.758 442.472 581.309 724.532
4.49686 155.432 305.824 445.481 585.309 729.458
4.49686 156.432 307.883 448.481  589.25 734.458
4.49686 157.489 309.883 451.481 593.231  739.42
4.52658 158.489 311.931 454.481 597.153  744.42
4.55518  159.49 313.902 457.481 601.153  749.42
4.58449 160.516 315.902 460.425 605.153  754.42
4.61385 161.516 317.924 463.373 609.153  759.42
4.64356 162.516 319.972 466.373 613.076  764.42
4.67288 163.542 321.972 469.317 617.076  769.42
4.70272 164.542 324.028 472.317 621.076 774.334
4.73132 165.543 325.999 475.317 625.076 779.334
4.73132 166.543 328.061 478.324 629.076 784.264
4.76119 167.543 330.061 481.344 633.076 789.215
4.76119 168.597 332.061 484.344 637.058 794.179
4.76119 169.597 334.123 487.351 641.058  799.11
4.79047 170.597 336.178 490.351 645.058 804.026
4.81982 171.642 338.178 493.351 649.058 808.951
4.84932 172.642 340.178 496.371 653.058 813.902
4.84932 173.642 342.234  499.37 657.003 818.902
4.87855 174.642 344.234  502.38 660.964 823.902
4.87855 175.668 346.256 505.331 664.964 828.902
4.87855 176.694 348.278 508.283 668.964 833.902
4.90744 177.694 350.278 511.293 672.925 838.902
4.93633 178.694 352.278 514.303 676.887 843.902
4.96501 179.732 354.278 517.303  680.82 848.902
4.99398 180.732 356.278 520.321  684.82 853.855
4.99398 181.778 358.278 523.332  688.82 858.797
 5.0225 182.816 360.278 526.332 692.753 863.797
 5.0225 183.842   362.3 529.285 696.753 868.797
 5.0225 184.885   364.3 532.289 700.707 873.797
5.05112 185.885   366.3 535.289 704.699 878.776
5.05112 186.885 368.357 538.295 708.699 883.712
5.07929 187.928 370.357 541.295 712.699 888.641
5.07929 188.967 372.405 544.295 716.699 893.555
5.10681 189.991 374.405 547.244 720.699 898.555
5.10681 191.036 376.405 550.255 724.699 903.498
5.10681 192.078 378.405 553.258 728.654 908.498
5.13466 193.078 380.405 556.275 732.654 913.453
5.13466 194.078  382.47 559.275 736.631 918.411
5.16236 195.078  384.47 562.292 740.631 923.366
5.18885 196.079 386.442 565.292 744.631 928.366
5.18885 197.079 388.506 568.292 748.608 933.325
 5.2152  198.08 390.479 571.292 752.608 938.325
 5.2152 199.105 392.499 574.248 756.608 943.325
5.24242 200.105 394.548 577.248 760.608 948.249
5.26925 201.105 396.567 580.202 764.608 953.249
5.29677 202.105 398.567 583.202 768.602 958.228
5.29677 203.148 400.567 586.212 772.602 963.174
5.29677 204.181 402.604 589.212 776.531 968.174
5.29677 205.181 404.659 592.219 780.531 973.114
5.32387 206.181 406.659 595.219 784.525 978.093
5.35085 207.181 408.659 598.235 788.525  983.05
5.37755 208.181 410.697 601.235 792.459  988.05
5.37755 209.205 412.717 604.192 796.459  993.05
5.40451 210.205 414.717 607.192 800.453 998.029
5.43119 211.205 416.764 610.192 804.453 1002.96
5.43119 212.251 418.764 613.192 808.438 1007.92
5.45783 213.251 420.764 616.199 812.404 1012.92
5.45783 214.251 422.817 619.205 816.404 1017.87
5.48417 215.285 424.817 622.205 820.343 1022.87
5.51048 216.285 426.855 625.205 824.279 1027.87
5.53679 217.285 428.893 628.205 828.215 1032.87
 5.5632 218.285 430.939 631.205 832.215 1037.79
 5.5632 219.308 432.958 634.163 836.215 1042.79
5.58977 220.308 434.958 637.163 840.208 1047.77
5.61616 221.308 436.958 640.171 844.174 1052.77
5.64261 222.308 438.958 643.186 848.174 1057.73
5.66918 223.308 440.958 646.186 852.167 1062.71
5.66918 224.346 442.958 649.188 856.127 1067.71
5.69445 225.346 444.933 652.188 860.127 1072.71
5.71972 226.346 446.908 655.188 864.127 1077.71
5.74554 227.346 448.925 658.146 868.127 1082.71
5.74554 228.368 450.943 661.105 872.127 1087.71
 5.7715   229.4 452.943 664.105 876.069 1092.71
5.79758 230.437 454.943 667.105 880.069 1097.65
5.79758 231.437 456.943 670.132 884.062 1102.63
5.79758 232.459 458.961 673.091 888.062 1107.63
5.79758 233.481  460.98 676.051 892.062 1112.63
5.79758 234.524  462.98 679.051 896.048  1117.6
5.82284 235.524 464.996 682.009 900.048  1122.6
5.84857 236.524 466.996 685.023 904.048 1127.56
5.84857 237.563 468.996 688.031 908.048 1132.51
5.84857 238.597 471.036 691.031 912.048 1137.44
5.87361 239.597 473.053  693.99 916.048 1142.44
5.87361 240.597 475.097 696.988 920.005 1147.44
5.87361 241.635 477.097 699.997 924.005 1152.39
5.89843 242.635 479.113 702.955 928.005 1157.39
5.89843 243.635 481.113 705.981 931.999 1162.37
5.89843 244.635 483.113 709.006 935.993 1167.35
5.89843 245.635 485.161 712.011 939.993  1172.3
5.89843 246.677 487.161 715.011  943.98 1177.27
5.89843 247.677 489.208 718.016  947.98 1182.22
5.92298 248.707 491.208 721.016 951.924 1187.22
 5.9468 249.708 493.184 724.016 955.924 1192.22
5.97111 250.708   495.2 726.975 959.924 1197.22
5.97111 251.749   497.2 729.975 963.911 1202.19
5.97111  252.79   499.2 732.975 967.898 1207.17
5.97111  253.79 501.242 735.974 971.857 1212.17
5.97111  254.79 503.284 738.972 975.816 1217.17
5.97111  255.79 505.338 741.972 979.798 1222.13
 5.9953  256.79 507.338 744.978 983.767 1227.13
 5.9953 257.811 509.355  747.94 987.767 1232.13
6.01857 258.812 511.331  750.94 991.767 1237.13
6.01857 259.812 513.377 753.945 995.767 1242.08
6.04261 260.812 515.377 756.958 999.767 1247.04
6.06622 261.831 517.377 759.915 1003.77 1252.04
6.09036 262.831 519.377 762.915 1007.76 1257.03
6.09036 263.862 521.414 765.915 1011.76 1261.96
6.11418 264.862 523.454 768.915 1015.76 1266.89
6.13773 265.862  525.47 771.876 1019.76 1271.89
6.16125  266.88  527.47 774.833 1023.76 1276.89
 6.1852  267.88  529.47 777.846 1027.76 1281.86
 6.1852  268.92  531.47 780.846 1031.75 1286.83
 6.1852 269.959  533.47 783.846 1035.74  1291.8
6.20812 270.959 535.446 786.846 1039.74  1296.8
6.23148 271.959 537.462 789.807 1043.74  1301.8
6.25504 272.959 539.493 792.807 1047.68  1306.8
6.25504 273.959 541.493  795.83 1051.68 1311.79
6.27829 274.978 543.493 798.788 1055.68 1316.79
6.30191 275.978 545.493 801.793 1059.65 1321.79
6.30191 277.008 547.529 804.793 1063.65 1326.72
6.32466 278.008 549.506 807.793 1067.65 1331.72
6.32466 279.043 551.506   810.8 1071.65 1336.68
6.32466 280.043 553.546 813.799 1075.61 1341.68
6.34797 281.075 555.546 816.799 1079.61 1346.62
6.37132 282.075 557.546 819.803 1083.58 1351.62
6.39461 283.075 559.583 822.803 1087.58 1356.56
 6.4176 284.093 561.583 825.762 1091.58 1361.56
 6.4176 285.093 563.583 828.785 1095.58 1366.55
6.44052 286.111 565.583 831.744 1099.58 1371.55
6.46303 287.111  567.56 834.744 1103.58 1376.55
6.48623 288.111 569.597 837.744 1107.58 1381.49
6.48623 289.131 571.613 840.708 1111.58 1386.49
6.48623 290.157 573.642 843.708 1115.52 1391.49
6.50919 291.184 575.642 846.708 1119.47 1396.49
6.50919 292.184  577.68 849.706 1123.43 1401.49
6.50919 293.184 579.718 852.704  1127.4 1406.49
6.50919 294.216 581.718 855.705 1131.37 1411.49
6.50919 295.245 583.753 858.705 1135.37 1416.42
6.50919 296.274 585.787 861.705 1139.37 1421.36
6.50919 297.306 587.787 864.706 1143.33 1426.36
6.50919 298.343 589.787 867.706 1147.32 1431.33
 6.5314 299.361 591.787 870.666 1151.32 1436.33
 6.5314 300.361 593.834 873.666  1155.3  1441.3
 6.5314 301.392 595.834 876.666 1159.27  1446.3
6.55366 302.419 597.834 879.666 1163.22  1451.3
6.57616 303.419 599.834 882.666 1167.22 1456.29
6.57616 304.451 601.834 885.667 1171.19 1461.29
6.59777 305.451 603.812 888.667 1175.19 1466.29
6.59777 306.451 605.853 891.671 1179.19 1471.24
6.59777 307.451  607.89 894.669 1183.15 1476.24
 6.6198 308.478  609.89 897.669  1187.1 1481.24
 6.6198 309.478 611.927 900.667 1191.07 1486.24
 6.6412 310.478 613.905 903.667 1195.07 1491.24
6.66299 311.478 615.919 906.631 1199.07 1496.24
6.66299 312.511 617.919 909.637 1203.07  1501.2
6.68504 313.511 619.919 912.647 1207.07 1506.17
6.68504  314.53 621.934 915.614 1211.07 1511.17
6.70709  315.53 623.934 918.614 1215.06 1516.15
6.72896  316.53 625.968 921.614 1219.06  1521.1
6.75083  317.53 628.003 924.614 1223.06 1526.04
6.75083 318.561 630.003 927.614 1227.03 1531.04
6.77273 319.561 632.003 930.624 1231.03 1536.01
6.77273 320.588 634.035 933.624 1235.03 1540.95
6.77273 321.613 636.062 936.624 1238.98 1545.95
6.79433 322.613  638.09 939.624 1242.93 1550.95
6.79433 323.648  640.09 942.624 1246.92 1555.93
6.79433 324.676 642.123 945.624 1250.92 1560.87
6.81563 325.676 644.136 948.589 1254.92 1565.87
6.81563 326.711 646.136 951.589  1258.9 1570.84
6.81563 327.711 648.172 954.587 1262.87 1575.84
6.81563 328.743 650.172 957.593 1266.87 1580.81
6.81563 329.773 652.172 960.594 1270.84 1585.81
6.81563 330.798 654.198 963.594 1274.79 1590.81
6.81563 331.825  656.23 966.594 1278.79 1595.75
6.83692 332.825  658.23 969.594 1282.78 1600.73
6.85747 333.826 660.209 972.594 1286.78 1605.73
6.85747  334.85 662.235 975.594 1290.73 1610.73
6.85747  335.85  664.27 978.592  1294.7 1615.73
6.85747  336.85 666.309 981.595  1298.7 1620.69
 6.8785  337.85 668.309 984.605  1302.7 1625.66
 6.8785  338.85 670.347 987.608  1306.7 1630.62
 6.8785 339.884 672.347 990.608 1310.69 1635.59
6.89875 340.885 674.326 993.608 1314.69 1640.59
6.89875 341.885 676.365 996.611 1318.69 1645.55
6.89875 342.903 678.379 999.579 1322.69 1650.55
 6.9192  343.92 680.379 1002.54 1326.69 1655.55
6.93933  344.92 682.358 1005.54 1330.69 1660.55
6.93933 345.951 684.358 1008.55 1334.69 1665.52
6.93933 346.975 686.384 1011.55 1338.64 1670.52
6.95966 347.991 688.384 1014.51 1342.64 1675.52
 6.9802 348.991 690.416 1017.51 1346.64 1680.46
 6.9802 350.025 692.416 1020.51 1350.63 1685.44
7.00085 351.025 694.416 1023.51 1354.62 1690.43
7.02135 352.053 696.416 1026.51 1358.62 1695.38
7.02135 353.082 698.416 1029.51 1362.59 1700.38
7.02135 354.082 700.459 1032.51 1366.58 1705.35
7.02135 355.106 702.484 1035.51 1370.53 1710.35
7.04145 356.122 704.484 1038.47 1374.53 1715.35
7.06157 357.122 706.497 1041.44 1378.53 1720.35
7.08188 358.122 708.529 1044.44 1382.53  1725.3
7.08188 359.122 710.562 1047.44  1386.5  1730.3
7.10214  360.15 712.562 1050.44  1390.5 1735.25
7.10214 361.183 714.562 1053.44 1394.49 1740.23
7.12229 362.208 716.562 1056.44 1398.44 1745.23
7.14263 363.208 718.562 1059.44 1402.44 1750.21
7.14263 364.236 720.562 1062.44 1406.41 1755.21
7.14263  365.26 722.587 1065.44 1410.36 1760.21
7.14263  366.29 724.587 1068.44 1414.36 1765.18
7.14263  367.29 726.587 1071.46 1418.35 1770.16
7.16255  368.29 728.613 1074.46 1422.31 1775.16
7.18247 369.314 730.613 1077.46 1426.26 1780.16
7.20245 370.342 732.613 1080.46 1430.26 1785.12
7.20245  371.37 734.613 1083.46 1434.24 1790.12
7.20245 372.403 736.613 1086.46 1438.22 1795.09
7.20245 373.403 738.613 1089.48 1442.22 1800.08
7.20245 374.403 740.654 1092.48 1446.21 1805.05
7.20245 375.403 742.654  1095.5  1450.2 1810.04
7.20245 376.403 744.694  1098.5 1454.19 1815.02
7.20245 377.428 746.724  1101.5 1458.19 1819.96
7.22155 378.429 748.704  1104.5 1462.19 1824.96
7.22155 379.429 750.736  1107.5 1466.15 1829.96
7.22155 380.452  752.76  1110.5 1470.11 1834.96
7.22155  381.48  754.76  1113.5 1474.08 1839.96
7.22155 382.503 756.784  1116.5 1478.03 1844.96
7.24073 383.519 758.784 1119.46 1482.03 1849.96
7.24073 384.548 760.784 1122.47 1486.03 1854.93
7.26005 385.548 762.814 1125.47 1490.03 1859.88
7.27951 386.548 764.814 1128.47 1494.03 1864.86
7.27951  387.58 766.814 1131.47 1498.02 1869.84
7.27951 388.608 768.814 1134.47 1501.99 1874.84
7.27951  389.64 770.814 1137.47 1505.98 1879.82
7.29851  390.64 772.826 1140.44 1509.98 1884.82
7.31749 391.656 774.826  1143.4 1513.98 1889.82
7.33619 392.657 776.807  1146.4 1517.98 1894.82
7.35532  393.68 778.807  1149.4 1521.93 1899.82
7.35532  394.68 780.807 1152.42 1525.93 1904.81
7.37427  395.68 782.819 1155.39 1529.93 1909.81
7.39344  396.68 784.819 1158.39 1533.91 1914.81
7.39344 397.703 786.842 1161.39 1537.86 1919.81
7.41246 398.703 788.866 1164.39 1541.82 1924.81
7.41246 399.735 790.866 1167.39 1545.81 1929.79
7.43144 400.758 792.866 1170.39 1549.76 1934.79
7.43144 401.783 794.894 1173.39 1553.76 1939.74
7.43144 402.812 796.894  1176.4 1557.76  1944.7
7.43144 403.836 798.921  1179.4 1561.76 1949.65
7.43144 404.836 800.921 1182.41 1565.76 1954.64
7.44982 405.838 802.902 1185.41 1569.76 1959.64
7.44982 406.862 804.929 1188.41 1573.76 1964.59
7.46867 407.862 806.929 1191.42 1577.76 1969.56
7.46867 408.889 808.929 1194.42 1581.73 1974.56
7.46867 409.916 810.929 1197.42 1585.71 1979.56
7.48717 410.932 812.929 1200.39 1589.71 1984.56
7.50581 411.932 814.953 1203.39 1593.66 1989.56
7.52445 412.932 816.976 1206.39 1597.62 1994.56
7.54319 413.932 818.976 1209.39  1601.6 1999.56
7.54319 414.956 821.003 1212.39  1605.6 2004.51
7.54319 415.983 823.003 1215.39 1609.57 2009.51
7.54319 416.983 825.034 1218.39 1613.54 2014.51
 7.5613 417.984 827.015 1221.39 1617.54 2019.51
 7.5613 418.984 829.052 1224.39 1621.53 2024.48
7.57987 419.984 831.052  1227.4 1625.53 2029.46
7.57987 421.012 833.052  1230.4 1629.53 2034.42
7.57987 422.012 835.083  1233.4  1633.5 2039.42
7.59833 423.012 837.083 1236.41 1637.48 2044.42
7.59833 424.029 839.094 1239.38 1641.48 2049.42
7.61654 425.029 841.106 1242.35 1645.48 2054.42
7.61654 426.029 843.138 1245.35 1649.48 2059.39
7.63499 427.029 845.138 1248.35 1653.47 2064.38
7.65327 428.029 847.162 1251.35 1657.43 2069.38
7.65327 429.059 849.162 1254.35 1661.42 2074.36
7.65327 430.083 851.188 1257.35 1665.42 2079.31
7.65327 431.083 853.188 1260.37 1669.41  2084.3
7.67146 432.083 855.216 1263.37 1673.41 2089.25
7.68972 433.083 857.216 1266.37 1677.41 2094.22
7.68972  434.11 859.216 1269.38 1681.41 2099.19
7.68972 435.132 861.238 1272.38 1685.37 2104.19
7.70765 436.146 863.238 1275.35 1689.37 2109.19
7.70765  437.17 865.264 1278.35 1693.37 2114.14
7.72567  438.17 867.287 1281.35 1697.33 2119.14
7.72567 439.197 869.287 1284.35 1701.33 2124.11
7.74328 440.198 871.268 1287.35 1705.33 2129.11
7.76142 441.198 873.268 1290.35 1709.32  2134.1
7.77927 442.213 875.268 1293.32 1713.32  2139.1
7.79736 443.213 877.268 1296.32 1717.32 2144.07
7.81534 444.213 879.291 1299.32 1721.28 2149.07
7.83337 445.238 881.291 1302.32 1725.28 2154.03
7.85098 446.239 883.272 1305.32 1729.28 2159.03
7.85098 447.255 885.283  1308.3 1733.28 2164.03
7.86895 448.255  887.31  1311.3 1737.28 2168.98
7.86895 449.278 889.336  1314.3 1741.28 2173.94
7.86895 450.301 891.361  1317.3 1745.28 2178.89
7.86895 451.327 893.361  1320.3 1749.26 2183.89
7.88688 452.327 895.361  1323.3 1753.26 2188.86
7.90469 453.349 897.361  1326.3 1757.22 2193.86
7.90469 454.349  899.39  1329.3 1761.19 2198.86
7.90469 455.375  901.39 1332.31 1765.19 2203.83
7.90469 456.402  903.39 1335.31 1769.19  2208.8
7.90469 457.423 905.411 1338.31 1773.15  2213.8
7.92243 458.423 907.411 1341.31 1777.13  2218.8
7.92243 459.423 909.447 1344.31 1781.12 2223.78
7.92243 460.423 911.478 1347.32 1785.12 2228.74
7.93966 461.424  913.46 1350.32 1789.12 2233.74
7.95723 462.446  915.46 1353.32 1793.08 2238.74
7.97485 463.446 917.486 1356.32 1797.08  2243.7
7.97485 464.462 919.497 1359.29 1801.08  2248.7
7.97485 465.483 921.518 1362.29 1805.03  2253.7
7.99245 466.483 923.518  1365.3 1809.03 2258.67
7.99245 467.505 925.543  1368.3 1813.03 2263.63
8.00982 468.505 927.553 1371.27 1817.03 2268.63
8.00982 469.505 929.553 1374.28 1821.03 2273.62
8.00982 470.528 931.578 1377.28 1825.03 2278.57
 8.0271 471.528 933.589 1380.26 1829.03 2283.57
 8.0271 472.553 935.589 1383.26 1833.01 2288.57
 8.0271 473.576 937.613 1386.26 1837.01 2293.52
8.04441 474.597 939.613 1389.26 1840.97 2298.52
8.06172 475.618 941.613 1392.26 1844.93 2303.52
8.06172 476.641 943.638 1395.26 1848.93 2308.47
8.06172 477.661 945.658 1398.26 1852.89 2313.47
8.06172 478.661 947.686 1401.26 1856.86 2318.47
8.06172 479.682 949.707 1404.26 1860.82 2323.47
8.06172 480.704 951.731 1407.26 1864.82 2328.43
8.06172  481.72 953.742 1410.23 1868.82 2333.43
8.06172 482.748 955.742 1413.23 1872.81 2338.41
8.07892 483.748 957.742 1416.23  1876.8  2343.4
8.09601 484.772 959.742 1419.23  1880.8 2348.36
8.09601 485.798 961.742 1422.23  1884.8 2353.33
8.09601 486.819 963.763 1425.23 1888.76 2358.33
8.09601 487.839 965.783 1428.23 1892.72 2363.33
8.09601 488.864 967.783 1431.23  1896.7 2368.33
8.11292 489.864 969.804 1434.23 1900.66 2373.33
8.12974 490.864 971.815 1437.21 1904.66 2378.33
8.14669 491.887 973.815 1440.21 1908.66 2383.29
8.14669  492.91 975.839 1443.21 1912.66 2388.24
8.16371  493.91 977.839 1446.21 1916.66 2393.23
8.16371 494.932 979.863 1449.21 1920.66 2398.18
8.18059 495.956 981.863 1452.21 1924.66 2403.14
8.18059 496.956 983.897 1455.21 1928.64 2408.12
8.18059 497.981 985.897 1458.21 1932.64 2413.09
 8.1974 498.981 987.922 1461.21 1936.64 2418.05
 8.1974 499.981 989.956 1464.21 1940.63 2423.03
 8.1974 500.997 991.967 1467.18 1944.63 2428.03
8.21414  502.02 993.967 1470.18 1948.63 2432.99
8.21414 503.045 995.967 1473.18 1952.61 2437.99
8.21414  504.07 997.967 1476.19 1956.61 2442.96
8.21414  505.07 999.994 1479.19 1960.58 2447.96
8.21414  506.07 1001.99  1482.2 1964.58 2452.95
8.23075  507.07 1004.02  1485.2 1968.58  2457.9
8.23075  508.07 1006.05  1488.2 1972.58 2462.87
8.24728 509.091 1008.05  1491.2 1976.54 2467.87
8.24728 510.119 1010.05  1494.2 1980.53 2472.85
8.26383 511.142 1012.05  1497.2 1984.53 2477.81
8.28001 512.143 1014.03  1500.2 1988.53 2482.81
8.28001 513.169 1016.03 1503.21 1992.53 2487.79
8.29617  514.17 1018.01 1506.21 1996.53 2492.79
8.31268 515.193 1020.01 1509.21 2000.53 2497.75
8.31268 516.215 1022.04 1512.21 2004.53  2502.7
8.32911 517.215 1024.06 1515.21 2008.49  2507.7
8.34546 518.215 1026.07 1518.18 2012.49  2512.7
8.36197 519.215 1028.07 1521.18 2016.47  2517.7
8.37844 520.238 1030.07 1524.18 2020.47 2522.66
8.37844 521.238 1032.09 1527.18 2024.45 2527.66
8.37844 522.238 1034.12 1530.18 2028.45 2532.63
8.39473 523.238 1036.13 1533.16 2032.45 2537.63
 8.4111 524.238 1038.15 1536.16 2036.41 2542.63
 8.4111  525.26 1040.18 1539.16 2040.41 2547.58
 8.4111  526.26  1042.2 1542.16 2044.39 2552.58
 8.4274  527.26 1044.22 1545.16 2048.35 2557.58
 8.4274 528.283 1046.22 1548.16 2052.33 2562.58
8.44357 529.297 1048.22 1551.13 2056.33 2567.58
8.44357 530.318 1050.25 1554.13 2060.33 2572.54
8.44357 531.318 1052.25 1557.14 2064.32 2577.53
8.44357 532.338 1054.27 1560.14 2068.28 2582.53
8.44357 533.338  1056.3 1563.14 2072.27 2587.51
8.44357 534.338 1058.33 1566.14 2076.26 2592.49
8.45939 535.339 1060.31 1569.14 2080.26 2597.49
8.45939  536.36 1062.34 1572.14 2084.26 2602.44
8.47561  537.36 1064.34 1575.14 2088.25 2607.43
8.47561 538.385 1066.34 1578.14 2092.25  2612.4
8.49179 539.385 1068.34 1581.14 2096.25 2617.39
8.49179 540.385 1070.36 1584.14 2100.23 2622.39
8.50752 541.386 1072.35 1587.14 2104.23 2627.39
8.52364 542.386 1074.35 1590.15 2108.23 2632.37
8.52364 543.386 1076.37 1593.15  2112.2 2637.37
8.53934 544.387 1078.36 1596.15  2116.2 2642.37
8.53934 545.387 1080.38 1599.15  2120.2 2647.34
8.53934 546.387 1082.42 1602.15 2124.19 2652.32
8.53934 547.387 1084.45 1605.15 2128.18  2657.3
8.53934 548.414 1086.45 1608.15 2132.17 2662.28
8.55514 549.414 1088.46 1611.12 2136.17 2667.28
8.57114 550.414 1090.46 1614.12 2140.16 2672.27
8.57114 551.437 1092.46 1617.12 2144.14 2677.27
8.57114 552.437 1094.48 1620.12 2148.12 2682.27
8.57114 553.461 1096.48 1623.13 2152.12 2687.24
8.58664 554.462 1098.47 1626.13 2156.12 2692.24
8.58664 555.462 1100.49 1629.13 2160.12 2697.21
8.58664 556.462 1102.49 1632.14 2164.11  2702.2
8.60209 557.463 1104.48 1635.14 2168.11  2707.2
8.60209 558.487 1106.48 1638.14 2172.11 2712.18
8.61783 559.487  1108.5 1641.14 2176.11 2717.14
8.63325 560.488 1110.48 1644.14 2180.11 2722.14
8.63325 561.488 1112.52 1647.14  2184.1 2727.12
  8.649 562.488 1114.52 1650.15  2188.1 2732.09
 8.6646 563.488 1116.53 1653.13  2192.1 2737.09
8.68035 564.488 1118.53 1656.13  2196.1 2742.07
8.68035 565.507 1120.54 1659.13 2200.06 2747.07
8.69603 566.507 1122.57 1662.13 2204.06 2752.03
 8.7116 567.507 1124.58 1665.11 2208.06 2757.03
 8.7116 568.521 1126.59 1668.08 2212.06 2762.03
8.72711 569.534 1128.59 1671.06 2216.06 2767.03
8.74245 570.535 1130.57 1674.06 2220.06 2772.03
8.74245 571.535  1132.6 1677.06 2224.05 2777.01
8.75804 572.554  1134.6 1680.06 2228.02 2782.01
8.77371 573.554  1136.6 1683.06 2232.02 2786.99
8.77371 574.574 1138.62 1686.06 2236.02 2791.95
8.77371 575.574 1140.65 1689.06 2239.99 2796.95
8.78917 576.574 1142.66 1692.04 2243.99 2801.95
8.80462 577.574 1144.67 1695.01 2247.99 2806.95
8.82027 578.574 1146.67 1698.01 2251.99 2811.94
8.83589 579.574 1148.67 1701.02 2255.99 2816.92
8.83589 580.574  1150.7 1704.02 2259.98  2821.9
8.85139 581.593  1152.7 1707.02 2263.94  2826.9
8.85139 582.615  1154.7 1710.02 2267.92  2831.9
8.85139 583.629 1156.71 1712.99 2271.92  2836.9
8.86688  584.65 1158.71 1715.99 2275.92 2841.86
8.86688 585.668 1160.73 1718.99 2279.89 2846.86
8.86688  586.69 1162.73 1721.99 2283.86 2851.86
 8.8823  587.69 1164.75 1724.99 2287.86 2856.82
 8.8823  588.69 1166.75 1728.01 2291.86 2861.81
8.89741 589.691 1168.73 1731.01 2295.86 2866.81
8.91251 590.692 1170.72 1734.01 2299.86 2871.81
8.91251 591.692 1172.74 1737.01 2303.86 2876.78
8.92776 592.705 1174.74 1739.98 2307.86 2881.78
 8.9431 593.705 1176.76 1742.98 2311.83 2886.78
 8.9431 594.705 1178.79 1745.98 2315.83 2891.76
 8.9431 595.705 1180.81 1748.98  2319.8 2896.76
 8.9431 596.705 1182.84 1751.98  2323.8 2901.73
 8.9431 597.705 1184.84 1754.99  2327.8 2906.72
 8.9431 598.726 1186.84 1757.99 2331.78 2911.72
8.95839 599.726 1188.84    1761 2335.78  2916.7
8.95839 600.726 1190.87    1764 2339.78 2921.67
8.97358 601.726 1192.88    1767 2343.75 2926.67
8.97358  602.74 1194.89 1769.98 2347.75 2931.67
8.98885  603.74 1196.89 1772.98 2351.74 2936.66
9.00401 604.758 1198.89 1775.98 2355.71 2941.66
9.01921 605.779 1200.89 1778.98 2359.71 2946.62
 9.0343 606.779  1202.9 1781.95 2363.71 2951.62
 9.0343 607.802  1204.9 1784.96 2367.71  2956.6
 9.0343 608.819 1206.92 1787.96 2371.67  2961.6
9.04941 609.838 1208.92 1790.96 2375.64  2966.6
9.06454 610.838 1210.94 1793.96 2379.64 2971.56
9.06454 611.851 1212.95 1796.93 2383.64 2976.56
9.06454 612.851 1214.98 1799.94 2387.64 2981.53
9.06454 613.851    1217 1802.94 2391.62 2986.53
9.06454 614.851    1219 1805.95 2395.61 2991.52
9.07963 615.851    1221 1808.95 2399.61  2996.5
9.07963 616.851 1223.03 1811.95 2403.59  3001.5
9.09436 617.852 1225.01 1814.95 2407.59  3006.5
9.09436 618.852 1227.04 1817.95 2411.59 3011.47
9.09436 619.873 1229.04 1820.95 2415.57 3016.47
9.09436 620.873 1231.06 1823.96 2419.57 3021.44
9.10938 621.873 1233.06 1826.96 2423.56 3026.43
9.10938 622.873 1235.06 1829.97 2427.56 3031.43
9.12427 623.873 1237.08 1832.97 2431.53 3036.43
9.13907 624.885 1239.08 1835.94 2435.53 3041.43
9.15388 625.885 1241.09 1838.92 2439.53 3046.43
9.15388 626.907 1243.09 1841.92 2443.53  3051.4
9.16877 627.907 1245.11 1844.92 2447.53 3056.36
9.16877 628.907 1247.14 1847.92 2451.53 3061.34
9.16877 629.921 1249.15  1850.9 2455.53 3066.34
9.16877 630.921 1251.17  1853.9 2459.51 3071.34
9.18356 631.938 1253.17  1856.9 2463.47 3076.34
9.19835 632.956 1255.17  1859.9 2467.44 3081.34
9.21314 633.974 1257.17  1862.9 2471.41 3086.34
9.21314 634.996 1259.17  1865.9 2475.41 3091.31
9.21314 636.017 1261.17  1868.9 2479.39 3096.31
9.22764 637.017 1263.16  1871.9 2483.39 3101.31
9.24231 638.017 1265.16 1874.88 2487.39 3106.31
9.25708 639.017 1267.19 1877.88 2491.39 3111.27
9.27185 640.017 1269.21 1880.88 2495.39 3116.24
9.28651 641.029 1271.21 1883.85 2499.39 3121.24
9.28651 642.051 1273.21 1886.85 2503.39 3126.21
9.30126 643.071 1275.21 1889.85 2507.39 3131.18
9.30126 644.071 1277.21 1892.87 2511.38 3136.17
9.31571 645.072 1279.19 1895.87 2515.38 3141.17
9.31571 646.095 1281.19 1898.87 2519.38 3146.15
9.33014 647.096 1283.18 1901.87 2523.38 3151.15
9.34481 648.096 1285.19 1904.87 2527.34 3156.15
9.35949 649.114 1287.19 1907.87 2531.31 3161.15
9.35949 650.127  1289.2 1910.84 2535.31 3166.15
9.37421 651.127  1291.2 1913.85 2539.31 3171.13
9.37421 652.127 1293.23 1916.85 2543.31 3176.11
9.37421 653.127 1295.26 1919.85  2547.3 3181.09
9.37421 654.148 1297.26 1922.85  2551.3 3186.07
9.37421 655.172 1299.26 1925.85 2555.29 3191.05
9.38886 656.172 1301.26 1928.85 2559.29 3196.04
9.38886 657.172 1303.28 1931.86 2563.29 3201.01
9.38886 658.172  1305.3 1934.85 2567.27 3206.01
9.40348 659.172  1307.3 1937.85 2571.26    3211
9.40348 660.192  1309.3 1940.85 2575.24    3216
9.40348 661.213  1311.3 1943.85 2579.22    3221
9.40348 662.231 1313.32 1946.85 2583.22 3225.96
9.41799 663.231 1315.32 1949.86 2587.22 3230.94
9.41799 664.231 1317.35 1952.86 2591.22 3235.92
9.43252 665.231 1319.35 1955.86 2595.22 3240.91
9.43252 666.231 1321.37 1958.86  2599.2 3245.91
9.44694 667.231 1323.39 1961.86  2603.2 3250.87
9.46137  668.25 1325.39 1964.86  2607.2 3255.84
9.47554 669.251 1327.38 1967.86  2611.2 3260.84
9.48988 670.251 1329.39 1970.84  2615.2 3265.84
9.50438 671.251 1331.39 1973.84 2619.19 3270.83
 9.5187 672.263 1333.39 1976.81 2623.19 3275.83
 9.5331  673.28 1335.39 1979.81 2627.16 3280.83
9.54756  674.28 1337.39 1982.81 2631.15 3285.83
9.54756 675.303 1339.39 1985.81 2635.14 3290.81
9.54756 676.303 1341.41 1988.81 2639.14 3295.79
9.54756 677.324 1343.41 1991.82 2643.14 3300.76
9.56181 678.335 1345.41 1994.79 2647.14 3305.76
9.57607 679.347 1347.41 1997.77 2651.14 3310.76
9.59048 680.347 1349.41 2000.77 2655.14 3315.74
9.59048 681.347 1351.43 2003.77 2659.12 3320.74
9.59048 682.359 1353.44 2006.75 2663.12 3325.74
9.60479 683.359 1355.46 2009.75 2667.12 3330.71
9.60479 684.382 1357.46 2012.75 2671.11 3335.69
9.61914 685.382 1359.46 2015.75 2675.11 3340.68
9.61914 686.403 1361.46 2018.76 2679.11 3345.65
9.61914 687.403 1363.49 2021.76 2683.11 3350.63
9.61914 688.423 1365.49 2024.76 2687.09 3355.63
9.63312 689.424 1367.47 2027.76 2691.09 3360.63
9.64742 690.424 1369.47 2030.76 2695.08 3365.62
9.64742 691.424  1371.5 2033.76 2699.08 3370.59
9.66161 692.441  1373.5 2036.76 2703.05 3375.59
9.66161 693.441  1375.5 2039.77 2707.05 3380.58
 9.6758 694.441 1377.52 2042.77 2711.05 3385.55
9.68989 695.452 1379.52 2045.74 2715.05 3390.55
9.68989 696.452 1381.54 2048.74 2719.03 3395.55
9.70404 697.469 1383.54 2051.74    2723 3400.55
9.71818 698.485 1385.54 2054.74 2726.97 3405.55
9.71818 699.485 1387.57 2057.74 2730.96 3410.53
9.71818 700.501 1389.58 2060.74 2734.93 3415.53
9.71818 701.501 1391.61 2063.74 2738.92 3420.51
9.71818 702.501 1393.61 2066.75 2742.91  3425.5
9.73218 703.501 1395.62 2069.73 2746.91  3430.5
9.73218 704.501 1397.62 2072.74 2750.91  3435.5
9.74625 705.501 1399.64 2075.74 2754.91 3440.46
9.74625 706.524 1401.64 2078.74  2758.9 3445.45
9.74625 707.536 1403.65 2081.72  2762.9 3450.45
9.76025 708.553 1405.65 2084.72 2766.87 3455.45
9.76025 709.573 1407.65 2087.73 2770.87 3460.42
9.76025 710.573 1409.67 2090.72 2774.85 3465.42
9.77416 711.573 1411.68  2093.7 2778.85 3470.42
9.78815 712.592 1413.68  2096.7 2782.85 3475.39
9.80213 713.592  1415.7  2099.7 2786.85 3480.36
9.81612 714.592 1417.72  2102.7 2790.85 3485.32
9.83017 715.592 1419.72  2105.7 2794.85 3490.31
9.84423 716.592 1421.72  2108.7 2798.84  3495.3
9.85812 717.603 1423.72 2111.68 2802.84  3500.3
9.85812 718.622 1425.72 2114.68 2806.82  3505.3
9.85812 719.642 1427.72 2117.68 2810.82 3510.28
9.85812 720.642 1429.72 2120.69 2814.82 3515.27
9.87211 721.642 1431.72 2123.69 2818.82 3520.26
9.88604 722.642 1433.74 2126.69 2822.82 3525.23
9.89994 723.659 1435.74 2129.69 2826.79 3530.23
9.91394 724.659 1437.74 2132.69 2830.78 3535.22
9.92786 725.659 1439.76 2135.69 2834.78 3540.19
9.92786 726.676 1441.77 2138.69 2838.78 3545.15
9.92786 727.676 1443.77  2141.7 2842.78 3550.14
9.92786 728.698 1445.77  2144.7 2846.77 3555.13
9.92786  729.71 1447.78 2147.68 2850.77 3560.13
9.94163  730.71 1449.79 2150.66 2854.77 3565.13
9.95546 731.727 1451.79 2153.66 2858.74 3570.13
9.95546 732.746 1453.79 2156.66 2862.72 3575.13
9.96921 733.746  1455.8 2159.64 2866.72 3580.13
9.96921 734.766  1457.8 2162.64 2870.72  3585.1
9.96921 735.766 1459.82 2165.64 2874.71 3590.09
9.96921 736.766 1461.82 2168.65 2878.71 3595.08
9.98298 737.766 1463.84 2171.65 2882.71 3600.05
9.98298 738.783 1465.86 2174.65 2886.71 3605.01
9.98298 739.783 1467.89 2177.65 2890.71 3609.99
9.99663 740.783 1469.89 2180.63 2894.71 3614.99
9.99663 741.795  1471.9 2183.61 2898.71 3619.99
9.99663 742.795 1473.93 2186.61  2902.7 3624.97
10.0101 743.796 1475.91 2189.61  2906.7 3629.97
10.0101 744.815 1477.91 2192.61 2910.68 3634.97
10.0101 745.815 1479.93 2195.61 2914.66 3639.97
10.0235 746.816 1481.92 2198.61 2918.66 3644.97
10.0235 747.835 1483.92 2201.61 2922.65 3649.97
10.0235 748.835 1485.92 2204.62 2926.64 3654.96
10.0235 749.853 1487.92 2207.62 2930.62 3659.96
10.0235 750.872 1489.92 2210.62 2934.61 3664.96
10.0235 751.891 1491.92 2213.62 2938.59 3669.96
10.0235 752.891 1493.94 2216.62 2942.59 3674.94
10.0371 753.891 1495.96 2219.62 2946.59  3679.9
10.0371 754.912 1497.96 2222.62 2950.58 3684.89
10.0506 755.912 1499.96 2225.62 2954.57 3689.89
10.0642 756.912 1501.96 2228.62 2958.57 3694.87
10.0642 757.929 1503.98 2231.62 2962.57 3699.84
10.0642 758.929    1506 2234.62 2966.55 3704.84
10.0776 759.929 1508.01  2237.6 2970.55 3709.84
10.0911 760.947 1510.01  2240.6 2974.55  3714.8
10.1045 761.958 1512.01 2243.58 2978.55  3719.8
10.1045 762.977 1514.01 2246.58 2982.53  3724.8
10.1045 763.998 1516.01 2249.58 2986.52 3729.79
 10.118 764.998 1518.01 2252.58 2990.52 3734.78
10.1315 766.014 1520.01 2255.58 2994.49 3739.78
10.1315 767.014 1522.03 2258.58 2998.49 3744.76
10.1315 768.032 1524.03 2261.58 3002.47 3749.76
10.1315 769.052 1526.03 2264.58 3006.47 3754.74
10.1315 770.052 1528.05 2267.58 3010.45 3759.74
10.1315 771.073 1530.05 2270.58 3014.44 3764.72
10.1315 772.073 1532.07 2273.58 3018.44  3769.7
10.1315 773.092 1534.07 2276.58 3022.42  3774.7
10.1446 774.093 1536.06 2279.58 3026.42  3779.7
10.1446 775.093 1538.06 2282.59 3030.42 3784.69
10.1446 776.109 1540.08 2285.59 3034.42 3789.66
10.1446 777.125 1542.09 2288.59 3038.39 3794.66
10.1446 778.137  1544.1 2291.57 3042.39 3799.66
10.1446 779.137 1546.13 2294.57 3046.38 3804.64
10.1446 780.154 1548.14 2297.57 3050.38  3809.6
10.1578 781.154 1550.16 2300.57 3054.35  3814.6
 10.171 782.154 1552.18 2303.57 3058.32  3819.6
10.1843 783.154 1554.18 2306.58 3062.32 3824.59
10.1843 784.165 1556.18 2309.56 3066.32 3829.59
10.1973 785.166 1558.17 2312.56 3070.32 3834.59
10.2105 786.166 1560.17 2315.56 3074.32 3839.58
10.2105 787.183 1562.19 2318.56 3078.32 3844.54
10.2105 788.202 1564.19 2321.56 3082.32 3849.52
10.2105 789.222 1566.19 2324.56 3086.32  3854.5
10.2238 790.222 1568.19 2327.56 3090.32 3859.49
10.2238 791.238 1570.21 2330.56 3094.32 3864.46
10.2238  792.25 1572.21 2333.54 3098.32 3869.46
10.2238 793.265 1574.23 2336.54 3102.29 3874.46
10.2238 794.277 1576.24 2339.52 3106.29 3879.46
10.2238 795.295 1578.24 2342.52 3110.27 3884.46
10.2238 796.307 1580.24  2345.5 3114.27 3889.46
10.2368 797.307 1582.26  2348.5 3118.24 3894.46
10.2368 798.328 1584.26  2351.5 3122.23 3899.44
10.2498 799.344 1586.26  2354.5 3126.21 3904.44
10.2629 800.344 1588.26  2357.5  3130.2 3909.43
10.2759 801.344 1590.27 2360.48  3134.2 3914.43
 10.289 802.344 1592.27 2363.48  3138.2 3919.42
10.3018 803.344 1594.25 2366.48  3142.2 3924.42
10.3018 804.364 1596.25 2369.48  3146.2  3929.4
10.3018 805.375 1598.26 2372.46  3150.2  3934.4
10.3148 806.375 1600.27 2375.44  3154.2  3939.4
10.3148 807.375 1602.29 2378.44  3158.2 3944.38
10.3148 808.387  1604.3 2381.42  3162.2 3949.38
10.3275 809.388 1606.28 2384.42  3166.2 3954.38
10.3405 810.405 1608.28 2387.42  3170.2 3959.35
10.3535 811.421 1610.28 2390.42 3174.17 3964.35
10.3535 812.421 1612.28 2393.43 3178.17 3969.34
10.3662 813.421 1614.27 2396.43 3182.17 3974.34
10.3792 814.421 1616.29 2399.43 3186.17 3979.31
10.3921 815.421  1618.3 2402.41 3190.17 3984.31
10.3921 816.421 1620.32 2405.41 3194.15 3989.31
 10.405 817.421 1622.33 2408.41 3198.15 3994.28
 10.405 818.421 1624.36 2411.41 3202.15 3999.26
10.4179 819.437 1626.36 2414.41 3206.12 4004.26
10.4179 820.437 1628.38 2417.41 3210.11 4009.24
10.4179 821.437  1630.4 2420.41 3214.11 4014.22
10.4308 822.437 1632.42 2423.41 3218.08 4019.22
10.4436 823.437 1634.42 2426.39 3222.08 4024.22
10.4436 824.451 1636.44 2429.39 3226.05 4029.22
10.4436 825.469 1638.44 2432.39 3230.04 4034.22
10.4565 826.486 1640.44 2435.39 3234.04 4039.19
10.4692 827.487 1642.42 2438.39 3238.04 4044.19
10.4818 828.488 1644.41 2441.39 3242.04 4049.19
10.4946 829.498 1646.41 2444.37 3246.04 4054.19
10.4946 830.517 1648.41 2447.37 3250.04 4059.17
10.5074 831.532 1650.41 2450.37 3254.01 4064.17
10.5074 832.532 1652.43 2453.37 3257.99 4069.17
10.5074 833.547 1654.44 2456.37 3261.96 4074.17
10.5203 834.547 1656.44 2459.37 3265.95 4079.17
10.5203 835.547 1658.47 2462.37 3269.95 4084.15
10.5203 836.547 1660.47 2465.38 3273.94 4089.14
10.5203 837.564 1662.47 2468.38 3277.93 4094.14
10.5203 838.564 1664.49 2471.38 3281.91 4099.14
10.5329 839.575 1666.49 2474.36 3285.91 4104.14
10.5457 840.575 1668.49 2477.36 3289.91 4109.12
10.5457 841.589  1670.5 2480.36 3293.88 4114.12
10.5585 842.589 1672.52 2483.36 3297.88 4119.09
10.5585 843.589 1674.54 2486.36 3301.88 4124.07
10.5712 844.606 1676.54 2489.36 3305.88 4129.04
10.5712 845.625 1678.54 2492.37 3309.88 4134.02
10.5712 846.639 1680.55 2495.37 3313.85 4139.02
10.5712 847.658 1682.55 2498.37 3317.85    4144
10.5712 848.678 1684.55 2501.37 3321.85 4148.99
10.5712 849.692 1686.57 2504.37 3325.82 4153.99
10.5838 850.707 1688.57 2507.37 3329.79 4158.99
10.5838 851.725 1690.57 2510.37 3333.77 4163.99
10.5964 852.725 1692.58 2513.37 3337.75 4168.99
10.6091 853.725  1694.6 2516.37 3341.75 4173.95
10.6091 854.743  1696.6 2519.37 3345.75 4178.93
10.6091 855.743 1698.62 2522.37 3349.73 4183.93
10.6091 856.762 1700.62 2525.37 3353.73 4188.91
10.6091 857.782 1702.62 2528.37 3357.72  4193.9
10.6216 858.792 1704.62 2531.35 3361.72  4198.9
10.6342 859.792 1706.62 2534.35 3365.71  4203.9
10.6342 860.811 1708.62 2537.35 3369.71 4208.88
10.6468 861.811 1710.62 2540.35  3373.7 4213.87
10.6468 862.811 1712.64 2543.35  3377.7 4218.85
10.6468 863.829 1714.64 2546.35  3381.7 4223.83
10.6591  864.83 1716.63 2549.35  3385.7 4228.83
10.6716  865.83 1718.64 2552.35 3389.68 4233.83
10.6716 866.844 1720.65 2555.35 3393.65 4238.83
10.6716 867.844 1722.67 2558.35 3397.63 4243.83
10.6716 868.862 1724.67 2561.35 3401.61 4248.83
10.6716  869.88 1726.67 2564.35 3405.61 4253.81
10.6716   870.9 1728.67 2567.35 3409.61  4258.8
10.6716   871.9 1730.67 2570.36  3413.6 4263.79
10.6841   872.9 1732.67 2573.36  3417.6 4268.78
10.6965  873.91 1734.67 2576.34  3421.6 4273.78
10.6965 874.924 1736.69 2579.34 3425.57 4278.78
10.7089 875.924 1738.69 2582.34 3429.57 4283.77
10.7089 876.924 1740.71 2585.34 3433.57 4288.75
10.7089  877.94 1742.72 2588.34 3437.57 4293.72
10.7089  878.94 1744.75 2591.34 3441.56  4298.7
10.7214  879.94 1746.75 2594.35 3445.56 4303.69
10.7337  880.95 1748.75 2597.32 3449.56 4308.69
10.7337 881.968 1750.75 2600.33 3453.56 4313.67
10.7461 882.968 1752.75 2603.33 3457.54 4318.67
10.7461 883.986 1754.75 2606.33 3461.53 4323.67
10.7461 884.997 1756.75 2609.31 3465.53 4328.67
10.7583 885.997 1758.76 2612.29 3469.53 4333.67
10.7583 887.014 1760.76 2615.29 3473.51 4338.67
10.7583 888.014 1762.78 2618.29 3477.49 4343.67
10.7583 889.031 1764.78 2621.29 3481.48 4348.67
10.7583 890.049 1766.78 2624.29 3485.46 4353.67
10.7706 891.049 1768.79 2627.27 3489.46 4358.67
10.7706  892.06 1770.79 2630.25 3493.46 4363.67
10.7826 893.061 1772.78 2633.25 3497.46 4368.67
10.7949 894.075 1774.78 2636.25 3501.43 4373.67
10.8072 895.075 1776.78 2639.25 3505.43 4378.65
10.8194 896.075 1778.79 2642.25 3509.41 4383.65
10.8194 897.095 1780.79 2645.25  3513.4 4388.64
10.8194  898.11 1782.81 2648.25  3517.4 4393.61
10.8317  899.11 1784.81 2651.26  3521.4 4398.59
10.8317  900.11 1786.83 2654.25 3525.38 4403.59
10.8317 901.128 1788.83 2657.26 3529.38 4408.57
10.8439 902.128 1790.84 2660.24 3533.38 4413.57
10.8561 903.128 1792.84 2663.24 3537.38 4418.55
10.8561 904.128 1794.85 2666.24 3541.37 4423.55
10.8683 905.128 1796.87 2669.24 3545.34 4428.55
10.8805 906.128 1798.87 2672.24 3549.33 4433.55
10.8925 907.129 1800.86 2675.24 3553.33 4438.55
10.9047 908.129 1802.86 2678.22 3557.33 4443.55
10.9047 909.149 1804.86 2681.22 3561.32 4448.54
10.9168 910.163 1806.86 2684.22 3565.29 4453.54
10.9168 911.174 1808.87  2687.2 3569.29 4458.54
 10.929 912.174 1810.87 2690.21 3573.29 4463.53
10.9411 913.174 1812.88 2693.19 3577.29 4468.53
10.9411 914.174  1814.9 2696.19 3581.28 4473.51
10.9411 915.188 1816.91 2699.19 3585.26 4478.51
10.9533 916.204 1818.91 2702.19 3589.26 4483.48
10.9655 917.204 1820.91 2705.19 3593.25 4488.48
10.9776  918.22 1822.91 2708.19 3597.25 4493.45
10.9897  919.23 1824.91 2711.17 3601.25 4498.45
11.0018  920.23 1826.93 2714.17 3605.23 4503.45
 11.014  921.23 1828.93 2717.17 3609.21 4508.45
11.0261 922.244 1830.93 2720.17 3613.19 4513.45
11.0261 923.255 1832.93 2723.15 3617.19 4518.45
11.0382 924.265 1834.93 2726.13 3621.19 4523.45
11.0503 925.265 1836.93 2729.13 3625.19 4528.43
11.0503 926.282 1838.93 2732.13 3629.17 4533.43
11.0503 927.282 1840.95 2735.13 3633.15 4538.43
11.0624 928.291 1842.95 2738.11 3637.15 4543.43
11.0624 929.291 1844.95 2741.12 3641.15 4548.43
11.0624  930.31 1846.95 2744.12 3645.14 4553.41
11.0624  931.31 1848.97 2747.12 3649.14  4558.4
11.0624  932.31 1850.97 2750.13 3653.13 4563.39
11.0624  933.31    1853 2753.13 3657.12 4568.38
11.0624  934.31    1855 2756.14 3661.12 4573.37
11.0743  935.31    1857 2759.12 3665.12 4578.37
11.0864  936.31 1859.02 2762.12 3669.12 4583.34
11.0983  937.31 1861.03  2765.1 3673.12 4588.34
11.0983 938.327 1863.03  2768.1 3677.11 4593.34
11.1104 939.327 1865.03  2771.1 3681.11 4598.33
11.1224 940.327 1867.03  2774.1 3685.09 4603.33
11.1224 941.344 1869.03  2777.1 3689.08 4608.33
11.1345 942.344 1871.03  2780.1 3693.07 4613.32
11.1465 943.344 1873.03  2783.1 3697.06 4618.32
11.1585 944.344 1875.03  2786.1 3701.05 4623.32
11.1705 945.359 1877.03  2789.1 3705.05 4628.29
11.1825 946.359 1879.03 2792.11 3709.05 4633.28
11.1944  947.36 1881.01 2795.11 3713.05 4638.28
11.2063 948.374 1883.01 2798.11 3717.02 4643.28
11.2063 949.374 1885.04 2801.11 3721.01 4648.26
11.2182 950.375 1887.02 2804.11 3725.01 4653.26
11.2301 951.389 1889.02 2807.11 3728.99 4658.26
11.2301   952.4 1891.03 2810.09 3732.99 4663.26
11.2421   953.4 1893.05 2813.09 3736.99 4668.23
11.2541 954.415 1895.05 2816.09 3740.99 4673.21
11.2541 955.415 1897.07 2819.09 3744.99 4678.19
 11.266 956.425 1899.07 2822.07 3748.99 4683.19
11.2779 957.425 1901.07 2825.07 3752.97 4688.19
11.2899 958.425 1903.07 2828.07 3756.96 4693.19
11.3019  959.44 1905.07 2831.07 3760.96 4698.16
11.3139  960.44 1907.07 2834.07 3764.95 4703.16
11.3139 961.459 1909.07 2837.07 3768.94 4708.15
11.3139 962.459 1911.09 2840.07 3772.93 4713.13
11.3139  963.47 1913.09 2843.06 3776.93 4718.13
11.3139  964.48  1915.1 2846.04 3780.93 4723.13
11.3258  965.48  1917.1 2849.04 3784.92 4728.13
11.3377 966.494  1919.1 2852.04 3788.89 4733.13
11.3496 967.494  1921.1 2855.04 3792.88 4738.13
11.3614 968.495 1923.09 2858.04 3796.88 4743.13
11.3614 969.495 1925.11 2861.04 3800.87 4748.12
11.3731 970.496  1927.1 2864.04 3804.87 4753.12
 11.385 971.511  1929.1 2867.04 3808.87 4758.09
11.3969 972.511 1931.11 2870.04 3812.85 4763.09
11.4087 973.511 1933.12 2873.02 3816.85 4768.09
11.4087 974.511 1935.14 2876.02 3820.85 4773.07
11.4206 975.511 1937.15 2879.02 3824.85 4778.05
11.4206 976.511 1939.17 2882.02 3828.83 4783.05
11.4206 977.511 1941.19 2885.02 3832.82 4788.03
11.4206 978.511 1943.21 2888.02 3836.82 4793.01
11.4325 979.511 1945.21 2891.02 3840.81 4798.01
11.4444 980.511 1947.21 2894.02 3844.81    4803
11.4444 981.511 1949.23 2897.02  3848.8 4807.99
11.4561 982.511 1951.24 2900.01  3852.8 4812.99
11.4561 983.511 1953.26    2903 3856.78 4817.99
11.4561 984.511 1955.28    2906 3860.77 4822.98
 11.468 985.511 1957.28 2909.01 3864.77 4827.96
11.4798 986.511 1959.28 2912.01 3868.76 4832.96
11.4798 987.511  1961.3 2915.01 3872.74 4837.96
11.4798 988.525 1963.31 2918.01 3876.72 4842.96
11.4916 989.525 1965.32 2921.01 3880.69 4847.96
11.5033 990.525 1967.33 2923.99 3884.69 4852.96
11.5151 991.525 1969.34 2926.99 3888.67 4857.96
11.5151 992.541 1971.34 2929.99 3892.65 4862.96
11.5151 993.554 1973.35 2932.99 3896.63 4867.96
11.5269 994.554 1975.35 2935.99 3900.62 4872.95
11.5269 995.568 1977.37 2938.99 3904.62 4877.92
11.5386 996.568 1979.38 2941.99  3908.6 4882.92
11.5386 997.582 1981.39 2944.99 3912.57 4887.92
11.5386 998.582 1983.41 2947.99 3916.56 4892.92
11.5386   999.6 1985.41 2950.99 3920.55 4897.91
11.5504  1000.6 1987.41 2953.99 3924.55 4902.91
11.5621  1001.6 1989.43 2956.99 3928.55 4907.88
11.5738 1002.61 1991.43 2959.97 3932.55 4912.88
11.5738 1003.62 1993.43 2962.95 3936.55 4917.88
11.5855 1004.62 1995.45 2965.95 3940.55 4922.85
 11.597 1005.62 1997.44 2968.95 3944.55 4927.85
 11.597 1006.63 1999.44 2971.93 3948.55 4932.85
11.6087 1007.65 2001.44 2974.93 3952.55 4937.82
11.6204 1008.65 2003.44 2977.93 3956.54 4942.82
11.6204 1009.66 2005.46 2980.93 3960.54 4947.79
11.6204 1010.68 2007.46 2983.93 3964.53 4952.79
 11.632 1011.68 2009.46 2986.91 3968.53 4957.79
11.6435 1012.68 2011.45 2989.91 3972.53 4962.79
11.6552 1013.68 2013.46  2992.9 3976.53 4967.79
11.6552 1014.68 2015.46  2995.9 3980.52 4972.78
11.6552 1015.69 2017.46 2998.91 3984.52 4977.76