      1 3.66667 3.66667       4       5 3.66667
      1 5.60784 5.60784 6.11765       9 8.66667
1.39291 6.60784 7.81123 8.52135      13 13.6667
1.39291 8.49003 10.0362 11.5213      17 17.5595
1.65322 10.0766 12.0362 13.6744      21 22.5595
1.93916 11.0766  14.118 16.6744 24.6322 27.5595
1.93916 12.0766   16.46 19.6744 28.7184 32.1313
1.93916 13.6744   18.46 22.2773 32.5178 37.1313
1.93916 14.6744  20.728 25.0143 36.5129 42.1313
2.15304 15.6744  22.728 27.7732 40.5401 47.1313
2.31231 16.8338 24.4093 30.7732 44.5401 52.1313
2.49385 18.1555 26.4093 33.7732 48.0369 57.1313
2.49385 19.1555 28.6056 36.5819 52.0319 62.1313
2.67245 20.5273 30.6056 39.5819 56.0319 66.5809
2.67245 21.5273 32.8433  42.476 60.0319  71.449
2.84734 22.5273 34.9927  45.476 64.0319 76.1248
3.02654 23.5273 36.9927  48.476 68.0617 80.9157
3.02654 24.8224  39.029 51.1445 72.0617 85.9157
3.02654 26.1483 41.1138 54.1445 76.0617  90.505
3.19049 27.1483 43.1138 57.0777 80.0617 95.4079
3.19049 28.4593 45.1957 60.0777 84.0617 100.015
3.19049 29.7224 47.2017 63.0777 87.7927 105.015
3.19049 30.9855 49.2076 66.0777 91.5236 110.015
3.19049 32.2888 51.2772 69.0777 95.5236 114.642
3.30082 33.4053 53.0504 72.0777 99.5236 119.642
3.30082 34.4053 55.2177 75.0224 103.524  124.53
3.41794 35.6261 57.2177 77.6845 107.524  129.53
3.41794 36.8707 59.2167 80.6845  111.28  134.53
3.41794 37.8707 61.3745 83.6245  115.28 139.432
 3.5362 38.8707 63.3745 86.5178 119.269 144.432
3.65529 39.8707 65.3745 89.5178 123.285 149.296
3.65529 40.8707 67.5023 92.5178 127.298 154.156
3.76695 41.8707 69.5644  95.344 131.298 159.156
3.76695 43.1182 71.5644 98.1847  135.21 164.156
3.76695 44.3886 73.5644 101.078  139.21 168.993
3.76695 45.3886 75.6841 104.078 143.221 173.862
 3.8683 46.6098 77.6841 107.078 147.221 178.539
3.97318 47.6098 79.6841 109.981 151.213 183.539
3.97318 48.8137  81.699 112.762 155.213 188.539
4.06918 49.9931  83.699 115.487 159.213 193.539
4.16928 50.9931  85.758 118.328 163.213 198.539
4.25804 52.0787 87.5837 121.328 167.213 203.539
4.25804 53.0787 89.6857 124.328 171.226 208.424
4.25804 54.0787 91.7809 127.232 175.226 213.424
4.35558 55.0787 93.7809 130.232  179.24 218.313
4.35558 56.2788 95.8242 133.232  183.24  223.07
4.44544 57.4399 97.8242 135.981  187.24  228.07
4.53757 58.4399 99.8516 138.981  191.12  233.07
4.53757 59.6508 101.852 141.981  195.08 237.899
4.63092 60.6508 103.852 144.981 199.093 242.792
4.71901 61.8046 105.852 147.739 203.093 247.792
4.71901 62.9804 107.865  150.55 207.093 252.792
4.71901 64.1849 109.865  153.55 211.054 257.627
4.80873 65.1849 111.865  156.55 215.066 262.525
 4.8957 66.1849 113.889  159.55 218.956 267.525
 4.8957 67.3925 115.889 162.461 222.956 272.406
4.98476 68.3925 117.889 165.416 226.956 277.362
4.98476 69.5726 119.923 168.416 230.956 282.148
5.06973 70.5726 121.967 171.287 234.956 287.148
5.15723 71.5726 123.967 174.243 238.956 292.104
5.15723 72.7701 125.967 177.159 242.956 296.991
5.24238 73.7701 127.967 180.159 246.968 301.894
5.32279 74.9016 129.967 183.159 250.756 306.894
5.40706 75.9016 132.024 186.159 254.756 311.753
5.48792 77.0367 134.024 188.943 258.756 316.753
5.48792 78.2173 136.024 191.943 262.721 321.607
5.56756 79.3523 138.024 194.728 266.721 326.607
5.56756 80.5193 140.054 197.728 270.721  331.41
5.56756 81.6742 142.063 200.564 274.721  336.41
 5.6486 82.6742 144.063 203.484  278.72  341.41
 5.6486 83.8192 146.058 206.484  282.58  346.41
 5.6486 84.9951 148.058 209.484 286.544  351.27
 5.7253 86.1491 150.058 212.484 290.544 356.039
 5.7253 87.2939 152.052 215.484 294.405 361.039
 5.7253 88.4692 154.052 218.484 298.369   365.9
5.79822  89.596 156.052 221.484  302.17   370.9
5.79822 90.7784 158.052 224.407  306.17 375.795
5.87389 91.7784 160.052 227.335 310.165 380.795
5.87389 92.7784 162.121 230.335 314.174 385.717
5.87389 93.9256 164.126 233.184 318.174 390.717
5.94851 94.9256 166.126 236.146 322.174  395.68
6.02312 95.9256 168.126 239.108 326.174 400.643
6.02312 97.0633  170.12 242.108 330.043 405.643
6.09559 98.0633 172.167 245.108 334.043 410.524
6.09559 99.0633 174.229 248.044 338.044 415.524
6.16841 100.063 176.229 251.007 342.044 420.488
6.16841 101.063 178.294 254.007 346.052 425.415
6.16841 102.063 180.359 257.007  350.06 430.342
6.23882 103.063 182.359 259.941 354.056 435.342
6.30641  104.18 184.359 262.757 358.056 440.342
 6.3751 105.315 186.359 265.757 362.056 445.139
 6.3751 106.315 188.422 268.757 366.064 450.067
 6.3751 107.315 190.482 271.695 370.066 455.067
 6.3751 108.465 192.482 274.695 374.035 459.947
 6.3751 109.616 194.482 277.695 378.004 464.828
6.44096 110.749 196.482 280.695 382.004 469.629
6.44096 111.894 198.482 283.598 385.955 474.629
6.44096 113.045 200.482 286.598 389.924  479.51
6.44096 114.045 202.539 289.539 393.925  484.51
6.44096 115.194 204.539 292.539 397.894 489.392
6.44096 116.318 206.535 295.539 401.776 494.392
6.50255  117.43 208.535 298.366 405.776 499.392
6.50255  118.43 210.591 301.308 409.777 504.392
6.56479  119.43 212.607 304.308 413.699 509.392
6.56479 120.575 214.607 307.308 417.667 514.278
6.56479 121.575 216.666 310.308 421.674 519.212
6.56479 122.726 218.666 313.244 425.674 524.125
6.56479 123.726 220.736  316.21 429.674 529.088
6.56479 124.864 222.736 319.119 433.627 534.088
6.62288 125.969 224.736 322.119 437.464 539.088
6.68114 127.077 226.736 324.953 441.464 544.088
6.74163 128.077 228.736 327.895 445.462 549.088
6.74163 129.224 230.736 330.831 449.462 554.005
6.80094 130.224 232.766 333.742 453.462 559.005
6.86026 131.224 234.796 336.653 457.462 564.005
6.86026 132.369 236.796 339.589 461.462 568.924
6.86026 133.369 238.852 342.589 465.467 573.863
6.86026 134.483 240.848 345.589 469.357 578.863
6.86026 135.611 242.867 348.589 473.357 583.716
6.91367 136.666 244.758 351.589 477.357 588.716
6.96708 137.722 246.649 354.589 481.357 593.716
6.96708 138.836 248.643 357.589 485.249 598.716
6.96708 139.949 250.637 360.589 489.141 603.716
6.96708 140.949 252.687 363.538 493.142 608.716
7.02157 142.052 254.687 366.381 497.142 613.716
7.02157 143.164 256.682 369.381 501.035 618.716
7.07727 144.164 258.718 372.381 505.035 623.624
7.13335 145.164 260.718 375.381 509.037 628.566
7.13335 146.164 262.767 378.332 513.038 633.566
7.18774 147.279 264.767 381.332 517.038 638.397
7.24338 148.279 266.767 384.332  521.04 643.339
7.29937 149.279 268.767 387.303  525.04 648.312
7.35502 150.279 270.767 390.303 529.043 653.254
7.40871 151.376 272.767 393.152 533.043 658.254
7.46434 152.376 274.767 396.152 537.045 663.197
  7.519 153.376 276.779 399.152 540.978 668.197
7.57367 154.376 278.791 402.152 544.911 673.197
7.57367   155.5 280.791 405.152 548.881 678.102
7.57367 156.617 282.807 408.152 552.881  682.97
7.57367 157.738 284.807 411.073 556.839  687.97
7.57367 158.846 286.809 413.963 560.839  692.97
7.57367 159.846 288.867 416.933 564.839 697.942
7.62643 160.846 290.879 419.933 568.773 702.942
7.68008 161.846 292.879 422.933 572.775 707.887
7.68008 162.968 294.879 425.933 576.745 712.794
7.68008 164.071 296.874 428.933 580.648 717.794
7.68008 165.071 298.921 431.933 584.651 722.743
7.73231 166.071 300.954 434.933 588.651 727.658
7.73231 167.071 303.011 437.905 592.651  732.63
7.73231 168.175 305.013 440.798 596.651  737.63
7.73231 169.286 307.028 443.798 600.651 742.504
7.73231 170.405 309.028 446.798 604.623 747.413
7.78243  171.51 311.028 449.798 608.623 752.258
7.78243  172.51 313.072 452.754 612.623 757.258
7.78243 173.629 315.072 455.754 616.594 762.168
7.83192 174.733 317.072 458.754 620.594 767.014
7.83192 175.851 319.072 461.754 624.567 771.924
7.83192 176.962 321.087 464.754 628.567 776.798
7.83192 178.064 323.088 467.651 632.567 781.798
7.88175 179.064 325.088 470.626 636.567 786.773
7.88175 180.163 327.083 473.626 640.473 791.773
7.93002 181.266 329.083 476.626 644.473 796.621
7.97849 182.266 331.095 479.626 648.413 801.621
8.02606 183.353 333.095 482.626 652.278 806.621
8.07556 184.353 335.095 485.603 656.278 811.596
8.12382 185.455 337.095 488.603 660.278 816.446
8.12382 186.455 339.139 491.603 664.283 821.397
8.17248 187.455  341.17 494.603 668.283 826.317
8.17248 188.565  343.17 497.533 672.242 831.317
8.22137 189.565  345.17  500.51 676.242 836.291
8.26928 190.565 347.182  503.51 680.183 841.291
8.31638 191.651 349.182 506.377 684.183 846.291
8.36474 192.651 351.212 509.377 688.183 851.212
8.41362 193.651 353.212 512.354 692.183 856.187
8.45908 194.697 355.121 515.354 696.183 861.187
8.45908 195.697 357.163 518.354 700.187  866.14
8.45908 196.804 359.163 521.286 704.148  871.14
8.45908 197.804 361.214 524.262 708.148 876.113
8.45908 198.804 363.214 527.246 712.178   881.1
8.50514 199.887 365.214 530.117 716.178   886.1
8.55259 200.887 367.214 533.075 720.173   891.1
8.55259 201.978 369.209 536.075 724.086   896.1
8.55259 203.079 371.222 539.075 728.086 900.985
8.59816 204.161 373.222 541.947 732.086 905.985
8.64373 205.243 375.222 544.819 736.086 910.985
8.69065 206.243 377.222 547.777 740.082 915.985
8.69065 207.243 379.222 550.759 744.112 920.973
8.69065 208.343 381.234 553.759 748.112  925.86
8.69065 209.447 383.234 556.693 752.075  930.86
8.69065 210.537 385.229 559.693 755.989  935.86
8.73687 211.537 387.229  562.67 759.989 940.838
8.78309 212.537 389.229 565.646 763.989 945.815
8.82909 213.537 391.229 568.646  767.99 950.768
8.82909 214.646 393.229 571.599  771.99 955.706
8.82909 215.744 395.241 574.599  775.99 960.596
8.82909 216.846 397.241 577.534 779.954 965.596
8.87161 217.891 399.154 580.534 783.954 970.596
8.91683 218.891 401.154 583.493  787.95 975.596
8.91683 219.891 403.191 586.456  791.95 980.596
8.96209 220.891 405.191 589.433  795.95 985.573
8.96209 221.891 407.229 592.433 799.954 990.531
9.00563 222.969 409.229 595.311 803.954 995.531
9.05022 223.969 411.256 598.311 807.954 1000.46
9.09465 224.969 413.274 601.248 811.954 1005.46
9.13968 225.969 415.274 604.225 815.954 1010.44
9.13968 227.054 417.269 607.225 819.874 1015.44
9.18164 228.097 419.185 610.225 823.874 1020.44
9.22622 229.097 421.185 613.225 827.874 1025.39
9.22622 230.201 423.185  616.18 831.874 1030.33
9.27059 231.201 425.185  619.18 835.875 1035.29
9.27059 232.201 427.185 622.163 839.903 1040.28
9.27059 233.294 429.196 625.163 843.903 1045.17
9.27059 234.294 431.196 628.147  847.93 1050.16
9.27059 235.386 433.206 631.147  851.93 1055.06
9.31433 236.386 435.206 634.125  855.93 1060.04
9.35807 237.386 437.206 637.103  859.93 1065.02
9.35807 238.386 439.241 640.068 863.932 1070.02
9.35807 239.481 441.241 643.006 867.898 1075.02
9.40101 240.481 443.265 646.006 871.898 1079.95
9.44435 241.481 445.265 648.984 875.898 1084.93
9.44435 242.481 447.265 651.969 879.926 1089.92
9.48607 243.552 449.265 654.969 883.813 1094.92
9.48607 244.651 451.265 657.926 887.813 1099.86
9.52901 245.651 453.265 660.904 891.813 1104.84
9.57105 246.735 455.265 663.904 895.813 1109.71
9.57105 247.735 457.308 666.882 899.813 1114.69
9.61307 248.735 459.315 669.882 903.763 1119.69
9.61307 249.815  461.31 672.882 907.688 1124.69
9.61307 250.896 463.305 675.882 911.613 1129.69
9.65413 251.967 465.305  678.77 915.613 1134.69
9.69562  253.05 467.305  681.77 919.613 1139.57
9.73798  254.05 469.305 684.748 923.613 1144.55
9.78011  255.05 471.305 687.711 927.609 1149.55
9.78011  256.05 473.305 690.695 931.635 1154.53
 9.8221  257.05 475.305 693.695 935.635 1159.49
 9.8221  258.14 477.305 696.637 939.603 1164.49
9.86341  259.14 479.312 699.637 943.554 1169.49
9.86341 260.233 481.312 702.637 947.532 1174.42
9.90397 261.303 483.312 705.527 951.532 1179.42
9.90397 262.303 485.312 708.511 955.558 1184.41
9.90397 263.392 487.312 711.454 959.526 1189.41
9.94526 264.392 489.312 714.454 963.526 1194.37
 9.9865 265.392 491.312 717.417 967.522 1199.37
10.0278 266.392 493.312 720.417 971.522 1204.33
10.0278 267.392 495.312 723.402 975.547 1209.32
10.0278 268.392 497.312 726.387 979.573 1214.31
10.0278 269.392 499.312 729.371 983.598  1219.3
10.0278 270.476 501.321 732.371 987.598 1224.21
10.0278 271.555 503.321 735.293 991.598 1229.21
10.0679 272.555 505.337 738.237 995.598 1234.21
10.0679 273.648 507.337 741.197 999.598 1239.15
10.1082 274.648 509.337  744.16 1003.59 1244.15
10.1082 275.648 511.368 747.127  1007.6 1249.15
10.1483 276.648 513.368 750.091 1011.59 1254.15
10.1874 277.715 515.368 752.984 1015.59 1259.15
10.1874 278.715 517.399 755.984  1019.6 1264.12
10.1874 279.715 519.438 758.964  1023.6  1269.1
10.1874 280.789 521.433 761.964 1027.53  1274.1
10.1874 281.871 523.442 764.964 1031.53 1279.01
10.1874 282.945 525.437 767.964 1035.46 1284.01
10.2263 283.945 527.444 770.964 1039.41 1289.01
10.2263 285.019 529.439 773.964 1043.34 1294.01
10.2263 286.104 531.439 776.909 1047.31 1299.01
10.2634  287.14 533.365 779.909 1051.31 1304.01
10.3015 288.207 535.365 782.804 1055.31 1309.01
10.3015 289.288 537.373 785.804 1059.31 1313.92
10.3401 290.288 539.388 788.751 1063.31 1318.92
10.3786 291.288 541.394 791.751 1067.27 1323.92
10.3786 292.377 543.394 794.711 1071.27 1328.87
10.3786 293.463 545.394 797.711 1075.25  1333.8
10.3786 294.463 547.432 800.691 1079.25 1338.79
10.4171 295.463 549.432 803.691 1083.25 1343.75
10.4557 296.463 551.432 806.671 1087.25 1348.73
10.4939 297.463 553.446 809.618 1091.25 1353.73
10.4939 298.545 555.446 812.564 1095.22 1358.73
10.4939 299.633 557.446 815.525 1099.22 1363.68
10.5322 300.633 559.446 818.505 1103.22 1368.66
10.5322 301.633 561.476 821.505 1107.22 1373.63
10.5322 302.633 563.506 824.474 1111.22 1378.63
10.5683 303.669 565.434 827.474 1115.22 1383.63
10.5683  304.75 567.434 830.421  1119.2 1388.63
10.5683 305.834 569.434 833.421 1123.18 1393.57
10.5683 306.912 571.442 836.421 1127.18 1398.48
10.6039 307.948  573.37 839.421 1131.18 1403.48
10.6039 309.019 575.365 842.421 1135.11 1408.48
10.6039  310.09 577.359 845.421 1139.04 1413.48
10.6039 311.177 579.359 848.383 1143.04 1418.43
10.6409 312.177 581.378 851.383 1147.04 1423.38
10.6771  313.24 583.378 854.283 1151.04 1428.38
10.6771  314.24 585.407 857.283 1155.05 1433.35
10.7141  315.24 587.407 860.283 1159.05 1438.31
10.7141  316.24 589.443 863.264 1163.05 1443.29
10.7501 317.303 591.443 866.165 1167.05 1448.29
10.7501 318.375 593.442 869.093 1171.05 1453.29
10.7866 319.375 595.456 872.043 1175.05 1458.29
10.8231 320.375  597.47 874.992 1179.05 1463.29
10.8231 321.452 599.477 877.992 1183.05 1468.21
10.8589 322.514 601.477 880.894 1187.05 1473.21
10.8937 323.549 603.408 883.894 1191.05 1478.21
10.9301 324.549 605.426 886.894 1195.05 1483.15
10.9664 325.549 607.432 889.894 1199.01 1488.15
10.9664 326.549 609.432 892.879 1203.03 1493.15
10.9664 327.549 611.466  895.86 1207.03 1498.13
10.9664 328.549 613.501 898.841 1211.03 1503.12
11.0018  329.61 615.501 901.744 1215.03 1508.12
11.0363 330.645 617.432 904.744 1219.03 1513.12
11.0721 331.645 619.437 907.744 1222.99 1518.12
11.1075 332.704 621.437 910.744 1226.89 1523.12
11.1429 333.763 623.437 913.744  1230.8 1528.12
 11.179 334.763 625.437 916.711 1234.79 1533.12
 11.179 335.845 627.437 919.674 1238.79 1538.07
11.2151 336.845 629.437 922.674 1242.79 1543.04
 11.251 337.845  631.45 925.625 1246.79 1548.04
 11.251 338.845 633.484 928.606 1250.79 1553.02
 11.251 339.921 635.484 931.556 1254.77 1558.02
 11.251 340.988 637.478 934.556 1258.71 1563.02
11.2867 341.988 639.478 937.524  1262.7 1568.02
11.3226 342.988 641.478 940.504  1266.7    1573
11.3567 344.022 643.411 943.504  1270.7    1578
11.3921 345.022 645.416 946.504 1274.66    1583
11.4278 346.022 647.416 949.471 1278.66    1588
11.4632 347.022 649.421 952.471 1282.62    1593
11.4632 348.097 651.421 955.422 1286.59    1598
 11.498 349.154 653.421 958.422  1290.5    1603
11.5328 350.211 655.421 961.422 1294.41    1608
11.5328 351.211 657.453 964.404 1298.41 1612.99
 11.568 352.211 659.458 967.404 1302.37 1617.99
11.6028  353.27 661.458  970.31 1306.37 1622.99
11.6367 354.302 663.392  973.31 1310.37 1627.99
11.6714 355.359 665.392  976.31 1314.28 1632.99
11.7053 356.392 667.325  979.31 1318.28 1637.99
11.7053 357.457  669.32  982.31 1322.22 1642.99
11.7053 358.528 671.325  985.31 1326.22 1647.91
11.7053 359.528 673.351 988.283 1330.22 1652.91
11.7398 360.586 675.351 991.191 1334.22 1657.91
11.7744 361.651 677.351 994.191 1338.22 1662.81
11.8081 362.684 679.285 997.191 1342.22 1667.81
11.8081 363.755  681.29 1000.19 1346.22 1672.74
11.8081  364.83  683.29 1003.19  1350.2 1677.68
11.8431  365.83  685.29 1006.17  1354.2 1682.67
11.8431  366.83 687.315 1009.14  1358.2 1687.67
11.8431 367.903 689.315  1012.1 1362.17 1692.67
11.8777 368.903 691.327 1015.05 1366.17 1697.67
11.8777 369.968 693.321 1018.05 1370.11 1702.67
11.9116 371.024 695.321 1021.05 1374.02 1707.67
11.9116 372.024 697.321 1024.04 1378.04 1712.66
11.9463 373.024 699.321 1027.02 1382.04 1717.65
11.9801 374.079 701.321 1030.02 1385.95 1722.65
11.9801 375.079 703.346 1033.02 1389.96 1727.62
12.0142 376.079 705.351 1036.02 1393.92 1732.62
12.0142 377.151 707.351 1038.97 1397.89 1737.62
12.0478 378.206 709.351 1041.97  1401.8 1742.62
12.0819 379.206 711.355 1044.97 1405.76 1747.62
12.1163 380.206 713.355 1047.95 1409.76 1752.61
12.1506 381.206  715.37 1050.95 1413.76 1757.56
12.1506 382.206 717.395 1053.93 1417.77 1762.56
12.1846 383.206 719.406 1056.88 1421.77 1767.56
12.2182 384.262 721.406 1059.79 1425.77 1772.56
12.2182 385.262 723.406 1062.78 1429.78 1777.55
12.2182  386.33 725.411 1065.78 1433.78 1782.48
12.2521  387.33 727.423 1068.73 1437.78 1787.48
12.2857 388.392 729.423 1071.73 1441.78 1792.38
12.2857 389.465 731.423 1074.73 1445.76 1797.33
12.3196 390.465 733.423  1077.7 1449.76 1802.33
12.3522 391.496 735.359  1080.7 1453.76 1807.33
12.3861 392.496 737.359  1083.7 1457.76  1812.3
12.4201 393.496 739.359 1086.67 1461.75  1817.3
12.4201 394.496 741.383 1089.67 1465.75 1822.27
12.4525 395.526  743.32 1092.67 1469.75 1827.27
 12.486 396.588  745.32 1095.67 1473.75 1832.18
12.5199 397.588  747.32 1098.66 1477.75 1837.16
12.5199 398.654 749.325 1101.66 1481.75 1842.09
12.5199 399.728 751.325 1104.62 1485.75 1847.05
12.5199 400.791 753.323 1107.56 1489.75 1852.05
12.5531 401.853 755.323 1110.56 1493.75 1856.96
12.5531 402.919 757.328 1113.56 1497.75 1861.89
12.5862 403.981 759.328 1116.56 1501.75 1866.79
12.5862 405.047 761.333 1119.56 1505.75 1871.72
12.6193 406.047 763.337 1122.56 1509.72 1876.72
12.6523 407.109 765.337 1125.56 1513.72 1881.63
12.6523 408.109 767.337 1128.55 1517.73 1886.62
12.6523 409.178 769.337  1131.5 1521.71 1891.62
12.6523 410.251 771.337 1134.47 1525.71 1896.58
12.6523 411.251  773.36 1137.45 1529.71 1901.58
12.6852 412.251  775.37  1140.4 1533.71 1906.58
12.6852 413.251 777.398 1143.39 1537.71 1911.57
12.7175 414.304 779.398  1146.3 1541.71 1916.57
  12.75 415.365 781.398  1149.3 1545.71 1921.48
12.7829 416.365 783.409 1152.26 1549.71 1926.48
12.7829 417.437 785.409 1155.23 1553.71 1931.44
12.8158 418.437 787.409 1158.21 1557.71 1936.42
12.8474 419.467 789.347 1161.21 1561.71 1941.42
12.8474 420.467 791.347 1164.19 1565.73 1946.42
12.8474 421.539 793.347 1167.16 1569.73 1951.38
12.8474  422.61 795.347 1170.13 1573.73 1956.34
12.8474 423.672 797.345 1173.07 1577.73 1961.34
12.8801 424.672 799.345 1176.05 1581.73 1966.32
12.9127 425.672 801.345 1179.03 1585.73 1971.31
12.9449 426.732 803.345 1182.03 1589.73 1976.22
12.9774 427.732 805.345 1185.03 1593.73 1981.19
12.9774 428.799 807.345 1187.99  1597.7 1986.19
12.9774 429.799 809.345 1190.98 1601.72 1991.18
13.0091  430.85 811.345 1193.98 1605.64 1996.18
13.0413  431.85 813.349 1196.98  1609.6 2001.18
13.0413 432.914 815.353 1199.98  1613.6 2006.11
13.0734 433.914 817.363 1202.93  1617.6 2011.11
13.1055 434.914 819.366 1205.93 1621.57 2016.11
13.1055 435.975 821.365 1208.88 1625.57 2021.11
13.1373 437.034 823.365 1211.88 1629.57 2026.02
13.1373 438.034 825.387 1214.85 1633.57 2031.02
13.1695 439.034 827.387 1217.83 1637.57 2036.01
13.2013 440.093 829.387 1220.83 1641.57 2040.92
13.2013 441.156 831.391 1223.83 1645.57 2045.85
13.2013 442.156 833.391 1226.82 1649.59 2050.84
13.2013 443.224 835.391 1229.82 1653.57 2055.79
13.2013 444.291 837.391 1232.82 1657.55 2060.75
13.2325 445.341 839.391 1235.82 1661.47 2065.75
13.2637 446.392 841.391 1238.74 1665.47 2070.75
13.2949 447.443 843.391 1241.74 1669.39 2075.75
13.3264 448.501 845.391 1244.74 1673.39 2080.66
 13.357  449.53 847.331 1247.74 1677.39 2085.66
 13.357 450.596 849.331  1250.7 1681.36 2090.66
 13.357 451.656 851.329 1253.64 1685.36 2095.66
13.3887 452.656 853.329 1256.61 1689.36 2100.66
13.4204 453.656 855.329 1259.59 1693.36 2105.64
13.4204 454.656 857.356 1262.58 1697.36 2110.63
13.4519 455.656 859.365 1265.54 1701.36 2115.63
13.4519 456.656 861.386 1268.51 1705.36 2120.63
13.4834 457.656 863.386 1271.51 1709.36  2125.6
13.5148 458.656 865.399 1274.51 1713.36 2130.56
13.5452 459.685  867.34 1277.51 1717.36 2135.56
13.5452 460.744 869.338 1280.46 1721.36 2140.56
13.5452 461.744 871.359 1283.46 1725.36 2145.53
13.5452 462.808 873.359 1286.42 1729.34 2150.53
13.5452 463.808 875.381 1289.42 1733.34 2155.51
13.5452 464.865 877.375 1292.42 1737.29 2160.51
13.5762 465.865 879.388 1295.42 1741.29 2165.47
13.6073 466.865   881.4 1298.42 1745.29 2170.42
13.6385 467.865   883.4 1301.39 1749.29 2175.42
13.6385 468.865 885.421 1304.37 1753.29 2180.42
13.6684 469.893 887.363 1307.37 1757.29 2185.42
13.6684 470.958 889.363 1310.37 1761.27 2190.38
 13.699 472.014 891.363 1313.37 1765.27 2195.29
 13.699 473.014 893.384 1316.34 1769.27 2200.29
13.7298 474.014 895.393  1319.3 1773.27 2205.29
13.7602 475.063 897.393  1322.3 1777.19 2210.29
13.7911 476.063 899.393 1325.28 1781.19 2215.29
13.7911 477.063 901.414 1328.25 1785.19 2220.29
13.7911 478.129 903.414 1331.22 1789.19 2225.25
13.7911 479.196 905.414 1334.19 1793.19 2230.22
13.8213 480.244 907.414 1337.19 1797.11 2235.22
13.8509 481.272 909.356 1340.19 1801.11 2240.22
13.8814 482.272 911.359 1343.19 1805.08 2245.22
13.9122 483.272 913.359 1346.18 1809.08  2250.2
13.9122 484.329 915.357 1349.12 1813.08  2255.2
13.9122 485.391 917.357 1352.08 1817.06  2260.2
13.9428 486.391 919.357 1355.05 1821.05  2265.2
13.9734 487.391 921.357 1358.03 1825.05  2270.2
13.9734 488.455 923.357 1361.03 1829.03 2275.16
14.0034 489.503 925.357 1364.03 1832.95 2280.16
14.0034 490.562  927.36 1367.03 1836.95 2285.09
14.0034 491.562 929.385 1370.01 1840.95 2290.08
14.0332  492.61 931.385 1373.01 1844.88 2295.08
14.0635  493.61 933.397 1376.01 1848.88 2300.04
14.0936 494.665 935.397 1379.01 1852.88 2304.96
14.1234 495.713 937.397 1381.93 1856.88 2309.96
14.1539 496.713 939.397 1384.92 1860.88 2314.94
14.1539 497.713 941.397 1387.91 1864.89 2319.94
14.1539 498.774 943.397 1390.87 1868.87 2324.94
14.1539 499.836 945.397 1393.83 1872.85 2329.94
14.1839 500.836   947.4 1396.83 1876.82 2334.94
14.2136 501.883   949.4 1399.83 1880.74 2339.94
14.2136 502.883  951.42 1402.83 1884.74 2344.92
14.2136 503.942 953.423 1405.83 1888.74 2349.85
14.2136 505.005 955.423 1408.83 1892.72 2354.81
14.2136 506.069 957.423  1411.8 1896.72 2359.77
14.2434 507.069 959.432 1414.76 1900.72 2364.77
14.2734 508.069 961.432 1417.74 1904.72 2369.76
14.2734 509.125  963.43 1420.69 1908.72 2374.76
14.2734 510.184 965.433 1423.69 1912.72  2379.7
14.3033 511.184 967.433 1426.67 1916.72 2384.69
14.3033 512.242 969.436 1429.67 1920.72 2389.62
14.3033 513.242 971.461 1432.66 1924.72 2394.61
 14.333 514.242 973.461 1435.66 1928.72 2399.59
14.3622 515.289 975.461 1438.66 1932.64 2404.59
14.3918 516.289 977.469 1441.62 1936.64 2409.59
14.4211 517.342 979.469 1444.62 1940.64  2414.5
14.4211 518.342 981.493 1447.61 1944.64 2419.49
14.4211 519.404 983.493 1450.61 1948.63 2424.45
14.4211 520.462 985.497 1453.61 1952.63 2429.39
14.4211 521.462 987.497 1456.59 1956.64 2434.38
14.4495 522.489 989.441 1459.59 1960.64 2439.38
14.4789 523.489  991.45 1462.56 1964.64 2444.38
14.4789 524.552  993.45 1465.53 1968.64 2449.35
14.5072 525.579 995.394 1468.53 1972.64 2454.35
14.5361 526.625 997.394 1471.53 1976.57 2459.35
14.5655 527.625 999.394  1474.5 1980.56 2464.35
14.5947 528.625  1001.4 1477.47 1984.56 2469.35
14.5947 529.625 1003.42 1480.44 1988.57 2474.35
14.5947 530.625 1005.42 1483.43 1992.58 2479.34
14.5947 531.625 1007.44 1486.41 1996.58 2484.34
14.6239 532.625 1009.44 1489.39 2000.58 2489.34
14.6239 533.687 1011.44 1492.36 2004.58 2494.31
14.6239 534.744 1013.44 1495.36 2008.58 2499.25
14.6527 535.797 1015.44 1498.36 2012.58 2504.17
14.6808 536.823 1017.39 1501.36 2016.58 2509.17
14.7089  537.85 1019.33 1504.36 2020.58 2514.17
14.7089 538.902 1021.33 1507.36 2024.53 2519.17
14.7089 539.961 1023.33 1510.32 2028.51 2524.17
14.7089 540.961 1025.33 1513.31 2032.52 2529.17
14.7089 541.961 1027.35 1516.31 2036.53 2534.15
14.7377 542.961 1029.35 1519.29 2040.52 2539.15
14.7664 543.961 1031.35 1522.29 2044.49 2544.15
14.7948 545.007 1033.35 1525.21 2048.49 2549.15
14.7948 546.007 1035.37 1528.19 2052.49 2554.15
14.7948 547.063 1037.37 1531.19 2056.49 2559.09
 14.823 548.109 1039.37 1534.12 2060.49 2564.09
 14.823 549.167 1041.37 1537.08 2064.47 2569.09
14.8517 550.167 1043.37 1540.08 2068.47 2574.06
14.8804 551.167 1045.37 1543.06 2072.47 2579.06
14.9091 552.167 1047.37 1546.03 2076.46 2584.06
14.9373 553.211 1049.37 1549.03 2080.39 2589.06
14.9656 554.257 1051.37 1551.96 2084.39 2594.06
14.9942 555.257 1053.37 1554.93 2088.38 2599.06
14.9942 556.257 1055.39 1557.91 2092.39 2604.06
14.9942 557.257 1057.39  1560.9  2096.4 2609.06
14.9942 558.308 1059.38  1563.9 2100.36 2614.06
15.0226 559.308 1061.39  1566.9 2104.33 2619.06
15.0511 560.308 1063.39  1569.9 2108.32 2624.03
15.0796 561.308 1065.39 1572.88 2112.32 2629.03
 15.108 562.308 1067.39 1575.88 2116.29 2634.03
 15.136 563.351 1069.39 1578.88 2120.22 2639.03
15.1645 564.351  1071.4 1581.88 2124.22 2643.99
15.1925 565.395  1073.4 1584.88 2128.14 2648.99
15.2209 566.395  1075.4 1587.88 2132.11 2653.99
15.2489 567.439  1077.4  1590.8 2136.11 2658.99
15.2774 568.439  1079.4 1593.78 2140.11 2663.99
15.3058 569.439  1081.4 1596.78 2144.08 2668.99
15.3058 570.499  1083.4 1599.75 2148.08 2673.96
15.3058 571.499 1085.42 1602.73 2152.08 2678.96
15.3058 572.499 1087.44 1605.72 2156.08 2683.95
15.3058 573.499 1089.46  1608.7 2160.08 2688.95
15.3058 574.551 1091.46 1611.65 2164.08 2693.95
 15.334 575.551 1093.46 1614.62 2168.08 2698.95
 15.362 576.601 1095.46 1617.62 2172.08 2703.87
 15.362 577.655 1097.46 1620.62 2176.08 2708.82
 15.362 578.655 1099.48 1623.61 2180.08 2713.82
 15.362 579.705 1101.48 1626.61 2184.03 2718.82
 15.362 580.705 1103.49 1629.59 2188.04 2723.82
15.3896 581.748 1105.49 1632.51 2192.04 2728.82
15.4177 582.748 1107.49 1635.51 2196.03 2733.79
15.4457 583.748 1109.49 1638.51 2200.03 2738.77
15.4457 584.804 1111.49 1641.48 2204.01 2743.77
15.4457 585.804 1113.51 1644.46 2208.01 2748.77
15.4732 586.847 1115.51 1647.46 2211.94 2753.77
15.5013 587.847 1117.51 1650.44 2215.94 2758.76
15.5288  588.89 1119.51 1653.37 2219.94 2763.76
15.5567  589.89 1121.51 1656.35 2223.94 2768.76
15.5846  590.89 1123.52 1659.35 2227.94 2773.72
15.5846  591.89 1125.54 1662.35 2231.94  2778.7
15.6125  592.89 1127.54 1665.35 2235.93 2783.67
15.6125 593.941 1129.54  1668.3 2239.93 2788.67
15.6399 594.984 1131.54 1671.23 2243.93 2793.67
15.6399 596.039 1133.54 1674.19 2247.92 2798.67
15.6399 597.088 1135.53 1677.19 2251.87 2803.67
15.6399 598.088 1137.53 1680.18 2255.88 2808.67
15.6399 599.088 1139.55 1683.16 2259.89 2813.67
15.6399 600.088 1141.57 1686.15 2263.89 2818.66
15.6672 601.137 1143.57 1689.15 2267.89 2823.59
15.6948 602.137 1145.58 1692.15 2271.89 2828.55
15.6948 603.185 1147.58 1695.15 2275.84 2833.55
15.6948 604.185  1149.6 1698.14 2279.84 2838.54
15.7214  605.21 1151.55 1701.14 2283.84 2843.54
15.7487  606.21 1153.55 1704.14 2287.81 2848.54
15.7763  607.21 1155.55 1707.12 2291.81 2853.53
15.7763  608.26 1157.55 1710.07 2295.81 2858.53
15.8038  609.26 1159.55 1713.06 2299.81 2863.52
15.8312  610.26 1161.56 1716.06 2303.81 2868.48
15.8312  611.26 1163.58 1719.04 2307.82 2873.48
15.8586  612.26 1165.58 1722.01 2311.81 2878.48
15.8859  613.26 1167.58 1725.01 2315.78 2883.48
15.9129 614.302 1169.58 1727.94 2319.78 2888.48
15.9402 615.302 1171.58 1730.91 2323.78 2893.48
15.9671 616.343 1173.58 1733.91 2327.71 2898.48
15.9671 617.343  1175.6 1736.91 2331.71 2903.46
15.9944 618.343 1177.61 1739.88 2335.71 2908.46
15.9944 619.397 1179.61 1742.84  2339.7 2913.46
16.0217 620.397 1181.62 1745.84  2343.7 2918.43
16.0217  621.45 1183.62 1748.81 2347.68 2923.43
16.0217   622.5 1185.62 1751.76 2351.68 2928.43
16.0217 623.547 1187.61 1754.76 2355.63 2933.43
16.0488 624.547 1189.61 1757.74 2359.63 2938.43
16.0488 625.601 1191.61  1760.7 2363.61 2943.43
16.0755 626.642 1193.61  1763.7 2367.54 2948.43
16.0755 627.696 1195.61  1766.7 2371.53 2953.39
16.0755 628.751 1197.61  1769.7 2375.51 2958.35
16.0755 629.805 1199.61  1772.7  2379.5 2963.31
16.0755 630.854 1201.61 1775.65  2383.5 2968.31
16.1023 631.854 1203.61 1778.65 2387.47 2973.31
16.1023  632.91 1205.61 1781.63 2391.47 2978.28
16.1291  633.91 1207.62 1784.59 2395.47 2983.28
16.1561  634.91 1209.62 1787.58 2399.47 2988.27
16.1827 635.957 1211.62 1790.58 2403.47  2993.2
16.1827 637.013 1213.62 1793.55 2407.47 2998.17
16.2094 638.013 1215.62 1796.55 2411.44 3003.17
16.2359 639.055 1217.62 1799.48 2415.44 3008.17
16.2359 640.102 1219.62 1802.48  2419.4 3013.17
16.2359 641.149 1221.61 1805.48 2423.35 3018.17
16.2359 642.205 1223.61 1808.46 2427.35 3023.14
16.2359 643.258 1225.61 1811.42 2431.33 3028.14
16.2623 644.304 1227.61 1814.42 2435.33 3033.07
16.2623 645.358 1229.61 1817.39 2439.32 3038.07
16.2623 646.412 1231.61 1820.39  2443.3 3043.03
16.2886 647.458 1233.61 1823.39  2447.3 3047.95
16.2886 648.505 1235.61 1826.39 2451.26 3052.95
16.2886 649.505 1237.63 1829.37 2455.26 3057.95
 16.315 650.505 1239.63 1832.34 2459.26 3062.95
16.3415 651.505 1241.64 1835.34 2463.26 3067.91
16.3676 652.546 1243.64 1838.34 2467.19 3072.91
16.3676 653.546 1245.66 1841.34 2471.19 3077.89
16.3676 654.599 1247.66 1844.31 2475.17 3082.89
16.3937 655.645 1249.66 1847.31 2479.17 3087.82
16.4202 656.645 1251.66 1850.31 2483.17  3092.8
16.4202 657.692 1253.66 1853.31 2487.13  3097.8
16.4202 658.744 1255.66 1856.27 2491.11  3102.8
16.4457 659.768 1257.61 1859.27 2495.11  3107.8
16.4457 660.818 1259.61 1862.27 2499.11 3112.75
16.4457 661.818 1261.63 1865.26 2503.11 3117.75
16.4457 662.866 1263.62 1868.21 2507.11 3122.75
16.4715 663.907 1265.62 1871.14 2511.11 3127.75
16.4715 664.954 1267.62 1874.14 2515.07 3132.75
16.4715 666.006 1269.62 1877.11 2519.05 3137.75
16.4968  667.03 1271.57 1880.11 2523.05 3142.75
16.4968 668.078 1273.57 1883.06 2527.05 3147.75
16.4968  669.13 1275.57 1886.03 2531.03 3152.75
16.5229  670.13 1277.57 1889.03 2535.03 3157.72
16.5485  671.17 1279.57 1892.03 2538.96 3162.72
16.5485 672.223 1281.57 1895.03 2542.94 3167.69
16.5485 673.271 1283.57 1897.98 2546.94 3172.69
16.5485 674.271 1285.58 1900.98 2550.94 3177.67
16.5736 675.295 1287.53 1903.98 2554.94 3182.67
16.5736  676.35 1289.53 1906.96 2558.94 3187.64
16.5994  677.35 1291.53 1909.96 2562.92 3192.64
16.6252  678.35 1293.53 1912.96 2566.91 3197.62
 16.651  679.35 1295.54 1915.93 2570.91 3202.62
 16.651  680.35 1297.56 1918.93 2574.91  3207.6
 16.651  681.35 1299.57 1921.91 2578.91  3212.6
 16.651 682.397 1301.57 1924.86 2582.91  3217.6
16.6764 683.437 1303.57 1927.86 2586.85  3222.6
16.6764 684.437 1305.59 1930.84 2590.85  3227.6
16.7022 685.437 1307.59 1933.83 2594.85 3232.59
16.7022 686.484 1309.59 1936.78 2598.85 3237.59
16.7022 687.536 1311.59 1939.78 2602.84 3242.56
16.7022 688.536 1313.59 1942.77 2606.85 3247.55
16.7022 689.536 1315.59 1945.76 2610.86 3252.55
 16.727  690.56 1317.54 1948.76 2614.86 3257.55
16.7524  691.56 1319.54 1951.76 2618.83 3262.55
16.7524  692.56 1321.54 1954.75 2622.84 3267.55
16.7524 693.605 1323.53 1957.75  2626.8 3272.55
16.7775 694.645 1325.53 1960.69  2630.8 3277.55
16.8022 695.668 1327.49 1963.69  2634.8 3282.55
16.8022 696.717 1329.49 1966.69  2638.8  3287.5
16.8022 697.717 1331.51 1969.68  2642.8 3292.49
16.8022 698.717 1333.51 1972.67 2646.82 3297.49
16.8276 699.717 1335.51 1975.64 2650.81 3302.49
16.8529 700.717 1337.52 1978.64 2654.81 3307.46
16.8529 701.764 1339.51  1981.6 2658.81 3312.46
16.8529 702.809 1341.51  1984.6 2662.77 3317.46
16.8529  703.86 1343.51  1987.6 2666.76 3322.42
16.8529 704.911 1345.51 1990.57 2670.74 3327.42
 16.878 705.911 1347.52 1993.54 2674.74 3332.42
 16.878 706.964 1349.52 1996.51 2678.74 3337.39
16.9032 707.964 1351.52 1999.51 2682.73 3342.37
16.9032 708.964 1353.53  2002.5 2686.73 3347.37
16.9279 710.003 1355.53  2005.5 2690.67 3352.37
16.9531 711.003 1357.53  2008.5 2694.67 3357.34
16.9783 712.003 1359.53 2011.48 2698.67 3362.33
16.9783 713.051 1361.54 2014.48 2702.67 3367.28
17.0033 714.051 1363.54 2017.45 2706.67 3372.28
17.0283 715.051 1365.55 2020.42 2710.67 3377.28
17.0283 716.051 1367.56 2023.42 2714.67 3382.27
 17.053  717.09 1369.56 2026.42  2718.6 3387.27
17.0777 718.129 1371.56 2029.36  2722.6 3392.27
17.0777 719.129 1373.58 2032.36  2726.6 3397.25
17.0777 720.129 1375.58 2035.35 2730.62 3402.25
17.0777 721.129 1377.59 2038.35 2734.62 3407.24
17.0777 722.129 1379.61 2041.33 2738.62 3412.23
17.0777 723.177 1381.62 2044.33 2742.62 3417.18
17.1026 724.177 1383.62 2047.31 2746.61 3422.18
17.1274 725.177 1385.62 2050.31 2750.59 3427.18
17.1519 726.215 1387.62 2053.31 2754.52 3432.18
17.1519  727.26 1389.62 2056.27 2758.52 3437.18
17.1768  728.26 1391.62 2059.25 2762.52 3442.17
17.2016  729.26 1393.62 2062.25 2766.52 3447.14
17.2265  730.26 1395.62 2065.24 2770.52 3452.13
 17.251 731.299 1397.62 2068.18 2774.52 3457.13
 17.251 732.348 1399.62 2071.14 2778.51 3462.13
 17.251 733.348 1401.64 2074.13 2782.51 3467.12
 17.251 734.348 1403.66 2077.13 2786.51 3472.11
 17.251 735.396 1405.66 2080.13 2790.51 3477.06
17.2756 736.396 1407.67  2083.1 2794.51 3482.06
17.2756 737.447 1409.67 2086.08 2798.51 3487.03
17.3001 738.447 1411.67 2089.08 2802.48 3492.03
17.3001 739.493 1413.66 2092.03 2806.48 3497.03
17.3001 740.493 1415.68 2095.02 2810.48 3502.03
17.3247 741.493 1417.68    2098 2814.48 3507.03
17.3247 742.536 1419.68    2101 2818.44 3512.03
17.3247  743.58 1421.67    2104  2822.4 3517.03
17.3489 744.618 1423.67 2106.93  2826.4 3522.03
17.3732 745.661 1425.67 2109.93  2830.4 3526.96
17.3732 746.661 1427.69 2112.92  2834.4 3531.96
17.3732 747.711 1429.69 2115.92 2838.39 3536.93
17.3977 748.711 1431.69  2118.9 2842.39 3541.92
17.4222 749.711 1433.69 2121.89 2846.39 3546.91
17.4467 750.711 1435.69 2124.87 2850.39  3551.9
17.4467 751.754 1437.68 2127.87 2854.35  3556.9
17.4712 752.754 1439.68 2130.86 2858.35 3561.89
17.4712 753.803 1441.68 2133.83 2862.33 3566.89
17.4712 754.803  1443.7 2136.83 2866.33 3571.87
17.4712 755.803 1445.72 2139.81 2870.33 3576.87
17.4952  756.84 1447.72 2142.81 2874.27 3581.87
17.4952  757.84 1449.72  2145.8 2878.28 3586.87
17.4952 758.884 1451.71 2148.76 2882.28 3591.87
17.5193 759.884 1453.71 2151.76 2886.25 3596.87
17.5435 760.884 1455.72 2154.76 2890.25 3601.83
17.5435 761.884 1457.74 2157.74 2894.26 3606.83
17.5435 762.884 1459.75 2160.73 2898.26 3611.83
17.5673 763.921 1461.75 2163.73  2902.2 3616.83
17.5912 764.959 1463.75 2166.67  2906.2 3621.83
17.5912 766.003 1465.75 2169.62  2910.2 3626.83
17.5912 767.049 1467.75 2172.62  2914.2 3631.79
 17.615 768.086 1469.75 2175.56  2918.2 3636.79
17.6391 769.086 1471.75 2178.56 2922.19 3641.77
17.6391 770.129 1473.75 2181.56 2926.15 3646.77
17.6391 771.172 1475.74 2184.56 2930.12 3651.77
17.6632 772.172 1477.74 2187.56 2934.11 3656.75
17.6871 773.172 1479.75 2190.56 2938.09 3661.75
17.6871  774.22 1481.75 2193.56 2942.07 3666.71
 17.711  775.22 1483.75 2196.56 2946.05 3671.71
 17.735  776.22 1485.76 2199.56 2950.05 3676.68
17.7588 777.262 1487.76 2202.56 2954.05 3681.62
17.7825 778.299 1489.76  2205.5 2958.05 3686.62
17.7825  779.35 1491.76 2208.48 2962.05 3691.59
17.8065  780.35 1493.76 2211.46 2966.05 3696.58
17.8304  781.35 1495.76 2214.43 2970.05 3701.58
17.8304 782.393 1497.76 2217.39 2974.05 3706.58
17.8544 783.393 1499.76 2220.38 2978.05 3711.57
 17.878  784.43 1501.76 2223.38 2981.99 3716.57
17.9017 785.466 1503.76 2226.38 2985.93 3721.57
17.9017 786.466 1505.76 2229.37 2989.94 3726.57
17.9017 787.466 1507.78 2232.35 2993.94 3731.56
17.9252 788.503 1509.78 2235.29 2997.94 3736.56
17.9488 789.539 1511.78 2238.29 3001.88 3741.56
17.9488 790.587 1513.78 2241.26 3005.86 3746.56
17.9488 791.587  1515.8 2244.25 3009.86 3751.56
17.9488 792.635  1517.8 2247.25 3013.84 3756.53
17.9488 793.635  1519.8 2250.24 3017.85 3761.52
17.9488 794.677 1521.79 2253.24 3021.82 3766.52
17.9488  795.72 1523.79  2256.2 3025.82 3771.52
17.9718 796.742 1525.74  2259.2 3029.82 3776.52
17.9954 797.742 1527.75  2262.2 3033.79 3781.52
17.9954 798.742 1529.75 2265.19  3037.8 3786.52
 18.019 799.742 1531.75 2268.16  3041.8 3791.52
18.0423 800.778 1533.75 2271.16 3045.74 3796.52
18.0657 801.814 1535.75 2274.16 3049.68 3801.52
18.0657 802.857 1537.75 2277.12 3053.68 3806.52
18.0893 803.857 1539.76 2280.12 3057.68 3811.49
18.0893 804.906 1541.76  2283.1 3061.68 3816.47
18.1128 805.906 1543.76 2286.07 3065.68 3821.47
18.1362 806.947 1545.76 2289.07 3069.68  3826.4
18.1592 807.968 1547.72 2292.07 3073.68  3831.4
18.1821 808.989 1549.68 2295.07 3077.68  3836.4
18.2051  810.01 1551.63 2298.07 3081.68  3841.4
18.2287  811.01 1553.63 2301.05 3085.68 3846.39
18.2287 812.053 1555.63 2304.01 3089.68 3851.39
18.2287 813.095 1557.62 2307.01 3093.65 3856.39
18.2519 814.131 1559.62 2310.01 3097.59 3861.39
18.2519 815.178 1561.62 2313.01 3101.57 3866.36
18.2752 816.219 1563.62 2316.01 3105.57  3871.3
18.2752 817.219 1565.64    2319 3109.57 3876.29
18.2752 818.268 1567.64 2321.98 3113.57 3881.27
18.2752 819.315 1569.64 2324.98 3117.56 3886.23
18.2984 820.356 1571.64 2327.98 3121.56 3891.17
18.3218 821.356 1573.65 2330.98 3125.56 3896.14
18.3218 822.356 1575.67 2333.96 3129.56 3901.13
18.3218   823.4 1577.67 2336.96 3133.56 3906.09
18.3449 824.436 1579.67  2339.9 3137.56 3911.09
18.3449 825.436 1581.68 2342.89 3141.56 3916.09
18.3449 826.483 1583.68 2345.89 3145.54 3921.06
18.3682 827.483 1585.68 2348.87 3149.54 3926.05
18.3915 828.483 1587.68 2351.86 3153.54 3931.05
18.3915  829.53 1589.68 2354.86 3157.53 3936.02
18.4148  830.53 1591.68 2357.86 3161.52    3941
18.4148  831.53 1593.68 2360.85 3165.53    3946
18.4377 832.566 1595.68 2363.79 3169.53    3951
18.4377 833.566  1597.7 2366.79 3173.53 3955.98
 18.461 834.566  1599.7 2369.79 3177.53 3960.96
 18.461 835.566 1601.71 2372.79 3181.53 3965.95
18.4842 836.566 1603.71 2375.77 3185.53 3970.94
18.4842 837.566 1605.72 2378.76 3189.53 3975.94
18.4842 838.608 1607.72 2381.72 3193.53 3980.94
18.4842 839.608 1609.72 2384.71 3197.54 3985.94
18.4842 840.608 1611.74 2387.71 3201.54 3990.92
 18.507 841.648 1613.74 2390.71 3205.54 3995.86
18.5301 842.648 1615.74 2393.71 3209.54 4000.83
18.5529 843.688 1617.74 2396.71 3213.54 4005.77
 18.576 844.688 1619.74 2399.69 3217.54 4010.77
18.5988 845.724 1621.74 2402.63 3221.54 4015.77
18.5988 846.771 1623.74 2405.61 3225.54 4020.74
18.5988 847.813 1625.74 2408.57 3229.54 4025.74
18.5988 848.813 1627.75 2411.57 3233.54 4030.73
18.5988 849.857 1629.76 2414.57 3237.54 4035.69
18.6218 850.857 1631.76 2417.55 3241.54 4040.68
18.6218 851.903 1633.76 2420.55 3245.52 4045.65
18.6218 852.903 1635.77 2423.54 3249.52 4050.64
18.6446 853.903 1637.78 2426.54 3253.52 4055.61
18.6669 854.923 1639.74 2429.54 3257.52 4060.61
18.6898 855.923 1641.74 2432.54 3261.52 4065.59
18.6898 856.964 1643.73 2435.54 3265.48 4070.59
18.6898 858.009 1645.73 2438.51 3269.46 4075.59
18.7123 859.044 1647.73 2441.51 3273.41 4080.59
18.7351 860.044 1649.74 2444.51 3277.41 4085.56
 18.758 861.044 1651.74 2447.51  3281.4 4090.54
 18.758  862.09 1653.74 2450.51 3285.39 4095.51
18.7806 863.129 1655.74 2453.51 3289.39 4100.45
18.8034 864.129 1657.74 2456.49 3293.39 4105.45
18.8262 865.129 1659.75 2459.49 3297.39 4110.42
18.8489 866.129 1661.75 2462.47 3301.39 4115.42
18.8718 867.129 1663.75 2465.45 3305.39 4120.41
18.8718 868.169 1665.75 2468.45 3309.35 4125.41
18.8944 869.208 1667.75 2471.45 3313.35 4130.35
18.9171 870.208 1669.75 2474.42 3317.35 4135.35
18.9399 871.208 1671.75 2477.41 3321.35 4140.34
18.9399 872.208 1673.77 2480.41 3325.35 4145.33
18.9399 873.248 1675.76 2483.41 3329.31 4150.33
18.9399 874.248 1677.78 2486.39 3333.32 4155.33
18.9399 875.295 1679.78 2489.37 3337.32  4160.3
18.9399 876.295 1681.78 2492.36 3341.33  4165.3
18.9626 877.295 1683.78 2495.36 3345.32 4170.28
 18.985 878.334 1685.78 2498.36 3349.32 4175.22
19.0077 879.334 1687.78 2501.34 3353.32 4180.22
19.0301 880.373 1689.78 2504.34 3357.32 4185.16
19.0301 881.373 1691.79 2507.33 3361.32 4190.16
19.0301 882.373 1693.79 2510.32 3365.33 4195.16
19.0527 883.373 1695.79  2513.3 3369.33 4200.16
19.0751 884.412 1697.79  2516.3 3373.33  4205.1
19.0978 885.412 1699.79 2519.29 3377.33 4210.09
19.0978 886.451 1701.79 2522.29 3381.29 4215.09
19.0978 887.496 1703.79 2525.26 3385.28 4220.09
19.1203 888.496 1705.79 2528.26 3389.28 4225.06
19.1425 889.529 1707.79 2531.26 3393.22 4230.06
19.1425 890.529 1709.81 2534.24 3397.22 4235.06
19.1425 891.574 1711.81 2537.24 3401.21 4240.03
19.1651 892.574 1713.81 2540.23 3405.21 4245.02
19.1651 893.614  1715.8 2543.23 3409.17 4250.02
19.1875 894.614  1717.8 2546.21 3413.17 4255.02
19.1875 895.614 1719.82  2549.2 3417.17 4260.02
19.2097 896.647 1721.82  2552.2 3421.11 4265.02
19.2097 897.694 1723.82 2555.17 3425.11 4269.99
 19.232 898.694 1725.82 2558.17 3429.09 4274.99
 19.232 899.738 1727.82 2561.17 3433.08 4279.96
 19.232 900.738 1729.82 2564.17 3437.09 4284.96
 19.232 901.779 1731.81 2567.13 3441.09 4289.96
 19.232 902.823 1733.81 2570.13 3445.07 4294.93
19.2542 903.823 1735.82  2573.1 3449.07 4299.93
19.2759 904.843 1737.78  2576.1 3453.07 4304.93
19.2759 905.889 1739.78 2579.08 3457.07 4309.91
19.2983 906.889 1741.78 2582.06 3461.07  4314.9
19.3204 907.889 1743.78 2585.06 3465.05  4319.9
19.3427 908.889 1745.78 2588.05 3469.04  4324.9
19.3427 909.889 1747.78 2591.04 3473.05  4329.9
19.3647 910.923 1749.78 2593.98 3477.05  4334.9
 19.387 911.923 1751.78 2596.98 3481.05 4339.88
19.4091 912.923 1753.78 2599.95 3485.05 4344.88
19.4091 913.966 1755.78 2602.93 3489.03 4349.88
19.4091 915.006 1757.78 2605.89 3493.03 4354.88
19.4313 916.006 1759.78 2608.87 3497.03 4359.88
19.4536 917.006 1761.78 2611.85 3501.03 4364.88
19.4536 918.045 1763.78 2614.85 3504.99 4369.88
19.4536 919.045 1765.79 2617.84 3508.99 4374.87
19.4536 920.087  1767.8 2620.84 3512.99 4379.83
19.4536 921.087 1769.81 2623.83 3516.99 4384.83
19.4754  922.12 1771.81 2626.77 3520.99 4389.83
19.4974  923.12 1773.82 2629.75 3524.99 4394.83
19.4974 924.166 1775.82 2632.72 3528.99  4399.8
19.4974 925.209 1777.82  2635.7 3532.98  4404.8
19.5195 926.209 1779.82  2638.7 3536.97 4409.79
19.5415 927.209 1781.82  2641.7 3540.97 4414.77
19.5636 928.209 1783.82 2644.68 3544.96 4419.77
19.5856 929.209 1785.82 2647.65 3548.96 4424.77
19.5856  930.25 1787.82 2650.65 3552.96 4429.73
19.6076  931.25 1789.82 2653.64 3556.96 4434.72
19.6076  932.25 1791.82 2656.63 3560.97 4439.72
19.6076  933.25 1793.84 2659.61 3564.98 4444.72
19.6296  934.25 1795.84 2662.61 3568.98 4449.69
19.6296  935.25 1797.84 2665.61 3572.99 4454.69
19.6296 936.293 1799.84 2668.58 3576.97 4459.69
19.6296 937.334 1801.84 2671.58 3580.97 4464.65
19.6514 938.334 1803.85 2674.55 3584.97 4469.65
19.6733 939.334 1805.85 2677.53 3588.97 4474.65
19.6951 940.334 1807.85 2680.53 3592.94 4479.65
19.6951 941.334 1809.87 2683.52 3596.94 4484.64
19.7167 942.367 1811.87 2686.52 3600.89 4489.64
19.7167 943.411 1813.87  2689.5 3604.89 4494.62
19.7384 944.449 1815.87  2692.5 3608.89 4499.56
19.7384 945.449 1817.87 2695.49  3612.9 4504.56
19.7602 946.449 1819.87 2698.47  3616.9 4509.56
19.7819 947.486 1821.87 2701.47  3620.9  4514.5
19.7819 948.525 1823.86 2704.44  3624.9  4519.5
19.8035 949.562 1825.86 2707.44  3628.9 4524.44
19.8253 950.562 1827.87 2710.44  3632.9 4529.41
19.8471 951.562 1829.87 2713.42 3636.89 4534.41
19.8471 952.562 1831.87 2716.41  3640.9 4539.41
19.8471 953.562 1833.88 2719.41  3644.9  4544.4
19.8471 954.562  1835.9  2722.4  3648.9 4549.39
19.8688 955.562  1837.9 2725.38  3652.9 4554.39
19.8688 956.602  1839.9 2728.38  3656.9 4559.35
19.8688 957.644  1841.9 2731.35 3660.88 4564.35
19.8688 958.683  1843.9 2734.32 3664.88 4569.35
19.8688 959.728  1845.9 2737.29 3668.88 4574.33
19.8688 960.766  1847.9 2740.26 3672.88 4579.33
19.8905 961.766  1849.9 2743.26 3676.88 4584.31
19.8905 962.766 1851.91 2746.24 3680.88 4589.31
19.8905 963.766 1853.92 2749.23 3684.88 4594.31
19.8905 964.766 1855.94 2752.22 3688.88 4599.31
 19.912 965.766 1857.94  2755.2 3692.88 4604.31
 19.933 966.785  1859.9  2758.2 3696.88 4609.31
 19.933 967.785 1861.91  2761.2 3700.88 4614.29
19.9544 968.785 1863.91  2764.2 3704.86 4619.29
19.9544 969.785 1865.92  2767.2 3708.86 4624.28
19.9544 970.829 1867.92 2770.18 3712.86 4629.26
19.9757 971.866 1869.92 2773.18 3716.86  4634.2
19.9757 972.866 1871.94 2776.18 3720.86 4639.19
19.9757 973.866 1873.95 2779.17 3724.86 4644.18
19.9757 974.866 1875.97 2782.16 3728.86 4649.18
19.9969 975.898 1877.97 2785.16  3732.8 4654.18
20.0182 976.898 1879.97 2788.16  3736.8 4659.15
20.0182 977.936 1881.97 2791.12  3740.8 4664.15
20.0394 978.968 1883.97 2794.07  3744.8 4669.15
20.0607 979.968 1885.98 2797.07  3748.8 4674.12
 20.082 980.968 1887.98 2800.04  3752.8 4679.12
 20.082 982.008 1889.98 2803.04  3756.8 4684.08
 20.082 983.008    1892 2806.02  3760.8 4689.08
20.1031  984.04    1894 2809.02 3764.75 4694.08
20.1243 985.076    1896 2812.02 3768.75 4699.03
20.1454 986.108    1898 2814.97 3772.75 4704.03
20.1454 987.148    1900 2817.97 3776.75 4708.99
20.1454 988.191    1902 2820.95 3780.75 4713.96
20.1454 989.233    1904 2823.92 3784.74 4718.96
20.1454 990.275    1906 2826.92 3788.72 4723.93
20.1454 991.275 1908.01 2829.91 3792.73 4728.93
20.1454 992.318 1910.01 2832.89 3796.73 4733.91
20.1663  993.35 1912.01 2835.89 3800.67 4738.91
20.1663 994.387 1914.01 2838.89 3804.64 4743.91
20.1872 995.419 1916.01 2841.89 3808.59 4748.91
20.1872 996.455    1918 2844.89 3812.55 4753.91
20.1872 997.497    1920 2847.86 3816.54 4758.91
20.1872 998.497    1922 2850.85 3820.55 4763.91
20.2083 999.497 1924.01 2853.83 3824.55 4768.91
20.2083 1000.53    1926 2856.83 3828.52 4773.91
20.2083 1001.57    1928 2859.83 3832.52 4778.87
20.2293 1002.57 1930.01 2862.83 3836.52 4783.84
20.2293 1003.57 1932.03 2865.82 3840.52 4788.84
20.2504 1004.57 1934.03  2868.8 3844.51 4793.84
20.2504 1005.61 1936.02  2871.8 3848.48 4798.84
20.2714 1006.61 1938.03  2874.8 3852.48 4803.81
20.2714 1007.65 1940.03  2877.8 3856.47 4808.78
20.2714 1008.65 1942.03 2880.79 3860.48 4813.78
20.2714 1009.69 1944.02 2883.79 3864.44 4818.78
20.2921 1010.72 1946.02 2886.74 3868.44 4823.78
20.3131 1011.72 1948.02 2889.73 3872.44 4828.77
 20.334 1012.72 1950.03 2892.73 3876.44 4833.75
 20.334 1013.76 1952.03  2895.7 3880.44 4838.72
20.3547 1014.79 1954.03  2898.7 3884.39 4843.72
20.3547 1015.79 1956.05 2901.69 3888.39 4848.72
20.3754 1016.83 1958.05 2904.64 3892.39 4853.72
20.3754 1017.87 1960.05 2907.62 3896.39  4858.7
20.3958 1018.89 1962.01 2910.62 3900.39  4863.7
20.4167 1019.89 1964.01 2913.61 3904.39 4868.69
20.4167 1020.92    1966 2916.61 3908.36 4873.69
20.4376 1021.92    1968 2919.59 3912.36 4878.69
20.4584 1022.92 1970.01 2922.56 3916.36 4883.69
20.4584 1023.97 1972.01 2925.54 3920.34 4888.69
20.4584 1024.97 1974.02 2928.54 3924.34 4893.68
20.4791 1025.97 1976.02 2931.54 3928.32 4898.68
   20.5 1026.97 1978.02 2934.52 3932.32 4903.68
20.5207 1027.97 1980.02 2937.52 3936.29 4908.68
20.5207    1029 1982.02 2940.52 3940.26 4913.68
20.5415    1030 1984.02  2943.5 3944.26 4918.68
20.5415 1031.04 1986.02 2946.46 3948.26 4923.68
20.5622 1032.04 1988.03 2949.43 3952.26 4928.68
20.5622 1033.08 1990.02  2952.4 3956.26 4933.68
 20.583 1034.08 1992.02 2955.39 3960.26 4938.67
20.6038 1035.08 1994.02 2958.37 3964.26 4943.66
20.6038 1036.08 1996.04 2961.37 3968.26 4948.65
20.6038 1037.11 1998.03 2964.37 3972.23 4953.65
20.6243 1038.14 2000.03 2967.32 3976.23 4958.65
20.6243 1039.18 2002.03 2970.32 3980.22 4963.62
20.6243 1040.22 2004.03 2973.32 3984.22 4968.58
20.6243 1041.26 2006.03 2976.29 3988.22 4973.58