3.33333       2       3 3.33333 3.33333       6
5.25641 3.15385       5 6.33333 5.25641      11
5.25641 4.15385 7.58745 9.33333 7.97656 16.6924
6.88693 5.15385 9.58745 12.2285 10.4509 21.6924
6.88693 6.30043 11.7204  14.949 14.4509 26.6924
8.21548 7.30043 13.7204 17.8328 17.2385 31.6924
9.20088 8.17608 15.7204 19.9717 21.2385 36.6924
10.4344 9.17608 17.7204 22.9717 24.0859 41.6116
11.2729 9.91349 19.1444 25.9717 28.0859 46.6116
12.3484 10.9135 21.1444 28.4495 32.0859 51.0584
13.1826 11.6508 22.5729 31.4495 36.0859 56.0584
13.1826 12.6508 24.6235 34.3064 40.0859 61.1508
14.1151 13.6508 26.3653 37.3064 44.0859 65.4765
14.1151 14.7587 28.3653 40.3064 47.6639 70.7906
14.1151 15.8666 30.3653 43.3064 51.2419 76.1047
15.0131 16.8666 32.3653 46.3064  54.502 80.9466
15.0131 18.0132 34.3653 49.4545 58.2073 85.9466
15.0131 19.0132 36.3653 52.5197  61.815 91.2736
15.0131 20.0643 38.3653  55.423  65.815 96.3192
15.0131 21.0643 40.3834 58.3384  69.815 101.386
15.0131 22.0643 42.4829 61.3384 73.4446 106.657
15.0131 23.0643 44.4829  64.387 77.0949 111.958
15.0131 24.0643 46.5781  67.387 80.7262 117.231
15.0131 25.1103 48.6028 70.3163 84.7262 122.231
15.5918 26.1103 50.6028 73.0265 88.7262 126.942
16.1704 27.1103 52.6028 75.7366 92.7262 131.654
16.1704 28.1103  54.626 78.6497 96.7262 136.717
16.1704 29.1103  56.712 81.6497  100.42 141.938
16.1704 30.1103  58.712 84.6737 104.139 147.195
16.1704  31.131 60.7021 87.6737 108.139 152.184
16.1704 32.2207 62.8269 90.6737 111.924 157.184
16.1704   33.29 64.8269 93.6737 115.639   162.4
16.6602 34.2982 66.8269 96.6737 119.141   167.4
16.6602 35.2982 68.8269 99.7009 122.872 172.642
16.6602 36.2982 70.8269 102.728 126.602 177.884
16.6602 37.3853 72.9481 105.728 130.394 182.884
16.6602 38.4788 74.9481 108.821 134.208 187.884
17.1028 39.4788 76.9481 111.821 137.774 192.876
17.5142 40.4283 78.9481 114.821 141.774 197.515
17.9312 41.4283  80.828 117.821 145.774 202.218
17.9312 42.4637 82.8481 120.765 149.774 207.218
17.9312 43.5443 84.9563 123.765 153.585 212.218
17.9312 44.5667  86.951 126.765 157.585 217.201
17.9312 45.5667 88.9688 129.707 161.585 222.241
17.9312 46.5884 90.9638 132.707 165.585 227.225
   18.3 47.5466 92.9638 135.707 169.585 231.898
18.6704 48.5466 94.8459 138.454 173.585 236.898
18.6704   49.58  96.865 141.402 177.585 241.898
18.6704 50.6108  98.865 144.342 181.585 246.927
19.0348 51.6108 100.865 147.159 185.585 251.746
19.0348 52.6795 102.953 150.159 189.428 256.746
19.0348 53.6795 105.047 153.212  193.28 261.746
19.0348 54.7104 107.047 156.155  197.28 266.773
19.3702 55.6744 109.047 159.155  201.28 271.473
 19.701 56.6253 111.047 161.873  205.28 276.473
20.0575 57.6253 113.047 164.802 208.995 281.473
20.0575 58.6767 115.047 167.802 212.808 286.609
20.3905 59.6767 116.957 170.802 216.808 291.366
20.7198 60.6407 118.957 173.802 220.808 296.073
20.7198 61.7063 120.957 176.856 224.688 301.073
20.7198 62.7268 122.957 179.856 228.688 306.052
20.7198 63.7767 124.957 182.856 232.515 311.174
21.0418 64.7767 126.957 185.698 236.515 316.011
21.0418 65.7767 129.013 188.698 240.344 321.126
21.0418 66.8348 131.088 191.698 244.211 326.126
21.0418 67.8551 133.089 194.698 248.211 331.105
21.0418 68.9179 135.089 197.748 252.098 336.105
21.3511 69.9179 137.075 200.748 255.804 341.105
21.3511 70.9179 139.129 203.748 259.637 346.217
21.6461 71.9179 141.051 206.748 263.637     351
21.6461 72.9788 143.051 209.798 267.527     356
21.6461 74.0353 145.122 212.798 271.399     361
21.6461 75.0963 147.122 215.847 275.289     366
21.9231 76.0572 149.122 218.609 279.289     371
21.9231 77.0855 151.122 221.565 283.289 376.016
21.9231 78.1324 153.122 224.565 287.136 381.122
21.9231 79.1324  155.14 227.524 291.136 386.145
21.9231 80.1324  157.14 230.542 294.997 391.266
22.2034 81.1324  159.14  233.49 298.769 396.266
 22.471 82.1324 161.058 236.304 302.769 401.266
 22.471 83.1771 163.058 239.304  306.62  406.37
 22.471 84.1771 165.058 242.319 310.484 411.491
22.7286 85.1419 167.058 245.097 314.484 416.491
22.9943 86.1419 169.058 247.962 318.484  421.36
23.2556 87.1419 170.979  250.78 322.484  426.36
23.5179 88.1419 172.908  253.78 326.484 431.169
23.5179 89.1841 174.908  256.78 330.344 436.267
23.5179  90.239 176.908 259.817 334.251 441.267
23.7721 91.2145 178.908 262.817 338.251 446.037
24.0369 92.2145 180.908 265.817 342.019 451.005
24.0369 93.2333 182.906 268.817 346.019 455.988
24.0369 94.2521 184.905 271.817 350.019  460.97
24.0369 95.2521  186.92 274.779 354.019 465.993
24.2809 96.2189  188.92 277.568 358.019 470.993
24.2809 97.2589  190.92 280.568 361.888 476.084
24.5246 98.2353  192.92 283.568 365.888 480.864
24.7756 99.2405  194.92 286.568 369.632 485.864
25.0242  100.24  196.92 289.444 373.632 490.739
 25.268 101.217  198.92 292.444 377.632 495.519
 25.268 102.217 200.961 295.444 381.507 500.603
 25.268 103.241 202.975 298.405 385.507 505.603
25.5079 104.241 204.902 301.239 389.507 510.603
25.7488 105.241 206.838 304.239 393.507 515.427
25.7488 106.241 208.838 307.248 397.399 520.525
25.9944 107.241 210.838 310.248 401.189  525.49
26.2388 108.241  212.82 313.248 404.962  530.49
26.4756 109.218  214.82 316.248 408.962 535.276
26.7211 110.218  216.82 319.248 412.754 540.239
26.7211 111.241  218.82 322.211 416.754 545.253
26.7211 112.241 220.859 325.211 420.636 550.332
26.9555 113.241 222.796 328.211 424.636  555.16
27.1924 114.241 224.796 331.095 428.636 560.039
27.4226 115.208 226.796 333.898 432.636 565.039
27.6643 116.208 228.796 336.842  436.45 570.039
27.8975 117.208 230.724  339.68  440.45 575.039
28.1381 118.208 232.724  342.68  444.25 579.999
28.1381 119.253 234.724 345.709 448.176 584.999
28.1381 120.253 236.738 348.676 452.176 590.019
28.1381 121.253 238.792   351.7 456.098 595.019
28.1381 122.293  240.84   354.7  460.01 600.019
28.3686 123.294  242.84   357.7 463.778 605.019
28.5843 124.232 244.687   360.7 467.778 610.019
28.8097 125.232 246.617 363.545 471.778 615.019
29.0352 126.232 248.546  366.39 475.778 620.019
29.2509  127.17 250.393  369.39 479.778 625.019
29.2509 128.212 252.393 372.416 483.709 630.019
29.2509 129.212 254.393 375.423 487.615 635.106
29.4794 130.212 256.393 378.423 491.425 640.068
29.4794 131.254 258.393 381.451 495.356 645.068
29.7071 132.254 260.393 384.397 499.182 650.068
29.9339 133.254 262.393 387.397 502.993  655.03
30.1551 134.254 264.332 390.397 506.993  659.87
30.3746 135.231 266.332 393.397 510.993 664.674
30.3746 136.231 268.379 396.421 514.921 669.674
30.3746 137.251 270.389  399.39 518.921 674.674
30.3746 138.291 272.389 402.417 522.854 679.674
30.5899 139.291 274.321 405.271 526.854 684.674
30.8106 140.291 276.299 408.271 530.654 689.674
30.8106 141.291 278.346 411.294 534.584 694.674
30.8106 142.291 280.392 414.318 538.514 699.674
30.8106 143.311 282.392 417.286 542.514 704.686
 31.021 144.289 284.392 420.286 546.514 709.497
 31.021 145.308 286.392 423.255 550.514 714.509
 31.021 146.344 288.433 426.255 554.438 719.509
31.2285 147.323 290.433 429.255 558.438 724.323
31.2285 148.323 292.433 432.264 562.352   729.4
31.2285 149.323 294.444 435.237 566.352 734.416
31.2285 150.342 296.454 438.207 570.352 739.416
31.4381 151.342 298.454 441.207  574.18 744.378
31.6457 152.342 300.454 444.207 577.972 749.378
31.8524 153.342 302.454 447.108 581.972 754.271
31.8524 154.361 304.464 450.079 585.972 759.271
31.8524 155.395 306.504 453.079 589.898 764.271
31.8524 156.395 308.534 456.079 593.806 769.334
31.8524 157.424 310.534 459.079 597.714 774.397
31.8524 158.424 312.545 462.052 601.714 779.412
31.8524 159.461 314.545 465.077 605.652 784.412
 32.054 160.461 316.545 468.077 609.486 789.377
 32.054 161.461 318.589 471.098  613.42 794.377
32.2535 162.461 320.572 474.098 617.238 799.377
32.4464 163.433 322.572 476.934 621.238 804.377
32.6423 164.433 324.519 479.934 625.238 809.234
32.6423 165.433 326.549 482.934 629.148 814.294
32.8361 166.433 328.487 485.801 633.148 819.294
33.0299 167.433 330.426 488.669 637.148 824.294
33.2165 168.379 332.293 491.669 641.148 829.294
33.2165 169.411 334.331 494.669 645.079 834.294
33.2165 170.411 336.372 497.689 649.017 839.294
33.2165 171.444 338.409 500.689 652.948 844.294
33.4093 172.444 340.409 503.595 656.948 849.195
33.4093 173.478 342.409 506.618 660.891 854.195
33.4093 174.513 344.409  509.64 664.833 859.195
33.4093 175.513 346.419 512.615 668.833  864.21
33.4093 176.526 348.419 515.615 672.833 869.198
33.4093 177.554 350.419 518.615 676.748 874.255
33.5975 178.554 352.419 521.615  680.56 879.255
33.5975 179.585 354.455 524.615 684.492 884.255
33.5975  180.62 356.455 527.637 688.436 889.255
33.5975  181.62 358.482 530.637 692.351 894.313
33.5975 182.647 360.482 533.637 696.266  899.37
33.5975 183.647 362.482 536.644  700.19 904.439
33.5975 184.647 364.482 539.652 704.114 909.508
33.5975  185.66 366.481 542.652 708.114 914.496
33.7801  186.66 368.481 545.652 711.962 919.465
33.9565 187.634 370.481 548.501 715.962 924.465
33.9565 188.652  372.49 551.475 719.962 929.465
33.9565 189.682 374.525 554.475 723.896 934.465
33.9565 190.682 376.525 557.481 727.822 939.533
34.1361 191.682 378.525 560.481 731.672 944.503
34.1361 192.695 380.524 563.481 735.672 949.491
34.3134 193.696 382.524 566.481 739.494 954.491
 34.482 194.648 384.404 569.481 743.494 959.491
 34.482 195.664 386.412 572.456 747.494 964.491
34.6602 196.664 388.412 575.415 751.357 969.491
34.8345 197.664 390.365 578.415 755.357 974.365
34.8345 198.664  392.39 581.415 759.276  979.42
34.8345 199.664  394.39 584.422 763.203 984.486
34.8345 200.697  396.39 587.444 767.149 989.486
34.8345 201.697 398.415 590.444 771.068 994.541
35.0053 202.697 400.368 593.444 775.068 999.417
 35.176 203.697 402.322 596.444 779.068 1004.29
 35.176 204.722 404.322 599.444 782.989 1009.35
35.3493 205.722 406.322 602.444 786.845 1014.32
35.5131 206.675 408.205 605.444 790.845 1019.32
35.6769 207.628 410.087 608.444 794.845 1024.32
35.6769 208.628 412.095 611.422 798.845 1029.33
35.6769  209.64 414.093 614.422 802.845 1034.32
35.6769  210.64   416.1 617.401 806.845 1039.34
35.8434 211.623   418.1 620.401 810.845 1044.19
35.8434 212.638   420.1 623.377 814.845  1049.2
35.8434 213.662   422.1 626.377 818.769 1054.25
35.8434 214.686   424.1 629.377 822.693  1059.3
36.0097 215.686   426.1 632.297 826.693 1064.21
36.0097 216.716   428.1 635.317 830.642 1069.21
36.0097 217.744 430.131 638.317 834.583 1074.21
36.0097  218.76 432.138 641.295 838.583 1079.21
36.0097 219.784 434.138 644.295 842.508 1084.27
36.0097   220.8 436.144 647.272 846.508 1089.27
36.0097   221.8 438.152 650.252 850.508 1094.28
36.0097  222.83 440.152 653.272 854.458 1099.28
36.1714 223.831 442.152 656.272 858.295 1104.28
36.1714 224.846 444.158  659.25 862.295 1109.28
36.1714 225.876 446.158 662.269 866.245 1114.28
36.1714   226.9 448.158 665.269 870.171 1119.33
36.3287   227.9 450.107 668.163 874.171 1124.33
36.3287 228.928 452.137 671.163 878.114 1129.33
36.4876 229.929 454.137 674.163 881.954 1134.33
36.4876 230.953 456.137 677.163  885.88 1139.38
36.4876 231.953  458.17 680.181 889.829 1144.38
36.4876 232.968  460.17 683.158 893.829 1149.39
36.4876 233.968 462.192 686.158 897.756 1154.44
36.6401 234.946 464.192 689.027 901.756 1159.44
36.6401 235.957  466.19 692.027 905.756 1164.43
36.6401 236.985  468.22 695.027 909.699 1169.43
36.6401 237.985 470.227 698.007 913.699 1174.44
36.7957 238.985 472.227 700.971 917.579 1179.44
36.9433 239.943 474.121 703.971 921.579 1184.44
 37.095 240.928 476.121 706.971 925.579 1189.31
 37.247 241.928 478.072 709.868 929.579 1194.31
37.3976 242.907 480.072 712.739 933.579 1199.31
37.5483 243.885 482.072  715.61 937.579 1204.31
37.7003 244.885 484.023 718.506 941.579 1209.31
37.8537 245.885 486.023 721.431 945.579 1214.23
37.8537 246.911 488.052 724.431 949.525 1219.23
38.0085 247.911 490.052 727.393 953.408 1224.23
38.0085 248.911 492.083 730.409 957.361 1229.23
38.0085 249.911 494.115 733.424 961.313 1234.23
38.1606 250.911 496.115 736.424 965.161 1239.23
38.1606 251.911 498.147  739.44 969.114 1244.23
38.3116 252.911 500.147 742.366 973.114 1249.15
38.3116 253.926 502.153 745.345 977.114 1254.15
38.3116 254.952 504.181 748.345  981.06 1259.15
38.3116 255.977 506.209 751.345 985.006 1264.15
38.4599 256.977 508.169 754.345 989.006 1269.04
38.6106 257.977 510.169 757.345 992.882 1274.02
38.7572 258.956 512.169 760.219 996.882 1279.02
38.9054 259.956 514.128 763.219 1000.88 1283.91
 39.052 260.935 516.128 766.093 1004.88 1288.91
39.1955 261.895 518.025 769.093 1008.88 1293.91
39.1955 262.895 520.045 772.093 1012.82 1298.95
39.1955 263.909 522.052 775.072 1016.82 1303.95
 39.345 264.909 524.052 778.072 1020.69 1308.93
39.4913 265.894 526.052 781.072 1024.69  1313.8
39.6411 266.894 528.052 784.035 1028.58  1318.8
39.6411 267.915 530.052 787.035 1032.52 1323.84
39.7877 268.915 532.011 790.035 1036.52 1328.73
39.9356 269.915 534.011 793.035 1040.37 1333.73
40.0834 270.914 536.011 796.035 1044.22 1338.73
40.2295 271.914 537.964 798.936 1048.22 1343.73
40.3774 272.914 539.964 801.936 1052.07 1348.73
40.3774 273.927 541.964 804.914 1056.07 1353.74
 40.526 274.927 543.964 807.878 1059.96 1358.74
 40.526 275.948 545.964 810.878  1063.9 1363.79
 40.667 276.908 547.864 813.878  1067.9 1368.79
 40.667 277.908 549.883 816.878 1071.83 1373.83
 40.667 278.928 551.883 819.878 1075.77 1378.88
 40.667 279.928 553.912 822.892 1079.72 1383.88
40.8065 280.888 555.812 825.892 1083.72 1388.88
 40.953 281.888 557.812 828.856 1087.61 1393.88
 40.953 282.888 559.818 831.837 1091.61 1398.89
41.0976 283.888 561.818 834.837 1095.47 1403.89
41.2394 284.867 563.818 837.717 1099.47 1408.89
41.3811 285.846 565.818 840.596 1103.47 1413.89
41.3811 286.866 567.818 843.596 1107.41 1418.93
41.5196 287.826  569.72 846.596 1111.41 1423.93
41.6633 288.826  571.72 849.525 1115.41 1428.86
41.8045 289.805  573.72 852.405 1119.41 1433.86
41.8045 290.828 575.745 855.405 1123.36 1438.86
41.8045 291.841 577.751 858.385 1127.36 1443.86
41.9472 292.841 579.751 861.315 1131.36 1448.79
42.0908 293.841 581.735 864.315 1135.23 1453.79
42.0908 294.841 583.763 867.328 1139.19 1458.79
42.0908 295.854 585.763 870.307 1143.19  1463.8
42.2334 296.854 587.748 873.307 1147.06  1468.8
42.2334 297.854 589.776  876.32 1151.02  1473.8
42.3731 298.839 591.776  879.32 1155.02 1478.67
42.3731 299.839 593.776 882.324 1158.96 1483.72
 42.513 300.839 595.737 885.324 1162.96 1488.62
42.6522 301.824 597.737 888.324 1166.96  1493.5
42.7942 302.824 599.737 891.324 1170.85 1498.47
42.7942 303.824 601.737 894.328  1174.8 1503.52
42.7942 304.843 603.737 897.328 1178.74 1508.56
42.9328 305.843 605.692 900.234 1182.74 1513.56
43.0726 306.843 607.692 903.166 1186.74 1518.49
43.0726 307.843 609.698 906.147 1190.74  1523.5
43.2097 308.823 611.698  909.03 1194.74  1528.5
43.2097 309.847 613.698 912.045  1198.7  1533.5
43.3489 310.845 615.698 915.045 1202.56  1538.5
43.3489 311.857 617.698 918.024 1206.56 1543.51
43.4882 312.857 619.683 921.024 1210.44 1548.51
43.4882 313.857 621.683 924.027 1214.38 1553.56
43.4882 314.881 623.683 927.041 1218.34 1558.56
43.4882 315.881   625.7 930.041 1222.29  1563.6
43.4882 316.899   627.7 933.041 1226.23 1568.64
43.6249 317.899   629.7 935.974 1230.23 1573.58
43.7619 318.898   631.7 938.974 1234.09 1578.58
43.8972 319.884   633.7 941.974 1238.09 1583.45
43.8972 320.884 635.727 944.987 1242.05 1588.45
43.8972 321.902 637.727 947.987 1245.99  1593.5
44.0316 322.888 639.727 950.987 1249.99 1598.37
44.0316 323.911 641.727 954.002 1253.95 1603.37
44.1624 324.874 643.634 957.002 1257.95 1608.37
44.1624 325.892 645.634 960.002  1261.9 1613.41
44.2982 326.892 647.619 963.002 1265.78 1618.41
 44.431 327.872 649.619 965.889 1269.78 1623.41
 44.566 328.872 651.619 968.823 1273.78 1628.35
 44.566 329.884 653.624 971.805 1277.78 1633.35
 44.566 330.902 655.624 974.805 1281.72 1638.39
44.7009 331.902 657.609 977.805  1285.6 1643.39
44.8329 332.882 659.609 980.692  1289.6 1648.39
44.8329 333.893 661.609 983.672  1293.6 1653.39
44.8329 334.893 663.635 986.685 1297.56 1658.39
44.8329 335.916 665.635 989.698 1301.52 1663.39
44.8329 336.916 667.635 992.702 1305.47 1668.44
44.9644 337.916 669.593 995.612 1309.47 1673.44
45.0972 338.915 671.593 998.612 1313.34 1678.44
45.0972 339.932 673.593 1001.61 1317.28 1683.48
45.0972 340.944 675.593 1004.59 1321.28 1688.49
45.0972 341.955 677.593 1007.57 1325.28  1693.5
45.0972 342.955 679.598 1010.55 1329.28 1698.51
45.0972 343.978 681.598 1013.57 1333.25 1703.51
45.0972 344.986 683.596 1016.57 1337.25  1708.5
45.2278 345.985 685.596 1019.57 1341.12  1713.5
45.2278 347.005 687.619 1022.57 1345.08  1718.5
45.2278 348.026 689.642 1025.57 1349.03  1723.5
45.3583 349.026 691.642 1028.57 1352.93 1728.48
45.4878 350.026 693.642  1031.5 1356.93 1733.41
45.4878 351.026 695.658  1034.5 1360.87 1738.45
45.4878 352.026 697.664 1037.49 1364.87 1743.46
45.6176 353.026 699.664 1040.49 1368.77 1748.44
45.7471 354.026 701.649 1043.49 1372.65 1753.44
45.7471 355.047 703.672 1046.49 1376.61 1758.44
45.8755 356.047 705.672 1049.42 1380.61 1763.37
45.8755 357.047 707.697 1052.44 1384.57 1768.37
46.0025 358.047 709.657 1055.35 1388.57 1773.37
46.0025 359.058 711.657 1058.33 1392.57 1778.38
46.0025 360.066 713.655 1061.33 1396.57 1783.38
46.1257 361.031 715.567 1064.33 1400.57 1788.38
46.1257 362.043 717.572 1067.31 1404.57 1793.38
46.2537 363.043 719.572 1070.31 1408.47 1798.35
46.2537 364.059 721.572 1073.31 1412.41 1803.39
46.3806 365.058 723.572 1076.31 1416.29 1808.39
46.3806 366.058 725.572 1079.32 1420.24 1813.44
46.5049  367.04 727.572 1082.21 1424.24 1818.44
46.5049 368.048 729.571 1085.21 1428.24 1823.43
46.6302 369.048 731.535 1088.21 1432.24 1828.34
46.6302 370.048 733.535 1091.21 1436.19 1833.38
46.7547 371.048 735.495 1094.13 1440.19 1838.38
46.7547 372.064 737.495 1097.13 1444.14 1843.42
46.8809 373.064 739.495 1100.13 1448.03  1848.4
47.0068 374.064 741.481 1103.13 1451.92  1853.4
47.0068 375.072 743.479 1106.13 1455.92 1858.39
47.0068 376.072 745.479 1109.13 1459.88 1863.44
47.0068 377.084 747.484 1112.11 1463.88 1868.44
47.1317 378.084  749.47 1115.11 1467.76 1873.44
47.2559 379.084  751.47 1118.05 1471.76 1878.37
47.3814 380.084  753.47 1121.02 1475.67 1883.37
47.5058 381.082  755.47 1124.02 1479.55 1888.37
47.5058 382.102 757.491 1127.02 1483.51 1893.37
  47.63 383.101 759.491 1130.02 1487.38 1898.37
47.7521 384.083 761.491 1132.92 1491.38 1903.37
47.8741 385.064 763.491 1135.81 1495.38 1908.37
 47.999 386.064 765.491 1138.81 1499.28 1913.35
 48.119  387.03 767.406 1141.81 1503.28 1918.35
48.2417 388.017 769.406 1144.81 1507.28 1923.24
48.2417 389.028 771.411  1147.8 1511.28 1928.24
48.3643 390.028 773.371 1150.71 1515.28 1933.24
48.3643 391.049 775.371 1153.73 1519.25 1938.24
48.4837 392.015 777.286 1156.73 1523.25 1943.24
48.4837 393.034 779.307 1159.73 1527.21 1948.24
48.4837 394.034 781.312 1162.71 1531.21 1953.25
48.4837 395.034 783.312 1165.71 1535.16  1958.3
48.4837 396.034 785.335 1168.72 1539.13  1963.3
48.4837 397.034  787.35 1171.72 1543.08 1968.33
48.4837 398.034 789.365 1174.72 1547.03 1973.37
48.6014     399 791.281 1177.72 1551.03 1978.37
48.6014     400 793.295 1180.72 1554.98 1983.41
48.6014 401.016 795.295 1183.72 1558.92 1988.44
48.7231 402.016 797.295 1186.72 1562.83 1993.42
48.7231 403.034 799.316 1189.72 1566.79 1998.42
48.7231 404.034 801.339 1192.73 1570.75 2003.42
48.7231 405.034 803.353 1195.73  1574.7 2008.46
48.7231 406.055 805.353 1198.75 1578.67 2013.46
48.7231 407.075 807.353 1201.76 1582.63 2018.46
48.7231 408.094 809.374 1204.76  1586.6 2023.46
48.7231 409.101 811.372 1207.76  1590.6 2028.45
48.7231 410.111 813.372 1210.74  1594.6 2033.46
48.8408 411.111 815.338 1213.74  1598.6 2038.37
48.8408 412.111 817.361 1216.75 1602.56 2043.37
48.9584 413.111 819.327 1219.75 1606.56 2048.29
48.9584 414.111 821.327 1222.75 1610.52 2053.33
48.9584 415.127 823.327 1225.75 1614.47 2058.37
 49.077 416.127 825.327 1228.72 1618.38 2063.37
49.1936 417.127  827.29 1231.65 1622.38 2068.37
49.3095 418.109  829.29 1234.55 1626.38 2073.37
49.3095 419.109 831.294 1237.53 1630.38 2078.38
49.4259 420.109 833.256 1240.45 1634.38 2083.38
49.4259 421.117 835.254 1243.45 1638.38 2088.37
49.5431 422.115 837.254 1246.45 1642.26 2093.37
49.5431 423.135 839.254 1249.46 1646.23 2098.37
49.6598 424.135 841.254 1252.41 1650.23 2103.32
49.7759 425.135 843.221 1255.41 1654.23 2108.23
49.7759 426.135 845.243 1258.42  1658.2 2113.23
49.7759 427.155 847.243 1261.43 1662.17 2118.23
 49.892 428.155 849.243 1264.37 1666.17 2123.17
 49.892 429.173 851.263 1267.37 1670.13 2128.17
 49.892 430.188 853.263 1270.37 1674.08 2133.21
50.0068 431.188 855.225 1273.29 1678.08 2138.21
50.0068 432.204 857.225 1276.29 1682.03 2143.24
 50.121 433.191 859.225 1279.29 1686.03 2148.14
50.2372 434.191 861.225 1282.29 1689.94 2153.12
50.3533 435.191 863.225 1285.29 1693.84 2158.09
50.3533 436.198 865.223 1288.29 1697.84 2163.09
50.4694 437.198 867.223 1291.26 1701.76 2168.09
50.5852 438.198 869.223 1294.26 1705.66 2173.07
50.5852 439.218 871.223 1297.27 1709.63 2178.07
50.5852 440.229 873.228 1300.26 1713.63 2183.07
50.6982 441.212 875.228 1303.16 1717.63 2188.07
50.6982 442.222 877.233 1306.15 1721.63 2193.07
50.8109 443.206 879.233 1309.05 1725.63 2198.07
50.9237 444.189 881.233 1311.96 1729.63 2203.07
50.9237 445.189 883.246 1314.96 1733.58  2208.1
51.0344 446.157 885.167 1317.96 1737.58  2213.1
51.0344 447.176 887.167 1320.97 1741.55  2218.1
51.0344 448.186 889.167 1323.95 1745.55 2223.11
51.0344 449.205 891.167 1326.96 1749.52 2228.11
51.0344 450.223 893.186 1329.96 1753.49 2233.11
51.0344 451.241 895.205 1332.96 1757.45 2238.11
51.0344 452.258 897.224 1335.96 1761.41 2243.11
51.1479 453.258 899.224 1338.93 1765.33 2248.11
51.1479 454.258 901.245 1341.94  1769.3 2253.11
51.1479 455.269  903.25 1344.93  1773.3 2258.11
51.1479 456.288  905.25 1347.94 1777.27 2263.11
51.1479 457.307  907.25 1350.95 1781.24 2268.11
51.1479 458.317  909.25 1353.93 1785.24 2273.12
51.1479 459.334 911.269 1356.93  1789.2 2278.12
51.2584 460.334 913.237 1359.93  1793.2 2283.04
51.2584 461.345 915.242 1362.92  1797.2 2288.04
51.3693 462.343 917.242 1365.92 1801.09 2293.04
51.3693 463.354 919.246  1368.9 1805.09 2298.04
51.3693 464.364 921.251 1371.89 1809.09 2303.04
51.3693 465.364 923.255 1374.87 1813.09 2308.05
51.4764 466.334 925.179 1377.87 1817.09 2313.05
51.5857 467.334 927.143  1380.8 1821.09 2318.05
51.6962 468.334  929.13  1383.8    1825 2323.05
51.6962 469.343  931.13 1386.78    1829 2328.06
51.6962 470.343 933.151 1389.79 1832.96 2333.06
51.8044 471.327 935.151  1392.7 1836.96 2338.06
51.8044 472.327 937.155 1395.68 1840.96 2343.07
51.9123 473.311 939.155 1398.59 1844.96 2348.07
51.9123 474.326 941.155 1401.59 1848.92  2353.1
51.9123 475.344 943.155  1404.6 1852.89  2358.1
52.0198 476.329 945.155 1407.51 1856.89  2363.1
52.0198 477.329 947.176 1410.52 1860.86  2368.1
52.0198 478.339 949.181  1413.5 1864.86  2373.1
52.0198 479.356 951.199  1416.5 1868.82  2378.1
52.1273 480.356 953.164 1419.43 1872.82  2383.1
52.1273 481.356 955.177 1422.43 1876.78 2388.13
52.2357 482.356 957.164 1425.43 1880.68 2393.13
52.2357 483.363 959.162 1428.43 1884.68 2398.13
52.2357 484.372 961.162 1431.41 1888.68 2403.13
52.3404 485.342 963.087 1434.41 1892.68 2408.13
52.4465 486.327 965.087 1437.32 1896.68 2413.13
52.5547 487.327 967.087 1440.32  1900.6 2418.11
52.5547 488.341 969.087 1443.32 1904.55 2423.14
52.6625 489.341 971.074 1446.32 1908.46 2428.14
52.7689 490.329 973.074 1449.32 1912.46 2433.05
52.8753 491.318 975.074 1452.32 1916.46 2437.95
52.9834 492.318 977.074 1455.29 1920.38 2442.95
52.9834 493.336 979.074  1458.3 1924.35 2447.95
52.9834 494.346 981.079 1461.29 1928.35 2452.95
52.9834 495.353 983.077 1464.29 1932.35 2457.95
53.0872 496.323 985.002 1467.29 1936.35 2462.95
 53.193 497.312 987.002 1470.29 1940.35 2467.86
53.2997  498.31 989.002 1473.29 1944.24 2472.86
53.2997 499.328 991.002  1476.3 1948.22 2477.86
53.2997 500.328 993.002  1479.3 1952.18 2482.89
53.4031 501.298 994.929  1482.3 1956.18 2487.89
53.5084 502.287 996.929  1485.3 1960.18  2492.8
53.6153 503.287 998.929  1488.3 1964.09 2497.78
53.7206 504.276 1000.93  1491.3 1968.09 2502.68
53.7206 505.276 1002.94  1494.3 1972.05 2507.71
53.7206 506.276 1004.95  1497.3    1976 2512.75
 53.827 507.276 1006.95  1500.3 1979.92 2517.72
53.9315  508.26 1008.95 1503.21 1983.92 2522.72
54.0381  509.26 1010.95 1506.18 1987.84 2527.72
 54.143 510.248 1012.95 1509.18 1991.84 2532.63
 54.143 511.248 1014.97 1512.18  1995.8 2537.66
 54.143 512.262 1016.97 1515.18 1999.75 2542.69
54.2479 513.262 1018.94 1518.18 2003.75 2547.62
54.3519 514.246 1020.94 1521.09 2007.75 2552.62
54.3519 515.256 1022.94 1524.08 2011.75 2557.62
54.3519 516.265 1024.94 1527.06 2015.75 2562.63
 54.456 517.253 1026.94 1530.06 2019.75 2567.53
54.5609 518.253 1028.94 1533.01 2023.75 2572.48
54.6663 519.253 1030.93 1536.01 2027.66 2577.48
54.7685 520.224 1032.85 1539.01 2031.66 2582.48
 54.874 521.224 1034.85 1542.01 2035.58 2587.46
54.9794 522.224 1036.84 1545.01 2039.49 2592.46
54.9794 523.237 1038.84 1548.01 2043.44 2597.49
55.0833 524.226 1040.84 1551.01 2047.44  2602.4
55.0833 525.234 1042.84    1554 2051.44  2607.4
55.0833 526.252 1044.84 1557.01 2055.42  2612.4
55.1849 527.222 1046.77 1560.01 2059.42  2617.4
  55.29 528.222 1048.77 1562.98 2063.34  2622.4
55.3951 529.222 1050.77 1565.95 2067.26  2627.4
55.4967 530.193  1052.7 1568.95 2071.26  2632.4
55.6019 531.193  1054.7 1571.92 2075.19  2637.4
55.6019 532.193 1056.71 1574.92 2079.14 2642.43
55.7055 533.193 1058.68 1577.92 2083.14 2647.36
55.7055 534.202 1060.68 1580.91 2087.14 2652.37
55.7055 535.208 1062.67 1583.91 2091.14 2657.36
55.7055 536.225 1064.67 1586.92 2095.12 2662.36
55.8098 537.225 1066.67 1589.89 2099.04 2667.36
55.8098 538.242 1068.67  1592.9 2103.01 2672.36
55.9105 539.213  1070.6  1595.9 2107.01 2677.36
56.0112 540.184 1072.53  1598.9 2111.01 2682.36
 56.115 541.184 1074.52  1601.9 2114.92 2687.36
 56.115 542.184 1076.52 1604.88 2118.92 2692.37
56.2181 543.184 1078.52 1607.83 2122.92 2697.32
56.3208 544.184 1080.49 1610.83 2126.92 2702.25
56.4227 545.168 1082.49 1613.75 2130.92 2707.25
56.5251 546.168 1084.46 1616.68 2134.92 2712.25
56.5251 547.174 1086.45 1619.68 2138.92 2717.24
56.6268 548.159 1088.45 1622.59 2142.92 2722.24
56.7304 549.159 1090.45 1625.59 2146.84 2727.22
56.8325 550.147 1092.45 1628.59 2150.84 2732.13
56.8325 551.156 1094.45 1631.58 2154.84 2737.14
56.9359 552.156 1096.45 1634.58 2158.76 2742.12
 57.039 553.156 1098.44 1637.58 2162.67 2747.12
 57.039 554.164 1100.44 1640.56 2166.67 2752.12
 57.039 555.172 1102.44 1643.55 2170.67 2757.13
57.1415  556.17 1104.44 1646.55 2174.57 2762.13
57.1415  557.17 1106.45 1649.55 2178.53 2767.16
57.1415 558.178 1108.45 1652.53 2182.53 2772.17
57.1415 559.178 1110.45 1655.53  2186.5  2777.2
57.2441 560.178 1112.45  1658.5 2190.42  2782.2
57.3463 561.178 1114.44  1661.5 2194.33  2787.2
57.3463 562.178 1116.44 1664.49 2198.33 2792.21
57.3463 563.186 1118.44 1667.48 2202.33 2797.22
57.3463 564.195 1120.45 1670.46 2206.33 2802.22
57.3463 565.195 1122.46 1673.46 2210.29 2807.25
57.3463 566.195 1124.46 1676.46 2214.26 2812.28
57.4447 567.167 1126.39 1679.46 2218.26 2817.28
57.5449 568.155 1128.39 1682.46 2222.26 2822.19
57.6433 569.127 1130.32 1685.46 2226.26 2827.19
57.6433 570.133 1132.31 1688.46 2230.26 2832.19
57.6433 571.133 1134.32 1691.46 2234.22 2837.22
57.7414 572.105 1136.25 1694.46 2238.22 2842.22
57.7414  573.11 1138.25 1697.46 2242.22 2847.22
57.7414 574.122 1140.25 1700.46 2246.18 2852.24
57.7414 575.138 1142.25 1703.47 2250.15 2857.24
57.8389  576.11 1144.18 1706.47 2254.15 2862.24
57.9395  577.11 1146.18 1709.47 2258.07 2867.22
57.9395 578.125  1148.2 1712.47 2262.04 2872.22
58.0401 579.125  1150.2 1715.45 2265.97 2877.22
58.0401 580.141  1152.2 1718.46 2269.94 2882.22
58.1394 581.141 1154.17 1721.46 2273.94 2887.15
58.1394 582.141 1156.17 1724.46 2277.91 2892.19
58.2365 583.113  1158.1 1727.46 2281.91 2897.19
58.2365 584.125  1160.1 1730.46 2285.87 2902.21
58.3359 585.122  1162.1 1733.46 2289.77 2907.21
58.3359 586.122 1164.12 1736.47 2293.75 2912.21
58.4351 587.122 1166.12 1739.42 2297.75 2917.16
58.5342 588.122 1168.12 1742.37 2301.75 2922.11
58.6341 589.122 1170.12 1745.34 2305.67 2927.11
58.6341 590.131 1172.12 1748.33 2309.67 2932.11
58.7327 591.131 1174.09 1751.33 2313.67 2937.04
58.8321 592.131 1176.08 1754.33 2317.59 2942.04
58.8321 593.143 1178.08 1757.33 2321.55 2947.07
58.8321 594.155 1180.08 1760.33 2325.51  2952.1
58.9307 595.155 1182.08 1763.28 2329.51 2957.05
59.0297 596.155 1184.06 1766.28 2333.42 2962.05
59.0297 597.161 1186.06 1769.28 2337.42 2967.05
59.1289 598.161 1188.06 1772.25 2341.35 2972.05
59.2281 599.161 1190.06 1775.23 2345.28 2977.05
59.2281 600.161 1192.08 1778.24 2349.25 2982.05
59.3253 601.145 1194.08 1781.15 2353.25 2987.05
59.3253 602.145 1196.09 1784.15 2357.21 2992.07
59.4236 603.143 1198.09 1787.15 2361.12 2997.07
59.5218  604.14 1200.09 1790.15 2365.02 3002.07
59.5218 605.146 1202.09 1793.15 2369.02 3007.07
59.5218 606.146  1204.1 1796.15 2372.99  3012.1
59.5218  607.16 1206.11 1799.15 2376.96  3017.1
59.5218  608.16 1208.11 1802.14 2380.96 3022.11
59.5218 609.174 1210.13 1805.14 2384.93 3027.11
59.6195 610.174 1212.11 1808.14 2388.84 3032.11
59.6195 611.174 1214.12 1811.14  2392.8 3037.14
59.7167 612.174 1216.12 1814.09  2396.8 3042.09
59.8134 613.174 1218.09 1817.03  2400.8 3047.09
59.8134  614.19 1220.09 1820.04 2404.78 3052.09
59.9105 615.187 1222.09 1823.04 2408.68 3057.09
60.0052  616.16 1224.03 1826.04 2412.68 3062.09
60.0052 617.175 1226.03 1829.05 2416.66 3067.09
60.1025 618.175 1228.01 1832.05 2420.58 3072.09
60.1025 619.191 1230.01 1835.06 2424.55 3077.09
60.1995 620.191    1232 1838.06 2428.47 3082.09
60.2957 621.191 1233.97 1840.99 2432.47 3087.09
60.3931 622.191 1235.97 1843.96  2436.4 3092.09
60.3931 623.198 1237.97 1846.95  2440.4 3097.09
60.3931 624.198 1239.98 1849.96 2444.37 3102.09
60.3931 625.198    1242 1852.97 2448.35 3107.09
60.4871 626.171 1243.93 1855.97 2452.35 3112.09
60.5834 627.168 1245.93 1858.97 2456.25 3117.09
60.5834 628.184 1247.93 1861.98 2460.23 3122.09
60.6799 629.184 1249.92 1864.98 2464.15 3127.09
60.7753 630.173 1251.92 1867.98 2468.15 3132.01
60.8708 631.173 1253.89 1870.91 2472.15 3137.01
60.9676 632.173 1255.89 1873.89 2476.08 3142.01
60.9676 633.173  1257.9 1876.89 2480.04 3147.04
60.9676 634.178 1259.89 1879.89 2484.04 3152.04
61.0611 635.151 1261.83 1882.89 2488.04 3157.04
61.1573 636.151 1263.81 1885.89 2491.96 3162.04
61.1573 637.151 1265.83  1888.9 2495.93 3167.04
61.1573 638.157 1267.83  1891.9 2499.93 3172.03
61.2517 639.142 1269.83 1894.82 2503.93 3177.03
61.2517  640.15 1271.83  1897.8 2507.93 3182.03
61.3459 641.135 1273.83 1900.73 2511.93 3187.03
61.4416 642.135 1275.82 1903.73 2515.85 3192.03
61.4416 643.135 1277.82 1906.71 2519.85 3197.04
61.4416 644.135 1279.82  1909.7 2523.85 3202.05
61.4416 645.135 1281.82 1912.69 2527.85 3207.06
61.5361 646.135  1283.8 1915.69 2531.85    3212
61.5361  647.14 1285.79 1918.69 2535.85 3216.99
61.5361  648.14  1287.8 1921.69 2539.81 3222.02
61.5361 649.148 1289.81 1924.68 2543.81 3227.02
61.5361 650.148 1291.82 1927.68 2547.77 3232.05
61.5361 651.148 1293.82 1930.68 2551.74 3237.08
61.5361 652.148 1295.83 1933.67 2555.74 3242.08
61.5361 653.156 1297.83 1936.65 2559.74 3247.08
 61.629 654.142 1299.83 1939.58 2563.74 3252.08
 61.629 655.155 1301.84 1942.58 2567.71 3257.08
61.7205 656.129 1303.78 1945.58 2571.71 3262.08
61.7205 657.143 1305.79 1948.58 2575.68 3267.08
61.8135 658.132 1307.79 1951.58 2579.68    3272
61.8135  659.14  1309.8 1954.57 2583.68    3277
 61.907 660.137  1311.8 1957.57 2587.59    3282
 61.907 661.144  1313.8 1960.55 2591.59 3287.01
 61.907 662.158 1315.81 1963.55 2595.56 3292.01
 61.907 663.158 1317.81 1966.54 2599.56 3297.02
 61.907 664.163 1319.81 1969.54 2603.56 3302.02
 61.907  665.17 1321.81 1972.53 2607.56 3307.02
61.9976 666.144 1323.75 1975.53 2611.56 3312.02
61.9976 667.149 1325.74 1978.53 2615.56 3317.02
62.0907 668.149 1327.74 1981.53 2619.49    3322
62.0907 669.149 1329.75 1984.53 2623.46 3327.03
62.0907 670.162 1331.77 1987.53 2627.43 3332.03
62.1831  671.16 1333.77 1990.53 2631.34 3337.03
62.2749  672.16 1335.73 1993.46 2635.34 3342.03
62.2749  673.17 1337.73 1996.46  2639.3 3347.05
62.2749  674.17 1339.73 1999.47 2643.27 3352.08
62.2749 675.184 1341.75 2002.47 2647.24 3357.08
62.3669 676.181 1343.75 2005.47 2651.15 3362.08
62.4568 677.155 1345.68 2008.47 2655.15 3367.08
62.4568 678.155  1347.7 2011.47 2659.13 3372.08
62.4568 679.162  1349.7 2014.46 2663.13 3377.09
62.4568 680.162  1351.7 2017.45 2667.13  3382.1
62.5489 681.162  1353.7 2020.42 2671.06  3387.1
62.6399 682.162 1355.67 2023.36 2675.06  3392.1
 62.732 683.162 1357.67 2026.34    2679  3397.1
 62.823 684.162 1359.64 2029.28    2683  3402.1
62.9151 685.162 1361.64 2032.25 2686.93  3407.1
62.9151 686.173 1363.64 2035.25 2690.89 3412.13
63.0061 687.173 1365.61 2038.25 2694.89 3417.06
63.0971 688.173 1367.59 2041.25 2698.89    3422
63.1878 689.162 1369.59 2044.25 2702.89 3426.92
63.2787 690.162 1371.56 2047.19 2706.89 3431.92
63.2787 691.173 1373.56 2050.19 2710.86 3436.94
63.2787 692.187 1375.56  2053.2 2714.83 3441.94
63.2787 693.201 1377.56 2056.21 2718.81 3446.94
63.3702 694.201 1379.56 2059.18 2722.74 3451.94
63.4606 695.191 1381.56 2062.18 2726.74 3456.87
63.4606 696.205 1383.56 2065.19 2730.72 3461.87
63.4606 697.218 1385.57 2068.19  2734.7 3466.87
63.5512 698.218 1387.57 2071.15  2738.7 3471.82
63.6413 699.207 1389.57 2074.15  2742.7 3476.74
63.7314 700.197 1391.57 2077.15  2746.7 3481.66
 63.822 701.197 1393.57  2080.1  2750.7 3486.61
 63.822 702.197 1395.58  2083.1 2754.66 3491.64
 63.822 703.197 1397.59  2086.1 2758.63 3496.67
 63.822 704.197  1399.6  2089.1 2762.59 3501.69
63.9127 705.197 1401.58  2092.1 2766.51 3506.69
63.9127 706.211 1403.58 2095.11 2770.49 3511.69
63.9127 707.224  1405.6 2098.11 2774.47 3516.69
63.9127 708.224 1407.61 2101.12 2778.44 3521.69
64.0021 709.224 1409.58 2104.06 2782.44 3526.69
64.0021 710.224 1411.59 2107.06 2786.41 3531.72
64.0924 711.224 1413.59 2110.06 2790.34  3536.7
64.0924 712.238 1415.59 2113.07 2794.32  3541.7
 64.182 713.238 1417.59 2116.02 2798.32 3546.65
 64.182 714.238 1419.59 2119.02 2802.28 3551.68
64.2706 715.224 1421.59 2121.95 2806.28 3556.68
64.3602 716.224 1423.59 2124.91 2810.28 3561.64
64.4498 717.221 1425.59 2127.91  2814.2 3566.64
64.5387 718.211 1427.59 2130.91  2818.2 3571.56
64.6278 719.211 1429.56 2133.85  2822.2 3576.56
64.6278 720.221 1431.56 2136.85 2826.16 3581.58
64.6278 721.221 1433.56 2139.85 2830.13 3586.61
64.6278 722.221 1435.57 2142.85 2834.11 3591.61
64.7174 723.221 1437.57 2145.85 2838.04 3596.59
64.7174 724.234 1439.59 2148.85 2842.01 3601.59
64.7174 725.244 1441.59 2151.85 2845.98 3606.62
64.8069 726.244 1443.59 2154.83 2849.91 3611.62
64.8069 727.244  1445.6 2157.84 2853.89 3616.62
64.8069 728.258  1447.6 2160.85 2857.87 3621.62
64.8069 729.263  1449.6 2163.85 2861.87 3626.62
64.8069 730.277  1451.6 2166.85 2865.85 3631.62
64.8944 731.263  1453.6 2169.78 2869.85 3636.62
64.8944 732.263 1455.61 2172.78 2873.81 3641.64
64.8944 733.277 1457.61 2175.79 2877.79 3646.64
64.8944 734.277 1459.61 2178.79 2881.76 3651.67
64.8944 735.289 1461.62 2181.79 2885.73 3656.67
64.9828 736.289 1463.62 2184.79 2889.67 3661.65
64.9828 737.302 1465.64 2187.79 2893.64 3666.65
65.0709 738.302 1467.62 2190.79 2897.56 3671.65
65.0709 739.315 1469.64 2193.79 2901.54 3676.65
65.0709 740.315 1471.64 2196.78 2905.54 3681.66
65.0709 741.315 1473.64 2199.77 2909.54 3686.67
65.0709 742.315 1475.65 2202.77  2913.5  3691.7
65.0709 743.315 1477.65 2205.77 2917.47 3696.72
65.1581 744.315 1479.65 2208.72 2921.47 3701.68
65.1581 745.315 1481.66 2211.73 2925.45 3706.68
65.1581 746.321 1483.66 2214.72 2929.45 3711.69
65.2454 747.321 1485.65 2217.72 2933.38 3716.69
65.2454 748.326 1487.65 2220.72 2937.38 3721.68
65.2454 749.334 1489.65 2223.71 2941.38 3726.68
65.2454 750.346 1491.66 2226.71 2945.35 3731.68
65.3315 751.336 1493.66 2229.71 2949.35 3736.61
65.4185 752.336 1495.65 2232.71 2953.28 3741.61
65.5054 753.336 1497.64 2235.71  2957.2 3746.61
65.5054 754.336 1499.64  2238.7  2961.2 3751.62
65.5923 755.336 1501.63  2241.7 2965.13 3756.62
65.5923 756.336 1503.63  2244.7  2969.1 3761.65
65.5923 757.336 1505.64  2247.7 2973.06 3766.67
65.5923 758.336 1507.65 2250.71 2977.04 3771.67
65.5923 759.336 1509.67 2253.71 2981.02 3776.67
65.6786 760.336 1511.66 2256.71 2984.94 3781.67
65.6786 761.336 1513.66 2259.71 2988.91  3786.7
65.6786 762.336 1515.67 2262.71 2992.88 3791.72
65.6786 763.341 1517.67 2265.71 2996.88 3796.72
65.7641 764.341 1519.65 2268.71 3000.88 3801.66
65.8504 765.341 1521.65 2271.69 3004.81 3806.66
65.9367 766.341 1523.65 2274.67 3008.75 3811.66
66.0228 767.341 1525.65 2277.67 3012.68 3816.64
66.1087 768.339 1527.65 2280.67  3016.6 3821.64
66.1087 769.352 1529.65 2283.67 3020.58 3826.64
 66.194 770.352 1531.62 2286.67 3024.58 3831.58
 66.194 771.352 1533.63 2289.67 3028.55 3836.61
 66.194 772.357 1535.63 2292.67 3032.55  3841.6
 66.194 773.357 1537.63 2295.68 3036.52 3846.63
 66.194 774.357 1539.64 2298.68 3040.48 3851.66
66.2795 775.357 1541.62 2301.68 3044.41 3856.66
66.3629 776.333 1543.56 2304.68 3048.41 3861.66
66.3629 777.345 1545.58 2307.68 3052.38 3866.66
66.3629  778.35 1547.57 2310.68 3056.38 3871.65
66.3629 779.363 1549.57 2313.68 3060.36 3876.65
66.3629 780.369 1551.57 2316.67 3064.36 3881.66
66.4481 781.369 1553.57 2319.67 3068.29 3886.64
66.5324 782.369 1555.55 2322.62 3072.29 3891.64
66.5324 783.376 1557.55  2325.6 3076.29 3896.65
66.6176 784.376 1559.55 2328.58 3080.23 3901.65
66.7022 785.376 1561.55 2331.54 3084.23  3906.6
66.7022 786.386 1563.55 2334.54  3088.2 3911.63
66.7022  787.39 1565.54 2337.54  3092.2 3916.63
66.7022 788.397 1567.54 2340.53  3096.2 3921.63
66.7022 789.397 1569.54 2343.53 3100.17 3926.66
66.7022  790.41 1571.54 2346.54 3104.15 3931.66
66.7867  791.41 1573.54 2349.54 3108.08 3936.64
66.7867 792.415 1575.54 2352.54 3112.08 3941.64
 66.871 793.415 1577.53 2355.54 3116.01 3946.64
66.9548 794.415  1579.5 2358.54 3120.01 3951.58
66.9548 795.415 1581.52 2361.54 3123.99 3956.58
67.0391 796.415 1583.52 2364.54 3127.92 3961.56
67.1235 797.415 1585.52 2367.52 3131.86 3966.56
67.1235 798.419 1587.52 2370.52 3135.86 3971.56
67.2075 799.419 1589.51 2373.52 3139.79 3976.56
67.2075 800.419 1591.51 2376.51 3143.79 3981.57
67.2075 801.419 1593.51  2379.5 3147.79 3986.58
67.2909 802.419 1595.48  2382.5 3151.79 3991.52
67.3739  803.41 1597.48  2385.5 3155.79 3996.45
67.4575  804.41 1599.48 2388.46 3159.79  4001.4
67.5416  805.41 1601.48 2391.44 3163.73  4006.4
67.6256  806.41 1603.48 2394.41 3167.66  4011.4
67.7088  807.41 1605.46 2397.36 3171.66  4016.4
 67.792  808.41 1607.43  2400.3 3175.66  4021.4
 67.792  809.41 1609.43  2403.3 3179.63 4026.43
 67.792 810.414 1611.43  2406.3 3183.63 4031.43
67.8754 811.412 1613.43  2409.3 3187.55 4036.43
 67.958 812.399 1615.43 2412.23 3191.55 4041.43
 67.958 813.399 1617.44 2415.24 3195.53 4046.43
 67.958 814.409 1619.44 2418.24  3199.5 4051.45
 67.958 815.413 1621.44 2421.24  3203.5 4056.45
68.0407 816.413 1623.41 2424.19  3207.5 4061.45
68.0407  817.42 1625.41 2427.18  3211.5 4066.45
68.0407 818.432 1627.42 2430.18 3215.48 4071.45
68.0407 819.439 1629.43 2433.17 3219.48 4076.45
68.0407 820.446 1631.43 2436.15 3223.48 4081.46
68.0407 821.458 1633.44 2439.15 3227.45 4086.46
68.0407 822.467 1635.44 2442.15 3231.42 4091.48
68.0407 823.474 1637.44 2445.14 3235.42 4096.49
68.0407 824.483 1639.44 2448.14 3239.39 4101.51
68.1234 825.483 1641.44 2451.12 3243.33 4106.51
68.1234 826.495 1643.45 2454.12  3247.3 4111.51
68.2056 827.493 1645.45 2457.12 3251.22 4116.51
68.2862  828.47 1647.39 2460.12 3255.22 4121.51
68.2862 829.482 1649.41 2463.12  3259.2 4126.51
68.2862 830.482 1651.42 2466.13 3263.18 4131.51
68.3685 831.482 1653.42 2469.13 3267.11 4136.49
68.3685 832.495 1655.42 2472.13 3271.09 4141.49
68.4496 833.482 1657.42 2475.07 3275.09 4146.49
68.4496 834.495 1659.42 2478.07 3279.07 4151.49
68.5311 835.495  1661.4 2481.07 3283.07 4156.43
68.5311 836.495  1663.4 2484.07 3287.04 4161.46
68.5311 837.495 1665.41 2487.07 3291.01 4166.48
68.6123 838.495 1667.38 2490.02 3295.01 4171.48
68.6941 839.495 1669.37 2493.02 3298.94 4176.48
68.7741 840.472 1671.32 2496.02 3302.94 4181.48
68.8552 841.472 1673.29 2498.97 3306.94 4186.48
68.8552 842.472  1675.3 2501.97 3310.91  4191.5
68.8552 843.481  1677.3 2504.97 3314.87 4196.53
68.9366 844.481  1679.3 2507.93 3318.87 4201.49
 69.018 845.479  1681.3 2510.93 3322.79 4206.49
 69.018 846.479  1683.3 2513.93 3326.77 4211.51
69.0994 847.477  1685.3 2516.93 3330.69 4216.51
69.0994 848.484  1687.3 2519.92 3334.69 4221.51
69.1806 849.481  1689.3 2522.92 3338.61 4226.51
69.2619 850.479  1691.3 2525.92 3342.53 4231.51
69.3431 851.477  1693.3 2528.92 3346.45 4236.51
69.4239 852.477 1695.27 2531.86 3350.45 4241.51
69.4239 853.477 1697.29 2534.87 3354.43 4246.51
69.5042 854.464 1699.29  2537.8 3358.43 4251.51
69.5042 855.477 1701.29 2540.81 3362.41 4256.51
69.5042 856.484 1703.29  2543.8 3366.41 4261.51
69.5042 857.484  1705.3  2546.8 3370.38 4266.54
69.5843 858.471  1707.3 2549.73 3374.38 4271.54
69.6643 859.458  1709.3 2552.67 3378.38 4276.54
69.6643 860.471  1711.3 2555.67 3382.36 4281.54
69.6643 861.483  1713.3 2558.68 3386.34 4286.54
69.6643  862.49  1715.3 2561.67 3390.34 4291.54
69.6643  863.49  1717.3 2564.66 3394.34 4296.55
69.6643 864.495  1719.3 2567.66 3398.34 4301.54
69.7449 865.495 1721.29 2570.66 3402.27 4306.54
69.8249 866.495 1723.26 2573.66 3406.27 4311.49
69.9037 867.472 1725.21 2576.66 3410.27 4316.49
69.9845 868.472 1727.21 2579.64 3414.21 4321.49
70.0641  869.46 1729.21 2582.57 3418.21 4326.49
70.0641  870.46 1731.22 2585.58 3422.19 4331.49
70.1448  871.46 1733.22 2588.56 3426.13 4336.49
70.1448 872.469 1735.22 2591.56  3430.1 4341.51
70.1448 873.478 1737.22 2594.56 3434.07 4346.53
70.2253 874.478 1739.22 2597.54 3438.01 4351.53
70.3048 875.469 1741.22 2600.54 3442.01 4356.46
70.3048 876.478 1743.22 2603.54 3445.98 4361.49
70.3851 877.478 1745.22 2606.54 3449.91 4366.47
70.4647 878.478 1747.19 2609.48 3453.91 4371.47
70.5449 879.478 1749.18 2612.48 3457.84 4376.47
70.5449 880.478 1751.19 2615.48 3461.81 4381.49
 70.624 881.466 1753.19 2618.42 3465.81 4386.49
70.7024 882.443 1755.13 2621.42 3469.81 4391.49
 70.782 883.443 1757.11 2624.42 3473.81 4396.44
70.8623 884.443 1759.11 2627.39 3477.76 4401.44
70.9406 885.421 1761.05 2630.39 3481.76 4406.44
71.0197 886.408 1763.05 2633.33 3485.76 4411.44
71.0197 887.415 1765.06 2636.32 3489.76 4416.44
71.0997 888.415 1767.04 2639.32 3493.69 4421.44
71.1798 889.415 1769.04 2642.32 3497.62 4426.42
71.1798 890.421 1771.04 2645.31 3501.62 4431.42
71.1798 891.421 1773.05  2648.3 3505.62 4436.43
71.1798 892.421 1775.05  2651.3  3509.6 4441.46
71.1798 893.427 1777.05 2654.29  3513.6 4446.47
71.2593 894.424 1779.05 2657.29 3517.52 4451.47
71.3388 895.422 1781.05 2660.29 3521.44 4456.47
71.4167 896.399 1782.99 2663.29 3525.44 4461.47
71.4167 897.408 1784.99 2666.29 3529.41 4466.49
71.4957 898.408 1786.97 2669.29 3533.41 4471.43
71.4957 899.415 1788.97 2672.28 3537.41 4476.43
71.4957 900.419 1790.97 2675.28 3541.41 4481.43
71.5753 901.419 1792.97 2678.25 3545.35 4486.43
71.5753  902.43 1794.98 2681.25 3549.33 4491.43
71.6529 903.408 1796.92 2684.25 3553.33 4496.43
71.7317 904.408  1798.9 2687.25 3557.33 4501.38
 71.811 905.408 1800.89 2690.25 3561.26 4506.38
 71.811 906.408 1802.89 2693.24 3565.26 4511.38
71.8884 907.386 1804.83 2696.24 3569.26 4516.38
71.8884 908.392 1806.83 2699.23 3573.26 4521.39
71.9668 909.382 1808.83 2702.23 3577.26 4526.32
71.9668 910.382 1810.84 2705.23 3581.23 4531.34
72.0459 911.382 1812.83 2708.23 3585.17 4536.34
72.1242 912.373 1814.83 2711.23 3589.17 4541.28
72.2032 913.373 1816.82 2714.23  3593.1 4546.28
72.2824 914.373 1818.82 2717.21 3597.04 4551.28
72.2824 915.373 1820.83 2720.22 3601.02 4556.28
72.3604 916.361 1822.83 2723.15 3605.02 4561.28
72.4389 917.361 1824.81 2726.15 3609.02 4566.22
72.5175 918.361 1826.81 2729.11 3613.02 4571.18
72.5948 919.338 1828.75 2732.11 3617.02 4576.18
72.6737 920.338 1830.74 2735.11 3620.95 4581.18
72.7528 921.338 1832.74 2738.09  3624.9 4586.18
72.7528 922.338 1834.75 2741.09 3628.87  4591.2
72.8315 923.336 1836.75 2744.09 3632.79  4596.2
72.9102 924.333 1838.75 2747.09 3636.71  4601.2
72.9102 925.344 1840.76 2750.09 3640.69  4606.2
72.9102 926.344 1842.76 2753.08 3644.69 4611.21
72.9889 927.344 1844.76 2756.08 3648.63 4616.19
72.9889 928.344 1846.77 2759.09 3652.61 4621.19
73.0669 929.344 1848.75 2762.04 3656.61 4626.19
73.1449 930.344 1850.72 2764.99 3660.61 4631.19
73.2228 931.335 1852.72 2767.99 3664.61 4636.13
73.2228  932.34 1854.72 2770.97 3668.61 4641.13
73.3006 933.331 1856.72 2773.97 3672.61 4646.06
73.3785 934.331 1858.69 2776.92 3676.61 4651.06
73.3785 935.337 1860.69 2779.91 3680.61 4656.07
73.4567 936.337 1862.69 2782.87 3684.61 4661.03
73.5342 937.324 1864.69 2785.81 3688.61 4666.03
 73.612 938.324 1866.67 2788.76 3692.61 4671.03
73.6903 939.321 1868.67 2791.76 3696.54 4676.03
73.7685 940.319 1870.67 2794.76 3700.46 4681.03
73.7685 941.319 1872.67 2797.76 3704.43 4686.06
73.7685 942.319 1874.67 2800.75 3708.43 4691.06
73.7685 943.319 1876.68 2803.75  3712.4 4696.09
73.8461 944.319 1878.65  2806.7  3716.4 4701.09
73.9233 945.306 1880.65 2809.63  3720.4 4706.09
74.0016 946.306 1882.65 2812.63 3724.34 4711.07
74.0016 947.315 1884.65 2815.63 3728.31 4716.09
74.0798 948.315 1886.65 2818.61 3732.26 4721.09
74.1579 949.315 1888.64 2821.61 3736.19 4726.09
74.2355 950.315 1890.61 2824.61 3740.19 4731.04
74.2355 951.326 1892.63 2827.61 3744.17 4736.04
 74.313 952.326  1894.6 2830.61 3748.17 4740.98
74.3905 953.326 1896.58 2833.56 3752.17 4745.98
74.4683 954.323 1898.58 2836.56 3756.09 4750.98
74.4683 955.323 1900.59 2839.57 3760.07 4755.98
74.4683 956.327 1902.59 2842.57 3764.07 4760.98
74.5455 957.327 1904.56 2845.51 3768.07 4765.98
74.6217 958.305 1906.51 2848.51 3772.07 4770.98
74.6217 959.311 1908.51 2851.51 3776.07 4775.98
74.6985 960.299 1910.51 2854.44 3780.07 4780.98
74.6985  961.31 1912.52 2857.44 3784.05 4785.98
74.7757  962.31 1914.49 2860.44 3788.05 4790.93
74.7757 963.316  1916.5 2863.43 3792.05 4795.93
74.8524 964.304  1918.5 2866.37 3796.05 4800.93
74.8524 965.304  1920.5 2869.36 3800.05 4805.94
74.8524 966.314 1922.51 2872.36 3804.03 4810.94
74.8524 967.314 1924.51 2875.35 3808.03 4815.94
74.8524 968.314 1926.51 2878.35    3812 4820.97
74.8524 969.325 1928.52 2881.35 3815.98 4825.97
74.8524 970.333 1930.52 2884.35 3819.95 4830.99
74.8524 971.333 1932.53 2887.36 3823.94 4835.99
74.9289 972.333 1934.51 2890.36 3827.94 4840.94
74.9289 973.333 1936.51 2893.35 3831.94 4845.95
75.0059 974.333  1938.5 2896.35 3835.87 4850.95
75.0059 975.339  1940.5 2899.33 3839.87 4855.95
75.0827 976.339 1942.49 2902.33  3843.8 4860.95
 75.158 977.317 1944.43 2905.33  3847.8 4865.95
 75.158 978.321 1946.43 2908.33  3851.8 4870.95
75.2345 979.321 1948.43  2911.3  3855.8 4875.91
75.3108 980.321 1950.41 2914.25  3859.8 4880.91
75.3108 981.332 1952.42 2917.25 3863.78 4885.91
 75.387 982.332 1954.39 2920.25 3867.78 4890.86
 75.387 983.337 1956.39 2923.24 3871.78 4895.86
75.4634 984.337 1958.39  2926.2 3875.78 4900.82
75.4634 985.341 1960.39  2929.2 3879.78 4905.82
75.5394 986.341 1962.37 2932.15 3883.78 4910.82
75.5394 987.341 1964.37 2935.15 3887.76 4915.85
75.6152 988.332 1966.37 2938.15 3891.76 4920.78
75.6912 989.332 1968.34 2941.15 3895.76 4925.73
75.6912 990.332 1970.34 2944.14 3899.76 4930.74
 75.766  991.31 1972.29 2947.14 3903.76 4935.74
 75.766 992.317 1974.29 2950.13 3907.76 4940.74
75.8407 993.295 1976.24 2953.13 3911.76 4945.74
75.8407 994.301 1978.24 2956.12 3915.76 4950.74
75.9168 995.298 1980.24 2959.12 3919.68 4955.74
75.9168 996.302 1982.24 2962.12 3923.68 4960.74
75.9913  997.28 1984.18 2965.12 3927.68 4965.74
75.9913  998.28 1986.18 2968.11 3931.68 4970.75
75.9913 999.284 1988.18 2971.11 3935.68 4975.75
75.9913 1000.28 1990.19 2974.11 3939.66 4980.77
76.0673 1001.28 1992.18 2977.11 3943.59 4985.77
76.1426 1002.28 1994.15 2980.06 3947.59 4990.77
76.1426  1003.3 1996.15 2983.07 3951.57 4995.77