2.66667       2 2.66667 2.66667       5       6
2.66667       3 5.01961 5.01961       9 11.2941
2.66667       4 7.01961 7.39916 13.2665 16.6481
3.33557 5.00335 9.01961 10.3992 16.5942 21.6481
4.00297 6.00446 11.0196 13.3992 20.5942 25.9796
4.71529 7.00446 13.0196 16.3992 24.2589 30.6026
4.71529 8.18013 15.0196 19.1517 28.3307 35.6026
5.34764 9.18013 17.0196 21.7201   32.13 40.6026
5.34764 10.3009 19.0196 24.7201 36.0524 45.5594
5.87869 11.3009 20.9084 27.7201 39.6326 50.5594
5.87869 12.3931 22.9293 30.7201 43.6326 55.4462
 6.3656 13.3931 24.8284 33.7201 47.2466 60.4462
6.84172 14.3949 26.8284 36.2422 51.2466 65.4462
6.84172  15.493 28.8284 39.2422 55.1559 70.4388
7.29837  16.493 30.7525 41.8614 59.1559 75.4388
7.77003  17.493 32.7525 44.5667 62.9789 80.4388
7.77003 18.6122 34.7525 47.4181 67.0083 85.4388
7.77003 19.7314 36.7525 50.2695 71.0377 90.4388
8.16429 20.7326 38.7525 53.2695 74.6423 95.4388
8.16429 21.7326 40.7525 56.1315 78.6526 100.566
8.16429 22.7989  42.752 59.1315 82.6526 105.501
8.16429 23.8758 44.7713 62.1315 86.5565 110.501
8.51397 24.8758 46.6889 65.1315 90.5565 115.233
8.51397 25.9779 48.6889 68.0172 94.5686 120.233
8.51397 27.0442 50.6874 71.0172 98.5686 125.169
8.51397 28.1445 52.6874 73.9066 102.579 130.169
 8.8254 29.1445 54.6146 76.9066 106.579  134.93
9.13685 30.1445  56.542 79.9066  110.34  139.93
9.13685 31.1445  58.542 82.8107  114.35 145.016
9.13685 32.1445 60.5863 85.7025  118.35  150.08
9.13685 33.1445 62.6118 88.7025 122.307 155.097
9.13685 34.2085 64.6217 91.7025 126.233 160.097
9.39073  35.159 66.4173 94.7025 130.233 165.097
9.39073 36.2207 68.4229 97.7025 134.166 170.097
9.66018 37.2207 70.4229 100.702 138.016 174.978
9.92201 38.2295 72.4229 103.432 142.016 179.978
 10.189 39.2295 74.3721 106.216 146.016 184.978
 10.189 40.2295 76.4066 109.121 150.016 190.038
 10.189 41.3046 78.4066 112.037 154.025 195.038
10.4405 42.3046 80.3416 115.037 158.025 199.851
10.6885 43.3094 82.3416 118.037 162.025 204.599
10.6885 44.3586 84.3363 121.037 166.025 209.555
10.9186 45.3133 86.1515 124.037 170.025 214.555
10.9186 46.3774 88.1746  126.95 174.025 219.555
10.9186 47.4252 90.1666  129.95 178.025 224.515
11.1533 48.4252 92.1049  132.95 181.852 229.515
11.3921 49.4252 94.1049 135.797 185.852 234.429
11.6267 50.4252 96.0428 138.797 189.852 239.257
11.6267 51.4858 98.0629 141.716 193.852 244.257
11.6267 52.4858 100.098 144.657 197.875 249.257
11.8495 53.4914 102.098 147.429 201.875 254.257
12.0746 54.4914 104.038 150.429  205.71 259.257
12.0746 55.4914 106.063 153.357  209.71 264.304
12.2993 56.4914 108.063 156.212  213.71 269.224
 12.517 57.4912 110.063 159.212 217.493 274.224
12.7256  58.449 111.897 162.212 221.493 279.224
12.9497  59.449 113.897 165.069 225.493 284.142
13.1583 60.4064 115.731 168.069 229.493 289.142
13.3821 61.4064 117.731 170.928 233.493  294.06
13.3821 62.4064 119.738 173.928 237.473 299.073
13.3821 63.4601 121.738 176.865 241.483 304.073
13.5953 64.4601 123.678 179.865 245.483 308.919
13.8097 65.4601 125.628   182.7 249.483 313.919
14.0261 66.4601 127.628 185.564 253.483 318.839
14.2393 67.4601 129.568 188.564 257.483 323.686
14.4559 68.4601 131.568 191.432 261.398 328.686
14.6722 69.4601 133.568 194.296 265.398 333.605
 14.883 70.4577 135.568 197.296 269.398 338.397
15.0993 71.4577 137.568 200.164 273.314 343.397
15.0993 72.5034 139.568 203.093 277.314 348.422
15.0993 73.5491 141.568 206.022 281.314 353.447
15.3042 74.5473 143.568 209.022 285.314 358.244
15.5144 75.5473 145.568 211.893 289.233 363.244
15.5144 76.5922 147.568 214.824 293.233 368.268
15.7184 77.5922 149.508 217.824 297.089 373.268
15.9126 78.5509 151.356 220.824 301.089 378.268
16.1176 79.5509 153.306 223.669 305.089 383.268
16.3214 80.5509 155.244 226.669 308.946 388.268
16.3214  81.596 157.258  229.61 312.946 393.268
 16.523  82.596   159.2  232.61 316.946 398.124
 16.523  83.596 161.215 235.555 320.946 403.164
16.7192 84.5886 163.215 238.555 324.758 408.164
16.7192 85.5886 165.237  241.51 328.781 413.164
16.7192 86.6198 167.228  244.51 332.781 418.142
16.7192 87.6198  169.25 247.466 336.803 423.142
16.9093 88.6161  171.25 250.279 340.803 428.142
17.1014 89.6161 173.195 253.279 344.803 433.005
17.2915 90.6123 175.195 256.279 348.803 437.819
17.2915 91.6537 177.208 259.224 352.803 442.819
17.4829 92.6537 179.208 262.224 356.709 447.721
17.4829 93.6537 181.229 265.181 360.732 452.721
17.4829 94.6537 183.245 268.131 364.732 457.757
17.6702 95.6537 185.245 271.131  368.64 462.661
17.6702 96.6828 187.238 274.131  372.64 467.639
17.8524 97.6795 189.238 277.131  376.64  472.46
17.8524 98.7186 191.251 280.079  380.64  477.46
18.0358 99.7186 193.251 283.079 384.551 482.366
18.2182 100.719 195.205 285.942 388.551 487.366
18.2182 101.758 197.205 288.893  392.56 492.366
18.3965 102.754 199.205 291.719  396.56 497.366
18.5749  103.75 201.205 294.719  400.56 502.191
18.7472 104.712 203.071 297.719  404.56 507.191
18.7472 105.712  205.09 300.678 408.582 512.191
18.7472  106.75  207.09  303.63 412.593 517.191
18.9163 107.713 208.958  306.63 416.593 522.191
18.9163 108.748 210.958 309.577 420.593 527.209
18.9163 109.785 212.969 312.528 424.593 532.209
19.0892 110.785 214.915 315.528 428.473 537.209
19.0892 111.785 216.915 318.484 432.487  542.24
19.0892 112.812 218.908 321.484 436.487 547.221
19.0892 113.848 220.919 324.437 440.487 552.221
 19.259 114.848 222.919 327.437 444.405 557.133
19.4261 115.845 224.919 330.437 448.405 561.969
19.5966 116.845 226.919 333.336 452.405   566.9
19.7655 117.845 228.875  336.21 456.405   571.9
19.9337 118.845 230.823  339.21 460.289   576.9
19.9337 119.845 232.823 342.167 464.302 581.929
20.0995 120.841 234.823 345.167 468.302 586.767
20.0995 121.841 236.823 348.125 472.315 591.796
20.2638 122.838 238.823 351.125 476.315 596.635
20.4274 123.829 240.823 354.125  480.16 601.635
20.4274 124.855 242.819 357.125 484.138 606.635
20.4274 125.889 244.819 360.083 488.147 611.635
20.5905 126.889 246.773 363.083 492.147 616.518
20.7522 127.885 248.773 366.083 496.147 621.359
20.7522 128.919 250.783  369.04 500.147 626.359
20.7522 129.944 252.778  372.04 504.127 631.359
20.9106 130.936 254.778  375.04 507.976 636.359
20.9106 131.969 256.787 377.998 511.976 641.359
20.9106 132.995 258.783 380.998 515.955 646.359
21.0626 133.962 260.664 383.998 519.955 651.359
21.0626 134.962 262.675 386.961 523.955 656.385
21.2209 135.962 264.675 389.869 527.955 661.319
21.3787 136.962 266.675 392.869  531.88 666.235
21.3787 137.992 268.675 395.825  535.88 671.249
21.5358 138.992 270.675 398.735  539.88 676.182
21.5358 140.024 272.675 401.695 543.888 681.182
21.6885 141.016 274.675 404.695 547.743 686.182
21.6885 142.016  276.69 407.663  551.76 691.182
21.8433 143.016  278.69 410.573  555.76 696.117
21.8433 144.016  280.69 413.537 559.772 701.142
21.9957 145.016 282.647 416.537 563.772 706.032
21.9957 146.016  284.65 419.537 567.766 711.034
22.1471 147.016  286.61 422.426 571.766 716.034
22.2966 148.009  288.61 425.426 575.625 721.034
22.2966 149.009  290.61  428.39 579.636 726.059
22.2966 150.009 292.624 431.359 583.653 731.059
22.2966 151.031 294.619 434.359 587.653 736.042
22.4437 152.027 296.619 437.359 591.653 740.898
22.5928 153.027 298.619 440.359 595.583 745.819
22.7406 154.027 300.573 443.359 599.481 750.819
22.8885 155.027 302.527 446.359 603.379 755.819
22.8885 156.057 304.527 449.323 607.385 760.819
22.8885 157.057 306.527  452.29 611.395 765.842
22.8885 158.057 308.527 455.256 615.406 770.866
22.8885 159.086 310.527  458.22 619.412 775.866
22.8885 160.108 312.522  461.22 623.412 780.849
22.8885 161.137 314.522 464.185 627.419 785.849
23.0319 162.137 316.522 467.185 631.351 790.774
23.0319 163.137 318.522 470.152 635.361 795.796
23.1721  164.13 320.522 473.152 639.228 800.796
23.3149  165.13 322.522 476.069 643.168 805.796
23.4578  166.13 324.522 478.987 647.168 810.736
23.5996  167.13 326.482 481.987 651.168 815.633
23.5996 168.157 328.482 484.948 655.168 820.645
23.7394 169.153 330.482 487.948 659.168 825.508
23.7394 170.181 332.482 490.914 663.175 830.508
23.7394 171.208 334.482 493.876 667.175  835.52
23.8776 172.205 336.482 496.876 671.175 840.384
23.8776 173.226 338.478 499.876 675.175 845.368
24.0151 174.223 340.478 502.876 679.175 850.234
24.0151  175.25 342.478 505.839 683.175 855.244
24.1538  176.25 344.478 508.761 687.175 860.183
24.1538  177.25 346.488  511.73 691.175 865.204
24.1538 178.277 348.488 514.696 695.181 870.204
24.2885 179.272 350.488 517.567 699.181 875.204
24.4252 180.272 352.488 520.567 703.117 880.131
24.5609 181.272 354.446 523.567 707.023 885.131
24.5609 182.294 356.446 526.567  711.01 890.122
24.6949 183.288 358.446 529.439  715.01 895.122
24.8302 184.288  360.41  532.34  719.01 900.122
24.8302 185.288 362.421 535.309  723.01 905.142
24.8302 186.288 364.431 538.278  727.01 910.163
24.9631 187.285 366.431 541.278  731.01 915.033
25.0956 188.279 368.431 544.151  735.01 920.033
25.0956   189.3 370.431 547.151 738.997 925.024
25.0956   190.3 372.434 550.151 742.993 930.026
25.2289   191.3 374.434 553.075 746.993 934.969
25.3613   192.3 376.399 555.978 750.993 939.969
25.3613   193.3 378.399 558.947 755.004 944.989
25.3613  194.32 380.395 561.947 758.987 949.989
25.4911 195.315 382.395 564.823 762.987 954.989
25.4911  196.34 384.403 567.789 766.987 959.989
25.6223  197.34 386.403 570.711 770.934 964.989
25.6223  198.34 388.414  573.68 774.934 970.009
25.6223 199.361 390.414  576.68 778.922 975.001
25.7512 200.361 392.378  579.68 782.922 979.907
25.8802 201.361 394.343  582.68 786.922 984.813
25.8802  202.38 396.339  585.68 790.922 989.798
25.8802   203.4 398.335  588.68 794.906 994.798
25.8802 204.425 400.335 591.648 798.913 999.798
25.8802  205.45 402.335 594.613 802.913 1004.81
25.8802 206.475 404.343  597.58 806.913 1009.81
26.0066 207.475 406.343  600.58 810.855 1014.74
26.1321 208.475 408.304  603.58 814.768 1019.74
26.1321 209.495 410.304  606.58 818.756 1024.73
26.2579 210.495 412.304  609.58 822.697 1029.67
26.3832 211.495 414.271 612.488 826.697 1034.67
26.3832  212.52 416.271 615.456 830.704 1039.67
26.3832 213.545 418.271 618.425 834.711 1044.67
26.3832 214.569 420.271  621.39 838.711 1049.68
26.5029 215.543 422.178  624.39 842.711 1054.68
26.6263 216.543 424.144  627.39 846.711 1059.59
26.7486 217.538 426.144 630.273 850.711 1064.59
26.8707 218.531 428.144 633.273 854.595 1069.59
26.8707 219.556 430.144 636.242 858.602 1074.59
26.9944 220.556 432.144 639.169 862.551 1079.59
26.9944 221.579 434.144 642.135 866.551  1084.6
26.9944 222.579 436.155  645.11 870.566  1089.6
 27.115 223.574 438.155 647.994 874.566  1094.6
27.2355 224.568 440.155 650.994 878.452  1099.6
27.2355 225.592 442.155 653.963 882.458  1104.6
27.2355 226.592 444.157 656.963 886.454  1109.6
27.2355 227.592 446.159 659.963  890.45  1114.6
27.2355 228.615 448.159  662.93  894.45 1119.61
27.2355 229.615 450.168 665.902  898.45 1124.63
27.2355 230.634 452.168 668.902 902.438 1129.62
27.3529 231.628 454.168 671.902 906.327 1134.62
27.3529 232.647 456.165 674.902 910.312 1139.62
27.4706 233.647 458.129 677.902 914.231 1144.62
27.4706 234.666 460.129 680.902 918.219 1149.61
27.5889 235.666 462.129 683.833 922.219 1154.56
27.5889 236.666  464.14 686.809 926.232 1159.56
27.7052 237.663  466.14 689.809 930.232 1164.45
27.8212 238.658  468.14 692.698 934.232 1169.45
27.8212 239.658 470.149  695.67 938.232 1174.47
27.8212 240.682 472.149 698.641 942.238 1179.47
27.9369 241.682 474.113 701.641 946.158 1184.47
28.0518 242.676 476.113 704.641 950.049 1189.47
28.1686 243.676 478.113 707.574 954.049 1194.42
28.2835  244.67 480.113 710.574  957.94 1199.42
28.3994  245.67 482.081 713.574  961.94 1204.34
28.3994  246.67 484.089 716.547  965.94 1209.35
28.5149  247.67 486.057 719.547  969.94 1214.27
28.6301  248.67 488.022 722.547 973.861 1219.27
28.7461  249.67 490.022 725.547 977.806 1224.21
28.8613  250.67 491.986 728.547 981.726 1229.21
28.8613 251.692 493.993 731.518 985.726 1234.21
28.8613 252.692 495.995 734.518 989.721 1239.21
28.9764 253.692 497.995 737.518 993.666 1244.15
  29.09 254.687 499.995  740.41 997.666 1249.15
  29.09 255.687 501.995 743.384 1001.67 1254.17
  29.09 256.687 504.006 746.362 1005.69 1259.17
  29.09 257.687 506.008 749.362 1009.68 1264.17
  29.09 258.703 508.004 752.362 1013.68 1269.16
29.2025 259.703  509.97 755.362  1017.6 1274.16
29.2025 260.703  511.97 758.336 1021.61 1279.18
29.2025 261.703 513.972 761.336 1025.61 1284.18
29.2025 262.721 515.972 764.336 1029.59 1289.17
29.2025 263.742 517.972 767.306 1033.59 1294.18
29.3127 264.737 519.972 770.201 1037.59 1299.18
29.4237 265.737 521.941 773.201 1041.59  1304.1
29.4237 266.753 523.937 776.201 1045.59 1309.09
29.5343 267.753 525.906 779.201 1049.59 1314.01
29.6447 268.753 527.872 782.201 1053.52 1319.01
29.6447 269.775 529.872 785.174 1057.52 1324.01
29.7549 270.775 531.842 788.174 1061.52 1328.93
29.7549 271.792 533.842 791.174 1065.51 1333.93
29.7549 272.792 535.844 794.174 1069.51 1338.93
29.8636 273.789 537.844 797.174 1073.51 1343.82
29.8636 274.789 539.846 800.174  1077.5 1348.82
29.9724 275.789 541.812 803.174 1081.43 1353.82
29.9724 276.805 543.808 806.174 1085.43 1358.81
29.9724 277.805 545.818 809.154 1089.44 1363.81
30.0797 278.799 547.818 812.154 1093.34 1368.81
30.0797  279.82 549.823 815.127 1097.34 1373.81
30.1869 280.817 551.823 818.127 1101.34 1378.71
30.2938 281.812 553.823 821.025 1105.34 1383.71
 30.401 282.809 555.823 824.025 1109.34  1388.6
 30.401 283.826 557.821 827.025 1113.32  1393.6
 30.401 284.826 559.823 830.025 1117.32  1398.6
 30.401 285.846 561.823     833 1121.32  1403.6
 30.401 286.867 563.823 835.975 1125.33  1408.6
30.5067 287.864 565.823 838.975 1129.33  1413.5
30.5067  288.88  567.82 841.975 1133.33 1418.49
 30.612 289.878  569.82 844.975 1137.33 1423.39
 30.612 290.878 571.822 847.975 1141.33 1428.39
30.7148 291.854 573.742 850.975 1145.33 1433.39
30.7148 292.854 575.749 853.952 1149.33  1438.4
30.8198 293.854 577.717 856.952 1153.25  1443.4
30.8198 294.854 579.724  859.93 1157.25 1448.42
30.9238 295.849 581.724 862.831 1161.25 1453.42
31.0277 296.844 583.724 865.732 1165.25 1458.42
 31.132 297.841 585.724 868.732 1169.25 1463.32
 31.132 298.857 587.722 871.732 1173.24 1468.32
 31.132 299.873 589.722 874.732 1177.23 1473.31
 31.132 300.889 591.719 877.732 1181.22 1478.31
 31.132 301.908 593.719 880.706 1185.22 1483.32
 31.132 302.908 595.719 883.683 1189.22 1488.33
31.2348 303.908 597.687 886.683 1193.15 1493.33
 31.337 304.902 599.687 889.683 1197.06 1498.33
 31.337 305.902 601.687 892.661 1201.06 1503.35
31.4403 306.902 603.687 895.603 1205.06  1508.3
31.5434 307.902 605.687 898.603 1209.02 1513.25
31.6461 308.902 607.659 901.529 1213.02 1518.25
31.6461 309.918 609.656 904.529    1217 1523.25
31.7484 310.918 611.628 907.454    1221 1528.25
31.7484 311.937 613.634  910.43    1225 1533.25
31.8504 312.937 615.605  913.43    1229 1538.18
31.8504 313.956 617.605 916.403    1233 1543.18
31.8504 314.956 619.605 919.381 1237.01  1548.2
 31.951  315.95 621.605 922.381 1240.91  1553.2
32.0522  316.95 623.574 925.381 1244.84  1558.2
32.0522 317.966 625.574 928.381 1248.83 1563.19
32.1527 318.963 627.574 931.381 1252.83 1568.09
32.2537 319.963 629.546 934.308 1256.83 1573.09
32.2537 320.982 631.551 937.284 1260.83 1578.09
32.2537 322.001 633.551 940.261 1264.84 1583.09
 32.354 323.001  635.52 943.261 1268.77 1588.09
 32.354  324.02  637.52 946.235 1272.77  1593.1
32.4533 325.015  639.52  949.14 1276.77  1598.1
32.4533  326.03 641.517  952.14 1280.76  1603.1
32.5531  327.03 643.489  955.14 1284.76 1608.03
32.6528  328.03 645.462  958.14 1288.76 1612.96
32.6528 329.046 647.462  961.14 1292.75 1617.95
32.6528 330.061 649.459  964.14 1296.73 1622.95
32.7519 331.061 651.428  967.14 1300.67 1627.95
32.8514 332.061 653.428  970.14 1304.62  1632.9
32.8514 333.079 655.433 973.117 1308.62  1637.9
32.9507 334.079 657.433  976.06 1312.58  1642.9
33.0491 335.077 659.433  979.06 1316.58  1647.8
33.0491 336.092  661.43  982.06 1320.57  1652.8
33.1477 337.092 663.403 984.989 1324.57  1657.8
33.1477 338.111 665.403 987.966 1328.57  1662.8
33.2459 339.111 667.375 990.895 1332.57  1667.8
33.2459 340.129 669.375  993.87 1336.57 1672.81
33.3438 341.129 671.345  996.87  1340.5 1677.81
 33.441 342.124 673.345 999.778  1344.5 1682.81
33.5367 343.102 675.271 1002.78  1348.5 1687.81
33.5367 344.102 677.277 1005.76  1352.5 1692.83
33.6343 345.102 679.249 1008.76  1356.5 1697.76
33.7319 346.102 681.219 1011.76 1360.43 1702.76
33.7319 347.102 683.227 1014.74 1364.44 1707.76
33.7319 348.102 685.233 1017.72 1368.44 1712.77
33.7319 349.102 687.233  1020.7 1372.45 1717.78
33.7319 350.102 689.239 1023.68 1376.45  1722.8
33.8289 351.102 691.239 1026.62 1380.41  1727.8
33.9247 352.097 693.239 1029.62 1384.32  1732.8
33.9247 353.097 695.247  1032.6 1388.33  1737.8
33.9247 354.097 697.255 1035.59 1392.34  1742.8
34.0205 355.097 699.225 1038.59 1396.27  1747.8
 34.117 356.097 701.225 1041.53 1400.23  1752.8
34.2135 357.097 703.225 1044.48 1404.19  1757.8
34.3087 358.091 705.225 1047.48  1408.1  1762.8
34.3087 359.106 707.225 1050.48 1412.09 1767.79
34.3087 360.124 709.225 1053.45 1416.09 1772.79
34.3087 361.138 711.223 1056.45 1420.08 1777.79
34.3087 362.155 713.223 1059.43 1424.08  1782.8
34.4036 363.155 715.196 1062.43 1428.08 1787.73
34.4979  364.15 717.196 1065.34 1432.08 1792.73
34.5932  365.15 719.196 1068.34 1436.04 1797.68
34.6884  366.15 721.196 1071.34 1439.99 1802.63
34.7833  367.15 723.169 1074.27 1443.99 1807.63
34.8776 368.145 725.169 1077.27  1447.9 1812.63
34.9703 369.124 727.097 1080.27  1451.9 1817.63
34.9703 370.138 729.097 1083.27 1455.89 1822.63
35.0648 371.138 731.068 1086.27 1459.83 1827.63
35.1588 372.133 733.068 1089.18 1463.83 1832.63
35.2528 373.128 735.068 1092.09 1467.83 1837.63
35.3479 374.128 737.068 1095.04 1471.79 1842.63
35.4424 375.128 739.039 1098.04 1475.72 1847.63
35.4424 376.128 741.039 1101.02 1479.73 1852.64
35.5367 377.128 743.012 1104.02 1483.73 1857.58
35.5367 378.128 745.012    1107 1487.73 1862.59
35.6312 379.128 747.012    1110 1491.69 1867.54
35.6312 380.128 749.013    1113 1495.68 1872.54
35.6312 381.142 751.013    1116 1499.67 1877.54
35.6312 382.155  753.01    1119 1503.66 1882.54
35.6312 383.172  755.01 1121.98 1507.66 1887.55
35.6312 384.189 757.014 1124.96 1511.66 1892.55
35.7246 385.189 759.014  1127.9 1515.66 1897.51
35.8173 386.189 760.986  1130.9  1519.6 1902.51
35.8173 387.203 762.986  1133.9 1523.59  1907.5
35.8173 388.203 764.987  1136.9 1527.58 1912.51
35.9102 389.203 766.987 1139.85 1531.58 1917.46
35.9102 390.217 768.984 1142.85 1535.57 1922.46
35.9102  391.23 770.982 1145.85 1539.56 1927.46
35.9102 392.243 772.978 1148.85 1543.56 1932.45
35.9102  393.26 774.982 1151.83 1547.56 1937.45
36.0012 394.257 776.982 1154.83 1551.56 1942.37
36.0012 395.257 778.982 1157.81 1555.57 1947.38
36.0012 396.257 780.982 1160.79 1559.57 1952.39
36.0926 397.257 782.982 1163.79 1563.53 1957.35
36.0926 398.271 784.982 1166.79 1567.52 1962.34
36.1814 399.251 786.914 1169.79 1571.52 1967.34
36.1814 400.268 788.914 1172.77 1575.52 1972.34
36.1814 401.285 790.918 1175.75 1579.52 1977.34
36.2713 402.282 792.918 1178.75 1583.52 1982.26
36.2713 403.299 794.922 1181.73 1587.52 1987.26
36.3607 404.294 796.922 1184.73 1591.44 1992.26
36.3607 405.307 798.922 1187.73 1595.43 1997.25
36.4502 406.304 800.922 1190.73 1599.43 2002.16
36.5404 407.304 802.922 1193.73 1603.39 2007.12
36.6302 408.304 804.896 1196.73 1607.39 2012.05
36.7205 409.304 806.896 1199.68 1611.39 2017.01
36.7205 410.318 808.896 1202.68 1615.38 2022.01
36.7205 411.331 810.893 1205.68 1619.38    2027
36.8095 412.328 812.893 1208.68 1623.38 2031.91
36.8095 413.328 814.898 1211.66 1627.38 2036.93
36.8987 414.328 816.873  1214.6 1631.38 2041.93
36.8987 415.342 818.873  1217.6 1635.37 2046.92
36.9877 416.342 820.848 1220.53 1639.37 2051.92
37.0763 417.339 822.848 1223.53 1643.37 2056.84
37.1653 418.339 824.822 1226.53 1647.37 2061.77
37.1653 419.355 826.826 1229.51 1651.37 2066.77
37.2534  420.35 828.826 1232.43 1655.37 2071.77
37.3426  421.35 830.826 1235.38 1659.37 2076.73
37.3426 422.366 832.826 1238.36 1663.37 2081.74
37.4316 423.366 834.826 1241.31 1667.33 2086.74
37.5182 424.346 836.759 1244.31 1671.33 2091.74
37.6072 425.346 838.759 1247.26 1675.33  2096.7
37.6958 426.346 840.734  1250.2 1679.33  2101.7
37.7824 427.326 842.667  1253.2 1683.33  2106.7
37.8713 428.326 844.667 1256.15 1687.29  2111.7
37.9598 429.326 846.639 1259.15 1691.23  2116.7
37.9598 430.326 848.646 1262.13 1695.24  2121.7
 38.048 431.326 850.618 1265.13 1699.18  2126.7
38.1359 432.323 852.618 1268.13 1703.18 2131.61
38.2239  433.32 854.618 1271.13 1707.18 2136.53
38.2239 434.335 856.618 1274.11 1711.18 2141.54
38.2239 435.335 858.625 1277.09 1715.19 2146.54
38.2239 436.335 860.625 1280.08 1719.19 2151.55
38.2239 437.335 862.626 1283.08 1723.19 2156.55
38.3114 438.335 864.601 1286.08 1727.19 2161.49
38.3983  439.33 866.601 1289.08 1731.11 2166.49
38.4857  440.33 868.573 1292.08 1735.05 2171.49
38.4857 441.343 870.573 1295.08 1739.04 2176.48
 38.573 442.343 872.548 1298.01 1743.04 2181.48
 38.573 443.343 874.549 1301.01 1747.04 2186.49
 38.573 444.356 876.549 1304.01 1751.03 2191.48
 38.573 445.356 878.554    1307 1755.03 2196.49
 38.573 446.356 880.555    1310 1759.02  2201.5
 38.573 447.369 882.555    1313 1763.02 2206.49
38.6596 448.369 884.555    1316 1766.97 2211.45
38.7456 449.366 886.555    1319 1770.97 2216.36
38.8318 450.366 888.527    1322 1774.92 2221.36
38.8318 451.381 890.531 1324.98 1778.92 2226.36
38.8318 452.393 892.527 1327.98 1782.92 2231.35
38.8318 453.393 894.527 1330.96 1786.92 2236.37
38.8318 454.393 896.532 1333.94 1790.92 2241.38
38.8318 455.393 898.533 1336.94 1794.92 2246.38
38.8318 456.393  900.54 1339.93 1798.93 2251.38
38.8318 457.405 902.537 1342.93 1802.92 2256.38
38.8318 458.405 904.538 1345.93 1806.91 2261.38
38.9161   459.4 906.538 1348.85 1810.91 2266.38
39.0011   460.4 908.538 1351.85 1814.87 2271.34
39.0863   461.4 910.538  1354.8 1818.87  2276.3
39.0863 462.415 912.538 1357.78 1822.87 2281.31
39.0863  463.43 914.542 1360.76 1826.87 2286.31
39.1702 464.425 916.542 1363.76 1830.79 2291.31
39.2547 465.425 918.517 1366.76 1834.79 2296.25
39.2547  466.44 920.517 1369.74 1838.79 2301.25
39.3393  467.44 922.517  1372.7 1842.76 2306.25
39.4238  468.44 924.517  1375.7 1846.72 2311.21
39.5084  469.44 926.517 1378.65 1850.68 2316.21
39.5927  470.44 928.493 1381.59 1854.68 2321.21
39.6769  471.44 930.469 1384.59 1858.68 2326.15
39.6769 472.451 932.466 1387.59 1862.68 2331.14
 39.761 473.451 934.442 1390.59 1866.68 2336.08
 39.761 474.451 936.448 1393.57 1870.69 2341.08
 39.761 475.466 938.448 1396.56 1874.69 2346.08
 39.761 476.481 940.448 1399.53 1878.69 2351.08
39.8429 477.462 942.385 1402.53 1882.69 2356.08
39.9268 478.462 944.385 1405.49 1886.69 2361.05
39.9268 479.475 946.385 1408.49 1890.68 2366.04
39.9268  480.49 948.385 1411.47 1894.69 2371.04
39.9268 481.502 950.385 1414.47 1898.68 2376.04
40.0102 482.502 952.385 1417.42 1902.64 2381.04
40.0932 483.502 954.361 1420.36 1906.64 2386.04
40.0932 484.502 956.361 1423.35 1910.65 2391.05
40.0932 485.502 958.361 1426.33 1914.65 2396.06
40.1758 486.502 960.335 1429.33 1918.59 2401.06
40.1758 487.514 962.332 1432.33 1922.59 2406.05
40.1758 488.529 964.332 1435.31  1926.6 2411.05
40.1758 489.529 966.336  1438.3  1930.6 2416.07
40.2574 490.524 968.336 1441.22  1934.6 2421.07
 40.338 491.505 970.274 1444.22  1938.6 2426.07
40.4185 492.487 972.212 1447.22  1942.6 2431.07
40.4185 493.487 974.216  1450.2  1946.6 2436.08
40.5005 494.487 976.192  1453.2  1950.6 2441.02
40.5005 495.487 978.198 1456.19 1954.61 2446.02
40.5823 496.487 980.172 1459.19 1958.55 2451.02
40.6625 497.468  982.11 1462.19 1962.55 2456.02
40.6625  498.48  984.11 1465.19 1966.54 2461.02
40.6625 499.494  986.11 1468.17 1970.54 2466.02
 40.744 500.494 988.087 1471.17 1974.54 2470.96
40.8258 501.494 990.087 1474.12 1978.51 2475.96
40.8258 502.494 992.087 1477.11 1982.51 2480.97
40.8258 503.509  994.09 1480.09 1986.51 2485.97
40.9072 504.509  996.09 1483.09 1990.47 2490.93
40.9884 505.509 998.066 1486.03 1994.47 2495.93
40.9884 506.509 1000.07 1489.03 1998.47 2500.93
40.9884 507.509 1002.07 1492.02 2002.48 2505.93
40.9884 508.521 1004.07 1495.02 2006.47 2510.93
40.9884 509.521 1006.07    1498 2010.47 2515.94
40.9884 510.521 1008.07 1500.99 2014.48 2520.95
40.9884 511.532 1010.07 1503.99 2018.47 2525.95
40.9884 512.547 1012.07 1506.97 2022.47 2530.95
40.9884 513.561 1014.08 1509.95 2026.47 2535.95
40.9884 514.575 1016.08 1512.93 2030.47 2540.95
41.0684 515.575 1018.08 1515.93 2034.43 2545.91
41.1484 516.575 1020.08 1518.89  2038.4 2550.91
41.2281 517.575 1022.06 1521.89  2042.4 2555.85
41.3074  518.57 1024.06 1524.81  2046.4 2560.85
41.3074 519.581 1026.05 1527.81  2050.4 2565.85
41.3855 520.564 1027.99 1530.81  2054.4 2570.85
41.3855 521.575 1029.99 1533.81 2058.39 2575.85
41.3855 522.575 1031.99  1536.8 2062.39 2580.86
41.3855 523.575 1033.99 1539.78  2066.4 2585.87
41.4649 524.575 1035.99 1542.78 2070.36 2590.83
41.5435  525.57 1037.99 1545.78 2074.29 2595.83
41.5435  526.57 1039.99 1548.77 2078.29 2600.84
 41.621 527.552 1041.93 1551.77 2082.29 2605.84
 41.621 528.566 1043.93 1554.75 2086.29 2610.84
 41.621  529.58 1045.93 1557.73 2090.29 2615.84
 41.621  530.58 1047.93 1560.72  2094.3 2620.85
 41.621 531.595 1049.93  1563.7  2098.3 2625.85
 41.621 532.606 1051.93  1566.7 2102.29 2630.85
 41.621 533.606 1053.94 1569.69  2106.3 2635.85
 41.621 534.619 1055.94 1572.67  2110.3 2640.85
 41.621 535.633 1057.94 1575.65  2114.3 2645.85
 41.621 536.648 1059.94 1578.63  2118.3 2650.85
 41.621 537.659 1061.94 1581.63 2122.29 2655.85
 41.621 538.673 1063.94 1584.62 2126.29 2660.85
41.6986 539.673 1065.94 1587.62 2130.26 2665.81
41.6986 540.673 1067.95  1590.6 2134.26 2670.82
41.7761 541.673 1069.95 1593.56 2138.26 2675.79
41.8536 542.673 1071.95 1596.52 2142.22 2680.79
41.8536 543.684 1073.95 1599.52 2146.22 2685.79
41.8536 544.684 1075.95  1602.5 2150.22 2690.79
41.8536 545.695 1077.95  1605.5 2154.22 2695.78
 41.929 546.678 1079.89  1608.5 2158.22 2700.78
42.0053 547.673 1081.89  1611.5 2162.15 2705.78
42.0818  548.67 1083.89  1614.5 2166.15  2710.7
42.0818 549.683 1085.89 1617.48 2170.15 2715.71
42.0818 550.696 1087.89 1620.46 2174.15 2720.72
42.1586 551.696 1089.89 1623.42 2178.12 2725.72
42.2354 552.696 1091.89 1626.38 2182.12 2730.68
42.3114 553.692 1093.89 1629.31 2186.12 2735.68
42.3114 554.705 1095.89 1632.29 2190.12 2740.69
42.3878 555.705 1097.87 1635.23 2194.12 2745.69
42.4627 556.688 1099.81 1638.23 2198.12 2750.69
42.5387 557.683 1101.81 1641.16 2202.12 2755.69
42.6136 558.666 1103.75 1644.16 2206.12 2760.69
42.6136  559.68 1105.76 1647.15 2210.12 2765.69
42.6136  560.68 1107.76 1650.15 2214.12 2770.69
42.6899  561.68 1109.76 1653.15 2218.08 2775.65
42.6899  562.68 1111.76 1656.15 2222.08 2780.65
42.7658  563.68 1113.73 1659.15 2226.03 2785.65
42.7658 564.693 1115.73 1662.13 2230.03 2790.66
42.7658 565.693 1117.73 1665.13 2234.02 2795.66
42.8418 566.693 1119.73 1668.09 2238.02 2800.63
42.8418 567.693 1121.74 1671.07 2242.03 2805.63
 42.917  568.69 1123.74 1674.07 2246.03 2810.55
42.9928  569.69 1125.74 1677.03 2250.03 2815.52
43.0686  570.69 1127.74 1680.03 2253.99 2820.48
43.1437 571.685 1129.74 1682.96 2257.99 2825.48
43.1437 572.696 1131.74 1685.96 2261.99 2830.48
43.1437 573.707 1133.74 1688.96 2265.98 2835.47
 43.219 574.707 1135.71 1691.91 2269.98 2840.47
 43.219 575.717 1137.71 1694.91 2273.98 2845.47
43.2941 576.717 1139.69 1697.85 2277.98 2850.47
43.2941 577.727 1141.68 1700.85 2281.98 2855.46
43.3694 578.727 1143.68 1703.81 2285.98 2860.43
43.4431  579.71 1145.63 1706.81 2289.98 2865.43
43.4431  580.71 1147.63  1709.8 2293.99 2870.43
43.5182  581.71 1149.63 1712.76 2297.96 2875.43
43.5934  582.71 1151.63 1715.72 2301.96 2880.39
43.5934  583.71 1153.63  1718.7 2305.96  2885.4
43.5934  584.71 1155.64 1721.68 2309.96 2890.41
 43.668  585.71 1157.61 1724.63 2313.96 2895.41
43.7413 586.694 1159.56 1727.63 2317.96 2900.41
43.7413 587.694 1161.56 1730.63 2321.96 2905.42
43.7413 588.694 1163.56 1733.63 2325.96 2910.42
43.7413 589.707 1165.56 1736.62 2329.96 2915.42
43.7413 590.717 1167.56 1739.62 2333.96 2920.41
43.7413  591.73 1169.56  1742.6 2337.96 2925.41
43.8156  592.73 1171.56 1745.56 2341.93 2930.41
43.8895  593.73 1173.54 1748.51 2345.93 2935.41
43.8895 594.741 1175.54 1751.51 2349.92 2940.41
43.8895 595.751 1177.53 1754.51 2353.91 2945.41
43.9636 596.751 1179.53 1757.46 2357.91 2950.38
44.0372 597.751 1181.51 1760.46 2361.86 2955.38
44.1111 598.751 1183.51 1763.46 2365.83 2960.34
44.1111 599.764 1185.51 1766.45 2369.83 2965.34
44.1111 600.777 1187.51 1769.43 2373.83 2970.34
44.1842 601.772 1189.51 1772.36 2377.83 2975.34
44.1842 602.782 1191.51 1775.36 2381.83 2980.34
44.1842 603.782 1193.51 1778.36 2385.83 2985.34
44.1842 604.793  1195.5 1781.36 2389.82 2990.34
44.2569 605.788  1197.5 1784.29 2393.82 2995.34
44.2569 606.801 1199.51 1787.28 2397.82 3000.34
44.3297 607.798 1201.51 1790.28 2401.82 3005.27
44.3297 608.811 1203.51 1793.26 2405.82 3010.27
44.4021 609.807 1205.51 1796.19 2409.82 3015.27
44.4021  610.82 1207.51 1799.18 2413.82 3020.27
44.4748  611.82 1209.49 1802.18 2417.77 3025.27
44.4748  612.83 1211.49 1805.18 2421.76 3030.27
44.4748  613.83 1213.49 1808.18 2425.76 3035.27
44.5475  614.83 1215.49 1811.18 2429.73 3040.23
  44.62  615.83 1217.47 1814.18 2433.73 3045.18
44.6921 616.825 1219.47 1817.18 2437.66 3050.18
44.7646 617.825 1221.44 1820.18 2441.61 3055.18
44.8359 618.809 1223.39 1823.18 2445.61 3060.18
44.8359 619.822 1225.39 1826.16 2449.61 3065.18
44.8359 620.822 1227.39 1829.16 2453.61 3070.18
44.8359 621.834 1229.39 1832.14 2457.61 3075.19
 44.908 622.834 1231.36 1835.14 2461.56 3080.19
44.9789 623.818 1233.31 1838.14 2465.56 3085.19
 45.051 624.818 1235.29 1841.14 2469.56 3090.14
 45.051 625.831 1237.29 1844.13 2473.57 3095.14
 45.051 626.841 1239.29 1847.13 2477.56 3100.13
45.1232 627.841 1241.29 1850.13 2481.53 3105.09
45.1947 628.837 1243.29 1853.06 2485.53 3110.09
45.1947 629.846 1245.28 1856.06 2489.53 3115.09
45.2662 630.843 1247.28 1859.06 2493.53 3120.02
45.2662 631.853 1249.28 1862.06 2497.53 3125.01
45.2662 632.866 1251.28 1865.05 2501.53 3130.01
45.3376 633.863 1253.28 1868.05 2505.53 3134.95
45.4089  634.86 1255.28 1871.05 2509.53 3139.88
45.4801 635.855 1257.28 1873.98 2513.53 3144.88
45.5519 636.855 1259.28 1876.94 2517.49 3149.88
45.5519 637.867 1261.28 1879.92 2521.49 3154.88
45.5519 638.877 1263.28 1882.92 2525.49 3159.88
45.6228 639.872 1265.28 1885.92 2529.43 3164.88
45.6228 640.872 1267.28 1888.92 2533.43 3169.88
45.6228 641.872 1269.28 1891.91 2537.43 3174.89
45.6942 642.872 1271.28 1894.87 2541.43 3179.86
45.6942 643.872 1273.28 1897.87 2545.43 3184.86
45.7653 644.872 1275.26 1900.87 2549.43 3189.81
45.7653 645.882 1277.25 1903.87 2553.43  3194.8
45.7653 646.892 1279.25 1906.87 2557.43  3199.8
45.8349 647.876  1281.2 1909.87 2561.43  3204.8
45.8349 648.876  1283.2 1912.85 2565.43 3209.81
45.9056 649.876 1285.18 1915.85 2569.43 3214.76
45.9751  650.86 1287.12 1918.85 2573.43 3219.76
46.0454 651.855 1289.12 1921.85 2577.37 3224.76
46.0454 652.867 1291.12 1924.84 2581.37 3229.76
46.1162 653.867 1293.12  1927.8 2585.34 3234.76
46.1162 654.879 1295.12 1930.78 2589.34 3239.76
46.1162 655.891 1297.12 1933.76 2593.34 3244.77
46.1865 656.891  1299.1 1936.76 2597.34 3249.72
46.2567 657.888  1301.1 1939.76 2601.34 3254.65
46.2567 658.888  1303.1 1942.76 2605.34 3259.65
46.2567 659.898  1305.1 1945.76 2609.33 3264.65
46.3266 660.895  1307.1 1948.76 2613.33 3269.59
46.3266 661.907  1309.1 1951.75 2617.33 3274.59
46.3266 662.918  1311.1 1954.73 2621.33  3279.6
46.3266 663.918  1313.1 1957.73 2625.33  3284.6
46.3266 664.918  1315.1 1960.72 2629.33 3289.61
46.3266  665.93  1317.1  1963.7 2633.33 3294.61
46.3266  666.93  1319.1 1966.69 2637.34 3299.61
46.3963  667.93  1321.1 1969.65 2641.34 3304.58
46.4658  668.93 1323.08 1972.65 2645.34 3309.53
46.4658  669.93 1325.09 1975.64 2649.34 3314.53
46.5355  670.93 1327.09  1978.6 2653.34  3319.5
46.6045 671.925 1329.09  1981.6 2657.28  3324.5
46.6045 672.925 1331.09  1984.6 2661.28  3329.5
46.6045 673.925 1333.09  1987.6 2665.28 3334.51
 46.674 674.925 1335.09 1990.56 2669.28 3339.48
46.7434 675.925 1337.09 1993.52 2673.25 3344.48
46.8123 676.922 1339.09 1996.52 2677.25 3349.41
46.8818 677.922 1341.09 1999.48 2681.25 3354.38
46.9512 678.922 1343.09 2002.44 2685.22 3359.38
  47.02 679.918 1345.09 2005.44 2689.15 3364.38
47.0894 680.918 1347.09 2008.44 2693.12 3369.34
47.1587 681.918 1349.09 2011.44 2697.09 3374.31
47.1587  682.93 1351.09 2014.43 2701.09 3379.31
47.1587  683.93 1353.09 2017.42  2705.1 3384.31
47.1587  684.93  1355.1 2020.41  2709.1 3389.31
47.1587  685.93  1357.1 2023.39 2713.11 3394.31
47.2275  686.93 1359.08 2026.39 2717.11 3399.26
 47.296 687.925 1361.08 2029.39 2721.05 3404.26
 47.296 688.936 1363.08 2032.38 2725.05 3409.26
47.3643 689.931 1365.08 2035.31 2729.05 3414.26
47.3643 690.944 1367.08  2038.3 2733.05 3419.26
47.4329 691.944 1369.06 2041.25 2737.05 3424.26
47.5015 692.944 1371.04 2044.25 2741.05 3429.21
47.5015 693.956 1373.05 2047.24 2745.05 3434.21
47.5696 694.951 1375.05 2050.24 2748.98 3439.21
47.5696 695.951 1377.05 2053.22 2752.98 3444.22
 47.638 696.951 1379.03 2056.22 2756.98 3449.18
 47.638 697.962 1381.03 2059.21 2760.98 3454.18
47.7062 698.962 1383.01 2062.21 2764.94 3459.18
47.7741 699.957 1385.01 2065.14 2768.94 3464.18
47.8427 700.957 1387.01 2068.11 2772.94 3469.15
47.8427 701.969 1389.01 2071.09 2776.94 3474.15
47.9105 702.965 1391.01 2074.09 2780.87 3479.15
47.9105 703.974 1393.01 2077.09 2784.87 3484.15
47.9105 704.985 1395.01 2080.08 2788.87 3489.15
47.9783 705.982 1397.01 2083.08 2792.87 3494.09
48.0459 706.978 1399.01 2086.08  2796.8 3499.09
48.1139 707.978 1400.99 2089.08  2800.8 3504.04
48.1139 708.987 1402.98 2092.08  2804.8 3509.04
 48.182 709.987 1404.98 2095.04 2808.78 3514.04
48.2501 710.987 1406.98    2098 2812.78 3519.01
 48.317 711.971 1408.93    2101 2816.78 3524.01
 48.317 712.981 1410.93    2104 2820.77    3529
48.3848 713.981 1412.91 2106.95 2824.77    3534
48.3848 714.993 1414.91 2109.94 2828.77    3539
48.3848 715.993 1416.91 2112.93 2832.78    3544
48.4513 716.977 1418.86 2115.93 2836.78    3549
48.5192 717.977 1420.86 2118.89 2840.78 3553.97
48.5192 718.977 1422.86 2121.88 2844.78 3558.98
48.5867 719.977 1424.84 2124.88 2848.78 3563.93
48.6544 720.977 1426.84 2127.84 2852.75 3568.93
48.6544 721.988 1428.84 2130.82 2856.75 3573.94
48.6544 722.999 1430.84 2133.81 2860.75 3578.94
48.7219 723.999 1432.84 2136.81 2864.72 3583.91
48.7219 725.009 1434.84 2139.81 2868.72 3588.91
48.7219 726.009 1436.84 2142.79 2872.72 3593.92
48.7219 727.009 1438.85 2145.78 2876.72 3598.93
48.7219 728.009 1440.85 2148.77 2880.72 3603.94
48.7888 729.009 1442.83 2151.72 2884.72 3608.94
48.8555 730.004 1444.83 2154.66 2888.72 3613.94
48.9224 731.004 1446.81 2157.66 2892.72 3618.89
48.9224 732.004 1448.81 2160.65 2896.72 3623.89
48.9224 733.016 1450.81 2163.63 2900.73 3628.89
48.9224 734.027 1452.81 2166.62 2904.73 3633.89
48.9881 735.012 1454.76 2169.62 2908.73 3638.89
49.0547 736.012 1456.74 2172.62 2912.73 3643.84
49.0547 737.012 1458.75 2175.61 2916.73 3648.85
49.0547 738.023 1460.75 2178.59 2920.73 3653.85
49.1212 739.023 1462.73 2181.59 2924.73 3658.81
49.1874 740.019 1464.73 2184.53 2928.73 3663.81
49.1874  741.03 1466.73 2187.51 2932.73 3668.81
49.2538  742.03 1468.71 2190.51 2936.73 3673.76
49.2538 743.041 1470.71  2193.5 2940.73 3678.76
49.3201 744.041 1472.69 2196.45 2944.73 3683.76
49.3201 745.041 1474.69 2199.44 2948.73 3688.77
49.3201 746.041 1476.69 2202.44 2952.73 3693.78
49.3201 747.041 1478.69 2205.44 2956.73 3698.78
49.3862 748.041 1480.67 2208.39 2960.73 3703.78
49.4524 749.041 1482.67 2211.36 2964.73 3708.75
49.4524 750.041 1484.68 2214.35 2968.73 3713.75
49.5184 751.041 1486.66 2217.35 2972.73  3718.7
49.5184 752.041 1488.66 2220.34 2976.74  3723.7
49.5184 753.053 1490.66 2223.32 2980.74  3728.7
49.5184 754.064 1492.66 2226.31 2984.75  3733.7
49.5841 755.064 1494.64 2229.31 2988.75 3738.66
49.6497 756.064 1496.62 2232.31  2992.7 3743.66
49.6497 757.073 1498.62 2235.31  2996.7 3748.66
49.6497 758.084 1500.62 2238.29  3000.7 3753.66
49.7155 759.084 1502.62 2241.26  3004.7 3758.63
49.7808 760.082 1504.62 2244.26  3008.7 3763.56
49.7808 761.082 1506.62 2247.25  3012.7 3768.56
49.8459 762.077 1508.62 2250.25 3016.64 3773.56
49.9113 763.077  1510.6 2253.25 3020.64 3778.52
49.9113 764.088  1512.6 2256.23 3024.64 3783.52
49.9757 765.073 1514.55 2259.23 3028.64 3788.52
50.0412 766.073 1516.55 2262.23 3032.61 3793.49
50.1065 767.073 1518.53 2265.19 3036.61 3798.49
50.1718 768.073 1520.51 2268.19 3040.57 3803.49
50.2374 769.073 1522.51 2271.15 3044.57 3808.46
50.3024 770.068 1524.51 2274.15 3048.51 3813.46
50.3024 771.077 1526.51 2277.15 3052.51 3818.45
50.3678 772.077 1528.51 2280.15 3056.48 3823.42
50.3678 773.077 1530.51 2283.15 3060.48 3828.42
50.3678 774.087 1532.51 2286.13 3064.48 3833.42
50.3678 775.087 1534.51 2289.12 3068.48 3838.43
50.3678 776.098 1536.51 2292.11 3072.48 3843.43
50.4329 777.098 1538.51 2295.07 3076.46 3848.43
 50.498 778.098 1540.51 2298.03 3080.46  3853.4
50.5631 779.098 1542.51 2301.03 3084.43 3858.37
50.6282 780.098 1544.51    2304  3088.4 3863.37
50.6282 781.107 1546.51    2307 3092.39 3868.37
50.6282 782.107 1548.51    2310 3096.39 3873.37
50.6282 783.107 1550.51 2312.99  3100.4 3878.37
50.6919 784.092 1552.46 2315.99  3104.4 3883.37
50.6919 785.092 1554.46 2318.97  3108.4 3888.38
50.6919 786.092 1556.46 2321.97  3112.4 3893.38
50.7564 787.092 1558.44 2324.93  3116.4 3898.38
  50.82 788.078 1560.39 2327.93  3120.4 3903.38
  50.82 789.089  1562.4 2330.92  3124.4 3908.38
50.8846 790.089  1564.4 2333.88  3128.4 3913.35
50.9492 791.089  1566.4 2336.84 3132.37 3918.35
50.9492 792.089  1568.4 2339.83 3136.37 3923.36
51.0126 793.074 1570.35 2342.83 3140.37 3928.36
51.0126 794.074 1572.35 2345.82 3144.38 3933.37
51.0126 795.083 1574.35 2348.82 3148.37 3938.37
51.0765 796.079 1576.35 2351.76 3152.37 3943.37
51.0765 797.079 1578.35 2354.76 3156.37 3948.37
51.1408 798.079 1580.35 2357.72 3160.34 3953.37
51.2045 799.074 1582.35 2360.66 3164.34 3958.37
51.2045 800.074 1584.35 2363.65 3168.34 3963.38
51.2045 801.083 1586.34 2366.65 3172.34 3968.38
51.2675 802.068  1588.3 2369.65 3176.34 3973.38
51.3305 803.054 1590.25 2372.65 3180.34 3978.38
51.3945 804.054 1592.23 2375.65 3184.34 3983.33
51.4586 805.054 1594.23 2378.61 3188.34 3988.31
51.4586 806.065 1596.23  2381.6 3192.34 3993.31
51.4586 807.075 1598.23 2384.59 3196.34 3998.31
51.4586 808.083 1600.23 2387.59 3200.33 4003.31
51.4586 809.092 1602.23 2390.59 3204.33 4008.31
51.5222 810.092 1604.21 2393.59 3208.33 4013.26
51.5856 811.089 1606.21 2396.59 3212.33  4018.2
51.5856 812.098 1608.21 2399.59 3216.32  4023.2
 51.649 813.095 1610.21 2402.59 3220.32 4028.14
 51.649 814.095 1612.21 2405.59 3224.32 4033.14
51.7124 815.095 1614.18 2408.59 3228.28 4038.14
51.7758 816.095 1616.16 2411.59 3232.24 4043.14
51.7758 817.105 1618.16 2414.57 3236.24 4048.14
51.8391 818.105 1620.14 2417.53 3240.24 4053.14
51.8391 819.114 1622.14 2420.53 3244.23 4058.14
51.8391 820.122 1624.14 2423.53 3248.23 4063.14
51.8391 821.122 1626.15 2426.52 3252.23 4068.15
51.8391 822.133 1628.15  2429.5 3256.23 4073.15
51.9024 823.133 1630.15 2432.47  3260.2 4078.15
51.9653  824.13 1632.15 2435.47  3264.2 4083.09
51.9653 825.138 1634.14 2438.47  3268.2 4088.09
51.9653 826.147 1636.14 2441.47 3272.19 4093.09
 52.028 827.144 1638.14 2444.47 3276.19 4098.03
52.0909 828.144 1640.12 2447.42 3280.19 4103.03
 52.154 829.144 1642.12 2450.39 3284.19    4108
 52.154 830.154 1644.12 2453.37 3288.19 4113.01
52.2168 831.154  1646.1 2456.37 3292.15 4118.01
52.2793 832.149  1648.1 2459.32 3296.15 4123.01
52.3424 833.149  1650.1 2462.28 3300.15 4127.98
52.3424 834.158  1652.1 2465.28 3304.15 4132.97
52.3424 835.166 1654.09 2468.28 3308.15 4137.97
52.3424 836.166 1656.09 2471.27 3312.15 4142.98
52.3424 837.176 1658.09 2474.25 3316.15 4147.98
52.4047 838.173 1660.09 2477.25 3320.15 4152.92
52.4047 839.183 1662.09 2480.24 3324.15 4157.93
52.4047 840.191 1664.09 2483.24 3328.15 4162.92
52.4047 841.191 1666.09 2486.23 3332.15 4167.93
52.4047 842.191  1668.1 2489.22 3336.16 4172.93
52.4047   843.2 1670.09 2492.22 3340.16 4177.93
52.4047   844.2  1672.1 2495.21 3344.16 4182.93
52.4669   845.2  1674.1 2498.21 3348.14 4187.89
52.4669   846.2  1676.1 2501.19 3352.14  4192.9
52.4669 847.208  1678.1 2504.19 3356.13  4197.9
52.4669 848.218  1680.1 2507.18 3360.14  4202.9
52.4669 849.229  1682.1 2510.17 3364.14  4207.9
52.5289 850.229  1684.1 2513.13 3368.11  4212.9
52.5289 851.237  1686.1 2516.13  3372.1  4217.9
52.5289 852.237  1688.1 2519.12  3376.1 4222.91
52.5905 853.237 1690.08 2522.12 3380.06 4227.91
52.6522 854.237 1692.06 2525.08 3384.06 4232.91
52.6522 855.247 1694.06 2528.06 3388.06 4237.91
52.6522 856.257 1696.06 2531.05 3392.06 4242.92
52.7137 857.257 1698.04    2534 3396.06 4247.92
52.7137 858.257 1700.04 2536.99 3400.07 4252.93
52.7751 859.257 1702.02 2539.99 3404.07 4257.88
52.7751 860.257 1704.02 2542.98 3408.07 4262.89
52.8363 861.255 1706.02 2545.98 3412.07 4267.83
52.8975 862.252 1708.02 2548.98 3416.07 4272.78
52.9587 863.249 1710.02 2551.98 3420.07 4277.72
53.0197 864.244 1712.02 2554.98 3424.02 4282.72
53.0813 865.244 1714.02 2557.95 3428.02 4287.69
53.1423  866.24 1716.02 2560.89 3432.02 4292.69
53.2039  867.24 1718.02 2563.86 3436.02 4297.66
53.2655  868.24 1720.02 2566.82 3440.02 4302.63
53.3268  869.24    1722 2569.82 3443.97 4307.63
53.3878 870.236    1724 2572.77 3447.97 4312.63
53.3878 871.236 1726.01 2575.76 3451.98 4317.63
53.4491 872.236 1727.99 2578.76 3455.94 4322.63
53.5106 873.236 1729.99 2581.72 3459.94 4327.61
53.5715 874.231 1731.99 2584.72 3463.88 4332.61
53.6325 875.226 1733.99 2587.72 3467.83 4337.61
 53.693 876.212 1735.94 2590.72 3471.83 4342.61
53.7542 877.212 1737.92 2593.68 3475.83 4347.61
53.8153 878.208 1739.92 2596.62 3479.83 4352.61
53.8767 879.208 1741.92 2599.59  3483.8 4357.61
53.8767 880.216 1743.92 2602.59  3487.8  4362.6
53.8767 881.226 1745.92 2605.57  3491.8  4367.6
53.8767 882.236 1747.92 2608.56  3495.8  4372.6
53.9379 883.236 1749.92 2611.53 3499.78  4377.6
53.9379 884.236 1751.92 2614.51 3503.78 4382.61
53.9988 885.233 1753.92 2617.51 3507.78 4387.55
53.9988 886.244 1755.92  2620.5 3511.78 4392.55
54.0595 887.241 1757.92  2623.5 3515.78 4397.49
54.1204 888.241  1759.9  2626.5 3519.74 4402.49
54.1204 889.251  1761.9 2629.49 3523.74 4407.49
54.1814 890.251  1763.9 2632.49 3527.72 4412.46
 54.242 891.247  1765.9 2635.43 3531.72 4417.46
 54.302 892.233 1767.86 2638.43 3535.72 4422.46
54.3631 893.233 1769.86  2641.4 3539.72 4427.43
54.4239 894.233 1771.84  2644.4 3543.72 4432.39
54.4239 895.233 1773.84 2647.39 3547.72 4437.39
54.4239 896.241 1775.84 2650.39 3551.72 4442.39
54.4838 897.227 1777.79 2653.39 3555.72 4447.39
54.4838 898.227 1779.79 2656.39 3559.72 4452.39
54.4838 899.237 1781.79 2659.38 3563.72 4457.39
54.5444 900.237 1783.78 2662.33 3567.72 4462.39
54.5444 901.237 1785.78 2665.32 3571.73 4467.39
54.6049 902.237 1787.76 2668.28 3575.73 4472.39
54.6049 903.245 1789.76 2671.28 3579.72 4477.39
54.6049 904.255 1791.76 2674.27 3583.72 4482.39
54.6645 905.241 1793.71 2677.27 3587.72 4487.39
54.6645 906.241 1795.72 2680.26 3591.73 4492.39
54.7245 907.237 1797.72  2683.2 3595.73 4497.39
54.7245 908.247 1799.72 2686.19 3599.73 4502.39
54.7848 909.247  1801.7 2689.19 3603.73 4507.35
54.7848 910.256  1803.7 2692.18 3607.73 4512.35
54.7848 911.264 1805.69 2695.18 3611.73 4517.35
54.7848 912.274 1807.69 2698.16 3615.73 4522.36
54.7848 913.282 1809.69 2701.16 3619.72 4527.36
54.7848  914.29 1811.69 2704.16 3623.72 4532.36
54.8446 915.287 1813.69 2707.16 3627.72  4537.3
54.8446 916.297 1815.69 2710.15 3631.72  4542.3
54.9036 917.284 1817.65 2713.15 3635.72  4547.3
54.9636 918.284 1819.65 2716.12 3639.72 4552.27
54.9636 919.293 1821.65  2719.1 3643.72 4557.27
55.0236 920.293 1823.65  2722.1 3647.69 4562.24
55.0236 921.304 1825.65 2725.09 3651.69 4567.24
55.0825  922.29  1827.6 2728.09 3655.69 4572.24
55.1419 923.286  1829.6 2731.04 3659.69 4577.24
55.2017 924.286 1831.58 2734.04 3663.69  4582.2
55.2017 925.286 1833.58 2737.03  3667.7 4587.21
55.2017 926.296 1835.59 2740.01  3671.7 4592.21
55.2017 927.306 1837.59    2743  3675.7 4597.21
55.2612 928.306 1839.57    2746  3679.7 4602.17
55.2612 929.306 1841.57 2748.99  3683.7 4607.17
55.3204 930.301 1843.57 2751.99 3687.65 4612.17
55.3798 931.301 1845.55 2754.99 3691.61 4617.17
55.4385 932.288 1847.51 2757.99 3695.61 4622.17
55.4979 933.288 1849.49 2760.95 3699.61 4627.17
55.5574 934.288 1851.47 2763.95 3703.61 4632.12
55.5574 935.296 1853.47 2766.95  3707.6 4637.12
55.6165 936.291 1855.47  2769.9  3711.6 4642.12
 55.676 937.291 1857.45  2772.9  3715.6 4647.08
 55.676 938.301 1859.45 2775.88 3719.61 4652.08
55.7354 939.301 1861.45 2778.88 3723.58 4657.05
55.7939 940.287 1863.41 2781.88 3727.58 4662.05
55.8533 941.287 1865.39 2784.84 3731.58 4667.05
55.8533 942.287 1867.39 2787.83 3735.58 4672.06
55.8533 943.295 1869.39 2790.83 3739.58 4677.05
55.9127 944.295 1871.39  2793.8 3743.55 4682.05
55.9716 945.291 1873.39 2796.74 3747.55 4687.05
55.9716   946.3 1875.39 2799.73 3751.55 4692.06
55.9716   947.3 1877.39 2802.72 3755.56 4697.06
55.9716 948.308 1879.39 2805.72 3759.55 4702.06
56.0306 949.308 1881.37 2808.72 3763.51 4707.06
56.0306 950.308 1883.37 2811.71 3767.52 4712.06
56.0306 951.308 1885.37 2814.69 3771.52 4717.07
56.0892 952.303 1887.37 2817.69 3775.47 4722.07
56.0892 953.303 1889.37 2820.68 3779.47 4727.08
56.0892 954.311 1891.37 2823.68 3783.47 4732.08
56.0892 955.311 1893.37 2826.67 3787.47 4737.08
56.1479 956.311 1895.35 2829.63 3791.47 4742.08
56.2066 957.311 1897.34 2832.59 3795.47 4747.08
56.2066 958.311 1899.34 2835.58 3799.47 4752.09
56.2645 959.298 1901.29 2838.58 3803.47 4757.09
56.3233 960.298 1903.29 2841.55 3807.47 4762.06
56.3818 961.295 1905.29 2844.55 3811.47 4767.01
56.3818 962.302 1907.29 2847.55 3815.47    4772
56.4404 963.302 1909.27 2850.51 3819.47    4777
56.4404 964.302 1911.28  2853.5 3823.48    4782
56.4404 965.311 1913.28 2856.48 3827.48 4787.01
56.4986 966.307 1915.28 2859.43 3831.48 4792.01
56.5572 967.307 1917.28  2862.4 3835.48 4796.98
56.6155 968.304 1919.28  2865.4 3839.48 4801.93
56.6155 969.312 1921.28  2868.4 3843.47 4806.92
56.6741 970.312 1923.28 2871.37 3847.45 4811.92
56.6741 971.312 1925.27 2874.37 3851.45 4816.93
56.7326 972.312 1927.27 2877.33 3855.45  4821.9
56.7907 973.307 1929.27 2880.33  3859.4  4826.9
56.8492 974.307 1931.27  2883.3 3863.37  4831.9
56.9068 975.294 1933.23  2886.3 3867.37  4836.9
 56.965 976.294 1935.21  2889.3 3871.33  4841.9
 56.965 977.303 1937.21 2892.29 3875.33  4846.9
 56.965  978.31 1939.21 2895.29 3879.33  4851.9
 56.965  979.31 1941.21 2898.27 3883.34 4856.91
 56.965  980.31 1943.21 2901.26 3887.34 4861.91
 56.965  981.32 1945.21 2904.25 3891.34 4866.91
57.0232  982.32 1947.21 2907.25 3895.32 4871.88
57.0811 983.317 1949.21 2910.25 3899.32 4876.82
57.0811 984.324 1951.21 2913.25 3903.32 4881.82
57.0811 985.331 1953.21 2916.25 3907.32 4886.81
 57.139 986.331 1955.19 2919.25 3911.32 4891.77
57.1969 987.331 1957.17 2922.21 3915.32 4896.77
57.2541 988.318 1959.13 2925.21 3919.32 4901.77
57.2541 989.328 1961.13  2928.2 3923.32 4906.77
 57.312 990.328 1963.11 2931.16 3927.32 4911.77
57.3691 991.315 1965.07 2934.16 3931.32 4916.77
 57.427 992.315 1967.05 2937.12 3935.32 4921.77
 57.427 993.322 1969.05 2940.12 3939.31 4926.77
57.4848 994.322 1971.03 2943.08 3943.31 4931.77
57.4848 995.322 1973.03 2946.08 3947.31 4936.77
57.4848 996.322 1975.03 2949.07 3951.32 4941.77
57.5425 997.322 1977.01 2952.03 3955.32 4946.77
57.6003 998.322 1979.01    2955 3959.29 4951.77
 57.658 999.322 1980.99 2957.96 3963.29 4956.77
 57.658 1000.33    1983 2960.95 3967.29 4961.77
57.7154 1001.33    1985 2963.95 3971.24 4966.77
57.7728 1002.32    1987 2966.95 3975.24 4971.72
57.8306 1003.32    1989 2969.95 3979.21 4976.69
57.8306 1004.32    1991 2972.95 3983.21 4981.69
57.8306 1005.33 1992.99 2975.95 3987.21 4986.69