      1       2 4.66667       4 4.66667 4.66667
1.67742       3 7.82796       7 8.66667 7.82796
2.23127       4 10.4126      10 11.5282  12.828
2.23127       5 13.5451 13.0084 15.5282 16.6871
2.23127       6 16.6776 16.0168 19.5282 20.5462
2.23127 6.93037 19.2636 18.5003 23.5282 25.5462
2.23127 7.86074 21.8497 20.9839 27.5282 30.5462
2.51718 8.86074 24.6495 23.9839 31.5282 34.4605
2.82083 9.86074 26.6495 26.8771 35.3314 39.4605
3.11458 10.8876 28.6495 29.8771 39.0108 44.4605
3.40834 11.9145 30.6495 32.8771 42.6901 49.4605
3.66294 12.9145  32.939  35.333 46.6901 54.4605
3.66294 13.9145  34.939 38.4395 50.7953 59.2488
3.87219 14.7094 36.9349 41.4395 54.7953 64.2488
 4.1302 15.7094 39.3959 44.4395 58.7953 68.5297
 4.1302  16.766 41.3959 47.4285 62.7497 73.5297
 4.1302  17.766 43.3959 50.5265 66.8486 78.3328
4.35991  18.766 45.8095 53.5265 70.8486 82.6895
4.60842  19.766 47.8095 56.5265 74.8869 87.4027
4.60842  20.766 50.2103 59.3651 78.6475 92.4027
4.60842 21.8486 52.2103 62.3651 82.7476 97.2199
4.60842 22.8486 54.2103 65.4534 86.8452 102.034
4.60842 23.8692 56.6319 68.4534 90.8452 106.592
4.60842 24.8692 59.0763 71.4081 94.8452 111.193
4.80498 25.9299 61.0763 74.4081 98.8452 115.936
4.80498 26.8938 63.3466 77.1739 102.845 120.936
4.80498 27.8688 65.6431 80.1739 106.574 125.936
4.80498 28.8688 68.0587 83.1242 110.574  130.57
4.96954 29.8574 70.0587 85.9709 114.574  135.57
4.96954 30.8574 72.0587 89.0403 118.664  140.41
4.96954  31.822  74.311 91.8234 122.664  145.41
5.12436  32.822 76.6261 94.8234 126.664  149.94
5.27874 33.8108 78.6261 97.6802 130.664  154.94
5.27874 34.8224 80.9786  100.68 134.664 159.576
5.27874 35.8224 83.2826 103.545 138.496 164.576
 5.4257 36.8197 85.2826 106.545 142.351 169.576
 5.4257 37.8197 87.5794 109.414 146.185 174.576
 5.4257 38.8197 89.9387 112.414 150.123 179.279
 5.4257  39.874 91.9387 115.414   154.2 184.147
5.56169 40.8733 93.9387 118.414 158.065 189.147
5.56169 41.8733  96.281 121.414 162.006 193.864
5.69344 42.8653  98.281  124.29 166.006 198.864
5.82504 43.8653 100.553  127.29 170.006  203.46
5.82504 44.8939 102.553 130.275 173.993  208.46
5.82504 45.8716 104.786 133.275 177.782  213.46
5.94446 46.8716 106.934 136.008 181.782  218.46
5.94446 47.8998 108.934 138.991  185.77  223.46
6.06745 48.8998 111.188 141.991  189.77 228.084
6.06745 49.9475 113.188 144.991 193.835  232.97
6.06745 50.9269 115.408 147.991 197.636  237.97
6.19087 51.9629 117.408 150.991 201.636 242.811
6.30914 52.9629 119.651 153.991 205.636  247.45
6.43275 53.9629 121.651 156.991 209.665 252.297
6.53875 54.8521 123.655 159.991 213.665 257.297
6.65914 55.8521 125.655 162.937 217.599 262.297
6.78232 56.8521 127.655 165.937 221.624 267.149
6.90534 57.8834 129.655 168.937 225.624 271.995
6.90534 58.9254 131.655 171.937 229.686 276.891
6.90534 59.9338 133.908 174.937 233.686  281.63
7.02167 60.9338 135.908 177.884 237.622  286.63
 7.1311 61.9338 138.027 180.656 241.622  291.63
 7.2501 62.9338 140.027 183.671 245.622 296.496
 7.2501 63.9338 142.027 186.708 249.683 301.398
7.36308   64.93 144.027 189.708 253.574 306.398
7.36308 65.9716 146.027 192.751 257.574 311.314
7.47433 66.9685 148.027 195.751 261.466 316.314
7.47433 68.0071 150.027 198.751 265.521  321.22
7.47433 69.0071 152.027 201.787 269.578 326.127
7.47433 70.0071 154.263 204.787 273.543 330.925
7.47433 71.0071   156.5 207.787 277.509 335.722
7.47433 72.0157 158.722 210.787 281.509 340.491
7.47433 72.9998 160.891 213.787 285.356 345.491
7.47433 73.9998 162.891 216.825  289.41 350.399
 7.5751 74.9974 164.891 219.825 293.312 355.399
7.67887 76.0249 166.891 222.825 297.312 360.268
7.77651 77.0249 169.013 225.825 301.092 365.268
7.87832 78.0249 171.013 228.781 305.034 370.268
7.97874 79.0249 173.193 231.781 309.034 374.988
7.97874 80.0328 175.402 234.781 313.034 379.771
8.06961 80.9443   177.4 237.781 317.034 384.771
8.16838 81.9351   179.4 240.692 321.034 389.771
 8.2707 82.9351   181.4 243.707 325.034 394.653
 8.2707 83.9351   183.4 246.742 329.083 399.569
 8.2707 84.9351 185.574 249.667 332.984 404.569
 8.2707 85.9351 187.748 252.592 336.885 409.569
8.36921 86.9586 189.748 255.592 340.885 414.447
 8.4679 87.9586 191.748 258.606 344.885 419.334
8.56111 88.9586 193.859 261.606 348.681 424.334
8.56111 89.9586 195.859  264.64 352.725 429.256
8.56111 90.9586 197.859 267.675 356.769 434.178
8.56111 91.9757 199.859 270.668 360.759 439.178
8.56111 92.9757 201.859 273.702 364.802   444.1
 8.6529 93.9726 203.859 276.702 368.714   449.1
 8.6529 95.0043 205.859  279.74 372.714 454.031
8.73677 95.9251 207.854  282.74 376.714 459.031
8.82976 96.9461 209.854  285.74 380.714 463.917
8.82976 97.9461 212.041 288.718 384.714 468.752
8.91285 98.8678 214.036 291.718 388.714 473.752
9.00493 99.8678 216.036 294.731 392.714 478.646
9.00493 100.849 218.159 297.627 396.714 483.646
9.00493 101.854 220.334 300.627 400.714 488.466
9.00493 102.854 222.485 303.563 404.627 493.466
9.00493 103.854 224.669 306.563 408.599  498.31
9.00493 104.854 226.851  309.54 412.599 503.151
9.09257 105.854 228.851  312.54 416.614 508.047
9.17809  106.85 230.851  315.54 420.533 513.047
9.26146  107.85 232.948  318.54 424.353 518.047
9.26146 108.855 235.118  321.54 428.353 522.873
9.34824 109.855 237.118  324.54 432.366 527.772
9.43494 110.873 239.118  327.54 436.366 532.667
9.51369 111.799 241.114  330.54 440.366 537.667
9.59629 112.799 243.207  333.54  444.19 542.667
9.68296 113.799 245.207 336.553  448.19 547.568
9.68296 114.812 247.207 339.549 452.181 552.568
9.76413 115.812  249.28 342.396 456.181 557.568
9.76413 116.812  251.28 345.425 460.217 562.502
9.84713 117.812 253.416 348.425 464.217 567.283
9.84713 118.799 255.539 351.425 468.107 572.283
9.93151 119.799 257.539 354.425 472.118 577.187
9.93151 120.781 259.651 357.331 476.118 582.187
10.0078  121.71 261.646 360.331 480.118 587.187
10.0896 122.704 263.646 363.331 484.042 592.187
10.0896 123.704 265.811 366.331 488.016 597.049
10.0896 124.716 267.811 369.328 492.007 602.049
10.1718 125.732 269.811 372.328 496.007 606.951
10.1718 126.756 271.811  375.36 500.007 611.894
10.2492 127.756 273.878 378.216 504.007 616.894
10.3288 128.756 276.006 381.216 508.007 621.687
10.4103 129.756 278.006 384.225 512.007 626.596
10.4103 130.756 280.163 387.207 516.007 631.457
10.4912 131.756 282.163 390.207 520.018 636.366
10.5687 132.756 284.246 393.207 523.857 641.366
10.6496 133.756 286.246 396.207 527.867 646.275
10.6496 134.778 288.246 399.207 531.903 651.216
10.6496 135.782 290.393 402.207 535.903 656.066
10.7275 136.782 292.517 405.207 539.903 660.864
10.7275 137.805 294.517 408.207  543.94 665.805
10.8046 138.795 296.517 411.139  547.94 670.805
10.8046 139.779 298.618 414.054  551.94 675.805
10.8792 140.779 300.682 416.915  555.94 680.805
10.9576 141.793 302.682 419.915  559.94 685.712
10.9576 142.797 304.825 422.915  563.94 690.566
10.9576 143.781 306.926  425.83  567.94 695.566
10.9576 144.781 308.926 428.855 571.974 700.507
11.0345 145.781 310.926 431.864 575.974 705.421
11.0345 146.781 312.926 434.889 580.008 710.362
11.0345 147.802 314.926 437.889 584.044 715.305
11.0345 148.825 316.926 440.918 588.044 720.253
11.0345 149.847 318.926 443.947 592.044 725.201
11.1093 150.847 320.926 446.956 596.044 730.117
11.1811 151.847     323 449.956 599.898 735.117
11.1811  152.87     325 452.985 603.898 740.066
11.1811  153.87     327  456.01  607.93 745.008
11.1811  154.87 329.116 458.961 611.864 750.008
11.2527 155.861 331.116 461.898 615.864 755.008
11.2527 156.861 333.256 464.898 619.844 759.888
11.2527  157.85 335.358 467.898 623.753 764.888
11.2527 158.861 337.358 470.894 627.747 769.888
11.2527 159.864  339.49 473.894 631.747 774.752
11.2527 160.868 341.621 476.894 635.747 779.617
11.3237 161.868 343.621 479.894 639.758 784.535
11.3894 162.808 345.616 482.894 643.758 789.535
11.4604 163.808 347.616 485.903 647.758 794.455
11.5297 164.799 349.616 488.843 651.758 799.455
11.5297 165.809 351.616 491.839 655.752 804.455
11.5972 166.809 353.672 494.715 659.752 809.455
11.5972 167.798  355.77 497.715 663.665 814.455
11.5972 168.798 357.904 500.715 667.646  819.34
11.6618 169.739 359.898 503.715 671.646  824.34
11.6618 170.739 362.031 506.715 675.627 829.226
11.7309 171.751 364.031 509.715 679.627 834.145
11.7989 172.746 366.031 512.715 683.564 839.145
11.7989 173.736 368.128 515.715 687.478 844.145
11.7989 174.736 370.258 518.699 691.478  849.03
11.7989 175.725 372.354 521.699 695.393  854.03
11.8621 176.666 374.349 524.699 699.393  859.03
11.8621 177.685 376.349 527.726 703.393 863.984
11.8621 178.694 378.349 530.722 707.387 868.984
 11.927 179.694 380.418 533.722 711.254 873.984
 11.927 180.684 382.512 536.722  715.17 878.984
 11.927 181.702 384.512 539.748  719.17  883.94
11.9934 182.702 386.512 542.756  723.17 888.866
11.9934 183.688 388.598 545.685  727.17 893.866
11.9934 184.688 390.723  548.67  731.17 898.755
11.9934 185.688 392.828 551.626 735.109 903.755
12.0577 186.684 394.828 554.626  739.05 908.755
12.0577 187.684 396.933 557.582 742.989 913.755
12.0577 188.693 398.933 560.579 746.983 918.755
12.0577  189.71 400.933 563.579 751.011  923.71
12.0577   190.7 403.025 566.579 754.929  928.71
12.1217   191.7 405.025 569.586 758.929 933.638
12.1831   192.7 407.077 572.472 762.929 938.638
12.1831 193.717 409.077 575.472 766.957 943.594
12.2461 194.717 411.077 578.446  770.92 948.594
12.3076 195.717 413.142 581.446 774.793 953.594
12.3687 196.717 415.194 584.333 778.793 958.594
12.4282 197.662 417.189 587.333 782.793 963.594
12.4282 198.664 419.303 590.333 786.793 968.477
12.4873  199.61 421.299 593.333 790.793 973.477
12.4873 200.599 423.388 596.333 794.714 978.477
12.4873 201.586  425.47 599.265 798.714 983.477
12.4873 202.587 427.583 602.265 802.714 988.363
12.4873 203.587 429.583 605.285 806.739 993.318
12.4873 204.587 431.682 608.243 810.682 998.318
12.5481 205.582 433.682 611.243 814.626 1003.32
12.6058 206.529 435.679 614.243 818.626 1008.32
12.6675 207.529 437.679 617.243 822.631 1013.25
12.7292 208.529 439.679 620.248 826.631 1018.18
12.7897  209.52 441.679 623.197 830.631 1023.18
12.7897  210.52 443.794 626.181 834.631 1028.08
12.8504  211.52 445.794 629.156 838.596 1033.08
12.8504 212.535 447.794 632.156 842.621 1038.04
12.8504 213.551 449.794 635.156 846.647    1043
12.9106 214.551 451.794  638.13 850.612    1048
12.9705 215.546 453.794  641.13 854.557    1053
12.9705 216.561 455.794  644.13 858.582 1057.96
 13.031 217.561 457.794  647.13 862.587  1062.9
 13.031 218.577 459.794 650.152 866.587 1067.86
13.0912 219.577 461.794 653.157 870.587  1072.8
13.1496 220.577 463.853 656.157 874.469  1077.8
13.1496 221.577 465.853 659.175 878.492 1082.75
13.1496 222.578 467.958 662.175 882.492 1087.65
13.1496 223.586 469.958 665.173 886.487 1092.65
13.1496 224.593 471.958  668.17 890.482 1097.65
13.2079 225.589 473.958  671.17 894.428 1102.65
13.2079  226.59 476.062  674.17 898.428 1107.54
13.2662  227.59 478.062 677.146 902.394 1112.54
13.3233  228.59  480.12 680.146 906.279 1117.54
13.3233  229.59 482.211 683.108 910.226 1122.54
13.3784  230.54 484.206 686.108 914.226 1127.54
13.4364  231.54 486.206 689.084 918.191 1132.54
13.4364 232.531 488.287 692.084  922.12 1137.54
13.4364 233.518  490.36 695.023  926.12 1142.54
13.4928 234.518 492.418 698.023 930.006 1147.54
13.4928 235.505 494.491 700.963 934.006 1152.54
13.4928 236.505 496.581 703.925 937.954 1157.54
13.5496 237.501 498.581 706.925 941.901 1162.54
13.6071 238.509 500.581 709.925 945.901 1167.48
13.6071 239.509 502.686 712.911 949.901 1172.39
13.6071 240.509 504.793 715.911 953.882  1177.3
13.6622 241.509 506.838 718.811 957.882  1182.3
13.7177 242.509 508.895 721.811  961.77  1187.3
13.7743 243.509 510.895 724.787 965.736  1192.3
13.8313 244.509 512.895 727.787 969.738 1197.24
13.8313 245.509 514.983 730.751 973.687 1202.24
13.8313 246.509 517.088 733.751 977.667 1207.15
 13.888 247.509 519.088 736.751 981.669  1212.1
 13.888 248.516 521.088 739.749 985.664  1217.1
13.9443 249.516 523.088 742.752 989.664 1222.04
14.0002 250.516 525.088 745.729  993.63 1227.04
14.0557 251.516 527.169 748.729  997.63  1231.9
14.0557 252.516 529.273 751.729 1001.61 1236.81
14.0557 253.507  531.35 754.729 1005.54 1241.81
14.1107 254.499  533.35 757.682 1009.54 1246.81
14.1666 255.499  535.35 760.685 1013.54 1251.76
14.1666 256.513  537.35 763.704 1017.54 1256.72
14.2224 257.513  539.35 766.704 1021.54 1261.67
14.2224 258.514 541.446 769.704 1025.54 1266.57
14.2224 259.521 543.446 772.702 1029.54 1271.57
14.2776 260.521 545.446 775.702 1033.54 1276.51
14.2776 261.512 547.522 778.702 1037.47 1281.51
14.3327 262.512 549.522 781.705 1041.47 1286.45
14.3327 263.513 551.617 784.705 1045.47 1291.36
14.3875 264.521 553.617 787.705 1049.47  1296.3
14.3875 265.521 555.716 790.691 1053.47 1301.21
14.3875 266.521   557.8 793.656 1057.42 1306.21
14.4411 267.521 559.879 796.656 1061.42 1311.08
14.4411 268.521 561.977 799.643 1065.42 1315.99
14.4411 269.509 564.046 802.586 1069.42 1320.99
14.4411 270.509 566.146 805.586 1073.41 1325.91
14.4945 271.509 568.146 808.564 1077.38 1330.91
14.4945  272.51  570.24 811.564 1081.38 1335.82
14.4945  273.51 572.338 814.551 1085.38 1340.73
14.4945  274.51 574.432 817.551 1089.38 1345.64
14.5471 275.506 576.432 820.551 1093.33 1350.64
14.5471 276.497 578.506 823.551 1097.26 1355.64
14.5471 277.497 580.604 826.537 1101.26 1360.55
14.5993 278.493 582.604 829.537 1105.21 1365.55
14.5993 279.485 584.678 832.537 1109.15 1370.55
14.5993 280.485 586.777 835.537 1113.13 1375.47
14.6518 281.485 588.777 838.537 1117.13 1380.42
14.7038 282.485 590.777 841.516  1121.1 1385.42
14.7563 283.492 592.777 844.516  1125.1 1390.36
14.8074 284.492  594.83 847.516    1129 1395.36
14.8074 285.492 596.928 850.516 1132.98 1400.28
14.8074 286.492  599.01 853.482 1136.93 1405.28
14.8074 287.484 601.083 856.482 1140.86 1410.28
14.8585 288.476 603.083 859.439 1144.86 1415.28
14.9088 289.476 605.124 862.348 1148.86 1420.28
14.9599 290.468 607.124 865.304 1152.86 1425.28
14.9599 291.468 609.205  868.27 1156.82 1430.28
15.0109 292.468 611.281  871.27 1160.82 1435.15
15.0109 293.468 613.377  874.27  1164.8 1440.08
15.0109 294.468 615.473 877.257  1168.8 1444.99
15.0615 295.461 617.473 880.214  1172.8 1449.99
15.0615  296.45 619.539 883.159  1176.8 1454.99
15.1126 297.457 621.539 886.159  1180.8 1459.94
15.1638 298.463 623.539 889.159  1184.8 1464.88
15.2142 299.463 625.614 892.159  1188.8 1469.75
15.2142  300.47 627.614 895.157 1192.79 1474.75
15.2653  301.47 629.614  898.16 1196.79  1479.7
15.3147  302.47 631.654  901.07 1200.79  1484.7
15.3147  303.47 633.654 904.085 1204.81 1489.67
15.3147 304.476 635.654 907.083 1208.81 1494.67
15.3654 305.476 637.654 910.085 1212.81 1499.61
15.4154 306.476 639.727 913.085 1216.81 1504.49
15.4154 307.483 641.727 916.083  1220.8 1509.49
15.4154 308.495 643.727   919.1  1224.8 1514.46
15.4154 309.507 645.727   922.1 1228.82 1519.43
15.4154 310.507 647.727 925.115 1232.84  1524.4
 15.465 311.507 649.727 928.094 1236.81  1529.4
 15.465 312.497 651.791 931.042 1240.81  1534.4
15.5148 313.503 653.791 934.042 1244.81 1539.34
15.5635 314.503  655.84 937.042 1248.71 1544.34
15.6128 315.499  657.84 940.042 1252.67 1549.34
15.6128 316.489 659.903  942.99 1256.67 1554.34
15.6128 317.481 661.971  945.99  1260.6 1559.34
15.6128 318.481 664.061 948.976  1264.6 1564.26
15.6597 319.438 666.057 951.976  1268.6 1569.26
15.7066 320.395 668.053 954.976  1272.6 1574.26
15.7535 321.352 670.049 957.976  1276.6 1579.26
15.7535 322.358 672.049 960.975  1280.6 1584.26
15.7535  323.37 674.049 963.991  1284.6 1589.24
15.7535 324.381 676.049 966.991 1288.62 1594.21
15.7535 325.387 678.049 969.989 1292.61 1599.21
15.7535 326.379 680.116 972.989 1296.55 1604.21
15.7535 327.379 682.205 975.989 1300.54 1609.13
15.8013 328.372 684.205 978.949 1304.54 1614.13
15.8492 329.368 686.205 981.949 1308.49 1619.13
 15.897 330.368 688.275 984.949 1312.49 1624.02
15.9431 331.326 690.271 987.949 1316.49 1629.02
15.9431 332.326 692.345 990.918 1320.45 1634.02
15.9431 333.337 694.345 993.918 1324.47 1638.99
15.9431 334.348 696.345 996.934 1328.47 1643.96
15.9431 335.359 698.345 999.934 1332.49 1648.93
15.9903 336.352 700.345 1002.89 1336.49 1653.93
15.9903 337.352 702.428 1005.89 1340.49 1658.85
15.9903 338.352 704.501 1008.86 1344.44 1663.85
15.9903 339.352 706.501 1011.88 1348.46 1668.82
15.9903 340.352 708.501 1014.89 1352.47 1673.79
16.0363 341.352 710.538 1017.81 1356.47 1678.79
16.0825 342.352 712.584 1020.81 1360.38 1683.79
16.0825 343.352 714.657 1023.78 1364.34 1688.79
16.0825 344.363 716.657 1026.79 1368.34 1693.77
16.1289 345.356 718.657 1029.75 1372.34 1698.77
16.1289 346.346 720.717  1032.7 1376.34 1703.77
16.1289 347.346 722.717 1035.72 1380.35 1708.74
16.1751 348.342 724.717 1038.72 1384.31 1713.74
16.2212 349.335 726.717 1041.68 1388.31 1718.74
16.2673 350.328 728.717 1044.64 1392.31 1723.74
16.2673 351.328 730.717 1047.65 1396.33 1728.71
16.3133 352.328 732.783 1050.65 1400.33  1733.6
16.3133 353.328 734.863 1053.65 1404.33 1738.52
16.3133 354.328 736.947 1056.65 1408.31 1743.45
16.3133 355.339 738.947 1059.67 1412.31 1748.42
16.3589 356.332 740.947 1062.63 1416.31 1753.42
16.3589 357.332  743.03 1065.62 1420.31 1758.35
 16.405 358.332  745.03 1068.62 1424.31  1763.3
16.4511 359.332  747.03 1071.62 1428.31 1768.26
16.4511 360.324 749.093 1074.62 1432.26 1773.26
 16.497  361.33 751.093 1077.62 1436.26 1778.21
16.5429 362.335 753.093 1080.62 1440.26 1783.15
16.5429 363.325 755.151 1083.57 1444.26 1788.15
16.5429 364.331 757.151 1086.57 1448.25 1793.15
16.5429 365.331 759.233 1089.55 1452.25 1798.09
16.5429 366.336 761.233 1092.55 1456.25 1803.09
 16.588 367.336 763.233 1095.53 1460.22 1808.09
 16.588 368.336 765.302  1098.5 1464.18 1813.09
 16.633 369.336 767.302 1101.49 1468.16 1818.09
16.6779 370.332 769.302 1104.49 1472.12 1823.09
16.6779 371.342 771.302 1107.49 1476.13 1828.06
16.7219 372.342 773.337 1110.41 1480.13 1833.06
16.7665 373.336 775.337 1113.37 1484.13 1838.06
16.8114 374.336 777.337 1116.35 1488.11 1843.06
16.8114 375.336 779.418 1119.35 1492.09 1847.99
16.8114 376.346 781.418 1122.36 1496.09 1852.97
16.8114 377.346 783.418 1125.38 1500.11 1857.94
16.8114 378.346 785.418 1128.39 1504.12 1862.91
16.8551 379.346 787.462 1131.39 1508.03 1867.91
16.8998 380.346 789.462 1134.39 1512.03 1872.87
16.9445 381.346 791.462 1137.39 1516.03 1877.82
16.9892 382.351 793.462 1140.39 1520.03 1882.77
17.0334 383.351 795.524 1143.39 1524.03 1887.67
17.0775 384.345 797.524 1146.35 1528.03 1892.67
17.1212 385.345 799.566 1149.35 1531.95 1897.67
17.1654 386.345 801.628 1152.35 1535.95 1902.56
17.2101  387.35 803.628 1155.35 1539.95 1907.51
17.2548  388.35 805.628 1158.35 1543.95 1912.47
17.2985  389.35 807.671 1161.35 1547.86 1917.47
 17.342  390.35 809.704 1164.27 1551.86 1922.47
 17.342  391.35 811.771 1167.25 1555.82 1927.47
17.3861  392.35 813.832 1170.25 1559.82 1932.36
17.4301  393.35 815.893 1173.25 1563.82 1937.26
17.4736  394.35 817.927 1176.17 1567.82 1942.26
17.4736  395.35 820.001 1179.17 1571.82 1947.18
17.4736  396.35 822.079 1182.16 1575.82 1952.12
17.4736 397.343 824.138 1185.16 1579.77 1957.12
17.4736 398.333 826.193 1188.11 1583.77 1962.12
17.4736 399.326 828.252 1191.11 1587.72 1967.12
17.4736 400.317 830.307 1194.07 1591.72 1972.12
17.4736 401.327 832.307 1197.07 1595.73 1977.09
17.5168 402.327 834.368 1200.07 1599.73 1981.99
17.5168 403.327 836.368 1203.08 1603.75 1986.96
17.5168 404.327 838.446 1206.08 1607.73  1991.9
17.5168 405.327 840.523 1209.07 1611.73 1996.83
17.5168 406.327 842.601 1212.07 1615.72 2001.77
17.5168 407.337 844.601 1215.07 1619.73 2006.74
17.5596  408.33 846.601 1218.03 1623.73 2011.74
17.6025  409.33 848.601 1221.01 1627.71 2016.74
17.6025  410.33 850.601 1224.02 1631.72 2021.72
17.6452 411.324 852.601 1226.99 1635.72 2026.72
17.6452 412.314 854.655 1229.94 1639.72 2031.72
17.6882 413.319 856.655 1232.94 1643.72 2036.67
17.6882 414.319 858.732 1235.94 1647.71 2041.61
17.7311 415.319 860.732 1238.94 1651.71 2046.56
17.7311 416.319 862.808 1241.93 1655.71  2051.5
17.7311 417.312 864.866 1244.93 1659.66  2056.5
17.7736 418.312 866.866 1247.91 1663.63  2061.5
17.8163 419.317 868.866 1250.91 1667.63 2066.45
17.8163 420.327 870.866 1253.93 1671.63 2071.43
17.8163 421.327 872.866 1256.94 1675.65  2076.4
 17.857 422.291 874.862 1259.94 1679.65  2081.4
 17.857 423.296 876.862 1262.94 1683.65  2086.4
 17.857 424.305 878.862 1265.94 1687.66 2091.38
17.8985 425.305 880.902 1268.94 1691.58 2096.38
17.8985 426.315 882.902 1271.95 1695.58 2101.36
17.8985 427.308 884.959 1274.95 1699.53 2106.36
17.9401 428.302 886.959 1277.91 1703.53 2111.36
17.9401 429.302 889.033  1280.9 1707.53 2116.29
17.9821 430.302 891.033  1283.9 1711.53 2121.25
17.9821 431.295  893.09  1286.9 1715.48 2126.25
17.9821 432.304  895.09 1289.92 1719.48 2131.23
17.9821 433.304 897.164 1292.92 1723.46 2136.17
 18.023 434.304 899.204 1295.92 1727.38 2141.17
 18.023 435.314 901.204 1298.93 1731.38 2146.15
18.0642 436.308 903.204 1301.89 1735.38 2151.15
18.0642 437.308 905.279 1304.89 1739.37 2156.09
18.1057 438.313 907.279 1307.89 1743.37 2161.04
18.1472 439.317 909.279 1310.89 1747.37    2166
18.1879 440.317 911.318 1313.89 1751.29    2171
18.2292 441.317 913.318 1316.88 1755.26    2176
18.2292 442.327 915.318 1319.89 1759.26 2180.97
18.2704 443.327 917.318 1322.87 1763.24 2185.97
18.2704 444.327 919.392 1325.87 1767.23 2190.91
  18.31 445.291 921.387 1328.87 1771.23 2195.91
18.3509 446.291 923.444 1331.87 1775.23 2200.82
18.3509 447.301 925.444 1334.87 1779.24 2205.79
18.3921 448.305 927.444 1337.87 1783.24 2210.75
18.3921 449.314 929.444 1340.87 1787.25 2215.72
18.4333 450.314 931.444 1343.87 1791.25 2220.68
18.4744 451.314 933.444 1346.87 1795.25 2225.64
18.4744 452.314 935.513 1349.87 1799.25 2230.57
18.4744 453.324 937.513 1352.87 1803.27 2235.55
18.4744 454.324 939.513 1355.88 1807.28 2240.52
18.5148 455.317 941.513 1358.85 1811.28 2245.52
18.5148 456.327 943.513 1361.86 1815.28  2250.5
18.5148 457.327 945.573 1364.84 1819.25  2255.5
18.5148 458.318 947.623 1367.79 1823.25  2260.5
18.5148 459.318 949.695 1370.79 1827.23 2265.44
18.5554 460.318 951.695 1373.79 1831.23  2270.4
18.5957 461.318 953.695 1376.78 1835.21  2275.4
18.6362 462.318 955.695 1379.78 1839.21 2280.36
18.6751 463.284 957.691 1382.78 1843.21 2285.36
18.7154 464.284 959.691 1385.76 1847.19 2290.36
18.7555 465.277 961.691 1388.73 1851.19 2295.36
18.7958 466.277 963.691 1391.71 1855.16 2300.36
18.8363 467.277 965.691 1394.71 1859.16 2305.32
18.8752 468.243 967.686 1397.71 1863.16 2310.32
18.8752 469.236  969.74 1400.71 1867.12 2315.32
18.9152 470.236 971.794 1403.71 1871.12 2320.23
 18.954 471.202  973.79 1406.71 1875.12 2325.23
 18.954 472.196 975.843 1409.71 1879.07 2330.23
18.9939 473.189 977.843 1412.68 1883.07 2335.23
18.9939 474.189 979.902 1415.65 1887.03 2340.23
19.0339 475.189 981.902 1418.64 1891.01 2345.23
19.0339 476.194 983.902 1421.63 1895.01 2350.23
19.0339 477.187 985.955 1424.63 1898.96 2355.23
19.0339 478.196 987.955 1427.65 1902.96 2360.21
19.0735  479.19 989.955 1430.61 1906.96 2365.21
19.0735 480.181 992.003 1433.57 1910.96 2370.21
19.0735 481.181 994.072 1436.56 1914.96 2375.15
19.1118 482.147 996.067 1439.56 1918.96 2380.15
19.1118 483.147 998.137 1442.56 1922.95 2385.09
19.1515 484.151 1000.14 1445.56 1926.95 2390.05
19.1515 485.151  1002.2 1448.55 1930.95 2394.99
19.1515  486.16  1004.2 1451.56 1934.95 2399.97
19.1515  487.16 1006.27 1454.55 1938.95 2404.91
 19.191  488.16 1008.27 1457.55 1942.95 2409.88
19.2302 489.156 1010.27 1460.55 1946.91 2414.88
19.2302  490.16 1012.27 1463.55 1950.91 2419.88
19.2302  491.16 1014.27 1466.56 1954.92 2424.85
19.2695  492.16 1016.27 1469.56 1958.92 2429.81
19.3085 493.156 1018.27 1472.56 1962.89 2434.81
19.3085 494.156 1020.34 1475.56 1966.87 2439.76
19.3085 495.156 1022.41 1478.56 1970.87  2444.7
19.3085 496.165 1024.41 1481.57 1974.87 2449.67
19.3085 497.158 1026.46 1484.57 1978.83 2454.67
19.3085 498.158 1028.52 1487.57 1982.83 2459.61
19.3085  499.15 1030.57 1490.53 1986.83 2464.61
19.3474  500.15 1032.57 1493.53 1990.83 2469.57
19.3858 501.144 1034.57  1496.5 1994.83 2474.57
19.4247 502.147 1036.57  1499.5 1998.83 2479.53
19.4247 503.147 1038.63  1502.5 2002.83 2484.47
19.4247 504.139 1040.68 1505.46 2006.83 2489.47
19.4247 505.147 1042.68 1508.47 2010.83 2494.45
19.4247 506.156 1044.68 1511.47 2014.84 2499.42
19.4625 507.156 1046.71 1514.47 2018.77 2504.42
19.5006 508.149 1048.71 1517.44 2022.77 2509.42
19.5006 509.154 1050.71 1520.44 2026.77 2514.42
19.5389 510.154 1052.71 1523.43 2030.74 2519.42
19.5389 511.154 1054.78 1526.43 2034.73 2524.37
19.5389 512.162 1056.78 1529.44 2038.73 2529.35
19.5389 513.154 1058.83  1532.4 2042.73 2534.35
19.5389 514.154 1060.89  1535.4 2046.73 2539.29
19.5763 515.154 1062.92 1538.33 2050.73 2544.29
19.5763 516.154 1064.99 1541.33 2054.72 2549.23
19.6144 517.154 1066.99 1544.33 2058.72  2554.2
19.6524 518.157 1068.99 1547.33 2062.72 2559.15
19.6897 519.157 1071.01 1550.27 2066.72 2564.15
19.6897 520.149 1073.06 1553.23 2070.72 2569.15
19.6897 521.143 1075.11 1556.23 2074.67 2574.15
19.6897 522.151 1077.11 1559.24 2078.67 2579.14
19.7272 523.151 1079.16 1562.24 2082.67 2584.05
19.7272 524.151 1081.23 1565.23 2086.67 2588.99
19.7636 525.119 1083.22 1568.23 2090.67 2593.99
19.8001 526.087 1085.22 1571.23 2094.67 2598.99
19.8377 527.087 1087.22 1574.22 2098.65 2603.99
19.8748 528.087 1089.25 1577.22 2102.58 2608.99
19.9126  529.09 1091.25 1580.22 2106.58 2613.95
19.9126  530.09 1093.32 1583.22 2110.57  2618.9
19.9126 531.098 1095.32 1586.22 2114.58 2623.88
19.9126 532.098 1097.38 1589.22 2118.57 2628.82
19.9488 533.066 1099.38 1592.22 2122.57 2633.82
19.9488 534.074 1101.38 1595.22 2126.58  2638.8
19.9488 535.066 1103.42 1598.18 2130.58  2643.8
19.9862 536.069 1105.42 1601.18 2134.58 2648.76
19.9862 537.069 1107.49 1604.18 2138.58  2653.7
19.9862 538.063 1109.53 1607.18 2142.54  2658.7
20.0232 539.059 1111.53 1610.18  2146.5  2663.7
20.0601 540.053 1113.53 1613.15  2150.5  2668.7
20.0601 541.061 1115.53 1616.16  2154.5 2673.68
20.0601 542.053 1117.58 1619.12  2158.5 2678.68
20.0601 543.053 1119.64 1622.11  2162.5 2683.63
20.0601 544.052  1121.7 1625.11  2166.5 2688.57
20.0601 545.052 1123.77 1628.11  2170.5 2693.51
20.0968 546.048 1125.77 1631.11 2174.47 2698.51
20.0968 547.048 1127.77 1634.12 2178.48 2703.49
20.0968 548.048 1129.82  1637.1 2182.45 2708.49
20.1336 549.048 1131.82  1640.1 2186.45 2713.45
20.1697 550.048 1133.85 1643.03 2190.45 2718.45
20.1697  551.04 1135.89    1646 2194.45 2723.45
20.1697  552.04 1137.89 1649.01 2198.46 2728.43
20.2057  553.04 1139.93 1652.01 2202.39 2733.43
20.2057 554.044 1141.93    1655 2206.39 2738.43
20.2423 555.044 1143.93    1658 2210.39 2743.39
20.2423 556.036 1145.97 1660.97 2214.39 2748.39
20.2423 557.035 1148.03 1663.97 2218.39 2753.33
20.2423 558.043 1150.03 1666.98 2222.39 2758.32
20.2781 559.043 1152.06 1669.98 2226.32 2763.32
20.3142 560.043 1154.11 1672.98 2230.32 2768.23
20.3142 561.043 1156.18 1675.97 2234.32 2773.18
20.3142 562.047 1158.18 1678.97 2238.32 2778.18
20.3142 563.051 1160.18 1681.97 2242.32 2783.18
20.3498 564.051 1162.21 1684.97 2246.25 2788.18
20.3498 565.043 1164.25 1687.93 2250.25 2793.18
 20.386 566.043 1166.25 1690.93 2254.25 2798.14
 20.386 567.037  1168.3 1693.93  2258.2 2803.14
20.4208 568.006  1170.3 1696.93  2262.2 2808.14
20.4562 569.006 1172.32 1699.87  2266.2 2813.14
 20.491 569.975 1174.32 1702.87  2270.2 2818.14
20.5265 570.975 1176.35 1705.87 2274.14 2823.14
 20.562 571.975 1178.39 1708.87 2278.07 2828.14
20.5981 572.975 1180.39 1711.87 2282.07 2833.11
20.5981 573.975 1182.44 1714.84 2286.04 2838.11
20.6341 574.975 1184.44 1717.84 2290.04 2843.07
20.6341 575.975  1186.5 1720.83 2294.04 2848.02
20.6688 576.944  1188.5 1723.83 2298.04 2853.02
20.7042 577.944 1190.53 1726.83 2301.97 2858.02
20.7042 578.944 1192.59 1729.83 2305.95 2862.97
20.7388 579.913 1194.59 1732.83 2309.95 2867.97
20.7744 580.907 1196.59  1735.8 2313.95 2872.97
20.7744 581.906 1198.65  1738.8 2317.95 2877.91
20.7744   582.9  1200.7  1741.8 2321.91 2882.91
20.7744   583.9 1202.75 1744.78 2325.88 2887.91
20.7744 584.894  1204.8 1747.78 2329.84 2892.91
20.7744 585.901  1206.8 1750.78 2333.85 2897.89
20.7744 586.901 1208.85 1753.76 2337.82 2902.89
20.7744 587.901 1210.85 1756.77 2341.83 2907.87
20.7744 588.895  1212.9 1759.77 2345.79 2912.87
20.7744 589.895  1214.9 1762.78  2349.8 2917.85
20.7744 590.895  1216.9 1765.79 2353.81 2922.83
20.7744 591.894 1218.95 1768.79 2357.81 2927.78
20.8094 592.894 1220.95 1771.77 2361.79 2932.78
20.8094 593.894 1222.95 1774.78  2365.8 2937.76
20.8094 594.894 1225.01 1777.77  2369.8 2942.71
20.8445 595.897 1227.01 1780.77  2373.8 2947.67
20.8795 596.897 1229.01 1783.76 2377.78 2952.67
20.9143 597.894 1231.01 1786.76 2381.75 2957.67
20.9483 598.863 1233.01 1789.76 2385.75 2962.67
20.9834 599.863 1235.01 1792.76 2389.75 2967.63
20.9834 600.863 1237.01 1795.77 2393.76 2972.62
21.0181 601.863 1239.06 1798.77 2397.76 2977.53
21.0531 602.863 1241.06 1801.77 2401.76  2982.5
21.0879 603.859 1243.06 1804.77 2405.73  2987.5
21.0879 604.859 1245.06 1807.77 2409.74 2992.48
21.0879 605.863 1247.06 1810.77 2413.74 2997.48
21.0879  606.87 1249.06 1813.77 2417.75 3002.46
21.1228 607.873 1251.06 1816.77 2421.75 3007.42
21.1228  608.88 1253.06 1819.78 2425.75 3012.41
21.1228  609.88 1255.11 1822.76 2429.72 3017.41
21.1564  610.85  1257.1 1825.76 2433.72 3022.41
21.1911 611.853  1259.1 1828.76 2437.72 3027.37
21.1911 612.852 1261.16 1831.76 2441.72 3032.31
21.2247 613.822 1263.16 1834.76 2445.72 3037.31
21.2582 614.792 1265.15 1837.76 2449.72 3042.31
21.2582 615.792  1267.2 1840.74 2453.69 3047.31
21.2582 616.792 1269.25 1843.72 2457.66 3052.31
21.2582 617.796 1271.25 1846.72 2461.66 3057.31
21.2582 618.796 1273.25 1849.73 2465.67 3062.29
21.2924 619.796  1275.3 1852.73 2469.67 3067.21
21.2924 620.796 1277.36 1855.73 2473.66 3072.17
21.2924 621.796 1279.41 1858.71 2477.63 3077.17
21.3261 622.796 1281.43 1861.65 2481.63 3082.17
21.3603 623.796 1283.43 1864.63 2485.61 3087.17
21.3603 624.796 1285.49 1867.63  2489.6 3092.12
21.3942 625.796 1287.54 1870.63  2493.6 3097.04
21.3942 626.802 1289.54 1873.63 2497.61 3102.02
21.3942 627.809 1291.54 1876.64 2501.61 3107.01
21.3942 628.816 1293.54 1879.65 2505.61 3111.99
21.4284 629.819 1295.54 1882.65 2509.61 3116.95
21.4284 630.819 1297.59 1885.63 2513.58 3121.95
21.4613  631.79 1299.59 1888.63 2517.58 3126.95
21.4951  632.79 1301.63 1891.63 2521.58 3131.87
21.5292 633.792 1303.63 1894.63 2525.58 3136.84
21.5292 634.792 1305.69 1897.63 2529.58 3141.78
21.5292 635.791 1307.74 1900.63 2533.58 3146.73
 21.562 636.762 1309.74 1903.63 2537.58 3151.73
 21.596 637.764 1311.74 1906.63 2541.58 3156.69
 21.596 638.771 1313.74 1909.64 2545.58 3161.67
21.6297 639.767 1315.74 1912.64 2549.55 3166.67
 21.663 640.767 1317.76 1915.58 2553.55 3171.67
21.6969  641.77 1319.76 1918.58 2557.55 3176.64
21.6969 642.777 1321.76 1921.59 2561.55 3181.62
21.7304 643.771 1323.76 1924.57 2565.55 3186.62
21.7632 644.742 1325.76 1927.57 2569.55 3191.62
21.7632 645.742 1327.82 1930.56 2573.55 3196.57
21.7964 646.742 1329.84  1933.5 2577.55 3201.57
21.7964 647.748 1331.84  1936.5 2581.56 3206.55
21.8301 648.751 1333.84  1939.5 2585.56 3211.52
21.8301 649.751  1335.9  1942.5 2589.55 3216.47
21.8301 650.745 1337.94  1945.5 2593.51 3221.47
21.8301 651.745    1340 1948.49 2597.51 3226.42
21.8635 652.741    1342 1951.49 2601.48 3231.42
21.8635 653.741    1344  1954.5 2605.49 3236.41
21.8635 654.734 1346.04 1957.47 2609.49 3241.41
21.8635 655.737 1348.04 1960.47 2613.49 3246.41
21.8967 656.733 1350.04 1963.47 2617.46 3251.41
21.9301 657.733 1352.04 1966.47 2621.46 3256.37
21.9633 658.733 1354.08 1969.47 2625.46  3261.3
21.9633  659.74 1356.08 1972.47 2629.46 3266.28
21.9633 660.746 1358.08 1975.47 2633.47 3271.26
21.9633 661.753 1360.08 1978.48 2637.47 3276.25
21.9633 662.747 1362.13 1981.48 2641.43 3281.25
21.9633 663.747 1364.17 1984.46  2645.4 3286.25
21.9963 664.743 1366.17 1987.46 2649.38 3291.25
21.9963  665.75 1368.17 1990.47 2653.38 3296.23
22.0289  666.75  1370.2 1993.47 2657.31 3301.23
22.0619  667.75  1372.2 1996.46 2661.29 3306.23
22.0948  668.75 1374.25 1999.46 2665.29 3311.15
22.0948  669.75  1376.3 2002.45 2669.29 3316.11
22.1268 670.721  1378.3 2005.45 2673.29 3321.11
22.1589 671.693  1380.3 2008.45 2677.29 3326.11
22.1918 672.693  1382.3 2011.44 2681.27 3331.11
22.2243 673.693 1384.32 2014.38 2685.27 3336.11
22.2569 674.693 1386.35 2017.38 2689.21 3341.11
22.2899 675.696 1388.35 2020.38 2693.21 3346.07
22.3227  676.69 1390.35 2023.35 2697.21 3351.07
22.3227  677.69 1392.41 2026.35  2701.2 3356.03
22.3553  678.69 1394.44 2029.35 2705.14 3361.03
22.3883  679.69 1396.44 2032.35 2709.14 3365.99
22.3883 680.693 1398.44 2035.35 2713.14 3370.99
22.4213 681.695 1400.44 2038.35 2717.14 3375.96
22.4213 682.695 1402.49 2041.34 2721.14 3380.91
22.4213 683.701 1404.49 2044.34 2725.15  3385.9
22.4539 684.701 1406.53 2047.34 2729.15 3390.82
22.4539 685.708 1408.53 2050.34 2733.16  3395.8
22.4539 686.708 1410.59 2053.34 2737.15 3400.76
22.4864 687.702 1412.59 2056.32 2741.15 3405.76
22.5187 688.702 1414.62 2059.32 2745.08 3410.76
22.5512 689.696 1416.62 2062.29 2749.08 3415.76
22.5512 690.703 1418.62  2065.3 2753.08 3420.74
22.5512 691.706 1420.62  2068.3 2757.08 3425.74
22.5512 692.698 1422.66 2071.27 2761.08 3430.74
22.5834 693.698 1424.69 2074.27 2765.02 3435.74
22.6158 694.693 1426.69 2077.24 2769.02 3440.74
22.6481 695.693 1428.73 2080.24 2773.02 3445.67
22.6481 696.699 1430.73 2083.24 2777.03 3450.65
22.6805 697.695 1432.73 2086.24    2781 3455.65
22.6805 698.695 1434.78 2089.22 2784.98 3460.65
22.6805 699.702 1436.78 2092.23 2788.98 3465.64
22.7128 700.702 1438.82 2095.23 2792.98 3470.56
22.7453 701.704 1440.82 2098.23 2796.98 3475.53
22.7453 702.704 1442.86 2101.21 2800.95 3480.53
22.7775 703.699 1444.86 2104.18 2804.95 3485.53
22.8099 704.699 1446.86 2107.18 2808.95  3490.5
22.8421 705.699 1448.91 2110.18 2812.95 3495.42
22.8744 706.699 1450.91 2113.17 2816.93 3500.42
22.9069 707.701 1452.91 2116.17 2820.93 3505.39
22.9394 708.701 1454.91 2119.17 2824.93 3510.36
22.9713 709.701 1456.93 2122.17 2828.87 3515.36
23.0035 710.701 1458.98 2125.17 2832.87 3520.28
23.0035 711.701 1461.02 2128.15 2836.84 3525.28
23.0354 712.701 1463.04  2131.1 2840.84 3530.28
23.0668 713.673 1465.04  2134.1 2844.84 3535.28
23.0668 714.673 1467.09 2137.09 2848.84 3540.24
23.0992 715.676 1469.09 2140.09 2852.84  3545.2
23.0992 716.675 1471.15 2143.09 2856.84 3550.15
23.1315 717.677 1473.15 2146.09 2860.84 3555.12
23.1315 718.677 1475.15  2149.1 2864.85  3560.1
23.1315 719.677 1477.19 2152.08 2868.82  3565.1
23.1315 720.676 1479.24 2155.08 2872.82 3570.05
23.1627 721.649 1481.24 2158.08 2876.82 3575.05
23.1947 722.649 1483.24 2161.06  2880.8 3580.05
23.1947 723.649 1485.24 2164.07 2884.81 3585.03
23.2267 724.645 1487.24 2167.07 2888.79 3590.03
23.2582 725.645 1489.26 2170.02 2892.79 3595.03
23.2582 726.645 1491.31 2173.01 2896.79 3599.99
23.2901 727.642 1493.31 2176.01 2900.76 3604.99
 23.322 728.636 1495.31 2178.98 2904.76 3609.99
 23.322 729.642 1497.31 2181.99 2908.76 3614.97
23.3531 730.615 1499.31 2184.99 2912.76 3619.97
23.3531 731.618 1501.31 2187.99 2916.76 3624.97
23.3845 732.618 1503.33 2190.94 2920.76 3629.97
23.4163 733.614 1505.33 2193.94 2924.73 3634.97
23.4482 734.614 1507.33 2196.92 2928.71 3639.97
23.4482 735.617 1509.33 2199.92 2932.71 3644.97
23.4482 736.617 1511.38 2202.91 2936.71 3649.93
23.4792  737.59 1513.38 2205.91 2940.71 3654.93
23.5108 738.584 1515.38 2208.89 2944.71 3659.93
23.5108 739.584 1517.43 2211.87 2948.68 3664.93
23.5108 740.587 1519.43 2214.87 2952.68 3669.93
23.5426 741.587 1521.43 2217.87 2956.68  3674.9
23.5426 742.587 1523.43 2220.87 2960.69 3679.88
23.5743 743.587 1525.43 2223.86 2964.67 3684.88
23.6061 744.589 1527.43 2226.86 2968.67 3689.85
23.6374 745.589 1529.45 2229.86 2972.61 3694.85
23.6689 746.589 1531.49 2232.86 2976.61 3699.78
23.7002 747.589 1533.51 2235.81 2980.61 3704.78
23.7002 748.588 1535.56 2238.81 2984.61 3709.73
23.7319  749.59 1537.56 2241.81 2988.61 3714.69
23.7637  750.59 1539.56 2244.81 2992.61 3719.66
23.7951  751.59  1541.6 2247.81 2996.61 3724.59
 23.826 752.563  1543.6 2250.81 3000.61 3729.59
23.8572 753.563 1545.63 2253.81 3004.55 3734.59
 23.889 754.566 1547.63 2256.81 3008.55 3739.56
23.9206 755.566 1549.63 2259.79 3012.53 3744.56
23.9523 756.566 1551.63 2262.79 3016.53 3749.53
23.9838 757.566 1553.67 2265.79 3020.53 3754.46
23.9838 758.566 1555.72 2268.79 3024.53 3759.41
24.0151 759.566 1557.75 2271.79 3028.47 3764.41
24.0465  760.56 1559.75 2274.76 3032.47 3769.41
24.0465 761.553 1561.78 2277.73 3036.47 3774.41
24.0465 762.553 1563.83 2280.72 3040.47 3779.37
24.0777 763.553 1565.86 2283.72 3044.42 3784.37
24.1091 764.549 1567.86 2286.72 3048.39 3789.37
24.1091 765.548 1569.91 2289.72 3052.39 3794.32
24.1398 766.522 1571.91 2292.72 3056.39 3799.32
24.1398 767.522 1573.96 2295.72 3060.38 3804.28
24.1398 768.522 1576.01 2298.72 3064.37 3809.24
24.1712 769.524 1578.01 2301.72 3068.37 3814.21
24.2022 770.524 1580.03 2304.67 3072.37 3819.21
24.2022 771.529 1582.03 2307.67 3076.38 3824.19
24.2332 772.529 1584.06 2310.67 3080.32 3829.19
24.2644 773.524 1586.06 2313.64 3084.32 3834.19
24.2956 774.524  1588.1 2316.64 3088.32 3839.12
24.3268  775.52  1590.1 2319.64 3092.29 3844.12
24.3268  776.52 1592.15 2322.63 3096.29 3849.08
24.3577  777.52 1594.17 2325.58 3100.29 3854.08
24.3577  778.52 1596.17 2328.59  3104.3 3859.06
24.3888  779.52 1598.21 2331.59  3108.3 3863.99
  24.42 780.516 1600.21 2334.59 3112.27 3868.99
24.4514 781.516 1602.21 2337.59 3116.27 3873.96
24.4827 782.516 1604.21 2340.59 3120.27 3878.93
24.5141 783.516 1606.21 2343.59 3124.27  3883.9
24.5141 784.516 1608.26 2346.59 3128.26 3888.86
24.5454 785.518 1610.26 2349.59 3132.26 3893.83
24.5768 786.518 1612.26 2352.59 3136.26  3898.8
24.6078 787.518  1614.3 2355.59 3140.26 3903.73
24.6391  788.52  1616.3 2358.59 3144.26  3908.7
24.6391  789.52 1618.35 2361.58 3148.26 3913.65
24.6704 790.522 1620.35 2364.58 3152.26 3918.62
24.7014 791.522 1622.39 2367.58 3156.26 3923.55
24.7327 792.524 1624.39 2370.58 3160.26 3928.52
24.7327 793.524 1626.43 2373.56 3164.23 3933.52
 24.764 794.524 1628.43 2376.56 3168.23 3938.49
24.7948 795.524 1630.46 2379.56 3172.18 3943.49
 24.826 796.524 1632.46 2382.56 3176.18 3948.46
 24.826 797.523  1634.5 2385.56 3180.18 3953.41
24.8572 798.523  1636.5 2388.56 3184.18 3958.38
24.8885 799.523  1638.5 2391.56 3188.18 3963.35
24.9194 800.518  1640.5 2394.53 3192.18 3968.35
24.9194 801.518 1642.55 2397.53 3196.17 3973.31
24.9194 802.511 1644.59  2400.5 3200.17 3978.31
24.9194 803.511 1646.63 2403.48 3204.14 3983.31
24.9505 804.511 1648.63 2406.48 3208.14 3988.28
24.9816 805.513 1650.63 2409.48 3212.14 3993.25
24.9816 806.513 1652.68 2412.47 3216.12 3998.25
24.9816 807.513 1654.73 2415.47 3220.11 4003.21
24.9816 808.516 1656.73 2418.46  3224.1 4008.21
25.0125 809.518 1658.73 2421.46  3228.1 4013.18
25.0125 810.523 1660.73 2424.46 3232.11 4018.16
25.0432 811.523 1662.76 2427.46 3236.11 4023.09
25.0432 812.529 1664.76 2430.46 3240.12 4028.08
25.0432 813.522  1666.8 2433.44 3244.12 4033.08
25.0432 814.522 1668.85 2436.43 3248.12 4038.04
25.0736 815.522 1670.87 2439.43 3252.07 4043.04
25.0736 816.522 1672.92 2442.43 3256.06    4048
25.1044 817.522 1674.92 2445.43 3260.06 4052.97
 25.135 818.522 1676.96 2448.43 3264.06  4057.9
 25.135 819.517    1679 2451.43 3268.02  4062.9
25.1657 820.517    1681 2454.43 3272.02 4067.87
25.1963 821.513    1683 2457.43 3275.99 4072.87
25.1963 822.519    1685 2460.43    3280 4077.85
 25.227 823.521    1687 2463.43    3284 4082.82
25.2575 824.517    1689 2466.43 3287.98 4087.82
25.2575 825.523    1691 2469.44 3291.98 4092.81
25.2575 826.523 1693.04 2472.42 3295.95 4097.81
25.2575 827.525 1695.04 2475.42 3299.95 4102.81
25.2881 828.525 1697.04 2478.42 3303.95 4107.78
25.2881 829.525 1699.09 2481.42 3307.94 4112.74
25.2881 830.528 1701.09 2484.42 3311.94 4117.74
25.3184 831.524 1703.09 2487.42 3315.91 4122.74
25.3488 832.524 1705.09  2490.4 3319.89 4127.74
25.3488 833.524 1707.09 2493.41  3323.9 4132.72
25.3791 834.524 1709.13 2496.41  3327.9 4137.66
25.4095 835.524 1711.13  2499.4 3331.88 4142.66
25.4397 836.519 1713.13 2502.37 3335.88 4147.66
25.4702 837.521 1715.13 2505.37 3339.88 4152.62
25.4702 838.514 1717.16 2508.35 3343.88 4157.62
25.4998 839.489 1719.16 2511.35 3347.88 4162.62
25.5302 840.489 1721.16 2514.34 3351.88 4167.59
25.5302 841.491 1723.16 2517.34 3355.88 4172.59
25.5302 842.486  1725.2 2520.34 3359.85 4177.59
25.5606 843.486  1727.2 2523.34 3363.85 4182.56
 25.591 844.486  1729.2 2526.34 3367.85 4187.53
 25.591 845.489  1731.2 2529.34 3371.85 4192.53
 25.591 846.488 1733.24 2532.34 3375.85 4197.49
 25.591 847.488 1735.29 2535.34 3379.84 4202.45
 25.591 848.488 1737.29 2538.35 3383.85 4207.44
25.6204 849.463 1739.29 2541.35 3387.85 4212.44
25.6501 850.463 1741.31  2544.3 3391.85 4217.44
25.6501 851.463 1743.31 2547.31 3395.85 4222.42
25.6501 852.456 1745.34 2550.28 3399.85 4227.42
25.6802 853.456 1747.34 2553.27 3403.84 4232.42
25.6802 854.456 1749.38 2556.25 3407.81 4237.42
25.7101 855.451 1751.38 2559.22 3411.81 4242.42
25.7397 856.451  1753.4 2562.17 3415.81 4247.42
25.7397 857.446 1755.44 2565.17 3419.78 4252.42
25.7397 858.451 1757.44 2568.18 3423.78 4257.41
25.7694 859.451 1759.46 2571.18 3427.73 4262.41
 25.799 860.451 1761.48 2574.13 3431.73 4267.41
 25.799 861.451 1763.53 2577.13 3435.73 4272.36
25.8287 862.445 1765.53 2580.11 3439.73 4277.36
25.8585 863.445 1767.56 2583.11 3443.73  4282.3
25.8585 864.448 1769.56 2586.11 3447.73  4287.3
25.8883 865.442 1771.56 2589.08 3451.73  4292.3
25.9181 866.439 1773.56 2592.08  3455.7  4297.3
25.9181 867.432  1775.6 2595.06  3459.7  4302.3
25.9478 868.427  1777.6 2598.03  3463.7  4307.3
25.9774 869.427 1779.62 2601.03 3467.64  4312.3
26.0065 870.402 1781.62 2604.03 3471.64  4317.3
26.0364 871.402 1783.62 2607.03 3475.64 4322.27
26.0364 872.407 1785.62 2610.03 3479.65 4327.25
26.0364 873.407 1787.67 2613.03 3483.64 4332.21
26.0662 874.407 1789.67 2616.02 3487.63 4337.21
26.0662 875.412 1791.67 2619.03 3491.63  4342.2
26.0662 876.412 1793.67 2622.03 3495.64 4347.19
26.0662 877.412 1795.71 2625.03 3499.63 4352.15
26.0662 878.406 1797.75 2628.01 3503.63 4357.15
26.0662 879.409 1799.75    2631 3507.62 4362.15
26.0957 880.403 1801.75 2633.98 3511.62 4367.15
26.0957 881.398 1803.78 2636.98 3515.59 4372.15
26.1252 882.395 1805.78 2639.98 3519.57 4377.15
26.1252 883.395 1807.83 2642.98 3523.56 4382.11
26.1548 884.395 1809.83 2645.98 3527.56 4387.08
26.1841 885.395 1811.86 2648.98  3531.5 4392.08
26.2133 886.395 1813.88 2651.93  3535.5 4397.08
26.2428 887.395 1815.88 2654.92 3539.48 4402.08
26.2428 888.395 1817.88 2657.93 3543.49 4407.07
26.2428   889.4 1819.88 2660.93  3547.5 4412.05
26.2724   890.4 1821.88 2663.92  3551.5 4417.03
26.3016   891.4  1823.9 2666.92 3555.45 4422.03
26.3311 892.401  1825.9 2669.92 3559.45    4427
26.3311 893.406  1827.9 2672.92 3563.46 4431.98
26.3311 894.406 1829.94 2675.92 3567.46 4436.94
26.3311 895.405 1831.99 2678.92 3571.46 4441.89
26.3311 896.405 1834.04 2681.92 3575.45 4446.86
26.3311  897.41 1836.04 2684.92 3579.46 4451.84
26.3603 898.405 1838.04  2687.9 3583.46 4456.84
26.3603 899.404 1840.08  2690.9 3587.46  4461.8
26.3603 900.404 1842.12 2693.88 3591.43  4466.8
26.3892 901.404 1844.14 2696.84 3595.43  4471.8
26.4184 902.404 1846.14 2699.82 3599.42  4476.8
26.4184 903.404 1848.18 2702.82 3603.42 4481.76
26.4184 904.406 1850.18 2705.82 3607.41 4486.76
26.4184 905.406 1852.23 2708.82 3611.41 4491.72
26.4184 906.409 1854.23 2711.81  3615.4 4496.72
26.4477 907.409 1856.23 2714.81  3619.4  4501.7
26.4477 908.408 1858.27 2717.81  3623.4 4506.65
26.4768 909.408 1860.27 2720.81  3627.4 4511.63
26.4768 910.413 1862.27 2723.81 3631.41 4516.61
26.4768 911.413 1864.32 2726.81 3635.41 4521.57
26.4768 912.412 1866.36 2729.81 3639.41 4526.53
26.4768 913.412 1868.36 2732.81 3643.42 4531.52
26.4768 914.412 1870.41  2735.8 3647.42 4536.48
26.4768 915.412 1872.41 2738.81 3651.43 4541.46
26.5051 916.388 1874.41 2741.81 3655.43 4546.46
26.5051 917.393 1876.41 2744.82 3659.43 4551.45
26.5051 918.388 1878.44 2747.82  3663.4 4556.45
26.5051 919.383 1880.48 2750.82 3667.37 4561.45
26.5335 920.383  1882.5 2753.77 3671.37 4566.45
 26.562 921.383 1884.52 2756.77 3675.31 4571.45
26.5905 922.383 1886.54 2759.72 3679.31 4576.45
26.6194 923.383 1888.54 2762.72 3683.31 4581.42
26.6194 924.382 1890.58 2765.72 3687.31 4586.38
26.6194 925.382 1892.63 2768.72 3691.31 4591.34
 26.648 926.382 1894.66 2771.72 3695.31 4596.28
 26.648 927.384 1896.66 2774.72 3699.31 4601.28
 26.648 928.389 1898.66 2777.72 3703.32 4606.26
26.6763 929.389 1900.68 2780.68 3707.32 4611.26
26.7047 930.389  1902.7 2783.68 3711.27 4616.26
26.7047 931.389 1904.74 2786.66 3715.24 4621.26
26.7335 932.389 1906.74 2789.66 3719.24 4626.23
26.7335 933.388 1908.78 2792.66 3723.24 4631.19
26.7614 934.364 1910.78 2795.66 3727.24 4636.19
26.7614 935.366 1912.78 2798.66 3731.24 4641.19
26.7901 936.368 1914.78 2801.66 3735.24 4646.16
26.7901 937.373 1916.78 2804.67 3739.24 4651.15
26.7901 938.373 1918.83 2807.67 3743.23 4656.11
26.7901 939.368 1920.86 2810.67  3747.2 4661.11
26.7901 940.362 1922.89 2813.64  3751.2 4666.11
26.7901 941.356 1924.93 2816.61  3755.2 4671.11
26.7901 942.361 1926.93 2819.62  3759.2  4676.1
26.8186 943.361 1928.93 2822.62  3763.2 4681.07
 26.847 944.361 1930.93 2825.61 3767.18 4686.07
26.8755 945.361 1932.93 2828.61 3771.18 4691.05
26.8755 946.366 1934.93 2831.61 3775.18 4696.03
26.8755 947.369 1936.93 2834.61 3779.18 4701.03
26.9035 948.369 1938.94 2837.57 3783.18 4706.03
26.9035 949.374 1940.94 2840.58 3787.18 4711.02
26.9315 950.374 1942.97 2843.58 3791.13 4716.02
26.9595 951.374 1944.99 2846.53 3795.13 4721.02
26.9875 952.374    1947 2849.48 3799.13 4726.02
26.9875 953.376    1949 2852.48 3803.13 4731.02
27.0158 954.378    1951 2855.48 3807.13 4735.99
27.0442 955.378    1953 2858.48 3811.13 4740.97
27.0442 956.383    1955 2861.49 3815.13 4745.95
27.0721 957.383 1957.02 2864.44 3819.13 4750.95
   27.1 958.383 1959.04  2867.4 3823.13 4755.95
   27.1 959.388 1961.04  2870.4 3827.13 4760.94
27.1281 960.388 1963.07  2873.4 3831.13 4765.88
27.1562 961.388 1965.11  2876.4 3835.13 4770.82
27.1562 962.388 1967.15 2879.39 3839.13 4775.78
27.1844 963.384 1969.15 2882.39  3843.1 4780.78
27.2119 964.361 1971.15 2885.39  3847.1 4785.78
27.2402 965.362 1973.15 2888.39  3851.1 4790.75
 27.268 966.362 1975.17 2891.35  3855.1 4795.75
 27.268 967.362 1977.21 2894.33 3859.08 4800.75
27.2963 968.364 1979.21 2897.33 3863.08 4805.72
27.3241 969.364 1981.22 2900.29 3867.08 4810.72
27.3241 970.364 1983.22 2903.29 3871.09 4815.71
27.3521 971.359 1985.22 2906.27 3875.09 4820.71
27.3521 972.354 1987.26 2909.27 3879.06 4825.71
27.3796 973.331 1989.25 2912.27 3883.06 4830.71
27.3796  974.33  1991.3 2915.27 3887.06 4835.67
27.4074  975.33 1993.32 2918.27 3891.01 4840.67
27.4074 976.329 1995.36 2921.27 3895.01 4845.62
27.4074 977.323 1997.39 2924.24 3899.01 4850.62
27.4074 978.323 1999.43 2927.23 3902.99 4855.62
27.4074 979.322 2001.47 2930.23 3906.99 4860.58
27.4074 980.318 2003.51 2933.23 3910.96 4865.58
27.4074 981.318 2005.54 2936.21 3914.94 4870.58
27.4074 982.318 2007.58  2939.2 3918.91 4875.58
27.4074 983.318 2009.62 2942.18 3922.89 4880.58
27.4074 984.317 2011.66 2945.18 3926.89 4885.54
27.4074 985.317 2013.66 2948.18  3930.9 4890.53
27.4351 986.313 2015.66 2951.18 3934.88 4895.53
27.4351 987.313 2017.71 2954.18 3938.88 4900.49
 27.463 988.313 2019.71 2957.18 3942.87 4905.47
27.4905 989.313 2021.73 2960.18 3946.82 4910.47
27.5181 990.313 2023.76 2963.18 3950.82  4915.4
27.5181 991.313 2025.76 2966.18 3954.83 4920.39
27.5456 992.313 2027.79 2969.18 3958.78 4925.39
27.5731 993.313 2029.81 2972.18 3962.73 4930.39
27.5731 994.313 2031.85 2975.18 3966.72 4935.36
27.5731 995.309 2033.89 2978.18 3970.69 4940.36
27.6007 996.304 2035.89 2981.16 3974.69 4945.36
27.6007 997.304 2037.89 2984.17  3978.7 4950.34
27.6284 998.305 2039.89 2987.17  3982.7 4955.31
27.6561 999.307 2041.89 2990.17  3986.7 4960.28