      1 4.33333       3       4 4.33333 4.33333
      1 6.62745 4.58824 6.11765 8.33333 9.33333
1.43099 7.62745  6.5657 9.11765 11.9249 14.3333
 1.7459 9.30602  8.5657 11.1242 15.9249 19.3333
 1.7459  10.306 10.7303 13.9353 19.9492 24.3333
2.01463 11.8923 12.7303 16.0802 23.9492 29.3333
2.01463 13.7601 14.7303 18.6057 27.9492 33.9402
2.01463 15.4667 16.5572 21.6057 31.4156 38.9402
2.01463 17.1733 18.3842 24.6057  34.882 43.9402
2.01463 18.1733  20.499 27.4362  38.882 48.9948
2.01463 19.1733  22.499 30.2913 42.9283 54.0935
2.20118 20.1733  24.499 33.0961 46.9283 59.1022
2.20118 21.1733 26.6085 35.9458 50.9691 64.1022
2.20118 22.1733  28.718 38.7956 55.0098 69.1022
2.34246 23.5965  30.718 41.7956 59.0098 73.5376
2.48034 24.9854  32.718 44.7956 62.4831 78.5376
2.48034  26.448 34.6332 47.4178 66.4831 83.5376
2.48034  27.448 36.6332 50.2997 70.5238 88.6149
2.48034  28.448   38.72  53.165 74.5238 93.6628
2.48034 29.8534 40.6329  56.165 78.2055 98.6628
2.59394 31.2207 42.6329  59.165 82.2055 103.182
2.59394 32.2207 44.7127 62.0514 86.2055 108.216
2.59394 33.2207 46.7695 65.0514 90.1709 113.193
2.59394 34.2207 48.8263 68.0514 94.1363 118.171
2.69299 35.5274 50.8263 71.0514 97.7306 123.171
2.69299 36.8839 52.7669 74.0514 101.731 127.874
2.69299 37.8839 54.7669 76.9778 105.751 132.928
  2.792 38.8839 56.7805 79.9778 109.751 137.815
2.89237 39.8839 58.7805 82.9778 113.696 142.769
2.89237 40.8839 60.7805 85.9113 117.716 147.816
2.89237 42.1949 62.7295 88.9113 121.716 152.556
2.89237  43.501 64.6713 91.6634 125.716 157.556
2.98319  44.501 66.7021 94.5418 129.716 162.556
3.07496  45.501 68.7021 97.4499 133.716 167.556
3.07496 46.8131 70.7021  100.45 137.572 172.388
3.07496 47.8131 72.7451  103.45 141.547  177.37
3.07496 49.1225 74.7451 106.283 145.547 182.227
3.07496 50.3988 76.6872 109.283 149.329 187.227
3.07496 51.7013 78.6872 112.283 153.188 192.066
3.14889 52.9443 80.6872 115.283 156.871 197.066
3.22873 53.9443 82.6872 118.206 160.871 202.063
3.22873 54.9443 84.6872 121.154 164.883 207.102
3.22873 56.2084 86.6356 123.942 168.883 212.102
3.22873 57.2084 88.6904 126.881 172.889 217.102
3.22873 58.4905 90.6904 129.725 176.763 222.102
3.30148 59.4905 92.6904 132.648 180.763 227.107
3.30148 60.4905 94.7446 135.588 184.769 232.107
3.36843 61.7171 96.7446 138.588 188.769 236.813
3.36843 62.9861 98.7446 141.437 192.651 241.813
3.43698 63.9861 100.754 144.437 196.651 246.735
3.43698 64.9861 102.803 147.373 200.651 251.751
3.50544 65.9861 104.803 150.308 204.647 256.751
3.56991 67.1996 106.803 153.308 208.647 261.473
3.56991 68.4341 108.765 156.308 212.647 266.276
3.63692 69.4341 110.765 159.243 216.647 271.275
3.70351 70.4341 112.765 162.243 220.614 276.241
 3.7701 71.4341 114.765 165.243  224.58 281.208
 3.7701 72.6514  116.72 168.243 228.407 286.208
3.83592 73.6514  118.72  171.18 232.407 291.205
3.83592 74.8846  120.72  174.18 236.298 296.081
3.83592 76.0983 122.677  177.18 240.128 301.081
3.89926 77.0983 124.677  180.18 244.093 306.052
3.96291 78.0983 126.677 183.121 248.093 311.048
3.96291 79.0983  128.72 186.075 252.095 316.048
3.96291 80.0983 130.761 189.025 256.095 321.058
4.02375 81.0983 132.768 192.025 260.027 326.058
4.02375 82.0983 134.768 194.986 264.037 331.086
4.08447 83.0983 136.768 197.929 268.037 336.083
4.14491 84.0983 138.768 200.929 272.004 341.056
4.20244 85.2655 140.768 203.929 275.779 346.056
4.20244 86.2655  142.81 206.887 279.779 351.056
4.26181 87.2655 144.828  209.81 283.779 356.056
4.26181  88.468 146.828 212.701 287.779 360.962
4.26181 89.6519 148.793 215.701  291.63 365.962
4.32013 90.6519 150.793 218.652 295.621 370.962
4.37808 91.6519 152.793 221.652 299.586 375.939
4.37808 92.6519 154.793 224.617 303.593 380.967
4.37808 93.6519 156.821 227.617 307.572  385.96
4.43412 94.6519 158.829 230.617 311.509  390.96
4.43412 95.8269   160.8 233.617 315.509 395.813
4.43412 97.0156   162.8 236.515 319.422 400.813
4.48903 98.0156 164.816 239.444 323.422 405.813
4.48903 99.2024 166.816 242.343 327.422 410.727
4.54375 100.202 168.816 245.297 331.413 415.727
4.59567 101.347 170.816   248.1 335.413 420.727
4.59567 102.531 172.816 250.998 339.331 425.727
4.64931 103.531 174.833 253.928 343.331 430.727
4.70264 104.531 176.839 256.928 347.331 435.668
4.70264 105.531 178.877 259.888 351.333 440.668
4.75144 106.626 180.733 262.888 355.333 445.668
4.75144 107.804 182.733 265.791 359.333 450.588
4.80167 108.943 184.733 268.601 363.333 455.588
4.85378 109.943 186.737 271.601 367.277 460.588
4.85378 111.118 188.737 274.502   371.2 465.588
4.85378 112.293 190.737 277.405   375.2 470.511
4.85378 113.468 192.737 280.307   379.2 475.434
4.90428 114.468 194.742 283.307 383.145 480.434
4.90428 115.468 196.742 286.271 387.154 485.461
4.90428 116.636 198.742 289.271 391.072 490.374
4.90428 117.794 200.715 292.142 395.072 495.374
4.90428 118.965 202.715 295.046 399.072 500.299
4.90428 119.965 204.738 298.046 403.055 505.292
4.95282 120.965 206.738 300.996 407.055 510.293
4.99953 122.105 208.738 303.996 411.055 515.106
5.04754 123.105 210.742 306.996 415.003 520.106
5.09555 124.105 212.747 309.996  418.95 525.106
5.14228 125.243 214.747 312.996  422.95 529.921
5.14228 126.393 216.717 315.996 426.831 534.921
5.14228 127.543  218.69 318.873 430.831 539.921
5.18941 128.543 220.694 321.873 434.831  544.87
5.18941 129.543 222.694  324.84  438.84 549.893
5.18941 130.543 224.717  327.84 442.824 554.886
5.18941 131.702 226.717  330.75 446.755 559.886
5.23557 132.702 228.717  333.75 450.729 564.866
5.28004 133.829 230.717  336.75 454.558 569.866
5.32613 134.829 232.731  339.69 458.558 574.866
5.32613 135.829 234.731 342.659 462.565  579.89
5.32613 136.972 236.705 345.541 466.565  584.89
5.37174 137.972 238.705   348.5  470.56  589.89
5.37174 139.123 240.705   351.5 474.487 594.813
5.41668 140.123 242.719 354.442 478.487 599.813
5.46163 141.123 244.733 357.383 482.487 604.813
5.46163 142.123 246.761 360.344 486.487 609.824
5.50464 143.242 248.761 363.181 490.487 614.824
5.50464 144.392 250.761 366.097 494.487 619.759
5.54863 145.392 252.765 369.097 498.487 624.711
5.54863 146.541 254.765 372.013 502.487 629.646
5.58954 147.621 256.643 375.013 506.487 634.646
 5.6334 148.621 258.657 377.955 510.487 639.646
 5.6334 149.621 260.686  380.92 514.492 644.646
 5.6771 150.621 262.686 383.876 518.492 649.648
 5.6771 151.621 264.713 386.837 522.492 654.659
 5.6771 152.621 266.742 389.802 526.497 659.659
 5.6771 153.621 268.762 392.802 530.484 664.654
5.71982 154.621 270.762 395.758 534.484 669.655
5.71982 155.621 272.762 398.727 538.492 674.678
5.76205 156.621 274.776 401.671 542.492 679.678
5.76205 157.747 276.751 404.671 546.392 684.678
5.76205 158.873 278.726 407.671 550.291 689.678
5.76205     160 280.704 410.671 554.291 694.572
5.80077 161.075  282.59 413.671 558.291 699.572
5.80077 162.075 284.614 416.634 562.291 704.584
5.84195 163.075 286.614 419.592 566.291 709.586
5.84195 164.199 288.589 422.592 570.193 714.586
5.84195 165.334 290.589 425.514 574.193 719.528
5.88221 166.334 292.592 428.514  578.15 724.528
5.92017 167.408  294.48 431.514  582.15 729.528
5.96061 168.408  296.48 434.514 586.126 734.511
5.96061 169.408 298.497 437.514 590.113 739.507
 5.9997 170.519 300.497 440.514 594.113 744.357
6.03967 171.519 302.499 443.514 598.113 749.315
6.07741 172.591 304.389 446.514 602.113 754.315
6.07741 173.712 306.367 449.415 606.113 759.315
6.07741 174.834 308.344 452.316 610.113 764.315
6.07741 175.953 310.319 455.316  614.02 769.315
6.07741 177.084 312.319 458.242  618.02 774.259
6.11634 178.084 314.319 461.242  622.02 779.219
6.11634 179.084 316.335 464.242 626.008 784.215
6.15404 180.187 318.335 467.242 629.866 789.215
6.19171  181.29 320.335 470.102 633.866 794.215
6.19171 182.417 322.335 473.102 637.805  799.15
6.19171 183.536 324.312 476.102 641.805 804.053
6.19171 184.664 326.312 479.029 645.805 808.997
6.23003 185.664 328.312 481.994 649.802 813.997
 6.2683 186.664 330.312 484.955 653.802 818.998
6.30657 187.664 332.312 487.916 657.802 823.999
6.34472 188.664 334.312 490.916  661.78 828.982
6.34472 189.781 336.291 493.916  665.78 833.888
6.34472 190.781 338.306 496.916 669.769 838.884
6.38224 191.781 340.306 499.916 673.769 843.845
6.41881  192.88 342.306  502.78 677.769 848.845
6.45538 193.979 344.306 505.645 681.769 853.845
6.49307 194.979 346.317 508.597 685.769 858.845
6.49307 195.979 348.331 511.597 689.758 863.841
6.49307 196.979 350.354 514.568 693.764 868.841
6.49307 197.979 352.369 517.568 697.754 873.838
6.53011 198.979 354.379 520.521 701.754 878.838
6.53011 200.099 356.379 523.451 705.704 883.838
6.53011 201.219 358.379 526.382 709.704 888.786
6.56657 202.219  360.38 529.382 713.666 893.786
6.56657 203.328 362.357 532.382 717.581 898.786
6.56657 204.328 364.371 535.382  721.57 903.783
6.60179 205.424 366.371 538.382 725.439 908.783
6.60179 206.542 368.371 541.313 729.389 913.783
6.60179 207.542 370.394 544.286 733.394 918.783
6.60179  208.66 372.394 547.217 737.344 923.783
6.60179 209.768 374.371 550.217 741.259 928.783
6.60179 210.768 376.391 553.186 745.259 933.794
 6.6372 211.768 378.391 556.153 749.257 938.794
6.67256 212.768 380.391 559.116 753.257 943.796
6.70686 213.862 382.391 562.116 757.129 948.796
6.70686 214.862 384.391  565.09 761.134 953.816
6.74203 215.862 386.391 568.054 765.134 958.817
6.74203 216.977 388.391 570.987 769.086 963.817
6.74203 218.082 390.369 573.987 773.003 968.817
6.77683 219.082 392.369 576.951 777.003 973.819
 6.8117 220.082 394.369 579.919     781 978.819
6.84656 221.082 396.369 582.887 784.997 983.819
6.88033 222.172 398.369 585.762 788.997 988.819
6.88033 223.277  400.35 588.676 792.997 993.819
6.91396 224.369  402.35 591.676 796.872 998.819
6.91396 225.369 404.364 594.676  800.86 1003.82
 6.9474 226.459 406.364 597.552  804.86 1008.82
6.98174 227.459 408.364 600.552 808.839  1013.8
6.98174 228.568 410.364 603.552 812.784 1018.75
6.98174 229.671 412.344 606.552 816.784 1023.67
6.98174 230.781 414.344 609.552  820.73 1028.61
7.01569 231.781 416.344 612.516  824.73 1033.61
7.01569 232.781 418.344 615.491 828.735 1038.63
7.01569 233.883 420.326 618.407 832.735 1043.63
7.01569 234.994 422.326 621.342 836.735 1048.59
7.01569 236.095 424.305 624.342 840.656 1053.59
7.04723 237.156 426.212 627.342 844.656 1058.59
7.08058 238.156 428.212 630.311 848.653 1063.59
7.08058 239.156 430.233 633.286 852.658 1068.59
 7.1135 240.156 432.233 636.286 856.658 1073.55
 7.1135 241.264 434.233 639.222 860.658 1078.51
7.14628 242.264 436.234 642.222 864.624 1083.51
7.14628 243.372 438.234  645.16 868.579 1088.51
7.14628 244.372 440.251  648.13 872.579 1093.52
7.14628 245.372 442.269 651.101 876.579 1098.53
7.17801 246.462 444.269 654.101 880.579 1103.41
7.21035 247.462  446.27 657.101 884.545 1108.41
7.24121 248.521  448.18 660.101 888.545 1113.41
7.24121 249.625  450.18 663.101 892.493 1118.36
7.24121 250.724 452.161 666.101 896.493 1123.28
7.24121  251.83 454.161 669.039 900.449 1128.28
7.27309  252.83 456.161 672.039 904.449 1133.25
7.27309 253.928 458.142 675.039 908.449 1138.17
7.27309 254.928 460.154 678.039 912.438 1143.17
7.30484 255.928 462.163 680.999 916.438 1148.17
7.30484 257.024 464.142 683.999 920.363 1153.17
7.30484 258.129 466.142 686.939 924.319 1158.17
7.33639 259.129 468.142 689.906 928.319 1163.17
7.36709 260.213 470.142 692.906 932.203 1168.17
7.36709 261.213 472.154 695.906 936.193 1173.17
7.39692 262.271 474.066 698.906 940.193 1178.17
7.42814 263.271 476.067 701.906 944.161 1183.17
7.45934 264.271 478.066 704.906 948.161 1188.14
7.45934 265.373 480.066 707.846 952.161 1193.09
7.48906 266.431 481.979 710.846 956.161 1198.09
7.51948 267.513 483.979 713.734 960.161 1203.09
7.51948 268.513 485.998 716.711 964.165 1208.09
7.51948 269.608 487.979 719.711 968.165 1213.02
7.51948 270.701 489.958 722.711 972.092 1218.02
7.51948 271.803 491.958 725.652 976.049 1223.02
7.51948 272.803 493.969 728.652 980.039 1228.02
7.51948 273.897 495.951 731.576 984.039 1233.02
7.51948 274.897 497.969 734.553 988.043 1238.02
7.51948 275.897  499.98 737.553 992.033 1243.02
7.51948 276.998  501.98 740.495  995.99 1248.02
7.54883 278.079  503.98 743.385  999.99 1253.02
7.57877 279.079 505.979 746.385 1003.99 1257.99
7.57877 280.079  507.99 749.385 1007.98 1262.99
 7.6086 281.079 509.989 752.385 1011.98 1267.96
 7.6086 282.079     512 755.385 1015.97 1272.96
 7.6086 283.178     514 758.327 1019.97 1277.92
 7.6382 284.178     516 761.327 1023.97 1282.89
7.66721 285.257     518 764.219 1027.97 1287.89
7.69703 286.257     520 767.191 1031.97 1292.89
7.69703 287.257     522 770.168 1035.97  1297.9
7.72529 288.312 523.916 773.168 1039.97  1302.9
7.75477 289.312 525.916 776.168 1043.97 1307.88
7.78376 290.394 527.916 779.168 1047.97 1312.77
7.81342 291.394 529.916 782.137 1051.97 1317.77
7.84311 292.394 531.916 785.109 1055.97 1322.77
7.87202 293.471 533.916 788.003 1059.97 1327.77
7.87202  294.56 535.896 791.003  1063.9 1332.77
7.87202  295.56 537.911 793.977  1067.9 1337.78
7.90129  296.56 539.911 796.977 1071.87 1342.78
7.90129  297.56 541.921 799.977 1075.86 1347.78
7.92989 298.637 543.921 802.977 1079.76 1352.78
7.95921 299.637 545.921 805.946 1083.76 1357.78
7.95921 300.732 547.921 808.891 1087.72 1362.78
7.95921  301.82 549.903 811.891 1091.72 1367.71
7.98698 302.873 551.822 814.891 1095.72 1372.71
8.01593 303.873 553.822 817.891 1099.69 1377.71
8.01593 304.959 555.802 820.891 1103.62 1382.71
8.01593 305.959 557.819  823.87 1107.63 1387.71
8.01593 306.959 559.819 826.848 1111.63 1392.73
8.04464 307.959 561.819 829.848 1115.61 1397.72
8.07327 308.959 563.818 832.848 1119.61 1402.69
8.10205 309.959 565.818 835.818 1123.61 1407.69
8.10205 311.052 567.818 838.764 1127.61 1412.65
8.10205 312.143 569.818 841.764 1131.57 1417.61
8.10205 313.143 571.832 844.739 1135.57 1422.62
8.10205 314.228 573.813 847.739  1139.5 1427.62
8.13027 315.228 575.812 850.739  1143.5 1432.59
8.15851 316.228 577.812 853.739 1147.47 1437.59
8.15851 317.228 579.826 856.715 1151.47  1442.6
8.15851 318.312 581.808 859.715 1155.47 1447.53
8.15851 319.396  583.79 862.715 1159.41 1452.53
8.18601 320.473  585.79 865.715 1163.41 1457.43
8.18601 321.564  587.79 868.662 1167.41 1462.39
8.21334 322.637  589.79 871.561 1171.41 1467.39
8.21334 323.637 591.803 874.537 1175.41  1472.4
8.24108 324.637 593.802 877.537 1179.41 1477.37
8.26898 325.637 595.802 880.508 1183.41 1482.37
8.29681 326.637 597.802 883.508 1187.39 1487.36
8.32406  327.71 599.802 886.508 1191.29 1492.36
8.32406  328.71 601.812 889.508 1195.28 1497.36
8.35171  329.71 603.811 892.508 1199.28 1502.34
8.37935  330.71  605.81 895.508 1203.28 1507.31
8.40711  331.71 607.816 898.474 1207.28 1512.31
8.43486  332.71 609.822  901.44 1211.28 1517.31
8.43486  333.71 611.836 904.416 1215.28 1522.32
8.43486 334.792  613.82 907.349 1219.28 1527.32
8.43486 335.881  615.82 910.298 1223.25 1532.32
8.46183 336.954  617.82 913.298 1227.25 1537.22
8.48939 337.954  619.82 916.273 1231.24 1542.22
8.51692 338.954  621.82 919.245 1235.24 1547.22
8.51692 340.042  623.82 922.194 1239.24 1552.18
8.51692 341.042 625.834  925.17 1243.24 1557.19
8.51692 342.129 627.834  928.12 1247.21 1562.19
8.51692 343.209 629.816  931.12 1251.14 1567.19
8.54349  344.28 631.816  934.12 1255.05 1572.19
8.57004  345.35 633.816 937.023 1259.05 1577.19
8.59707  346.35 635.815 940.023 1263.05 1582.17
8.62411  347.35 637.815 943.023 1267.02 1587.17
8.65014 348.398  639.74 946.023 1271.02 1592.17
8.67725 349.398  641.74 949.023    1275 1597.16
8.67725 350.478 643.724 952.023    1279 1602.09
 8.7042 351.478 645.723 955.023    1283 1607.07
 8.7042 352.559 647.707 957.958    1287 1612.07
 8.7042 353.639 649.692 960.893    1291 1617.07
 8.7042 354.719 651.676 963.828    1295 1622.07
 8.7042 355.719 653.689 966.806    1299 1627.08
8.73089 356.719 655.689 969.806 1302.99 1632.07
8.73089 357.719 657.689 972.786 1306.99 1637.08
8.75697 358.788 659.689 975.786  1310.9 1642.08
8.75697 359.866 661.672 978.786 1314.84 1647.08
8.78298 360.935 663.672 981.786 1318.74 1652.08
8.78298 361.935 665.687 984.767 1322.74 1657.08
8.78298  363.02 667.687 987.718 1326.71 1662.08
8.80945  364.02 669.687 990.694 1330.71 1667.08
8.83536  365.09 671.687 993.694 1334.71 1671.99
8.86127 366.161 673.687 996.694 1338.71 1676.89
8.86127 367.161 675.687 999.675 1342.71 1681.91
8.88655 368.208 677.614 1002.67 1346.71 1686.91
8.91289 369.208 679.614 1005.65 1350.71 1691.91
8.91289 370.208 681.629 1008.63 1354.71 1696.91
8.91289 371.208 683.641 1011.61 1358.71 1701.92
8.91289 372.285 685.624 1014.61 1362.65 1706.92
8.93895 373.285 687.624 1017.61 1366.64 1711.91
8.93895 374.362 689.608 1020.61 1370.64 1716.85
8.96442 375.429 691.608 1023.51 1374.64 1721.85
8.96442  376.51 693.608 1026.51  1378.6 1726.81
8.99038  377.51 695.608 1029.49  1382.6 1731.81
9.01634  378.51 697.608 1032.46  1386.6 1736.81
9.04174 379.576 699.608 1035.37  1390.6 1741.81
9.04174 380.576 701.616 1038.37 1394.59 1746.81
9.06757 381.576 703.616 1041.37 1398.57  1751.8
9.09296 382.645 705.616 1044.37 1402.57  1756.7
9.09296 383.725 707.616 1047.37 1406.53 1761.66
9.09296   384.8 709.599 1050.37 1410.47 1766.66
9.09296   385.8 711.613 1053.35 1414.48 1771.66
9.11809 386.867 713.613 1056.35 1418.39 1776.66
9.14321 387.932 715.613 1059.26 1422.39 1781.66
9.14321 388.932 717.613 1062.24 1426.39 1786.68
9.14321 389.932 719.622 1065.24 1430.38 1791.68
 9.1686 390.932  721.62 1068.24 1434.38 1796.65
 9.1686 392.007 723.605 1071.24 1438.38  1801.6
 9.1686 393.081 725.588 1074.24 1442.33  1806.6
 9.1686 394.081   727.6 1077.22 1446.33  1811.6
 9.1686 395.162   729.6 1080.17 1450.33 1816.57
 9.1686 396.242   731.6 1083.13 1454.29 1821.57
9.19373 397.242 733.605  1086.1 1458.29 1826.57
9.19373 398.323 735.605 1089.05 1462.26 1831.57
9.19373 399.323 737.613 1092.05 1466.25 1836.57
 9.2183  400.39 739.613 1095.05 1470.25 1841.48
9.24282 401.455 741.613 1098.05 1474.16 1846.48
9.26733 402.519 743.613 1100.96 1478.16 1851.48
9.29239 403.519 745.613 1103.94 1482.16 1856.48
9.31745 404.519 747.613 1106.92 1486.15 1861.48
9.31745 405.519 749.622 1109.92 1490.15 1866.48
9.31745 406.519 751.633 1112.89 1494.15 1871.49
9.31745 407.519 753.642 1115.89 1498.14 1876.49
9.34231 408.519 755.642 1118.87 1502.14 1881.49
9.36704 409.519 757.641 1121.87 1506.11 1886.49
9.36704 410.593 759.627 1124.81 1510.11 1891.49
9.36704 411.593 761.635 1127.81  1514.1 1896.49
9.39177 412.593 763.635 1130.79  1518.1 1901.49
9.41642 413.593 765.635 1133.79 1522.09 1906.48
9.41642 414.593 767.643 1136.79 1526.08 1911.48
9.41642 415.593 769.657 1139.77 1530.08 1916.48
9.44007 416.636  771.59 1142.77 1534.08 1921.48
9.44007 417.713  773.59 1145.73 1538.08 1926.45
9.44007 418.785 775.575 1148.73 1542.08 1931.39
9.46451 419.785 777.575  1151.7 1546.08 1936.39
9.48884 420.785 779.574  1154.7 1550.08 1941.37
9.48884 421.857  781.56 1157.64 1554.08 1946.37
9.48884 422.929 783.545 1160.64 1558.08 1951.31
9.51225 423.972 785.478 1163.64 1562.08 1956.31
9.53608 425.035 787.478 1166.64 1565.99 1961.31
9.53608 426.035 789.491 1169.63    1570 1966.31
 9.5603 427.035 791.496  1172.6    1574 1971.31
9.58412 428.099 793.496  1175.6    1578 1976.22
9.60833 429.099 795.496  1178.6 1581.98 1981.22
9.63248 430.099 797.496  1181.6 1585.96 1986.22
 9.6563 431.162 799.496  1184.6 1589.96 1991.13
9.68055 432.162 801.496 1187.57 1593.96 1996.13
9.68055 433.238 803.496 1190.53 1597.93 2001.13
9.68055 434.314 805.496 1193.48 1601.93  2006.1
9.68055 435.385 807.482 1196.43 1605.93  2011.1
9.68055 436.459 809.482 1199.43 1609.89 2016.06
9.68055 437.459 811.482 1202.41 1613.89 2021.07
9.68055 438.459  813.49 1205.41 1617.89 2026.07
9.68055  439.53 815.476 1208.35 1621.89 2031.07
9.68055  440.53 817.483 1211.35 1625.88 2036.07
9.70391 441.593 819.483 1214.35 1629.88 2040.99
9.70391 442.593 821.496 1217.34 1633.88 2045.99
9.70391 443.662 823.482 1220.34 1637.88 2050.93
9.72711 444.723 825.482 1223.25 1641.88 2055.93
 9.7499 445.765 827.417 1226.25 1645.88 2060.93
 9.7731 446.826 829.417 1229.25  1649.8 2065.93
9.79673 447.826 831.422 1232.22  1653.8 2070.93
9.79673 448.826 833.433  1235.2  1657.8 2075.94
9.82035 449.826 835.433 1238.18  1661.8 2080.94
 9.8435 450.886 837.433 1241.18 1665.71 2085.94
 9.8435 451.959 839.433 1244.18 1669.68  2090.9
9.86663 453.021 841.433 1247.18 1673.68 2095.82
9.86663 454.095 843.433 1250.14 1677.65 2100.82
9.88927 455.137 845.368 1253.14 1681.65 2105.82
9.88927 456.206 847.353 1256.14 1685.65 2110.76
9.91267 457.206 849.358 1259.11 1689.65 2115.76
 9.9357 458.268 851.358 1262.11 1693.65 2120.68
 9.9357 459.268 853.358  1265.1 1697.65 2125.69
9.95867  460.33 855.358  1268.1 1701.65 2130.61
9.98204  461.33 857.358 1271.07 1705.65 2135.61
9.98204 462.399 859.344 1274.02 1709.65 2140.61
10.0053 463.399 861.349 1276.99 1713.65 2145.61
10.0286 464.399 863.349 1279.97 1717.65 2150.61
10.0286 465.472 865.349 1282.92 1721.62 2155.61
10.0286 466.472 867.356 1285.92 1725.61 2160.61
10.0518 467.472 869.356 1288.92 1729.59 2165.61
10.0518 468.472 871.368 1291.91 1733.59 2170.61
10.0518  469.54 873.354 1294.91 1737.59 2175.55
10.0748  470.54 875.353 1297.91 1741.57 2180.55
10.0748 471.607 877.338 1300.91 1745.52 2185.55
10.0977 472.607 879.336 1303.91 1749.52 2190.53
10.0977 473.673 881.321 1306.91 1753.47 2195.53
10.1207 474.673 883.321 1309.88 1757.47 2200.53
10.1207 475.741 885.307 1312.83 1761.47 2205.53
10.1207 476.808 887.293 1315.83 1765.47 2210.48
10.1435 477.808 889.292 1318.83 1769.47 2215.46
10.1664 478.808 891.292 1321.83 1773.45 2220.45
10.1889 479.868 893.292 1324.83 1777.45 2225.37
10.2114 480.929 895.292 1327.83 1781.45 2230.28
10.2114     482 897.292 1330.79 1785.42 2235.28
10.2114 483.066 899.276 1333.79 1789.37 2240.28
10.2114 484.137 901.276 1336.79 1793.34 2245.25
10.2114 485.204 903.263 1339.73 1797.34 2250.25
10.2114 486.204 905.273 1342.72 1801.34 2255.26
10.2114 487.204 907.285  1345.7 1805.34 2260.26
 10.234 488.204 909.285 1348.68 1809.34 2265.26
 10.234 489.204 911.285 1351.66 1813.35 2270.27
10.2562 490.264 913.285 1354.66 1817.35 2275.19
10.2787 491.264  915.29 1357.63 1821.35 2280.19
10.3008 492.323  917.29 1360.63 1825.35 2285.11
10.3008 493.323   919.3 1363.62 1829.35 2290.11
10.3008 494.394   921.3 1366.58 1833.32 2295.11
10.3229 495.451   923.3  1369.5 1837.32 2300.11
10.3453 496.451   925.3  1372.5  1841.3  2305.1
10.3453  497.52   927.3  1375.5 1845.27 2310.07
10.3453 498.589   929.3  1378.5 1849.23 2315.03
10.3668 499.629 931.238  1381.5 1853.23 2320.03
10.3888 500.686 933.238 1384.42 1857.23 2325.03
10.4111 501.686 935.238  1387.4 1861.23 2330.03
10.4111 502.686 937.238 1390.38 1865.24 2335.05
 10.433 503.742 939.238  1393.3 1869.24 2340.05
 10.433 504.811 941.238  1396.3  1873.2 2345.01
 10.433 505.811 943.248 1399.29  1877.2 2350.02
 10.433 506.811 945.248 1402.27  1881.2 2355.03
 10.433 507.876 947.235 1405.22  1885.2 2360.03
 10.433 508.941 949.222 1408.22  1889.2 2364.98
10.4547     510 951.222 1411.22  1893.2  2369.9
10.4764 511.059 953.222 1414.22  1897.2 2374.82
10.4764 512.128 955.222 1417.18 1901.18 2379.82
10.4764 513.128 957.228 1420.18 1905.17 2384.82
10.4983 514.128 959.233 1423.15 1909.17 2389.82
10.5203 515.128 961.233 1426.13 1913.17 2394.82
10.5203 516.128 963.239 1429.13 1917.16 2399.82
10.5203 517.197 965.239 1432.09 1921.16 2404.79
10.5422 518.197 967.239 1435.07 1925.16 2409.79
10.5422 519.266 969.239 1438.03 1929.13 2414.79
10.5422 520.266 971.246 1441.03 1933.13 2419.79
10.5422 521.266 973.253 1444.03 1937.12 2424.79
10.5639 522.266 975.253 1447.01 1941.12 2429.79
10.5853 523.322 977.253 1450.01 1945.04 2434.79
10.5853  524.39 979.253 1452.97 1949.01 2439.79
10.6069  525.39 981.253 1455.97    1953 2444.78
10.6069  526.39 983.259 1458.97    1957 2449.78
10.6286  527.39 985.259 1461.97 1960.98 2454.77
10.6502  528.39 987.259 1464.95 1964.98 2459.77
10.6718  529.39 989.258 1467.95 1968.98 2464.75
10.6933  530.39 991.257 1470.95 1972.96 2469.75
10.7149  531.39 993.257 1473.95 1976.95 2474.74
10.7366  532.39 995.257 1476.93 1980.95 2479.74
10.7582  533.39 997.256 1479.93 1984.93 2484.74
10.7582 534.453 999.244 1482.88 1988.93 2489.74
10.7582 535.516 1001.23 1485.88 1992.93 2494.69
 10.779 536.554 1003.17 1488.88 1996.93 2499.69
 10.779 537.621 1005.17 1491.84 2000.93 2504.66
10.8002 538.678 1007.17 1494.84 2004.93 2509.59
10.8217 539.678 1009.17 1497.84 2008.91 2514.59
10.8431 540.678 1011.17 1500.84 2012.91 2519.57
10.8643 541.734 1013.17 1503.84 2016.91 2524.49
10.8643   542.8 1015.17 1506.84 2020.87 2529.46
10.8857   543.8 1017.17 1509.84 2024.86 2534.45
10.8857 544.867 1019.17  1512.8 2028.86 2539.42
10.9064 545.905 1021.11  1515.8 2032.86 2544.42
10.9064  546.97 1023.11  1518.8 2036.83 2549.38
10.9064 548.032  1025.1  1521.8 2040.83 2554.34
10.9064 549.032  1027.1  1524.8 2044.82 2559.33
10.9064 550.032  1029.1 1527.78 2048.83 2564.35
10.9064 551.032 1031.11 1530.78 2052.82 2569.34
10.9276 552.032 1033.11 1533.78  2056.8 2574.34
10.9276 553.032 1035.12 1536.77  2060.8 2579.35
10.9276 554.032 1037.13 1539.75  2064.8 2584.36
10.9486 555.032 1039.13 1542.75 2068.78 2589.36
10.9486 556.097 1041.13 1545.75 2072.75 2594.33
10.9486 557.163 1043.13 1548.71 2076.75  2599.3
10.9697 558.163 1045.13 1551.69 2080.75  2604.3
10.9697 559.227 1047.13 1554.69 2084.72 2609.27
10.9697 560.227 1049.14 1557.67 2088.72 2614.27
10.9697 561.288 1051.13 1560.67 2092.67 2619.27
10.9697 562.288 1053.13 1563.67 2096.67 2624.27
10.9903 563.343 1055.13 1566.67 2100.67  2629.2
10.9903 564.343 1057.14 1569.66 2104.67  2634.2
10.9903 565.343 1059.14 1572.64 2108.67 2639.21
11.0107 566.395 1061.14 1575.57 2112.67 2644.21
11.0312 567.448 1063.14 1578.57  2116.6 2649.21
11.0312 568.448 1065.15 1581.56  2120.6 2654.21
11.0519 569.448 1067.15 1584.56 2124.58 2659.21
11.0727 570.448 1069.15 1587.54 2128.58 2664.21
11.0727 571.448 1071.16 1590.52 2132.58 2669.21
11.0727 572.512 1073.16 1593.49 2136.56 2674.21
11.0727 573.572 1075.15 1596.49 2140.51 2679.21
 11.093 574.624 1077.15 1599.49 2144.44 2684.21
11.1133 575.676 1079.15 1602.41 2148.44 2689.21
11.1133 576.676 1081.15  1605.4 2152.44 2694.22
11.1133 577.676 1083.16 1608.39 2156.44 2699.22
11.1133 578.676 1085.16 1611.37 2160.45 2704.23
11.1332 579.713 1087.11 1614.37 2164.45 2709.23
11.1332 580.772 1089.09 1617.37 2168.45 2714.18
11.1332 581.832 1091.08 1620.32 2172.45 2719.18
11.1533 582.884 1093.08 1623.32 2176.38 2724.18
11.1732 583.921 1095.02 1626.32 2180.38 2729.18
11.1936 584.921 1097.03  1629.3 2184.38 2734.18
11.1936 585.985 1099.03 1632.26 2188.38 2739.15
11.1936 587.045 1101.02 1635.22 2192.38 2744.15
11.1936 588.045 1103.02 1638.22 2196.37 2749.15
11.2136 589.096 1105.02 1641.14 2200.37 2754.15
11.2136  590.16 1107.02 1644.11 2204.37 2759.13
11.2337 591.213 1109.02 1647.11 2208.37 2764.05
11.2337 592.277 1111.02 1650.07 2212.37 2769.03
11.2539 593.277 1113.02 1653.07 2216.35 2774.03
11.2742 594.277 1115.02 1656.05 2220.35 2779.03
11.2945 595.277 1117.02 1659.04 2224.35 2784.03
11.3144 596.328 1119.02 1661.96 2228.35 2789.03
11.3346 597.328 1121.02 1664.96 2232.35 2794.01
11.3546 598.381 1123.02 1667.96 2236.35 2798.93
11.3745 599.432 1125.02 1670.89 2240.35 2803.93
11.3945 600.483 1127.02 1673.89 2244.28 2808.93
11.4141 601.519 1128.96 1676.89 2248.28 2813.93
11.4341 602.572 1130.96 1679.89 2252.28 2818.86
11.4544 603.572 1132.96 1682.89 2256.26 2823.85
11.4544 604.631 1134.95 1685.89 2260.26 2828.81
11.4743 605.682 1136.95 1688.82 2264.26 2833.81
11.4942 606.733 1138.95 1691.75 2268.26 2838.81
11.5141 607.783 1140.95 1694.68 2272.26 2843.81
11.5141 608.846 1142.95 1697.65 2276.26 2848.78
11.5141 609.846 1144.95 1700.63 2280.27 2853.79
11.5339 610.897 1146.95 1703.63  2284.2 2858.79
11.5541 611.897 1148.95 1706.61 2288.19 2863.79
11.5737 612.933  1150.9 1709.61 2292.19 2868.79
11.5935 613.983  1152.9 1712.61 2296.12 2873.79
11.6131 615.019 1154.84 1715.61 2300.12 2878.79
11.6131 616.082 1156.84 1718.58  2304.1 2883.79
11.6332 617.082 1158.84 1721.55  2308.1 2888.79
11.6332 618.082 1160.85 1724.54  2312.1  2893.8
11.6332 619.144 1162.85  1727.5  2316.1 2898.77
11.6529 620.194 1164.85 1730.43  2320.1 2903.77
11.6529 621.194 1166.86 1733.43 2324.09 2908.77
11.6529 622.194 1168.86 1736.42  2328.1 2913.78
11.6726 623.244 1170.86 1739.42 2332.03 2918.78
11.6923 624.297 1172.86 1742.42 2336.03 2923.71
11.7122 625.297 1174.86 1745.42 2340.01 2928.71
11.7122 626.297 1176.86  1748.4 2344.01 2933.72
11.7319 627.346 1178.86 1751.33 2348.01 2938.72
11.7319 628.404 1180.84 1754.33 2352.01 2943.67
11.7515 629.454 1182.84 1757.33 2355.94 2948.67
11.7713 630.454 1184.84 1760.33 2359.93 2953.67
11.7912 631.454 1186.84 1763.33 2363.91 2958.67
11.7912 632.454 1188.85 1766.32 2367.91 2963.67
11.8105 633.489  1190.8 1769.32 2371.91 2968.67
11.8301 634.539  1192.8 1772.32 2375.84 2973.67
11.8301 635.596 1194.78 1775.32  2379.8 2978.67
11.8499 636.596 1196.79  1778.3  2383.8 2983.67
11.8695 637.646 1198.79  1781.3 2387.73 2988.67
 11.889 638.695 1200.79  1784.3 2391.66 2993.67
11.9085 639.745 1202.79  1787.3 2395.59 2998.67
11.9284 640.745 1204.79 1790.28 2399.59 3003.67
11.9284 641.745 1206.79 1793.28 2403.58 3008.67
11.9284 642.745  1208.8 1796.28 2407.58 3013.67
11.9284 643.801 1210.79 1799.28 2411.53 3018.67
11.9481 644.801 1212.78 1802.28 2415.51 3023.67
11.9676 645.852 1214.78 1805.28 2419.51  3028.6
11.9873 646.852 1216.78 1808.26 2423.51  3033.6
11.9873 647.852 1218.79 1811.25 2427.52  3038.6
11.9873 648.912 1220.79 1814.25 2431.49 3043.57
12.0067 649.963 1222.79 1817.25 2435.49  3048.5
12.0262 651.014 1224.79 1820.25 2439.49 3053.43
12.0262 652.014 1226.79 1823.23 2443.49 3058.44
12.0262 653.014  1228.8 1826.23 2447.49 3063.44
12.0458 654.014  1230.8 1829.21 2451.49 3068.44
12.0654 655.014  1232.8 1832.21 2455.49 3073.42
12.0654 656.073  1234.8 1835.21 2459.46 3078.39
12.0849 657.073  1236.8 1838.19 2463.46 3083.39
12.1045 658.073  1238.8 1841.19 2467.46 3088.38
12.1238 659.122  1240.8 1844.19 2471.39 3093.38
12.1238 660.182  1242.8 1847.16 2475.36 3098.38
12.1428 661.216 1244.74 1850.16 2479.36 3103.38
12.1428 662.272 1246.73 1853.16 2483.32 3108.38
12.1428 663.272 1248.73 1856.15 2487.32 3113.39
12.1428 664.272 1250.74 1859.13 2491.32 3118.39
12.1622 665.272 1252.74 1862.13 2495.32 3123.38
12.1622 666.272 1254.74 1865.12 2499.32 3128.38
12.1816 667.272 1256.74 1868.12 2503.31 3133.37
12.1816 668.327 1258.73 1871.12 2507.27 3138.37
12.1816 669.327 1260.73  1874.1 2511.27 3143.38
12.1816 670.382 1262.72  1877.1 2515.23 3148.38
12.2006  671.43 1264.72  1880.1 2519.16 3153.38
12.2006 672.489 1266.72 1883.07 2523.16 3158.36
12.2006 673.545 1268.71 1886.03 2527.16 3163.36
12.2199 674.545 1270.71 1889.01 2531.16 3168.36
12.2392 675.545 1272.71 1891.99 2535.16 3173.36
12.2392 676.545 1274.72 1894.98 2539.16 3178.36
12.2584 677.545 1276.72 1897.96 2543.16 3183.36
12.2777 678.545 1278.72 1900.94 2547.16 3188.36
 12.297 679.545 1280.72 1903.92 2551.16 3193.36
 12.297   680.6 1282.71 1906.88 2555.16 3198.36
12.3161   681.6 1284.71 1909.88 2559.15 3203.35
12.3161 682.654 1286.69 1912.88 2563.11 3208.35
 12.335 683.702 1288.69 1915.88 2567.04 3213.35
12.3542 684.702  1290.7 1918.85 2571.04 3218.35
12.3542 685.757 1292.68 1921.81 2575.04 3223.35
12.3542 686.757 1294.69  1924.8 2579.04 3228.36
12.3733 687.757 1296.69  1927.8 2583.04 3233.34
12.3733 688.811 1298.68  1930.8    2587 3238.34
12.3924 689.811 1300.68 1933.78    2591 3243.34
12.4115 690.811 1302.68 1936.76    2595 3248.34
12.4115 691.865 1304.67 1939.76    2599  3253.3
12.4305 692.865 1306.67 1942.76 2602.99 3258.29
12.4305 693.865 1308.67 1945.74 2606.99  3263.3
12.4305 694.919 1310.65  1948.7 2610.99  3268.3
12.4493 695.966 1312.65 1951.64 2614.99  3273.3
12.4682 696.966 1314.65 1954.64 2618.99 3278.28
 12.487 698.015 1316.65 1957.64 2622.99 3283.22
 12.487 699.015 1318.66 1960.62    2627 3288.22
 12.487 700.072 1320.66 1963.59 2630.97 3293.22
 12.487 701.072 1322.67 1966.59 2634.97 3298.22
12.5058 702.072 1324.67 1969.59 2638.97  3303.2
12.5058  703.13 1326.67 1972.56 2642.94  3308.2
12.5058 704.184 1328.65 1975.51 2646.94  3313.2
12.5058 705.242 1330.65 1978.48 2650.94 3318.17
12.5246 706.242 1332.65 1981.48 2654.94 3323.16
12.5246 707.295 1334.64 1984.48 2658.94 3328.12
12.5434 708.295 1336.64 1987.46 2662.94 3333.12
12.5622 709.295 1338.64 1990.44 2666.94 3338.12
12.5622 710.295 1340.64 1993.43 2670.94 3343.13
 12.581 711.295 1342.64 1996.43 2674.93 3348.13
 12.581 712.353 1344.64  1999.4  2678.9 3353.13
 12.581 713.409 1346.64  2002.4 2682.87  3358.1
 12.581 714.462 1348.63  2005.4 2686.87 3363.06
 12.581 715.515 1350.62  2008.4 2690.87 3368.01
12.5994 716.562 1352.62  2011.4 2694.81 3373.01
12.6177 717.608 1354.62 2014.33 2698.81 3378.01
12.6177 718.608 1356.63 2017.32 2702.81 3383.02
12.6177 719.608 1358.63  2020.3 2706.81 3388.03
12.6363 720.608 1360.63 2023.28 2710.81 3393.03
12.6363 721.608 1362.64 2026.28 2714.81 3398.03
12.6547 722.654 1364.64 2029.28 2718.74 3403.03
12.6547 723.707 1366.62 2032.24 2722.74 3408.03
12.6547 724.764 1368.62 2035.21 2726.72 3413.03
12.6727 725.796 1370.57 2038.21 2730.72 3418.03
 12.691 726.844 1372.57 2041.21 2734.72 3422.96
12.7095 727.844 1374.57 2044.19 2738.72 3427.96
12.7278  728.89 1376.57 2047.19 2742.65 3432.96
12.7463  729.89 1378.57 2050.19 2746.65 3437.95
12.7645 730.936 1380.57 2053.19 2750.59 3442.95
12.7645 731.936 1382.58 2056.18 2754.59 3447.95
12.7645 732.992 1384.58 2059.15 2758.57 3452.95
12.7645 734.048 1386.58 2062.15 2762.54 3457.92
12.7645 735.048 1388.59 2065.13 2766.54 3462.92
12.7645 736.104 1390.59  2068.1 2770.52 3467.92
12.7645  737.16 1392.59 2071.07  2774.5 3472.92
12.7829  738.16 1394.59 2074.07 2778.48 3477.91
12.8012  739.16 1396.59 2077.07 2782.47 3482.91
12.8012 740.216 1398.59 2080.07 2786.44 3487.88
12.8195 741.216 1400.59 2083.07 2790.43 3492.88
12.8379 742.216 1402.59 2086.05 2794.43 3497.88
12.8379 743.272 1404.59 2089.02  2798.4 3502.88
12.8379 744.328 1406.59 2091.99  2802.4 3507.85
12.8379  745.38 1408.58 2094.99 2806.36 3512.85
12.8562  746.38 1410.58 2097.97 2810.36 3517.85
12.8744  747.38 1412.58 2100.95 2814.36 3522.85
12.8744  748.38 1414.58 2103.95 2818.36 3527.85
12.8927  749.38 1416.59 2106.93 2822.36 3532.85
12.9104 750.411 1418.54 2109.93 2826.36 3537.85
12.9104 751.411 1420.54 2112.93 2830.35 3542.85
12.9104 752.464 1422.53 2115.89 2834.35 3547.85
12.9104 753.515 1424.52 2118.89 2838.31 3552.85
12.9104 754.515 1426.52 2121.88 2842.31 3557.86
12.9104 755.567 1428.51 2124.88 2846.31 3562.82
12.9104 756.567 1430.51 2127.87 2850.32 3567.83
12.9104 757.618 1432.49 2130.87 2854.28 3572.83
12.9285 758.618  1434.5 2133.85 2858.28 3577.83
12.9285 759.618  1436.5 2136.83 2862.28 3582.84
12.9465 760.618 1438.51 2139.81 2866.28 3587.84
12.9645 761.618 1440.51 2142.81 2870.28 3592.82
12.9825 762.618 1442.51 2145.79 2874.28 3597.82
13.0005 763.618 1444.51 2148.79 2878.27 3602.82
13.0186 764.618 1446.51 2151.77 2882.27 3607.82
13.0366 765.618 1448.51 2154.75 2886.27 3612.82
13.0366 766.618 1450.52 2157.74 2890.27 3617.82
13.0366  767.67 1452.51  2160.7 2894.27 3622.82
13.0366 768.721  1454.5  2163.7 2898.27 3627.78
13.0366 769.774  1456.5  2166.7 2902.24 3632.75
13.0545 770.774  1458.5 2169.68 2906.24 3637.75
13.0545 771.825 1460.49 2172.68  2910.2 3642.75
13.0722 772.869 1462.49 2175.68 2914.14 3647.75
13.0722 773.924 1464.49 2178.65 2918.14 3652.73
13.0722 774.978 1466.49 2181.65 2922.11  3657.7
13.0722 776.032 1468.49 2184.62 2926.11 3662.68
13.0722 777.032 1470.49 2187.61 2930.11 3667.69
13.0722 778.032 1472.49 2190.59 2934.11 3672.69
13.0895 779.063 1474.44 2193.59 2938.11 3677.69
13.0895 780.114 1476.43 2196.59 2942.11 3682.65
13.1073 781.114 1478.43 2199.58 2946.11 3687.65
13.1073 782.167 1480.43 2202.58 2950.09 3692.63
13.1248 783.211 1482.43 2205.52 2954.09 3697.63
13.1421 784.242 1484.38 2208.52 2958.09 3702.63
13.1598 785.242 1486.38  2211.5 2962.09 3707.63
13.1598 786.296 1488.38  2214.5 2966.06  3712.6
13.1598 787.346 1490.37 2217.46 2970.06  3717.6
13.1598 788.401 1492.37 2220.43 2974.04  3722.6
13.1775 789.401 1494.37 2223.41 2978.03  3727.6
13.1775 790.455 1496.37 2226.38 2982.03 3732.58
13.1775 791.509 1498.37 2229.35 2986.03 3737.56
13.1951 792.509 1500.37 2232.35 2990.03 3742.54
13.2123  793.54 1502.32 2235.35 2994.03 3747.54
13.2296 794.583 1504.32 2238.29 2998.03 3752.54
13.2296 795.583 1506.33 2241.29 3002.03 3757.54
 13.247 796.627 1508.33 2244.29 3005.97 3762.54
 13.247 797.681 1510.33 2247.26 3009.94 3767.54
13.2641 798.712 1512.28 2250.26 3013.94 3772.54
13.2814 799.755 1514.28  2253.2 3017.94 3777.54
13.2988 800.798 1516.28 2256.14 3021.94 3782.54
13.2988 801.849 1518.27 2259.14 3025.94  3787.5
13.3159  802.88 1520.22 2262.14 3029.94  3792.5
13.3332 803.925 1522.22 2265.14 3033.94 3797.44
13.3503 804.956 1524.17 2268.14 3037.94 3802.44
13.3676 805.999 1526.17 2271.14 3041.88 3807.44
13.3676 806.999 1528.17 2274.13 3045.89 3812.45
13.3851 807.999 1530.17 2277.13 3049.87 3817.45
13.4022  809.03 1532.12 2280.13 3053.87 3822.45
13.4197  810.03 1534.12 2283.11 3057.87 3827.45
13.4372  811.03 1536.12 2286.09 3061.87 3832.45
13.4545 812.074 1538.12 2289.09 3065.81 3837.45
13.4716 813.104 1540.08 2292.09 3069.81 3842.45
13.4891 814.104 1542.07 2295.09 3073.79 3847.45
13.4891 815.104 1544.08 2298.09 3077.78 3852.45
13.4891 816.158 1546.08 2301.06 3081.76 3857.45
13.4891 817.211 1548.08 2304.03 3085.76 3862.43
13.5065 818.211 1550.08 2307.03 3089.75 3867.43
13.5239 819.211 1552.08 2310.03 3093.74 3872.42
13.5239 820.264 1554.08    2313 3097.74  3877.4
13.5414 821.264 1556.08 2315.98 3101.74  3882.4
13.5414 822.314 1558.07 2318.95 3105.74  3887.4
13.5414 823.314 1560.07 2321.93 3109.74 3892.41
13.5414 824.366 1562.07 2324.93 3113.71 3897.38
13.5587 825.366 1564.07 2327.93  3117.7 3902.38
13.5761 826.366 1566.07 2330.92 3121.69 3907.38
13.5761 827.418 1568.07 2333.92 3125.67 3912.35
13.5761 828.418 1570.07 2336.91 3129.67 3917.36
13.5761 829.418 1572.08 2339.89 3133.67 3922.36
13.5761 830.418 1574.08 2342.88 3137.67 3927.37
13.5761  831.47 1576.08 2345.88 3141.65 3932.35
13.5934  832.47 1578.08 2348.87 3145.65 3937.35
13.6106  833.47 1580.08 2351.87 3149.63 3942.35
13.6278  834.47 1582.08 2354.85 3153.63 3947.35
13.6278 835.521 1584.08 2357.85  3157.6 3952.32
13.6278  836.57 1586.07 2360.85 3161.57 3957.32
 13.645  837.57 1588.07 2363.85 3165.56 3962.31
 13.645  838.57 1590.07 2366.85 3169.55 3967.31
 13.645 839.619 1592.06 2369.81 3173.55 3972.31
13.6618 840.649 1594.02 2372.81 3177.55 3977.31
13.6789 841.649 1596.01 2375.81 3181.55  3982.3
 13.696 842.649 1598.02 2378.79 3185.55  3987.3
 13.696   843.7 1600.02 2381.79 3189.53 3992.27
 13.696 844.752 1602.02 2384.76 3193.53 3997.25
 13.696 845.752 1604.02 2387.75 3197.53 4002.26
13.7131 846.752 1606.01 2390.75 3201.53 4007.25
13.7302 847.752 1608.01 2393.73 3205.53 4012.25
13.7471 848.795 1610.01 2396.73 3209.47 4017.25
 13.764 849.837 1612.01 2399.73 3213.41 4022.25
 13.764 850.837 1614.02 2402.72 3217.41 4027.25
 13.764 851.837 1616.03 2405.71 3221.41 4032.25
13.7808  852.88 1618.03 2408.71 3225.41 4037.19
13.7808 853.931 1620.03 2411.71 3229.38 4042.17
13.7808  854.98 1622.02 2414.71 3233.38 4047.13
13.7979  855.98 1624.02 2417.69 3237.38 4052.13
13.7979  856.98 1626.03 2420.68 3241.39 4057.13
13.7979 858.031 1628.03 2423.68 3245.36  4062.1
13.8148 859.031 1630.03 2426.66 3249.36  4067.1
13.8318 860.031 1632.03 2429.65 3253.36  4072.1
13.8318 861.031 1634.04 2432.64 3257.36  4077.1
13.8488 862.031 1636.04 2435.64 3261.34  4082.1
13.8488 863.031 1638.04 2438.64 3265.34  4087.1
13.8653  864.06 1639.99 2441.64 3269.34  4092.1
13.8822  865.06    1642 2444.62 3273.34  4097.1
13.8822 866.108 1643.99 2447.58 3277.34  4102.1
13.8989 867.151 1645.99 2450.58 3281.34 4107.04
13.9158 868.151 1647.99 2453.58 3285.33 4112.04
13.9327 869.151 1649.98 2456.58 3289.33 4117.02
13.9327 870.199 1651.97 2459.58 3293.33 4121.99
13.9496 871.199 1653.97 2462.57 3297.33 4126.99
13.9496  872.25 1655.97 2465.54 3301.33 4131.96
13.9665  873.25 1657.97 2468.52 3305.33 4136.96
13.9665 874.297 1659.96 2471.52 3309.29 4141.96
13.9665 875.297 1661.96 2474.51 3313.29 4146.97
13.9833 876.297 1663.96 2477.51 3317.29 4151.96
14.0001 877.297 1665.96 2480.51 3321.28 4156.95
14.0001 878.297 1667.96 2483.51 3325.28 4161.95
14.0169 879.297 1669.96 2486.51 3329.27 4166.95
14.0333 880.326 1671.92 2489.51 3333.27 4171.95
14.0333 881.377 1673.92 2492.48 3337.27 4176.93
14.0333 882.424 1675.91 2495.48 3341.27 4181.89
  14.05 883.424 1677.91 2498.48 3345.26 4186.88
  14.05 884.424 1679.91 2501.48 3349.25 4191.88
14.0668 885.424 1681.91 2504.46 3353.25 4196.88
14.0833 886.467 1683.91 2507.46 3357.25 4201.82
14.0833 887.514  1685.9 2510.46 3361.22 4206.82
14.0833 888.514  1687.9 2513.45 3365.22 4211.83
   14.1 889.514  1689.9 2516.45  3369.2 4216.83
   14.1 890.563  1691.9 2519.45 3373.18 4221.81
14.1167 891.563  1693.9 2522.43 3377.18 4226.81
14.1167 892.613  1695.9  2525.4 3381.18 4231.79
 14.133 893.642 1697.86  2528.4 3385.18 4236.79
 14.133 894.692 1699.86 2531.37 3389.16 4241.79
14.1497 895.692 1701.86 2534.36 3393.16 4246.79
14.1497 896.743 1703.86 2537.33 3397.14 4251.79
14.1663 897.743 1705.86 2540.32 3401.13 4256.79
14.1829 898.743 1707.86 2543.32 3405.12 4261.79
14.1993 899.783 1709.86 2546.26 3409.12 4266.79
14.1993 900.783 1711.86 2549.25 3413.12 4271.79
14.2157 901.823 1713.86 2552.25 3417.06 4276.79
14.2319 902.852 1715.82 2555.25 3421.06 4281.79
14.2486 903.852 1717.82 2558.23 3425.06 4286.79
14.2651 904.852 1719.81 2561.23 3429.04 4291.79
14.2651 905.901 1721.81 2564.23 3433.02 4296.77
14.2813  906.93 1723.77 2567.23 3437.02 4301.77
14.2975 907.958 1725.73 2570.23 3441.02 4306.77
14.3141 908.958 1727.73 2573.22 3445.02 4311.77
14.3141 910.005 1729.71 2576.18 3449.02 4316.77
14.3305 911.047 1731.71 2579.18 3453.02 4321.71
14.3305 912.047 1733.72 2582.17 3457.02 4326.72
14.3305 913.047 1735.73 2585.16 3461.02 4331.72
14.3305 914.047 1737.73 2588.15 3465.02 4336.72
14.3305 915.097 1739.73 2591.12    3469 4341.72
14.3466 916.125 1741.68 2594.12    3473 4346.72
14.3466 917.171 1743.67 2597.12 3476.97 4351.72
14.3466 918.171 1745.67 2600.11 3480.97 4356.73
14.3631 919.171 1747.67 2603.11 3484.96 4361.73
14.3791   920.2 1749.63 2606.11 3488.96 4366.73
14.3791   921.2 1751.64  2609.1 3492.96 4371.73
14.3956   922.2 1753.64 2612.08 3496.96 4376.73
 14.412   923.2 1755.63 2615.08 3500.96 4381.71
 14.412   924.2 1757.64 2618.08 3504.96 4386.71
 14.412   925.2 1759.64 2621.07 3508.96 4391.72
 14.412   926.2 1761.64 2624.06 3512.96 4396.73
 14.412 927.248 1763.64 2627.03 3516.96 4401.71
14.4284 928.248 1765.64 2630.01 3520.96 4406.71
14.4447 929.248 1767.64 2633.01 3524.95  4411.7
14.4447 930.294 1769.63 2636.01 3528.95 4416.67
14.4447 931.294 1771.63    2639 3532.95 4421.67
 14.461 932.294 1773.64 2641.99 3536.95 4426.67
 14.461 933.294 1775.64 2644.97 3540.95 4431.68
14.4773 934.294 1777.64 2647.97 3544.95 4436.66
14.4932 935.322  1779.6 2650.97 3548.95 4441.66
14.5095 936.322  1781.6 2653.97 3552.94 4446.66
14.5095 937.368 1783.59 2656.97 3556.94 4451.62
14.5095 938.368 1785.59 2659.97 3560.94 4456.62
14.5095 939.368  1787.6 2662.96 3564.94 4461.63
14.5095 940.368  1789.6 2665.95 3568.94 4466.63
14.5257 941.368  1791.6 2668.95 3572.94 4471.62
14.5257 942.415  1793.6 2671.95 3576.91  4476.6
14.5419 943.415  1795.6 2674.93 3580.91  4481.6
14.5419 944.461 1797.59  2677.9 3584.91  4486.6
 14.558 945.502 1799.59  2680.9 3588.91 4491.54
14.5738 946.529 1801.55  2683.9 3592.91 4496.54
14.5738 947.529 1803.55 2686.89 3596.91 4501.55
14.5896 948.557 1805.51 2689.89 3600.91 4506.55
14.6058 949.557 1807.51 2692.87 3604.91 4511.55
14.6058 950.603  1809.5 2695.84 3608.91 4516.55
14.6218 951.642  1811.5 2698.84 3612.86 4521.55
14.6379 952.642  1813.5 2701.82 3616.86 4526.55
14.6539 953.682  1815.5 2704.82 3620.86 4531.49
14.6539  954.73  1817.5 2707.79 3624.84 4536.49
  14.67  955.73  1819.5 2710.78 3628.84 4541.49
 14.686 956.769  1821.5 2713.72 3632.84 4546.49
 14.686 957.769  1823.5 2716.72 3636.83 4551.49
 14.686 958.769  1825.5 2719.71 3640.83  4556.5
14.7019 959.807  1827.5 2722.66 3644.83  4561.5
14.7178 960.847  1829.5 2725.66 3648.83 4566.44
14.7178 961.893 1831.49 2728.62 3652.83 4571.44
14.7337 962.931 1833.49 2731.57 3656.83 4576.44
14.7498 963.931  1835.5 2734.55 3660.83 4581.44
14.7498 964.979  1837.5 2737.52 3664.83 4586.42
14.7659 965.979  1839.5 2740.52 3668.82 4591.42
14.7659 966.979  1841.5 2743.51 3672.83 4596.42
14.7659 967.979 1843.51  2746.5 3676.83 4601.42
14.7817 969.017 1845.51  2749.5 3680.78 4606.42
14.7817 970.064 1847.51  2752.5 3684.75 4611.39
14.7817 971.109  1849.5 2755.47 3688.75 4616.39
14.7817 972.157  1851.5 2758.44 3692.73 4621.39
14.7817 973.201 1853.49 2761.44  3696.7 4626.39
14.7977 974.201 1855.49 2764.44 3700.69 4631.39
14.8136 975.201 1857.49 2767.44 3704.67 4636.39
14.8296 976.201 1859.49 2770.43 3708.67 4641.39
14.8296 977.249 1861.49  2773.4 3712.65 4646.39
14.8454 978.289 1863.49  2776.4 3716.65 4651.33
 14.861 979.316 1865.44  2779.4 3720.65 4656.33
14.8769 980.316 1867.44  2782.4 3724.64 4661.32
14.8769 981.316 1869.45  2785.4 3728.64 4666.32
14.8928 982.316 1871.45  2788.4 3732.62 4671.32
14.8928 983.316 1873.45 2791.39 3736.63 4676.33
14.9087 984.316 1875.44 2794.39 3740.61 4681.33
14.9087 985.361 1877.43 2797.35 3744.61 4686.33
14.9087 986.404 1879.42 2800.35 3748.58 4691.33
14.9246 987.404 1881.42 2803.35 3752.57 4696.33
14.9246 988.449 1883.41 2806.32 3756.57 4701.33
14.9246 989.449 1885.41 2809.31 3760.57 4706.33
14.9404 990.449 1887.41 2812.29 3764.57 4711.33
14.9404 991.493  1889.4 2815.29 3768.57  4716.3
14.9404  992.54  1891.4 2818.27 3772.55  4721.3
14.9561  993.58  1893.4 2821.27 3776.55 4726.25
14.9719  994.58  1895.4 2824.25 3780.55 4731.25
14.9875 995.619  1897.4 2827.25 3784.55 4736.19
15.0031 996.657  1899.4  2830.2 3788.55 4741.19
15.0031 997.657 1901.41 2833.19 3792.55 4746.19
15.0186 998.684 1903.37 2836.19 3796.55 4751.19
15.0186 999.684 1905.37 2839.19 3800.55 4756.19
15.0344 1000.68 1907.37 2842.17 3804.55 4761.19
15.0501 1001.68 1909.37 2845.17 3808.53 4766.19
15.0659 1002.68 1911.37 2848.15 3812.53 4771.19
15.0659 1003.73 1913.37 2851.13 3816.53 4776.17
15.0816 1004.73 1915.37 2854.13 3820.53 4781.16
15.0972 1005.77 1917.37 2857.13 3824.53  4786.1
15.0972 1006.77 1919.38 2860.12 3828.54  4791.1
15.0972 1007.81 1921.37 2863.08 3832.54  4796.1
15.0972 1008.86 1923.37 2866.06 3836.54 4801.08
15.0972  1009.9 1925.36 2869.06 3840.54 4806.05
15.0972  1010.9 1927.36 2872.04 3844.54 4811.06
15.1129  1011.9 1929.36 2875.03 3848.54 4816.06
15.1286  1012.9 1931.36 2878.03 3852.52 4821.06
15.1286  1013.9 1933.37 2881.02 3856.52 4826.06
15.1442  1014.9 1935.37    2884 3860.52 4831.06
15.1442  1015.9 1937.37 2886.99 3864.52 4836.07
15.1597 1016.94 1939.37 2889.99 3868.47 4841.07
15.1597 1017.94 1941.37 2892.99 3872.46 4846.07
15.1597 1018.98 1943.36 2895.99 3876.46 4851.04
15.1753 1019.98 1945.36 2898.99 3880.45 4856.04
15.1753 1021.03 1947.35 2901.96 3884.45 4861.04
15.1909 1022.03 1949.35 2904.96 3888.45 4866.03
15.2063 1023.07 1951.35 2907.96  3892.4 4871.03
15.2063 1024.11 1953.34 2910.96  3896.4 4875.99
15.2219 1025.11 1955.34 2913.95  3900.4 4880.99
15.2375 1026.11 1957.34 2916.93  3904.4 4885.99
15.2375 1027.15 1959.34 2919.93 3908.37 4890.97
15.2375 1028.15 1961.34 2922.92 3912.37 4895.98
15.2375 1029.15 1963.34 2925.91 3916.37 4900.98
15.2375 1030.15 1965.35  2928.9 3920.38 4905.98
15.2528 1031.19 1967.35 2931.85 3924.38 4910.98
15.2528 1032.19 1969.35 2934.84 3928.38 4915.99
15.2681 1033.23 1971.35 2937.84 3932.32 4920.99
15.2837 1034.23 1973.35 2940.82 3936.32 4925.99
 15.299 1035.27 1975.35 2943.82 3940.27 4930.99
 15.299 1036.31 1977.35 2946.82 3944.25 4935.97
15.3145 1037.31 1979.35 2949.82 3948.24 4940.96
15.3145 1038.31 1981.36 2952.81 3952.24 4945.96
15.3298 1039.35 1983.36 2955.81 3956.24 4950.91
15.3298 1040.35 1985.37  2958.8 3960.24 4955.91
15.3453 1041.35 1987.37 2961.79 3964.24 4960.91
15.3607 1042.35 1989.37 2964.77 3968.24 4965.91
15.3762 1043.35 1991.36 2967.77 3972.24  4970.9
15.3916 1044.35 1993.37 2970.76 3976.24  4975.9
 15.407 1045.35 1995.36 2973.76 3980.24 4980.89
 15.407 1046.39 1997.36 2976.73 3984.22 4985.89