      1       4       3       4       5       4
      1       5    5.75       7 9.58333 7.66667
      1 6.69014 7.69366  9.3662 13.5833 12.6667
      1 8.72114 9.69366 12.3662  17.707  16.512
 1.1811 10.3005 11.6937 14.6057  21.707  21.512
 1.1811 12.0684 13.6937 17.1124 25.4324  26.512
 1.1811 13.0684 15.9885 20.1124 29.6945 30.9551
 1.1811 14.0684 18.3729 23.1118 33.6945 35.5714
 1.1811 15.5878 20.3572 25.6079 37.6945 40.5714
1.29258 17.0592 22.3572 28.0251 41.6945 45.5714
1.29258 18.0592 24.5425 30.7644   45.77 50.5714
 1.4035 19.6088 26.5425 33.7644   49.77 54.9108
 1.4035 21.0398 28.4795 36.7644  53.402 59.9108
 1.4035 22.5533 30.4795 39.4092 57.2436 64.9108
 1.4035 24.0831 32.5469 42.4092 61.2436 69.3136
1.49233 25.6074 34.5469 45.4092 65.2436 73.7006
1.49233 27.1378 36.6116 48.4092 69.2436 78.1054
1.49233 28.1378  38.856 51.3768 73.2436 82.8934
1.49233 29.5641 40.8256  53.981 77.2436 87.8934
1.49233 30.5641 42.8256 56.9372 81.4739 92.7069
1.49233 32.0569 44.8256 59.9372 85.4532 97.2348
1.49233 33.5815 46.8256 62.7879 89.4532 101.859
1.49233 35.0748 48.8256 65.7879 93.4308 106.389
1.55899 36.0748 51.0066 68.7879 97.4308 111.141
1.61759 37.4307 53.0066 71.3734 101.431 116.141
1.61759 38.8802 55.0593 74.3734 105.431 120.639
1.61759 39.8802 57.1692 77.2234 109.471 125.639
1.67116  41.201 59.1692 80.2234 113.096 130.639
1.67116  42.201 61.2783  83.083 117.128 135.639
1.67116 43.5401 63.2227  86.083 120.844 140.639
1.72207 44.8666 65.2227 88.7056 124.844 145.639
1.72207 46.2034  67.166 91.7056 128.564 150.639
1.72207 47.2034  69.166 94.6725 132.724 155.512
1.77408 48.2034 71.2549 97.5317 136.724 160.512
1.82726 49.2034 73.3906 100.532 140.724 165.323
1.82726 50.5114 75.3416 103.532 144.465 170.323
1.82726 51.8651 77.3416 106.306 148.336 175.323
1.82726 53.2188 79.3416 109.081 152.208 180.323
1.86805 54.4069 81.1128 112.081 156.208 185.323
1.91491 55.4069 83.1475 115.081 160.126 190.323
1.91491 56.4069 85.2357 117.971 164.148 195.323
 1.9602 57.7412 87.2357 120.971 168.148 199.944
2.00684 58.7412 89.3111 123.849 172.148 204.944
2.00684 59.7412 91.3973 126.742 176.169 209.944
2.05315 60.7412 93.5063 129.742 180.169 214.788
2.05315 62.0522 95.5063 132.542 184.058 219.788
 2.0995 63.0522 97.5063 135.534 188.058  224.75
 2.0995 64.3927 99.5063 138.416 192.058 229.528
 2.0995  65.702  101.53 141.416 196.058 234.195
 2.0995  66.702  103.53 144.384 200.173 239.111
 2.0995  67.702  105.53 147.353 204.289 244.027
 2.0995 69.0293  107.53 150.242 208.289 248.811
2.13706 70.2645  109.53 153.242 212.016 253.811
2.13706 71.5304 111.503 156.002 216.016 258.811
2.17705 72.5304 113.503 158.921 220.057 263.811
2.17705 73.5304  115.62 161.885 224.057 268.731
2.17705 74.8288  117.62 164.885 228.014 273.476
2.17705 76.0746 119.578 167.885  231.81 278.476
2.21006 77.2282 121.391 170.885  235.81 283.476
2.21006 78.2282 123.475 173.885 239.858 288.343
2.21006 79.5309 125.475  176.78 243.858 293.145
2.24543 80.8038 127.475  179.78 247.858 297.837
2.28287 81.8038 129.475 182.777 251.858 302.802
2.31494 82.9529 131.294 185.777 255.858 307.802
2.31494 83.9529 133.395  188.75 259.858 312.728
2.31494 85.2141 135.395 191.586 263.762 317.728
2.35052 86.2141 137.476 194.586 267.762 322.611
2.38621 87.2141 139.476 197.586 271.828  327.51
2.42135 88.2141 141.531 200.496 275.828  332.51
2.42135 89.2141 143.531 203.471  279.92 337.443
2.45394 90.4146 145.531 206.471 283.687 342.443
2.48673 91.6228 147.531  209.23 287.687 347.443
2.48673 92.8947 149.531 212.135 291.687 352.267
2.52111 93.8947 151.531 215.067 295.719 357.267
2.52111 95.1519 153.531 218.067 299.679  362.05
2.52111 96.3751 155.504 220.871 303.679  367.05
2.55387 97.3751 157.525 223.871 307.625  372.05
2.58801 98.3751 159.525 226.863 311.625 377.023
2.62215 99.3751 161.525 229.856 315.625 381.997
2.62215 100.375 163.525  232.83 319.709 386.939
2.62215 101.619 165.525  235.83  323.67 391.734
2.65544 102.619 167.525 238.823  327.67 396.707
2.65544  103.85 169.535 241.823  331.67 401.466
2.65544 105.081 171.545 244.823  335.67 406.225
2.68712 106.081 173.592 247.745  339.67 411.225
2.68712 107.305 175.592 250.603 343.589 416.225
2.71876 108.305 177.659 253.603 347.589 421.126
2.75028 109.305 179.659 256.542 351.618 426.126
2.75028 110.537 181.659 259.542 355.582  430.93
2.75028 111.769 183.659 262.542 359.545 435.734
2.75028 112.964 185.622 265.542 363.388 440.734
2.75028 114.205 187.622 268.459 367.388 445.575
2.78042 115.205 189.622 271.402 371.415 450.575
2.78042 116.421 191.622 274.267 375.335 455.575
2.78042 117.613 193.585 277.267  379.18 460.575
2.78042 118.829 195.585 280.132 383.099 465.575
2.80911 119.829 197.603 283.132 387.052 470.575
2.80911 121.055 199.603 286.132 391.011  475.39
2.83813 122.055 201.664 289.132 395.011 480.299
2.83813 123.269 203.671 292.132 399.011 485.078
2.86658 124.269 205.713 295.061 403.011 490.078
2.86658 125.481  207.72 298.061 407.011 494.859
2.89476 126.481 209.762 300.991 411.011 499.859
2.89476 127.481  211.81  303.93 415.025 504.859
2.89476 128.698  213.81  306.93 418.987 509.679
2.92185 129.903  215.81  309.93 422.987 514.448
2.92185 130.903  217.81 312.912 427.056 519.397
2.92185 132.126  219.81 315.836 431.056  524.25
2.94923 133.126  221.87 318.836 435.056 529.163
2.97583 134.326  223.87 321.836 439.056 533.936
3.00264 135.326 225.887 324.836 443.012 538.936
3.00264 136.326  227.96 327.817 447.012 543.882
3.00264 137.523  229.96 330.695 450.937 548.882
3.00264  138.74  231.96 333.621 454.937 553.739
3.00264 139.922 233.936 336.463 458.937 558.739
3.02906 140.922 235.994 339.463 462.937 563.654
3.02906 141.922  238.04 342.405  466.95 568.654
3.02906 143.119 240.047 345.405  470.95  573.45
 3.0536 144.279 242.047 348.405 474.765  578.45
 3.0536 145.472 244.047 351.286 478.691  583.45
3.07804 146.636 246.047 354.098 482.691  588.45
3.07804 147.848 248.047 357.024 486.691 593.312
3.10307 148.848 250.064 360.024 490.649 598.312
 3.1281 149.848 252.081 363.024 494.607 603.312
 3.1281 150.848 254.135 366.024 498.637 608.228
 3.1281 151.848  256.18 368.968 502.648 613.228
3.15326 152.848  258.18 371.968 506.691  618.16
3.15326 154.013 260.149 374.968 510.556  623.16
3.17687 155.167 262.149 377.968 514.379  628.16
3.19954 156.274 264.019 380.968 518.379  633.16
3.19954 157.274 266.085 383.949 522.379 638.114
3.19954 158.274 268.128 386.896 526.389 643.114
3.19954 159.473 270.128 389.826 530.389 647.985
3.19954 160.473  272.17 392.774 534.399 652.985
3.22372 161.473  274.17 395.774 538.439 657.921
3.24665 162.621  276.17 398.774 542.268 662.921
3.27015 163.798  278.17 401.774 546.268  667.72
3.29408 164.798 280.206 404.714 550.268  672.72
3.31826 165.798 282.206 407.714 554.306 677.658
3.34031   166.9 284.082 410.714 558.306 682.658
3.36381 168.074 286.082 413.714 562.306  687.46
3.36381 169.252 288.086 416.714 566.306 692.277
 3.3878 170.252 290.086 419.714 570.345 697.215
3.41114 171.425 292.086 422.714 574.345 702.018
3.43449 172.598 294.086 425.714 578.345 706.822
3.45801 173.598 296.101 428.714 582.307 711.822
3.48175 174.598 298.134 431.657 586.307 716.822
 3.5055 175.598 300.167 434.601 590.307 721.822
 3.5055 176.751 302.138 437.601 594.183 726.822
 3.5055 177.937 304.138 440.537 598.183 731.699
 3.5055 179.094 306.115 443.402 602.183 736.699
3.52856 180.094  308.13 446.402 606.146 741.699
3.55201 181.094 310.177 449.402 610.146 746.628
3.57442 182.237 312.177 452.237 614.146 751.628
3.59769 183.237  314.21 455.182 618.146 756.628
3.59769 184.237 316.269 458.165 622.146 761.586
3.59769 185.237 318.328 461.147 626.146 766.545
3.62066 186.237 320.361 464.092 630.146 771.545
3.64274 187.372 322.361 467.092 633.988 776.545
3.66533 188.534 324.361 470.092 637.988  781.36
3.66533 189.534 326.407 473.092 642.013 786.289
3.66533 190.706 328.407 476.092 645.981 791.149
3.68801 191.706 330.439 479.037 649.981 796.149
3.68801 192.706 332.484 482.037 654.006 801.079
3.68801 193.854 334.465 484.909 658.006 806.079
3.68801 195.016  336.47 487.909 662.006 810.911
3.70992 196.175  338.47 490.909 666.006 815.731
3.70992 197.323  340.45 493.781 670.006 820.731
3.70992 198.323 342.508 496.765 674.006  825.69
3.73036 199.415 344.395 499.765 678.006  830.69
3.75218 200.415 346.408 502.765  681.97  835.69
3.75218 201.582 348.408 505.765 685.939 840.554
 3.7725 202.674 350.296 508.765 689.939 845.554
 3.7725 203.674 352.339 511.765 693.964 850.486
 3.7725 204.674 354.374 514.721 697.972 855.486
 3.7725 205.814 356.348 517.721 701.859 860.486
 3.7725 206.814 358.348 520.707 705.908  865.45
3.79422 207.814 360.348 523.704 709.908 870.431
3.81573 208.814 362.391 526.704 713.908 875.367
3.81573 209.951 364.365 529.704 717.797 880.367
3.83717 210.951 366.365 532.704  721.83 885.313
3.85856 211.951 368.408 535.704  725.83 890.249
   3.88 212.951 370.408 538.704 729.862 895.195
   3.88 213.951 372.461  541.69 733.862 900.156
   3.88 214.951 374.461 544.678  737.91 905.121
3.90027 216.074 376.461 547.678 741.766 910.121
3.92098 217.222 378.461 550.678 745.766 914.953
3.94126 218.345 380.461 553.678 749.623 919.953
3.94126 219.501 382.461 556.678 753.593 924.826
3.96147 220.627 384.461 559.532 757.593 929.826
3.96147 221.627 386.461  562.52 761.639 934.792
3.96147 222.763 388.441 565.404 765.639 939.792
3.98224 223.763 390.441 568.368 769.654 944.792
3.98224 224.763 392.482 571.368 773.676 949.729
3.98224 225.763 394.533 574.354 777.676 954.692
4.00284 226.763 396.574 577.354 781.676 959.631
4.02301 227.906 398.574 580.354 785.676 964.468
4.04278 229.026 400.574 583.354 789.536 969.468
4.06355 230.026 402.574 586.352 793.536 974.449
4.06355 231.177 404.574 589.352 797.508 979.326
4.08363 232.319 406.574 592.352 801.508 984.164
4.08363 233.319 408.614 595.352  805.53 989.102
4.08363 234.319 410.646 598.313 809.536 994.102
4.08363 235.447 412.622 601.313 813.432 999.102
4.10241  236.53 414.521 604.313 817.432  1004.1
4.10241 237.657 416.496 607.313 821.329  1009.1
4.12267 238.657 418.496 610.311 825.329 1014.08
4.12267 239.657 420.545 613.298 829.329 1019.05
4.12267 240.809 422.545 616.247 833.329 1023.95
4.14216 241.948 424.545 619.247 837.329 1028.79
4.14216  243.09 426.548 622.247 841.329 1033.64
4.14216 244.238 428.548 625.247 845.301 1038.52
4.16187 245.238 430.587 628.247 849.301 1043.47
4.18174 246.238 432.587 631.246 853.301 1048.45
4.18174 247.365 434.569 634.137 857.301 1053.45
4.18174 248.516 436.569 637.087 861.301 1058.35
4.18174 249.654 438.569 640.004 865.245 1063.35
4.20045 250.771 440.569 642.868 869.245 1068.35
4.20045 251.771 442.616 645.856 873.245 1073.31
4.20045 252.916 444.616 648.856 877.218 1078.19
4.20045 253.916 446.647 651.819 881.224 1083.19
4.21965 254.916 448.647 654.819 885.252 1088.15
4.21965 255.916 450.647 657.809 889.294 1093.11
4.21965 257.064 452.647 660.759 893.294 1098.02
4.21965 258.064 454.647 663.749 897.336 1102.98
4.21965 259.186 456.623 666.749 901.238 1107.98
4.21965 260.186 458.653 669.713 905.244 1112.98
4.21965 261.186 460.699 672.701 909.244 1117.95
4.21965 262.186 462.736 675.701 913.264 1122.89
4.23757 263.299 464.736 678.569 917.264 1127.89
4.23757 264.444 466.736  681.52 921.264  1132.8
4.23757 265.579  468.74  684.52 925.264 1137.66
4.25595 266.579  470.74 687.489 929.277 1142.66
4.25595 267.579 472.776 690.489 933.297  1147.6
4.27432 268.579 474.776 693.489 937.325 1152.56
4.29201 269.691 476.776 696.359 941.325 1157.56
4.30916 270.769 478.681 699.359 945.325 1162.56
4.30916 271.769 480.726 702.347 949.325 1167.52
4.30916 272.886 482.704 705.347  953.23 1172.52
4.32711 273.886 484.715 708.347 957.201 1177.52
4.34463 274.995 486.715 711.347 961.075 1182.52
4.36214 276.103 488.715 714.347 964.949 1187.52
4.36214  277.24 490.715 717.347 968.923 1192.41
4.38002  278.24 492.726 720.347 972.894 1197.41
4.39748  279.35 494.726  723.22 976.894 1202.41
4.39748 280.481 496.728  726.22 980.894 1207.28
4.41553 281.481 498.728  729.22  984.92 1212.24
4.43369 282.481 500.728 732.218  988.92 1217.22
4.45109 283.589 502.728 735.092  992.92 1222.22
4.45109 284.728 504.728 738.044  996.92 1227.13
4.45109 285.858 506.731 741.044 1000.92    1232
4.45109 286.993 508.731 744.044 1004.89 1236.89
4.46868 287.993 510.741 747.044 1008.87 1241.89
4.48616 289.119 512.741 750.044 1012.87 1246.74
4.48616 290.248 514.744 753.044 1016.87 1251.61
4.48616 291.366 516.726 755.944 1020.87 1256.61
4.48616 292.366 518.726 758.935  1024.9 1261.58
4.48616 293.366 520.726 761.925 1028.94 1266.55
 4.5026 294.441 522.634 764.925 1032.94 1271.55
 4.5026 295.441 524.661 767.892 1036.95 1276.55
4.52008 296.441 526.661 770.892 1040.97 1281.51
4.53756 297.441 528.661 773.892    1045 1286.47
4.53756 298.441 530.703 776.881    1049 1291.44
4.53756 299.556 532.686 779.784    1053 1296.44
4.53756 300.671 534.669 782.686    1057 1301.44
4.53756 301.786 536.651 785.588    1061 1306.44
4.55444 302.909 538.651 788.588    1065  1311.3
4.57144 303.909 540.661 791.588 1068.97  1316.3
4.57144 304.909 542.702 794.577 1072.97 1321.27
4.58753 305.982 544.613 797.577 1076.97 1326.27
4.60434 307.104 546.613 800.577 1080.97 1331.13
4.62116 308.225 548.613 803.577 1084.97 1335.99
4.63825 309.225 550.613 806.548 1088.99 1340.99
4.63825 310.358 552.613 809.503 1092.99  1345.9
4.65543 311.358 554.613 812.501 1096.99 1350.89
4.65543 312.358 556.645 815.501    1101 1355.84
4.67242 313.358 558.677 818.501    1105 1360.79
4.67242 314.467 560.655 821.501 1108.92 1365.79
4.68906 315.587 562.655 824.501 1112.92 1370.65
4.68906  316.71 564.657 827.501 1116.92 1375.53
4.70594  317.71 566.689 830.501 1120.92 1380.48
4.70594  318.71 568.689 833.492 1124.95 1385.45
4.70594  319.83 570.689  836.42 1128.91 1390.45
4.70594 320.938 572.667  839.42 1132.82 1395.45
4.72166  322.01  574.58  842.42 1136.82 1400.45
4.72166 323.119 576.558  845.42 1140.73 1405.45
4.73829 324.119 578.589  848.42 1144.73  1410.4
4.75439  325.22 580.589 851.303 1148.73  1415.4
4.75439  326.33 582.572  854.21 1152.73  1420.4
4.77088  327.33 584.592 857.173 1156.73  1425.4
4.78737  328.33 586.613 860.136 1160.73  1430.4
4.78737 329.455 588.613 863.136 1164.71  1435.3
4.78737 330.455 590.643 866.136 1168.73 1440.25
4.80383 331.455 592.675 869.136 1172.73  1445.2
4.80383 332.574 594.676 872.136 1176.73 1450.08
4.82021 333.574 596.676 875.108 1180.74 1455.08
4.83567 334.644  598.59 878.108 1184.74 1460.08
4.83567  335.75 600.568 881.108 1188.65 1465.08
4.85148 336.848 602.568 884.108 1192.54 1470.08
4.85148 337.954 604.547 887.108 1196.46 1475.08
4.85148 339.077 606.547 890.108 1200.43 1479.99
4.85148 340.185 608.529 893.018 1204.43 1484.99
4.85148 341.294 610.512 895.927 1208.43 1489.99
4.85148 342.294 612.541 898.927 1212.45 1494.94
4.86748 343.294 614.561 901.891 1216.45 1499.94
4.86748 344.411 616.561 904.891 1220.45 1504.82
4.86748 345.536 618.561 907.848 1224.45 1509.74
4.88294 346.633 620.561 910.848 1228.34 1514.74
4.89893 347.633 622.561 913.848 1232.36  1519.7
4.91463 348.748 624.561 916.848 1236.36 1524.57
 4.9301 349.846 626.561 919.735 1240.36 1529.57
 4.9459 350.846  628.57 922.735 1244.33 1534.57
 4.9459  351.97  630.57 925.692 1248.33 1539.49
4.96182  352.97 632.599 928.692 1252.33 1544.44
4.96182 354.091 634.599 931.692 1256.31 1549.35
4.97771 355.091 636.599 934.692 1260.33 1554.31
4.97771 356.197 638.582 937.603 1264.33 1559.31
4.97771 357.312 640.582 940.603 1268.33 1564.19
4.97771 358.428 642.582 943.603 1272.33 1569.08
4.99343 359.428 644.612 946.603 1276.33 1574.03
4.99343 360.428 646.612 949.595 1280.37    1579
5.00912 361.428 648.612 952.595 1284.39 1583.97
5.02471 362.428 650.631  955.56 1288.39 1588.97
5.02471  363.55 652.631 958.519 1292.39 1593.89
5.02471  364.55 654.654  961.49  1296.4 1598.89
5.03943 365.618 656.571  964.49  1300.4 1603.89
5.03943 366.618 658.599  967.49 1304.41 1608.84
5.05479 367.618 660.607  970.49 1308.39 1613.84
5.05479 368.739 662.607 973.449 1312.39 1618.76
5.05479 369.856 664.607 976.449 1316.37 1623.67
5.05479 370.973 666.607 979.449 1320.34 1628.57
5.05479 372.091 668.607 982.449 1324.32 1633.48
5.05479 373.091  670.63  985.42 1328.33 1638.48
5.05479 374.202  672.63 988.354 1332.28 1643.48
5.06921 375.269 674.548 991.354 1336.28 1648.48
5.06921 376.386 676.548 994.354 1340.26 1653.38
5.08425 377.386 678.556 997.354 1344.24 1658.38
5.08425 378.498 680.556 1000.35 1348.24 1663.27
5.08425 379.498 682.578 1003.33 1352.24 1668.27
5.08425 380.498 684.578 1006.32 1356.28 1673.25
5.09931 381.498 686.606 1009.32 1360.28  1678.2
5.09931 382.617 688.606 1012.28 1364.28 1683.12
5.11435 383.617 690.606 1015.28  1368.3 1688.09
5.12892  384.71 692.606 1018.17  1372.3 1693.09
5.14369 385.818 694.606 1021.17  1376.3 1697.96
5.15825  386.91 696.606 1024.17 1380.19 1702.96
5.15825 388.011 698.589 1027.09 1384.19 1707.96
5.15825 389.011 700.616 1030.09 1388.21 1712.92
5.15825 390.112 702.599    1033 1392.21 1717.92
5.17313 391.112 704.627    1036 1396.21 1722.88
5.18802 392.112 706.654    1039 1400.21 1727.84
5.20245 393.203 708.654    1042  1404.1 1732.84
5.20245 394.301 710.634    1045 1408.03 1737.84
5.21651 395.367 712.554    1048 1412.03 1742.84
5.23128 396.367 714.572 1050.97 1416.03 1747.84
5.23128 397.367 716.598 1053.97 1420.04 1752.79
5.24593 398.367 718.606 1056.97 1424.02 1757.79
5.26066 399.367 720.623 1059.94 1428.02 1762.79
5.26066 400.367 722.623 1062.93 1432.05 1767.77
5.27498 401.456 724.623 1065.93 1435.95 1772.77
5.27498 402.456 726.623 1068.92 1439.98 1777.75
5.27498 403.562 728.623 1071.86 1443.93 1782.75
5.27498 404.668 730.623  1074.8 1447.89 1787.75
5.27498 405.766 732.607 1077.71 1451.89 1792.75
5.27498 406.878 734.607 1080.71 1455.87 1797.66
5.27498 407.975 736.587 1083.71 1459.79 1802.66
5.28935 408.975 738.594 1086.71 1463.77 1807.66
5.28935  410.08 740.594 1089.65 1467.73 1812.66
5.30384  411.08 742.594 1092.65 1471.75 1817.62
5.31788 412.169 744.594 1095.65 1475.65 1822.62
5.33233 413.169 746.594 1098.63 1479.65 1827.62
5.33233 414.169 748.594 1101.62 1483.68  1832.6
5.34684 415.169 750.594 1104.62 1487.68 1837.59
5.36129 416.169 752.594 1107.62  1491.7 1842.55
5.36129 417.264 754.574 1110.62 1495.63 1847.55
5.37546 418.367 756.574 1113.62 1499.63 1852.44
5.37546 419.367 758.607 1116.61 1503.63 1857.41
5.37546  420.47 760.607 1119.55 1507.59 1862.41
5.37546  421.58 762.607 1122.55 1511.56 1867.32
5.37546  422.58 764.639 1125.54 1515.56  1872.3
5.38957  423.58 766.646 1128.54 1519.54  1877.3
5.40381  424.58 768.672 1131.54 1523.54 1882.26
5.40381  425.58 770.704 1134.53 1527.54 1887.24
5.41802  426.58  772.73 1137.53 1531.54  1892.2
5.41802  427.58 774.762 1140.52 1535.54 1897.17
5.43226  428.58 776.762 1143.52 1539.54 1902.16
5.44621  429.68 778.762 1146.52 1543.54 1907.05
5.44621  430.68 780.794 1149.51 1547.54 1912.02
5.45994 431.766 782.794 1152.51 1551.44 1917.02
5.47367 432.851 784.794 1155.51 1555.34 1922.02
5.48781 433.851 786.794 1158.51 1559.36 1926.99
5.48781 434.954 788.794 1161.51 1563.36 1931.89
 5.5012 436.016 790.719 1164.51 1567.36 1936.89
5.51537 437.016 792.719 1167.51 1571.36 1941.87
5.51537 438.108   794.7 1170.51 1575.29 1946.87
5.51537 439.108 796.725 1173.51  1579.3 1951.84
5.52939 440.108  798.75 1176.51  1583.3  1956.8
5.54302 441.193  800.75 1179.41  1587.3  1961.8
5.55704 442.193 802.775 1182.41  1591.3 1966.76
5.55704 443.301 804.775 1185.38  1595.3 1971.69
5.57063 444.385 806.775 1188.38 1599.21 1976.69
5.58469 445.385 808.775 1191.38 1603.21 1981.67
5.58469 446.485 810.775 1194.32 1607.16 1986.67
5.58469 447.485 812.806 1197.31 1611.16 1991.65
5.59867 448.485 814.806 1200.31 1615.16 1996.64
5.59867 449.592 816.806 1203.27 1619.16 2001.57
5.59867 450.697 818.806 1206.27 1623.14 2006.49
5.59867 451.804 820.806 1209.23 1627.14 2011.41
5.59867 452.896  822.79 1212.16 1631.14 2016.41
5.61233 453.896 824.797 1215.16 1635.12 2021.41
5.61233 454.896 826.797 1218.15 1639.15 2026.39
5.61233 455.988 828.782 1221.07 1643.15 2031.39
5.62606 456.988 830.782 1224.07 1647.17 2036.36
5.62606 458.088 832.781 1227.07 1651.17 2041.26
5.62606 459.088 834.806 1230.07 1655.18 2046.22
5.62606 460.191 836.806 1233.07 1659.16 2051.14
5.62606  461.29 838.806 1236.02 1663.12 2056.14
5.62606 462.393 840.806 1239.02  1667.1 2061.06
5.62606 463.491 842.806 1241.96 1671.06 2066.06
5.63921 464.575 844.806 1244.86 1675.06 2071.06
5.65235 465.658 846.806 1247.86 1678.96 2076.06
5.66549  466.74 848.806 1250.86 1682.86 2081.06
5.67902  467.74 850.806 1253.86 1686.88 2086.03
5.67902  468.74 852.825 1256.84 1690.89 2091.03
5.69244  469.74 854.841 1259.81 1694.89 2096.03
5.69244 470.839  856.84 1262.81 1698.89 2100.93
5.70584 471.839 858.856 1265.78 1702.89 2105.93
5.71909 472.935 860.856 1268.78 1706.89 2110.82
5.71909 473.935 862.886 1271.77 1710.89  2115.8
5.71909 475.037 864.886 1274.77 1714.87 2120.72
5.73247 476.037  866.91 1277.77 1718.87 2125.68
5.74522 477.096 868.838 1280.77 1722.87 2130.68
5.74522   478.2 870.838 1283.74 1726.87 2135.61
5.74522 479.304 872.838  1286.7 1730.87 2140.55
5.74522 480.304 874.838 1289.69 1734.89 2145.53
5.75789 481.363 876.767 1292.69 1738.89 2150.53
5.77112 482.363 878.782 1295.67 1742.89 2155.53
5.78379 483.422 880.711 1298.67 1746.89 2160.53
5.78379 484.422  882.73 1301.64  1750.9 2165.53
5.78379 485.422  884.73 1304.64 1754.92 2170.51
5.78379 486.509 886.711 1307.64 1758.85 2175.51
5.79693 487.509 888.727 1310.61 1762.85 2180.51
5.81019 488.509 890.727 1313.61 1766.85 2185.49
5.82328 489.509 892.733 1316.61 1770.83 2190.49
5.82328 490.509 894.733  1319.6 1774.86 2195.47
5.82328 491.595 896.715  1322.6 1778.79 2200.47
5.82328 492.682 898.697  1325.6 1782.72 2205.47
5.82328 493.776 900.697 1328.55 1786.68 2210.47
5.82328 494.864 902.682 1331.47 1790.68 2215.47
5.82328 495.964 904.682 1334.47 1794.66  2220.4
5.83596 497.044 906.682 1337.47 1798.57  2225.4
5.84865 498.124 908.682 1340.38 1802.57  2230.4
5.86148 499.217 910.682 1343.38 1806.57 2235.29
 5.8745 500.217 912.704 1346.38 1810.57 2240.25
5.88692 501.275 914.634 1349.38 1814.57 2245.25
5.89992 502.275 916.634 1352.36 1818.58 2250.25
5.91289 503.275 918.649 1355.33 1822.58 2255.25
5.91289 504.275 920.667 1358.31 1826.58 2260.25
5.91289 505.275 922.695  1361.3 1830.58 2265.23
5.91289 506.275 924.695  1364.3 1834.61 2270.22
5.92549 507.353 926.695  1367.3 1838.52 2275.22
5.92549  508.44  928.68 1370.22 1842.52 2280.22
5.93821 509.532  930.68 1373.22 1846.52 2285.11
5.95078  510.61  932.68 1376.22 1850.42 2290.11
5.95078 511.697 934.665 1379.15 1854.42 2295.11
5.96367 512.697 936.665 1382.15 1858.44 2300.08
5.96367 513.797 938.665 1385.12 1862.44 2305.02
5.96367  514.89 940.665 1388.06  1866.4 2310.02
5.97655  515.89 942.665 1391.06  1870.4 2315.01
5.97655  516.89 944.693 1394.05  1874.4 2319.99
5.98932  517.89 946.693 1397.03 1878.41 2324.99
6.00207  518.89 948.707 1400.01 1882.41 2329.99
6.00207 519.989 950.707 1402.97 1886.41 2334.92
6.00207 521.082 952.706 1405.97 1890.41 2339.83
6.00207 522.082 954.724 1408.95 1894.41 2344.83
6.00207 523.082 956.751 1411.94 1898.41 2349.81
6.00207 524.178 958.751 1414.94 1902.39 2354.73
6.01441 525.256 960.751 1417.85 1906.39 2359.73
6.01441 526.349  962.75 1420.85 1910.39 2364.64
6.01441 527.349 964.772 1423.85  1914.4 2369.61
6.01441 528.349 966.794 1426.85 1918.42 2374.58
6.02643 529.405 968.726 1429.85 1922.42 2379.58
6.02643  530.49 970.711 1432.78 1926.42 2384.58
6.03898  531.49 972.732 1435.78 1930.42 2389.54
6.03898  532.58 974.732 1438.73 1934.38 2394.54
6.05149  533.58 976.732 1441.71 1938.38 2399.54
6.06407  534.58 978.732 1444.71 1942.38 2404.53
6.06407 535.663 980.715 1447.71 1946.32 2409.53
6.06407 536.746 982.698 1450.71 1950.25 2414.53
6.06407 537.837 984.698 1453.65 1954.22 2419.53
6.06407 538.932 986.698 1456.65 1958.19 2424.46
6.07651 539.932 988.698 1459.65 1962.21 2429.43
6.07651 541.022 990.698  1462.6 1966.17 2434.43
6.08836 542.077  992.63  1465.6 1970.17 2439.43
6.10022 543.133 994.563  1468.6 1974.17 2444.43
6.11257 544.133 996.577 1471.58 1978.17 2449.43
6.12443 545.188  998.51 1474.58 1982.17 2454.43
6.12443 546.188 1000.53 1477.55 1986.18 2459.43
6.13685 547.188 1002.53 1480.55 1990.18 2464.42
6.13685 548.188 1004.53 1483.55  1994.2  2469.4
6.14918 549.188 1006.53 1486.53 1998.21  2474.4
6.14918 550.188 1008.54 1489.51 2002.21  2479.4
6.14918 551.277 1010.54 1492.45 2006.17  2484.4
6.16131 552.365 1012.54 1495.45 2010.17  2489.3
6.16131 553.365 1014.54 1498.45  2014.2 2494.28
6.16131 554.453 1016.54  1501.4 2018.16 2499.28
6.17303 555.508 1018.48  1504.4 2022.16 2504.28
6.17303 556.508  1020.5 1507.39 2026.16 2509.27
6.18473 557.563 1022.44 1510.39 2030.16 2514.27
  6.197 558.563 1024.44 1513.39 2034.16 2519.26
6.20893 559.638 1026.44  1516.3 2038.16 2524.26
6.22116 560.638 1028.44  1519.3 2042.18 2529.23
6.23329 561.638 1030.44  1522.3 2046.16 2534.23
6.23329  562.73 1032.44  1525.3 2050.14 2539.16
6.24545  563.73 1034.46 1528.27 2054.14 2544.16
6.24545  564.73 1036.48 1531.27 2058.14 2549.14
6.24545  565.73  1038.5 1534.27 2062.15 2554.11
6.25731 566.804  1040.5 1537.18 2066.15 2559.11
6.25731 567.804 1042.52 1540.18 2070.16 2564.08
6.25731 568.804 1044.52 1543.17 2074.18 2569.06
6.25731 569.898 1046.52 1546.14 2078.18    2574
6.25731 570.898 1048.55 1549.13 2082.18 2578.98
6.25731 571.991 1050.55  1552.1 2086.18 2583.92
6.25731 573.078 1052.55 1555.05 2090.15 2588.92
6.25731 574.078 1054.56 1558.03 2094.15 2593.92
6.25731 575.169 1056.56 1561.03 2098.13 2598.85
6.26877 576.223  1058.5 1564.03 2102.13 2603.85
6.26877 577.309  1060.5 1566.98  2106.1 2608.85
6.28042 578.382  1062.5 1569.98 2110.01 2613.85
6.28042 579.462 1064.48 1572.98 2113.95 2618.85
6.29233 580.462 1066.48 1575.96 2117.96 2623.85
6.29233 581.555 1068.48 1578.93 2121.96 2628.79
6.30418 582.555 1070.49  1581.9 2125.96 2633.79
6.30418 583.555 1072.52 1584.89 2129.96 2638.77
6.31602 584.555 1074.53 1587.87 2133.96 2643.77
6.31602 585.635 1076.52  1590.8 2137.96 2648.77
6.31602 586.727 1078.52 1593.77 2141.96 2653.71
6.32757   587.8 1080.52 1596.68 2145.96 2658.71
6.32757 588.893 1082.52 1599.65 2149.96 2663.65
6.32757 589.983 1084.52 1602.65 2153.94 2668.58
6.32757 591.069 1086.52  1605.6  2157.9 2673.58
6.32757 592.069 1088.54 1608.59  2161.9 2678.57
6.32757 593.069 1090.56 1611.59 2165.91 2683.54
6.32757 594.155 1092.56 1614.59 2169.91 2688.45
6.32757 595.233 1094.54 1617.59 2173.85 2693.45
6.32757 596.233 1096.54 1620.59 2177.87 2698.44
6.32757 597.323 1098.54 1623.59 2181.85 2703.37
6.33912 598.323 1100.55 1626.59 2185.83 2708.37
 6.3508 599.323 1102.55 1629.58 2189.83 2713.36
 6.3508 600.323 1104.57 1632.58 2193.85 2718.33
6.36194 601.375 1106.51 1635.58 2197.85 2723.33
6.36194 602.375 1108.52 1638.58 2201.86  2728.3
6.36194 603.375 1110.55 1641.58 2205.86 2733.28
6.36194 604.461 1112.55 1644.58 2209.86  2738.2
6.37348 605.461 1114.57 1647.58 2213.86 2743.17
6.37348 606.551 1116.57 1650.55 2217.86 2748.11
6.38474 607.623 1118.57 1653.55 2221.77 2753.11
6.38474 608.623 1120.59 1656.55 2225.78 2758.08
6.39617 609.623 1122.59 1659.55 2229.77 2763.08
6.39617 610.623 1124.62 1662.54 2233.77 2768.06
6.40764 611.623 1126.62 1665.52 2237.77 2773.06
6.41866 612.674 1128.55 1668.52 2241.77 2778.06
6.41866 613.762 1130.55 1671.52 2245.75 2782.99
6.43011 614.762 1132.55  1674.5 2249.76 2787.99
6.43011 615.762 1134.58 1677.49 2253.76 2792.98
6.44155 616.762  1136.6 1680.49 2257.76 2797.95
6.44155 617.849  1138.6 1683.49 2261.74 2802.88
6.45297 618.849 1140.61 1686.49 2265.74 2807.85
6.46414  619.92 1142.61 1689.41 2269.74 2812.85
6.47556  620.92 1144.63 1692.41 2273.74 2817.82
6.48697  621.92 1146.63 1695.39 2277.75 2822.82
6.48697 623.003 1148.63 1698.35 2281.71 2827.82
6.49833 624.003 1150.65 1701.32 2285.71 2832.82
6.49833 625.003 1152.67 1704.32 2289.71  2837.8
6.49833 626.079 1154.65 1707.32 2293.65  2842.8
6.49833 627.079 1156.65 1710.31 2297.68 2847.78
6.49833 628.079 1158.67 1713.29 2301.68 2852.78
6.49833 629.079 1160.68 1716.27 2305.68 2857.78
6.49833 630.079 1162.68 1719.26 2309.71 2862.77
6.49833 631.161 1164.68 1722.22 2313.67 2867.77
6.50946 632.241 1166.68 1725.22 2317.67 2872.68
6.50946 633.241 1168.68 1728.21 2321.69 2877.66
6.52025 634.291 1170.62 1731.21 2325.69 2882.66
6.53124  635.36 1172.62 1734.21 2329.61 2887.66
6.54224  636.43 1174.62 1737.13 2333.61 2892.66
6.55345  637.43 1176.64  1740.1 2337.61 2897.66
6.56462  638.43 1178.64  1743.1  2341.6 2902.66
6.57586  639.43 1180.66  1746.1  2345.6 2907.63
6.57586  640.43 1182.68  1749.1  2349.6 2912.62
6.58684 641.499 1184.68 1752.02  2353.6 2917.62
6.58684 642.584 1186.68 1755.02 2357.58 2922.55
6.59808 643.584 1188.68 1758.01 2361.58 2927.54
6.59808 644.666 1190.68 1761.01 2365.58 2932.46
6.60903 645.735 1192.68 1763.93 2369.58 2937.46
6.60903 646.816 1194.68 1766.93 2373.58 2942.38
6.60903 647.891 1196.66 1769.93 2377.52 2947.38
6.60903 648.891 1198.68 1772.93 2381.53 2952.36
6.62014 649.891 1200.68 1775.92 2385.54 2957.36
6.62014 650.891  1202.7 1778.91 2389.54 2962.34
6.62014 651.975  1204.7 1781.91 2393.52 2967.27
6.62014 652.975  1206.7  1784.9 2397.54 2972.26
6.63122 653.975 1208.72  1787.9 2401.54 2977.23
 6.6423 654.975 1210.72  1790.9 2405.55 2982.21
 6.6423 656.055 1212.72 1793.86 2409.52 2987.21
 6.6423 657.141 1214.72 1796.83 2413.52 2992.15
 6.6533 658.141 1216.74  1799.8 2417.52 2997.15
 6.6533 659.227 1218.74 1802.77 2421.52 3002.09
6.66418 660.305 1220.74 1805.77 2425.52 3007.01
 6.6752 661.305 1222.75 1808.77 2429.52 3011.98
 6.6752 662.305 1224.75 1811.77 2433.54 3016.96
 6.6752 663.305 1226.77 1814.75 2437.54 3021.96
6.68594 664.372 1228.77 1817.75 2441.46 3026.96
6.69689 665.372 1230.78 1820.72 2445.46 3031.96
6.70786 666.372 1232.78 1823.71 2449.47 3036.96
6.71842 667.421 1234.72 1826.71 2453.47 3041.96
6.71842 668.501 1236.72 1829.71 2457.47 3046.88
6.71842 669.575 1238.71 1832.65 2461.47 3051.88
6.72923 670.653 1240.71 1835.65 2465.47  3056.8
6.72923 671.738 1242.71 1838.62 2469.47 3061.74
6.72923 672.821 1244.71 1841.62 2473.45 3066.68
6.72923 673.901  1246.7 1844.62 2477.45  3071.6
6.74009 674.901 1248.72 1847.59 2481.45  3076.6
6.75075 675.968 1250.72 1850.51 2485.45  3081.6
6.75075 677.042  1252.7 1853.45 2489.45  3086.6
6.76121 678.091 1254.64 1856.45 2493.45  3091.6
6.77209 679.091 1256.64 1859.45 2497.47 3096.57
6.78297 680.091 1258.66 1862.45 2501.47 3101.55
6.78297 681.091 1260.68 1865.44 2505.47 3106.55
6.79341 682.139 1262.62 1868.44 2509.47 3111.55
 6.8042 683.139 1264.62 1871.44 2513.45 3116.55
6.81504 684.139 1266.62 1874.42 2517.46 3121.55
6.81504 685.139 1268.64  1877.4 2521.46 3126.55
6.82575 686.216 1270.64  1880.4 2525.46 3131.46
6.82575 687.216 1272.64 1883.39 2529.48 3136.44
6.82575 688.289 1274.62 1886.33 2533.48 3141.44
6.83656 689.289 1276.62 1889.33  2537.5 3146.42
6.83656 690.361 1278.61 1892.27  2541.5 3151.42
6.84712 691.428 1280.61  1895.2  2545.5 3156.42
6.84712 692.511 1282.61 1898.17  2549.5 3161.37
6.85793 693.511 1284.61 1901.16  2553.5 3166.36
6.85793 694.595 1286.61 1904.13  2557.5 3171.31
6.86862 695.595 1288.61 1907.13 2561.48 3176.31
6.86862 696.667  1290.6 1910.08 2565.48 3181.31
6.86862 697.751  1292.6 1913.05 2569.48 3186.25
6.86862 698.751 1294.62 1916.05 2573.49 3191.23
6.87925 699.751 1296.62 1919.05 2577.48 3196.23
6.88996 700.751 1298.62 1922.05 2581.49  3201.2
6.90054 701.826 1300.62 1925.05 2585.49 3206.12
6.91112 702.902 1302.62 1928.05 2589.49 3211.03
6.91112 703.973 1304.61 1931.05 2593.44 3216.03
6.92184 704.973 1306.61 1934.04 2597.44 3221.02
6.92184  706.05  1308.6 1937.04 2601.44 3225.95
6.92184 707.127  1310.6    1940  2605.4 3230.95
6.92184 708.198 1312.59    1943 2609.35 3235.95
6.92184 709.276 1314.59    1946 2613.35 3240.87
6.93224 710.341 1316.59    1949 2617.27 3245.87
6.93224 711.413 1318.57 1951.94 2621.27 3250.87
6.93224  712.49 1320.57 1954.89 2625.24 3255.87
6.93224  713.49 1322.59 1957.88 2629.25 3260.87
 6.9428  714.49 1324.59 1960.86 2633.25 3265.87
6.95337  715.49  1326.6 1963.86 2637.25 3270.84
6.95337 716.562 1328.59  1966.8 2641.25 3275.84
 6.9638 717.637 1330.59  1969.8 2645.25 3280.76
6.97435 718.637 1332.59 1972.78 2649.26 3285.76
6.97435 719.637 1334.61 1975.78 2653.26 3290.74
6.98488 720.637 1336.61 1978.76 2657.26 3295.74
6.98488 721.708  1338.6  1981.7 2661.26 3300.74
6.99518 722.772  1340.6  1984.7 2665.19 3305.74
6.99518 723.772  1342.6 1987.69 2669.21 3310.73
6.99518 724.772  1344.6 1990.69 2673.23 3315.71
7.00565 725.772 1346.61 1993.67 2677.23 3320.71
7.01608 726.772 1348.62 1996.67 2681.21 3325.71
7.01608 727.854 1350.62 1999.64 2685.21 3330.66
7.01608 728.923  1352.6 2002.64 2689.16 3335.66
7.02642 729.997  1354.6 2005.64 2693.16 3340.58
7.03666 731.061  1356.6 2008.64 2697.09 3345.58
  7.047 732.136  1358.6 2011.64 2701.09 3350.49
7.05746 733.136  1360.6 2014.64  2705.1 3355.47
7.05746 734.136  1362.6 2017.63 2709.12 3360.46
7.06785 735.136 1364.61 2020.63  2713.1 3365.46
7.07829 736.136 1366.62 2023.63  2717.1 3370.43
7.07829 737.212 1368.62 2026.63  2721.1 3375.36
7.07829 738.212 1370.64 2029.63 2725.11 3380.33
7.07829 739.212 1372.65 2032.61 2729.12 3385.33
7.08857 740.285 1374.65 2035.61 2733.12 3390.25
7.08857 741.364 1376.65 2038.61  2737.1 3395.19
7.08857 742.442 1378.65 2041.61 2741.08 3400.13
7.09894 743.442 1380.67 2044.61 2745.08  3405.1
 7.1091 744.506 1382.67 2047.54 2749.08  3410.1
 7.1195 745.506 1384.67 2050.54 2753.08 3415.09
 7.1195 746.581 1386.67 2053.49 2757.05 3420.09
7.12985 747.581 1388.67 2056.48 2761.06 3425.09
7.13983 748.627 1390.61 2059.48 2765.06 3430.09
7.15022 749.627 1392.61 2062.47 2769.06 3435.08
7.16056 750.627 1394.61 2065.46 2773.06 3440.08
7.17092 751.627 1396.61 2068.46 2777.07 3445.06
7.17092 752.697  1398.6  2071.4 2781.07 3450.06
7.18089 753.743 1400.54  2074.4 2785.07 3455.06
7.18089 754.743 1402.54 2077.39 2789.09 3460.05
7.19122 755.743 1404.54 2080.39 2793.11 3465.02
7.19122 756.743 1406.55 2083.38 2797.11 3470.02
7.20116 757.789  1408.5 2086.38 2801.11 3475.02
7.21147 758.789  1410.5 2089.38 2805.12    3480
7.22177 759.789  1412.5 2092.36 2809.13    3485
7.22177 760.863  1414.5 2095.36 2813.13 3489.93
7.23206 761.863  1416.5 2098.34 2817.13 3494.93
7.23206 762.863 1418.51 2101.33 2821.14 3499.93
7.24237 763.863 1420.51 2104.32 2825.14 3504.92
7.24237 764.937 1422.51 2107.32 2829.14 3509.85
7.25243 765.999 1424.51 2110.32 2833.07 3514.85
7.25243 767.073  1426.5 2113.32 2837.07 3519.78
7.26262 768.073 1428.51 2116.32 2841.05 3524.78
7.27286 769.073 1430.52 2119.32 2845.05 3529.75
7.27286 770.073 1432.54 2122.32 2849.06 3534.73
7.28304 771.073 1434.54 2125.32 2853.05 3539.73
7.28304 772.152 1436.54  2128.3 2857.05 3544.68
7.28304 773.152 1438.56 2131.29 2861.05 3549.66
7.29304 774.213 1440.56 2134.29 2864.98 3554.66
7.30313 775.285 1442.56 2137.29 2868.98 3559.58
7.30313 776.358 1444.56 2140.29 2872.98 3564.51
7.31333 777.358 1446.56 2143.29 2876.99 3569.49
7.31333 778.432 1448.56 2146.29 2880.99 3574.42
 7.3233 779.493 1450.56 2149.29 2884.92 3579.42
 7.3233 780.566 1452.56 2152.29 2888.92 3584.35
 7.3335 781.566 1454.56 2155.29 2892.92 3589.34
 7.3335 782.639 1456.56 2158.25 2896.89 3594.34
7.34345   783.7 1458.56 2161.25 2900.81 3599.34
7.35363   784.7 1460.56 2164.24 2904.81 3604.33
7.36382   785.7 1462.56 2167.24 2908.81 3609.32
7.37397   786.7 1464.57 2170.24 2912.81  3614.3
7.38391 787.761 1466.57 2173.24 2916.74  3619.3
7.39407 788.761 1468.57 2176.24 2920.76 3624.28
7.39407 789.828 1470.56 2179.24  2924.7 3629.28
7.40409 790.898 1472.56 2182.24  2928.7  3634.2
7.41422 791.898 1474.56 2185.22 2932.71  3639.2
7.42429 792.898 1476.56 2188.22 2936.69  3644.2
7.43442 793.898 1478.56 2191.21  2940.7  3649.2
7.43442 794.971 1480.56 2194.21  2944.7 3654.13
7.44448 795.971 1482.56 2197.21 2948.69 3659.13
 7.4546 796.971 1484.58 2200.21 2952.69  3664.1
 7.4546 798.042 1486.58 2203.17 2956.66  3669.1
7.46451 799.103 1488.58 2206.17 2960.59  3674.1
7.47461 800.103 1490.58 2209.15 2964.59  3679.1
7.47461  801.18 1492.58 2212.12 2968.59 3684.05
7.47461 802.252 1494.58 2215.12 2972.59 3688.98
7.48434 803.296 1496.52 2218.12 2976.59 3693.98
7.49441 804.296 1498.52 2221.11  2980.6 3698.98
7.49441 805.368 1500.52 2224.07 2984.57 3703.98
7.49441 806.439 1502.52 2227.03 2988.54 3708.98
7.50435 807.509 1504.52 2230.03 2992.54  3713.9
7.51421 808.569 1506.52 2233.03 2996.47  3718.9
7.51421 809.644 1508.52 2236.03 3000.45 3723.84
7.52405 810.704 1510.52 2239.03 3004.38 3728.84
7.53409 811.704 1512.52 2242.03 3008.39 3733.82
7.53409 812.704 1514.54 2245.03  3012.4  3738.8
7.53409 813.779 1516.54 2248.03 3016.38 3743.74
7.54414 814.779 1518.54 2251.02 3020.38 3748.73
7.55413 815.779 1520.55    2254 3024.38 3753.73
7.55413 816.855 1522.55 2256.98 3028.38 3758.68
7.55413  817.92 1524.53 2259.98 3032.33 3763.68
7.56392  818.98 1526.53 2262.91 3036.33 3768.68
7.56392  819.98 1528.55 2265.89 3040.33 3773.68
7.57387  820.98 1530.56 2268.87 3044.33 3778.68
7.57387 822.054 1532.56 2271.87 3048.32 3783.63
7.57387 823.054 1534.58 2274.86 3052.32 3788.61
7.57387 824.054  1536.6 2277.86 3056.32  3793.6
7.58381 825.054  1538.6 2280.86 3060.33 3798.58
7.58381 826.128  1540.6 2283.86 3064.31 3803.52
7.59354 827.188  1542.6 2286.79 3068.31 3808.52
7.59354 828.188  1544.6 2289.78 3072.33 3813.51
7.60345 829.188  1546.6 2292.78 3076.34 3818.49
7.61337 830.188  1548.6 2295.78 3080.35 3823.47
7.61337 831.188 1550.61 2298.77 3084.35 3828.47
7.61337 832.188 1552.63 2301.76 3088.35 3833.45
7.61337 833.263 1554.63 2304.73 3092.35 3838.41
7.61337 834.336 1556.63 2307.73 3096.34 3843.35
7.62303 835.396 1558.63 2310.73 3100.27 3848.35
7.63288 836.396 1560.63 2313.72 3104.27 3853.35
7.63288 837.466 1562.63 2316.72 3108.27 3858.28
7.64254 838.526 1564.63 2319.65 3112.27 3863.28
7.65241 839.526 1566.63 2322.65 3116.27 3868.27
 7.6622 840.526 1568.63 2325.65 3120.26 3873.27
 7.6622 841.595 1570.63 2328.61 3124.23 3878.27
 7.6622 842.659 1572.62 2331.61 3128.18 3883.27
7.67191 843.727 1574.62 2334.61 3132.18  3888.2
7.68174 844.727 1576.62 2337.61 3136.19 3893.18
7.69159 845.727 1578.62 2340.61 3140.19 3898.17
 7.7014 846.727 1580.62 2343.59  3144.2 3903.17
 7.7014 847.791  1582.6 2346.59 3148.15 3908.17
 7.7112 848.791  1584.6 2349.58 3152.15 3913.17
 7.7112 849.791 1586.61 2352.56 3156.16 3918.17
 7.7112 850.855  1588.6 2355.56 3160.11 3923.17
7.72092 851.855  1590.6 2358.56 3164.09 3928.17
7.72092 852.855 1592.62 2361.54  3168.1 3933.17
7.72092 853.924 1594.61 2364.54  3172.1  3938.1
7.73067 854.924 1596.61 2367.53  3176.1  3943.1
7.73067 855.993 1598.61 2370.49 3180.07  3948.1
7.74023 857.052 1600.61 2373.42 3184.07  3953.1
7.74995 858.052 1602.62  2376.4 3188.07  3958.1
7.74995 859.052 1604.64  2379.4 3192.07 3963.09
7.75968 860.052 1606.66  2382.4 3196.07 3968.06
7.75968 861.115 1608.64  2385.4 3200.02 3973.06
 7.7693 862.182 1610.64  2388.4 3204.02 3977.99
7.77869 863.225 1612.59  2391.4 3208.02 3982.99
7.78841 864.225 1614.61  2394.4 3212.02 3987.96
7.78841 865.297 1616.61  2397.4 3216.01 3992.91
7.78841 866.297 1618.61 2400.39 3220.02  3997.9
7.78841 867.297 1620.61 2403.39 3224.04 4002.88
7.79809 868.297 1622.61 2406.37 3228.05 4007.88
7.79809 869.297 1624.62 2409.36 3232.05 4012.88
7.79809 870.359  1626.6 2412.36    3236 4017.88
7.80756 871.417  1628.6 2415.36 3239.93 4022.88
7.81717 872.417 1630.61 2418.36 3243.92 4027.88
7.81717 873.417 1632.62 2421.34 3247.92 4032.88
7.82681 874.417 1634.62 2424.33 3251.93 4037.88
7.82681 875.417 1636.64 2427.32 3255.93 4042.87
7.82681 876.417 1638.64 2430.31 3259.94 4047.86
7.82681 877.479 1640.63 2433.31  3263.9 4052.86
7.82681  878.55 1642.63 2436.31 3267.88  4057.8
7.83609 879.592 1644.57 2439.31 3271.88  4062.8
7.83609 880.592 1646.59 2442.31 3275.88 4067.79
7.83609 881.592 1648.61 2445.31 3279.89 4072.77
7.83609 882.592 1650.62 2448.29 3283.89 4077.77
7.83609 883.592 1652.63 2451.29  3287.9 4082.75
7.83609 884.592 1654.65 2454.29  3291.9 4087.73
7.84553 885.658 1656.65 2457.29  3295.9 4092.66
 7.8549 886.715 1658.65 2460.22  3299.9 4097.66
 7.8549 887.715 1660.65 2463.22 3303.92 4102.65
 7.8549 888.715 1662.67 2466.22 3307.92 4107.62
7.86424 889.773 1664.67 2469.15 3311.92 4112.62
7.86424 890.843 1666.67 2472.15 3315.91 4117.57
7.86424 891.904 1668.65 2475.15 3319.86 4122.57
7.87369 892.904 1670.66 2478.15 3323.85 4127.57
7.88308  893.97 1672.66 2481.15 3327.85 4132.49
 7.8924 895.027 1674.66 2484.15 3331.78 4137.49
 7.8924 896.097 1676.66 2487.15 3335.76 4142.44
7.90186 897.097 1678.67 2490.13 3339.76 4147.44
7.91134 898.097 1680.67 2493.12 3343.77 4152.44
7.91134 899.097 1682.68  2496.1 3347.77 4157.44
7.91134 900.158 1684.67  2499.1 3351.72 4162.44
7.92083 901.158 1686.67  2502.1 3355.72 4167.43
7.93032 902.158 1688.67  2505.1 3359.72 4172.43
7.93977 903.158 1690.67 2508.08 3363.73 4177.43
 7.9492 904.158 1692.68 2511.06 3367.73 4182.43
7.95849 905.214 1694.68 2514.06 3371.66 4187.43
7.95849 906.214 1696.69 2517.06 3375.67  4192.4
7.95849 907.281 1698.69 2520.06 3379.67 4197.34
7.96796 908.281 1700.69 2523.06 3383.67 4202.33
7.96796 909.343 1702.68 2526.01 3387.67 4207.33
7.96796  910.41 1704.67 2529.01 3391.67 4212.27
7.97732  911.41 1706.68 2532.01 3395.66 4217.27
7.98657 912.466 1708.68 2534.94 3399.66 4222.27
7.99568 913.507 1710.63 2537.94 3403.66 4227.27
7.99568 914.573 1712.63 2540.91 3407.63 4232.27
7.99568 915.644 1714.63 2543.88 3411.63 4237.22
7.99568  916.71 1716.63 2546.84  3415.6 4242.22
8.00497 917.775 1718.63 2549.84  3419.6 4247.15
8.00497 918.775 1720.64 2552.84 3423.61 4252.13
8.01437 919.775 1722.64 2555.84 3427.61 4257.12
8.02364 920.839 1724.64 2558.84 3431.61 4262.05
8.03301 921.839 1726.64 2561.83 3435.61 4267.05
8.03301 922.839 1728.65 2564.81 3439.62 4272.05
8.04227 923.903 1730.65 2567.81 3443.62 4276.97
8.05133 924.944  1732.6 2570.81 3447.62 4281.97
8.05133 925.944 1734.62 2573.81 3451.62 4286.95
8.05133  927.01 1736.62 2576.77  3455.6 4291.95
8.06065  928.01 1738.63 2579.76  3459.6 4296.95
8.06065  929.08 1740.63 2582.73  3463.6 4301.91
8.06065  930.15 1742.63  2585.7  3467.6 4306.86
8.06065 931.216 1744.63 2588.67 3471.57 4311.86
8.06966 932.257 1746.58 2591.67 3475.57 4316.86
8.07887 933.321 1748.58 2594.67 3479.57 4321.79
8.07887 934.321 1750.58 2597.66 3483.59 4326.78
8.08817 935.321 1752.58 2600.66  3487.6 4331.76
8.08817 936.386 1754.58 2603.62 3491.57 4336.76
8.08817 937.452 1756.57 2606.62 3495.57 4341.69
8.09715 938.493 1758.52 2609.62 3499.57 4346.69
8.09715 939.493 1760.54 2612.62 3503.58 4351.67
8.10624 940.548 1762.54 2615.62 3507.51 4356.67
8.11534 941.603 1764.54 2618.62 3511.45 4361.67
8.11534 942.603 1766.54 2621.62 3515.46 4366.66
8.11534 943.603 1768.54 2624.61 3519.48 4371.65
8.11534 944.603 1770.55  2627.6 3523.48 4376.65
 8.1244 945.659 1772.55  2630.6 3527.42 4381.65
8.13358 946.659 1774.55  2633.6 3531.41 4386.65
8.14282 947.659 1776.55  2636.6 3535.42 4391.63
8.15208 948.659 1778.55  2639.6 3539.42 4396.62
8.16114 949.713 1780.55  2642.6 3543.35 4401.62
8.17021 950.768 1782.55  2645.6 3547.29 4406.62
8.17942 951.768 1784.56 2648.58 3551.29 4411.62
8.18848 952.823 1786.56 2651.58 3555.22 4416.62
8.18848 953.889 1788.56 2654.58 3559.22 4421.56
8.18848 954.949 1790.55 2657.53 3563.22 4426.56
8.18848 956.014 1792.55 2660.49  3567.2 4431.56
8.18848 957.073 1794.54 2663.49 3571.15 4436.56
8.18848 958.141 1796.54 2666.49 3575.13 4441.51
8.19757 959.204 1798.54 2669.49 3579.13 4446.44
8.20677 960.204 1800.54 2672.49 3583.13 4451.43
8.21586 961.267 1802.54 2675.49 3587.13 4456.36
8.21586 962.336 1804.54 2678.47 3591.13 4461.31
8.22493 963.399 1806.54 2681.47 3595.13 4466.24
8.23413 964.399 1808.54 2684.46 3599.13 4471.24
8.23413 965.458 1810.52 2687.46 3603.09 4476.24
8.23413 966.526 1812.52 2690.46 3607.07 4481.18
8.23413 967.586 1814.51 2693.42 3611.07 4486.18
8.24311 968.641 1816.51 2696.35 3615.07 4491.18
8.25227 969.641 1818.51 2699.35 3619.07 4496.18
8.25227  970.71 1820.51 2702.32 3623.07 4501.13
8.26138  971.71 1822.52 2705.31 3627.07 4506.13
 8.2705  972.71 1824.53 2708.31 3631.07 4511.11
 8.2705  973.71 1826.55 2711.31 3635.08 4516.09
 8.2796  974.71 1828.55 2714.29 3639.08 4521.09
8.28867  975.71 1830.56 2717.29 3643.07 4526.09
8.28867 976.769 1832.55 2720.29 3647.02 4531.09
8.29769 977.831 1834.55 2723.29 3651.02 4536.02
8.30675 978.831 1836.55 2726.29 3655.01 4541.02
8.31583 979.831 1838.56 2729.27 3659.01 4546.02
8.31583 980.891 1840.55 2732.22 3663.01 4551.02
8.31583 981.891 1842.56 2735.22 3667.01 4556.01
8.31583 982.891 1844.57  2738.2 3671.01 4561.01
8.31583  983.95 1846.56 2741.15 3675.01 4566.01
8.31583 985.009 1848.55 2744.15 3678.96 4571.01
8.32492 986.009 1850.55 2747.15 3682.96    4576
8.33398 987.009 1852.55 2750.15 3686.97 4580.98
8.33398 988.069 1854.54  2753.1 3690.97 4585.98
8.33398 989.133 1856.54  2756.1 3694.97 4590.92
8.33398 990.133 1858.55  2759.1 3698.98  4595.9
8.34292 991.194 1860.55  2762.1 3702.98 4600.83
8.34292 992.194 1862.56  2765.1 3706.99 4605.81
8.35185 993.256 1864.56  2768.1 3710.99 4610.74
8.35185  994.32 1866.56  2771.1 3714.99 4615.68
8.35185 995.379 1868.55  2774.1 3718.94 4620.68
8.35185 996.443 1870.54  2777.1 3722.94 4625.61
8.36056 997.482  1872.5  2780.1 3726.94 4630.61
8.36939 998.536  1874.5  2783.1 3730.88 4635.61
8.36939 999.595 1876.48  2786.1 3734.83 4640.61
8.37828 1000.66 1878.48  2789.1 3738.83 4645.54
8.38711 1001.71 1880.48  2792.1 3742.77 4650.54
8.38711 1002.77 1882.48 2795.07 3746.75 4655.54
8.38711 1003.77  1884.5 2798.06 3750.75 4660.53
8.39598 1004.84  1886.5 2801.06 3754.75 4665.46
8.39598  1005.9  1888.5 2804.06 3758.73 4670.41
8.40495  1006.9  1890.5 2807.06 3762.73  4675.4
8.41393  1007.9  1892.5 2810.06 3766.73  4680.4
8.42288  1008.9 1894.51 2813.06 3770.73 4685.38
8.43184  1009.9 1896.51 2816.06 3774.74 4690.36
8.44081  1010.9 1898.51 2819.06 3778.74 4695.35
8.44977  1011.9 1900.51 2822.06 3782.75 4700.33
 8.4587  1012.9 1902.52 2825.04 3786.75 4705.33
 8.4587  1013.9 1904.53 2828.03 3790.75 4710.33
 8.4587 1014.97 1906.53 2831.03 3794.73 4715.28
 8.4587 1015.97 1908.54 2834.01 3798.74 4720.28
8.46761 1016.97 1910.54    2837 3802.74 4725.28
8.46761 1018.03 1912.54 2839.97 3806.74 4730.24
8.46761 1019.03 1914.54 2842.97 3810.76 4735.23
8.47625 1020.07  1916.5 2845.97 3814.76 4740.23
8.48515 1021.07 1918.51 2848.97 3818.76 4745.21
8.49397 1022.13 1920.51 2851.97 3822.76 4750.14
 8.5026 1023.17 1922.46 2854.97 3826.76 4755.14
8.51151 1024.17 1924.46 2857.97 3830.77 4760.12
8.52026 1025.23 1926.46 2860.97  3834.7 4765.12
8.52026 1026.23 1928.46 2863.97 3838.72 4770.11
8.52026 1027.28 1930.45 2866.97 3842.67 4775.11
8.52026 1028.28 1932.46 2869.96 3846.67  4780.1
8.52916 1029.28 1934.46 2872.96 3850.67 4785.09
8.53799 1030.28 1936.47 2875.96 3854.66 4790.09
8.54672 1031.34 1938.47  2878.9 3858.66 4795.09
8.55544 1032.39 1940.47 2881.84 3862.66 4800.09
8.55544 1033.39 1942.47 2884.83 3866.68 4805.08
8.55544 1034.39 1944.47 2887.83 3870.69 4810.07
8.55544 1035.39 1946.48 2890.81 3874.69 4815.07
8.56414 1036.44 1948.48 2893.75 3878.69 4820.07
8.56414 1037.44 1950.49 2896.74  3882.7 4825.07
8.56414  1038.5 1952.49 2899.74  3886.7 4830.01
8.56414 1039.57 1954.49  2902.7 3890.67 4835.01
8.56414 1040.63 1956.49 2905.68 3894.67 4839.97
8.57295 1041.63  1958.5 2908.68 3898.67 4844.95
8.57295 1042.63 1960.51 2911.68 3902.68 4849.93
8.57295 1043.69 1962.51 2914.64 3906.65 4854.93
8.58159 1044.75 1964.51 2917.58 3910.65 4859.93
8.58159 1045.81 1966.51 2920.58 3914.64 4864.88
8.58159 1046.81 1968.53 2923.58 3918.64 4869.86
8.59039 1047.81 1970.53 2926.58 3922.64 4874.85
8.59039 1048.81 1972.54 2929.58 3926.65 4879.83
8.59901 1049.86 1974.54 2932.52 3930.65 4884.83
8.59901 1050.92 1976.54 2935.52 3934.65 4889.77
8.60776 1051.92 1978.55 2938.52 3938.65 4894.75
8.61648 1052.92 1980.55 2941.52 3942.64 4899.75
8.61648 1053.92 1982.56 2944.52 3946.65 4904.73
8.62508 1054.98 1984.56 2947.46 3950.65 4909.73
8.63368 1056.03 1986.56  2950.4 3954.65 4914.73
8.64242 1057.03 1988.56 2953.39 3958.65 4919.73
8.64242 1058.03 1990.58 2956.38 3962.65 4924.72
8.65091 1059.07 1992.53 2959.38 3966.65 4929.72
8.65956 1060.13 1994.53 2962.38 3970.65 4934.65
8.65956 1061.19 1996.53 2965.36 3974.65 4939.61
8.65956 1062.19 1998.53 2968.35 3978.66  4944.6
8.65956 1063.19 2000.53 2971.35 3982.68 4949.59
8.65956 1064.19 2002.53 2974.34 3986.69 4954.58
8.66829 1065.19 2004.53 2977.34 3990.69 4959.57