      1       2       4       4       4       6
1.57143 3.14286       6 6.28571       8      11
1.57143 4.58548       8 9.17096 11.6721      16
2.01212 5.87144      10  12.171 14.9455      21
2.34966 6.85638 11.6775  15.171 18.9455      26
2.34966 8.13695 13.8585  18.171 22.4839      31
2.69807 9.13695 15.9135  21.171 26.4839 35.5967
2.69807 10.1369 17.9135 24.2226 30.3013 40.7276
 3.0108 11.3119 19.9135 27.2226 33.8136 45.7276
 3.0108 12.5202 21.9135 30.1302 37.8136 50.6118
3.30783 13.5202 23.9135 33.1027 41.5441 55.6118
3.58737 14.5202 25.9343 36.1027 45.5441 60.3114
3.58737  15.702 28.0453 39.1027 49.2512 65.3114
3.58737  16.702 30.0453 42.1563 53.0974 70.4116
3.81716 17.7719 32.0453 44.8566 57.0974 75.4116
4.06916 18.7719 34.0453 47.8566 60.8668 80.3902
4.28375 19.7619 35.8407 50.8566 64.8668 85.3902
4.52465 20.8732 37.8407 53.8566 68.5146 90.3902
4.52465 21.8732 39.9564 56.8566 72.3453 95.4439
4.74204 22.9241 41.9564 59.5883 76.3453 100.444
4.74204 23.9241 44.0791 62.6031 80.2078 105.444
4.74204 25.0656 46.0791 65.6031 84.0349 110.475
4.92951 26.0566 47.9007 68.6031 88.0349 115.475
4.92951 27.0566 49.9965 71.6031 91.8867 120.528
5.11985 28.1013 51.9965  74.368 95.8867 125.528
5.31964 29.1013 53.9965 77.2699 99.8867 130.426
5.31964 30.1013 56.0857 80.2699 103.751 135.472
5.31964 31.2107 58.1526 83.2699 107.575 140.472
5.31964 32.3283 60.1526 86.2699 111.427 145.502
5.31964 33.3283 62.2132 89.2251 115.427 150.486
5.49332 34.3283 64.2132 92.1382 119.427   155.4
5.49332 35.4452 66.2132 95.1359 123.313   160.4
5.49332  36.562 68.2132 98.1336 127.198   165.4
5.49332 37.6789 70.2132 101.131 131.084   170.4
5.49332  38.762 72.2316 104.131 135.084 175.298
5.63479 39.7603 74.0919 107.131 139.084 180.298
5.78752 40.8379 76.0919 110.131 142.853 185.298
5.78752 41.8379 78.0919 113.147 146.765 190.372
5.93807 42.8379 80.1233 116.147 150.583 195.372
6.08863 43.8379 82.1548 119.147 154.401 200.372
6.23542 44.8379 84.1355 122.019 158.401 205.372
6.38131  45.887 86.1355 125.019 162.401 210.177
 6.5272  46.936 88.1355 128.019 166.401 214.982
6.66549 47.9305 90.0028 131.019 170.401 219.982
6.81458 48.9305 92.0028  133.95 174.401 224.902
6.96423 49.9305 94.0232  136.95  178.23 229.902
7.10993  50.975 96.0232  139.95  182.23 234.712
7.10993 52.0434 98.0357  142.95  186.23 239.631
7.10993 53.1324 100.036  145.95 190.127 244.645
7.10993 54.1324 102.093  148.95 194.038 249.677
7.10993 55.1324 104.132 151.924 198.038 254.663
7.10993 56.2212 106.132 154.925 201.949 259.663
7.10993 57.3069 108.132 157.925 205.849 264.678
7.24007 58.3069 110.111 160.815 209.849 269.678
7.37283 59.3069 112.131 163.815 213.697 274.678
7.50559 60.3069  114.15 166.815 217.545 279.678
7.63943 61.3069  116.15 169.815 221.424 284.665
7.77221 62.3069 118.168 172.815 225.272 289.665
7.77221 63.3069 120.204 175.791 229.272 294.653
7.90014 64.3069 122.182 178.685 233.272 299.653
7.90014 65.3871 124.182 181.686 237.191 304.653
7.90014 66.4537 126.182  184.65 241.191 309.623
7.90014 67.5203 128.182 187.614 245.191 314.593
7.90014 68.5788 130.192 190.614 249.191 319.525
7.90014 69.5788 132.241 193.614 253.113 324.554
8.02156 70.5788 134.241 196.614 257.003 329.542
8.02156 71.6355 136.251 199.614 261.003 334.476
8.14118 72.6355 138.251 202.614 264.895 339.464
8.14118 73.6355 140.305 205.624 268.831 344.464
8.25615 74.6355 142.286 208.528 272.831 349.464
8.25615 75.7064 144.286 211.528 276.746 354.478
8.25615 76.7682 146.286 214.495 280.746 359.449
8.25615 77.8225 148.295 217.495 284.746 364.386
8.36747 78.8718 150.295 220.495 288.585 369.386
8.36747 79.9382 152.327 223.495 292.487 374.386
8.36747 81.0045 154.359 226.495 296.388 379.386
8.47496 82.0045 156.342 229.404 300.388 384.386
8.47496 83.0652 158.342 232.372 304.388 389.358
8.47496 84.1259 160.342 235.339 308.388  394.33
8.58221 85.1259 162.342 238.339 312.291  399.32
8.68964 86.1259 164.342 241.322   316.2  404.32
8.68964 87.1782  166.35 244.322   320.2  409.26
8.79559 88.1782  168.35 247.322 324.104  414.25
8.79559 89.1782 170.398 250.331 328.047  419.25
8.79559 90.2443 172.398 253.331 331.969 424.262
8.79559 91.2953 174.406 256.331 335.969 429.203
8.89613 92.2953 176.399 259.331 339.969 434.109
8.89613 93.3441 178.404 262.278 343.969 439.109
8.89613 94.4092 180.404 265.278 347.894 444.119
8.99267 95.4337 182.404 268.157 351.894 449.119
 9.0912 96.4794 184.404 271.157  355.75 454.119
9.18974 97.5251 186.404 274.157 359.605 459.119
9.28719 98.5592 188.404 277.157 363.605 463.988
9.38568 99.6045 190.404 280.157 367.462 468.988
9.48216 100.628 192.404 283.037 371.462 473.988
9.57993 101.628 194.387 285.955 375.462 478.988
9.67732 102.661 196.387 288.955 379.462 483.857
9.77722 103.661 198.387 291.938 383.379 488.857
9.87615 104.661 200.387 294.892 387.379 493.804
9.97591 105.661 202.387 297.892 391.291 498.792
9.97591 106.661 204.425 300.892 395.231 503.814
10.0724 107.693 206.425 303.892 399.231 508.686
10.1696 108.693 208.418 306.892 403.231 513.596
10.1696 109.693 210.455 309.892 407.173 518.617
10.1696 110.754 212.455 312.891 411.113 523.617
10.1696 111.801 214.462 315.891 415.113 528.564
10.2656 112.801 216.462 318.874 419.034 533.564
10.3586 113.822 218.462  321.76 423.034 538.564
10.4523 114.852 220.462  324.76 427.034 543.439
10.5475 115.852 222.462 327.717 431.034 548.387
10.6435 116.852 224.462 330.699 434.956 553.387
10.7394 117.852 226.462 333.699 438.874 558.373
10.8345 118.852 228.462 336.656 442.874 563.321
10.8345 119.852 230.498 339.656  446.82  568.34
10.9245 120.848 232.412 342.656  450.82  573.34
11.0195 121.848 234.412 345.656  454.74 578.325
11.0195 122.905 236.412 348.654 458.684 583.325
11.1132 123.905 238.421 351.654 462.582 588.325
11.1132 124.959 240.421 354.654 466.519 593.333
11.2058 125.959 242.421 357.613 470.519 598.282
11.2985 126.959 244.421 360.571 474.519 603.231
11.2985 127.959 246.455 363.571 478.467 608.249
11.2985 129.015 248.455 366.569 482.413 613.249
11.3899 130.015 250.463 369.569 486.313 618.249
11.3899  131.07 252.463 372.568  490.26 623.249
11.4783 132.088 254.463 375.462  494.26 628.249
11.5683 133.123 256.463 378.462 498.134 633.249
11.5683 134.123 258.486 381.446 502.134 638.243
11.5683 135.123 260.508  384.43 506.134 643.236
11.5683 136.123  262.53 387.415 510.134  648.23
11.5683 137.123 264.567  390.42 514.092  653.23
11.5683 138.168 266.567 393.396 518.092 658.209
11.5683 139.168 268.603 396.402  522.05 663.209
11.5683 140.206 270.607 399.359  526.05 668.209
11.5683 141.251 272.607 402.335  530.05 673.188
11.6536 142.251 274.616 405.335 533.956 678.188
11.6536 143.299 276.638 408.335 537.887 683.188
11.6536 144.299  278.67 411.335 541.837 688.206
11.6536 145.343  280.67 414.311 545.837 693.185
11.7375 146.343  282.67 417.296 549.769 698.185
11.8203 147.343 284.663 420.296 553.769 703.109
11.8203 148.392 286.663 423.296 557.713 708.116
11.8203 149.392 288.694 426.296 561.664 713.133
11.9025 150.392 290.703 429.296 565.573 718.133
11.9025 151.392 292.739 432.301 569.532 723.133
11.9836 152.392 294.732 435.301 573.532 728.058
12.0636 153.408 296.732 438.205 577.532 733.058
12.1446 154.408 298.726 441.205 581.532 737.984
12.2267 155.408 300.726 444.189 585.466 742.984
12.2267  156.45 302.726 447.167 589.466 747.964
12.2267  157.45  304.76 450.171 593.427 752.964
12.3078  158.45  306.76 453.156 597.361 757.964
12.3867 159.466  308.76 456.061 601.361 762.964
12.3867 160.466  310.79 459.061 605.315 767.981
12.3867 161.466  312.82 462.061 609.269 772.997
12.4667 162.466  314.82 465.061 613.201 777.985
12.5451 163.489  316.82 468.061 617.201 782.884
12.5451 164.535  318.82 471.061 621.148 787.891
12.6246 165.535  320.82 474.046 625.084 792.891
12.6246 166.575  322.82 477.024 629.084 797.872
12.6246 167.575 324.854 480.029 633.046 802.872
12.7021 168.575 326.848 483.029 637.046 807.801
12.7806 169.575 328.848 486.029  640.98 812.789
12.7806 170.575 330.868 489.015  644.98 817.782
12.8566 171.589 332.868 491.924  648.98 822.782
12.9345 172.589 334.868 494.924 652.914  827.77
13.0116 173.589 336.862 497.924 656.914 832.699
13.0895 174.589 338.862 500.909 660.851 837.699
13.1663 175.589 340.849 503.845 664.851 842.699
13.1663 176.628 342.849 506.824 668.851 847.682
13.1663 177.628 344.849  509.83 672.818 852.709
13.1663 178.671 346.849  512.83 676.768 857.716
 13.242 179.671 348.842  515.83 680.768 862.646
13.3182 180.671 350.849  518.83 684.685 867.646
13.3182 181.671 352.869 521.817 688.685  872.64
13.3939 182.671 354.876 524.817 692.602  877.64
13.3939 183.671 356.876 527.823 696.569 882.667
13.3939 184.707 358.876 530.803 700.569 887.651
13.4679 185.728 360.876 533.803 704.569 892.556
13.4679 186.772 362.876 536.801 708.527 897.556
13.4679 187.772 364.895 539.788 712.527  902.55
 13.542 188.772 366.902 542.788 716.446  907.55
 13.542 189.772 368.921 545.775 720.446 912.544
13.6156 190.772 370.921 548.741 724.446 917.504
13.6156 191.772  372.94 551.728 728.446 922.498
13.6888 192.772  374.94 554.695 732.446 927.458
13.6888 193.772 376.967 557.695 736.406 932.472
13.6888 194.807 378.967 560.676 740.406 937.456
13.7617 195.807 380.967 563.661 744.348 942.456
13.8335 196.807 382.954 566.601 748.348 947.456
13.8335 197.807 384.954 569.607 752.317 952.481
13.9048 198.827 386.954 572.607 756.317  957.39
13.9048 199.827 388.984  575.61 760.284  962.39
13.9048 200.866 390.984  578.61 764.239 967.396
13.9048 201.897  392.99  581.61 768.239  972.36
13.9048 202.936  394.99  584.61 772.194 977.365
13.9754 203.936  396.99 587.578 776.194 982.327
13.9754 204.966 398.994 590.544 780.194 987.327
14.0457 205.966 401.001 593.544 784.117 992.327
14.1155 206.966 402.995 596.544 788.117 997.263
14.1155 207.966 405.013 599.532 792.117 1002.26
14.1155 208.966 407.039 602.532 796.079 1007.27
14.1155 209.966 409.057 605.519 800.079 1012.26
14.1155 210.995 411.063 608.519 804.079 1017.23
 14.184 211.995 413.058 611.519 808.079 1022.16
14.2529 212.995 415.058 614.488 812.079 1027.13
14.3211 214.014 417.058 617.488 816.079 1032.04
14.3892 215.033 419.058 620.488 820.079 1036.95
 14.457 216.045 421.058 623.408 824.079 1041.95
14.5258 217.045 423.064 626.408 828.004 1046.95
 14.595 218.045 425.064 629.408 831.948 1051.94
14.6639 219.045 427.064 632.377 835.948  1056.9
14.6639 220.045 429.092  635.38 839.918  1061.9
14.7324 221.045 431.097  638.38 843.843  1066.9
14.7324 222.079 433.114  641.38 847.792  1071.9
14.7324 223.108 435.121  644.38 851.792 1076.87
14.7324 224.108 437.148 647.383 855.761 1081.87
14.7324 225.108 439.166 650.371 859.761 1086.86
14.7324 226.146 441.166 653.369 863.725 1091.86
14.7994 227.146 443.172 656.369 867.652 1096.86
14.8663 228.146 445.172 659.339 871.652 1101.82
 14.933 229.146 447.167 662.339 875.652 1106.76
 14.933 230.146 449.185 665.328 879.652 1111.76
     15 231.146 451.185 668.328 883.598 1116.74
     15 232.173 453.189 671.297 887.598 1121.74
     15 233.173 455.216   674.3 891.568 1126.74
 15.066 234.173 457.216  677.27 895.568 1131.71
  15.13 235.167 459.158  680.27 899.568 1136.71
 15.194 236.161   461.1  683.27 903.568 1141.71
 15.194 237.197   463.1  686.27 907.529 1146.71
15.2594 238.197 465.094  689.27 911.529 1151.65
15.3246 239.214 467.094  692.27 915.529 1156.57
15.3246 240.245 469.094 695.254 919.529 1161.55
15.3246 241.272   471.1 698.254 923.529 1166.52
15.3901 242.272   473.1 701.254 927.477 1171.51
15.4553 243.272 475.105 704.254 931.407 1176.51
15.4553 244.307 477.105 707.254 935.368 1181.51
15.5197 245.307 479.093 710.201 939.368 1186.51
15.5197 246.339 481.109 713.201  943.32 1191.51
15.5844 247.339 483.114 716.201 947.251 1196.51
15.6488 248.339 485.109 719.201 951.251 1201.45
15.7124 249.349 487.109 722.127 955.251 1206.45
15.7771 250.349 489.109 725.098 959.251 1211.42
15.7771 251.384 491.109 728.097 963.218 1216.42
15.8412 252.406 493.109 731.097 967.132 1221.42
15.8412  253.44 495.109 734.097 971.094 1226.42
15.9048  254.44 497.097 737.045 975.094 1231.42
 15.968  255.45 499.097 739.971 979.094 1236.42
 15.968  256.45 501.119 742.971 983.062 1241.43
16.0313  257.45 503.108 745.919 987.062 1246.43
16.0313 258.476 505.112  748.89 991.062 1251.43
16.0949 259.476 507.112 751.862 995.062 1256.39
16.1583 260.497 509.112 754.862 998.977 1261.39
16.2219 261.497 511.112 757.833 1002.98 1266.36
16.2858 262.497 513.112 760.818 1006.93 1271.36
16.3494 263.497 515.115 763.818 1010.86 1276.36
16.3494 264.497 517.137 766.818 1014.83 1281.37
 16.413 265.497 519.137 769.804 1018.78 1286.37
16.4759 266.497 521.126 772.752 1022.78 1291.37
16.5383 267.506 523.126  775.68 1026.78 1296.37
16.6012 268.506 525.114 778.629 1030.78 1301.37
16.6626 269.501 527.059 781.629 1034.78 1306.37
16.7254 270.516 529.059 784.629 1038.78 1311.29
16.7254 271.516 531.059 787.632 1042.76 1316.31
16.7888 272.516 533.059 790.632 1046.71  1321.3
16.7888 273.541 535.064 793.632 1050.71 1326.27
16.7888 274.541 537.064 796.636 1054.68 1331.29
16.7888 275.541 539.088 799.638 1058.66 1336.29
16.8494 276.535 541.033 802.638 1062.66 1341.29
16.8494 277.535 543.056  805.64 1066.63 1346.29
16.9106 278.544 545.056 808.569 1070.63 1351.29
16.9723 279.544 547.045 811.519 1074.63 1356.29
16.9723 280.572 549.045 814.504 1078.63 1361.28
16.9723 281.572 551.068 817.505 1082.61 1366.28
16.9723 282.572 553.068 820.508 1086.58 1371.29
17.0335 283.572 555.062 823.508 1090.58 1376.24
17.0335 284.603 557.062 826.508 1094.55 1381.24
17.0335 285.603 559.083 829.508 1098.52 1386.25
17.0945 286.603 561.083 832.481 1102.52 1391.22
17.0945 287.631 563.083 835.465 1106.52 1396.21
17.1554 288.631 565.083 838.437 1110.52 1401.17
17.1554 289.662 567.083 841.437 1114.48 1406.18
17.2162 290.662 569.083 844.437 1118.44 1411.16
 17.276 291.671 571.083 847.369 1122.44 1416.16
17.3361 292.671 573.072  850.32 1126.44 1421.16
 17.397 293.671 575.072  853.32 1130.39 1426.15
 17.397 294.701 577.072  856.32 1134.36 1431.16
17.4576 295.701 579.072  859.32 1138.31 1436.14
 17.518 296.701 581.074  862.32 1142.24 1441.14
17.5783 297.701 583.074 865.292 1146.24 1446.11
17.6382 298.715 585.074 868.292 1150.24 1451.04
17.6989 299.715 587.074 871.277  1154.2 1456.04
17.7584 300.724 589.074 874.209  1158.2 1461.04
17.7584 301.754 591.074 877.209 1162.17 1466.04
17.8186 302.754 593.074 880.181 1166.17 1471.01
17.8779 303.762 595.074 883.113 1170.17 1476.01
17.9376 304.776 597.074 886.113 1174.17 1480.93
17.9376 305.776 599.094 889.113 1178.14 1485.94
17.9972 306.776 601.083 892.065 1182.14 1490.94
18.0566  307.79 603.083 895.065 1186.14 1495.87
18.0566  308.79 605.083 898.068 1190.12 1500.89
18.1164  309.79 607.085 901.068 1194.05 1505.89
18.1745 310.784 609.033 904.068 1198.05 1510.89
 18.234 311.801 611.033 907.068 1201.98 1515.89
 18.234  312.83 613.033 910.068 1205.94 1520.89
18.2938  313.83 615.033 913.068  1209.9 1525.88
18.3531 314.848 617.033 916.068 1213.82 1530.88
18.4129 315.848 619.033 919.068 1217.78 1535.86
18.4129 316.878 621.033 922.065 1221.75 1540.86
18.4129 317.904 623.033 925.051 1225.75 1545.85
18.4129 318.904 625.033 928.053 1229.73 1550.87
18.4714 319.918 627.033 931.053 1233.73  1555.8
18.4714 320.918 629.052 934.053  1237.7 1560.81
18.5302 321.918 631.052 937.027  1241.7 1565.78
18.5885 322.931 633.052 940.027  1245.7  1570.7
18.6473 323.931 635.052     943  1249.7 1575.67
18.6473 324.931 637.073 946.001 1253.68 1580.67
18.7052 325.939 639.073 948.935 1257.68 1585.67
18.7622 326.933 641.022 951.935 1261.68 1590.67
18.7622 327.958 643.022 954.921 1265.68 1595.66
18.7622 328.984 645.034 957.921 1269.64 1600.66
18.8207 329.984 647.034 960.906 1273.59 1605.66
18.8789 330.984 649.036 963.906 1277.53 1610.66
18.9369 332.001 651.036 966.906 1281.46 1615.66
18.9951 333.001 653.038 969.906  1285.4 1620.66
18.9951 334.023 655.041 972.881  1289.4 1625.66
19.0528 335.023  657.03 975.835  1293.4 1630.66
19.0528 336.023 659.048 978.835 1297.37 1635.67
19.1107 337.023 661.049 981.835 1301.31 1640.67
19.1107 338.052 663.049 984.833 1305.29 1645.67
19.1669 339.046 664.999 987.833 1309.29 1650.67
19.1669 340.071 666.999 990.819 1313.29 1655.66
19.2246 341.071 668.999 993.804 1317.24 1660.66
19.2246 342.071 671.012 996.794 1321.24 1665.66
19.2815 343.083 673.012 999.794 1325.24 1670.59
19.3389 344.083 675.014 1002.79 1329.18 1675.59
19.3958 345.096 677.014 1005.79 1333.18 1680.52
19.3958  346.12 679.014 1008.78 1337.18 1685.51
19.4529  347.12 681.015 1011.78 1341.12 1690.51
19.5094 348.128 683.015 1014.72 1345.12 1695.51
19.5094 349.128 685.028 1017.71 1349.12  1700.5
19.5094 350.128 687.028 1020.71 1353.11 1705.52
19.5662 351.128 689.029 1023.71 1357.05 1710.52
19.6228 352.144 691.029 1026.71 1360.97 1715.52
19.6228 353.172 693.029 1029.71 1364.95 1720.52
19.6781 354.166  694.98 1032.71 1368.95 1725.52
19.7333  355.16 696.931 1035.71 1372.95 1730.52
19.7333  356.16 698.931 1038.71 1376.93 1735.54
19.7333 357.181 700.934 1041.69 1380.93 1740.54
19.7894 358.197 702.934 1044.69 1384.86 1745.54
 19.846 359.197 704.934 1047.69 1388.81 1750.52
 19.846 360.217 706.936 1050.66 1392.81 1755.52
19.9022 361.217 708.936 1053.64 1396.81 1760.49
19.9022 362.238  710.94 1056.64 1400.81 1765.47
19.9022 363.238 712.952 1059.63 1404.81 1770.47
19.9022 364.262 714.952 1062.61 1408.81 1775.46
19.9022 365.286 716.952  1065.6 1412.81 1780.45
19.9574 366.286 718.941 1068.56 1416.81 1785.45
19.9574 367.309 720.941 1071.54 1420.81 1790.44
20.0128 368.309 722.942 1074.54 1424.76 1795.44
20.0679 369.325 724.942 1077.54 1428.69 1800.44
20.1227 370.332 726.942 1080.48 1432.69 1805.44
20.1781 371.332 728.942 1083.46 1436.69 1810.41
20.2335 372.332 730.942 1086.43 1440.69 1815.38
20.2889 373.332 732.942 1089.41 1444.69 1820.35
20.3429 374.326 734.894 1092.41 1448.69 1825.35
20.3976 375.333 736.894 1095.34 1452.69 1830.35
20.3976 376.333 738.894 1098.35 1456.67 1835.36
20.3976 377.333 740.894 1101.35 1460.65 1840.38
20.3976 378.358 742.905 1104.35 1464.61 1845.38
20.4521 379.369 744.905 1107.35 1468.61 1850.31
20.5067 380.369 746.894  1110.3 1472.61 1855.31
20.5613 381.381 748.894  1113.3 1476.61 1860.25
20.5613 382.381 750.894 1116.31 1480.59 1865.26
20.5613 383.405 752.905 1119.31 1484.56 1870.26
20.5613 384.431 754.905  1122.3 1488.54 1875.26
20.6158 385.431 756.905  1125.3 1492.48 1880.26
20.6158 386.431 758.905 1128.31 1496.46 1885.28
20.6158 387.431 760.917  1131.3 1500.46 1890.28
20.6158 388.457 762.917  1134.3 1504.43 1895.28
20.6158 389.457 764.933  1137.3 1508.41 1900.29
20.6158 390.457 766.949  1140.3 1512.38  1905.3
20.6694 391.457 768.943  1143.3 1516.38 1910.25
20.6694 392.457 770.954 1146.29 1520.38 1915.25
20.6694 393.479 772.954 1149.27 1524.38 1920.24
20.7216 394.474 774.908 1152.27 1528.38 1925.24
20.7216 395.493  776.91 1155.25 1532.38 1930.24
20.7751 396.493  778.91 1158.25 1536.34 1935.22
20.7751 397.517 780.921 1161.25 1540.31 1940.22
20.7751 398.542 782.921 1164.25 1544.28 1945.23
20.7751 399.542 784.937 1167.25 1548.26 1950.24
20.8279 400.542 786.931 1170.25 1552.26 1955.19
20.8279 401.542 788.942 1173.24 1556.26 1960.19
20.8795 402.536 790.896 1176.24 1560.26 1965.19
20.9323 403.536 792.896 1179.24  1564.2 1970.19
20.9323 404.536 794.908 1182.23  1568.2 1975.18
20.9844 405.543 796.908 1185.18  1572.2 1980.18
20.9844 406.543 798.908 1188.18 1576.19  1985.2
21.0363 407.549 800.908 1191.12 1580.19  1990.2
21.0363 408.575 802.908 1194.12 1584.16  1995.2
21.0363 409.594 804.911 1197.12 1588.16 2000.18
21.0874 410.589 806.865 1200.12 1592.16 2005.18
21.0874 411.589  808.88 1203.12 1596.14 2010.19
21.0874 412.612 810.891 1206.12 1600.11 2015.19
21.0874 413.631 812.894 1209.12 1604.11 2020.16
21.0874 414.653 814.894  1212.1 1608.11 2025.15
21.0874 415.675 816.894 1215.09 1612.11 2030.15
21.0874 416.694 818.896 1218.07 1616.11 2035.15
21.0874 417.694 820.914 1221.07 1620.09 2040.15
21.1388 418.694 822.914 1224.07 1624.04 2045.15
21.1388 419.694 824.929 1227.07 1628.01 2050.15
21.1902 420.694 826.929 1230.06 1631.98 2055.15
21.2403 421.688 828.885 1233.06 1635.98 2060.15
21.2918 422.688 830.885 1236.06 1639.94 2065.14
21.3432 423.688 832.885 1239.04  1643.9 2070.14
21.3432 424.688 834.885 1242.05 1647.88 2075.16
21.3432 425.711 836.895 1245.05 1651.85 2080.16
21.3944 426.711 838.895 1248.05 1655.81 2085.14
21.4451 427.722 840.895 1251.05 1659.81 2090.08
21.4451 428.722 842.912 1254.05 1663.79 2095.08
 21.496 429.722 844.912 1257.05 1667.74 2100.08
21.5467 430.722 846.906 1260.05 1671.74 2105.04
21.5467 431.722 848.921 1263.05 1675.72 2110.05
21.5971 432.732 850.921 1266.05 1679.72 2114.99
21.5971 433.756 852.921 1269.05 1683.69 2119.99
21.6474 434.766 854.921 1272.05 1687.69 2124.93
 21.697 435.761 856.877 1275.05 1691.69 2129.93
21.7471 436.767 858.877 1277.99 1695.69 2134.93
21.7471 437.791 860.877 1280.99 1699.67 2139.93
21.7471 438.813 862.877 1283.98 1703.67 2144.92
21.7973 439.826 864.877 1286.98  1707.6 2149.92
21.7973 440.845 866.879 1289.98  1711.6  2154.9
21.8474 441.859 868.879 1292.98 1715.54  2159.9
21.8974 442.859 870.869 1295.94 1719.54  2164.9
21.8974 443.877 872.872 1298.94 1723.54 2169.88
21.8974 444.877 874.888 1301.94 1727.52 2174.88
21.8974 445.877 876.899 1304.93 1731.52 2179.87
21.9472 446.877 878.893 1307.93 1735.52 2184.83
21.9472 447.895 880.895 1310.91 1739.52 2189.83
21.9472 448.895 882.912 1313.91  1743.5 2194.83
21.9472 449.895 884.912 1316.91 1747.49 2199.85
21.9472 450.917 886.921 1319.91 1751.46 2204.85
21.9472 451.938 888.921  1322.9 1755.46 2209.84
21.9966 452.938 890.922  1325.9 1759.41 2214.84
22.0462 453.938 892.922 1328.89 1763.37 2219.84
 22.095 454.944 894.922 1331.83 1767.37 2224.84
22.1433 455.939 896.879 1334.83 1771.37 2229.84
22.1433 456.959 898.879 1337.82 1775.37 2234.83
22.1925 457.973 900.879 1340.82 1779.31 2239.83
22.2419 458.973 902.879 1343.82 1783.27 2244.82
22.2913 459.973 904.879 1346.81 1787.23 2249.82
22.3401 460.979 906.879 1349.75 1791.23 2254.82
22.3401 461.999 908.879 1352.74 1795.23 2259.81
22.3401 463.023 910.879 1355.74 1799.21 2264.81
22.3401 464.046 912.879 1358.74 1803.19 2269.81
 22.388 465.041 914.836 1361.74 1807.19 2274.81
 22.388 466.063 916.836 1364.74 1811.16 2279.81
22.4365 467.073 918.836 1367.74 1815.16 2284.75
22.4852 468.073 920.829 1370.74 1819.16 2289.71
22.4852 469.073 922.829 1373.74 1823.14 2294.73
22.5337 470.087 924.829 1376.74 1827.08 2299.73
22.5337 471.087 926.829 1379.74 1831.07 2304.74
22.5337  472.11 928.829 1382.74 1835.05 2309.74
22.5337  473.13 930.829 1385.73 1839.05 2314.73
22.5822  474.13 932.829 1388.71 1843.05 2319.71
22.6307  475.13 934.829 1391.69 1847.01 2324.71
22.6307 476.154 936.829 1394.69 1850.99 2329.71
22.6307 477.176 938.829 1397.69 1854.96 2334.71
22.6307 478.194 940.831 1400.67 1858.96 2339.71
22.6307 479.194 942.847 1403.67 1862.95 2344.71
22.6782   480.2 944.847 1406.62 1866.95 2349.71
22.7264   481.2 946.847 1409.62 1870.91  2354.7
22.7264 482.221 948.856 1412.62 1874.88  2359.7
22.7738 483.227 950.856 1415.57 1878.88  2364.7
22.7738 484.248 952.865 1418.57 1882.85  2369.7
22.8206 485.243 954.824 1421.57 1886.85  2374.7
22.8206  486.26 956.826 1424.55 1890.85  2379.7
22.8206  487.26 958.839 1427.55 1894.83 2384.71
22.8206  488.28 960.839 1430.53 1898.83  2389.7
22.8681  489.28 962.839 1433.53 1902.78  2394.7
22.8681  490.28 964.855 1436.54 1906.76  2399.7
22.9145 491.276 966.813 1439.54 1910.76  2404.7
22.9621 492.276 968.813 1442.52 1914.73  2409.7
23.0085 493.271 970.772 1445.52 1918.73  2414.7
23.0085 494.271 972.772 1448.52 1922.71 2419.71
23.0555 495.271 974.761 1451.49 1926.71 2424.71
23.0555 496.293 976.761 1454.49 1930.69 2429.71
23.1025 497.302 978.761 1457.49 1934.69 2434.66
23.1497 498.302 980.761 1460.49 1938.64 2439.66
23.1969 499.302 982.761 1463.49 1942.59 2444.66
23.1969 500.323  984.77 1466.49 1946.57 2449.66
23.2441 501.323  986.77 1469.47 1950.53 2454.66
23.2441 502.323 988.785 1472.48 1954.51 2459.66
23.2902 503.318 990.744 1475.48 1958.51 2464.66
23.3369 504.318 992.734 1478.44 1962.51 2469.66
23.3835 505.324 994.734 1481.39 1966.51 2474.66
23.4305 506.324 996.733 1484.39 1970.47 2479.66
23.4305 507.324 998.733 1487.39 1974.45 2484.67
23.4772 508.336 1000.73 1490.39 1978.39 2489.67
23.5237 509.342 1002.73 1493.34 1982.39 2494.67
23.5706 510.342 1004.73 1496.34 1986.35 2499.67
23.6165 511.337 1006.69 1499.34 1990.35 2504.67
 23.663 512.342 1008.69 1502.29 1994.35 2509.67
 23.663 513.361 1010.69 1505.27 1998.35 2514.66
 23.663 514.361  1012.7 1508.27 2002.33 2519.67
23.7094 515.371  1014.7 1511.27 2006.33 2524.62
 23.756 516.383  1016.7 1514.27 2010.27 2529.62
23.8027 517.383  1018.7 1517.25 2014.27 2534.59
23.8492 518.383 1020.69 1520.22 2018.27 2539.59
23.8492   519.4  1022.7 1523.22 2022.27 2544.57
23.8492 520.421  1024.7 1526.22 2026.24 2549.57
23.8492 521.421 1026.71 1529.21 2030.24 2554.57
23.8492 522.437 1028.71 1532.19 2034.24 2559.57
23.8953 523.447 1030.71 1535.19 2038.24 2564.52
23.9418 524.447 1032.71 1538.18 2042.21 2569.52
23.9881 525.447 1034.71 1541.18 2046.16 2574.52
24.0346 526.447 1036.71 1544.18 2050.13 2579.51
24.0808 527.459 1038.71 1547.18 2054.07 2584.51
24.0808 528.459 1040.72 1550.18 2058.05 2589.51
24.1269 529.459 1042.71 1553.14 2062.05 2594.51
24.1733 530.459 1044.71 1556.13 2066.02 2599.51
24.2194 531.459 1046.71 1559.13 2070.02 2604.47
24.2658 532.459 1048.71 1562.13 2073.99 2609.46
24.3119 533.459  1050.7 1565.13 2077.99 2614.42
24.3119 534.481  1052.7 1568.13 2081.97 2619.42
24.3579 535.481 1054.69 1571.09 2085.97 2624.42
24.4031 536.476 1056.65 1574.09 2089.97 2629.42
24.4031 537.492 1058.65 1577.07 2093.97 2634.42
24.4491 538.504 1060.65 1580.07 2097.91 2639.42
24.4491 539.524 1062.66 1583.07 2101.88 2644.42
24.4946 540.529 1064.66 1586.02 2105.88 2649.42
24.4946 541.529 1066.67 1589.01 2109.88 2654.42
24.4946 542.547 1068.67    1592 2113.88 2659.41
24.5406 543.547 1070.67 1594.99 2117.85 2664.41
24.5406 544.566 1072.67 1597.98 2121.85  2669.4
24.5406 545.584 1074.67 1600.97 2125.85 2674.39
24.5864 546.584 1076.67 1603.97 2129.81 2679.38
24.5864 547.605 1078.67 1606.97 2133.79 2684.38
24.6317 548.605 1080.66 1609.93 2137.79 2689.38
24.6317 549.621 1082.66 1612.92 2141.79 2694.38
24.6771 550.633 1084.66 1615.92 2145.73 2699.38
24.7224 551.645 1086.66 1618.92 2149.67 2704.38
 24.768 552.645 1088.66  1621.9 2153.64 2709.38
24.8131  553.65 1090.66 1624.85 2157.64 2714.38
24.8131  554.67 1092.66 1627.85 2161.62 2719.39
24.8131 555.686 1094.66 1630.83 2165.62 2724.39
24.8131 556.702 1096.66 1633.83 2169.62 2729.37
24.8585 557.702 1098.66 1636.82 2173.59 2734.37
24.9034 558.711 1100.66 1639.82 2177.59 2739.32
24.9034 559.733 1102.66 1642.82 2181.57 2744.32
24.9034 560.752 1104.67 1645.82 2185.54 2749.32
24.9484 561.764 1106.67 1648.82 2189.48 2754.32
24.9484 562.764 1108.68 1651.82 2193.46 2759.32
24.9484 563.764 1110.69 1654.82 2197.44 2764.33
24.9934 564.764 1112.69 1657.81 2201.41 2769.33
25.0383 565.764 1114.69 1660.81 2205.37 2774.33
25.0383 566.785 1116.69 1663.81 2209.35 2779.33
 25.083 567.797 1118.69 1666.81 2213.29 2784.33
25.1277 568.808 1120.69 1669.81 2217.23 2789.33
25.1723 569.808 1122.68 1672.77 2221.23 2794.33
25.1723 570.808  1124.7 1675.77 2225.22 2799.33
25.1723 571.808 1126.71 1678.77  2229.2 2804.33
25.2171 572.808 1128.71 1681.76 2233.17 2809.33
25.2615 573.817 1130.71 1684.76 2237.17 2814.28
25.3061 574.829 1132.71 1687.76 2241.12 2819.28
25.3061 575.849 1134.71 1690.76 2245.09 2824.28
25.3061 576.869 1136.71 1693.76 2249.07 2829.28
25.3504 577.869  1138.7 1696.73 2253.07 2834.28
25.3504 578.885  1140.7 1699.73 2257.07 2839.27
25.3949 579.885  1142.7 1702.71 2261.04 2844.27
25.4391 580.893  1144.7 1705.71 2265.04 2849.21
25.4391 581.893 1146.72 1708.71 2269.02 2854.21
25.4833 582.893 1148.71 1711.71 2273.02 2859.18
25.5275 583.893  1150.7 1714.68 2277.02 2864.18
25.5275 584.893 1152.71 1717.67 2281.02 2869.17
25.5275 585.909 1154.71 1720.67 2285.02 2874.16
25.5275 586.925 1156.71 1723.66 2289.02 2879.16
25.5275 587.925 1158.73 1726.66    2293 2884.16
25.5714 588.925 1160.72 1729.66    2297 2889.13
25.5714 589.945 1162.72 1732.65 2300.98 2894.13
25.6154 590.945 1164.72 1735.63 2304.98  2899.1
25.6594 591.945 1166.72 1738.63 2308.95 2904.09
25.6594 592.963 1168.72 1741.62 2312.95 2909.09
25.6594 593.963 1170.73 1744.62 2316.93 2914.09
25.7029 594.968 1172.73 1747.57 2320.93 2919.09
25.7029 595.988 1174.73 1750.57 2324.91  2924.1
25.7029 596.988 1176.74 1753.57 2328.91 2929.09
25.7464 597.988 1178.73 1756.57 2332.91 2934.06
25.7464 598.988 1180.73 1759.57  2336.9 2939.07
25.7464 600.005 1182.73 1762.56  2340.9 2944.06
  25.79 601.005 1184.73 1765.56 2344.86 2949.05
25.8334 602.016 1186.73 1768.56 2348.81 2954.05
25.8334 603.016 1188.74 1771.55 2352.81 2959.05
25.8761 604.012  1190.7 1774.55 2356.81 2964.05
25.8761 605.032  1192.7 1777.55 2360.79 2969.05
25.8761 606.052  1194.7 1780.55 2364.77 2974.05
25.8761 607.069  1196.7 1783.54 2368.77 2979.05
25.8761 608.088 1198.71 1786.54 2372.74 2984.05
25.9192 609.088 1200.71 1789.54  2376.7 2989.05
25.9624 610.088 1202.71 1792.54 2380.66 2994.05
26.0054 611.088  1204.7  1795.5 2384.66 2999.05
26.0486 612.088  1206.7 1798.49 2388.62 3004.05
26.0486 613.088  1208.7 1801.49 2392.61 3009.06
26.0916 614.088 1210.69 1804.49 2396.61 3014.02
26.1348 615.088 1212.69 1807.49 2400.58 3019.01
26.1777 616.088 1214.68 1810.46 2404.58 3024.01
26.1777 617.088  1216.7 1813.46 2408.56 3029.01
26.2206 618.088 1218.69 1816.46 2412.56 3033.98
26.2206 619.106  1220.7 1819.46 2416.54 3038.98
26.2206 620.106 1222.71 1822.46 2420.52 3043.98
26.2635 621.106 1224.71 1825.44 2424.52 3048.96
26.3059  622.11 1226.71 1828.39 2428.52 3053.96
 26.348 623.106 1228.67 1831.39 2432.52 3058.96
 26.391 624.106 1230.67 1834.39 2436.49 3063.95
 26.391 625.106 1232.68 1837.39 2440.47 3068.96
26.4337 626.106 1234.68 1840.39 2444.47 3073.92
26.4765 627.106 1236.68 1843.37 2448.47  3078.9
26.5194 628.106 1238.68 1846.36 2452.44  3083.9
26.5621 629.117 1240.68 1849.36 2456.38  3088.9
26.5621 630.117 1242.69 1852.36 2460.37  3093.9
26.6047 631.127 1244.69 1855.36 2464.32  3098.9
26.6047 632.127 1246.69 1858.36  2468.3 3103.91
26.6472 633.127 1248.68 1861.36  2472.3 3108.87
26.6472 634.127  1250.7 1864.36 2476.29 3113.87
26.6472 635.146  1252.7 1867.36 2480.27 3118.88
26.6896 636.146 1254.69 1870.33 2484.27 3123.88
 26.732 637.146 1256.68 1873.33 2488.27 3128.84
26.7743 638.146 1258.67  1876.3 2492.27 3133.84
26.8167 639.157 1260.67  1879.3 2496.21 3138.84
26.8167 640.176 1262.67  1882.3  2500.2 3143.84
26.8591 641.187 1264.67  1885.3 2504.14 3148.84
26.9014 642.187 1266.67  1888.3 2508.14 3153.81
26.9439 643.187 1268.67 1891.28 2512.14 3158.78
26.9439 644.204 1270.67 1894.27 2516.14 3163.78
 26.986 645.212 1272.67 1897.27 2520.14 3168.73
27.0282 646.212 1274.66 1900.23 2524.14 3173.73
27.0707 647.212 1276.66 1903.22 2528.11 3178.73
27.0707 648.226 1278.66 1906.22 2532.11 3183.71
27.1129 649.226 1280.65 1909.19 2536.11 3188.71
27.1129 650.245 1282.65 1912.19 2540.09 3193.71
27.1552 651.245 1284.65 1915.18 2544.06 3198.71
27.1552 652.264 1286.65 1918.18 2548.04 3203.71
27.1552 653.264 1288.66 1921.17 2552.04 3208.71
27.1975 654.264 1290.66 1924.16 2556.01 3213.71
27.1975 655.264 1292.66 1927.16    2560 3218.72
27.2394 656.275 1294.66 1930.16 2563.95 3223.72
27.2815 657.275 1296.66 1933.14 2567.95  3228.7
27.2815 658.275 1298.67 1936.14 2571.93  3233.7
27.2815 659.275 1300.68 1939.13 2575.93  3238.7
27.3235 660.275 1302.68 1942.12  2579.9  3243.7
27.3235 661.275 1304.69 1945.12 2583.89  3248.7
27.3235 662.293 1306.69 1948.12 2587.87  3253.7
27.3235 663.293  1308.7 1951.12 2591.86  3258.7
27.3235 664.308  1310.7 1954.11 2595.86  3263.7
27.3648 665.312  1312.7 1957.06 2599.86  3268.7
27.3648 666.328  1314.7 1960.05 2603.86  3273.7
27.4061 667.333  1316.7 1963.01 2607.86  3278.7
27.4477 668.333  1318.7 1966.01 2611.81  3283.7
27.4892 669.343  1320.7 1969.01 2615.76  3288.7
27.5308 670.343  1322.7 1971.99 2619.76 3293.67
 27.572 671.347  1324.7 1974.94 2623.76 3298.67
 27.572 672.347 1326.72 1977.94 2627.75 3303.67
 27.572 673.347 1328.72 1980.93 2631.75 3308.67
 27.572 674.365 1330.72 1983.93 2635.73 3313.68
 27.572 675.384 1332.72 1986.93 2639.71 3318.68
27.6135 676.384 1334.72 1989.92 2643.68 3323.68
27.6545 677.388 1336.72 1992.88 2647.68 3328.68
27.6959 678.388 1338.72 1995.86 2651.68 3333.66
27.6959 679.405 1340.73 1998.86 2655.65 3338.66
27.7368 680.409 1342.73 2001.81 2659.65 3343.66
27.7777 681.414 1344.73 2004.77 2663.65 3348.66
 27.819 682.414 1346.73 2007.75 2667.65 3353.64
 27.819 683.433 1348.73 2010.75 2671.64 3358.64
27.8603 684.433 1350.73 2013.73 2675.64 3363.61
27.8603 685.447 1352.73 2016.73 2679.64  3368.6
27.9011 686.451 1354.73 2019.68 2683.64  3373.6
27.9011  687.47 1356.73 2022.68 2687.62  3378.6
27.9011 688.489 1358.73 2025.68  2691.6  3383.6
27.9419 689.496 1360.73 2028.68  2695.6 3388.55
 27.983 690.496 1362.73 2031.68 2699.56 3393.55
28.0241 691.496 1364.73 2034.68 2703.53 3398.54
28.0653 692.496 1366.73 2037.66  2707.5 3403.54
28.0653 693.496 1368.74 2040.67 2711.49 3408.54
28.0653 694.514 1370.74 2043.67 2715.47 3413.54
28.0653 695.528 1372.74 2046.65 2719.47 3418.54
28.0653 696.528 1374.75 2049.64 2723.47 3423.54
28.0653 697.528 1376.76 2052.64 2727.47 3428.54
28.0653 698.542 1378.76 2055.64 2731.47 3433.53
 28.106 699.542 1380.76 2058.64 2735.43 3438.53
 28.146 700.538 1382.72 2061.64 2739.43 3443.53
28.1865 701.538 1384.72  2064.6 2743.43 3448.53
28.1865 702.538 1386.73  2067.6 2747.41 3453.53
28.1865 703.555 1388.73  2070.6 2751.39 3458.53
28.2264  704.55  1390.7  2073.6 2755.39 3463.53
28.2669  705.55  1392.7  2076.6 2759.35 3468.53
28.3073 706.557  1394.7  2079.6 2763.35 3473.48
28.3479 707.557  1396.7 2082.58 2767.35 3478.46
28.3885 708.557  1398.7 2085.58 2771.32 3483.45
28.3885 709.575  1400.7 2088.58  2775.3 3488.46
28.3885 710.589  1402.7 2091.58  2779.3 3493.44
28.3885 711.589 1404.71 2094.58 2783.28 3498.45
28.4282 712.584 1406.67 2097.58 2787.28 3503.45
28.4683 713.588 1408.67 2100.54 2791.28 3508.45
28.4683 714.588 1410.67 2103.54 2795.27 3513.46
28.4683 715.604 1412.67 2106.53 2799.27 3518.45
28.5085 716.614 1414.67 2109.53 2803.22 3523.45
28.5489 717.614 1416.67 2112.52 2807.19 3528.45
28.5489 718.628 1418.67 2115.52 2811.19 3533.44
28.5892 719.628 1420.67 2118.52 2815.16 3538.43
28.5892 720.643 1422.67 2121.51 2819.16 3543.42
28.5892 721.657 1424.68 2124.49 2823.16 3548.42
28.5892 722.675 1426.68 2127.49 2827.14 3553.42
28.6293 723.675 1428.68 2130.48 2831.12 3558.42
28.6293 724.689 1430.68 2133.47 2835.12 3563.42
28.6293 725.706 1432.68 2136.47 2839.09 3568.42
28.6693 726.706 1434.68 2139.47 2843.05 3573.42
28.6693 727.724 1436.68 2142.46 2847.04 3578.42
28.7093 728.724 1438.68 2145.46 2851.01 3583.41
28.7093 729.738 1440.69 2148.46 2855.01  3588.4
28.7491 730.738 1442.69 2151.44 2859.01 3593.38
28.7491 731.738  1444.7 2154.44 2862.99 3598.38
28.7491 732.753  1446.7 2157.43 2866.99 3603.38
28.7491 733.767  1448.7 2160.42 2870.99 3608.38
28.7491 734.767  1450.7 2163.41 2874.99 3613.38
28.7491 735.781 1452.71  2166.4 2878.99 3618.38
28.7886 736.781  1454.7  2169.4 2882.95 3623.38
28.7886 737.795 1456.71 2172.38 2886.95 3628.38
28.7886 738.812 1458.71 2175.38 2890.93 3633.38
28.8282 739.812 1460.71 2178.37  2894.9 3638.38
28.8675 740.821 1462.71 2181.37 2898.86 3643.38
28.9068 741.829 1464.71 2184.37 2902.86 3648.33
28.9461 742.838 1466.71 2187.37 2906.81 3653.33
28.9849 743.834 1468.67 2190.37 2910.81 3658.33
28.9849 744.851 1470.67 2193.37 2914.79 3663.33
 29.024 745.855 1472.67 2196.33 2918.79 3668.33
 29.024 746.869 1474.67 2199.31 2922.79 3673.33
29.0627 747.864 1476.64 2202.31 2926.79 3678.33
 29.102 748.864 1478.64 2205.29 2930.79 3683.31
29.1412 749.864 1480.63 2208.26 2934.79 3688.31
29.1412 750.881 1482.64 2211.26 2938.76 3693.31
29.1804  751.89 1484.64 2214.26 2942.72 3698.31
29.1804 752.908 1486.64 2217.26  2946.7 3703.31
29.1804 753.925 1488.64 2220.26 2950.68 3708.32
29.2197 754.925 1490.64 2223.26 2954.65 3713.31
 29.259 755.925 1492.64 2226.25 2958.62 3718.31
 29.298 756.925 1494.63 2229.22 2962.62 3723.31
29.3372 757.925 1496.63 2232.22 2966.59  3728.3
29.3372 758.925 1498.63 2235.22 2970.58 3733.31
29.3765 759.925 1500.63 2238.21 2974.55 3738.31
29.3765 760.941 1502.63  2241.2 2978.55  3743.3
29.3765 761.941 1504.64  2244.2 2982.54  3748.3
29.4156 762.941 1506.64 2247.19 2986.51  3753.3
 29.454 763.936 1508.61 2250.19 2990.51  3758.3
 29.493 764.936 1510.61 2253.17 2994.51 3763.28
 29.493 765.936 1512.61 2256.17  2998.5 3768.29
29.5318 766.936 1514.61 2259.14  3002.5 3773.29
29.5707 767.936  1516.6 2262.11  3006.5 3778.29
29.5707 768.936 1518.61 2265.11 3010.48 3783.29
29.6095 769.945 1520.61 2268.11 3014.44 3788.29
29.6485 770.945 1522.61  2271.1 3018.41 3793.29
29.6485 771.945 1524.62  2274.1  3022.4 3798.29
29.6872 772.952 1526.62  2277.1  3026.4 3803.24
29.7261 773.952 1528.62 2280.09 3030.37 3808.24
29.7261 774.968 1530.63 2283.09 3034.35 3813.24
29.7261 775.968 1532.63 2286.08 3038.35 3818.24
29.7648 776.968 1534.63 2289.08 3042.35 3823.21
29.8034 777.975 1536.63 2292.08 3046.35 3828.16
29.8034 778.991 1538.63 2295.08 3050.32 3833.16
29.8421 779.991 1540.63 2298.08 3054.29 3838.16
29.8802 780.986  1542.6 2301.08 3058.29 3843.16
29.9188 781.986 1544.59 2304.08 3062.29 3848.13
29.9574 782.986 1546.59 2307.08 3066.29  3853.1
29.9574 783.986 1548.59 2310.08 3070.27 3858.11
29.9574 784.986  1550.6 2313.08 3074.26 3863.11
29.9574 786.003  1552.6 2316.08 3078.24 3868.11
29.9574  787.02  1554.6 2319.08 3082.22 3873.12
29.9959  788.02  1556.6 2322.08 3086.19 3878.12
30.0345  789.02  1558.6 2325.08 3090.15 3883.12
30.0728  790.02 1560.59 2328.05 3094.15 3888.12
30.0728 791.035 1562.59 2331.05 3098.13 3893.12
30.0728 792.035 1564.59 2334.05 3102.12 3898.13
30.1113 793.035 1566.59 2337.05 3106.09 3903.12
30.1497 794.035 1568.59 2340.05 3110.05 3908.12
30.1882 795.035 1570.59 2343.04 3114.05  3913.1
30.1882 796.035 1572.59 2346.04 3118.04 3918.11
30.2264 797.044 1574.59 2349.04 3121.99 3923.11
30.2264 798.062 1576.59 2352.04 3125.98 3928.11
30.2264 799.076 1578.59 2355.03 3129.98  3933.1
30.2264 800.076  1580.6 2358.02 3133.98  3938.1
30.2646 801.076 1582.59 2361.02 3137.98 3943.07
30.3026 802.083 1584.59 2364.02 3141.98 3948.03
30.3026 803.098 1586.59 2367.01 3145.98 3953.02
30.3406 804.104 1588.59 2370.01 3149.98 3957.98
30.3406 805.117 1590.59    2373 3153.98 3962.98
30.3786 806.117 1592.59    2376 3157.98 3967.94
30.3786 807.135 1594.59 2378.99 3161.96 3972.94
30.3786 808.135  1596.6 2381.99 3165.95 3977.94
30.3786 809.135 1598.61    2385 3169.94 3982.94
 30.416  810.13 1600.58    2388 3173.94 3987.94
 30.416 811.143 1602.58 2390.98 3177.94 3992.94
30.4537  812.15 1604.58 2393.98 3181.94  3997.9
30.4916  813.15 1606.57 2396.98 3185.94 4002.87
30.5289 814.145 1608.54 2399.98 3189.94 4007.87
30.5663 815.141 1610.51 2402.98 3193.94 4012.87
30.6042 816.141 1612.51 2405.96 3197.94 4017.85
30.6042 817.154 1614.51 2408.96 3201.94 4022.83
30.6415  818.15 1616.48 2411.96 3205.94 4027.83
30.6415  819.15 1618.48 2414.96 3209.94 4032.83
30.6791 820.156 1620.48 2417.96 3213.94 4037.79
30.6791 821.156 1622.48 2420.96 3217.92  4042.8
30.7166  822.16 1624.48 2423.92 3221.92  4047.8
30.7541 823.163 1626.48 2426.88 3225.92  4052.8
30.7919 824.163 1628.48 2429.88 3229.89  4057.8
30.7919 825.179 1630.49 2432.88 3233.87  4062.8
30.8295 826.185 1632.49 2435.88 3237.87 4067.76
30.8295 827.202 1634.49 2438.87 3241.85 4072.76
 30.867 828.209 1636.49 2441.87 3245.85 4077.71
 30.867 829.224 1638.49 2444.87 3249.83 4082.71
 30.867 830.239  1640.5 2447.87 3253.81 4087.71
 30.867 831.239 1642.51 2450.87 3257.79 4092.72
 30.867 832.239 1644.52 2453.87 3261.78 4097.72
 30.867 833.239 1646.52 2456.87 3265.77 4102.73
 30.867 834.239 1648.53 2459.87 3269.76 4107.74
 30.867 835.254 1650.53 2462.87 3273.74 4112.74
30.9042 836.254 1652.52 2465.85 3277.74 4117.74
 30.941  837.25 1654.49 2468.85 3281.74 4122.74
 30.941 838.267 1656.49 2471.84 3285.72 4127.74
30.9784 839.267 1658.49 2474.84 3289.69 4132.73
31.0156 840.273 1660.49 2477.84 3293.69 4137.68
31.0529 841.273 1662.49 2480.84 3297.66 4142.68
31.0529 842.286 1664.49 2483.83 3301.66 4147.68
31.0903 843.286 1666.49 2486.83 3305.63 4152.67
31.1274 844.292 1668.49 2489.83 3309.63 4157.63
31.1274 845.305 1670.49 2492.83 3313.63 4162.61
31.1645 846.314 1672.49 2495.83 3317.58 4167.61
31.1645 847.329  1674.5 2498.83 3321.56 4172.61
31.2017 848.329  1676.5 2501.83 3325.53 4177.61
31.2383 849.324 1678.46 2504.83 3329.53 4182.61
31.2756 850.324 1680.46 2507.83  3333.5 4187.61
31.2756 851.341 1682.46 2510.83 3337.48 4192.61
31.2756 852.341 1684.47 2513.83 3341.47 4197.61
31.3126 853.341 1686.47  2516.8 3345.47 4202.61
31.3126 854.341 1688.47  2519.8 3349.45 4207.62
31.3126 855.341 1690.48 2522.79 3353.45 4212.62
31.3126 856.356 1692.48 2525.79 3357.44 4217.62
31.3495 857.365 1694.48 2528.79 3361.39 4222.62
31.3495 858.378 1696.48 2531.78 3365.39 4227.62
31.3495 859.393 1698.49 2534.78 3369.37 4232.62
31.3495 860.407 1700.49 2537.77 3373.37 4237.61
31.3863 861.407 1702.49 2540.77 3377.34 4242.61
31.3863 862.422 1704.49 2543.77 3381.32 4247.62
31.3863 863.439 1706.49 2546.77  3385.3 4252.62
31.4231 864.439 1708.49 2549.76 3389.28 4257.62
31.4231 865.453 1710.49 2552.75 3393.28 4262.61
31.4598 866.462 1712.49 2555.75 3397.23 4267.61
31.4964  867.47 1714.49 2558.75 3401.19 4272.61
31.4964  868.47  1716.5 2561.75 3405.17 4277.61
31.4964 869.484  1718.5 2564.74 3409.17 4282.61
31.5329 870.484 1720.49 2567.72 3413.17 4287.61
31.5329 871.497 1722.49  2570.7 3417.17 4292.61
31.5329 872.497  1724.5  2573.7 3421.16 4297.61
31.5329 873.512 1726.51  2576.7 3425.14 4302.61
31.5329 874.528 1728.51  2579.7 3429.13 4307.61
31.5693 875.528  1730.5  2582.7 3433.09 4312.61
31.5693 876.528 1732.51  2585.7 3437.08 4317.61
31.5693 877.544 1734.51  2588.7 3441.07 4322.61
31.6056 878.544 1736.51  2591.7 3445.07 4327.58
31.6419 879.553 1738.51  2594.7 3449.02 4332.58
31.6784 880.553 1740.51  2597.7    3453 4337.57
31.6784 881.553 1742.52  2600.7 3456.98 4342.57
31.7147 882.553 1744.52 2603.68 3460.98 4347.55
31.7511 883.553 1746.52 2606.68 3464.96 4352.54
31.7875 884.553 1748.52 2609.67 3468.93 4357.54
31.8239 885.553 1750.52 2612.66 3472.93 4362.52
  31.86 886.559 1752.52 2615.66 3476.93 4367.48
31.8961 887.563 1754.52 2618.62 3480.93 4372.48
31.8961 888.577 1756.52 2621.61 3484.93 4377.47
31.8961 889.577 1758.53  2624.6 3488.93 4382.47
31.9318 890.572 1760.49  2627.6 3492.93 4387.47
31.9675 891.568 1762.46  2630.6 3496.93 4392.47
31.9675 892.584 1764.46  2633.6 3500.92 4397.47
32.0034 893.588 1766.46 2636.56 3504.92 4402.47
32.0034 894.603 1768.46 2639.56  3508.9 4407.47
32.0396 895.603 1770.46 2642.56 3512.86 4412.47
32.0756 896.609 1772.46 2645.56 3516.86 4417.43
32.1118 897.609 1774.46 2648.56 3520.84 4422.42
32.1479 898.618 1776.46 2651.56 3524.79 4427.42
32.1838 899.621 1778.46 2654.52 3528.79 4432.42
  32.22 900.621 1780.46  2657.5 3532.79  4437.4
  32.22 901.633 1782.46  2660.5 3536.79 4442.39
32.2562 902.633 1784.46  2663.5 3540.77 4447.38
32.2562 903.648 1786.47  2666.5 3544.75 4452.38
32.2921 904.648 1788.46 2669.48 3548.75 4457.38
32.3281 905.648 1790.45 2672.45 3552.75 4462.38
32.3642 906.648 1792.45 2675.45 3556.72 4467.37
32.3642  907.66 1794.45 2678.45 3560.72 4472.36
32.3642  908.66 1796.46 2681.45  3564.7 4477.36
32.3997 909.656 1798.43 2684.45  3568.7 4482.36
32.4355 910.662 1800.43 2687.45  3572.7 4487.32
32.4715  911.67 1802.43 2690.45 3576.66 4492.32
32.5075  912.67 1804.43 2693.45 3580.63 4497.32
32.5075 913.686 1806.43 2696.45 3584.61 4502.32
32.5075 914.686 1808.43 2699.45  3588.6 4507.33
32.5434 915.686 1810.43 2702.45 3592.57 4512.33
32.5434 916.698 1812.43 2705.43 3596.57 4517.33
32.5434 917.698 1814.43 2708.44 3600.56 4522.34
32.5434 918.714 1816.43 2711.43 3604.54 4527.34
32.5434 919.726 1818.43 2714.42 3608.54 4532.34
32.5434 920.742 1820.43 2717.42 3612.53 4537.34
32.5789 921.748 1822.43 2720.42 3616.53  4542.3
32.6146 922.748 1824.42 2723.39 3620.53  4547.3
  32.65 923.752 1826.42 2726.35 3624.53  4552.3
32.6852 924.747 1828.39 2729.35 3628.53  4557.3
32.7209 925.747 1830.39 2732.35 3632.49  4562.3
32.7567 926.747 1832.39 2735.34 3636.49 4567.28
32.7919 927.743 1834.36 2738.34 3640.49 4572.28
32.8274 928.749 1836.36 2741.34 3644.49 4577.24
32.8631 929.758 1838.36 2744.34 3648.45 4582.24
32.8987 930.758 1840.35 2747.31 3652.45 4587.24
32.8987  931.77 1842.35  2750.3 3656.45 4592.24
32.8987 932.781 1844.35  2753.3 3660.45 4597.23
 32.934 933.785 1846.35 2756.26 3664.45 4602.23
 32.934 934.798 1848.35 2759.25 3668.45 4607.22
32.9694 935.802 1850.35 2762.21 3672.45 4612.22
32.9694 936.802 1852.35  2765.2 3676.45 4617.22
32.9694 937.813 1854.36 2768.19 3680.45 4622.22
33.0049 938.813 1856.35 2771.19 3684.42 4627.22
33.0404 939.822 1858.35 2774.19 3688.37 4632.22
33.0404 940.833 1860.35 2777.19 3692.37 4637.21
33.0404 941.848 1862.35 2780.19 3696.35 4642.21
33.0404 942.848 1864.36 2783.19 3700.34 4647.21
33.0404 943.863 1866.37 2786.19 3704.32 4652.21
33.0755 944.866 1868.37 2789.15 3708.32 4657.21
33.0755 945.881 1870.37 2792.15 3712.31 4662.21
33.1109 946.881 1872.37 2795.15 3716.28  4667.2
33.1109 947.881 1874.37 2798.15 3720.27 4672.21
33.1463 948.881 1876.37 2801.15 3724.25  4677.2
33.1463 949.881 1878.37 2804.15 3728.24 4682.21
33.1463 950.896 1880.37 2807.15 3732.22 4687.21
33.1463  951.91 1882.37 2810.14 3736.22 4692.21
33.1463  952.91 1884.38 2813.14 3740.21 4697.21
33.1815  953.91 1886.38 2816.13 3744.18 4702.21
33.2166  954.91 1888.37 2819.13 3748.18 4707.19
33.2518  955.91 1890.37 2822.13 3752.16 4712.18
33.2869  956.91 1892.37 2825.12 3756.16 4717.16
33.2869 957.921 1894.37 2828.11 3760.16 4722.16
33.2869 958.936 1896.37 2831.11 3764.14 4727.16
33.2869 959.936 1898.37 2834.11 3768.13 4732.17
33.2869 960.936 1900.37 2837.11 3772.12 4737.18
33.2869 961.936 1902.38 2840.11  3776.1 4742.19
33.3218 962.936 1904.37 2843.08  3780.1 4747.19
33.3218 963.936 1906.38 2846.08 3784.09 4752.19
33.3568 964.936 1908.38 2849.07 3788.07 4757.19
33.3568 965.936 1910.39 2852.07 3792.05 4762.19
33.3568 966.936  1912.4 2855.07 3796.04 4767.19
33.3914 967.939  1914.4 2858.03 3800.04 4772.19
33.4263 968.939  1916.4 2861.02 3804.02 4777.19
33.4612 969.939  1918.4 2864.01 3807.99 4782.19
33.4612 970.939 1920.41 2867.01 3811.98  4787.2
33.4961 971.939 1922.41 2870.01 3815.95  4792.2
33.4961 972.951 1924.41 2873.01 3819.95 4797.19
33.5308 973.951  1926.4 2876.01 3823.95 4802.16
33.5308 974.964  1928.4    2879 3827.95 4807.15
 33.565  975.96 1930.37    2882 3831.95 4812.15
 33.565 976.972 1932.37    2885 3835.95 4817.14
 33.565 977.985 1934.37    2888 3839.95 4822.13
 33.565 978.985 1936.37    2891 3843.94 4827.14
 33.565 979.996 1938.37    2894 3847.94 4832.13
 33.565 980.996 1940.38 2896.99 3851.94 4837.13
33.5991 981.992 1942.35 2899.99 3855.94 4842.13
33.5991 983.007 1944.35 2902.99 3859.92 4847.13
33.5991  984.02 1946.35 2905.99  3863.9 4852.13
33.5991  985.02 1948.35 2908.99 3867.89 4857.14
33.6331 986.016 1950.32 2911.99 3871.89 4862.14
33.6675 987.016 1952.32 2914.97 3875.89 4867.13
33.6675 988.028 1954.33 2917.97 3879.89 4872.11
 33.702 989.028 1956.33 2920.96 3883.87 4877.11
 33.702 990.039 1958.33 2923.96 3887.87  4882.1
33.7363 991.047 1960.33 2926.96 3891.82  4887.1
33.7363  992.06 1962.33 2929.96 3895.82  4892.1
33.7702 993.056  1964.3 2932.96 3899.82  4897.1
33.8045 994.064  1966.3 2935.96 3903.78  4902.1
33.8389 995.064  1968.3 2938.95 3907.76  4907.1
33.8389 996.078  1970.3 2941.95 3911.74  4912.1
33.8389 997.078 1972.31 2944.95 3915.73  4917.1
33.8731 998.078  1974.3 2947.92 3919.73  4922.1
33.9074 999.078  1976.3 2950.92  3923.7 4927.09
33.9074 1000.09  1978.3 2953.92 3927.69 4932.09
33.9418 1001.09  1980.3 2956.92 3931.66 4937.08
33.9418  1002.1  1982.3 2959.91 3935.66 4942.08
33.9759  1003.1  1984.3 2962.91 3939.66 4947.05
33.9759  1004.1 1986.31 2965.91 3943.65 4952.06
33.9759  1005.1 1988.31 2968.91 3947.63 4957.06
  34.01  1006.1 1990.31 2971.91  3951.6 4962.06
34.0442  1007.1 1992.31 2974.91 3955.57 4967.06
34.0442 1008.12 1994.31 2977.91 3959.56 4972.06
34.0442 1009.12 1996.32 2980.91 3963.54 4977.06
34.0442 1010.12 1998.33  2983.9 3967.54 4982.06
34.0782 1011.12 2000.33 2986.89 3971.54 4987.05
34.0782 1012.13 2002.33 2989.89 3975.54 4992.03