3.33333       2 3.33333       4       5 3.33333
5.22523       3 5.33333 6.27027 7.83784 8.33333
6.38137 3.66379  6.5134 9.27027 11.8378 13.3333
8.14266 4.66379  8.5134 11.8289 15.8378 17.0134
8.14266 5.78895 10.5673 14.8289 19.6588 22.0134
8.14266 6.78895 12.5673 17.9784  23.834 26.6887
8.14266 7.78895 14.7631 21.1195  27.834 31.3518
8.14266 8.78895 16.7631 24.2754 31.9932 36.0367
8.14266 9.93306 18.7631 27.2754  36.158 40.7278
8.14266 11.0162 20.7631 30.2496 40.1007 45.7278
8.14266 12.0993 22.7631 33.2237 44.0435 50.7278
8.81002 13.0993 24.7631 35.9467 47.6532 55.7278
8.81002 14.2239 26.7631 38.9467 51.7443 60.5121
9.39909  15.175 28.7631 41.9467 55.2041 65.5121
9.98817  16.126 30.7631 44.9467  58.664 70.5121
10.5504 17.0338 32.7631 47.4767  62.664 75.5121
10.5504 18.1053 34.7631 50.4633 66.6059 80.5121
 11.116 19.1053 36.6267 53.4633 70.1766 85.5121
11.6696 20.0568 38.6267 56.4633 73.6716 90.5121
11.6696 21.1454 40.6267 59.4633 77.6702 95.4248
 12.238 22.1454 42.6267 62.4633 81.4536 100.073
12.8065 23.1454 44.6267 65.4633  85.237 104.721
13.3116 24.0583 46.6267 68.0453  89.237 109.721
13.3116 25.1251 48.6943 71.0453  93.237 114.587
13.8335 26.1103 50.6943 74.0453  97.237  119.08
13.8335 27.1873 52.6943 77.0453 101.248 123.992
13.8335 28.2594 54.6943 80.0835 105.248 128.881
13.8335 29.2594 56.7774 83.0835 109.256  133.79
13.8335 30.2594 58.8286 86.0851 113.204  138.79
14.2586 31.1892 60.8286 88.7303 117.204  143.79
14.2586 32.1892 62.9078 91.7303  121.21 148.705
14.2586 33.1892 64.9078 94.7741 125.232 153.639
14.6596 34.1227 66.9078 97.4396 129.232 158.639
15.0957 35.1227 68.9078  100.44 133.076 163.358
15.0957 36.1227 70.9078 103.477   137.1 168.298
 15.509 37.1227 72.9078  106.31 140.853 173.298
15.8796 38.0098   74.65  109.31 144.853 178.298
16.2913 39.0098   76.65 112.143 148.608 183.298
16.7094 40.0098   78.65 115.021 152.608 188.002
16.7094 41.0595   80.65 118.039 156.608 192.934
17.0991 42.0172   82.65 121.039 160.261 197.934
17.0991 43.0591 84.6996 124.039 164.261 202.842
17.0991 44.0913   86.73 127.039 168.198 207.842
17.4831 45.0913 88.6779 130.039 172.198 212.511
17.8659 46.0913 90.6779 132.886 175.969 217.511
18.2427 47.0913 92.5902 135.886  179.68 222.511
18.6229 48.0729 94.5902 138.886  183.68 227.149
18.6229 49.0973 96.6059 141.846  187.68 232.149
18.9784 50.0345 98.6059 144.553  191.68 237.149
19.3529 51.0345 100.552 147.553  195.68 241.828
19.3529 52.0774 102.552 150.568  199.68  246.77
19.7268 53.0774 104.552 153.568 203.538 251.538
19.7268 54.1151 106.596 156.568 207.538 256.456
19.7268 55.1151 108.647 159.581 211.538 261.392
20.0712 56.0774 110.647 162.581 215.231 266.392
20.0712 57.1114 112.647 165.579 219.199 271.392
20.4077 58.1114 114.536 168.354 223.199 276.392
20.7544 59.1114 116.536 171.215 226.992 281.392
20.7544  60.153 118.536 174.215 230.992  286.35
20.7544 61.1927 120.536 177.226 234.992 291.299
21.0903 62.1927 122.486 180.226 238.992 296.013
21.0903 63.2202  124.51 183.226  242.94 301.013
21.0903 64.2202 126.555 186.236  246.94 305.958
21.4009 65.1662 128.555 188.979  250.94 310.958
21.7116 66.1122 130.555 191.723  254.94 315.958
22.0099 67.0204 132.349 194.723  258.94 320.958
22.0099 68.0441  134.37 197.723 262.895 325.958
22.0099 69.0737  136.37 200.715 266.874 330.958
22.3279 70.0737  138.37 203.615 270.874  335.74
22.3279 71.0737  140.37 206.631 274.885 340.712
22.3279 72.0967  142.39 209.631 278.842 345.712
 22.627 73.0625  144.39 212.631 282.577 350.712
 22.627 74.0853 146.412 215.631 286.533 355.712
 22.627 75.1184 148.412 218.637 290.533 360.672
22.9249 76.1184 150.366 221.637 294.533 365.421
22.9249  77.141 152.386 224.637  298.49 370.421
23.2172 78.1248 154.386 227.637  302.49 375.145
23.2172 79.1435 156.399 230.606  306.49 380.145
23.5116 80.1435 158.399 233.606 310.376 384.964
23.5116 81.1655 160.419 236.606 314.334 389.964
23.7871 82.1168 162.419 239.379 318.334 394.964
23.7871  83.135 164.433 242.347 322.334 399.964
24.0642 84.1033 166.433 245.347 326.089 404.964
24.0642 85.1033 168.463 248.339 330.066 409.964
24.0642 86.1347 170.463 251.339 334.066 414.933
24.0642 87.1347 172.502 254.339 338.063 419.897
24.0642 88.1347 174.532 257.332 342.041 424.897
24.3291 89.1049 176.532 260.332 345.806 429.897
24.3291 90.1213 178.546 263.302 349.806 434.897
  24.59 91.1213 180.461 266.126 353.806 439.897
  24.59 92.1459  182.49 269.126 357.806 444.843
  24.59 93.1459 184.519 272.118 361.784 449.843
24.8513 94.1459 186.479 275.118 365.784 454.622
25.1125 95.1459 188.439 278.118 369.784   459.4
25.3679 96.1459 190.355 280.947 373.784   464.4
25.6322 97.1459 192.355 283.947  377.68  469.24
 25.892 98.1305 194.355 286.947  381.68 473.996
 25.892 99.1593 196.355 289.947 385.681 478.966
26.1337 100.085 198.188 292.947 389.681 483.966
26.3951 101.085 200.188 295.947 393.579 488.806
26.6477 102.085 202.104 298.778 397.579 493.806
26.6477 103.085 204.137 301.778 401.578 498.774
26.6477 104.085 206.169 304.782 405.578 503.738
26.8961 105.055 208.169 307.782  409.36 508.738
26.8961 106.077 210.169 310.777 413.343 513.738
27.1442 107.077 212.107 313.777 417.156 518.738
27.1442 108.077  214.14 316.777 421.153 523.709
27.3945 109.077  216.14 319.698 425.153 528.538
27.6428 110.077  218.14 322.596 429.007 533.538
27.8867 111.049  220.14 325.596 432.792 538.538
28.1298 112.049 222.059 328.434 436.792 543.538
28.3798 113.049 224.059 331.353 440.792 548.369
28.6235 114.019 226.059 334.353 444.577 553.369
28.6235 115.037 228.075 337.353 448.543 558.369
28.8693 116.037 230.034 340.353 452.543 563.164
 29.114  117.02 232.034 343.353 456.543 567.936
29.3586 118.003 234.034 346.353 460.543 572.708
29.5993 119.003 235.953 349.193 464.543 577.708
29.5993 120.027 237.953 352.198 468.543 582.679
29.8388 120.998 239.953 355.198 472.333 587.679
30.0824 121.998 241.953 358.098 476.189 592.679
30.0824 123.021 243.953 361.102 480.189 597.652
30.3258 124.021 245.953 364.023 484.189 602.487
30.3258 125.021 247.982 367.026 488.189 607.456
30.3258 126.038 249.997 370.026 492.158 612.456
30.3258 127.061 251.997  373.03 496.158 617.428
30.3258 128.061  254.02 376.024  500.14 622.428
30.3258 129.077 256.036 379.024 504.109 627.428
30.5447 130.009 257.885 382.024 508.109 632.428
30.7699 130.968 259.885 384.841 512.109 637.428
31.0021 131.968 261.885 387.744 515.973 642.428
31.0021  132.99 263.885 390.747 519.973 647.404
31.0021 134.009 265.885 393.742 523.958 652.404
31.0021 135.022 267.895 396.719 527.958 657.404
 31.229 136.022 269.856 399.719 531.958 662.216
31.4434 136.956 271.708 402.719 535.958 667.216
31.4434 137.956 273.734 405.719 539.956 672.192
31.4434 138.956 275.761 408.719 543.953 677.168
31.4434 139.956 277.787 411.719  547.95 682.144
31.6591 140.916 279.787 414.543  551.95 687.144
 31.881 141.916 281.749 417.543  555.95 691.961
 31.881 142.937 283.749 420.543  559.95  696.94
 31.881 143.957 285.749 423.546  563.95 701.917
32.1021 144.957 287.749 426.546 567.861 706.784
32.1021  145.97 289.758 429.525 571.861 711.784
32.3209  146.97 291.758 432.453 575.861 716.637
32.5323 147.931 293.758 435.281 579.861 721.637
32.7381 148.867 295.616 438.281 583.861 726.637
32.9544  149.85 297.616 441.281 587.861 731.437
33.1737  150.85 299.616 444.281 591.774 736.306
33.1737  151.85 301.641 447.281 595.773 741.282
33.3909  152.85 303.641  450.21 599.773 746.135
33.6048  153.85 305.586  453.21 603.615 751.135
33.8205  154.85 307.586 456.119 607.489 756.135
33.8205 155.861 309.595 459.098 611.489 761.135
33.8205 156.878 311.614 462.098 615.489   766.1
33.8205 157.878 313.638 465.099 619.489 771.075
33.8205 158.878 315.638 468.107 623.495 776.061
33.8205 159.878 317.638 471.115 627.502 781.048
34.0315 160.878 319.638 474.115 631.417 785.921
34.0315 161.878 321.662 477.115 635.416 790.898
34.2338  162.84 323.662  479.95 639.416 795.898
34.2338 163.856 325.681  482.95 643.416 800.863
34.4299 164.794 327.547  485.95 647.416 805.863
34.6381 165.794 329.547  488.95 651.332 810.738
34.8458 166.794 331.547 491.882 655.332 815.599
35.0468 167.756 333.547 494.719 659.332 820.599
35.2498 168.756 335.478 497.584 663.332 825.599
35.2498 169.756 337.501 500.584 667.332 830.577
35.4531 170.756 339.448 503.584 671.181 835.577
35.4531 171.756 341.448  506.59 675.188 840.565
35.4531 172.756  343.47  509.59 679.187 845.543
 35.655  173.74  345.47  512.59 683.187 850.358
35.8577  174.74  347.47 515.504  687.07 855.358
35.8577  175.74 349.493 518.504  691.07 860.336
35.8577 176.758 351.493 521.504 695.072 865.317
35.8577 177.772  353.51 524.504 699.072 870.284
35.8577  178.79  355.51 527.504 703.073 875.266
36.0543  179.79 357.459 530.504 706.927 880.266
36.2429 180.731  359.33 533.504 710.927 885.266
36.4382 181.705  361.33 536.504 714.758 890.266
36.6347 182.705 363.279 539.504 718.613 895.266
36.6347 183.721 365.279 542.504 722.613 900.249
36.6347 184.721 367.299 545.504 726.613 905.228
36.6347 185.721 369.299 548.511 730.617 910.217
36.6347 186.731 371.307 551.493 734.617 915.217
36.8271 187.731 373.257 554.493 738.475 920.217
37.0162 188.695 375.257  557.34 742.475 925.217
37.0162 189.705 377.265 560.322 746.475 930.217
37.0162 190.719  379.28 563.322 750.475 935.187
37.0162 191.735  381.28 566.322 754.475 940.171
37.0162 192.735   383.3 569.322 758.475 945.152
37.0162 193.746 385.311 572.322 762.453 950.152
37.2051 194.746 387.311 575.243 766.344 955.152
37.3914 195.721 389.311 578.243 770.182 960.152
37.3914 196.735 391.326 581.243 774.182 965.123
37.5779 197.735 393.278 584.243 778.044 970.123
37.5779 198.749 395.278 587.239 782.034 975.123
37.5779 199.764 397.278  590.24 786.034 980.106
37.7631 200.749 399.278  593.24 790.034 984.936
37.7631 201.749 401.278 596.246 794.037 989.927
37.9469 202.749 403.231 599.246   797.9 994.927
38.1334 203.749 405.231 602.246 801.823 999.818
38.1334 204.749 407.247 605.242 805.811 1004.82
38.1334 205.758 409.254 608.225 809.811 1009.82
38.1334 206.772 411.254 611.222 813.801 1014.82
38.1334 207.785 413.269 614.222 817.801 1019.79
38.3127 208.762 415.269 617.222 821.645 1024.79
38.3127 209.762 417.269 620.228 825.647 1029.78
38.3127 210.772  419.28 623.228 829.626 1034.78
38.4925 211.772  421.28 626.154  833.52 1039.78
38.6711 212.772 423.234 629.154 837.387 1044.78
38.8431 213.718 425.116 632.154 841.387 1049.78
38.8431 214.727 427.123 635.138 845.387 1054.78
 39.022 215.727 429.123 638.064 849.282 1059.78
 39.022 216.742 431.123 641.065 853.282 1064.77
 39.022 217.757 433.123 644.065 857.279 1069.75
 39.022 218.757  435.14 647.065 861.279 1074.74
 39.022 219.757 437.158 650.065 865.279 1079.72
 39.022 220.768 439.168 653.065 869.258 1084.72
39.1895 221.715 441.053 656.065 873.258 1089.72
39.1895  222.73 443.053 659.066 877.258  1094.7
39.3649  223.73 445.053 662.066 881.184  1099.6
39.3649 224.743 447.053 665.063 885.174  1104.6
39.3649 225.753 449.063 668.063 889.153  1109.6
39.3649 226.753 451.063 671.069 893.154  1114.6
39.5359 227.738 453.063 674.069 897.154 1119.44
39.7006 228.687  454.95 677.069 901.154 1124.44
39.7006 229.701  456.95 680.069 905.152 1129.43
39.8696 230.679  458.95 683.069 909.005 1134.43
40.0386 231.657  460.95 686.069 912.858 1139.43
40.2058 232.624  462.95 688.935 916.858 1144.43
40.2058 233.632 464.956  691.92 920.858 1149.43
40.2058 234.632 466.973  694.92 924.854 1154.41
40.2058 235.644 468.986  697.92 928.854 1159.39
40.2058 236.644     471 700.918 932.842 1164.39
40.3746 237.644     473  703.86 936.842 1169.28
40.5391 238.612     475 706.728 940.842 1174.28
40.7004 239.561  476.89 709.728 944.842 1179.28
40.8691 240.561  478.89  712.67 948.842 1184.17
 41.037 241.561 480.857  715.67 952.842 1189.03
 41.037 242.575 482.857  718.67  956.84 1194.02
 41.037 243.575  484.87 721.667  960.83 1199.02
41.2015 244.575 486.814 724.559  964.83 1204.02
41.2015 245.586 488.814 727.556 968.821 1209.02
41.2015   246.6 490.814 730.556 972.819 1214.01
41.2015   247.6 492.829 733.556 976.819    1219
41.3654 248.585 494.829 736.556 980.819 1223.85
41.5266 249.554 496.829 739.426 984.819 1228.85
41.5266 250.566 498.829 742.427 988.819 1233.83
41.6872 251.535 500.829 745.297 992.819 1238.83
41.6872 252.547 502.829 748.294 996.811 1243.83
41.6872 253.554 504.835  751.28 1000.81 1248.83
41.8465 254.523 506.835 754.151 1004.81 1253.83
41.8465 255.523 508.849 757.147  1008.8 1258.83
42.0085 256.523 510.849 760.079 1012.71 1263.83
42.1687 257.502 512.849 763.079 1016.57 1268.83
42.3287 258.502 514.794 765.973 1020.57 1273.83
42.3287 259.514 516.794 768.973 1024.57 1278.82
42.3287 260.514  518.81 771.973 1028.57 1283.81
42.3287 261.525  520.81 774.969 1032.56 1288.81
42.3287 262.533 522.816 777.955 1036.56 1293.81
42.3287 263.541 524.825 780.955 1040.54 1298.81
42.4845 264.511 526.825 783.829 1044.54 1303.81
42.4845 265.521 528.837 786.829 1048.54 1308.79
42.4845 266.532 530.837 789.825 1052.53 1313.79
42.4845 267.545 532.837 792.825 1056.53 1318.78
42.4845 268.555 534.848 795.825 1060.53 1323.76
42.4845 269.555 536.861 798.821 1064.52 1328.76
42.6346 270.507 538.759 801.821 1068.52 1333.76
42.7904 271.507 540.728 804.821 1072.52 1338.63
42.9464 272.507 542.728 807.755 1076.43 1343.63
43.1007 273.486 544.728 810.755  1080.3 1348.63
43.1007 274.486 546.742 813.753  1084.3 1353.62
43.2567 275.486 548.742 816.698  1088.3 1358.52
43.2567 276.494 550.751 819.698 1092.28 1363.52
43.4114 277.494  552.72 822.698 1096.28 1368.39
43.5672 278.494  554.72 825.698 1100.22  1373.3
43.5672 279.506  556.72 828.698 1104.21 1378.29
43.7215 280.506  558.72 831.633 1108.13 1383.29
43.8748 281.506  560.68 834.633 1112.01 1388.29
44.0289 282.506 562.649 837.633 1116.01 1393.17
 44.183 283.506 564.619 840.633 1120.01 1398.05
 44.183 284.515 566.627 843.633    1124 1403.05
44.3368 285.515 568.627 846.569 1127.91 1408.05
44.4889 286.494 570.627 849.569 1131.78 1413.05
44.6407 287.494 572.575 852.469 1135.78 1418.05
44.6407 288.502 574.583 855.469 1139.76 1423.05
44.7937 289.502 576.552 858.469 1143.76 1427.92
44.7937 290.514 578.552 861.468 1147.76 1432.91
44.9469 291.514 580.552 864.414 1151.76 1437.81
44.9469 292.521 582.558 867.401 1155.76 1442.81
45.0982 293.521 584.518 870.401 1159.65 1447.81
45.2496 294.507 586.518 873.401 1163.65 1452.68
45.3999 295.507 588.467 876.302 1167.65 1457.68
45.3999 296.517 590.477 879.302 1171.65 1462.66
45.5514 297.517 592.447 882.302 1175.65 1467.53
45.5514 298.528 594.447 885.302 1179.65 1472.53
45.5514 299.536 596.453  888.29 1183.65 1477.53
45.7004 300.515 598.453  891.29 1187.52 1482.53
45.8518 301.515 600.453  894.29 1191.45 1487.44
45.8518 302.522 602.458 897.277 1195.45 1492.44
45.9965 303.477 604.359 900.277 1199.45 1497.44
45.9965 304.487 606.359 903.274 1203.45 1502.44
45.9965 305.494 608.365 906.261 1207.45 1507.44
46.1456 306.494 610.365 909.198 1211.36 1512.44
46.1456 307.494 612.378 912.197 1215.36 1517.43
46.1456 308.494 614.391 915.196 1219.36 1522.41
46.1456 309.503 616.401 918.196 1223.36  1527.4
46.2931 310.503 618.371 921.196 1227.36 1532.28
 46.438 311.475 620.371 924.079 1231.36 1537.28
46.5861 312.475 622.371 927.027 1235.36 1542.18
46.7322 313.455 624.371 930.027 1239.23 1547.18
46.7322 314.464 626.381 933.027 1243.23 1552.16
46.7322 315.475 628.381 936.026 1247.23 1557.15
46.8794 316.475 630.381 938.975 1251.23 1562.06
46.8794 317.475 632.395 941.975 1255.23 1567.05
 47.024 318.475 634.345  944.88 1259.23 1572.05
47.1687 319.455 636.345  947.88  1263.1 1577.05
47.3154 320.455 638.345 950.828  1267.1 1581.95
47.3154 321.455 640.358 953.828  1271.1 1586.94
 47.456 322.411 642.262 956.828  1275.1 1591.94
 47.456 323.419 644.269 959.828 1279.09 1596.94
47.5997 324.419  646.22 962.734 1283.09 1601.94
47.5997 325.429  648.22 965.734 1287.08 1606.93
47.7453 326.429  650.22 968.734 1291.02 1611.85
47.7453 327.439  652.22  971.73 1295.02 1616.85
47.8848 328.395 654.124  974.73 1299.02 1621.85
47.8848 329.405 656.124 977.727 1303.01 1626.85
47.8848 330.415 658.124 980.724    1307 1631.85
47.8848 331.415 660.124 983.726    1311 1636.85
48.0263 332.415 662.075 986.634    1315 1641.85
48.0263 333.415 664.088 989.634    1319 1646.84
48.0263 334.425 666.088 992.633    1323 1651.83
 48.169 335.425 668.088 995.582    1327 1656.73
 48.312 336.425 670.088 998.582 1330.94 1661.65
 48.312 337.432 672.095 1001.58 1334.93 1666.65
 48.312 338.443 674.095 1004.58 1338.93 1671.64
48.4534 339.443 676.095 1007.52 1342.85 1676.64
48.4534 340.451 678.104 1010.52 1346.85 1681.63
48.5951 341.451 680.104 1013.52 1350.78 1686.54
48.5951 342.451 682.114 1016.52 1354.78 1691.54
48.7332 343.425 684.114 1019.41 1358.78 1696.54
48.7332 344.431 686.119 1022.39 1362.78 1701.54
48.7332  345.44 688.129 1025.39 1366.78 1706.53
48.7332  346.44 690.141 1028.39 1370.78 1711.52
48.7332  347.44 692.153 1031.39 1374.78 1716.51
48.7332  348.44 694.165 1034.39 1378.77  1721.5
48.7332  349.45 696.165 1037.39 1382.77 1726.49
48.7332 350.457 698.172 1040.39 1386.76 1731.49
48.7332 351.457 700.184 1043.39 1390.76 1736.48
48.7332 352.465 702.191 1046.39 1394.74 1741.48
48.8702 353.465 704.191 1049.33 1398.66 1746.48
48.8702 354.471 706.196 1052.32 1402.66 1751.48
49.0067 355.471 708.168 1055.32 1406.66 1756.37
49.0067 356.471 710.179 1058.32 1410.66 1761.37
49.0067 357.478 712.184  1061.3 1414.66 1766.37
49.1411 358.478 714.138 1064.22 1418.66 1771.37
49.1411 359.478 716.138 1067.22 1422.66 1776.37
49.2766 360.478 718.138 1070.16 1426.58 1781.37
49.2766 361.484 720.143 1073.15 1430.58 1786.37
49.4104 362.466 722.143 1076.15 1434.47 1791.37
49.5462 363.466 724.143 1079.15 1438.41 1796.29
49.5462 364.466 726.155 1082.15 1442.41 1801.28
49.6813 365.466 728.155  1085.1 1446.41 1806.19
49.6813 366.476 730.155  1088.1 1450.41 1811.18
49.8113 367.435 732.066  1091.1 1454.41 1816.18
49.8113 368.435 734.077  1094.1 1458.41 1821.17
49.8113 369.435 736.089  1097.1  1462.4 1826.17
49.8113 370.435 738.099 1100.09  1466.4 1831.17
49.9446 371.435 740.099 1103.03 1470.32 1836.17
49.9446 372.445 742.099 1106.03 1474.32 1841.16
50.0768 373.445 744.064 1109.03 1478.22 1846.16
50.2096 374.445 746.037 1112.03 1482.22 1851.05
50.3383 375.404 747.948 1115.03 1486.22 1856.05
 50.471 376.404 749.921 1118.03 1490.22 1860.95
50.6038 377.404 751.893 1121.03 1494.22 1865.84
50.7354 378.386 753.893 1124.03 1498.11 1870.84
50.8678 379.373 755.893 1127.03 1502.11 1875.72
51.0005 380.373 757.866 1130.03 1506.11 1880.62
51.0005 381.373 759.877 1133.03 1510.11 1885.61
51.0005 382.373 761.888 1136.03 1514.11  1890.6
51.1285 383.333 763.801 1139.03 1518.11  1895.6
51.2594 384.315 765.801 1142.03 1521.99  1900.6
 51.392 385.315 767.801 1144.99 1525.99 1905.51
 51.392 386.315 769.811 1147.98 1529.99  1910.5
 51.392 387.322  771.82 1150.98 1533.99 1915.49
 51.523  388.31  773.82 1153.98 1537.99 1920.37
51.6539 389.297  775.82 1156.98 1541.99 1925.25
51.6539 390.303 777.826 1159.98 1545.98 1930.25
51.6539 391.312 779.826 1162.98 1549.97 1935.25
51.7826 392.286 781.826 1165.88 1553.97 1940.25
51.7826 393.296 783.826 1168.88 1557.97 1945.24
51.9119 394.278 785.826 1171.88 1561.86 1950.24
51.9119 395.278 787.826 1174.88 1565.86 1955.24
52.0419 396.278 789.799 1177.88 1569.86 1960.14
52.1699 397.252 791.799 1180.78 1573.86 1965.14
52.1699 398.252 793.799 1183.78 1577.87 1970.13
52.2957 399.213 795.713 1186.78 1581.87 1975.13
52.4258 400.213 797.713 1189.73 1585.87 1980.05
52.4258 401.219 799.719 1192.73 1589.85 1985.05
52.5557 402.219 801.719 1195.69 1593.85 1989.97
 52.683 403.194 803.719 1198.59 1597.85 1994.97
 52.683 404.203 805.719 1201.59 1601.85 1999.96
52.8121 405.203 807.692 1204.59 1605.85 2004.86
52.8121 406.203 809.701 1207.58 1609.85 2009.86
52.8121 407.209 811.707 1210.58 1613.83 2014.86
52.8121 408.209 813.718 1213.58 1617.83 2019.85
52.8121 409.218 815.718 1216.58 1621.83 2024.84
52.8121 410.226 817.718 1219.58 1625.83 2029.84
52.8121 411.226 819.728 1222.58 1629.82 2034.83
52.9382 412.208 821.728 1225.58 1633.72 2039.83
52.9382 413.208 823.739 1228.58 1637.71 2044.82
53.0657 414.208 825.739 1231.58 1641.66 2049.75
 53.192 415.208 827.705 1234.58 1645.57 2054.75
 53.192 416.217 829.705 1237.58 1649.57 2059.74
53.3176 417.199 831.705 1240.58 1653.46 2064.74
53.4442 418.199 833.705 1243.52 1657.39 2069.74
53.4442 419.199 835.705 1246.53 1661.39 2074.74
53.5701 420.186 837.705 1249.53 1665.39 2079.62
53.5701 421.194 839.705 1252.52 1669.38 2084.62
53.6956 422.181 841.705 1255.52 1673.38 2089.51
53.8205 423.181 843.662 1258.44 1677.38 2094.51
 53.946 424.169 845.662 1261.44 1681.38  2099.4
54.0683  425.13 847.578 1264.44 1685.38  2104.4
54.1906 426.091 849.494 1267.44 1689.38  2109.4
54.3164 427.091 851.468 1270.44 1693.38  2114.3
54.4423 428.091 853.442 1273.44 1697.38  2119.2
54.4423 429.098 855.449 1276.44 1701.38 2124.18
54.4423 430.104 857.455 1279.44 1705.37 2129.18
54.5666 431.086 859.455 1282.44 1709.26 2134.18
54.6926 432.086 861.455 1285.44 1713.21 2139.11
 54.818 433.086 863.455 1288.39 1717.14 2144.11
 54.818 434.095 865.455 1291.39 1721.14 2149.11
 54.818 435.103 867.455 1294.39 1725.14  2154.1
54.9417 436.103 869.411 1297.31 1729.14  2159.1
54.9417 437.103  871.42 1300.31 1733.13  2164.1
54.9417 438.112  873.42 1303.31 1737.13 2169.09
55.0653 439.112 875.386 1306.31 1741.04 2174.09
55.0653 440.119 877.386  1309.3 1745.04 2179.09
55.0653 441.128 879.386  1312.3 1749.04 2184.08
55.0653 442.136 881.386  1315.3 1753.04 2189.07
55.1852 443.098 883.304  1318.3 1757.04 2194.07
55.1852 444.098 885.314  1321.3 1761.03 2199.07
55.1852 445.098 887.314  1324.3 1765.03 2204.06
55.1852 446.103 889.318  1327.3 1769.03 2209.06
55.1852 447.103 891.327 1330.29 1773.03 2214.05
55.3078 448.103 893.327 1333.25 1777.03 2218.98
55.4296 449.103 895.294 1336.25 1780.95 2223.98
55.5515 450.091 897.294 1339.25 1784.95 2228.87
55.6738 451.091 899.294  1342.2 1788.88 2233.87
55.6738 452.098 901.301  1345.2 1792.88 2238.85
55.7963 453.098 903.301  1348.2 1796.82 2243.78
55.7963 454.098 905.309  1351.2 1800.82 2248.78
55.7963 455.104 907.316  1354.2 1804.82 2253.77
55.7963 456.112 909.316 1357.19 1808.81 2258.77
55.9181 457.112 911.316 1360.19 1812.76  2263.7
56.0399 458.112 913.316 1363.19 1816.71 2268.63
56.0399 459.112 915.316  1366.2 1820.71 2273.62
56.0399 460.119 917.323  1369.2 1824.71 2278.61
56.0399 461.119 919.323  1372.2 1828.71 2283.61
56.1603 462.119 921.298  1375.2 1832.71 2288.51
56.2803 463.106 923.298  1378.2 1836.71  2293.4
56.4004 464.094 925.298  1381.2 1840.71  2298.3
56.4004 465.094 927.307  1384.2 1844.71 2303.29
56.4004   466.1 929.313  1387.2  1848.7 2308.29
56.5169 467.063 931.233  1390.2  1852.7 2313.29
56.6358 468.063 933.191 1393.12  1856.7 2318.29
56.6358 469.063 935.201 1396.12  1860.7 2323.28
56.6358 470.063 937.201 1399.12  1864.7 2328.28
56.7551 471.063 939.175 1402.12  1868.7 2333.18
 56.875 472.063 941.175 1405.12 1872.65 2338.11
 56.875 473.063 943.183 1408.12 1876.64 2343.11
 56.875 474.063 945.191 1411.12 1880.64 2348.11
 56.993 475.046 947.191 1414.12 1884.54 2353.11
 56.993 476.054 949.191 1417.12 1888.54  2358.1
 56.993 477.061 951.191 1420.12 1892.53  2363.1
 56.993 478.061 953.199 1423.11 1896.53  2368.1
 56.993 479.069 955.199 1426.11 1900.53  2373.1
57.1076 480.033  957.12 1429.11 1904.53  2378.1
57.1076  481.04  959.12 1432.11 1908.52  2383.1
57.2252  482.04 961.095 1435.11 1912.52 2388.01
57.2252  483.04 963.105 1438.11 1916.52    2393
57.2252 484.047 965.105 1441.11 1920.52 2397.99
57.2252 485.047 967.112 1444.11 1924.52 2402.99
57.2252 486.054 969.112 1447.11 1928.51 2407.99
57.3419 487.054 971.087 1450.11 1932.51  2412.9
57.3419 488.054 973.097 1453.11 1936.51 2417.89
57.3419 489.054 975.097 1456.11 1940.51 2422.89
57.3419 490.054 977.097 1459.11 1944.51 2427.88
57.4574 491.054 979.065 1462.11 1948.43 2432.88
57.4574 492.054 981.073 1465.11 1952.43 2437.87
57.5731 493.054 983.073 1468.06 1956.36 2442.87
57.6892 494.054 985.073 1471.02 1960.36  2447.8
57.8045 495.043 987.073 1474.02 1964.36 2452.69
57.8045 496.043 989.081 1477.02 1968.36 2457.69
57.9191 497.043  991.04 1479.95 1972.36 2462.69
58.0346 498.043  993.04  1482.9 1976.29 2467.69
58.0346 499.043 995.049  1485.9 1980.29 2472.69
58.1488 500.043 997.008 1488.82 1984.29 2477.69
58.1488 501.049 999.015 1491.82 1988.29 2482.67
58.1488 502.054 1001.02 1494.82 1992.28 2487.67
58.1488 503.054 1003.03 1497.82 1996.28 2492.67
58.2634 504.054    1005 1500.82 2000.28 2497.58
58.2634  505.06 1007.01 1503.82 2004.27 2502.58
58.3768  506.06 1008.97 1506.75 2008.27 2507.58
58.4902  507.06 1010.93 1509.68 2012.27 2512.58
58.4902  508.06 1012.93 1512.68 2016.27 2517.57
58.6048  509.06 1014.93 1515.68 2020.22 2522.51
58.7173 510.037 1016.93 1518.59 2024.22 2527.51
58.8319 511.037 1018.93 1521.59 2028.17 2532.44
58.8319 512.044 1020.93 1524.59 2032.17 2537.44
58.9449 513.044 1022.89 1527.51 2036.17 2542.44
58.9449 514.051 1024.89 1530.51 2040.16 2547.44
59.0576 515.051 1026.85 1533.44 2044.16 2552.44
59.0576 516.058 1028.85 1536.44 2048.16 2557.44
59.1716 517.058 1030.85 1539.44 2052.11 2562.37
59.1716 518.058 1032.86 1542.44 2056.11 2567.37
59.1716 519.058 1034.87 1545.44 2060.11 2572.36
59.1716 520.064 1036.87 1548.43 2064.11 2577.36
59.1716 521.064 1038.87 1551.43 2068.11 2582.35
59.2838 522.053 1040.87 1554.43 2072.11 2587.25
59.3955 523.037 1042.87 1557.43 2076.01 2592.25
59.3955 524.037 1044.88 1560.43 2080.01 2597.25
59.5079 525.037 1046.88 1563.38 2083.94 2602.25
59.5079 526.042 1048.89 1566.38 2087.93 2607.25
59.5079 527.042 1050.89 1569.38 2091.93 2612.25
59.5079 528.049 1052.89 1572.38 2095.93 2617.24
59.6188 529.033 1054.89 1575.38 2099.84 2622.24
59.6188 530.033 1056.89 1578.38 2103.83 2627.23
59.6188 531.033  1058.9 1581.38 2107.83 2632.23
59.6188 532.041  1060.9 1584.38 2111.83 2637.22
 59.729 533.041 1062.86 1587.31 2115.83 2642.22
 59.729 534.041 1064.87 1590.31 2119.83 2647.21
 59.729 535.047 1066.88 1593.31 2123.83  2652.2
59.8388 536.047 1068.84 1596.24 2127.83  2657.2
59.8388 537.054 1070.84 1599.24 2131.83 2662.19
59.8388 538.054 1072.85 1602.24 2135.83 2667.19
 59.949 539.054 1074.82 1605.24 2139.83  2672.1
 59.949 540.061 1076.82 1608.24 2143.83  2677.1
 59.949 541.068 1078.82 1611.24 2147.83 2682.09
60.0589 542.068  1080.8 1614.24 2151.83 2687.01
60.1683 543.068 1082.77 1617.24 2155.75 2692.01
60.1683 544.068 1084.78 1620.24 2159.74    2697
60.2779 545.068 1086.76 1623.24 2163.74 2701.91
60.3868 546.052 1088.76 1626.24 2167.65 2706.91
60.3868 547.052 1090.76 1629.24 2171.65 2711.91
60.4958 548.052 1092.73 1632.24 2175.57 2716.91
60.4958 549.052 1094.73 1635.24 2179.57  2721.9
60.4958 550.052 1096.74 1638.24 2183.57  2726.9
60.6045 551.052 1098.71 1641.24 2187.49  2731.9
60.6045 552.059 1100.72 1644.24 2191.49 2736.89
60.6045 553.065 1102.72 1647.24 2195.49 2741.87
60.6045 554.065 1104.73 1650.24 2199.49 2746.87
60.7129 555.065 1106.73 1653.19 2203.43 2751.87
 60.821 556.065  1108.7 1656.19 2207.35 2756.87
 60.928 557.043  1110.7 1659.11 2211.35 2761.87
61.0351 558.022  1112.7 1662.02 2215.35 2766.87
61.0351 559.022 1114.71 1665.02 2219.35 2771.87
61.0351 560.028 1116.71 1668.02 2223.34 2776.87
61.1436 561.028 1118.71 1671.02  2227.3  2781.8
61.1436 562.035 1120.71 1674.02  2231.3  2786.8
61.1436 563.035 1122.72 1677.02  2235.3 2791.79
61.2505 564.035 1124.68 1679.95  2239.3 2796.79
61.3581 565.035 1126.66 1682.95  2243.3 2801.71
61.4655 566.024 1128.66 1685.95  2247.3 2806.61
61.5735 567.024 1130.66 1688.91  2251.3 2811.54
61.5735 568.031 1132.66 1691.91 2255.29 2816.54
61.6796 569.009 1134.66 1694.82 2259.29 2821.54
61.7875 570.009 1136.66 1697.82 2263.24 2826.48
61.8955 571.009 1138.66 1700.82  2267.2 2831.42
62.0016 571.988 1140.66 1703.74  2271.2 2836.42
62.1083 572.972 1142.66 1706.74 2275.11 2841.42
62.1083 573.979 1144.66 1709.74 2279.11 2846.41
62.2147 574.979 1146.62 1712.67 2283.11 2851.41
62.3206 575.958 1148.62 1715.58 2287.11 2856.41
62.4253 576.925 1150.55 1718.58 2291.11 2861.41
62.5312 577.904 1152.55  1721.5 2295.11 2866.41
62.5312 578.911 1154.55  1724.5 2299.11 2871.41
62.5312 579.911 1156.55  1727.5 2303.11  2876.4
62.5312 580.915 1158.56 1730.49 2307.11  2881.4
62.6384 581.915 1160.56 1733.49 2311.06 2886.34
62.6384 582.915 1162.57 1736.49 2315.06 2891.33
62.6384 583.915 1164.57 1739.49 2319.06 2896.33
62.7434 584.894 1166.57 1742.41 2323.06 2901.33
62.7434 585.901 1168.57 1745.41 2327.06 2906.32
62.7434 586.907 1170.57 1748.41 2331.05 2911.32
62.7434 587.907 1172.57 1751.41 2335.05 2916.32
62.8484 588.907 1174.54 1754.34 2339.05 2921.32
62.9542 589.907 1176.51 1757.34 2343.05 2926.23
62.9542 590.914 1178.51 1760.34 2347.05 2931.23
63.0601 591.914 1180.51  1763.3 2351.05 2936.16
63.0601 592.914 1182.52  1766.3 2355.05 2941.15
63.0601 593.914 1184.53  1769.3 2359.05 2946.15
63.0601 594.918 1186.53 1772.29 2363.05 2951.15
63.0601 595.918 1188.54 1775.29 2367.05 2956.14
63.0601 596.918 1190.54 1778.29 2371.05 2961.14
63.1649 597.918 1192.54 1781.25 2374.99 2966.14
63.2671 598.886 1194.47 1784.25 2378.99 2971.14
63.2671 599.886 1196.48 1787.24 2382.99 2976.14
 63.372 600.886 1198.48 1790.21 2386.99 2981.07
 63.372 601.892 1200.48  1793.2 2390.99 2986.07
63.4764 602.892 1202.48 1796.16 2394.93 2991.07
63.4764 603.896 1204.48 1799.15 2398.93 2996.07
63.4764 604.903 1206.48 1802.15 2402.93 3001.06
63.4764 605.903 1208.48 1805.15 2406.93 3006.06
63.4764 606.903 1210.49 1808.15 2410.93 3011.06
63.5799 607.892 1212.49 1811.15 2414.93 3015.96
 63.684 608.892 1214.49 1814.15 2418.88  3020.9
63.7875 609.881 1216.49 1817.15 2422.88 3025.81
63.7875 610.887 1218.49 1820.15 2426.88 3030.81
63.7875 611.887 1220.49 1823.15 2430.88 3035.81
63.8905 612.887 1222.46 1826.15 2434.81 3040.81
63.9926 613.867 1224.46 1829.07 2438.81 3045.81
63.9926 614.873 1226.46 1832.07 2442.81  3050.8
63.9926 615.873 1228.47 1835.07  2446.8  3055.8
63.9926 616.873 1230.47 1838.06  2450.8  3060.8
64.0948 617.858 1232.47 1841.06 2454.71  3065.8
64.1952 618.827  1234.4 1844.06 2458.71  3070.8
64.2968 619.806  1236.4 1846.98 2462.71  3075.8
64.3973 620.774 1238.33 1849.98 2466.71  3080.8
64.3973 621.774 1240.34 1852.98 2470.71  3085.8
64.3973  622.78 1242.35 1855.98 2474.71 3090.79
64.3973 623.785 1244.35 1858.98 2478.71 3095.79
64.4994 624.774 1246.35 1861.98 2482.71 3100.69
64.6014 625.774 1248.32 1864.98 2486.63 3105.69
64.6014 626.774 1250.33 1867.98 2490.63 3110.69
64.6014 627.774 1252.33 1870.98 2494.63 3115.68
64.6014 628.779 1254.34 1873.97 2498.63 3120.68
64.7026 629.779  1256.3  1876.9 2502.63 3125.68
64.7026 630.784 1258.31  1879.9 2506.63 3130.67
64.8036 631.769 1260.31  1882.9 2510.55 3135.67
64.9029 632.737 1262.24  1885.9 2514.55 3140.67
64.9029 633.742 1264.24  1888.9 2518.55 3145.67
65.0049 634.742 1266.24  1891.9  2522.5 3150.61
65.0049 635.748 1268.24  1894.9  2526.5 3155.61
65.1056 636.748  1270.2 1897.83  2530.5 3160.61
65.2063 637.748 1272.17 1900.77  2534.5 3165.61
65.2063 638.753 1274.17 1903.76  2538.5 3170.61
65.3072 639.743 1276.17 1906.76  2542.5 3175.52
65.3072 640.743 1278.18 1909.76  2546.5 3180.52
 65.408 641.743 1280.15 1912.76 2550.42 3185.52
65.5087 642.743 1282.12 1915.76 2554.35 3190.52
65.6094 643.743 1284.09 1918.76 2558.28 3195.52
65.7108 644.743 1286.09 1921.72 2562.28 3200.45
65.7108 645.748 1288.09 1924.72 2566.28 3205.45
65.7108 646.748  1290.1 1927.72 2570.28 3210.45
65.8103 647.728  1292.1 1930.64 2574.28 3215.45
65.9107 648.728 1294.07 1933.64  2578.2 3220.45
65.9107 649.734 1296.07 1936.64  2582.2 3225.45
65.9107 650.734 1298.07 1939.64  2586.2 3230.45
65.9107 651.734 1300.07 1942.64  2590.2 3235.45
66.0107 652.734 1302.05 1945.64 2594.13 3240.45
66.0107 653.738 1304.05 1948.64 2598.12 3245.45
66.0107 654.738 1306.06 1951.63 2602.12 3250.45
66.0107 655.744 1308.06 1954.63 2606.11 3255.45
66.1102 656.744 1310.03 1957.63 2610.04 3260.45
  66.21 657.744    1312 1960.63 2614.04 3265.37
66.3092 658.744 1313.97 1963.57 2618.04 3270.37
66.4094 659.744 1315.97 1966.57    2622 3275.31
66.4094 660.744 1317.97 1969.57    2626 3280.31
66.5091 661.744 1319.97 1972.53 2629.94 3285.31
66.5091 662.744 1321.98 1975.53 2633.94  3290.3
66.5091 663.744 1323.98 1978.52 2637.94  3295.3
66.6078 664.729 1325.98 1981.52 2641.85  3300.3
66.6078 665.734 1327.99 1984.52 2645.85 3305.29
66.7074 666.734 1329.99 1987.52 2649.81 3310.24
66.7074 667.734 1331.99 1990.52 2653.81 3315.24
66.8069 668.734 1333.99 1993.52 2657.77 3320.18
66.8069 669.734 1335.99 1996.52 2661.77 3325.17
66.8069 670.738    1338 1999.52 2665.77 3330.17
66.8069 671.738    1340 2002.52 2669.77 3335.17
66.9056 672.738    1342 2005.47 2673.71 3340.17
66.9056 673.738 1344.01 2008.47 2677.71 3345.16
67.0019 674.708 1345.94 2011.47 2681.71 3350.16
67.0019 675.714 1347.94 2014.47 2685.71 3355.16
67.0019  676.72 1349.94 2017.47 2689.71 3360.15
67.0019  677.72 1351.95 2020.47 2693.71 3365.15
67.0999  678.72 1353.93 2023.47 2697.71 3370.07
67.1982  679.72 1355.93 2026.44 2701.71 3375.01
67.1982 680.725 1357.93 2029.43 2705.71 3380.01
67.1982  681.73 1359.93 2032.43 2709.71    3385
67.1982 682.734 1361.94 2035.43 2713.71    3390
67.1982  683.74 1363.94 2038.43 2717.71 3394.99
67.2959  684.74 1365.94 2041.39 2721.71 3399.93
67.2959  685.74 1367.94 2044.39 2725.71 3404.93
67.3931  686.73 1369.94 2047.39 2729.71 3409.84
67.3931 687.734 1371.95 2050.39  2733.7 3414.84
  67.49 688.734 1373.92 2053.39 2737.63 3419.84
  67.49 689.734 1375.93 2056.39 2741.62 3424.84
 67.587 690.734 1377.93 2059.35 2745.57 3429.84
 67.587  691.74 1379.93 2062.34 2749.57 3434.84
67.6834 692.725 1381.93 2065.34 2753.48 3439.84
67.7807 693.725 1383.93 2068.34 2757.44 3444.78
67.8773 694.725  1385.9 2071.34 2761.37 3449.78
67.8773 695.731  1387.9 2074.34 2765.37 3454.78
67.8773 696.737  1389.9 2077.34 2769.37 3459.77
67.9737 697.727  1391.9 2080.34 2773.37 3464.69
67.9737 698.731  1393.9 2083.34 2777.37 3469.69
68.0704 699.731  1395.9  2086.3 2781.37 3474.63
68.0704 700.737  1397.9  2089.3 2785.37 3479.62
68.0704 701.741  1399.9  2092.3 2789.36 3484.62
68.0704 702.746 1401.91  2095.3 2793.36 3489.61
68.1644 703.716 1403.84  2098.3 2797.36 3494.61
68.1644 704.722 1405.84  2101.3 2801.36 3499.61
68.1644 705.726 1407.85 2104.29 2805.36 3504.61
68.2581 706.697 1409.78 2107.29 2809.36 3509.61
68.2581 707.697 1411.79 2110.29 2813.36 3514.61
68.2581 708.703 1413.79 2113.29 2817.36  3519.6
68.2581 709.707 1415.79 2116.29 2821.35  3524.6
68.2581 710.711  1417.8 2119.29 2825.35  3529.6
68.2581 711.711  1419.8 2122.28 2829.35  3534.6
68.3533 712.711  1421.8 2125.24 2833.29  3539.6
68.4479 713.711 1423.77 2128.18 2837.29  3544.6
68.5434 714.711 1425.77 2131.18 2841.25 3549.54
68.6382 715.711 1427.74 2134.18 2845.18 3554.54
68.6382 716.711 1429.74 2137.18 2849.19 3559.54
68.7326 717.711 1431.71 2140.12 2853.19 3564.54
68.8274   718.7 1433.71 2143.12 2857.19 3569.46
68.9204 719.671 1435.64 2146.12 2861.19 3574.46
68.9204 720.671 1437.65 2149.12 2865.18 3579.46
69.0146 721.671 1439.62 2152.06 2869.18 3584.46
69.0146 722.677 1441.62 2155.06 2873.18 3589.45
69.1094 723.677 1443.62 2158.02 2877.13 3594.45
69.1094 724.681 1445.62 2161.02 2881.12 3599.45
69.2029 725.662 1447.62 2163.95 2885.12 3604.45
69.2029 726.662 1449.62 2166.94 2889.12 3609.45
69.2978 727.662 1451.62 2169.94 2893.08 3614.39
69.2978 728.666 1453.63 2172.94 2897.08 3619.39
69.3924 729.666 1455.63  2175.9 2901.08 3624.33
69.4871 730.666 1457.63  2178.9 2905.04 3629.28
69.4871 731.671 1459.63  2181.9 2909.04 3634.27
69.4871 732.675 1461.63  2184.9 2913.03 3639.27
69.5815 733.675 1463.63  2187.9 2916.99 3644.22
69.5815 734.679 1465.64  2190.9 2920.98 3649.22
69.5815 735.683 1467.64  2193.9 2924.97 3654.22
69.6733 736.654 1469.58  2196.9 2928.97 3659.22
69.7661 737.635 1471.58 2199.83 2932.97 3664.22
69.8598 738.625 1473.58 2202.83 2936.97 3669.13
69.8598 739.631 1475.58 2205.83 2940.97 3674.13
69.9532 740.621 1477.58 2208.83 2944.97 3679.05
70.0464 741.607 1479.58 2211.83 2948.89 3684.05
70.0464 742.612 1481.58 2214.83 2952.89 3689.04
70.1402 743.612 1483.58 2217.79 2956.89 3693.98
70.1402 744.617 1485.58 2220.79 2960.89 3698.97
70.1402 745.617 1487.59 2223.79 2964.89 3703.97
70.1402 746.621 1489.59 2226.79 2968.89 3708.97
70.2314 747.592 1491.53 2229.79 2972.89 3713.97
 70.325 748.592 1493.53 2232.79 2976.85 3718.91
 70.325 749.597 1495.53 2235.79 2980.85 3723.91
 70.325 750.603 1497.53 2238.79 2984.85 3728.91
 70.325 751.609 1499.53 2241.79 2988.85  3733.9
 70.325 752.609 1501.53 2244.79 2992.85  3738.9
70.4171 753.609  1503.5 2247.73 2996.85  3743.9
70.4171 754.609 1505.51 2250.73 3000.84  3748.9
70.5097 755.609 1507.51 2253.69 3004.79  3753.9
70.6023 756.609 1509.51 2256.65 3008.74  3758.9
70.6023 757.614 1511.51 2259.64 3012.74  3763.9
70.6946 758.604 1513.51 2262.64 3016.74 3768.81
70.6946 759.604 1515.51 2265.64 3020.73 3773.81
70.7866 760.604 1517.49 2268.64 3024.67 3778.81
70.7866 761.609 1519.49 2271.64 3028.67 3783.81
70.8783 762.595 1521.49 2274.64 3032.59 3788.81
70.8783 763.601 1523.49 2277.64 3036.59  3793.8
70.8783 764.606 1525.49 2280.64 3040.59  3798.8
70.8783 765.611 1527.49 2283.64 3044.58  3803.8
70.9705 766.611 1529.49 2286.64 3048.54 3808.75
71.0624 767.611 1531.49  2289.6 3052.49 3813.75
71.0624 768.616 1533.49  2292.6 3056.49 3818.74
71.0624 769.616  1535.5  2295.6 3060.49 3823.73
71.1538 770.616 1537.47  2298.6 3064.43 3828.73
71.2457 771.616 1539.47  2301.6 3068.39 3833.68
71.3373 772.616 1541.45  2304.6 3072.39 3838.61
71.3373  773.62 1543.45 2307.59 3076.39 3843.61
 71.429  774.62 1545.45 2310.56 3080.39 3848.55
 71.429 775.625 1547.45 2313.56 3084.39 3853.55
 71.429 776.625 1549.46 2316.56 3088.39 3858.54
  71.52 777.625 1551.43 2319.56 3092.32 3863.54
  71.52  778.63 1553.43 2322.56 3096.32 3868.54
  71.52 779.635 1555.44 2325.56 3100.32 3873.54
71.6092 780.607 1557.38 2328.56 3104.32 3878.54
   71.7 781.607 1559.35 2331.56 3108.25 3883.54
71.7904 782.607 1561.32  2334.5 3112.25 3888.54
71.8817 783.607 1563.32 2337.46 3116.25 3893.48
71.8817 784.612 1565.32 2340.46 3120.25 3898.47
71.8817 785.616 1567.32 2343.46 3124.24 3903.47
71.9719 786.603 1569.32 2346.46 3128.17 3908.47
72.0627 787.603  1571.3 2349.46 3132.17  3913.4
72.0627 788.603  1573.3 2352.47 3136.17  3918.4
72.1524 789.585  1575.3 2355.39 3140.17  3923.4
72.1524 790.585 1577.31 2358.39 3144.16  3928.4
72.2425 791.571 1579.31 2361.39 3148.09  3933.4
72.2425 792.576 1581.31 2364.39 3152.09 3938.39
72.3324 793.576 1583.28 2367.33 3156.09 3943.39
72.3324 794.576 1585.28 2370.33 3160.09 3948.39
72.4208 795.548 1587.22 2373.33 3164.09 3953.39
72.5114 796.548 1589.22  2376.3 3168.09 3958.33
72.5114 797.552 1591.23  2379.3 3172.08 3963.33
72.5114 798.552 1593.23  2382.3 3176.08 3968.33
 72.601 799.538 1595.23  2385.3    3180 3973.33
72.6914 800.538 1597.23  2388.3 3183.96 3978.28
72.7815 801.538 1599.21  2391.3 3187.96 3983.21
72.7815 802.543 1601.21  2394.3 3191.96 3988.21
72.8715 803.543 1603.21 2397.26 3195.91 3993.21
72.8715 804.548 1605.21 2400.26  3199.9 3998.21
72.8715 805.552 1607.21 2403.26  3203.9 4003.21
72.9608 806.539 1609.21 2406.26 3207.82 4008.21
72.9608 807.539 1611.22 2409.26 3211.82 4013.21
72.9608 808.542 1613.22 2412.25 3215.82 4018.21
73.0485 809.514 1615.16 2415.25 3219.82 4023.21
73.1381 810.514 1617.16 2418.21 3223.77 4028.21
73.2279 811.514 1619.16 2421.21 3227.73 4033.15
73.2279 812.514 1621.17 2424.21 3231.73 4038.15
73.2279  813.52 1623.17 2427.21 3235.73 4043.15
73.2279 814.525 1625.17 2430.21 3239.73 4048.14
73.2279 815.529 1627.17 2433.21 3243.72 4053.14
73.3168 816.519 1629.17 2436.21 3247.72 4058.06
73.4059 817.519 1631.15 2439.21 3251.72 4062.99
 73.495 818.519 1633.13 2442.21 3255.72 4067.93
 73.495 819.523 1635.13 2445.21 3259.71 4072.93
73.5843 820.523 1637.13 2448.21 3263.67 4077.88
73.5843 821.528 1639.13 2451.21 3267.67 4082.87
73.5843 822.532 1641.14 2454.21 3271.67 4087.87
73.5843 823.536 1643.14 2457.21 3275.66 4092.87
73.5843  824.54 1645.14 2460.21 3279.66 4097.86
73.5843 825.544 1647.14 2463.21 3283.66 4102.86
 73.671 826.517 1649.09 2466.21 3287.66 4107.86
 73.671  827.52 1651.09  2469.2 3291.66 4112.86
 73.671  828.52 1653.09  2472.2 3295.66 4117.86
73.7584 829.502 1655.09 2475.13 3299.66 4122.86
73.7584 830.502 1657.09 2478.13 3303.66 4127.86
73.7584 831.502 1659.09 2481.13 3307.66 4132.86
73.7584 832.502  1661.1 2484.13 3311.65 4137.86
73.8463 833.502 1663.08 2487.13 3315.65 4142.79
73.8463 834.502 1665.08 2490.13 3319.65 4147.78
73.8463 835.507 1667.08 2493.13 3323.65 4152.78
73.8463 836.512 1669.08 2496.13 3327.65 4157.78
73.9337 837.502 1671.08 2499.13 3331.65  4162.7
73.9337 838.502 1673.09 2502.13 3335.65  4167.7
73.9337 839.502 1675.09 2505.13 3339.65 4172.69
74.0194 840.475 1677.04 2508.13 3343.65 4177.69
74.1051 841.448 1678.98 2511.13 3347.65 4182.69
74.1051 842.453 1680.98 2514.13 3351.64 4187.69
74.1051 843.456 1682.98 2517.12 3355.64 4192.69
74.1921 844.447 1684.98 2520.12 3359.64 4197.62
74.1921 845.447 1686.98 2523.12 3363.64 4202.62
74.2795 846.447 1688.98 2526.12  3367.6 4207.57
74.2795 847.452 1690.98 2529.12  3371.6 4212.56
74.2795 848.456 1692.99 2532.12  3375.6 4217.56
74.3664 849.456 1694.97 2535.12  3379.6  4222.5
74.4528 850.443 1696.97 2538.12 3383.52  4227.5
74.5388 851.425 1698.97 2541.05 3387.52  4232.5
74.5388 852.428 1700.97 2544.04 3391.52  4237.5
74.5388 853.428 1702.97 2547.04 3395.52  4242.5
74.6253 854.419 1704.97 2550.04 3399.52 4247.42
74.6253 855.424 1706.97 2553.04 3403.52 4252.42
74.7113 856.424 1708.94 2555.99 3407.52 4257.42
74.7113 857.428 1710.95 2558.99 3411.52 4262.41
74.7973 858.415 1712.95 2561.99 3415.45 4267.41
74.8833 859.415 1714.92 2564.93 3419.45 4272.41
74.8833 860.419 1716.92 2567.93 3423.44 4277.41
74.8833 861.423 1718.92 2570.93 3427.44 4282.41
74.8833 862.428 1720.92 2573.93 3431.43 4287.41
74.9686  863.41 1722.92 2576.86 3435.43 4292.41
74.9686  864.41 1724.92 2579.86 3439.43 4297.41
75.0549  865.41 1726.92 2582.83 3443.43 4302.35
75.1393 866.383 1728.87 2585.83 3447.43 4307.35
75.1393 867.383 1730.87 2588.83 3451.43 4312.35
75.1393 868.383 1732.87 2591.83 3455.43 4317.35
75.1393 869.383 1734.87 2594.83 3459.43 4322.35
75.1393 870.383 1736.88 2597.83 3463.43 4327.34
75.1393 871.383 1738.88 2600.83 3467.43 4332.34
75.1393 872.387 1740.88 2603.83 3471.42 4337.34
 75.225 873.387 1742.88 2606.79 3475.42 4342.29
75.3103 874.377 1744.88 2609.79 3479.42 4347.21
75.3958 875.377 1746.88 2612.76 3483.37 4352.21
75.3958 876.382 1748.88 2615.76 3487.37 4357.21
75.3958 877.386 1750.89 2618.76 3491.37  4362.2
75.3958 878.386 1752.89 2621.76 3495.37  4367.2
75.3958 879.391 1754.89 2624.75 3499.37  4372.2
75.3958 880.395 1756.89 2627.75 3503.37  4377.2
75.3958 881.395  1758.9 2630.75 3507.37 4382.19
75.3958 882.399  1760.9 2633.75 3511.37 4387.19
75.3958 883.403  1762.9 2636.74 3515.37 4392.19
75.3958 884.406  1764.9 2639.74 3519.36 4397.19
75.4806 885.406  1766.9 2642.71 3523.36 4402.13
75.5636  886.38 1768.85 2645.71 3527.36 4407.13
75.6466 887.354 1770.79 2648.71 3531.36 4412.13
75.7308 888.341 1772.79 2651.71 3535.29 4417.13
75.7308 889.345 1774.79 2654.71 3539.29 4422.13
75.7308 890.349 1776.79 2657.71 3543.29 4427.13
75.7308 891.354 1778.79 2660.71 3547.29 4432.13
75.8147 892.341 1780.79 2663.71 3551.22 4437.13
75.8147 893.341 1782.79 2666.71 3555.22 4442.12
75.8981 894.324 1784.79 2669.65 3559.22 4447.12
75.8981 895.329 1786.79 2672.65 3563.21 4452.12
75.9818 896.329 1788.76 2675.59 3567.21 4457.12
75.9818 897.333 1790.76 2678.59 3571.21 4462.12
75.9818 898.338 1792.76 2681.59 3575.21 4467.12
75.9818 899.342 1794.76 2684.59 3579.21 4472.12
75.9818 900.342 1796.77 2687.59 3583.21 4477.12
75.9818 901.342 1798.77 2690.59 3587.21 4482.11
75.9818 902.342 1800.78 2693.58  3591.2 4487.11
76.0651 903.342 1802.75 2696.58 3595.14 4492.11
76.0651 904.342 1804.76 2699.58 3599.14 4497.11
76.0651 905.346 1806.76 2702.58 3603.14  4502.1
76.0651  906.35 1808.76 2705.58 3607.14  4507.1
76.1482  907.35 1810.74 2708.58 3611.08  4512.1
76.2313  908.35 1812.71 2711.58 3615.02  4517.1
76.2313  909.35 1814.72 2714.58 3619.02  4522.1
76.3141 910.337 1816.72 2717.58 3622.95  4527.1
76.3141 911.342 1818.72 2720.58 3626.95  4532.1
76.3968 912.342 1820.69 2723.52 3630.95  4537.1
76.4795 913.329 1822.69 2726.52 3634.88  4542.1
76.4795 914.329 1824.69 2729.52 3638.88 4547.09
76.4795 915.329  1826.7 2732.52 3642.88 4552.09
76.4795 916.333  1828.7 2735.52 3646.88 4557.08
76.5621 917.333 1830.68 2738.52 3650.82 4562.08
76.6452 918.333 1832.68 2741.52 3654.78 4567.04
76.7273 919.316 1834.68 2744.46 3658.78 4572.04
76.7273  920.32 1836.68 2747.46 3662.78 4577.03
76.7273 921.324 1838.69 2750.46 3666.78 4582.02
76.8095 922.324 1840.66  2753.4 3670.78 4587.02
76.8095 923.324 1842.66 2756.41 3674.78 4592.02
76.8924 924.324 1844.66 2759.41 3678.75 4596.97
76.9745 925.324 1846.63 2762.35 3682.75 4601.97
76.9745 926.324 1848.63 2765.35 3686.75 4606.97
76.9745 927.324 1850.64 2768.35 3690.75 4611.97
77.0565 928.311 1852.64 2771.35 3694.68 4616.97
77.1391 929.311 1854.64 2774.35 3698.64 4621.92
77.1391 930.311 1856.64 2777.35 3702.64 4626.92
77.1391 931.316 1858.64 2780.35 3706.64 4631.92
77.2212 932.316 1860.62 2783.35 3710.58 4636.92
77.2212 933.321 1862.62 2786.35 3714.58 4641.91
77.3031 934.311 1864.62 2789.35 3718.58 4646.84
77.3031 935.311 1866.62 2792.35 3722.58 4651.84
77.3852 936.311 1868.62 2795.31 3726.53 4656.84
77.3852 937.315 1870.62 2798.31 3730.52 4661.84
77.4672 938.315 1872.61 2801.31 3734.52 4666.78
77.5484 939.298 1874.61 2804.25 3738.52 4671.78
77.5484 940.298 1876.61 2807.25 3742.52 4676.78
77.5484 941.303 1878.61 2810.25 3746.52 4681.78
77.5484 942.306 1880.61 2813.24 3750.52 4686.78
77.5484 943.309 1882.61 2816.24 3754.52 4691.77
77.6298   944.3 1884.61 2819.24 3758.52  4696.7
77.7115   945.3 1886.61 2822.21 3762.47  4701.7
77.7115   946.3 1888.62 2825.21 3766.47 4706.69
77.7928   947.3 1890.59 2828.21 3770.42 4711.69
77.7928 948.303 1892.59  2831.2 3774.42 4716.69
77.8744 949.303 1894.59 2834.17 3778.42 4721.64
77.8744 950.307  1896.6 2837.17 3782.42 4726.64
77.9543 951.281 1898.54 2840.17 3786.42 4731.64
78.0355 952.272 1900.54 2843.17 3790.42 4736.57
78.1164 953.272 1902.51 2846.11 3794.42 4741.57
78.1164 954.276 1904.52 2849.11 3798.42 4746.56
78.1978 955.276 1906.52 2852.08 3802.42 4751.51
78.2794 956.276 1908.52 2855.08 3806.38 4756.46
78.2794 957.279 1910.52 2858.08 3810.38 4761.46
78.2794 958.279 1912.52 2861.08 3814.37 4766.46
78.2794 959.282 1914.52 2864.08 3818.37 4771.46
78.3605 960.282 1916.52 2867.05 3822.37 4776.41
78.4411  961.27 1918.52 2870.05  3826.3 4781.41
78.5222  962.27 1920.52 2873.01 3830.26 4786.41
78.6028 963.258 1922.52 2876.01 3834.19 4791.41
78.6028 964.258 1924.53 2879.01 3838.19 4796.41
78.6823 965.233 1926.48 2882.01 3842.19 4801.41
78.6823 966.236 1928.48 2885.01 3846.18 4806.41
78.6823 967.236 1930.48 2888.01 3850.18 4811.41
78.7628 968.236 1932.46 2891.01 3854.12 4816.41
78.8438 969.236 1934.46 2893.98 3858.12 4821.35
78.9241 970.236 1936.43 2896.93 3862.12 4826.35
78.9241 971.239 1938.43 2899.93 3866.12 4831.35
79.0048 972.239 1940.43 2902.89 3870.08 4836.35
79.0048 973.239 1942.43 2905.89 3874.08 4841.35
79.0048 974.239 1944.44 2908.89 3878.08 4846.35
79.0048 975.242 1946.44 2911.89 3882.08 4851.35
79.0848  976.23 1948.44 2914.89 3886.01 4856.35
79.1651  977.23 1950.42 2917.89 3889.95 4861.35
79.2455  978.23 1952.42 2920.85  3893.9 4866.35
79.3245 979.205 1954.36 2923.85  3897.9 4871.35
79.3245 980.209 1956.36 2926.85  3901.9 4876.35
79.4034 981.184 1958.31 2929.85  3905.9 4881.35
79.4836 982.184 1960.29 2932.85 3909.84 4886.35
79.4836 983.187 1962.29 2935.85 3913.84 4891.35
79.4836 984.192 1964.29 2938.85 3917.84 4896.35
79.4836 985.192 1966.29 2941.85 3921.84 4901.35
79.4836 986.196 1968.29 2944.85 3925.84 4906.34
79.5628  987.18 1970.29 2947.78 3929.84 4911.34
79.5628  988.18 1972.29 2950.78 3933.84 4916.34
 79.642 989.163 1974.29 2953.72 3937.84 4921.34
79.7216 990.151 1976.29 2956.72 3941.78 4926.34
79.7216 991.151 1978.29 2959.72 3945.78 4931.34
79.8015 992.151 1980.29 2962.69 3949.73 4936.34
79.8814 993.151 1982.29 2965.65 3953.68 4941.34
79.8814 994.155 1984.29 2968.65 3957.68 4946.34
79.8814  995.16 1986.29 2971.65 3961.68 4951.34
79.8814  996.16  1988.3 2974.65 3965.68 4956.33
79.8814 997.163  1990.3 2977.65 3969.68 4961.33
79.8814 998.163  1992.3 2980.65 3973.68 4966.32
79.9608 999.163 1994.29 2983.65 3977.68 4971.26