      1       2       4       4       4       6
1.55556       3 6.22222 6.22222       8      11
 2.1471       4 8.58842 9.22222 11.0423      16
 2.1471 5.10038 10.9511 11.7592 15.0423      21
 2.1471 6.34006 12.9511 14.7592 18.6984 26.1042
  2.542 7.50614 14.9511 17.7592 22.1374 31.1042
  2.542 8.50614 17.2939 20.5422 26.1374 35.9784
  2.542 9.60764 19.5334 23.5422 30.1374 40.6374
  2.542 10.8221 21.5334 26.5181  33.947 45.6374
  2.542 11.8221 23.8759 29.5181 37.6399  50.602
  2.542  12.918 26.0892 32.5181 41.6399 55.2928
2.75393  13.995 28.0892 35.2291 45.6399 60.2928
2.75393 15.1118 30.3306 38.2291 49.2818 65.2928
2.75393 16.2285  32.572 41.2291 52.9236 70.2928
2.94673 17.2285  34.572 44.1154 56.9236 75.2137
2.94673 18.3136 36.7495 47.1154 60.9236  79.951
3.09912 19.2607   38.65 50.1154 64.9236  84.951
3.09912 20.3393 40.8144 53.1154 68.9236 89.7082
3.09912 21.4821 42.8144 56.0999 72.7963 94.7082
3.09912  22.625 44.8144 59.0844  76.669 99.7082
3.24607  23.625 46.9394 62.0844  80.669 104.436
3.24607  24.625 49.1664   65.03 84.4964 109.436
3.24607  25.625 51.3935 67.9756 88.3237 114.436
3.38014 26.6833 53.3935 70.7831 92.3237 119.436
3.52154 27.6833 55.3935 73.7831 96.1859 124.433
3.64354 28.6424 57.3125 76.7831 100.186 129.433
3.64354 29.7568 59.3125 79.7706 104.084 134.433
3.64354 30.7568 61.5031 82.7706 107.928 139.398
3.64354 31.7568 63.6712 85.6885 111.928 144.312
3.76719 32.8345 65.6712 88.6885 115.727 149.312
3.76719 33.9417 67.6712  91.679 119.629 154.312
3.88401 34.9417 69.7696  94.679 123.629 159.097
4.00175  36.001 71.7696  97.679 127.629  163.92
4.12391  37.001 73.7696 100.661 131.525  168.92
4.23939  38.001 75.8353  103.48 135.525  173.92
4.23939  39.001 78.0031 106.438 139.399  178.92
4.34429  39.966 79.9332 109.438 143.399  183.92
4.34429  40.966 81.9332 112.444 147.339 188.973
4.34429 42.0518 83.9332 115.444 151.245 193.982
4.34429 43.0518 85.9332 118.452 155.184 199.035
4.34429 44.0958  88.017 121.324 159.184 204.035
4.34429 45.1452 90.1117 124.324 163.184 208.891
4.34429 46.2041 92.2253 127.324 167.012 213.891
4.44286 47.2525 94.2253 130.324 171.012 218.744
4.54143 48.3008 96.2253 133.324 175.012 223.597
4.54143 49.3008 98.3488 136.266 179.012 228.531
4.63809 50.3008 100.442 139.266 182.822 233.531
4.63809 51.3415  102.52 142.147 186.822 238.531
4.73172  52.378  104.52 145.017 190.822 243.531
4.73172 53.4189 106.597 147.899 194.822 248.531
4.73172 54.4727   108.7 150.899 198.665 253.531
4.73172 55.4727 110.835 153.863 202.567 258.531
4.73172 56.5398 112.835 156.822 206.567 263.504
4.82006 57.5953 114.835 159.822 210.423 268.504
4.90629 58.5953 116.889 162.682 214.423 273.504
4.90629 59.5953 119.003 165.623 218.423 278.449
4.99157 60.6312 121.003 168.502 222.423 283.449
5.07632 61.6312 123.057 171.363 226.423 288.449
5.07632 62.6312 125.184 174.324 230.336 293.449
5.15965 63.6312 127.239 177.186 234.336 298.449
5.15965 64.6787 129.333 180.186 238.193 303.449
5.15965 65.6787 131.458 183.146 242.107 308.449
5.15965 66.6787 133.458 186.142 246.067 313.494
5.24142 67.6787 135.458 189.092 250.067 318.462
5.24142 68.6787 137.458 192.087 254.028 323.507
5.32055 69.7156 139.458 195.087 258.028 328.391
5.32055 70.7156 141.572 198.087 261.938 333.367
5.40059 71.7156 143.572 201.067 265.878 338.367
5.40059 72.7765 145.572 204.067 269.812 343.373
5.40059  73.813 147.645 207.067 273.812 348.263
5.47639  74.849 149.645 210.067 277.812 353.151
5.47639 75.9131 151.645 213.053 281.761 358.151
5.47639 76.9689 153.645 216.016 285.761 363.132
5.55075 78.0141 155.645 219.016 289.642 368.132
5.62567 79.0141 157.645 221.972 293.642 373.101
5.62567 80.0478 159.707 224.876 297.642 378.101
5.62567 81.0815  161.77  227.78 301.642 383.101
5.62567 82.1152 163.832 230.684 305.642 388.101
5.62567 83.1736 165.832 233.684 309.581 393.103
5.62567 84.2279 167.832 236.647 313.581 398.087
5.62567 85.2279 169.923 239.595 317.581 403.047
5.62567 86.2279 171.923 242.589  321.55 408.084
5.68966 87.2086 173.879 245.589  325.55 413.084
5.68966 88.2683 175.879 248.574 329.506 418.084
5.75788 89.2683 177.879 251.554 333.457 423.084
5.82469 90.2683 179.943 254.554 337.326 428.084
5.89189 91.3097 181.943 257.554 341.218 433.084
5.89189 92.3499 184.015 260.554 345.105 438.084
5.89189 93.3901 186.088 263.554 348.992 443.084
5.89189 94.4484 188.088 266.541 352.947 448.084
5.89189 95.4888  190.16 269.541 356.835 453.084
5.89189 96.4888 192.251 272.541 360.759 458.067
5.89189 97.4888 194.343 275.541 364.684 463.051
5.95126 98.4711 196.301 278.541 368.684 468.051
5.95126 99.4711 198.383 281.495 372.684 473.015
6.01436 100.471 200.383  284.48 376.636 478.015
6.01436 101.527 202.383 287.468 380.593 483.015
6.01436 102.527 204.472 290.468  384.52 487.999
6.07535 103.566 206.472 293.468 388.419 492.999
6.13634 104.606 208.472 296.468 392.319 497.999
6.19662 105.633 210.472 299.381 396.319 502.999
6.25821 106.633 212.472 302.381 400.258 507.998
6.31952 107.633 214.472 305.343 404.258 512.975
 6.3798  108.66 216.472 308.256 408.258 517.975
 6.3798  109.66 218.555 311.256 412.188 522.961
 6.3798 110.713 220.555 314.245 416.146 527.961
 6.3798 111.713 222.631 317.201 420.146 532.929
 6.4386 112.743 224.631 320.201 424.146 537.841
6.49785  113.78 226.631 323.201 428.049 542.841
6.55404 114.764 228.591 326.201 432.049 547.841
6.55404 115.764 230.671 329.201 435.982 552.827
6.55404 116.764 232.756 332.177 439.922 557.827
6.61223 117.801 234.756 335.177 443.827 562.827
6.66746 118.785 236.717 338.177 447.827 567.827
6.72516 119.813 238.717 341.177 451.827 572.741
6.72516 120.813 240.795 344.177 455.761 577.729
6.72516 121.813 242.866 347.137 459.761 582.697
6.78204 122.813 244.921 350.137  463.65 587.697
6.83948 123.813 246.921 353.102  467.65 592.675
6.83948 124.847 248.982 356.102 471.555 597.675
6.89557  125.87 250.982 359.022 475.555 602.675
6.95198  126.87 253.036 362.022 479.445 607.675
7.00589 127.854 254.998 365.022 483.445 612.675
7.00589 128.902 256.998 368.013 487.406 617.675
7.05938 129.886  258.96 371.013 491.406 622.675
7.05938 130.912 261.005 373.943 495.406 627.675
7.05938 131.912 263.005  376.94 499.378 632.706
7.11443 132.912 265.056  379.94 503.272 637.706
7.16898 133.912 267.088 382.853 507.272 642.706
7.22426 134.944 269.088 385.853 511.184 647.706
7.27979 135.944 271.088 388.819 515.184 652.685
7.33532 136.944 273.088 391.785 519.184 657.663
7.33532 137.944 275.088 394.782 523.155 662.694
7.39043 138.944 277.088 397.748 527.155 667.673
7.44477 139.966 279.088 400.673 531.155 672.673
7.44477 140.992 281.133 403.673 535.155 677.602
7.44477 142.036 283.133 406.663  539.12 682.602
7.49831 143.058 285.133 409.588  543.12 687.602
7.49831 144.089 287.188 412.588 547.034 692.602
7.55259 145.089 289.188 415.574 550.994 697.602
7.60575 146.089 291.224 418.574 554.994 702.513
7.60575 147.119 293.278 421.574 558.909 707.513
7.60575 148.163 295.278 424.565 562.874 712.513
7.60575 149.163 297.278 427.562 566.847 717.543
7.65767 150.163 299.308 430.481 570.847 722.543
7.65767 151.163 301.379  433.46 574.798 727.543
7.65767 152.163 303.446  436.46  578.74 732.533
7.70904 153.184 305.446 439.388  582.74 737.533
7.76088 154.214 307.446 442.388 586.658 742.533
7.76088 155.214 309.512 445.388 590.601 747.524
7.76088 156.214 311.579 448.388 594.544 752.515
7.76088 157.237 313.619 451.324 598.544 757.515
7.80952 158.222 315.585 454.324 602.544 762.515
7.80952 159.246 317.627 457.324 606.544 767.449
7.80952  160.27 319.669 460.324 610.544 772.383
7.80952 161.293 321.709 463.262 614.544 777.383
7.85726 162.279 323.675 466.262 618.544 782.383
7.90688 163.279 325.719 469.262 622.451 787.383
7.90688 164.279 327.778 472.227 626.451 792.359
7.95606   165.3 329.778 475.227 630.451 797.288
8.00537   166.3 331.822 478.227 634.358 802.288
8.05467   167.3 333.865 481.227 638.265 807.288
8.05467 168.338 335.865 484.227 642.222 812.293
8.05467 169.366 337.916 487.227 646.143 817.293
8.05467 170.366 339.916 490.225 650.118 822.321
8.10285 171.366 341.949 493.225 654.118 827.239
8.15164 172.366 343.949 496.194 658.118 832.221
8.20073 173.366 345.949 499.182 662.081 837.221
8.20073 174.366 348.012 502.182 666.028 842.212
8.24863 175.366 350.044 505.182 670.028 847.131
8.29639 176.366 352.071 508.108 674.028 852.131
8.29639 177.366 354.127 511.075 678.028 857.107
 8.3425 178.351 356.096 514.075 682.028 862.107
 8.3425 179.351 358.096 517.072 686.005 867.134
8.39059 180.351 360.096 520.072 689.958 872.132
8.43867 181.351 362.096 523.072 693.912  877.13
8.48602 182.351 364.127 526.072 697.912 882.051
8.53337 183.369 366.127 529.008 701.912 887.051
8.58144 184.369 368.127 532.008 705.867 892.048
8.58144 185.369 370.187 535.008 709.816 897.039
8.62925 186.369 372.187 538.008 713.771 902.037
8.67717 187.369 374.187 540.995 717.735 907.037
8.67717 188.369 376.249 543.977 721.691 912.037
8.72484 189.369 378.249 546.965 725.655 917.037
8.77155 190.369 380.274 549.894 729.655 922.037
8.81859 191.369 382.314 552.894 733.568 927.037
8.81859 192.402 384.314 555.894 737.529 932.043
8.86588 193.402 386.314 558.894 741.484 937.041
8.91257 194.421 388.314 561.894 745.484 941.975
8.91257 195.454 390.314 564.894 749.446 946.981
8.91257 196.454 392.366 567.863 753.446 951.959
 8.9573  197.44 394.335 570.863 757.446 956.959
 8.9573  198.47 396.335 573.841 761.446 961.951
9.00316  199.47 398.364 576.841 765.446 966.876
9.04902  200.47 400.393 579.841 769.446 971.801
9.09488  201.47 402.422 582.841 773.446 976.726
9.09488 202.499 404.422  585.82 777.446 981.718
9.09488 203.529 406.422 588.799 781.446  986.71
9.14094 204.529 408.422 591.799 785.403 991.706
9.18633 205.545 410.422 594.738 789.403 996.706
9.23183 206.563 412.422 597.738 793.403 1001.64
9.27742 207.563 414.459 600.738 797.321 1006.64
9.32292 208.581 416.459 603.738 801.321 1011.58
9.32292 209.612 418.459 606.738 805.285 1016.58
9.32292 210.612 420.459 609.735 809.264 1021.61
9.36788 211.612 422.487 612.735 813.264 1026.53
9.36788 212.612 424.536 615.707 817.264 1031.51
9.41263 213.612 426.564 618.707 821.264 1036.44
9.41263 214.612 428.621 621.691 825.224 1041.44
9.45726  215.63 430.621 624.691 829.224 1046.38
9.50228  216.63 432.621 627.664 833.224 1051.36
9.54691 217.647 434.621 630.664 837.224  1056.3
9.59132 218.647 436.642 633.598 841.224  1061.3
9.63583 219.662 438.642 636.539 845.224  1066.3
9.63583 220.693 440.642 639.539  849.19  1071.3
9.68085 221.693 442.642 642.527 853.157  1076.3
9.72506 222.693 444.664 645.461 857.157  1081.3
9.72506 223.693 446.664 648.459 861.138 1086.32
9.72506 224.723 448.664 651.459 865.104 1091.33
9.72506 225.723 450.664 654.456 869.085 1096.35
9.72506 226.723 452.718  657.44 873.047 1101.35
9.72506 227.723 454.765 660.413 877.047 1106.33
9.72506 228.741 456.797 663.363 881.047 1111.33
9.76836 229.741 458.831 666.363 884.969 1116.33
9.81149 230.755 460.831 669.306 888.969 1121.33
9.85472 231.772 462.831 672.306 892.969 1126.27
9.85472 232.804 464.831 675.299 896.945 1131.27
9.85472 233.831 466.831 678.279 900.945 1136.26
9.85472 234.831 468.885 681.262 904.908 1141.26
9.89615 235.818 470.856 684.262 908.908 1146.26
9.93936 236.818 472.856  687.25 912.877 1151.26
9.98184 237.818 474.877 690.187 916.877 1156.26
9.98184 238.835 476.908 693.139 920.877 1161.26
9.98184 239.864 478.908 696.139 924.844 1166.26
10.0241 240.881 480.908 699.139 928.844  1171.2
10.0241 241.881 482.908 702.136 932.826 1176.23
10.0664 242.901 484.908 705.136 936.763 1181.23
10.1087 243.922 486.908 708.136   940.7 1186.23
10.1087 244.953 488.908 711.129 944.676 1191.23
10.1087 245.984 490.908 714.122 948.652 1196.23
10.1507 247.005 492.908 717.122 952.589 1201.23
10.1927 248.026 494.908 720.122 956.526 1206.23
10.2342 249.026 496.927 723.061 960.526 1211.23
10.2342 250.026 498.927 726.058 964.508 1216.25
10.2342 251.044 500.958 729.058 968.508  1221.2
10.2342 252.044 503.009 732.043 972.473  1226.2
10.2744 253.032 504.981 735.043 976.473  1231.2
10.2744 254.058 506.981 738.024 980.473 1236.19
10.2744 255.058 509.028 741.024 984.432 1241.18
10.3157 256.058 511.028 744.024 988.395 1246.18
10.3566 257.058 513.052 747.024 992.395 1251.11
10.3566 258.075 515.083 750.024 996.395 1256.07
10.3978 259.075 517.083 753.024 1000.36 1261.06
10.4384 260.075 519.102 755.964 1004.36 1266.06
10.4792 261.075 521.133 758.964 1008.29 1271.06
10.4792 262.105 523.133 761.958 1012.26 1276.06
10.4792 263.135 525.133 764.951 1016.24 1281.06
10.5201 264.135 527.133  767.94 1020.21 1286.06
10.5201 265.135 529.182 770.925 1024.18 1291.06
10.5201 266.155 531.219 773.925 1028.12 1296.06
10.5201 267.155 533.261   776.9 1032.12 1301.04
10.5201 268.181 535.261 779.882 1036.12 1306.04
10.5599 269.181 537.284 782.882 1040.12 1310.97
10.5998 270.181 539.314 785.882 1044.05 1315.97
10.6398   271.2 541.314 788.882 1047.99 1320.97
10.6398   272.2  543.36 791.882 1051.95 1325.97
10.6398 273.228  545.36 794.882 1055.92 1330.97
10.6793 274.228 547.383 797.882 1059.92 1335.91
10.6793 275.257 549.383 800.875  1063.9 1340.91
10.6793 276.257 551.429 803.875 1067.86  1345.9
10.7184 277.257 553.447 806.818 1071.86  1350.9
10.7579 278.257 555.447 809.795 1075.86 1355.89
10.7975 279.257 557.447 812.771 1079.86 1360.87
10.7975 280.257 559.489 815.747 1083.86 1365.85
10.8369 281.257 561.489 818.724 1087.86 1370.84
 10.876 282.257 563.518 821.724 1091.79 1375.84
 10.876 283.273 565.547 824.724 1095.79 1380.79
10.9153 284.273 567.547 827.701 1099.79 1385.77
10.9547 285.273 569.547  830.69 1103.76 1390.77
10.9936 286.273 571.569  833.69 1107.76 1395.71
11.0326 287.273 573.598  836.69 1111.69 1400.71
11.0326 288.288 575.626 839.647 1115.69 1405.71
11.0326 289.314 577.626 842.647 1119.66 1410.72
11.0326  290.34 579.626 845.647 1123.64 1415.72
11.0713 291.359 581.626 848.647 1127.58 1420.72
11.0713 292.387 583.626 851.641 1131.56 1425.72
11.0713 293.387  585.67 854.641 1135.52 1430.71
11.0713 294.387  587.71 857.618 1139.52  1435.7
11.0713 295.387  589.71 860.616  1143.5 1440.71
11.1093 296.387 591.732 863.616  1147.5 1445.65
11.1476 297.387 593.732 866.593  1151.5 1450.64
11.1856 298.401 595.732 869.593  1155.5 1455.59
11.1856 299.401 597.771  872.57  1159.5 1460.57
11.1856 300.416 599.798 875.529  1163.5 1465.57
11.1856 301.432 601.826 878.529  1167.5 1470.53
11.1856 302.447 603.853 881.487  1171.5 1475.53
11.1856 303.447 605.892 884.464  1175.5 1480.51
 11.223 304.462 607.892 887.464  1179.5 1485.46
 11.223 305.462 609.935 890.464 1183.47 1490.45
 11.223 306.487 611.935 893.464 1187.44 1495.45
 11.223  307.51 613.935 896.447 1191.44 1500.45
 11.223  308.51 615.935 899.445 1195.42 1505.46
 11.223 309.537 617.935 902.439  1199.4 1510.46
 11.223 310.537 619.978 905.439 1203.37 1515.46
 11.223 311.564 621.978 908.433 1207.35 1520.46
 11.223 312.564 624.016 911.411 1211.35 1525.44
 11.223 313.589 626.016 914.411 1215.32 1530.44
11.2596 314.589 628.016 917.411 1219.29 1535.44
11.2596 315.604 630.042  920.37 1223.29 1540.44
 11.296 316.622 632.042  923.37 1227.23 1545.44
11.3324 317.622 634.042 926.349 1231.23 1550.42
11.3685 318.634 636.042   929.3 1235.23 1555.42
11.4038 319.623 638.018   932.3 1239.23 1560.42
11.4403 320.623 640.018   935.3  1243.2 1565.42
11.4769 321.623 642.018  938.29 1247.17 1570.42
11.5132 322.641 644.018  941.29 1251.12 1575.42
11.5132 323.641 646.059  944.29 1255.08 1580.41
11.5496 324.641 648.059  947.29 1259.05 1585.41
 11.586 325.641 650.059  950.29 1263.02  1590.4
 11.622 326.641 652.079  953.29 1267.02 1595.35
 11.622 327.656 654.106  956.29 1271.02 1600.31
11.6581 328.674 656.106  959.29 1274.97 1605.31
11.6944 329.674 658.106  962.29 1278.93  1610.3
11.6944 330.674 660.143 965.269 1282.93 1615.29
11.7294 331.663 662.118 968.269 1286.93 1620.29
11.7651 332.674 664.118 971.221 1290.93 1625.29
11.8014 333.674 666.118 974.211 1294.91 1630.29
11.8014 334.674 668.155  977.19 1298.91 1635.27
11.8373 335.674 670.155 980.169 1302.91 1640.26
11.8373 336.674 672.192 983.147 1306.91 1645.24
11.8733 337.674 674.192 986.137 1310.88 1650.24
11.8733 338.689 676.216 989.099 1314.88 1655.24
11.8733 339.706 678.248 992.099 1318.83 1660.24
11.8733 340.706 680.284 995.077 1322.83 1665.23
11.9089 341.706 682.284 998.077  1326.8 1670.22
11.9089 342.706 684.321 1001.06  1330.8 1675.21
11.9089 343.706 686.357 1004.03  1334.8 1680.19
11.9443 344.706 688.357 1007.01  1338.8 1685.18
11.9443 345.729 690.357 1010.01 1342.78 1690.18
11.9796 346.729 692.357 1013.01 1346.74 1695.18
12.0149 347.729 694.357    1016 1350.72 1700.18
12.0149 348.743 696.381 1018.97 1354.72 1705.18
12.0149 349.757 698.406 1021.93 1358.72 1710.18
12.0149 350.782 700.406 1024.92  1362.7 1715.18
12.0149 351.799 702.437 1027.92 1366.65 1720.18
12.0495  352.81 704.437 1030.88 1370.65 1725.18
12.0842 353.826 706.437 1033.88  1374.6 1730.18
12.0842 354.841 708.462 1036.88  1378.6 1735.14
12.0842 355.858 710.493 1039.88 1382.55 1740.14
12.1185 356.858 712.512 1042.88 1386.55 1745.08
12.1529 357.871 714.512 1045.88 1390.55 1750.03
12.1876 358.871 716.512 1048.86 1394.55 1755.02
12.2218 359.871 718.528 1051.81 1398.55 1760.02
12.2218 360.892 720.528 1054.79 1402.55 1765.01
 12.256 361.892 722.543 1057.74 1406.55 1770.01
12.2896 362.882  724.52 1060.74 1410.55 1775.01
12.3238 363.893  726.52  1063.7 1414.55 1780.01
12.3581 364.893 728.544  1066.7 1418.49 1785.01
12.3581 365.893 730.584 1069.68 1422.47 1790.01
12.3922 366.893   732.6 1072.63 1426.47 1795.01
12.4266 367.893   734.6 1075.61 1430.47    1800
12.4608 368.893 736.619 1078.61 1434.47 1804.95
12.4608 369.893 738.653 1081.59 1438.47 1809.93
12.4608 370.917 740.653 1084.59 1442.45 1814.93
12.4608 371.941 742.653 1087.58 1446.43 1819.93
 12.495 372.941 744.653 1090.58  1450.4 1824.93
12.5288 373.941 746.668 1093.53  1454.4 1829.93
12.5627 374.941 748.687 1096.53  1458.4 1834.88
12.5967 375.956 750.687 1099.53 1462.35 1839.88
12.6306 376.969 752.687 1102.53 1466.35 1844.83
12.6306 377.969 754.687 1105.53 1470.34 1849.85
12.6647 378.969 756.687 1108.51 1474.34 1854.83
12.6986 379.984 758.687 1111.51 1478.29 1859.83
12.6986     381 760.716 1114.51 1482.24 1864.83
12.7324 382.016 762.716 1117.51 1486.19 1869.83
12.7324  383.03 764.741 1120.51 1490.19 1874.79
12.7654  384.02 766.717 1123.51 1494.19 1879.79
 12.799  385.02 768.741 1126.51 1498.14 1884.79
 12.799  386.02 770.778 1129.51 1502.11 1889.79
12.8326  387.02 772.796 1132.51 1506.11 1894.74
12.8664  388.02 774.796  1135.5 1510.08 1899.74
12.8999  389.03 776.796 1138.46 1514.08 1904.74
12.9334  390.03  778.81 1141.41 1518.08 1909.74
12.9334 391.044 780.834 1144.41 1522.08  1914.7
12.9334 392.044 782.834 1147.41 1526.07 1919.71
12.9667 393.044 784.852 1150.41 1530.07 1924.66
13.0001 394.054 786.852 1153.36 1534.07 1929.66
13.0001  395.07 788.881 1156.36 1538.02 1934.66
13.0333 396.082 790.881 1159.36 1542.02 1939.62
13.0333 397.094 792.903 1162.33 1546.02 1944.62
13.0666 398.106 794.903 1165.33 1550.02 1949.57
13.0666  399.12 796.927 1168.33 1554.02 1954.54
13.0999  400.12 798.927 1171.31 1558.02 1959.52
13.0999 401.136 800.955 1174.31 1561.98 1964.52
13.0999 402.151 802.983 1177.31 1565.94 1969.52
13.1328 403.162 804.983 1180.26 1569.94 1974.52
 13.166 404.162 806.983 1183.26 1573.91 1979.52
13.1983 405.152 808.961 1186.26 1577.91 1984.52
13.2315 406.152 810.961 1189.26 1581.88 1989.51
13.2646 407.167 812.961 1192.26 1585.83 1994.51
13.2646 408.186 814.961 1195.25 1589.83 1999.51
13.2646 409.199 816.983 1198.22 1593.83 2004.51
13.2977 410.199 818.983 1201.21 1597.81 2009.51
13.3307 411.199 820.983 1204.21 1601.78  2014.5
13.3307 412.218 822.983 1207.19 1605.78  2019.5
13.3307 413.218 825.018 1210.19 1609.75 2024.49
13.3307 414.218  827.05 1213.17 1613.75 2029.48
13.3633  415.23  829.05 1216.17 1617.75 2034.43
13.3633 416.246 831.078 1219.17 1621.71 2039.43
13.3633 417.258   833.1 1222.14 1625.71 2044.43
 13.395 418.249 835.077 1225.14 1629.71 2049.43
 13.395 419.269 837.077 1228.14 1633.69 2054.43
 13.395 420.269 839.077 1231.14 1637.67 2059.45
 13.395  421.29 841.077 1234.14 1641.65 2064.45
13.4274  422.29 843.077 1237.13 1645.63 2069.45
13.4598  423.29 845.077 1240.11 1649.63 2074.44
13.4919   424.3 847.077 1243.07 1653.63 2079.44
13.5234 425.291 849.055 1246.07 1657.63 2084.44
13.5556 426.302 851.055 1249.07 1661.63 2089.39
13.5877 427.311 853.055 1252.02 1665.63 2094.39
13.6201 428.311 855.055 1255.02  1669.6 2099.39
13.6201 429.311 857.055 1258.02 1673.59  2104.4
13.6201 430.332 859.055 1261.02 1677.57 2109.41
13.6201 431.354 861.055 1264.02 1681.55 2114.41
13.6201 432.354 863.089 1267.02 1685.52  2119.4
13.6201 433.354 865.089 1270.01 1689.51 2124.41
13.6518 434.354 867.105 1273.01 1693.51 2129.37
13.6518 435.374 869.105 1276.01 1697.49 2134.37
13.6518 436.374 871.141    1279 1701.46 2139.37
13.6834 437.374 873.154 1281.96 1705.46 2144.37
13.6834 438.393 875.154 1284.94 1709.46 2149.36
13.6834 439.415 877.154 1287.94 1713.45 2154.36
13.7149 440.415 879.175 1290.94 1717.39 2159.36
13.7463 441.415 881.188 1293.89 1721.39 2164.36
13.7463 442.415 883.218 1296.88 1725.39 2169.35
13.7463 443.415 885.254 1299.86 1729.37 2174.35
13.7777 444.415 887.275 1302.86 1733.32 2179.35
13.7777 445.435 889.275 1305.86  1737.3 2184.35
13.8091 446.435 891.275 1308.85  1741.3 2189.34
13.8404 447.435 893.291 1311.85  1745.3 2194.29
13.8404 448.453 895.291 1314.83  1749.3 2199.29
13.8404 449.473 897.291 1317.83 1753.27 2204.29
13.8714 450.482 899.291 1320.79 1757.27 2209.29
13.9028 451.482 901.291 1323.77 1761.27 2214.28
13.9028 452.482 903.321 1326.75 1765.27 2219.26
13.9028 453.502 905.321 1329.75 1769.25 2224.27
13.9028 454.502 907.351 1332.74 1773.25 2229.25
13.9339 455.502 909.351 1335.72 1777.25 2234.24
13.9339 456.521 911.351  1338.7 1781.25 2239.24
 13.965 457.521 913.351 1341.69 1785.23 2244.24
 13.996 458.521 915.351 1344.68 1789.23 2249.22
14.0269 459.521 917.371 1347.68 1793.18 2254.22
14.0269 460.542 919.371 1350.67 1797.17 2259.22
 14.058 461.542 921.371 1353.66 1801.14 2264.22
14.0882 462.533  923.35 1356.66 1805.14 2269.22
14.0882 463.554  925.35 1359.66 1809.13 2274.22
14.0882 464.566  927.37 1362.62 1813.13 2279.22
 14.119 465.566  929.37 1365.62  1817.1 2284.22
14.1499 466.566  931.37 1368.62 1821.08 2289.21
14.1808 467.566  933.37 1371.61 1825.05 2294.21
14.1808 468.585  935.37 1374.61 1829.03 2299.22
14.1808   469.6 937.395 1377.61 1832.99 2304.22
14.2113 470.609 939.395 1380.57 1836.99 2309.22
14.2113 471.609 941.429 1383.56 1840.97 2314.22
14.2113 472.609 943.463 1386.55 1844.95 2319.22
14.2113  473.62 945.483 1389.52 1848.95 2324.22
14.2416  474.63 947.483 1392.48 1852.95 2329.22
14.2416 475.648 949.483 1395.47 1856.95 2334.21
14.2718 476.648 951.495 1398.43 1860.95 2339.21
14.2718 477.648 953.524 1401.41 1864.95  2344.2
14.3019 478.657 955.524 1404.37 1868.95  2349.2
14.3315 479.648 957.503 1407.37 1872.95  2354.2
14.3315 480.648 959.532 1410.35 1876.95 2359.19
14.3315 481.648 961.564 1413.35 1880.92 2364.18
14.3315 482.666 963.564 1416.34 1884.92 2369.18
14.3315 483.678 965.584 1419.34 1888.92 2374.15
14.3315 484.678 967.584 1422.33 1892.91 2379.16
14.3614 485.678 969.599 1425.33 1896.91 2384.12
14.3614 486.697 971.599 1428.33 1900.89 2389.12
14.3911 487.697 973.611 1431.29 1904.89 2394.12
14.4212 488.697 975.611 1434.28 1908.87 2399.12
 14.451 489.697 977.626 1437.28 1912.87 2404.07
14.4809  490.71 979.626 1440.28 1916.83 2409.07
14.5108 491.723 981.626 1443.28 1920.78 2414.07
14.5408 492.723 983.626 1446.28 1924.76 2419.07
14.5701 493.714 985.606 1449.28 1928.76 2424.07
14.5999 494.724 987.606 1452.28 1932.76 2429.03
14.5999 495.736 989.625 1455.25 1936.76 2434.03
14.6297 496.749 991.625 1458.25 1940.72 2439.03
14.6595 497.749 993.644 1461.25 1944.67 2444.03
14.6595  498.76 995.663 1464.22 1948.67 2449.03
14.6595 499.779 997.663 1467.22 1952.65 2454.03
14.6891 500.788 999.663 1470.18 1956.65 2459.03
14.7187 501.797 1001.66 1473.14 1960.65 2464.03
14.7187 502.808 1003.68 1476.11 1964.65 2469.03
14.7482 503.808 1005.69 1479.07 1968.65 2474.03
 14.778 504.808 1007.69 1482.06 1972.63 2479.03
14.8078 505.808 1009.69 1485.06  1976.6 2484.02
14.8376 506.808 1011.69 1488.05 1980.58 2489.02
14.8673 507.808 1013.69 1491.04 1984.58 2494.01
14.8971 508.808 1015.69 1494.04 1988.56 2499.01
14.9266 509.817 1017.69    1497 1992.56 2504.01
14.9266 510.817 1019.72    1500 1996.53    2509
14.9556 511.808  1021.7    1503 2000.53    2514
14.9556 512.825  1023.7 1505.98 2004.53    2519
14.9556 513.845  1025.7 1508.98 2008.52    2524
14.9845 514.837 1027.68 1511.98 2012.52    2529
15.0138 515.845 1029.68 1514.94 2016.52    2534
15.0427 516.837 1031.66 1517.94 2020.52    2539
15.0427 517.837 1033.66 1520.94 2024.51 2544.01
15.0722 518.837 1035.66 1523.94 2028.48 2549.01
15.1018 519.837 1037.66 1526.93 2032.46 2554.01
15.1018 520.837 1039.66 1529.93 2036.45 2559.02
 15.131 521.837 1041.67 1532.88 2040.45 2564.02
15.1602 522.837 1043.68 1535.84 2044.45 2569.02
15.1895 523.847 1045.68 1538.84 2048.45 2573.98
15.1895 524.847 1047.71 1541.84 2052.43 2578.98
15.1895 525.858 1049.73 1544.81 2056.43 2583.98
15.1895 526.858 1051.76  1547.8 2060.43 2588.97
15.2186 527.858 1053.78  1550.8 2064.38 2593.97
15.2186 528.874 1055.78 1553.79 2068.38 2598.96
15.2186 529.886  1057.8 1556.76 2072.38 2603.96
15.2476 530.886 1059.81 1559.76 2076.38 2608.92
15.2767 531.898 1061.81 1562.76 2080.34 2613.92
15.3056 532.906 1063.81 1565.72 2084.34 2618.92
15.3349 533.906 1065.81 1568.71 2088.32 2623.92
15.3639 534.916 1067.81 1571.71 2092.32 2628.88
15.3931 535.916 1069.81 1574.71  2096.3 2633.88
15.3931 536.916 1071.84  1577.7 2100.28 2638.88
 15.422 537.916 1073.86  1580.7 2104.23 2643.88
15.4511 538.916 1075.86 1583.68 2108.23 2648.87
15.4801 539.925 1077.86 1586.68 2112.23 2653.83
15.5089 540.925 1079.87 1589.64 2116.23 2658.83
15.5089 541.925  1081.9 1592.62 2120.23 2663.82
15.5089 542.944  1083.9 1595.62 2124.22 2668.82
15.5089 543.961  1085.9 1598.61 2128.22 2673.81
15.5378 544.972  1087.9 1601.61 2132.17 2678.81
15.5378 545.972 1089.92 1604.61 2136.15 2683.81
15.5378 546.983 1091.94 1607.58 2140.15 2688.81
15.5378     548 1093.94 1610.56 2144.15 2693.81
15.5378     549 1095.97 1613.56 2148.13  2698.8
15.5663     550 1097.98 1616.52 2152.13  2703.8
15.5944 550.992 1099.96 1619.52 2156.13  2708.8
15.6229     552 1101.96 1622.49 2160.13  2713.8
15.6515     553 1103.98 1625.49 2164.13 2718.76
  15.68     554 1105.99 1628.45 2168.13 2723.76
15.7087     555 1107.99 1631.45  2172.1 2728.75
15.7374     556 1109.99 1634.43  2176.1 2733.74
 15.766 557.009 1111.99 1637.43  2180.1 2738.71
15.7946 558.009    1114 1640.43 2184.06 2743.71
15.8232 559.018    1116 1643.43 2188.06 2748.67
15.8518  560.03    1118 1646.43 2192.02 2753.67
15.8518 561.048    1120 1649.43    2196 2758.67
15.8518 562.048 1122.03 1652.43 2199.98 2763.66
15.8518 563.059 1124.05  1655.4 2203.98 2768.66
15.8518 564.059 1126.07 1658.38 2207.98 2773.65
15.8518 565.059  1128.1 1661.36 2211.98 2778.64
15.8801 566.067  1130.1 1664.33 2215.98 2783.64
15.9085 567.079  1132.1 1667.33 2219.94 2788.64
15.9363 568.071 1134.08 1670.33 2223.94 2793.64
15.9646  569.08 1136.08 1673.33 2227.94 2798.61
 15.993 570.091 1138.08 1676.33  2231.9 2803.61
16.0215 571.091 1140.08 1679.33 2235.88  2808.6
16.0497 572.091 1142.09 1682.29 2239.88  2813.6
16.0497 573.091 1144.12 1685.29 2243.85  2818.6
16.0782 574.091 1146.12 1688.29 2247.83 2823.59
16.1065 575.103 1148.12 1691.29 2251.79 2828.59
16.1343 576.095  1150.1 1694.29 2255.79 2833.59
16.1343 577.112  1152.1 1697.29 2259.77 2838.59
16.1624 578.119  1154.1 1700.25 2263.77 2843.59
16.1908 579.119  1156.1 1703.25 2267.75 2848.59
16.1908 580.119  1158.1 1706.25 2271.74  2853.6
16.2192 581.119  1160.1 1709.25 2275.72  2858.6
16.2473 582.128  1162.1 1712.25 2279.72 2863.56
 16.275  583.12 1164.08 1715.25 2283.72 2868.56
16.3034  584.12 1166.08 1718.24  2287.7 2873.56
16.3311 585.112 1168.06 1721.24  2291.7 2878.56
16.3311 586.112 1170.09 1724.24 2295.67 2883.55
16.3593 587.112 1172.09 1727.22 2299.67 2888.54
16.3877 588.112 1174.09 1730.21 2303.66 2893.54
 16.416 589.112 1176.09  1733.2 2307.64 2898.54
16.4441 590.112  1178.1  1736.2 2311.59 2903.54
16.4441 591.112 1180.13 1739.19 2315.57 2908.54
16.4441 592.112 1182.16 1742.18 2319.55 2913.54
16.4721 593.112 1184.17 1745.15 2323.55 2918.54
16.4721  594.13 1186.17 1748.14 2327.54 2923.54
   16.5  595.13 1188.18 1751.14 2331.54  2928.5
16.5281  596.13 1190.18 1754.12 2335.54 2933.49
16.5563  597.13 1192.18 1757.12 2339.52 2938.49
16.5563 598.146 1194.18 1760.12 2343.51 2943.49
16.5843 599.146  1196.2 1763.12 2347.46 2948.49
16.5843 600.163  1198.2 1766.12 2351.44 2953.49
16.6123 601.163  1200.2 1769.12 2355.42 2958.49
16.6123 602.163  1202.2 1772.11 2359.41  2963.5
16.6402 603.163 1204.22 1775.11 2363.37  2968.5
16.6682 604.163 1206.22 1778.11 2367.34  2973.5
16.6682 605.175 1208.24 1781.11 2371.31  2978.5
16.6959 606.184 1210.24 1784.11 2375.31 2983.46
16.6959   607.2 1212.24 1787.11 2379.29 2988.46
16.6959 608.215 1214.24  1790.1 2383.29 2993.46
16.7238 609.215 1216.24 1793.09 2387.27 2998.46
16.7515 610.223 1218.24 1796.06 2391.27 3003.46
16.7515 611.233 1220.25 1799.06 2395.27 3008.43
16.7515 612.233 1222.28 1802.06 2399.25 3013.43
16.7791 613.241 1224.28 1805.06 2403.25 3018.39
16.8067  614.25 1226.28 1808.06 2407.25 3023.36
16.8067  615.26  1228.3 1811.03 2411.25 3028.36
16.8067 616.275  1230.3 1814.02 2415.25 3033.35
16.8341 617.282  1232.3 1816.98 2419.25 3038.35
16.8341 618.298  1234.3 1819.97 2423.25 3043.35
16.8616 619.298 1236.31 1822.97 2427.25 3048.31
 16.889 620.298 1238.32 1825.93 2431.25 3053.31
16.9165 621.306 1240.32 1828.93 2435.25 3058.27
16.9165 622.316 1242.33 1831.91 2439.25 3063.27
16.9439 623.316 1244.35 1834.91 2443.21 3068.27
16.9439 624.316 1246.38 1837.91 2447.19 3073.27
16.9713 625.325 1248.38 1840.91 2451.19 3078.23
16.9988 626.325 1250.38  1843.9 2455.17 3083.23
17.0262 627.325 1252.39  1846.9 2459.13 3088.23
17.0536 628.325  1254.4 1849.86 2463.13 3093.23
17.0536 629.325 1256.42 1852.85 2467.13 3098.22
17.0536 630.325 1258.45 1855.83 2471.13 3103.22
17.0809 631.335 1260.45 1858.83 2475.09 3108.22
17.0809 632.335 1262.48 1861.82 2479.07 3113.22
17.1081 633.335 1264.49 1864.78 2483.07 3118.22
17.1081 634.351 1266.49 1867.78 2487.05 3123.22
17.1353 635.351  1268.5 1870.78 2491.01 3128.22
17.1625 636.351 1270.51 1873.78 2495.01 3133.18
17.1625 637.361 1272.53 1876.76 2499.01 3138.18
17.1898 638.361 1274.53 1879.76 2502.99 3143.17
17.2169 639.361 1276.54 1882.72 2506.99 3148.17
17.2169 640.361 1278.57 1885.71 2510.97 3153.17
17.2169 641.361 1280.57 1888.71 2514.96 3158.19
17.2169 642.376 1282.57  1891.7 2518.96 3163.18
17.2169 643.393 1284.57 1894.69 2522.95 3168.18
 17.244 644.393 1286.57 1897.68 2526.95 3173.17
17.2712 645.393 1288.57 1900.67 2530.93 3178.17
17.2712 646.393 1290.59 1903.67 2534.91 3183.17
17.2712  647.41 1292.59 1906.66  2538.9 3188.17
17.2981 648.418 1294.59 1909.66  2542.9 3193.13
17.2981 649.418 1296.62 1912.65  2546.9 3198.12
17.3251 650.418 1298.62 1915.63  2550.9 3203.11
17.3521 651.418 1300.62 1918.61  2554.9  3208.1
17.3791 652.418 1302.62 1921.61 2558.88  3213.1
17.3791 653.418 1304.64 1924.59 2562.88 3218.09
17.3791  654.43 1306.66 1927.59 2566.85 3223.09
17.3791 655.445 1308.66 1930.59 2570.83 3228.09
17.4059 656.456 1310.66 1933.59 2574.79 3233.09
17.4326 657.456 1312.67 1936.59 2578.75 3238.09
17.4593 658.456 1314.68 1939.55 2582.75 3243.09
17.4861 659.464 1316.68 1942.55 2586.75 3248.06
17.4861 660.464 1318.71 1945.54 2590.75 3253.05
17.4861 661.473 1320.72 1948.54 2594.75 3258.02
17.4861 662.483 1322.74 1951.54 2598.75    3263
17.4861   663.5 1324.74 1954.53 2602.74    3268
17.5122 664.492 1326.72 1957.53 2606.74    3273
17.5122 665.492 1328.75 1960.53 2610.72 3277.99
17.5122 666.508 1330.75 1963.53  2614.7    3283
17.5383   667.5 1332.73 1966.53  2618.7    3288
17.5383  668.51 1334.74 1969.51  2622.7    3293
17.5383  669.51 1336.77 1972.49  2626.7 3297.99
17.5647  670.51 1338.78 1975.49  2630.7 3302.95
17.5913  671.51 1340.78 1978.49 2634.69 3307.95
17.6177  672.51 1342.79 1981.49 2638.65 3312.95
17.6443  673.51 1344.79 1984.49 2642.62 3317.94
17.6443 674.521 1346.81 1987.49 2646.59 3322.94
17.6443 675.538 1348.81 1990.48 2650.58 3327.94
17.6708 676.538 1350.81 1993.47 2654.56 3332.94
17.6708 677.554 1352.81 1996.47 2658.55 3337.94
17.6971 678.564 1354.81 1999.47 2662.52 3342.94
17.6971 679.581 1356.81 2002.46  2666.5 3347.94
17.6971 680.581 1358.84 2005.46 2670.48 3352.94
17.6971 681.595 1360.84 2008.45 2674.48 3357.94
17.7234 682.595 1362.84 2011.45 2678.46 3362.93
17.7234 683.595 1364.86 2014.44 2682.46 3367.92
17.7234 684.609 1366.86 2017.42 2686.46 3372.92
17.7234 685.609 1368.89 2020.42 2690.44 3377.92
17.7497 686.609 1370.89 2023.41 2694.43 3382.92
17.7758  687.62 1372.89 2026.41 2698.39 3387.92
17.8018 688.626 1374.89 2029.37 2702.39 3392.92
17.8018 689.636  1376.9 2032.37 2706.39  3397.9
 17.828 690.636  1378.9 2035.36 2710.37  3402.9
 17.854 691.644  1380.9 2038.36 2714.37 3407.86
 17.854 692.653 1382.92 2041.34 2718.37 3412.86
 17.854 693.668 1384.92 2044.34 2722.36 3417.86
 17.854 694.685 1386.92 2047.33 2726.35 3422.86
17.8799 695.685 1388.93  2050.3 2730.35 3427.86
17.9059 696.685 1390.93 2053.28 2734.35 3432.85
17.9059 697.685 1392.95 2056.28 2738.33 3437.85
17.9059 698.685 1394.97 2059.26 2742.33 3442.85
17.9317 699.692 1396.97 2062.23 2746.33 3447.85
17.9317 700.703 1398.99 2065.23  2750.3 3452.85
17.9317 701.703 1400.99 2068.23 2754.29 3457.86
17.9317 702.718 1402.99 2071.23 2758.27 3462.86
17.9317 703.718 1405.02 2074.22 2762.26 3467.86
17.9575 704.728 1407.02 2077.22 2766.22 3472.86
17.9833 705.728 1409.02 2080.22  2770.2 3477.85
 18.009 706.728 1411.03 2083.22 2774.16 3482.85
 18.009 707.728 1413.06 2086.22 2778.14 3487.85
 18.009 708.728 1415.06 2089.21 2782.13 3492.86
 18.009 709.739 1417.08 2092.21  2786.1 3497.86
18.0346 710.747 1419.08 2095.21  2790.1 3502.83
18.0601 711.753 1421.08 2098.18  2794.1 3507.83
18.0601 712.753 1423.08 2101.18 2798.09 3512.84
18.0858 713.753 1425.08 2104.16 2802.09 3517.83
18.0858 714.753  1427.1 2107.15 2806.08 3522.83
18.0858 715.767  1429.1 2110.14 2810.08 3527.82
18.1114 716.767  1431.1 2113.13 2814.08 3532.81
18.1114 717.777 1433.12  2116.1 2818.08 3537.81
18.1368 718.786 1435.12  2119.1 2822.04 3542.81
18.1623 719.794 1437.12  2122.1 2826.04 3547.78
18.1877 720.802 1439.12  2125.1 2830.04 3552.75
18.1877 721.816 1441.12 2128.09 2834.04 3557.75
18.2127 722.809  1443.1 2131.09 2838.04 3562.75
18.2127  723.82 1445.12 2134.09 2842.01 3567.75
 18.238 724.826 1447.12 2137.06 2846.01 3572.75
 18.238 725.842 1449.12 2140.06    2850 3577.75
 18.238 726.842 1451.14 2143.04    2854 3582.74
 18.238 727.853 1453.16 2146.04 2857.97 3587.74
 18.238 728.853 1455.18 2149.04 2861.95 3592.73
 18.238 729.867 1457.18 2152.03 2865.95 3597.73
 18.238 730.882 1459.18 2155.03 2869.93 3602.73
18.2633 731.882 1461.18 2158.02 2873.92 3607.73
18.2885 732.882  1463.2 2161.02 2877.88 3612.73
18.3137 733.891  1465.2 2164.02 2881.84 3617.73
18.3137 734.907  1467.2 2167.02 2885.83 3622.73
18.3137 735.922  1469.2 2170.02 2889.82 3627.73
18.3137 736.922 1471.22 2173.02  2893.8 3632.73
18.3388  737.93 1473.22 2176.02  2897.8  3637.7
18.3638 738.936 1475.22 2178.99  2901.8  3642.7
18.3638  739.95 1477.22 2181.98  2905.8 3647.69
18.3888 740.956 1479.22 2184.94  2909.8 3652.69
18.4138 741.966 1481.22 2187.94 2913.76 3657.69
18.4138 742.977 1483.24 2190.94 2917.73 3662.69
18.4388 743.985 1485.24 2193.94 2921.73 3667.66
18.4388 744.994 1487.25 2196.94 2925.73 3672.64
18.4637 746.002 1489.25 2199.94 2929.73 3677.61
18.4637 747.013 1491.27 2202.94  2933.7 3682.61
18.4637 748.027 1493.27 2205.93  2937.7  3687.6
18.4888 749.027 1495.27 2208.92 2941.69  3692.6
18.4888 750.041 1497.27 2211.92 2945.67  3697.6
18.4888 751.056 1499.27 2214.92 2949.65  3702.6
18.4888 752.067 1501.29 2217.92 2953.63  3707.6
18.4888 753.067 1503.31 2220.91 2957.63  3712.6
18.4888  754.08 1505.31  2223.9 2961.63 3717.59
18.4888 755.091 1507.33  2226.9  2965.6 3722.59
18.4888 756.107 1509.33  2229.9 2969.58 3727.59
18.4888  757.12 1511.33 2232.88 2973.58 3732.59
 18.513 758.114 1513.31 2235.88 2977.58 3737.59
 18.513 759.114 1515.34 2238.88 2981.57 3742.59
18.5377 760.114 1517.34 2241.88 2985.55 3747.59
18.5624 761.114 1519.34 2244.88 2989.53 3752.58
18.5871 762.114 1521.34 2247.86 2993.53 3757.57
18.6118 763.114 1523.34 2250.86 2997.51 3762.57
18.6364 764.121 1525.34 2253.86 3001.51 3767.54
18.6364  765.13 1527.35 2256.84 3005.51 3772.54
18.6364 766.144 1529.35 2259.83 3009.51 3777.53
18.6609 767.144 1531.36 2262.79 3013.51 3782.53
18.6609 768.158 1533.36 2265.79 3017.49 3787.53
18.6609 769.172 1535.36 2268.78 3021.49 3792.53
18.6609 770.183 1537.38 2271.78 3025.46 3797.53
18.6609 771.183 1539.38 2274.78 3029.46 3802.54
18.6854 772.183 1541.38 2277.77 3033.46 3807.53
18.7099 773.183 1543.38 2280.75 3037.46 3812.52
18.7099 774.183  1545.4 2283.74 3041.44 3817.52
18.7099 775.183  1547.4 2286.74 3045.43 3822.53
18.7338 776.176 1549.39 2289.74 3049.43 3827.53
18.7582 777.176  1551.4 2292.74 3053.39 3832.53
18.7582 778.176 1553.42 2295.74 3057.37 3837.53
18.7582 779.189 1555.42 2298.73 3061.37 3842.53
18.7824 780.189 1557.43 2301.73 3065.37 3847.49
18.8068 781.189 1559.43 2304.73 3069.35 3852.49
18.8068 782.202 1561.43 2307.72 3073.35 3857.48
18.8312 783.202 1563.43 2310.72 3077.33 3862.48
18.8554 784.202 1565.44 2313.72  3081.3 3867.48
18.8554 785.218 1567.44 2316.72 3085.29 3872.48
18.8554 786.233 1569.44 2319.71 3089.28 3877.48
18.8797 787.233 1571.44  2322.7 3093.28 3882.47
18.9038  788.24 1573.44  2325.7 3097.28 3887.44
18.9038 789.254 1575.44 2328.69 3101.28 3892.44
18.9038 790.263 1577.46 2331.66 3105.28 3897.44
18.9038 791.277 1579.46 2334.66 3109.26 3902.44
 18.928 792.277 1581.46 2337.66 3113.24 3907.43
18.9521 793.283 1583.46 2340.63 3117.24 3912.43
18.9761 794.291 1585.46 2343.63 3121.24  3917.4
19.0002 795.297 1587.46  2346.6 3125.24  3922.4
19.0002 796.297 1589.48 2349.59 3129.23  3927.4
19.0243 797.297  1591.5 2352.59 3133.19  3932.4
19.0484 798.297  1593.5 2355.59 3137.17  3937.4
19.0484 799.306 1595.51 2358.57 3141.17  3942.4
19.0484 800.306 1597.53 2361.56 3145.17 3947.39
19.0484 801.306 1599.55 2364.54 3149.17 3952.38
19.0484 802.315 1601.56 2367.54 3153.17 3957.36
19.0484 803.329 1603.56 2370.54 3157.15 3962.36
19.0723 804.329 1605.57 2373.54 3161.15 3967.33
19.0723 805.338 1607.59 2376.54 3165.15  3972.3
19.0723 806.338 1609.59 2379.54 3169.15 3977.31
19.0723 807.338 1611.61 2382.54 3173.13 3982.31
19.0723 808.348 1613.63 2385.54  3177.1 3987.31
19.0723 809.359 1615.65 2388.54 3181.07 3992.31
19.0723 810.372 1617.65 2391.53 3185.07 3997.31
19.0723 811.381 1619.66 2394.53 3189.07 4002.28
19.0723 812.381 1621.68 2397.52 3193.06 4007.28
19.0723 813.395 1623.68 2400.52 3197.04 4012.29
19.0723 814.395  1625.7 2403.52 3201.02 4017.28
19.0959 815.395 1627.71 2406.52 3205.02 4022.25
19.1195 816.404 1629.71 2409.52 3208.99 4027.25
19.1431 817.412 1631.71 2412.52 3212.99 4032.22
19.1431 818.427 1633.71 2415.52 3216.98 4037.22
19.1667 819.436 1635.71 2418.52 3220.95 4042.22
19.1904 820.436 1637.71 2421.51 3224.95 4047.21
19.1904  821.45 1639.71 2424.51 3228.93 4052.21
19.2139 822.457 1641.71 2427.51 3232.93 4057.18
19.2139 823.457 1643.73 2430.49 3236.93 4062.17
19.2139 824.457 1645.76 2433.48 3240.93 4067.16
19.2139 825.466 1647.77 2436.46 3244.93 4072.16
19.2375 826.466 1649.77 2439.45 3248.91 4077.16
19.2609 827.472 1651.77 2442.42 3252.91 4082.16
19.2844 828.472 1653.78 2445.42 3256.88 4087.16
19.3075 829.466 1655.76 2448.42 3260.88 4092.16
 19.331 830.473 1657.76 2451.42 3264.88 4097.13
 19.331 831.473 1659.79 2454.41 3268.86 4102.13
 19.331 832.487 1661.79 2457.41 3272.85 4107.13
19.3544 833.494 1663.79 2460.41 3276.85  4112.1
19.3544 834.494 1665.81 2463.41 3280.83  4117.1
19.3544 835.507 1667.81  2466.4 3284.83  4122.1
19.3777 836.507 1669.82  2469.4 3288.79  4127.1
19.3777 837.515 1671.84 2472.38 3292.79  4132.1
 19.401 838.515 1673.85 2475.38 3296.76  4137.1
 19.401  839.53 1675.85 2478.37 3300.75  4142.1
 19.424 840.524 1677.83 2481.37 3304.75  4147.1
19.4473 841.524 1679.84 2484.37 3308.75 4152.06
19.4473 842.534 1681.86 2487.37 3312.72 4157.06
19.4473 843.547 1683.86 2490.36 3316.72 4162.06
19.4473 844.547 1685.88 2493.36 3320.71 4167.06
19.4706 845.547 1687.88 2496.36 3324.69 4172.06
19.4937 846.553 1689.88 2499.33 3328.69 4177.06
19.5171 847.553 1691.88 2502.32 3332.67 4182.06
19.5171 848.568 1693.88 2505.31 3336.66 4187.06
19.5404 849.568 1695.88 2508.31 3340.64 4192.05
19.5404 850.581 1697.88 2511.31 3344.63 4197.05
19.5404 851.595 1699.88 2514.31 3348.61 4202.06
19.5635 852.604 1701.88 2517.31 3352.58 4207.06
19.5866  853.61 1703.88 2520.29 3356.58 4212.06
19.6094 854.604 1705.87 2523.29 3360.58 4217.06
19.6326 855.604 1707.87 2526.29 3364.56 4222.05
19.6559 856.604 1709.87 2529.29 3368.54 4227.05
19.6559 857.604 1711.87 2532.28 3372.54 4232.06
 19.679 858.604 1713.87 2535.27 3376.54 4237.05
19.7021 859.611 1715.87 2538.27 3380.54 4242.02
19.7253 860.611 1717.87 2541.27 3384.52 4247.01
19.7253 861.625 1719.87 2544.27 3388.51 4252.01
19.7485 862.625 1721.87 2547.26 3392.49 4257.01
19.7717 863.625 1723.87 2550.24 3396.49    4262
19.7947 864.625 1725.87 2553.21 3400.49    4267
19.7947 865.634 1727.89 2556.19 3404.49    4272
19.8174 866.628 1729.87 2559.19 3408.49    4277
19.8404 867.634 1731.87 2562.16 3412.49    4282
19.8636 868.634 1733.87 2565.15 3416.49 4286.99
19.8636 869.647 1735.87 2568.15 3420.48    4292
19.8636 870.647 1737.89 2571.14 3424.48 4296.99
19.8865 871.653 1739.89 2574.11 3428.48 4301.99
19.9095 872.662 1741.89 2577.11 3432.44 4306.99
19.9095 873.671  1743.9 2580.11 3436.44 4311.97
19.9325 874.671 1745.91 2583.11 3440.41 4316.97
19.9551 875.664  1747.9 2586.11 3444.41 4321.97
19.9551 876.664 1749.92  2589.1 3448.39 4326.97
19.9551 877.673 1751.93  2592.1 3452.39 4331.94
19.9551 878.673 1753.96 2595.09 3456.38 4336.94
19.9551 879.681 1755.97 2598.07 3460.38 4341.94
19.9551 880.681 1757.99 2601.06 3464.38 4346.94
19.9781 881.681 1759.99 2604.06 3468.36 4351.93
20.0006 882.675 1761.97 2607.06 3472.36 4356.93
20.0006 883.675 1763.99 2610.06 3476.34 4361.93
20.0006 884.675 1766.01 2613.06 3480.33 4366.93
20.0234 885.684 1768.01 2616.06 3484.29 4371.93
20.0234 886.696 1770.01 2619.05 3488.29 4376.92
20.0234 887.705 1772.03 2622.03 3492.29 4381.92
20.0461 888.705 1774.03    2625 3496.29 4386.92
20.0461 889.705 1776.03 2627.99 3500.29 4391.93
20.0689 890.705 1778.03 2630.98 3504.29 4396.92
20.0689 891.719 1780.03 2633.98 3508.28 4401.92
20.0689 892.719 1782.05 2636.98 3512.26 4406.92
20.0689 893.733 1784.05 2639.97 3516.25 4411.92
20.0689 894.747 1786.05 2642.97 3520.24 4416.92
20.0689  895.76 1788.05 2645.96 3524.24 4421.92
20.0689  896.76 1790.07 2648.96 3528.22 4426.92
20.0915  897.76 1792.07 2651.95 3532.21 4431.92
20.0915 898.768 1794.09 2654.93 3536.21 4436.92
20.1137 899.762 1796.07 2657.93 3540.21 4441.92
20.1364 900.762 1798.07 2660.93 3544.19 4446.91
20.1364 901.762 1800.09 2663.92 3548.19  4451.9
20.1588 902.762  1802.1 2666.89 3552.19  4456.9
20.1588 903.772 1804.11 2669.89 3556.16  4461.9
20.1588 904.785 1806.11 2672.89 3560.15 4466.91
20.1588 905.785 1808.13 2675.89 3564.13  4471.9
20.1812 906.791 1810.13 2678.86 3568.13  4476.9
20.1812 907.799 1812.15 2681.86 3572.13 4481.88
20.2036 908.799 1814.15 2684.83 3576.13 4486.88
20.2257 909.793 1816.14 2687.83 3580.13 4491.88
 20.248 910.799 1818.14  2690.8 3584.13 4496.88
20.2705 911.799 1820.14  2693.8 3588.11 4501.88
20.2705 912.807 1822.15  2696.8 3592.11 4506.86
 20.293 913.807 1824.15  2699.8  3596.1 4511.85
 20.293 914.807 1826.17 2702.79  3600.1 4516.84
 20.315 915.801 1828.15 2705.79  3604.1 4521.84
20.3375 916.801 1830.15 2708.78  3608.1 4526.84
20.3599 917.801 1832.15 2711.76  3612.1 4531.83
20.3822 918.807 1834.15 2714.73  3616.1 4536.83
20.3822 919.815 1836.17 2717.73  3620.1 4541.81
20.4045 920.815 1838.18 2720.73 3624.06 4546.81
20.4265 921.809 1840.16 2723.73 3628.06 4551.81
20.4486 922.803 1842.15 2726.73 3632.06 4556.81
20.4486 923.803 1844.17 2729.72 3636.06  4561.8
20.4709  924.81 1846.17 2732.72 3640.06 4566.77
20.4709  925.81 1848.18 2735.71 3644.06 4571.76
20.4931  926.81 1850.19 2738.68 3648.06 4576.76
20.4931 927.818  1852.2 2741.68 3652.06 4581.74
20.5153 928.818 1854.21 2744.65 3656.06 4586.74
20.5153 929.818 1856.23 2747.64 3660.06 4591.74
20.5375 930.818 1858.24 2750.61 3664.06 4596.74
20.5598 931.818 1860.24  2753.6 3668.05 4601.74
20.5821 932.818 1862.24  2756.6 3672.03 4606.73
20.6043 933.818 1864.24 2759.57 3676.03 4611.73
20.6043  934.83 1866.24 2762.56 3680.03 4616.73
20.6043 935.838 1868.26 2765.56 3684.03 4621.71
20.6043 936.848 1870.27 2768.56    3688 4626.71
20.6043 937.848 1872.29 2771.56 3691.99 4631.71
20.6266 938.848 1874.29 2774.55 3695.98 4636.71
20.6487 939.848  1876.3 2777.55 3699.98 4641.68
20.6487 940.848 1878.32 2780.54 3703.96 4646.68
20.6487 941.861 1880.32 2783.54 3707.95 4651.68
20.6487 942.861 1882.34 2786.54 3711.94 4656.67
20.6707 943.861 1884.35 2789.54  3715.9 4661.67
20.6927 944.867 1886.35 2792.51  3719.9 4666.67
20.7149 945.867 1888.35  2795.5  3723.9 4671.67
20.7366 946.861 1890.34  2798.5  3727.9 4676.67
20.7366 947.875 1892.34 2801.49 3731.89 4681.67
20.7366 948.883 1894.35 2804.47 3735.89 4686.67
20.7586 949.888 1896.35 2807.44 3739.89 4691.67
20.7586 950.888 1898.37 2810.43 3743.89 4696.66
20.7806 951.897 1900.37 2813.43 3747.86 4701.66
20.8023 952.891 1902.35 2816.43 3751.86 4706.66
20.8023 953.899 1904.37 2819.41 3755.86 4711.66
20.8023 954.899 1906.39  2822.4 3759.86 4716.65
20.8023 955.908  1908.4  2825.4 3763.84 4721.65
 20.824 956.902 1910.38  2828.4 3767.84 4726.65
 20.824 957.916 1912.38 2831.39 3771.83 4731.65
20.8458 958.916 1914.39 2834.39 3775.83 4736.62
20.8458 959.924 1916.41 2837.37 3779.83 4741.62
20.8458 960.932 1918.42 2840.35 3783.83 4746.62
20.8677  961.94 1920.42 2843.35  3787.8 4751.62
20.8897  962.94 1922.42 2846.35 3791.78 4756.62
20.8897 963.952 1924.42 2849.35 3795.77 4761.62
20.8897 964.965 1926.42 2852.35 3799.76 4766.62
20.8897 965.965 1928.42 2855.34 3803.75 4771.63
20.9116 966.965 1930.42 2858.33 3807.74 4776.63
20.9116 967.973 1932.43 2861.33 3811.74 4781.61
20.9116 968.985 1934.43 2864.33 3815.72 4786.61
20.9116 969.993 1936.44 2867.31 3819.72 4791.61
20.9333     971 1938.44 2870.31 3823.72 4796.59
 20.955 972.008 1940.44 2873.31 3827.69 4801.59
20.9768 973.008 1942.44  2876.3 3831.69 4806.58
20.9768 974.008 1944.44  2879.3 3835.69 4811.59
20.9768 975.008 1946.46 2882.29 3839.69 4816.58
20.9984 976.014 1948.46 2885.29 3843.69 4821.55
21.0198 977.008 1950.45 2888.29 3847.69 4826.55
21.0198 978.018 1952.46 2891.29 3851.66 4831.55
21.0415 979.018 1954.46 2894.27 3855.66 4836.54
21.0633 980.018 1956.46 2897.27 3859.65 4841.54
21.0849 981.026 1958.46 2900.27 3863.62 4846.54
21.1066 982.026 1960.47 2903.27 3867.59 4851.54
21.1066 983.038 1962.47 2906.26 3871.59 4856.54
21.1066  984.05 1964.47 2909.26 3875.57 4861.54
21.1283  985.05 1966.47 2912.25 3879.56 4866.54
21.1496 986.044 1968.46 2915.25 3883.56 4871.54
21.1713 987.044 1970.46 2918.24 3887.54 4876.54
21.1713 988.055 1972.46 2921.23 3891.54 4881.54
21.1929 989.061 1974.46 2924.21 3895.54 4886.54
21.1929 990.069 1976.47 2927.21 3899.54 4891.52
21.1929 991.069 1978.49 2930.19 3903.54 4896.51
21.2145 992.069 1980.49 2933.18 3907.54  4901.5
21.2145 993.081 1982.49 2936.17 3911.54  4906.5
21.2145 994.092 1984.49 2939.16 3915.54  4911.5
 21.236   995.1 1986.49 2942.16 3919.52  4916.5
21.2575 996.106 1988.49 2945.16 3923.52 4921.47
21.2789 997.112 1990.49 2948.14 3927.52 4926.47
21.3004 998.112 1992.49 2951.11 3931.52 4931.47
21.3219 999.112 1994.49 2954.09 3935.52 4936.46
21.3434 1000.11  1996.5 2957.07 3939.52 4941.46
21.3648 1001.11 1998.51 2960.04 3943.52 4946.46
21.3648 1002.12 2000.52 2963.04 3947.52 4951.44
21.3648 1003.13 2002.53 2966.02 3951.52 4956.44
21.3864 1004.13 2004.53 2969.01 3955.52 4961.44
21.4078 1005.13 2006.53 2971.98 3959.52 4966.44
21.4078 1006.14 2008.53 2974.97 3963.52 4971.43
21.4078 1007.15 2010.54 2977.97 3967.52 4976.41
21.4291 1008.15 2012.55 2980.94 3971.52 4981.41
21.4505 1009.15 2014.56 2983.94 3975.52 4986.38
21.4505 1010.17 2016.56 2986.94 3979.51 4991.38