      3       2       3       4       3       6
      3       3     5.7     7.6     5.7      11
      3 4.21827 8.01472    10.6     9.7  15.467
3.67347 5.16523 10.0147 12.9796    13.7  20.467
4.48839 6.31109 12.0147 15.9796 16.7392  25.467
4.48839 7.31109 14.2621 18.9686 20.7392 30.2306
4.48839 8.31109 16.5095 21.9576 24.7392 34.9943
4.48839 9.31109 18.8603 25.0841 28.2619 39.9943
4.90068 10.1664 20.5927 28.0841 32.2619 44.9943
4.90068   11.24 22.7674 31.0841 36.2619 49.7459
5.38585   12.24 24.7674 34.0841 39.8518 54.6708
5.80247 13.1868 26.7674 36.7207 43.8518 59.6708
6.24506 14.1927 28.7674 39.7207 47.8518 64.2224
6.66289 15.1927 30.6921 42.3782 51.8518 69.2224
6.66289 16.1927  32.849 45.3564 55.8518 74.0871
6.66289 17.2733 35.0412 48.3564  59.579 79.0871
6.66289 18.3769 37.0412 51.4461 63.3857 84.0871
6.66289 19.4515 39.0412 54.4544 67.3857 89.0042
7.01639 20.4515 41.1125 57.4544 70.9609 94.0042
7.01639 21.4515 43.1125 60.5542 74.7894 99.0759
7.34646 22.4607 45.1125 63.5542 78.7894 103.737
7.64063 23.3601  46.919 66.5542 82.7894 108.737
7.64063 24.4283 49.0646 69.5542 86.5755 113.737
7.95505 25.4336 51.0646 72.5542 90.5755 118.417
8.26888 26.4336 53.0792 75.5542 94.5755 123.089
8.26888 27.4906 55.0792 78.5754 98.5755 128.011
8.26888 28.4906 57.1841 81.5783 102.575 132.903
8.26888 29.4906 59.2891 84.5812 106.575 137.795
8.26888 30.4906 61.2891 87.6667 110.463 142.822
8.54932 31.4906 63.2891 90.6399  114.21 147.822
8.82503 32.4906 65.3301 93.6399 117.893 152.822
9.10075 33.4906 67.3712 96.6399 121.576 157.822
9.10075 34.5609 69.3712 99.6399 125.462 162.866
9.36514  35.565 71.3712  102.64 129.462 167.597
9.36514  36.565 73.4604 105.644 133.462 172.503
9.62898  37.565 75.4604 108.621 137.222 177.503
9.62898 38.6095 77.4604 111.641 141.222 182.439
9.62898 39.6268 79.5015 114.583 145.222 187.439
9.62898 40.6268 81.6102 117.622 149.074 192.439
9.62898 41.6597  83.685 120.622 153.074 197.331
9.86688 42.6597  85.685 123.602 156.856 202.331
10.0987 43.6597 87.6985 126.602 160.856 207.086
10.3392 44.6597 89.6985 129.602 164.685 212.016
10.3392 45.6597 91.7782 132.607 168.685 216.931
10.3392 46.6904 93.8501 135.607 172.685 221.829
10.3392 47.6904 95.9297 138.612 176.685 226.744
10.3392 48.6904 98.0093 141.617 180.685  231.66
10.5538 49.6904 100.044 144.617 184.436  236.66
10.7684 50.6904 102.078 147.617 188.187  241.66
10.7684 51.7453 104.078 150.617 192.103 246.688
10.7684 52.8002 106.078 153.617 196.019 251.717
10.9776 53.8002 108.078   156.6 199.826 256.717
10.9776 54.8544 110.078   159.6 203.742 261.748
10.9776 55.9037 112.078 162.653 207.639 266.748
10.9776 56.9405 114.078  165.67 211.639 271.695
11.1715 57.9464 116.078  168.67 215.639 276.495
11.3677 58.9639 118.078  171.67 219.426 281.495
11.3677 59.9639 120.078 174.733  223.34 286.517
11.3677 61.0162 122.078 177.733  227.26 291.545
11.3677 62.0308 124.108 180.688  231.26 296.545
11.3677 63.0308 126.192 183.722 235.143 301.545
11.5507 64.0308 128.224 186.722 238.928 306.545
11.5507 65.0308 130.317 189.722 242.829  311.55
11.7242 66.0076 132.317 192.571 246.829  316.55
11.9024 67.0076 134.328 195.571 250.829 321.361
12.0758 67.9841 136.328 198.421 254.829 326.361
12.0758 69.0163 138.328 201.434 258.829 331.316
12.0758 70.0634 140.328 204.434 262.756 336.343
12.0758 71.0957 142.328 207.446 266.756 341.298
12.2365 72.0415 144.222 210.446 270.756 346.298
 12.407 73.0454 146.222 213.446 274.756 351.124
 12.407 74.0866 148.222 216.489 278.672 356.124
12.5708 75.0647 150.222 219.347 282.672 361.124
12.5708 76.0647 152.295 222.373 286.573 366.124
12.7381 77.0647 154.295 225.333 290.573 370.997
12.7381 78.0772 156.322 228.293 294.573 375.997
12.8927 79.0249 158.219 231.293 298.573 380.997
13.0577 80.0249 160.219 234.253 302.573 385.872
13.2227 81.0362 162.219 237.253 306.396 390.872
13.3874 82.0362 164.239 240.253 310.212 395.872
13.3874 83.0771 166.239 243.253 314.148 400.895
13.5489 84.0794 168.239 246.253 318.148 405.731
13.7071 85.0794 170.204  249.13 322.148 410.731
13.8685 86.0812 172.204  252.13 326.148 415.568
13.8685  87.109 174.204  255.14 330.148  420.53
13.8685 88.1368 176.204  258.15 334.148 425.492
14.0181 89.0872 178.105  261.15 338.148 430.492
14.0181 90.0872 180.105 264.194 342.088 435.508
14.0181 91.1085 182.146 267.194 346.088 440.445
14.0181 92.1351 184.146 270.204 350.088 445.408
14.0181 93.1351 186.214 273.204 354.019 450.409
14.0181 94.1464 188.236 276.171 358.019 455.409
14.1706 95.1464 190.236 279.171 361.913 460.363
14.3209 96.1559 192.236 282.171 365.754 465.363
14.4711 97.1559 194.251 285.171 369.588 470.363
14.6224 98.1559 196.251 288.154 373.454 475.363
14.7726 99.1559 198.266 291.154 377.289 480.363
14.9184 100.135 200.266 294.029 381.289 485.363
14.9184 101.146 202.288 296.997 385.289 490.363
 15.066 102.147 204.288 299.997 389.289 495.214
 15.066 103.166 206.327 302.997 393.289 500.156
15.2133 104.166 208.327 305.959 397.289 505.047
15.3526 105.119 210.234 308.959 401.289 510.047
15.4987 106.119 212.234 311.959 405.289   514.9
15.4987 107.119 214.289  314.98 409.213   519.9
15.6404 108.099 216.289 317.859 413.213   524.9
 15.782 109.078 218.289 320.738 417.213   529.9
 15.782 110.088  220.31 323.707 421.213   534.9
 15.782 111.088  222.31 326.742 425.162 539.915
15.9248 112.088 224.321 329.742 429.008 544.915
16.0668 113.087 226.321 332.742 433.008 549.774
16.2098 114.087 228.321 335.705 437.008 554.669
16.2098 115.087 230.362 338.706 441.008 559.627
16.3506 116.086 232.362 341.706 445.008 564.487
16.4941 117.086 234.362 344.706 448.913 569.439
16.4941 118.108 236.362 347.714 452.913 574.409
16.4941 119.118 238.382 350.685 456.913 579.409
16.4941 120.148 240.382 353.685 460.867 584.423
16.4941 121.158 242.401 356.656 464.867 589.423
16.6243 122.114 244.315 359.656 468.867 594.423
16.7582 123.114 246.283 362.554 472.867 599.423
16.8884 124.071 248.196 365.554 476.867 604.423
16.8884 125.091 250.196 368.561 480.867 609.396
16.8884 126.091 252.234 371.562 484.867 614.357
16.8884 127.091 254.287 374.562 488.814 619.358
17.0187 128.072 256.287 377.452 492.814 624.358
17.1521 129.075 258.287 380.452 496.676 629.358
17.1521 130.075 260.287 383.482 500.633 634.371
17.1521 131.104 262.287 386.482  504.59 639.386
17.1521 132.104 264.338 389.482 508.537 644.387
17.1521 133.132 266.338 392.482 512.494 649.402
17.1521 134.154 268.383 395.482 516.428 654.402
17.2807 135.154 270.383 398.447 520.428 659.308
17.4084 136.153 272.383 401.447 524.428 664.181
17.4084 137.153 274.433 404.447 528.377 669.182
17.5334 138.153 276.404 407.352 532.377 674.182
17.5334 139.178 278.404 410.375 536.328 679.182
17.5334 140.193 280.435 413.375 540.328 684.136
17.6604 141.193 282.435 416.375 544.243 689.093
17.6604 142.214 284.477 419.375 548.179 694.093
17.7854 143.214 286.477 422.341 552.179 699.002
17.7854 144.241 288.477 425.341 556.139 704.015
17.7854 145.241 290.512 428.341 560.139 708.981
17.9097 146.241 292.512 431.341 564.057 713.939
17.9097  147.26 294.512 434.347 568.057 718.914
18.0292 148.243 296.512 437.245 572.057 723.914
18.0292 149.243 298.546 440.244 576.057  728.88
18.1507 150.243 300.546 443.211 580.057 733.792
18.1507 151.243 302.546 446.238 584.018 738.804
18.2661 152.204 304.469 449.238 588.018 743.804
 18.386 153.204 306.468 452.238 592.018 748.685
 18.386 154.204 308.514 455.238 595.972 753.685
18.5056 155.208 310.514 458.238 599.849 758.685
18.6247 156.208 312.513 461.238 603.849 763.568
18.6247 157.233 314.513 464.238 607.812 768.579
18.6247 158.233 316.545 467.238 611.812 773.547
 18.743 159.233 318.545 470.206 615.812  778.46
 18.743 160.247 320.574 473.206 619.812 783.418
18.8556 161.209 322.499 476.206 623.812 788.418
18.9724 162.209 324.497 479.206 627.812 793.303
18.9724 163.223 326.525 482.206 631.812 798.261
18.9724 164.237 328.553 485.206 635.812 803.219
19.0878 165.237 330.552 488.206 639.812 808.105
19.2032 166.236 332.552 491.206 643.812  812.99
19.2032 167.253 334.552 494.213 647.812 817.966
19.2032 168.261 336.567  497.19 651.812 822.966
19.3179 169.261 338.567  500.16 655.812 827.882
19.3179 170.283 340.567 503.179 659.771 832.882
19.4294 171.266 342.567 506.084 663.771 837.882
19.5444 172.266 344.567 509.084 667.699  842.84
19.6537 173.229 346.495 512.084 671.699  847.84
19.7673 174.229 348.498 515.084 675.582  852.84
19.8813 175.229 350.498 518.054 679.582 857.756
19.8813 176.246 352.498  521.06 683.582 862.733
19.8813 177.269 354.498  524.06  687.55 867.742
19.8813 178.269 356.498 527.084 691.518  872.75
19.8813 179.276 358.512 530.062 695.518  877.75
19.9924 180.278 360.512 533.062 699.405  882.75
20.1015 181.262 362.512  535.97 703.405  887.75
20.2084 182.226 364.441  538.97 707.405  892.75
20.2084 183.226 366.441 541.993 711.374 897.758
20.2084 184.233 368.455 544.972 715.374 902.758
20.3166 185.233 370.428 547.891 719.374 907.758
20.3166 186.233 372.428 550.914 723.342 912.766
20.4259 187.235 374.428 553.914 727.232 917.766
20.4259 188.235 376.468 556.914 731.193 922.765
20.4259 189.235 378.503 559.925 735.147 927.765
20.5339 190.235 380.506 562.925 739.036 932.765
20.6426 191.235 382.506 565.904 742.948 937.765
20.6426 192.254 384.506 568.922  746.91 942.765
20.6426 193.267  386.53 571.922  750.91 947.729
20.6426 194.279 388.554 574.922  754.91 952.692
20.6426 195.294 390.554 577.927  758.91 957.672
20.7496 196.294 392.554 580.927 762.842 962.633
20.8554 197.294 394.557 583.927 766.733 967.633
20.8554 198.294 396.584 586.928 770.733 972.605
20.8554 199.306 398.608 589.928 774.733 977.569
20.8554 200.326 400.608 592.945 778.696 982.569
20.8554 201.326 402.643 595.957  782.65 987.569
20.8554 202.326  404.67 598.957  786.65 992.541
20.9587 203.328  406.67 601.957 790.545 997.541
21.0625 204.328  408.67 604.938 794.461 1002.54
21.1659 205.328  410.67  607.91 798.461 1007.47
21.2702 206.328  412.67  610.91 802.394 1012.43
21.2702 207.328 414.697  613.91 806.394  1017.4
21.2702 208.328 416.731 616.921 810.349  1022.4
21.2702 209.343 418.763 619.921   814.3  1027.4
21.3722 210.343 420.763 622.894   818.3 1032.33
21.4704 211.311 422.698 625.894   822.3 1037.33
21.4704 212.311 424.735 628.894 826.264 1042.33
21.5717 213.312 426.735 631.894 830.161 1047.33
21.6727  214.31 428.735 634.894 834.161 1052.23
21.6727  215.31 430.772 637.894 838.124 1057.23
21.6727  216.31 432.798 640.894 842.124  1062.2
21.7696 217.278 434.734 643.894 846.124  1067.2
21.7696 218.289 436.757 646.894 850.124 1072.17
21.8691 219.287 438.757 649.894 854.124 1077.07
21.9656 220.254 440.693 652.894 858.124 1082.07
22.0641 221.254 442.668 655.821 862.124 1087.07
22.0641 222.254   444.7 658.831 866.082 1092.07
22.1636 223.254   446.7 661.804 870.082    1097
22.1636 224.254 448.736 664.804 874.047    1102
22.1636 225.254 450.768 667.814 878.005    1107
22.1636 226.254   452.8 670.824 881.963    1112
22.1636 227.254   454.8 673.845 885.934    1117
 22.258 228.222 456.737 676.845 889.934    1122
 22.258 229.222 458.762 679.846 893.934 1126.98
22.3549  230.22 460.762 682.846 897.934 1131.88
 22.453  231.22 462.762 685.846 901.872 1136.85
 22.547 232.188   464.7 688.846 905.872 1141.85
22.6428 233.188 466.675 691.775 909.872 1146.85
22.7399 234.188 468.677 694.775 913.774 1151.85
22.8355 235.173 470.677 697.695 917.774 1156.85
22.9335 236.173 472.677 700.695 921.712 1161.81
22.9335 237.187 474.706 703.695 925.669 1166.81
23.0302 238.187 476.706 706.695 929.572 1171.81
23.0302 239.201 478.735 709.695 933.529 1176.81
23.1265 240.201 480.736 712.695 937.431 1181.81
23.2225 241.201 482.733 715.695 941.431 1186.72
23.3185 242.198 484.733 718.695 945.431 1191.63
23.4148 243.198 486.733 721.695 949.335 1196.63
23.4148 244.214 488.733 724.711 953.303 1201.63
23.5105 245.214 490.729 727.711 957.303 1206.53
23.5105 246.219  492.74 730.694 961.303 1211.53
23.6057 247.217  494.74 733.694 965.303 1216.44
23.6057 248.235  496.74 736.694 969.277 1221.45
23.6057 249.235  498.74 739.714  973.25 1226.46
23.6057 250.235  500.74 742.734 977.223 1231.46
23.6057 251.235  502.74 745.753 981.196 1236.47
23.6057  252.24 504.752 748.737 985.196 1241.47
 23.699 253.237 506.752 751.737 989.196 1246.38
 23.793 254.237 508.752 754.719  993.12 1251.38
23.8866 255.237 510.753 757.719 997.026 1256.38
23.9799 256.235 512.753 760.719 1001.03 1261.29
24.0733 257.235 514.749 763.719 1005.03  1266.2
24.1673 258.235 516.749 766.701 1008.95  1271.2
24.1673  259.24  518.76 769.685 1012.95  1276.2
24.1673 260.245 520.771 772.669 1016.95  1281.2
24.1673  261.26 522.771 775.684 1020.92  1286.2
24.1673 262.276 524.771   778.7 1024.89  1291.2
24.2581 263.261 526.771 781.624 1028.89  1296.2
24.2581 264.278 528.771 784.624 1032.86 1301.21
24.2581 265.293 530.771 787.639 1036.83 1306.21
24.3495 266.294 532.771 790.639 1040.74 1311.21
24.4413 267.294 534.771 793.622 1044.67 1316.21
24.4413 268.299 536.782 796.606 1048.67 1321.21
24.4413 269.312 538.809 799.606 1052.63 1326.21
24.4413 270.317  540.82  802.59 1056.63 1331.21
24.4413 271.317 542.842 805.591 1060.63 1336.18
24.5314 272.317 544.842 808.591 1064.54 1341.18
24.6215 273.317 546.843 811.591 1068.44 1346.18
24.6215 274.317 548.865 814.591 1072.44 1351.16
24.6215 275.317 550.893 817.601 1076.41 1356.16
24.6215 276.329 552.893 820.606 1080.41 1361.14
24.6215 277.341  554.92 823.606 1084.37 1366.14
24.7103 278.342  556.92 826.606 1088.28 1371.14
24.7103 279.347  558.93  829.59 1092.28 1376.14
24.7986 280.344  560.93  832.59 1096.28 1381.06
 24.886 281.344 562.908 835.525 1100.28 1386.06
 24.886 282.344 564.935 838.535 1104.24 1391.06
 24.886 283.344 566.935 841.553 1108.22 1396.07
24.9713 284.316 568.879 844.553 1112.22 1401.07
25.0598 285.316 570.879 847.553 1116.16 1406.03
25.1477 286.316 572.879 850.553 1120.07 1411.03
25.1477 287.324 574.897 853.553 1124.07 1416.01
25.2353 288.324 576.897 856.529 1128.07 1420.94
25.2353 289.324 578.928 859.529 1132.04 1425.94
25.2353 290.333 580.946 862.529 1136.04 1430.92
25.3198 291.305  582.89 865.529 1140.04 1435.92
25.4074 292.305  584.89 868.529 1143.99 1440.88
25.4074 293.321  586.89 871.529 1147.96 1445.89
25.4938 294.321 588.886 874.529 1151.96 1450.81
25.4938 295.321 590.907 877.529 1155.96 1455.79
25.5789 296.307 592.907 880.459 1159.96 1460.79
25.5789 297.322 594.907 883.459 1163.94 1465.79
25.5789 298.338 596.907 886.459 1167.91  1470.8
25.6634 299.324 598.907 889.388 1171.91  1475.8
25.7482 300.324 600.885 892.325 1175.91  1480.8
25.8329 301.324 602.863 895.263 1179.91  1485.8
25.8329 302.335 604.863 898.266 1183.91 1490.79
25.8329  303.34 606.873 901.252 1187.91 1495.79
25.9182  304.34 608.873 904.227 1191.91 1500.73
26.0022 305.326 610.873 907.157 1195.91 1505.73
26.0864 306.326 612.851 910.095 1199.91 1510.73
26.1715 307.326 614.851 913.095 1203.83 1515.73
26.1715 308.326 616.871 916.095 1207.83 1520.71
 26.257 309.326 618.871 919.095 1211.78 1525.67
26.3419 310.326 620.871 922.095 1215.69 1530.67
26.3419 311.326 622.899 925.095 1219.66 1535.68
26.3419 312.334 624.917 928.095 1223.66 1540.65
26.4268 313.334 626.917 931.095 1227.61 1545.62
26.4268 314.334 628.917 934.111 1231.59 1550.62
26.4268 315.334 630.917 937.127 1235.56 1555.63
26.5104 316.334 632.912 940.127 1239.56 1560.55
26.5104 317.334  634.94 943.127 1243.53 1565.55
26.5941 318.334  636.94 946.104 1247.53 1570.49
26.5941 319.348  638.94 949.117 1251.51 1575.49
26.6773 320.348  640.94 952.117 1255.43 1580.49
26.6773 321.348  642.96 955.117 1259.43 1585.47
26.6773 322.348  644.96 958.133  1263.4 1590.48
26.6773 323.356 646.977 961.133  1267.4 1595.45
26.6773 324.364 648.994 964.133  1271.4 1600.43
26.6773 325.364 650.994 967.149 1275.38 1605.44
26.6773 326.375 652.994 970.153 1279.38 1610.42
26.6773 327.386 655.018 973.153 1283.34 1615.42
26.7591 328.386 657.018 976.136 1287.28 1620.42
26.8412 329.386 659.018 979.136 1291.23 1625.39
26.9228 330.386 661.018 982.113 1295.23 1630.33
26.9228   331.4 663.018 985.126  1299.2 1635.33
 27.004   332.4 665.018 988.126 1303.12 1640.33
27.0852 333.399 667.018 991.126 1307.04 1645.33
27.0852 334.399 669.037 994.126 1311.04 1650.31
27.1641 335.373 670.985 997.126 1315.04 1655.31
27.2448  336.37 672.985 1000.13 1319.04 1660.24
27.3259  337.37 674.985  1003.1 1323.04 1665.18
 27.406  338.37 676.964 1006.04 1327.04 1670.18
27.4849 339.344 678.911 1009.04 1331.04 1675.18
27.4849 340.344  680.93 1012.04 1335.04 1680.16
27.5654 341.344 682.926 1015.04 1339.04 1685.08
27.6465 342.344 684.926 1018.03 1342.97 1690.08
27.7251 343.317 686.873 1021.03 1346.97 1695.08
27.8058 344.316 688.873 1024.03 1350.89 1700.08
27.8863 345.313 690.873 1027.03 1354.89    1705
27.8863 346.327 692.873 1030.03 1358.87 1710.01
 27.967 347.327 694.873 1033.01 1362.81 1715.01
28.0473 348.324 696.873 1036.01 1366.81 1719.93
28.1276 349.324 698.869 1039.01 1370.81 1724.86
28.2081 350.323 700.869 1042.01 1374.73 1729.86
28.2081 351.323 702.887 1045.01 1378.73 1734.84
28.2875 352.323 704.866 1047.95 1382.73 1739.84
28.2875 353.333 706.866 1050.96 1386.73 1744.83
28.3675 354.332 708.866 1053.96 1390.65 1749.83
28.4473 355.332 710.861 1056.96 1394.65 1754.75
28.5265 356.332 712.839  1059.9 1398.65 1759.75
28.6068 357.332 714.839 1062.88 1402.59 1764.75
28.6068 358.343 716.861 1065.88 1406.55 1769.75
28.6068 359.343 718.887 1068.88 1410.53 1774.75
28.6068 360.353 720.887 1071.89 1414.53 1779.74
28.6068 361.353  722.91 1074.89  1418.5 1784.74
28.6862 362.353  724.91 1077.88 1422.44 1789.74
28.6862 363.365  726.91 1080.89 1426.41 1794.74
28.7652 364.365  728.91 1083.87 1430.41 1799.68
28.8442 365.365  730.91 1086.84 1434.41 1804.63
28.8442 366.379  732.91 1089.84 1438.39 1809.63
28.8442  367.39 734.931 1092.84 1442.36 1814.63
28.9225  368.39 736.927 1095.84 1446.36 1819.56
29.0013  369.39 738.927 1098.83  1450.3 1824.56
29.0013  370.39 740.927 1101.84 1454.27 1829.57
29.0793 371.387 742.927 1104.84 1458.27 1834.49
29.0793 372.387 744.952 1107.84 1462.25 1839.49
29.1554 373.361 746.901 1110.84 1466.25 1844.49
29.2325 374.348 748.901 1113.78 1470.25 1849.49
29.3086 375.322  750.85 1116.78 1474.25 1854.49
29.3086 376.322  752.85 1119.79 1478.23  1859.5
29.3086 377.322  754.85 1122.81 1482.21  1864.5
29.3086  378.33 756.866 1125.81 1486.21 1869.48
29.3086  379.33 758.866 1128.82 1490.19 1874.49
29.3856  380.33 760.861 1131.82 1494.19 1879.41
29.3856 381.334 762.869 1134.81 1498.19 1884.41
29.3856 382.338 764.878  1137.8 1502.19 1889.41
29.3856 383.338 766.902  1140.8 1506.16 1894.41
29.4615 384.338 768.881 1143.74 1510.16 1899.41
29.5383 385.338 770.881 1146.73  1514.1 1904.41
29.6142 386.338 772.861 1149.67  1518.1 1909.41
29.6913 387.338 774.861 1152.67 1522.05 1914.39
29.7677 388.338 776.856 1155.67 1526.05 1919.31
29.7677 389.338 778.856 1158.68 1530.04 1924.32
29.8439 390.334 780.856 1161.68 1534.04 1929.25
29.8439 391.334 782.856  1164.7 1538.02 1934.25
29.8439 392.334 784.877 1167.71 1541.99 1939.25
29.8439 393.347 786.877 1170.71 1545.97 1944.26
29.8439 394.347 788.877 1173.72 1549.95 1949.26
29.8439 395.347 790.894 1176.72 1553.95 1954.25
29.9185 396.334 792.894 1179.66 1557.95 1959.25
29.9185 397.347 794.894 1182.66 1561.93 1964.25
29.9937 398.346 796.894 1185.66 1565.85 1969.25
30.0689 399.346 798.892 1188.66 1569.78 1974.25
30.1446 400.346 800.892 1191.66 1573.73 1979.22
30.1446 401.353 802.907 1194.66 1577.73  1984.2
30.2179 402.328 804.858 1197.66 1581.73  1989.2
30.2929 403.328 806.856 1200.66 1585.66  1994.2
30.3679 404.328 808.854 1203.66 1589.59  1999.2
30.3679 405.341 810.854 1206.66 1593.57 2004.21
30.4426 406.341 812.849 1209.66 1597.57 2009.14
30.4426 407.341 814.872 1212.66 1601.54 2014.14
30.4426 408.341 816.895 1215.66 1605.52 2019.14
30.4426 409.341 818.916 1218.67 1609.49 2024.14
30.4426 410.348  820.93 1221.67 1613.49 2029.12
30.4426 411.359  822.93 1224.68 1617.47 2034.12
30.5166 412.359  824.93 1227.66 1621.47 2039.07
30.5906 413.358  826.93 1230.66  1625.4 2044.07
30.5906 414.358 828.953 1233.66 1629.37 2049.07
30.6648 415.358 830.953 1236.66 1633.33 2054.04
30.6648 416.358 832.974 1239.66  1637.3 2059.04
30.7377 417.358 834.954 1242.61  1641.3 2064.04
30.7377 418.358 836.977 1245.61 1645.28 2069.04
30.7377  419.37 838.977 1248.61 1649.26 2074.05
30.8114  420.37 840.977 1251.61 1653.21 2079.02
30.8846 421.369 842.977 1254.61 1657.14 2084.02
30.9577 422.369 844.972 1257.61 1661.14 2088.95
31.0309 423.369  846.97 1260.61 1665.07 2093.95
31.1043 424.369  848.97 1263.59 1669.01 2098.95
31.1767 425.357  850.97 1266.53 1673.01 2103.95
31.2502 426.357  852.97 1269.52 1676.95 2108.95
31.3236 427.357  854.97  1272.5 1680.89 2113.95
31.3952 428.333 856.923  1275.5 1684.89 2118.95
31.4685 429.333 858.923 1278.48 1688.89  2123.9
31.4685 430.342 860.942 1281.48 1692.86  2128.9
31.4685 431.342 862.963 1284.49 1696.84  2133.9
31.5405 432.329 864.963 1287.43 1700.84  2138.9
31.5405 433.329 866.963 1290.44 1704.82 2143.91
31.5405 434.341 868.963 1293.44  1708.8 2148.91
31.6122 435.329 870.963 1296.38  1712.8 2153.91
31.6852 436.329 872.963 1299.38 1716.75 2158.89
31.6852 437.332 874.971 1302.37 1720.75 2163.89
31.7568  438.32 876.971 1305.31 1724.75 2168.89
31.7568 439.329  878.99 1308.31 1728.72 2173.89
31.7568 440.338  880.99 1311.32 1732.72 2178.87
31.7568 441.346  882.99 1314.32 1736.72 2183.86
31.8289 442.346  884.99  1317.3 1740.67 2188.86
31.9009 443.346  886.99 1320.28 1744.67 2193.81
 31.973 444.346  888.99 1323.27 1748.61 2198.81
32.0453 445.346  890.99 1326.27 1752.57 2203.79
32.0453 446.354  892.99 1329.27 1756.57 2208.78
32.0453 447.366  894.99 1332.27 1760.55 2213.78
32.0453 448.374  896.99 1335.27 1764.55 2218.77
32.1167 449.374 898.988 1338.27 1768.48 2223.77
32.1879 450.371 900.988 1341.27 1772.48  2228.7
32.1879 451.371 902.988 1344.28 1776.46 2233.71
32.1879 452.371  905.01 1347.28 1780.44 2238.71
32.2588 453.371 907.004 1350.28 1784.44 2243.64
32.3299 454.369 909.004 1353.28 1788.37 2248.64
32.3299 455.369 911.026 1356.28 1792.35 2253.65
32.3299 456.378 913.045 1359.28 1796.32 2258.65
32.4005 457.375 915.045 1362.28 1800.32 2263.58
32.4005 458.381 917.058 1365.28 1804.32 2268.56
32.4005 459.381  919.08 1368.28 1808.29 2273.56
32.4709 460.381 921.078 1371.28 1812.23 2278.56
32.5413 461.381 923.073 1374.28 1816.23 2283.49
32.6102 462.358 925.027 1377.28 1820.23 2288.49
32.6808 463.358 927.027 1380.27 1824.17 2293.49
32.7511 464.355 929.027 1383.27 1828.17 2298.43
32.7511 465.358 931.035 1386.26 1832.17 2303.43
32.8218 466.358 933.035 1389.26 1836.13  2308.4
32.8914 467.346 935.035  1392.2 1840.13  2313.4
32.8914 468.358 937.035  1395.2 1844.11 2318.41
32.9616 469.358 939.035 1398.18 1848.11 2323.36
32.9616 470.361 941.042 1401.17 1852.11 2328.36
32.9616 471.367 943.055 1404.17 1856.11 2333.34
33.0313 472.364 945.055 1407.17 1860.11 2338.27
33.0313 473.375 947.055 1410.17 1864.09 2343.28
33.1012 474.375 949.055 1413.15 1868.04 2348.28
33.1012 475.381 951.068 1416.15 1872.04 2353.26
33.1012 476.381 953.089 1419.15 1876.01 2358.26
  33.17 477.381  955.07  1422.1 1880.01 2363.26
  33.17 478.392  957.07 1425.11 1883.99 2368.26
33.2393 479.392  959.07 1428.09 1887.99 2373.21
33.3085 480.388  961.07 1431.09 1891.99 2378.15
33.3085 481.399  963.07  1434.1 1895.97 2383.15
33.3085 482.409  965.07 1437.11 1899.95 2388.15
33.3085 483.415 967.083 1440.11 1903.95 2393.13
33.3085 484.415 969.104 1443.11 1907.93 2398.13
33.3085 485.424 971.122 1446.11  1911.9 2403.13
33.3755 486.402 973.078 1449.11  1915.9 2408.13
33.4433  487.39 975.078 1452.06  1919.9 2413.13
33.4433 488.398 977.078 1455.06  1923.9 2418.12
33.4433 489.398 979.096 1458.07 1927.88 2423.12
33.5118 490.398 981.096 1461.05 1931.83 2428.12
33.5118 491.398 983.117 1464.05 1935.81 2433.12
33.5118 492.401 985.124 1467.04 1939.81 2438.12
33.5783 493.379  987.08 1470.04 1943.81 2443.12
33.6456 494.367  989.08 1472.98 1947.81 2448.12
33.7134 495.367 991.075 1475.98 1951.81 2453.06
33.7814 496.365 993.075 1478.98 1955.74 2458.06
33.7814 497.373 995.075 1481.99 1959.74 2463.05
33.8492 498.373 997.073 1484.99 1963.67 2468.05
33.8492 499.379 999.085 1487.99 1967.67 2473.03
33.8492 500.379  1001.1 1490.99 1971.65 2478.03
33.9161 501.367  1003.1 1493.94 1975.65 2483.03
33.9161  502.37 1005.11 1496.93 1979.65 2488.03
33.9836  503.37 1007.11 1499.91 1983.65 2492.98
33.9836 504.376 1009.12 1502.91 1987.65 2497.96
33.9836 505.382 1011.14 1505.91 1991.65 2502.94
34.0493  506.36 1013.09 1508.91 1995.65 2507.94
34.1158 507.348 1015.09 1511.85 1999.65 2512.94
34.1815 508.326 1017.05 1514.85 2003.65 2517.94
34.2487 509.326 1019.05 1517.85 2007.58 2522.94
34.2487 510.332 1021.06 1520.85 2011.58 2527.92
34.2487 511.335 1023.07 1523.84 2015.58 2532.92
34.3157 512.335 1025.07 1526.82 2019.58 2537.88
34.3826 513.335 1027.07  1529.8 2023.58 2542.83
34.4494 514.332 1029.07  1532.8 2027.58 2547.77
34.5166 515.332 1031.07  1535.8 2031.54 2552.74
34.5837 516.332 1033.07 1538.79 2035.49 2557.74
34.5837 517.342 1035.07 1541.79 2039.47 2562.75
34.6504  518.34 1037.07 1544.79 2043.41 2567.75
34.6504  519.34 1039.08 1547.79 2047.39 2572.75
34.7173  520.34 1041.08 1550.78 2051.33 2577.75
34.7173  521.34 1043.08 1553.79 2055.32 2582.75
34.7173 522.348 1045.08 1556.79 2059.32 2587.74
34.7173 523.348 1047.08  1559.8  2063.3 2592.75
34.7173 524.348  1049.1  1562.8 2067.28 2597.75
34.7827 525.336  1051.1 1565.75 2071.28 2602.75
34.7827 526.347  1053.1 1568.75 2075.26 2607.76
34.7827 527.355 1055.12 1571.75 2079.24 2612.76
34.8489 528.355 1057.12 1574.75  2083.2 2617.73
34.9135 529.333 1059.08 1577.75  2087.2 2622.73
34.9135 530.343 1061.08 1580.76 2091.18 2627.73
34.9796 531.343 1063.08 1583.76 2095.14 2632.71
34.9796 532.343  1065.1 1586.76 2099.12 2637.71
34.9796 533.348 1067.11 1589.76 2103.12 2642.69
34.9796 534.358 1069.11 1592.77  2107.1 2647.69
34.9796 535.365 1071.11 1595.77  2111.1 2652.68
34.9796  536.37 1073.12 1598.77  2115.1 2657.66
 35.045  537.37 1075.12 1601.77 2119.06 2662.64
35.1102  538.37 1077.12 1604.77    2123 2667.64
35.1755  539.37 1079.12 1607.75 2126.94 2672.64
35.2408  540.37 1081.12 1610.74 2130.89 2677.64
35.3058 541.367 1083.12 1613.74 2134.89 2682.58
35.3696 542.346 1085.08 1616.74 2138.89 2687.58
35.4349 543.346 1087.08 1619.72 2142.84 2692.58
   35.5 544.346 1089.07 1622.72 2146.78 2697.58
35.5655 545.346 1091.07 1625.72 2150.74 2702.55
35.6306 546.344 1093.07 1628.72 2154.68 2707.55
35.6306 547.353 1095.07 1631.73 2158.66 2712.55
35.6956 548.353 1097.07 1634.73  2162.6 2717.55
35.6956 549.353 1099.09 1637.73 2166.58 2722.55
35.6956 550.361 1101.11 1640.73 2170.55 2727.55
35.6956 551.368 1103.11 1643.74 2174.55 2732.54
35.6956 552.374 1105.12 1646.74 2178.55 2737.53
35.7596 553.374  1107.1 1649.69 2182.55 2742.53
35.8241 554.372  1109.1 1652.69 2186.49 2747.53
35.8241 555.381  1111.1  1655.7 2190.47 2752.53
35.8872  556.36 1113.06  1658.7 2194.47 2757.53
35.8872  557.36 1115.08  1661.7 2198.45 2762.53
35.8872 558.363 1117.08 1664.69 2202.45 2767.53
35.8872 559.363  1119.1 1667.69 2206.43 2772.53
35.9515 560.363  1121.1 1670.68 2210.38 2777.53
35.9515 561.373  1123.1 1673.68 2214.36 2782.53
36.0148 562.362  1125.1 1676.62 2218.36 2787.53
36.0148 563.362 1127.12 1679.63 2222.34 2792.53
 36.078 564.351 1129.12 1682.58 2226.34 2797.53
 36.078 565.351 1131.14 1685.58 2230.32 2802.54
 36.078 566.351 1133.16 1688.58  2234.3 2807.54
 36.078 567.354 1135.16 1691.57  2238.3 2812.54
36.1417 568.354 1137.16 1694.56 2242.25 2817.54
36.1417 569.354 1139.17 1697.56 2246.25 2822.52
36.2051 570.352 1141.17 1700.56 2250.19 2827.52
36.2685 571.352 1143.17 1703.54 2254.19 2832.48
36.2685 572.362 1145.17 1706.54 2258.17 2837.48
36.2685 573.369 1147.17 1709.54 2262.17 2842.48
36.3316 574.365 1149.17 1712.54 2266.17 2847.42
36.3316 575.365 1151.19 1715.54 2270.17  2852.4
36.3316 576.375 1153.19 1718.54 2274.16 2857.41
36.3316  577.38  1155.2 1721.54 2278.16 2862.39
36.3944  578.38  1157.2 1724.54 2282.09 2867.39
36.3944 579.383  1159.2 1727.53 2286.09 2872.39
36.3944 580.383 1161.22 1730.53 2290.09 2877.38
36.3944 581.383 1163.23 1733.53 2294.07 2882.38
36.4564 582.383 1165.22 1736.49 2298.07 2887.38
36.5188 583.383 1167.21 1739.49 2302.07 2892.33
36.5808 584.372 1169.21 1742.43 2306.07 2897.33
36.6432 585.372 1171.21 1745.43 2310.07 2902.27
36.6432 586.382 1173.21 1748.43 2314.06 2907.27
36.7044 587.361 1175.17 1751.43 2318.06 2912.27
36.7668 588.361 1177.17 1754.42 2322.06 2917.23
36.7668 589.361 1179.18 1757.42 2326.04 2922.23
36.7668 590.369  1181.2 1760.42 2330.02 2927.23
36.8291 591.369  1183.2  1763.4 2334.02 2932.19
36.8291 592.372 1185.21 1766.39 2338.02 2937.19
36.8912 593.372  1187.2 1769.39 2341.96 2942.19
36.9536 594.372  1189.2 1772.39 2345.92 2947.16
36.9536 595.372 1191.22 1775.39  2349.9 2952.16
37.0154 596.368 1193.22 1778.39  2353.9 2957.11
37.0773 597.368 1195.22 1781.39  2357.9 2962.05
37.1381 598.348 1197.18 1784.39  2361.9 2967.05
37.1381 599.357 1199.18 1787.39 2365.88 2972.06
37.1999 600.357 1201.17 1790.39 2369.88    2977
37.1999 601.357 1203.19  1793.4 2373.86    2982
37.1999 602.367 1205.19  1796.4 2377.84    2987
 37.261 603.356 1207.19 1799.35 2381.84    2992
37.3225 604.352 1209.19 1802.35 2385.84 2996.95
37.3225 605.352  1211.2 1805.35 2389.83 3001.95
37.3225 606.352  1213.2 1808.36 2393.81 3006.95
37.3225 607.352 1215.22 1811.36 2397.81 3011.94
37.3225 608.352 1217.22 1814.37 2401.79 3016.95
37.3225 609.362 1219.22 1817.37 2405.78 3021.95
37.3836 610.362 1221.21 1820.37 2409.78  3026.9
37.4436 611.341 1223.17 1823.37 2413.78  3031.9
37.4436 612.341 1225.19 1826.37 2417.76  3036.9
37.5046 613.339 1227.19 1829.37  2421.7  3041.9
37.5652 614.339 1229.17 1832.32  2425.7  3046.9
37.5652 615.339 1231.19 1835.32 2429.68  3051.9
37.5652 616.339 1233.19 1838.33 2433.67  3056.9
37.5652 617.339 1235.21 1841.34 2437.65  3061.9
37.6254 618.329 1237.21 1844.29 2441.65  3066.9
37.6865 619.329 1239.21 1847.29 2445.61 3071.88
37.7468 620.329 1241.19 1850.25 2449.61 3076.88
37.8077 621.329 1243.19 1853.23 2453.56 3081.88
37.8077 622.329 1245.21 1856.23 2457.54 3086.88
37.8077 623.329 1247.22 1859.23 2461.53 3091.88
37.8685 624.329 1249.22 1862.23 2465.49 3096.86
 37.928 625.309 1251.18 1865.23 2469.49 3101.86
37.9884 626.309 1253.18 1868.23 2473.49  3106.8
38.0493 627.309 1255.18 1871.23 2477.45 3111.78
  38.11 628.309 1257.18 1874.22  2481.4 3116.78
38.1706 629.309 1259.18  1877.2  2485.4 3121.74
38.2313 630.309 1261.18 1880.18  2489.4  3126.7
 38.292 631.309 1263.18 1883.17 2493.36  3131.7
38.3528 632.309 1265.18 1886.17 2497.32 3136.67
38.4134 633.309 1267.18 1889.15 2501.32 3141.63
38.4134 634.309 1269.19 1892.15 2505.32 3146.62
38.4738 635.309 1271.19 1895.15 2509.32 3151.57
38.4738 636.311 1273.19 1898.14 2513.32 3156.57
38.4738 637.311 1275.21 1901.14  2517.3 3161.57
38.4738 638.311 1277.22 1904.15 2521.28 3166.57
38.5339 639.308 1279.22 1907.15 2525.28 3171.51
38.5339 640.315 1281.24 1910.15 2529.25 3176.51
38.5941 641.315 1283.24 1913.14 2533.21 3181.51
38.5941 642.324 1285.24 1916.14 2537.19 3186.51
38.6536 643.313 1287.24 1919.09 2541.19 3191.51
38.6536 644.313 1289.25 1922.09 2545.19  3196.5
38.7133  645.31 1291.25 1925.09 2549.19 3201.45
38.7133 646.316 1293.25 1928.09 2553.19 3206.44
38.7133 647.316 1295.27 1931.09 2557.17 3211.44
38.7133 648.325 1297.27 1934.09 2561.16 3216.44
38.7133 649.334 1299.27 1937.09 2565.14 3221.45
38.7133 650.338 1301.28 1940.09 2569.14 3226.43
38.7722 651.328 1303.28 1943.04 2573.14 3231.43
 38.832 652.328 1305.28 1946.04 2577.11 3236.41
38.8903 653.308 1307.24 1949.04 2581.11 3241.41
38.8903 654.313 1309.25 1952.04 2585.11  3246.4
38.8903 655.322 1311.25 1955.04 2589.09  3251.4
38.8903 656.322 1313.25 1958.05 2593.08 3256.41
38.8903 657.324 1315.25 1961.05 2597.08 3261.41
38.9493 658.321 1317.25 1964.05 2601.08 3266.35
38.9493  659.33 1319.25 1967.05 2605.07 3271.36
39.0083  660.33 1321.25 1970.03 2609.07 3276.32
39.0674  661.33 1323.25 1973.01 2613.07 3281.27
39.1253  662.31 1325.22 1976.01 2617.07 3286.27
39.1841 663.307 1327.22 1979.01 2621.07 3291.22
39.1841 664.307 1329.23 1982.01 2625.05 3296.22
39.1841 665.315 1331.23 1985.02 2629.03 3301.22
39.1841 666.315 1333.24 1988.02 2633.03 3306.21
39.2428 667.313 1335.24 1991.02 2636.98 3311.21
39.3018 668.313 1337.24 1994.02 2640.94 3316.19
39.3595 669.293 1339.21 1997.02 2644.94 3321.19
39.4177 670.283 1341.21 1999.97 2648.94 3326.19
39.4177 671.283 1343.22 2002.97 2652.92 3331.19
39.4764 672.283 1345.22 2005.96 2656.88 3336.19
39.5346 673.283 1347.21 2008.91 2660.88 3341.19
39.5932 674.279 1349.21 2011.91 2664.88 3346.13
39.5932 675.279 1351.22 2014.91 2668.86 3351.13
39.6517 676.277 1353.22 2017.91  2672.8 3356.13
39.7103 677.277 1355.22  2020.9 2676.76 3361.13
39.7689 678.277 1357.22 2023.88 2680.76 3366.09
39.7689 679.285 1359.22 2026.89 2684.74 3371.09
39.8275 680.285 1361.22 2029.88  2688.7 3376.09
39.8859 681.285 1363.22 2032.88  2692.7 3381.04
39.8859 682.289 1365.23 2035.88  2696.7 3386.02
39.8859 683.298 1367.23 2038.88 2700.68 3391.02
39.8859 684.298 1369.23 2041.89 2704.67 3396.03
39.8859 685.302 1371.24 2044.89 2708.67 3401.01
39.8859 686.309 1373.25 2047.89 2712.65 3406.01
39.8859 687.317 1375.25  2050.9 2716.63 3411.01
39.9438 688.315 1377.25  2053.9 2720.58 3416.01
39.9438 689.315 1379.27 2056.91 2724.56 3421.01
40.0016 690.315 1381.26 2059.91 2728.56 3425.96
40.0589 691.304 1383.26 2062.86 2732.56 3430.96
40.1157 692.285 1385.22 2065.86 2736.56 3435.96
40.1726 693.266 1387.19 2068.86 2740.56 3440.96
40.1726 694.274 1389.19 2071.87 2744.54 3445.96
40.2298 695.263 1391.19 2074.82 2748.54 3450.96
40.2875  696.26 1393.19 2077.82 2752.54 3455.91
40.3442  697.24 1395.15 2080.82 2756.54 3460.91
40.4016  698.24 1397.13 2083.78 2760.54 3465.91
40.4596  699.24 1399.13 2086.78  2764.5 3470.89
40.5169  700.23 1401.13 2089.73  2768.5 3475.89
40.5748  701.23 1403.13 2092.72 2772.46 3480.89
40.6327  702.23 1405.13  2095.7 2776.42 3485.89
40.6903 703.226 1407.13  2098.7 2780.42 3490.83
 40.748 704.223 1409.13  2101.7 2784.42 3495.78
40.8047 705.204  1411.1  2104.7 2788.42 3500.78
40.8624 706.204 1413.09  2107.7 2792.42 3505.73
40.8624 707.211 1415.09 2110.71  2796.4 3510.73
40.8624 708.211 1417.11 2113.71 2800.38 3515.73
40.8624 709.214 1419.11  2116.7 2804.38 3520.73
40.8624 710.218 1421.12  2119.7 2808.38 3525.71
40.8624 711.226 1423.12 2122.71 2812.37 3530.71
40.9194 712.226  1425.1 2125.67 2816.37 3535.71
40.9757 713.207 1427.07 2128.67 2820.37 3540.71
40.9757 714.214 1429.07 2131.68 2824.35 3545.71
40.9757 715.222 1431.07 2134.68 2828.34 3550.71
 41.033 716.222 1433.07 2137.67 2832.29 3555.71
 41.033 717.222 1435.08 2140.67 2836.28 3560.71
 41.033 718.222 1437.09 2143.67 2840.28  3565.7
 41.033 719.222  1439.1 2146.67 2844.28 3570.69
  41.09 720.222  1441.1 2149.67 2848.22 3575.69
  41.09 721.222  1443.1 2152.68 2852.21  3580.7
41.1471 722.222  1445.1 2155.68 2856.18 3585.67
41.2041 723.222  1447.1 2158.66 2860.13 3590.67
41.2606 724.222 1449.09 2161.62 2864.13 3595.67
41.2606 725.222  1451.1 2164.62 2868.12 3600.68
41.3176 726.222  1453.1 2167.62 2872.08 3605.65
41.3743 727.222  1455.1 2170.62 2876.08  3610.6
 41.431 728.218  1457.1 2173.62 2880.08 3615.55
41.4873 729.208  1459.1 2176.58 2884.08 3620.55
41.4873 730.214  1461.1 2179.58 2888.08 3625.54
41.5431 731.195 1463.06 2182.58 2892.08 3630.54
41.5431 732.203 1465.06 2185.58 2896.07 3635.55
41.5993 733.203 1467.04 2188.54 2900.07 3640.55
41.5993 734.208 1469.04 2191.54 2904.07 3645.54
41.5993 735.208 1471.04 2194.55 2908.06 3650.54
41.6557 736.205 1473.04 2197.55 2912.06 3655.49
41.7122 737.205 1475.04 2200.53 2916.06 3660.45
41.7683 738.205 1477.03 2203.49 2920.06 3665.45
41.7683 739.205 1479.03  2206.5 2924.04 3670.46
41.8247 740.205 1481.02  2209.5 2927.99 3675.46
41.8247 741.207 1483.03 2212.49 2931.99 3680.46
41.8801 742.188 1484.99 2215.49 2935.99 3685.46
41.8801 743.188 1486.99  2218.5 2939.98 3690.46
41.9363 744.188 1488.99  2221.5 2943.92 3695.46
41.9927 745.188 1490.99 2224.49 2947.88 3700.46
41.9927 746.188 1492.99  2227.5 2951.87 3705.47
42.0485 747.188 1494.97 2230.46 2955.87 3710.47
42.0485 748.188 1496.97 2233.46 2959.85 3715.47
42.0485 749.196 1498.97 2236.46 2963.84 3720.48
42.0485 750.199 1500.98 2239.46 2967.84 3725.48
42.1035  751.18 1502.94 2242.46 2971.84 3730.48
42.1035  752.18 1504.96 2245.46 2975.82 3735.48
42.1595  753.18 1506.96 2248.45 2979.78 3740.48
42.1595 754.186 1508.97 2251.45 2983.76 3745.48
42.1595 755.186 1510.97 2254.46 2987.75 3750.48
42.1595 756.194 1512.97 2257.46 2991.74 3755.49
42.1595 757.194 1514.98 2260.46 2995.72 3760.49
42.2142 758.175 1516.95 2263.46 2999.72 3765.49
42.2688 759.157 1518.91 2266.46 3003.72 3770.49
 42.324 760.157 1520.89 2269.42 3007.72 3775.49
42.3795 761.153 1522.89 2272.42 3011.72 3780.43
42.3795 762.157  1524.9 2275.42 3015.72 3785.42
42.4345 763.147  1526.9 2278.38 3019.72 3790.42
  42.49 764.145  1528.9 2281.38 3023.66 3795.42
  42.49 765.149 1530.91 2284.38 3027.66 3800.41
42.5445  766.13 1532.88 2287.38 3031.66 3805.41
42.5445 767.133 1534.88 2290.37 3035.66 3810.41
42.5445  768.14 1536.88 2293.38 3039.65 3815.41
42.5445 769.147 1538.88 2296.38 3043.64 3820.41
42.5445  770.15 1540.89 2299.37 3047.64 3825.41
42.5445 771.155 1542.89 2302.37 3051.64 3830.41
42.5987 772.137 1544.85 2305.37 3055.64 3835.41
42.5987 773.137 1546.86 2308.37 3059.62 3840.41
42.6536 774.137 1548.86 2311.37 3063.62 3845.36
42.6536 775.142 1550.86 2314.38 3067.62 3850.35
42.6536 776.142 1552.87 2317.38  3071.6 3855.35
42.6536 777.146 1554.88 2320.38  3075.6 3860.34
42.6536 778.153 1556.88 2323.39 3079.59 3865.34
42.7078 779.143 1558.88 2326.34 3083.59 3870.34
42.7626 780.143 1560.88 2329.33 3087.59  3875.3
42.8169 781.133 1562.88 2332.28 3091.59  3880.3
42.8716 782.133 1564.88 2335.26 3095.59 3885.26
42.8716  783.14 1566.88 2338.27 3099.57 3890.26
42.9254 784.122 1568.84 2341.27 3103.57 3895.26
42.9254 785.127 1570.84 2344.27 3107.57 3900.26
42.9796 786.127 1572.83 2347.23 3111.57 3905.26
43.0342 787.127 1574.83 2350.22 3115.57 3910.22
43.0342 788.127 1576.84 2353.22 3119.56 3915.22
43.0889 789.127 1578.84 2356.22 3123.53  3920.2
43.1436 790.127 1580.84  2359.2 3127.48  3925.2
43.1436 791.127 1582.85  2362.2 3131.48 3930.19
43.1979 792.127 1584.85  2365.2 3135.48 3935.14
 43.252 793.127 1586.83 2368.16 3139.48 3940.14
43.3064 794.127 1588.83 2371.16 3143.43 3945.14
43.3064 795.132 1590.83 2374.17 3147.43 3950.13
43.3064 796.132 1592.84 2377.16 3151.43 3955.12
43.3064 797.139 1594.84 2380.17 3155.42 3960.12
43.3603 798.139 1596.82 2383.13 3159.42 3965.12
43.3603 799.139 1598.84 2386.13 3163.41 3970.13
43.3603 800.146 1600.84 2389.14 3167.39 3975.13
43.3603 801.153 1602.84 2392.15 3171.38 3980.13
43.3603 802.161 1604.84 2395.15 3175.37 3985.13
43.3603 803.167 1606.85 2398.15 3179.35 3990.13
43.4133 804.149 1608.81 2401.15 3183.35 3995.13
43.4671 805.145 1610.81 2404.15 3187.35 4000.08
43.5201 806.127 1612.78 2407.15 3191.35 4005.08
43.5739 807.127 1614.77 2410.15 3195.35 4010.03
43.6278 808.127 1616.77 2413.15  3199.3 4015.03
43.6278 809.134 1618.77 2416.15 3203.28 4020.03
43.6278 810.134 1620.78 2419.15 3207.27 4025.03
43.6278 811.134 1622.79 2422.15 3211.27 4030.02
43.6815 812.134 1624.79 2425.15 3215.22 4035.02
43.7351  813.13 1626.79 2428.15 3219.22 4039.97
43.7351 814.137 1628.79 2431.16 3223.21 4044.97
43.7886 815.137 1630.78 2434.16 3227.21 4049.93
43.7886 816.139 1632.79 2437.15 3231.21 4054.93
43.7886 817.139  1634.8 2440.16 3235.19 4059.93
43.7886 818.146  1636.8 2443.16 3239.17 4064.93
 43.842 819.146  1638.8 2446.16 3243.12 4069.93
 43.842 820.146  1640.8 2449.17 3247.11 4074.93
 43.842 821.151  1642.8 2452.17 3251.11 4079.93
43.8949 822.142  1644.8 2455.13 3255.11 4084.93
43.8949 823.142 1646.81 2458.13 3259.11 4089.92
43.8949 824.142 1648.82 2461.13  3263.1 4094.92
43.8949 825.149 1650.82 2464.13 3267.09 4099.92
43.9481 826.149 1652.82 2467.12 3271.05 4104.92
44.0011 827.145 1654.82 2470.12 3275.05 4109.87
44.0011 828.149 1656.83 2473.12 3279.05 4114.86
44.0541 829.146 1658.83 2476.12    3283 4119.86
44.1073 830.146 1660.83 2479.12 3286.96 4124.84
44.1603 831.146 1662.82 2482.12 3290.96 4129.79
 44.213 832.146 1664.81 2485.08 3294.96 4134.79
 44.213 833.146 1666.82 2488.08 3298.95 4139.79
 44.266 834.146 1668.82 2491.07 3302.95 4144.76
 44.266 835.154 1670.82 2494.07 3306.93 4149.76
 44.266 836.156 1672.82 2497.06 3310.93 4154.76
44.3188 837.156 1674.82 2500.06 3314.93 4159.71
44.3188 838.156 1676.82 2503.07 3318.92 4164.72
44.3188 839.156 1678.82 2506.07 3322.91 4169.72
44.3188 840.161 1680.82 2509.08 3326.91 4174.72
44.3188 841.161 1682.82 2512.08  3330.9 4179.72
44.3713 842.157 1684.82 2515.08  3334.9 4184.67
44.4234 843.148 1686.82 2518.04  3338.9 4189.67
44.4234 844.148 1688.83 2521.04 3342.88 4194.67
44.4234 845.155 1690.83 2524.04 3346.87 4199.68
44.4234 846.155 1692.84 2527.04 3350.86 4204.68
44.4234 847.157 1694.85 2530.04 3354.86 4209.68
 44.475 848.139 1696.82 2533.04 3358.86 4214.68
44.5265 849.122 1698.78 2536.04 3362.86 4219.68
44.5784 850.112 1700.78    2539 3366.86 4224.68
44.6307 851.112 1702.78    2542 3370.86 4229.63
 44.683 852.112 1704.77    2545 3374.81 4234.63
 44.683 853.119 1706.77    2548 3378.79 4239.63
 44.683 854.119 1708.78    2551 3382.79 4244.62
44.7348 855.109 1710.78 2553.96 3386.79 4249.62
44.7348 856.109 1712.79 2556.96 3390.78 4254.62
44.7348 857.116 1714.79 2559.96 3394.77 4259.63
44.7871 858.116 1716.79 2562.96 3398.74 4264.61
44.8393 859.116 1718.79 2565.95  3402.7 4269.61
44.8393 860.116  1720.8 2568.95  3406.7  4274.6
44.8393 861.123  1722.8 2571.95 3410.68  4279.6
44.8393  862.13  1724.8 2574.96 3414.67  4284.6
44.8393  863.13 1726.82 2577.96 3418.66  4289.6
44.8911 864.126 1728.82 2580.96 3422.66 4294.55
44.8911 865.131 1730.82 2583.96 3426.66 4299.54
44.9429 866.131 1732.82 2586.94 3430.66 4304.51
44.9429 867.131 1734.82 2589.95 3434.65 4309.51
44.9946 868.131 1736.81 2592.95 3438.65 4314.47
44.9946 869.136 1738.82 2595.95 3442.63 4319.47
44.9946 870.136 1740.83 2598.96 3446.61 4324.47
45.0463 871.136 1742.83 2601.94 3450.57 4329.47
45.0463 872.136 1744.85 2604.94 3454.56 4334.47
45.0463  873.14 1746.86 2607.94 3458.56 4339.46
45.0977 874.136 1748.86 2610.94 3462.56 4344.41
45.0977 875.143 1750.86 2613.94 3466.55 4349.41
45.0977  876.15 1752.86 2616.94 3470.54 4354.42
45.1487 877.141 1754.86  2619.9 3474.54 4359.42
45.1487 878.148 1756.86  2622.9 3478.53 4364.42
45.2002 879.148 1758.86  2625.9 3482.49  4369.4
45.2511 880.138 1760.86 2628.86 3486.49  4374.4
45.3021 881.138 1762.84 2631.82 3490.49  4379.4
45.3021 882.138 1764.85 2634.83 3494.48  4384.4
45.3021 883.142 1766.86 2637.83 3498.48 4389.39
45.3021 884.142 1768.87 2640.83 3502.46 4394.39
45.3532 885.142 1770.87 2643.83 3506.46 4399.35
45.3532 886.142 1772.88 2646.83 3510.45 4404.35
 45.404 887.142 1774.87  2649.8 3514.45 4409.35
45.4553 888.142 1776.87  2652.8 3518.42 4414.33
45.5065 889.142 1778.87 2655.78 3522.38 4419.33
45.5576 890.142 1780.87 2658.77 3526.38 4424.29
45.6087 891.142 1782.87 2661.75 3530.38 4429.26
45.6087 892.144 1784.87 2664.74 3534.38 4434.26
45.6597 893.144 1786.87 2667.74 3538.33 4439.26
45.6597 894.151 1788.87 2670.74 3542.32 4444.26
45.7108 895.151 1790.87 2673.73 3546.28 4449.26
45.7615 896.151 1792.85 2676.69 3550.28 4454.26
45.7615 897.158 1794.85 2679.69 3554.27 4459.26
45.7615 898.158 1796.86 2682.69 3558.26 4464.27
45.7615  899.16 1798.87 2685.69 3562.26 4469.27
45.7615 900.165 1800.88 2688.69 3566.24 4474.27
45.7615 901.172 1802.88 2691.69 3570.23 4479.27
45.7615 902.172 1804.88 2694.69 3574.22 4484.27
45.8113 903.155 1806.85 2697.69 3578.22 4489.27
45.8113 904.161 1808.86 2700.69  3582.2 4494.27
45.8619 905.161 1810.86 2703.69 3586.15 4499.27
45.9121 906.151 1812.86 2706.65 3590.15 4504.27
45.9623 907.142 1814.86 2709.61 3594.15 4509.27
46.0126 908.142 1816.84 2712.58 3598.15 4514.27
46.0126 909.149 1818.84 2715.58 3602.14 4519.28
46.0126 910.155 1820.84 2718.58 3606.13 4524.28
46.0126 911.155 1822.85 2721.58 3610.12 4529.28
46.0622 912.139 1824.82 2724.58 3614.12 4534.28
46.1127 913.139 1826.82 2727.56 3618.08 4539.28
46.1632 914.139 1828.82 2730.55 3622.04 4544.28
46.2136 915.136 1830.82 2733.55 3625.99 4549.28
46.2136 916.143 1832.82 2736.55 3629.98 4554.29
46.2136 917.145 1834.83 2739.54 3633.98 4559.29
46.2136 918.145 1836.83 2742.54 3637.98 4564.28
46.2136 919.145 1838.85 2745.54 3641.97 4569.28
46.2634 920.136 1840.85  2748.5 3645.97 4574.28
46.3136 921.136 1842.84  2751.5 3649.92 4579.28
46.3136 922.136 1844.84 2754.51 3653.91 4584.29
46.3136 923.142 1846.84 2757.51  3657.9 4589.29
46.3136 924.142 1848.86 2760.51 3661.89 4594.29
46.3635 925.142 1850.85 2763.51 3665.89 4599.25
46.4135  926.14 1852.85 2766.51 3669.84 4604.25
46.4635  927.14 1854.85 2769.51 3673.79 4609.25
46.4635 928.142 1856.85 2772.51 3677.79 4614.25
46.5134 929.138 1858.85 2775.51 3681.79  4619.2
46.5134 930.138 1860.86 2778.51 3685.79 4624.19
46.5632 931.135 1862.86 2781.51 3689.79 4629.14
46.6128 932.125 1864.86 2784.47 3693.79 4634.14
46.6619 933.109 1866.83 2787.47 3697.79 4639.14
46.7116 934.109 1868.81 2790.43 3701.79 4644.14
46.7615 935.109 1870.81 2793.41 3705.79 4649.11
46.8114 936.105 1872.81 2796.41 3709.79 4654.06
46.8114 937.112 1874.81 2799.41 3713.78 4659.07
46.8114 938.115 1876.82 2802.41 3717.78 4664.06
46.8114 939.121 1878.82 2805.42 3721.77 4669.06
46.8611 940.119 1880.82 2808.42 3725.72 4674.06
46.8611 941.119 1882.83 2811.42 3729.72 4679.05
46.8611 942.119 1884.84 2814.42 3733.71 4684.05
46.9108 943.119 1886.84 2817.41 3737.67 4689.05
46.9604 944.116 1888.84 2820.41 3741.62 4694.05
47.0101 945.116 1890.84 2823.39 3745.62 4699.02
47.0595 946.116 1892.83 2826.36 3749.62 4704.02
47.0595 947.123 1894.83 2829.36 3753.61 4709.02
47.1088 948.123 1896.81 2832.32 3757.61 4714.02
47.1088 949.123 1898.82 2835.32  3761.6 4719.02
47.1584 950.123 1900.82 2838.31  3765.6 4723.99
47.1584 951.129 1902.82 2841.31 3769.59 4728.99
47.2079 952.129 1904.82  2844.3 3773.59 4733.96
47.2567 953.113 1906.79  2847.3 3777.59 4738.96
47.3061 954.113 1908.79  2850.3 3781.59 4743.91
47.3552 955.104 1910.79 2853.26 3785.59 4748.91
47.3552 956.107 1912.79 2856.26 3789.59  4753.9
47.4043 957.098 1914.79 2859.22 3793.59  4758.9
47.4537 958.095 1916.79 2862.22 3797.54  4763.9
47.4537 959.102 1918.79 2865.22 3801.53 4768.91
47.5031 960.102 1920.79 2868.22 3805.48 4773.91
47.5526 961.102 1922.79 2871.22 3809.45 4778.89
47.5526 962.105  1924.8 2874.22 3813.45 4783.88
47.6019 963.105 1926.79 2877.22 3817.45 4788.83
47.6019 964.105  1928.8 2880.22 3821.44 4793.83
47.6511 965.101  1930.8 2883.22 3825.44 4798.79
47.6511 966.107 1932.81 2886.22 3829.43 4803.79
47.6511 967.107 1934.82 2889.21 3833.43 4808.78
47.7003 968.107 1936.82  2892.2 3837.39 4813.78
47.7003 969.107 1938.83 2895.21 3841.37 4818.78
47.7003 970.112 1940.85 2898.21 3845.36 4823.78
47.7003 971.112 1942.85 2901.21 3849.35 4828.78
47.7491 972.112 1944.83 2904.18 3853.35 4833.78
47.7981 973.109 1946.83 2907.18  3857.3 4838.78
 47.847 974.105 1948.83 2910.18  3861.3 4843.74
 47.847 975.112 1950.83 2913.18 3865.29 4848.74
 47.847 976.112 1952.84 2916.18 3869.29 4853.73
 47.896 977.112 1954.84 2919.17 3873.29  4858.7
 47.896 978.112 1956.85 2922.17 3877.29 4863.69
47.9449 979.112 1958.84 2925.17 3881.24 4868.69
47.9449 980.113 1960.85 2928.16 3885.24 4873.69
47.9449 981.117 1962.86 2931.16 3889.24 4878.68
47.9929 982.101 1964.82 2934.16 3893.24 4883.68
47.9929 983.107 1966.82 2937.17 3897.23 4888.68
47.9929  984.11 1968.83 2940.17 3901.23 4893.67
47.9929  985.11 1970.84 2943.17 3905.22 4898.67
48.0413  986.11 1972.83 2946.13 3909.22 4903.67
48.0892 987.094  1974.8 2949.13 3913.22 4908.67
48.1379 988.094  1976.8 2952.11 3917.22 4913.64
48.1379 989.097 1978.81 2955.11 3921.22 4918.63
48.1379 990.097 1980.82 2958.11 3925.21 4923.63
48.1379 991.097 1982.83 2961.11 3929.21 4928.62
48.1379 992.099 1984.83 2964.11 3933.21 4933.62
48.1856 993.083  1986.8 2967.11 3937.21 4938.62
48.2338 994.083 1988.78 2970.07 3941.21 4943.62
48.2824 995.083 1990.78 2973.07 3945.18  4948.6
48.2824 996.083 1992.78 2976.08 3949.17  4953.6
48.2824 997.089 1994.78 2979.09 3953.15  4958.6
48.3308 998.089 1996.78 2982.07 3957.12  4963.6
48.3308 999.095 1998.78 2985.07 3961.11 4968.61
48.3784 1000.08 2000.75 2988.07 3965.11 4973.61
48.3784 1001.08 2002.76 2991.07 3969.09 4978.61
48.4268 1002.08 2004.76 2994.07 3973.06 4983.59