2.66667       2 2.66667 2.66667       5       6
4.12121 3.09091 4.66667 4.12121       9      11
5.16203 3.87152 5.84524 7.12121      13      16
5.16203 4.87152 7.84524 9.48698 17.3188 21.3154
6.18333 5.87152 9.39742  12.487 20.7453 26.3154
6.18333 6.87152 11.3471 15.0777 24.7453 31.7751
6.18333 8.10977 13.3918 17.7947 28.7453 36.7751
6.85337 8.98856  14.843 20.7947 32.7453 41.7751
6.85337 10.1007 16.6795 23.7947 36.7967 46.7751
6.85337 11.1007 18.5912 26.5219 40.7967 52.1362
7.49454 12.1007 20.5912 29.0031 44.7967 57.0138
7.49454 13.2276 22.5912 31.7042 48.9687 62.0138
7.49454 14.3197 24.4563 34.7042 53.0115 67.0138
7.99534 15.2766 26.4563 37.7042 56.5539 72.0138
8.49879 16.2385 28.4563 40.7042 60.5539 76.5484
8.49879 17.3794 30.4556  43.564 64.5539 81.5484
8.49879 18.3794 32.4336 46.3934 68.7465 86.5484
8.49879 19.3794 34.4116 49.2228 72.9391 91.5484
8.49879 20.4685 36.4116 51.9889 76.9391 96.6931
8.91728 21.4685 38.2046 54.9889 80.7276 101.693
9.35393 22.4685 40.0753 57.6815 84.7276 106.693
9.35393 23.5364 41.9801 60.6815 88.7549 111.693
9.35393 24.5364 43.9539 63.5347 92.9279 116.693
9.71442  25.482 45.6479 66.5347 96.9279 121.693
9.71442 26.5609 47.6479 69.3518 101.032 126.693
10.0682 27.5281 49.6479 72.3518 104.711 131.693
10.4356 28.5281 51.4595 75.3518 108.532 136.693
10.4356 29.5281 53.4595 78.1724 112.595  141.81
10.4356 30.6005 55.4595 81.0112 116.683  146.81
10.4356 31.6005 57.4595  83.833 120.748 151.924
10.7747 32.6005 59.4595 86.5572 124.748  156.86
10.7747 33.6005 61.4359 89.4343 128.894  161.86
10.7747 34.6364 63.4359 92.4343 132.868 166.851
10.7747 35.6969 65.4359 95.2647 136.868  171.96
11.0847 36.6969 67.4359 98.0061 140.868 176.908
11.3889 37.7038 69.4359 100.695 144.868 181.908
11.3889 38.7038 71.4083 103.555 148.868 187.075
 11.691 39.7038 73.4083 106.303 152.818 192.075
11.9859 40.7038 75.2596 109.303 156.672 197.075
12.2877 41.7038 77.2596 112.056 160.618 202.075
12.2877 42.7651 79.2596 114.907 164.705 207.075
12.5758 43.7651 81.1175 117.907 168.705 211.929
12.5758 44.7651 83.0499 120.907 172.724 216.978
12.5758 45.8233 85.0499 123.766 176.807 221.978
12.8509 46.8233 87.0499 126.766 180.675 226.835
13.1182 47.7974 89.0499 129.766 184.434 231.835
13.3983 48.7974 91.0499 132.536 188.434 236.784
 13.681 49.7974 92.9709 135.332 192.434 241.784
13.9562 50.7993 94.9709 138.055 196.434 246.784
14.2315 51.8012 96.9709 140.778 200.434 251.784
14.5068 52.8031 98.9709 143.501 204.434 256.784
14.5068  53.852 100.971 146.351 208.434 261.885
14.5068 54.9248 102.982 149.267 212.434 266.885
14.7656 55.9047 104.982 152.267 216.434 271.646
15.0227 56.8783 106.982 155.267 220.203 276.646
15.0227 57.9055 108.982 158.267  224.18 281.642
15.0227 58.9055 110.968  161.15  228.18 286.773
15.2823 59.9055 112.968 163.935  232.18 291.729
15.2823  60.937 114.913 166.935  236.18 296.752
15.5269 61.9123 116.913 169.935  239.96 301.752
15.7777 62.9123 118.913 172.935 243.836 306.626
15.7777 63.9123 120.913 175.804 247.881 311.712
16.0301 64.9123 122.848 178.617 251.881 316.712
16.2661 65.8679 124.656 181.617 255.881 321.712
16.2661 66.9007 126.611 184.617 259.893 326.712
16.5145 67.9007 128.544 187.435 263.893 331.712
16.5145 68.9007 130.529 190.329 267.893 336.834
16.7592 69.9007 132.463  193.15 271.893 341.834
16.9984 70.9007 134.463  196.15 275.774 346.713
17.2378 71.8992 136.463 198.912 279.774 351.713
17.2378 72.8992 138.463 201.787 283.817 356.796
17.2378 73.8992 140.418 204.787 287.825 361.834
17.2378 74.8992 142.373 207.787 291.832 366.871
17.4583 75.8573 144.194 210.787 295.832 371.871
17.4583 76.8573 146.189 213.702 299.923 376.871
17.4583 77.8822 148.138 216.702 303.923 381.897
17.4583 78.9377 150.146 219.638 307.923 386.897
17.4583 79.9742 152.146 222.522 311.923 391.977
17.6682 80.9355 153.974 225.522 315.923 396.977
17.6682 81.9602 155.924 228.522 319.923 402.003
17.8879 82.9602 157.863 231.364 323.923 407.003
18.1032  83.959 159.863  234.15 327.923 412.003
18.1032 84.9781 161.863  237.15 331.903 417.003
18.3191 85.9781 163.863 239.977  335.86 422.003
18.3191 87.0057 165.821 242.977 339.874 427.003
18.3191 88.0401 167.821 245.866 343.874  432.08
18.3191 89.0401 169.777 248.866 347.882 437.116
18.5248 90.0399 171.777  251.66 351.882 442.116
18.5248 91.0399 173.777 254.548  355.92  447.19
18.5248 92.0399 175.771 257.469 360.005  452.19
18.7223 93.0212 177.771 260.469 364.005 457.011
18.7223 94.0212 179.757 263.379 368.005 462.116
18.7223 95.0538 181.757 266.271 372.005 467.191
18.7223 96.0712 183.757 269.271 375.987 472.192
18.7223 97.1036 185.757 272.165 379.987 477.266
18.9146 98.1036 187.757 275.165 383.891 482.169
18.9146 99.1036 189.757 278.058 387.927 487.239
19.1089 100.104 191.706 280.915 391.927 492.239
19.1089 101.121 193.706 283.915 395.909  497.24
19.2973 102.121 195.616 286.915 399.811  502.24
19.2973 103.145 197.579 289.915 403.824  507.24
 19.484 104.145 199.579 292.915  407.73 512.147
19.6734 105.145 201.579 295.762 411.693 517.147
19.6734 106.181 203.579 298.674 415.747 522.147
19.6734 107.181 205.575 301.602 419.822 527.147
19.8589 108.181 207.575 304.446 423.822 532.118
20.0425 109.181 209.575 307.261 427.822 537.118
 20.228 110.181 211.575 310.105 431.822 542.089
20.4079 111.161 213.575 313.105 435.663 547.089
20.5915 112.161 215.575 315.921 439.663 552.089
20.5915 113.161 217.572 318.849 443.737 557.089
20.7698 114.141 219.572 321.849 447.579 562.089
20.9538 115.141 221.572   324.7 451.544 567.089
20.9538 116.174 223.572 327.614 455.597 572.089
 21.128  117.14 225.432 330.614 459.597 577.089
21.3103  118.14 227.432 333.467 463.562 582.089
21.3103 119.159 229.393 336.467 467.562 587.109
21.4884 120.159  231.31 339.467 471.562 592.014
21.6688 121.159  233.31 342.317 475.562 596.984
21.6688 122.191  235.31 345.233 479.613 601.984
21.6688 123.213 237.277 348.233 483.624 606.984
21.6688 124.213 239.243 351.233  487.63 612.012
21.8425 125.213 241.161 354.233 491.539 617.012
 22.014 126.196 243.161 357.233 495.539 621.857
 22.014 127.196 245.127 360.233 499.545 626.885
22.1887 128.196 247.127 363.093 503.511 631.885
 22.361 129.196 249.045 366.093  507.42 636.885
22.5312  130.18 251.045 369.093  511.42 641.732
22.7058  131.18 253.045 371.954 515.384 646.732
22.7058   132.2 255.014 374.954 519.394 651.732
22.8768   133.2 256.935 377.954 523.394  656.64
 23.043 134.168 258.801 380.954 527.394  661.64
 23.216 135.168 260.801 383.814 531.394 666.607
 23.216 136.168  262.79 386.741 535.394 671.691
 23.216 137.197  264.79 389.664 539.442 676.691
23.3798 138.165 266.658 392.664 543.442 681.691
23.3798 139.191 268.658 395.579 547.442 686.751
 23.545 140.174 270.658 398.579 551.442 691.602
 23.545 141.187 272.658 401.579 555.428 696.602
 23.709 142.171 274.658 404.579 559.428 701.455
23.8752 143.168 276.658 407.416 563.428 706.455
24.0386 144.148 278.658 410.416 567.285 711.455
24.2047 145.148 280.658 413.416 571.204  716.37
24.2047 146.172 282.658 416.334 575.204 721.427
24.2047   147.2 284.658 419.262 579.249 726.427
24.2047 148.219 286.629 422.262 583.259 731.427
24.2047 149.219 288.625 425.203 587.321 736.427
24.3619 150.188 290.499 428.203 591.321 741.427
24.3619 151.188 292.495 431.144 595.384 746.427
24.3619 152.188 294.495 434.063 599.413 751.479
24.3619 153.212 296.495 436.983 603.413 756.535
24.5178 154.193 298.495 439.983 607.277 761.535
24.6761 155.193 300.422 442.983 611.277  766.45
24.8325 156.177 302.422 445.983 615.277 771.309
24.9931 157.177 304.377 448.867 619.277 776.309
25.1496 158.161 306.377 451.867 623.277 781.169
25.1496 159.178 308.349 454.867 627.287 786.169
25.3027 160.148 310.226 457.867 631.287 791.169
25.4576 161.128 312.226 460.867 635.152 796.169
25.4576 162.128 314.196 463.867 639.159 801.192
25.6139 163.124 316.196 466.715 643.159 806.192
25.7718 164.124 318.196 469.592 647.124 811.192
25.9296 165.124 320.196 472.467 651.124 816.159
25.9296 166.124 322.167 475.467 655.131 821.181
26.0827 167.104 324.167 478.467 658.998 826.181
  26.24 168.104 326.123 481.354 662.998 831.181
  26.24 169.126 328.123  484.28 666.998 836.234
26.3945 170.121 330.123  487.13 670.998 841.234
26.5487 171.121 332.052  490.13 674.998  846.15
26.7051 172.121 334.008 493.018 678.998  851.15
26.8577 173.105 336.008 496.018 682.998 856.014
27.0141 174.105 337.964 498.905 686.998 861.014
  27.17 175.105 339.964 501.785 690.962 866.014
27.3263 176.105  341.92 504.672 694.962 871.014
27.4821 177.105  343.92  507.55 698.962 875.981
27.6324 178.074 345.801  510.55 702.962 880.981
27.6324 179.095 347.801 513.477 706.962 886.032
27.7819 180.063 349.683 516.477 710.962 891.032
27.9373 181.063 351.639 519.366 714.962 896.032
 28.089 182.047 353.639 522.366 718.962 900.897
 28.089  183.07 355.639 525.302 723.003 905.897
 28.243  184.07 357.639 528.182 727.003 910.863
28.3917 185.039 359.521 531.182 731.003 915.863
 28.542 186.018 361.521 534.182 734.873 920.863
28.6945 187.018 363.521 537.182   738.8 925.784
28.8467 188.018  365.45 540.182 742.719 930.784
29.0006 189.018  367.45 543.063 746.719 935.749
 29.153 190.018 369.381 546.063 750.719 940.666
 29.153 191.034 371.354 549.063 754.731 945.666
 29.153 192.034 373.326 552.063 758.738 950.687
 29.153 193.047 375.296 555.063 762.738 955.704
 29.153 194.047 377.291 558.013 766.792 960.704
 29.153 195.069 379.291 560.953 770.831 965.704
 29.153 196.069 381.291 563.883 774.857 970.747
 29.153 197.084 383.265 566.883 778.868 975.747
29.2965 198.054 385.151 569.883 782.868 980.747
29.4399 199.024 387.038 572.883 786.868 985.747
29.5849 200.004 389.038 575.883 790.743 990.747
29.7318 200.997 391.038 578.742 794.743 995.747
29.8801 201.997 393.038 581.628 798.743 1000.71
29.8801 203.019 395.038 584.569 802.782 1005.71
29.8801 204.019 397.038   587.5 806.807 1010.76
30.0274 205.019 398.995 590.396 810.807 1015.76
30.1714 206.002 400.995 593.396 814.807 1020.63
30.1714 207.023 402.995 596.337 818.845 1025.63
30.1714 208.023 404.967 599.337 822.853 1030.65
30.1714 209.037 406.941 602.337 826.865 1035.65
30.3161 210.037 408.941 605.226 830.831 1040.65
30.3161 211.037 410.936 608.178 834.884 1045.65
30.3161 212.037 412.926 611.124 838.884 1050.71
30.3161 213.037 414.899 614.124 842.891 1055.73
30.3161 214.058 416.899 617.066 846.929 1060.73
30.3161 215.072 418.874 620.066  850.94 1065.73
30.4544 216.052 420.874 623.066 854.821 1070.73
30.4544 217.061 422.874 626.066 858.813 1075.73
30.4544 218.073 424.845 629.066 862.813 1080.75
30.4544 219.082 426.845 632.066 866.804 1085.75
30.5926 220.082 428.782 635.066 870.804 1090.67
30.5926   221.1 430.782 638.003 874.804 1095.72
30.5926 222.112 432.754 641.003 878.804 1100.73
30.7307 223.112 434.754 643.897 882.804  1105.7
30.8688 224.112 436.754 646.791 886.772  1110.7
31.0057 225.112 438.691 649.791 890.772 1115.63
31.1426 226.112 440.691 652.791 894.707 1120.56
31.1426 227.112 442.686 655.746 898.757 1125.56
31.1426 228.112 444.681 658.701 902.807 1130.56
31.2782 229.112 446.616 661.701 906.736 1135.56
31.2782 230.132 448.616 664.646 910.772 1140.56
31.4103 231.104 450.511 667.646 914.772 1145.56
31.4103 232.104 452.506 670.601 918.822 1150.56
31.4103 233.104  454.48 673.601 922.829 1155.58
31.4103 234.104  456.48 676.538 926.853 1160.61
31.4103 235.104 458.474 679.494 930.903 1165.61
31.5415 236.086 460.474 682.494  934.79 1170.61
31.5415 237.105 462.474  685.44 938.825 1175.61
31.6748 238.105 464.474 688.338 942.825 1180.58
31.6748 239.117 466.447 691.338 946.825  1185.6
31.6748 240.125 468.447 694.338 950.817  1190.6
31.8032 241.098 470.346 697.338 954.817  1195.6
31.9331 242.083 472.346 700.338 958.817 1200.48
31.9331   243.1 474.346 703.279 962.817 1205.52
32.0637 244.094 476.346 706.155 966.817 1210.52
32.1915 245.067 478.245 709.155 970.817 1215.52
32.1915 246.075 480.245 712.155  974.81 1220.52
32.3226 247.075 482.245 715.054 978.779 1225.52
32.4537 248.075 484.245 717.954 982.749 1230.52
32.5837 249.069 486.245  720.83 986.749 1235.52
32.5837 250.077 488.245  723.83 990.741 1240.52
32.5837 251.077 490.245 726.769 994.765 1245.56
32.5837 252.087 492.219 729.769 998.765 1250.58
32.5837   253.1 494.195 732.769 1002.78 1255.58
32.5837   254.1  496.17 735.769 1006.78 1260.59
32.7112   255.1  498.17 738.769 1010.72 1265.53
32.8371 256.082  500.17 741.769 1014.61 1270.53
32.8371 257.082  502.17  744.71 1018.64 1275.56
32.8371 258.108 504.174 747.681 1022.64 1280.56
32.9635 259.108 506.113 750.681 1026.57 1285.56
32.9635 260.115 508.113 753.681 1030.56 1290.56
32.9635 261.131 510.113 756.625 1034.56  1295.6
32.9635 262.144 512.091 759.625 1038.57  1300.6
33.0898 263.144 514.053 762.536 1042.57  1305.6
33.0898 264.159 516.053  765.48 1046.57 1310.64
33.0898 265.175 518.053 768.424 1050.57 1315.68
33.0898 266.175 520.029 771.424 1054.58  1320.7
33.0898 267.175  522.02 774.377 1058.58 1325.76
33.2105  268.15 523.924 777.377 1062.58 1330.76
 33.335  269.15 525.887 780.289 1066.58 1335.76
 33.459  270.15 527.887 783.194 1070.58 1340.73
 33.582  271.15 529.828 786.194 1074.52 1345.73
 33.582 272.175 531.831 789.166 1078.52 1350.73
 33.582 273.175 533.831 792.108 1082.54 1355.77
33.7029 274.158 535.831 795.108 1086.43 1360.77
33.7029 275.158 537.807 798.108 1090.44 1365.78
33.7029 276.176 539.807 801.059 1094.47 1370.78
33.7029 277.176 541.807 804.002 1098.49 1375.82
33.8228 278.162 543.807 807.002 1102.49 1380.71
33.8228 279.162 545.798 809.956 1106.49 1385.77
33.9409 280.137 547.704 812.956 1110.49 1390.77
34.0613 281.137 549.646 815.956 1114.43 1395.77
34.0613 282.147 551.621 818.956 1118.43 1400.78
34.0613 283.147 553.612 821.911 1122.43 1405.84
34.0613 284.147 555.588 824.911 1126.44 1410.86
34.0613 285.162 557.588 827.858 1130.44  1415.9
34.0613 286.169 559.588 830.858 1134.43  1420.9
34.0613 287.184 561.588 833.804 1138.43 1425.93
34.0613 288.208  563.59 836.777 1142.43 1430.93
34.1797 289.208  565.59 839.686 1146.43 1435.91
34.2962 290.194  567.59 842.686 1150.43  1440.8
34.4138 291.194  569.59 845.686 1154.37 1445.74
34.5301 292.178  571.59 848.686 1158.27 1450.74
34.6466 293.164  573.59 851.686 1162.27 1455.64
34.6466 294.164  575.59 854.631 1166.29 1460.68
34.6466 295.179  577.59 857.579 1170.29 1465.71
34.7642 296.179  579.59 860.488 1174.29 1470.69
  34.88 297.165  581.59 863.488 1178.29 1475.58
  34.88 298.188 583.593 866.462 1182.29 1480.58
34.9962 299.188 585.538 869.462 1186.23 1485.58
35.1113 300.172 587.538 872.462 1190.13 1490.58
35.2275 301.172 589.482 875.462 1194.07 1495.58
35.2275 302.196 591.485 878.436 1198.07 1500.58
35.3443 303.196 593.485 881.348 1202.04 1505.58
35.3443 304.196 595.485 884.295 1206.06 1510.62
35.4598  305.19 597.485 887.185 1210.06 1515.62
35.5754  306.19 599.485 890.185 1214.01 1520.56
35.6909 307.184 601.485 893.076 1218.01 1525.56
35.6909 308.184 603.477 896.033 1222.01 1530.61
35.8071 309.184 605.442 898.951 1226.01 1535.61
35.9222 310.184 607.389 901.951 1230.01 1540.55
35.9222 311.184 609.385 904.914 1234.05 1545.55
35.9222 312.184 611.363 907.914 1238.05 1550.56
36.0366 313.178 613.363 910.806 1242.05 1555.56
 36.149 314.154 615.274 913.806 1246.05 1560.56
36.2644 315.154  617.24 916.725 1250.05 1565.56
36.3796 316.154  619.24 919.637 1254.05 1570.54
36.3796  317.17  621.24 922.592 1258.08 1575.54
36.4925 318.154  623.24 925.592 1261.99 1580.54
36.4925 319.165  625.22 928.592 1265.99 1585.54
36.6041 320.141 627.132 931.592 1269.99 1590.54
36.7178 321.141 629.132 934.592 1273.94 1595.48
36.8315 322.141 631.079 937.592 1277.94 1600.42
36.9451 323.135 633.079 940.484 1281.94 1605.42
36.9451 324.157 635.082 943.459 1285.94 1610.42
36.9451 325.163 637.082 946.459 1289.93 1615.42
37.0588 326.163 639.082 949.373 1293.93 1620.39
37.0588 327.163 641.082 952.321 1297.95 1625.42
37.1714 328.158 643.082 955.215 1301.95 1630.42
37.2848 329.158 645.082 958.129 1305.92 1635.42
37.3966 330.144 647.082 961.129 1309.92 1640.32
37.5092 331.144 649.082 964.129 1313.87 1645.27
37.5092 332.144 651.061 967.129 1317.88 1650.28
37.6204 333.128 653.061 970.129 1321.78 1655.28
37.7315 334.112 655.061 973.129 1325.68 1660.28
37.8445 335.112 657.061 976.044 1329.68 1665.25
37.8445 336.126 659.061 978.995 1333.68 1670.29
37.8445 337.147 661.064  981.97 1337.68 1675.29
37.8445 338.156 663.042  984.97 1341.68  1680.3
37.9547  339.14 665.042  987.97 1345.59  1685.3
37.9547 340.147 667.042  990.97 1349.58  1690.3
37.9547  341.16 669.042 993.922 1353.58 1695.34
 38.066  342.16 671.042 996.838 1357.58 1700.31
 38.066 343.175 673.042 999.795 1361.61 1705.31
38.1743 344.152 674.957  1002.8 1365.61 1710.31
38.1743 345.165 676.957 1005.75 1369.61 1715.35
38.1743 346.173 678.935 1008.75 1373.61 1720.36
38.1743 347.173 680.931 1011.71 1377.65 1725.36
38.1743 348.173 682.911 1014.71 1381.65 1730.37
38.2834 349.173 684.911 1017.71  1385.6 1735.32
38.2834 350.183 686.892 1020.71 1389.61 1740.32
38.3921 351.183 688.892 1023.71 1393.56 1745.26
38.3921 352.183 690.892 1026.66 1397.57 1750.29
38.3921 353.183 692.872 1029.66 1401.58 1755.31
38.3921 354.196 694.872 1032.62 1405.58 1760.34
   38.5 355.196 696.872 1035.62 1409.53 1765.29
38.6085 356.196 698.872 1038.54  1413.5 1770.29
38.6085 357.196 700.864  1041.5  1417.5 1775.33
 38.716 358.196 702.864  1044.5 1421.45 1780.28
38.8242 359.196 704.864 1047.41 1425.45 1785.25
38.8242 360.196 706.864 1050.37 1429.47 1790.28
38.9295 361.174 708.782 1053.37 1433.47 1795.28
38.9295 362.194 710.785 1056.34 1437.47 1800.28
38.9295 363.207 712.785  1059.3 1441.47 1805.32
39.0361 364.207 714.785  1062.3 1445.41 1810.26
39.0361 365.215 716.764  1065.3 1449.41 1815.27
39.1417 366.203 718.764  1068.3 1453.41 1820.18
39.2461  367.18 720.682  1071.3 1457.41 1825.18
39.2461  368.18 722.675 1074.26 1461.41 1830.23
39.2461  369.18 724.671 1077.23 1465.45 1835.23
39.2461 370.194 726.671 1080.19 1469.48 1840.23
39.2461 371.194 728.663 1083.15 1473.48 1845.27
39.3505 372.181 730.663 1086.15 1477.48 1850.18
39.3505 373.202 732.666 1089.12 1481.48 1855.18
39.3505 374.211 734.648 1092.12 1485.48 1860.18
39.3505 375.231 736.651  1095.1 1489.48 1865.18
39.3505 376.244 738.651 1098.06 1493.48 1870.21
39.4545 377.244 740.602 1101.06 1497.43 1875.21
39.4545 378.244 742.602 1104.01 1501.45 1880.24
39.5565 379.222 744.522 1107.01 1505.45 1885.24
39.5565 380.222 746.522 1109.96 1509.46 1890.27
39.5565 381.242 748.525 1112.94 1513.46 1895.27
39.6605 382.242 750.493 1115.87 1517.46 1900.27
39.7637 383.242 752.446 1118.87 1521.46 1905.22
39.7637 384.254 754.446 1121.82 1525.46 1910.25
39.8666 385.254 756.399 1124.82 1529.46  1915.2
39.8666 386.254 758.395 1127.79  1533.5  1920.2
39.9683  387.24 760.395 1130.79 1537.41  1925.2
39.9683 388.254 762.395 1133.75 1541.44  1930.2
40.0698 389.239 764.395 1136.75 1545.35  1935.2
40.0698 390.247 766.374 1139.75 1549.35 1940.21
40.1719 391.247 768.328 1142.75 1553.35 1945.15
 40.274 392.247 770.279 1145.75  1557.3 1950.15
 40.274 393.247 772.272 1148.72  1561.3  1955.2
 40.274 394.257 774.254 1151.72  1565.3  1960.2
 40.274  395.27 776.254 1154.68 1569.33  1965.2
 40.274 396.284 778.254 1157.64 1573.35  1970.2
40.3734 397.263 780.176 1160.64 1577.35  1975.2
40.3734 398.275 782.176 1163.59 1581.35 1980.23
40.4749 399.275 784.176 1166.52 1585.33 1985.23
40.4749 400.275 786.176 1169.47 1589.34 1990.26
40.5755 401.275 788.176 1172.47 1593.29  1995.2
40.6752 402.261 790.176 1175.47 1597.21  2000.2
40.7742 403.239 792.099 1178.47 1601.21  2005.2
40.7742 404.245 794.099 1181.47  1605.2 2010.21
40.7742 405.245 796.091 1184.44  1609.2 2015.25
 40.875 406.245  798.06 1187.37  1613.2 2020.25
40.9742 407.231  800.06 1190.37 1617.12 2025.25
41.0749 408.231  802.06 1193.29 1621.09 2030.25
41.0749  409.25 804.062 1196.27 1625.09 2035.25
41.1747  410.25 806.016 1199.27 1629.09  2040.2
41.2752  411.25 808.016  1202.2 1633.07  2045.2
41.3751  412.25 810.016  1205.2 1637.02 2050.14
41.4756  413.25 811.986 1208.13 1641.02 2055.14
41.5739 414.229 813.909 1211.13 1645.02 2060.14
 41.673 415.216 815.909 1214.13 1649.02 2065.06
41.7722 416.204 817.909 1217.13 1653.02 2069.97
41.7722 417.204  819.89 1220.13 1657.02 2074.98
41.7722 418.212  821.87 1223.13 1661.02    2080
41.7722 419.218  823.87 1226.13 1665.01    2085
41.7722 420.218 825.863 1229.09 1669.01 2090.04
41.7722 421.231 827.863 1232.06 1673.04 2095.04
41.8714 422.231 829.863 1234.98 1677.04 2100.01
41.9691 423.217 831.863 1237.98 1680.95 2105.01
41.9691 424.228 833.863 1240.94 1684.95 2110.04
42.0683 425.228 835.833 1243.87 1688.95 2115.04
42.1673 426.228 837.833  1246.8 1692.93 2120.04
42.1673 427.241 839.833 1249.76 1696.95 2125.04
42.1673 428.252 841.833 1252.72 1700.95 2130.08
42.2652 429.252 843.833 1255.72 1704.91 2135.02
42.3637 430.252 845.833 1258.65 1708.91    2140
42.3637 431.252 847.825 1261.61 1712.91 2145.04
42.4614 432.252 849.781 1264.61 1716.91 2149.99
42.5597 433.252 851.781 1267.54 1720.91 2154.96
42.5597 434.261 853.764 1270.54 1724.91 2159.96
42.5597 435.273 855.764  1273.5 1728.91 2164.99
42.5597 436.278 857.764  1276.5 1732.91 2169.99
42.6573 437.278 859.764 1279.42 1736.91 2174.97
42.7549 438.278 861.764 1282.35 1740.91 2179.95
42.8526 439.278 863.735 1285.28 1744.91 2184.95
42.8526 440.278 865.727 1288.25 1748.91 2189.99
  42.95 441.278 867.727 1291.18 1752.88 2194.99
43.0474 442.278 869.727  1294.1 1756.86 2199.99
43.0474 443.289 871.727 1297.06 1760.86 2205.02
43.1445 444.289 873.727 1299.99 1764.86 2209.99
43.2411 445.289 875.683 1302.99 1768.86 2214.94
43.2411 446.289 877.666 1305.99 1772.86 2219.95
43.2411 447.289 879.659 1308.96 1776.86    2225
43.3378 448.289 881.659 1311.88 1780.86 2229.97
43.4325 449.269 883.585 1314.88 1784.86 2234.97
43.4325 450.281 885.585 1317.85 1788.88 2239.97
43.4325 451.289 887.566 1320.85 1792.88 2244.98
43.4325 452.297  889.55 1323.85 1796.89 2249.98
43.4325 453.308  891.55 1326.81 1800.89 2255.01
43.5285 454.308 893.521 1329.74 1804.89 2260.01
43.6238 455.308 895.477 1332.74 1808.89 2264.96
43.6238 456.308 897.459 1335.74 1812.89 2269.97
43.7175 457.288 899.386 1338.74 1816.89 2274.97
43.8118 458.274 901.386 1341.74 1820.81 2279.97
43.8118 459.292 903.388 1344.72 1824.81 2284.97
43.9066 460.292 905.343 1347.72 1828.76 2289.97
44.0007 461.279 907.343 1350.72 1832.68 2294.97
44.0955 462.279 909.299 1353.72 1836.63 2299.97
44.1904 463.273 911.299 1356.63 1840.63 2304.97
44.2846 464.261 913.299 1359.63 1844.63 2309.89
44.3802 465.261  915.27 1362.56 1848.63 2314.89
44.4745  466.25  917.27 1365.56 1852.63 2319.81
44.5699  467.25  919.27 1368.49 1856.63 2324.79
44.5699  468.25 921.252 1371.49 1860.64  2329.8
44.5699 469.258 923.236 1374.49 1864.64  2334.8
44.5699 470.258 925.219 1377.49 1868.65 2339.81
44.6641 471.258 927.176 1380.49 1872.65 2344.76
44.7578 472.246 929.176 1383.49 1876.65 2349.68
44.8515 473.235 931.176 1386.49 1880.65  2354.6
44.8515 474.246 933.176 1389.45 1884.65 2359.63
44.8515 475.263 935.178 1392.43 1888.65 2364.63
44.9446 476.249 937.178 1395.43 1892.57 2369.63
44.9446 477.249  939.16 1398.43 1896.57 2374.64
45.0383 478.249 941.118 1401.43 1900.57 2379.59
 45.132 479.249 943.118 1404.43 1904.53 2384.54
 45.132 480.257 945.099 1407.43 1908.53 2389.55
 45.132 481.265 947.084 1410.43 1912.53 2394.55
 45.132 482.265 949.077  1413.4 1916.53 2399.59
 45.132 483.282 951.079 1416.38 1920.53 2404.59
45.2254 484.282 953.079 1419.32 1924.51 2409.59
45.3175 485.269 955.079 1422.32 1928.43 2414.59
45.4105 486.269 957.079 1425.32 1932.39 2419.54
45.4105 487.269 959.062 1428.32 1936.39 2424.55
45.5018 488.249  960.99 1431.32 1940.39 2429.55
45.5938 489.235  962.99 1434.32 1944.31 2434.55
45.5938 490.246  964.99 1437.28 1948.31 2439.58
45.5938 491.246 966.983 1440.25 1952.31 2444.62
45.5938 492.246 968.966 1443.25 1956.31 2449.63
45.5938 493.254 970.951 1446.25 1960.32 2454.63
45.6851 494.243 972.951 1449.25 1964.32 2459.55
45.6851  495.25 974.933 1452.25 1968.32 2464.56
45.7769  496.25 976.933 1455.25 1972.28 2469.52
45.8692  497.25 978.933 1458.18 1976.25 2474.52
45.8692  498.26 980.933 1461.14 1980.25 2479.54
45.9607 499.254 982.933 1464.06 1984.25 2484.54
46.0509 500.234 984.863 1467.06 1988.25 2489.54
46.1424 501.228 986.863 1469.97 1992.25 2494.54
46.1424 502.228 988.859 1472.94 1996.28 2499.54
46.1424 503.244 990.861 1475.93 2000.28 2504.54
46.2336 504.238 992.861 1478.84 2004.28 2509.54
46.2336 505.246 994.846 1481.84 2008.29 2514.54
46.3245 506.246 996.803 1484.84 2012.24 2519.54
46.3245 507.251 998.803 1487.84 2016.23 2524.55
46.3245 508.251  1000.8 1490.81 2020.26 2529.55
46.3245 509.263  1002.8 1493.78 2024.29 2534.55
46.3245 510.263  1004.8 1496.76 2028.32 2539.55
46.3245 511.273  1006.8 1499.72 2032.32 2544.57
46.3245 512.273 1008.79 1502.69 2036.32 2549.61
46.4145 513.273 1010.75 1505.69 2040.32 2554.56
46.5045 514.273 1012.75 1508.69 2044.27 2559.52
46.5045 515.273 1014.75 1511.65 2048.29 2564.54
46.5947 516.273 1016.75 1514.58 2052.29 2569.52
46.5947 517.281 1018.73 1517.58 2056.29 2574.52
46.5947 518.281 1020.73 1520.56 2060.32 2579.52
46.6847 519.281  1022.7 1523.49 2064.32 2584.52
46.6847 520.288 1024.68 1526.49 2068.32 2589.53
46.7741 521.288 1026.68 1529.49 2072.28 2594.48
46.8626 522.275 1028.68 1532.49  2076.2 2599.48
46.8626 523.275 1030.68 1535.46 2080.22 2604.51
46.9522 524.275 1032.68 1538.39 2084.19 2609.51
46.9522 525.275 1034.68 1541.37 2088.22 2614.51
46.9522 526.275 1036.66 1544.37 2092.22 2619.52
46.9522 527.275 1038.66 1547.34 2096.25 2624.52
46.9522 528.286 1040.66 1550.31 2100.27 2629.52
46.9522 529.296 1042.66 1553.27 2104.27 2634.54
46.9522 530.304 1044.65 1556.27 2108.28 2639.54
46.9522 531.309 1046.65 1559.27 2112.28 2644.55
46.9522 532.315 1048.63 1562.27 2116.28 2649.56
47.0387 533.296 1050.56 1565.27 2120.28 2654.56
47.0387 534.296 1052.56 1568.25 2124.31 2659.56
47.1257 535.283 1054.56 1571.25 2128.23 2664.56
47.2133 536.283 1056.56 1574.25 2132.19 2669.51
47.3014 537.283 1058.53 1577.18 2136.19 2674.51
47.3014  538.29 1060.51 1580.18 2140.19 2679.52
47.3888  539.29 1062.47 1583.18 2144.14 2684.52
47.3888 540.295 1064.47 1586.18 2148.14 2689.52
47.4749 541.276 1066.41 1589.18 2152.14 2694.52
47.4749 542.276 1068.41 1592.15 2156.15 2699.55
47.4749 543.285 1070.41 1595.11 2160.15 2704.57
47.4749 544.285  1072.4 1598.09 2164.18 2709.57
47.4749 545.285 1074.39 1601.09 2168.18 2714.58
47.4749 546.295 1076.39 1604.05 2172.18 2719.61
47.5618 547.295 1078.39 1606.99 2176.18 2724.59
47.5618 548.303 1080.37 1609.99 2180.19 2729.59
47.6485 549.303 1082.37 1612.92 2184.16 2734.59
47.7354 550.303 1084.34 1615.86 2188.16 2739.59
47.7354 551.312 1086.34 1618.83 2192.16 2744.61
47.7354  552.32 1088.33 1621.83 2196.17 2749.61
47.8214  553.32 1090.33 1624.83 2200.13 2754.57
47.9079  554.32  1092.3 1627.77 2204.13 2759.57
47.9079  555.32  1094.3 1630.74 2208.13 2764.61
47.9079  556.32 1096.29 1633.71 2212.16 2769.61
47.9079 557.324 1098.29 1636.71 2216.15 2774.61
47.9079  558.34 1100.29  1639.7 2220.15 2779.61
47.9933  559.34 1102.26  1642.7 2224.15 2784.56
48.0787  560.34 1104.26  1645.7 2228.11 2789.52
48.1642  561.34 1106.26  1648.7 2232.07 2794.47
48.1642  562.34 1108.26 1651.66 2236.08  2799.5
48.2482 563.322 1110.19 1654.66 2240.08  2804.5
48.3334 564.322 1112.15 1657.66 2244.04  2809.5
48.4192 565.322 1114.12  1660.6 2248.04  2814.5
48.4192 566.329 1116.11  1663.6 2252.04  2819.5
48.5043 567.329 1118.11  1666.6    2256 2824.45
48.5893 568.329 1120.07  1669.6    2260 2829.41
48.6739 569.319 1122.07  1672.6    2264 2834.33
 48.759 570.319 1124.03  1675.6    2268 2839.29
48.8436 571.308 1126.03  1678.6    2272 2844.21
48.8436 572.317 1128.03 1681.57    2276 2849.24
48.8436 573.317 1130.02 1684.54    2280 2854.27
48.8436 574.324 1132.01 1687.54    2284 2859.28
48.8436 575.339 1134.01 1690.52    2288 2864.28
48.8436 576.347    1136 1693.52 2292.01 2869.28
48.8436 577.354 1137.98 1696.52 2296.02 2874.28
48.8436 578.361 1139.96 1699.52 2300.02 2879.29
48.8436 579.368 1141.95 1702.52 2304.02 2884.29
48.8436 580.373 1143.95 1705.52 2308.02 2889.29
48.8436 581.373 1145.95  1708.5 2312.04 2894.29
48.8436 582.382 1147.95 1711.46 2316.04 2899.32
48.9275 583.382 1149.95  1714.4 2320.04  2904.3
49.0113 584.382 1151.95 1717.34 2324.04 2909.27
49.0937 585.364 1153.88 1720.34 2328.04 2914.27
49.0937 586.364 1155.88 1723.31 2332.04 2919.31
49.0937 587.371 1157.86 1726.31 2336.05 2924.31
49.0937 588.371 1159.85 1729.31 2340.06 2929.32
49.0937 589.371 1161.84 1732.29 2344.08 2934.32
49.0937 590.378 1163.83 1735.29 2348.08 2939.33
49.0937 591.385 1165.81 1738.29 2352.09 2944.33
49.1757 592.373 1167.81 1741.29 2356.02 2949.33
49.2577 593.361 1169.81 1744.29 2359.95 2954.33
49.3408 594.361 1171.79 1747.23 2363.95 2959.33
49.4229 595.349 1173.79 1750.23 2367.88 2964.33
49.4229 596.349 1175.79  1753.2 2371.89 2969.35
49.4229 597.349 1177.79 1756.16  2375.9 2974.37
49.4229 598.349 1179.77 1759.16 2379.91 2979.39
49.4229 599.354 1181.77 1762.16  2383.9 2984.39
49.4229 600.363 1183.77 1765.13  2387.9 2989.41
49.5043 601.352 1185.77 1768.13  2391.9 2994.34
49.5043  602.36 1187.76 1771.13 2395.91 2999.34
49.5865  603.36 1189.76 1774.07 2399.91 3004.32
49.5865 604.369 1191.76 1777.04 2403.91 3009.34
49.6682 605.369 1193.76 1780.04 2407.87  3014.3
49.6682 606.369 1195.76    1783 2411.88 3019.32
49.6682 607.369 1197.74    1786 2415.88 3024.34
49.6682 608.369 1199.73    1789 2419.89 3029.35
49.7484 609.351 1201.66    1792 2423.89 3034.35
49.8286 610.334  1203.6    1795 2427.89 3039.35
49.9103 611.334  1205.6 1797.94 2431.86 3044.35
49.9103 612.334 1207.59 1800.94 2435.87 3049.36
49.9917 613.334 1209.59 1803.88 2439.87 3054.34
49.9917 614.334 1211.58 1806.86 2443.87 3059.37
50.0727 615.334 1213.54 1809.86 2447.87 3064.33
50.0727 616.334 1215.54 1812.83 2451.89 3069.33
50.0727 617.334 1217.53 1815.81 2455.89 3074.36
50.1534 618.334 1219.49 1818.81 2459.89 3079.32
50.2331 619.316 1221.43 1821.81 2463.89 3084.32
50.2331 620.322 1223.42 1824.81 2467.89 3089.33
50.3137 621.322 1225.38 1827.81 2471.89 3094.28
50.3137 622.322 1227.38 1830.78 2475.92 3099.28
50.3946 623.322 1229.38 1833.73  2479.9 3104.28
50.3946 624.322 1231.38 1836.69 2483.91 3109.31
50.4749 625.322 1233.34 1839.69 2487.87 3114.31
50.4749 626.322 1235.32 1842.69 2491.87 3119.32
50.5551 627.322 1237.32 1845.69 2495.83 3124.28
50.6349 628.312 1239.32 1848.69 2499.83 3129.21
50.6349 629.322 1241.32 1851.66 2503.85 3134.21
50.7154 630.322  1243.3 1854.61 2507.85 3139.21
50.7154 631.328 1245.28 1857.61 2511.85 3144.22
50.7949 632.318 1247.28 1860.61 2515.85 3149.15
50.7949 633.318 1249.27 1863.58 2519.85 3154.18
50.7949 634.324 1251.26 1866.58 2523.85 3159.19
50.7949 635.324 1253.25 1869.56 2527.85 3164.22
50.7949 636.332 1255.25 1872.52 2531.85 3169.25
50.8748 637.332 1257.23 1875.47 2535.85 3174.25
50.8748 638.332 1259.23 1878.44 2539.86 3179.27
50.8748 639.332 1261.22 1881.41 2543.89 3184.27
50.8748 640.332 1263.22 1884.39 2547.92 3189.27
50.9534 641.321 1265.22 1887.39 2551.85 3194.27
50.9534 642.321  1267.2 1890.39 2555.85 3199.28
50.9534 643.331  1269.2 1893.36 2559.87 3204.28
50.9534 644.335  1271.2 1896.36 2563.87 3209.28
51.0317 645.325  1273.2 1899.36 2567.87 3214.21
51.1103 646.325 1275.17 1902.36 2571.82 3219.21
 51.189 647.319 1277.17 1905.29 2575.82 3224.21
51.2677 648.319 1279.13 1908.29 2579.82 3229.17
51.3463 649.314 1281.13 1911.22 2583.82 3234.17
51.3463 650.318 1283.13 1914.22 2587.82 3239.17
51.4245 651.308 1285.13 1917.22 2591.82  3244.1
51.5025 652.296 1287.13 1920.22 2595.75  3249.1
51.5025 653.303 1289.12 1923.22 2599.76  3254.1
51.5806 654.293 1291.12 1926.22 2603.76 3259.03
51.5806 655.297 1293.12 1929.22 2607.75 3264.03
51.5806 656.311 1295.12  1932.2 2611.75 3269.03
51.6592 657.311 1297.12 1935.15 2615.73 3274.03
51.7364 658.294 1299.06 1938.15 2619.73 3279.03
51.8151 659.294 1301.03 1941.09 2623.73 3284.03
51.8151 660.294 1303.02 1944.09 2627.74 3289.04
51.8151 661.294 1305.02 1947.06 2631.75 3294.07
51.8151 662.294 1307.01 1950.03 2635.75  3299.1
51.8151 663.294 1309.01 1953.01 2639.77  3304.1
51.8151 664.294 1311.01 1955.98 2643.78 3309.12
51.8918 665.277 1312.95 1958.98 2647.78 3314.12
51.9698 666.277 1314.92 1961.93 2651.78 3319.12
51.9698 667.277 1316.92  1964.9  2655.8 3324.14
51.9698 668.277 1318.91  1967.9  2659.8 3329.15
52.0472 669.277 1320.87  1970.9 2663.76 3334.15
52.1245 670.277 1322.83  1973.9 2667.72 3339.15
52.2019 671.272 1324.83 1976.82 2671.72 3344.15
52.2783 672.255 1326.77 1979.82 2675.72 3349.15
52.3557 673.255 1328.74 1982.82 2679.68 3354.15
52.3557 674.264 1330.74  1985.8  2683.7 3359.15
52.3557 675.264 1332.72  1988.8  2687.7 3364.16
52.3557 676.274 1334.72 1991.77 2691.72 3369.16
52.3557 677.274 1336.72 1994.75 2695.74 3374.16
52.4329 678.274 1338.72 1997.69 2699.74 3379.14
52.4329 679.279  1340.7 2000.69 2703.74 3384.15
52.5098 680.279  1342.7 2003.69  2707.7 3389.11
52.5098 681.287  1344.7 2006.66  2711.7 3394.13
52.5861 682.278  1346.7 2009.66  2715.7 3399.07
52.5861 683.281  1348.7 2012.66  2719.7 3404.07
52.5861 684.281 1350.69 2015.66  2723.7 3409.08
52.5861 685.289 1352.69 2018.63  2727.7  3414.1
52.6628 686.289 1354.69 2021.58 2731.68  3419.1
52.6628 687.289 1356.69 2024.54 2735.69 3424.12
52.7382 688.273 1358.63 2027.54 2739.69 3429.12
52.7382 689.286 1360.63 2030.53 2743.69 3434.12
52.8139 690.277 1362.63 2033.53 2747.69 3439.05
52.8139  691.28 1364.63 2036.53 2751.69 3444.06
52.8139  692.28 1366.63 2039.51 2755.71 3449.06
52.8902  693.28 1368.63 2042.45 2759.69 3454.06
52.8902  694.28 1370.62 2045.43 2763.72 3459.06
52.8902  695.28 1372.62 2048.41 2767.72 3464.09
52.8902  696.28 1374.61 2051.39 2771.74 3469.09
52.9657 697.275 1376.61 2054.32 2775.74 3474.09
53.0409 698.264 1378.61 2057.32 2779.68 3479.09
53.1161 699.254 1380.61 2060.32 2783.68 3484.02
53.1917 700.254 1382.58 2063.32 2787.68 3488.98
53.2669 701.244 1384.58 2066.32 2791.68 3493.91
53.3421 702.235 1386.58 2069.32 2795.68 3498.85
53.4178 703.235 1388.58 2072.32 2799.64 3503.81
53.4178 704.235 1390.57 2075.29 2803.64 3508.84
53.4178 705.248 1392.57 2078.28 2807.64 3513.84
53.4931 706.242 1394.57 2081.21 2811.64 3518.84
53.5688 707.242 1396.57 2084.15 2815.62 3523.84
53.6445 708.242 1398.57  2087.1 2819.62 3528.82
53.6445 709.248 1400.56  2090.1 2823.62 3533.83
53.6445 710.248 1402.54  2093.1 2827.63 3538.84
53.6445 711.251 1404.54  2096.1 2831.62 3543.84
53.6445 712.255 1406.54  2099.1 2835.62 3548.84
53.6445 713.259 1408.54  2102.1 2839.61 3553.84
53.6445 714.259 1410.54 2105.07 2843.62 3558.86
53.7184 715.242 1412.49 2108.07 2847.62 3563.86
53.7184 716.251 1414.49 2111.04 2851.64 3568.86
53.7184 717.251 1416.49 2114.01 2855.65 3573.88
53.7184  718.26 1418.49 2116.98 2859.67 3578.88
53.7924 719.251 1420.49 2119.98 2863.67 3583.82
53.7924 720.264 1422.49 2122.97 2867.67 3588.82
53.7924 721.273 1424.49 2125.94 2871.69 3593.82
53.8667 722.273 1426.49 2128.94 2875.65 3598.78
 53.941 723.273 1428.49 2131.94 2879.61 3603.74
54.0152 724.273 1430.45 2134.94 2883.61  3608.7
54.0897 725.273 1432.45 2137.89 2887.61 3613.68
54.1644 726.273 1434.43 2140.84 2891.61 3618.68
54.2382 727.263 1436.43 2143.84 2895.61 3623.61
54.3128 728.263 1438.41 2146.79 2899.61 3628.61
54.3128 729.267 1440.41 2149.79 2903.61 3633.62
54.3873 730.267 1442.41 2152.73 2907.59 3638.62
54.3873 731.267 1444.39 2155.73 2911.59 3643.63
54.4608 732.256 1446.39 2158.73 2915.53 3648.63
54.4608 733.256 1448.38 2161.73 2919.53 3653.64
54.5347  734.25 1450.38 2164.67 2923.53 3658.64
54.6078 735.234 1452.32 2167.67 2927.53 3663.64
54.6078 736.247 1454.32 2170.65 2931.53 3668.64
54.6078 737.253 1456.31 2173.65 2935.54 3673.64
54.6814 738.248 1458.31 2176.58 2939.54 3678.64
54.7551 739.248 1460.28 2179.58 2943.54  3683.6
54.8292 740.248 1462.28 2182.53 2947.54 3688.58
54.8292 741.261 1464.28 2185.52 2951.54 3693.58
54.8292 742.273 1466.28  2188.5 2955.54 3698.58
54.9018 743.257 1468.22  2191.5 2959.54 3703.58
54.9749 744.246 1470.22  2194.5 2963.48 3708.58
54.9749 745.254 1472.22 2197.48 2967.48  3713.6
54.9749 746.254 1474.22 2200.45  2971.5  3718.6
55.0481 747.248 1476.22 2203.39  2975.5  3723.6
55.1218 748.248 1478.22 2206.33 2979.48  3728.6
55.1951 749.248 1480.18 2209.33 2983.48 3733.56
55.2687 750.248 1482.18 2212.28 2987.48 3738.54
55.3423 751.248 1484.18 2215.23 2991.46 3743.54
55.3423 752.254 1486.17 2218.23 2995.47 3748.54
55.4159 753.254 1488.15 2221.18 2999.47 3753.54
55.4888 754.245 1490.15 2224.18 3003.47 3758.47
55.5612 755.229 1492.09 2227.18 3007.47 3763.47
55.5612 756.238 1494.09 2230.15 3011.48 3768.47
55.6344 757.238 1496.09 2233.15 3015.45 3773.43
55.6344 758.238 1498.08 2236.15 3019.45 3778.44
55.7078 759.238 1500.05  2239.1 3023.45 3783.44
55.7799 760.221    1502  2242.1 3027.45 3788.44
 55.853 761.221 1503.96  2245.1 3031.45  3793.4
 55.853 762.228 1505.95  2248.1 3035.46  3798.4
55.9254 763.217 1507.95  2251.1  3039.4  3803.4
55.9979 764.206 1509.95  2254.1 3043.34  3808.4
55.9979 765.206 1511.95 2257.08 3047.36  3813.4
56.0704 766.196 1513.95 2260.08 3051.36 3818.34
56.0704 767.196 1515.95 2263.05 3055.37 3823.36
56.1435 768.196 1517.93    2266 3059.37 3828.36
56.2158 769.185 1519.93    2269 3063.31 3833.36
56.2888 770.185 1521.93 2271.95 3067.29 3838.36
56.3616 771.185 1523.89 2274.95 3071.29 3843.32
56.3616 772.189 1525.89 2277.95 3075.29 3848.32
56.4341 773.183 1527.89 2280.88 3079.29 3853.32
56.4341 774.186 1529.89 2283.88 3083.28 3858.32
56.5062 775.175 1531.89 2286.88 3087.22 3863.32
56.5788 776.175 1533.86 2289.88 3091.22 3868.28
56.5788 777.181 1535.85 2292.88 3095.23 3873.28
56.5788 778.187 1537.83 2295.88 3099.23 3878.28
56.5788 779.196 1539.83 2298.86 3103.25 3883.28
56.6506 780.185 1541.83 2301.86 3107.19 3888.28
56.6506 781.185 1543.82 2304.86 3111.19 3893.29
56.6506 782.185 1545.82 2307.83  3115.2 3898.31
56.6506 783.185 1547.82 2310.81  3119.2 3903.34
56.6506  784.19  1549.8 2313.81 3123.21 3908.34
56.7217 785.175 1551.75 2316.81 3127.21 3913.34
56.7936 786.175 1553.72 2319.81 3131.21  3918.3
56.8647 787.159 1555.66 2322.81 3135.21  3923.3
56.9363 788.149 1557.66 2325.81 3139.21 3928.24
56.9363 789.162 1559.66 2328.79 3143.21 3933.24
56.9363 790.167 1561.65 2331.79 3147.21 3938.24
56.9363 791.173 1563.64 2334.79 3151.22 3943.24
56.9363 792.173 1565.64 2337.77 3155.23 3948.26
56.9363 793.186 1567.64 2340.75 3159.23 3953.26
56.9363 794.189 1569.64 2343.75 3163.23 3958.26
56.9363 795.195 1571.63 2346.75 3167.23 3963.26
57.0079 796.195  1573.6  2349.7 3171.23 3968.26
57.0792 797.195  1575.6  2352.7  3175.2 3973.22
  57.15 798.184  1577.6  2355.7 3179.14 3978.22
57.2216 799.184 1579.58 2358.66 3183.14 3983.22
57.2216  800.19 1581.57 2361.66 3187.15 3988.22
57.2925 801.181 1583.57 2364.66 3191.15 3993.16
57.2925 802.189 1585.57 2367.63 3195.16 3998.16
57.3638 803.189 1587.57 2370.58 3199.16 4003.14
57.3638 804.189 1589.56 2373.56 3203.18 4008.14
57.3638 805.192 1591.56 2376.56 3207.18 4013.14
 57.435 806.192 1593.56 2379.51 3211.18 4018.12
 57.435 807.192 1595.56 2382.49  3215.2 4023.12
 57.435 808.198 1597.55 2385.49 3219.21 4028.12
 57.435 809.198 1599.55 2388.46 3223.22 4033.14
57.5059 810.198 1601.55 2391.41 3227.22 4038.12
57.5766 811.198 1603.51 2394.41 3231.22 4043.08
57.5766 812.198 1605.51 2397.38 3235.23  4048.1
57.6464 813.182 1607.46 2400.38 3239.23  4053.1
57.6464  814.19 1609.46 2403.36 3243.25  4058.1
57.6464 815.194 1611.46 2406.36 3247.24  4063.1
57.6464 816.201 1613.46 2409.33 3251.24 4068.12
57.7167 817.201 1615.46 2412.33 3255.21 4073.08
57.7873 818.201 1617.44 2415.29 3259.21 4078.08
57.8568 819.185 1619.38 2418.29 3263.21 4083.08
57.9274 820.185 1621.38 2421.24 3267.21 4088.06
57.9274  821.19 1623.37 2424.24 3271.21 4093.07
57.9274  822.19 1625.37 2427.21 3275.22 4098.09
57.9971 823.179 1627.37 2430.21 3279.16 4103.09
57.9971 824.186 1629.37 2433.18 3283.16 4108.11
57.9971 825.186 1631.36 2436.18 3287.16 4113.11
57.9971 826.186 1633.35 2439.16 3291.16 4118.14
57.9971 827.195 1635.35 2442.13 3295.18 4123.14
57.9971 828.199 1637.34 2445.13 3299.18 4128.15
58.0664 829.189 1639.34 2448.13 3303.12 4133.15
58.0664 830.196 1641.34 2451.11 3307.12 4138.17
58.1363 831.196 1643.32 2454.06 3311.12 4143.17
58.1363 832.196 1645.32 2457.03 3315.13 4148.19
58.1363 833.196  1647.3 2460.03 3319.13  4153.2
58.2061 834.196 1649.28 2462.99 3323.13  4158.2
58.2753 835.187 1651.28 2465.99 3327.13 4163.14
58.3444 836.178 1653.28 2468.99 3331.13 4168.08
58.4142 837.178 1655.26 2471.94 3335.13 4173.08
58.4832 838.167 1657.26 2474.94 3339.08 4178.08
58.4832 839.167 1659.25 2477.92  3343.1 4183.08
58.4832 840.167 1661.25 2480.89 3347.11  4188.1
58.4832 841.174 1663.25 2483.87 3351.11 4193.12
58.4832 842.179 1665.24 2486.87 3355.11 4198.12
58.5516 843.164 1667.19 2489.87 3359.11 4203.12
58.5516 844.164 1669.19 2492.84 3363.12 4208.14
58.5516 845.172 1671.19 2495.81 3367.13 4213.14
58.6206 846.172 1673.16 2498.81 3371.13  4218.1
58.6895 847.172 1675.12 2501.81  3375.1  4223.1
58.7584 848.166 1677.12 2504.75  3379.1  4228.1
58.7584 849.172 1679.11 2507.75  3383.1  4233.1
58.8273 850.172 1681.11 2510.75 3387.07 4238.07
58.8273 851.179 1683.11 2513.73 3391.09 4243.07
58.8273 852.179 1685.11  2516.7  3395.1 4248.09
58.8956 853.169 1687.11  2519.7 3399.04 4253.09
58.9639 854.158 1689.11  2522.7 3402.98 4258.09
58.9639 855.158 1691.11 2525.68 3406.98 4263.11
58.9639 856.158 1693.09 2528.68 3410.98 4268.12
59.0328 857.158 1695.07 2531.63 3414.98 4273.12
59.1016 858.158 1697.07 2534.58 3418.96 4278.12
59.1701 859.158 1699.04 2537.58 3422.93 4283.12
59.2389 860.158 1701.04 2540.53 3426.93  4288.1
59.3075 861.158 1703.01 2543.53 3430.93 4293.07
59.3075 862.165 1705.01 2546.51 3434.93 4298.08
59.3762 863.165 1707.01 2549.46 3438.91 4303.08
59.3762 864.165    1709 2552.44 3442.91 4308.11
59.4449 865.165 1710.98 2555.39 3446.91 4313.11
59.5136 866.165 1712.98 2558.34 3450.91 4318.09
59.5823 867.165 1714.96  2561.3 3454.91 4323.09
59.6506  868.16 1716.96 2564.23 3458.91 4328.09
59.6506  869.16 1718.95 2567.21 3462.91 4333.12
59.7189  870.16 1720.92 2570.21 3466.87 4338.12
59.7871 871.154 1722.92 2573.15 3470.87 4343.12
59.8547 872.139 1724.87 2576.15 3474.87 4348.12
 59.923 873.139 1726.83 2579.15 3478.84 4353.12
 59.923 874.147 1728.83 2582.13 3482.85 4358.12
 59.923 875.152 1730.82 2585.13 3486.86 4363.12
59.9907 876.142 1732.82 2588.13  3490.8 4368.12
59.9907 877.142 1734.82  2591.1 3494.81 4373.14
60.0589 878.142 1736.82  2594.1 3498.78  4378.1
60.1269 879.142 1738.79  2597.1 3502.78 4383.06
60.1947 880.133 1740.79  2600.1 3506.78 4388.01
60.1947 881.138 1742.78  2603.1 3510.78 4393.01
 60.262 882.123 1744.73  2606.1 3514.78 4398.01
 60.262 883.135 1746.73 2609.09 3518.78 4403.01
60.3296 884.126 1748.73 2612.09 3522.78 4407.95
60.3975 885.126  1750.7 2615.09 3526.75 4412.95
60.4654 886.126 1752.66 2618.09 3530.75 4417.91
60.4654 887.126 1754.66 2621.06 3534.75 4422.94
60.5335 888.126 1756.66 2624.02 3538.75 4427.92
60.5335 889.137 1758.66    2627 3542.75 4432.92
 60.601 890.128 1760.66    2630 3546.75 4437.86
 60.601 891.128 1762.66 2632.99 3550.77 4442.86
 60.601 892.134 1764.64 2635.99 3554.78 4447.86
 60.601 893.134 1766.64 2638.96 3558.79 4452.88
 60.601 894.136 1768.64 2641.96 3562.78 4457.88
60.6685 895.136 1770.64 2644.96 3566.75 4462.84
60.7357 896.128 1772.64 2647.96 3570.75 4467.78
60.8027 897.117 1774.64 2650.96 3574.69 4472.78
60.8702 898.117 1776.64 2653.96 3578.66 4477.75
60.8702 899.122 1778.63 2656.96 3582.66 4482.76
60.9379 900.122 1780.63 2659.91 3586.66 4487.74
60.9379 901.128 1782.63 2662.89 3590.66 4492.75
60.9379 902.133 1784.62 2665.89 3594.66 4497.76
 61.005 903.127 1786.62 2668.83 3598.66 4502.76
61.0722 904.127 1788.59 2671.83 3602.63 4507.76
61.0722 905.134 1790.59  2674.8 3606.63 4512.78
61.1396 906.134 1792.59 2677.75 3610.63 4517.76
61.1396 907.134 1794.59 2680.73 3614.64 4522.78
61.1396 908.134 1796.58 2683.71 3618.66 4527.78
61.2066 909.128 1798.58 2686.65 3622.66 4532.78
61.2066  910.14 1800.58 2689.63 3626.66 4537.78
61.2066  911.14 1802.58 2692.61 3630.67  4542.8
61.2066  912.14 1804.58 2695.59 3634.67 4547.82
61.2733 913.134 1806.58 2698.53 3638.67 4552.82
61.3404 914.134 1808.58 2701.48 3642.65 4557.82
61.3404 915.138 1810.57 2704.48 3646.65 4562.83
61.3404 916.141 1812.57 2707.48 3650.64 4567.83
61.4073 917.141 1814.54 2710.43 3654.64 4572.83
61.4073 918.146 1816.53 2713.43 3658.64 4577.84
61.4073  919.15 1818.52 2716.43 3662.64 4582.85
61.4073 920.156 1820.51 2719.43 3666.65 4587.85
61.4734 921.145 1822.51 2722.43 3670.59 4592.85
61.4734 922.153 1824.51 2725.41 3674.61 4597.85
61.5397 923.153 1826.51 2728.41 3678.58 4602.81
61.6057 924.143 1828.51 2731.41 3682.52 4607.81
61.6057 925.154 1830.51  2734.4 3686.52 4612.81
61.6717 926.145 1832.51  2737.4 3690.52 4617.76
61.6717 927.156 1834.51 2740.39 3694.52 4622.76
61.7377 928.148 1836.51 2743.39 3698.52  4627.7
61.7377 929.155 1838.51 2746.37 3702.54  4632.7
61.8038 930.155 1840.51 2749.37  3706.5 4637.66
61.8696 931.145 1842.51 2752.37 3710.45 4642.66
61.8696 932.148 1844.51 2755.37 3714.44 4647.66
61.8696 933.148  1846.5 2758.37 3718.45 4652.67
61.8696 934.152 1848.48 2761.37 3722.45 4657.68
61.8696  935.16 1850.48 2764.34 3726.46 4662.68
61.8696 936.166 1852.48 2767.32 3730.46  4667.7
61.9351 937.158 1854.48 2770.32 3734.46 4672.64
61.9351 938.158 1856.48  2773.3 3738.46 4677.67
62.0009 939.158 1858.45  2776.3 3742.46 4682.63
62.0666 940.158 1860.42  2779.3 3746.46  4687.6
62.0666 941.162 1862.41  2782.3 3750.46  4692.6
62.1323 942.162 1864.38  2785.3 3754.46 4697.57
62.1982 943.162 1866.35 2788.25 3758.46 4702.57
62.2638 944.156 1868.35 2791.19 3762.46 4707.57
62.2638 945.161 1870.34 2794.19 3766.46 4712.58
62.3296 946.161 1872.34 2797.15 3770.44 4717.58
62.3952 947.161 1874.34 2800.15 3774.41 4722.54
62.3952 948.161 1876.33 2803.15 3778.42 4727.55
62.3952 949.161 1878.32 2806.13 3782.42 4732.58
62.3952 950.165 1880.31 2809.13 3786.42 4737.58
62.4606 951.165 1882.31 2812.13 3790.38 4742.55
62.4606 952.165  1884.3 2815.13 3794.39 4747.56
62.4606  953.17 1886.29 2818.13 3798.39 4752.56
62.4606  954.17 1888.28 2821.13  3802.4 4757.57
62.5258  955.17 1890.25 2824.13  3806.4 4762.53
62.5903 956.156  1892.2 2827.13  3810.4 4767.53
62.6554  957.15  1894.2 2830.07  3814.4 4772.53
62.7203 958.142  1896.2 2833.07  3818.4 4777.48
62.7203 959.142 1898.19 2836.07  3822.4 4782.49
62.7854 960.142 1900.16 2839.07  3826.4 4787.45
62.7854 961.149 1902.16 2842.05 3830.41 4792.45
62.7854 962.149 1904.16 2845.02 3834.42 4797.47
62.8506 963.149 1906.16 2847.97  3838.4 4802.47
62.8506 964.156 1908.16 2850.95 3842.42 4807.47
62.8506 965.156 1910.15 2853.93 3846.42 4812.49
62.8506 966.156 1912.15 2856.91 3850.42 4817.52
62.8506 967.161 1914.13 2859.91 3854.42 4822.52
62.9149 968.151 1916.13 2862.91 3858.37 4827.52
62.9149 969.151 1918.13 2865.89 3862.37 4832.54
62.9798 970.151 1920.11 2868.85 3866.37 4837.54
63.0441 971.142 1922.11 2871.85 3870.31 4842.54
63.1089 972.142 1924.11  2874.8 3874.31 4847.52
63.1738 973.142 1926.09 2877.76 3878.31 4852.52
63.1738 974.152 1928.09 2880.75 3882.31 4857.52
63.2381 975.144 1930.09 2883.75 3886.31 4862.47
63.3027 976.144 1932.06 2886.75 3890.31 4867.43
63.3027 977.154 1934.06 2889.74 3894.31 4872.43
63.3665  978.14 1936.01 2892.74 3898.31 4877.43
63.4308 979.132 1938.01 2895.74 3902.31 4882.38
63.4949 980.122 1940.01 2898.74 3906.26 4887.38
63.5596 981.122 1942.01 2901.69 3910.26 4892.36
63.5596 982.124 1944.01 2904.69 3914.26 4897.36
63.6243 983.124 1946.01 2907.65 3918.26 4902.34
63.6243 984.132 1948.01 2910.63 3922.27 4907.34
63.6243 985.136    1950 2913.63 3926.27 4912.35
63.6886 986.136 1951.97 2916.63 3930.27 4917.31
63.7531 987.136 1953.97 2919.58 3934.27 4922.29
63.7531 988.141 1955.96 2922.58 3938.28 4927.29
63.8171 989.132 1957.96 2925.58 3942.28 4932.24
63.8815 990.132 1959.96 2928.53 3946.26 4937.24
63.8815 991.135 1961.96 2931.53 3950.25 4942.24
63.8815 992.135 1963.95 2934.53 3954.26 4947.25
63.9455  993.13 1965.95 2937.48 3958.26 4952.25
63.9455  994.13 1967.93 2940.48 3962.26 4957.25
64.0098  995.13 1969.93 2943.43 3966.24 4962.25
64.0098  996.14 1971.93 2946.42 3970.24 4967.25
64.0737 997.135 1973.93 2949.36 3974.24 4972.25
64.0737 998.135 1975.93 2952.34 3978.25 4977.27
64.0737 999.145 1977.93 2955.33 3982.25 4982.27
64.1375 1000.15  1979.9 2958.33 3986.22 4987.27
64.2013 1001.15 1981.87 2961.33 3990.18 4992.27
64.2654 1002.15 1983.87 2964.28 3994.17 4997.27