3.66667       2       3 3.66667       5 3.66667
5.38542  2.9375       5 6.66667 7.34375 8.66667
7.36409  3.9375 6.83707 9.66667 11.3438 11.8509
8.58206 4.58873 7.96787 12.6667 15.3438 16.8509
8.58206 5.58873 9.96104 15.8352  19.182 21.8509
10.0115 6.51963  11.961 18.8352  23.182 25.4905
11.2382 7.51963 13.4266  21.143  27.182 30.4905
12.3648 8.27346 15.4266 23.2626  31.182 35.4905
13.5579 9.07174 17.4266 26.2626 34.1907 40.4905
 14.806 10.0717 19.0309 29.2626 37.3383 45.4905
15.9792 11.0717 20.5389 31.5814 41.3383 50.4905
17.2375 12.0717 22.5389 34.0681 44.5933 55.4905
18.4633 13.0717 24.1417 37.0681 47.7646 60.4905
18.4633 14.0717 26.1475 40.0681  51.733 65.5163
19.6131 15.0717 27.7759 43.0681 54.9548 70.5163
20.7776 16.0717 29.4249 46.0681 58.9548 74.7028
20.7776 17.1488 31.3969 49.0681 62.9057 79.7028
20.7776 18.1488 33.3817 52.0681 66.8824 84.7414
20.7776 19.1488 35.3431 55.1275 70.8824 89.7206
21.6057  19.912 36.7518 58.1275 74.8824 94.7206
21.6057  20.912 38.7518 61.1905 78.8283 99.7117
21.6057 21.9605 40.7518 64.1905 82.7805 104.711
22.3744 22.7418 42.2017 67.1905 86.7805 109.711
22.3744 23.7911 44.1488 70.1905 90.7842 114.711
23.2278 24.7911 45.8327 73.1905 94.2469 119.711
23.2278 25.8254 47.7448  76.244 98.2469 124.711
23.2278 26.8254 49.6646 79.3097 102.247 129.726
23.2278  27.866 51.5913 82.3097 106.247 134.758
23.9956  28.866 53.5913 85.0303 109.759 139.758
24.6718 29.6795 55.1016 88.0303 113.759 144.758
 25.441 30.6795 56.8195 91.0303 117.759 149.271
26.1842 31.5758 58.8195 94.0303 121.759 153.632
 26.944 32.5758 60.5263 97.0303 125.292 158.632
 26.944 33.6199 62.4663  100.03 129.308 163.632
27.7021 34.6199 64.4663  103.03 132.946 168.236
27.7021 35.6643 66.4112  106.03 136.957 173.236
27.7021 36.6643 68.4112 109.087 140.905  178.23
28.3409 37.5098 70.4112 111.603 144.905  183.23
29.0425 38.5098 72.4112 114.366 148.905 187.766
29.0425 39.5098 74.3526 117.432 152.898 192.766
29.0425   40.53 76.3526 120.464 156.845 197.766
29.7115   41.53 78.3526 123.239 160.845 202.322
30.3743   42.53 80.3526 125.988 164.433 207.322
30.3743 43.5565 82.3526 128.988 168.402 212.326
 31.001 44.4552 84.3526 131.988 171.877 217.326
 31.001 45.4552 86.2977 135.032 175.877 222.337
 31.001 46.4798 88.2977 138.032 179.841 227.349
 31.001 47.4798 90.2542  141.09 183.826 232.349
 31.001  48.495 92.2542 144.107 187.826 237.317
31.5425  49.342 93.8656 147.107 191.826 242.317
32.1385  50.342 95.8656 149.886 195.451 247.317
32.1385  51.342 97.8656 152.921 199.408 252.324
32.7065 52.2495 99.8656 155.921 202.933 257.324
32.7065 53.2796 101.835 158.921 206.934 262.324
32.7065 54.3098 103.803 161.921 210.935 267.324
32.7065  55.331 105.755 164.921 214.935 272.351
32.7065  56.331 107.717 167.921 218.921 277.403
32.7065 57.3416 109.717 170.934 222.921  282.38
32.7065 58.3416 111.679 173.934 226.908  287.43
33.1905  59.205 113.332 176.934 230.908  292.43
33.1905 60.2215 115.278 179.972 234.908  297.43
33.1905 61.2215 117.235 183.027 238.896  302.43
33.6884 62.1398 119.235 186.027  242.48  307.43
33.6884 63.1546 121.182 189.065  246.48  312.43
33.6884 64.1694 123.129 192.103  250.48  317.43
34.1751 65.0965 125.129 195.103  254.48 322.016
34.1751 66.1132 127.083 198.103  258.48 327.046
34.6637 67.1132   128.9 201.103 262.175 332.046
34.6637 68.1132 130.859 204.159 266.159 337.046
34.6637 69.1383 132.828 207.159 270.165 342.046
34.6637 70.1383 134.776 210.197 274.165 347.061
35.1202 71.1383 136.551 212.965 278.165 352.061
35.5767 72.1383 138.326 215.733 282.165 357.061
36.0167 73.0304 140.326 218.401 286.165 362.061
36.4839 74.0304 142.146 221.401 289.877 367.061
36.9236 74.9225 144.146  224.07 293.877 372.061
36.9236 75.9225 146.094 227.096 297.877 377.087
37.3843 76.9225 147.916 230.096 301.594 382.087
37.8442 77.9225 149.916 232.927 305.304 387.087
37.8442 78.9225 151.874 235.927 309.291 392.142
38.2903  79.853 153.874 238.927 313.291 396.765
38.2903  80.853 155.833 241.927  317.28 401.817
38.7313 81.7842 157.833 244.927  321.28 406.445
38.7313 82.7842 159.794 247.927  325.27 411.493
39.1651 83.7842 161.584 250.703  329.27 416.493
39.5981 84.7106 163.584 253.703 332.911 421.493
40.0413 85.7106 165.414 256.703 336.637 426.493
40.0413 86.7225 167.367 259.703 340.637 431.529
 40.485 87.7225 169.367 262.703 344.412  436.31
 40.485 88.7325 171.367 265.728 348.377  441.31
 40.485  89.745 173.323  268.76 352.377  446.31
 40.914  90.745 175.159  271.76 356.111  451.31
41.3425  91.745 177.159 274.606 360.111 456.036
41.3425 92.7553 179.159  277.63 364.077 461.036
41.3425 93.7677 181.115  280.63 368.077 466.068
41.3425 94.7801  183.07  283.63 372.077   471.1
 41.751 95.7166  185.07  286.63 376.077 475.755
42.1659 96.7166  187.07 289.478 379.814 480.755
42.1659 97.7166 189.025 292.502 383.814 485.777
42.1659 98.7367 190.998 295.502  387.82 490.777
42.1659 99.7487 192.956 298.502  391.82 495.808
42.5609 100.749 194.764 301.299  395.82 500.808
42.5609 101.759 196.764 304.299 399.789 505.829
42.9608 102.759 198.612 307.299 403.789 510.581
42.9608 103.759 200.612 310.317 407.755 515.596
42.9608 104.769 202.612 313.338 411.725 520.596
43.3523 105.769 204.612 316.194 415.477 525.596
43.3523 106.769 206.579 319.233 419.471 530.596
43.3523 107.769 208.546 322.273 423.465 535.596
43.7375 108.769 210.398 325.273 427.227 540.596
44.1221 109.769 212.398 328.133 431.227  545.35
44.5065 110.769 214.398 330.992 434.984  550.35
44.5065 111.779 216.398 333.992 438.952 555.371
44.5065 112.779 218.367 337.031 442.945 560.371
44.5065  113.79 220.367 340.051 446.914 565.371
44.8814  114.79 222.367 342.914 450.914 570.133
44.8814  115.79 224.336 345.951 454.908 575.133
44.8814 116.801 226.336 348.951 458.878 580.152
45.2502 117.801 228.196 351.951 462.649 585.152
45.2502 118.801 230.196 354.969 466.616 590.169
45.2502 119.801 232.155 357.989 470.616  595.19
45.2502 120.811 234.155 360.989 474.585  600.21
45.5936 121.728 236.155 363.729 478.585  605.21
45.9326 122.633 237.911 366.729 482.585  610.21
45.9326 123.645 239.874 369.754 486.585  615.21
45.9326 124.649 241.874 372.756 490.585 620.204
45.9326 125.649 243.874 375.771 494.553 625.221
45.9326 126.658 245.874 378.789 498.526 630.221
45.9326 127.658 247.844 381.825  502.52 635.221
46.2782 128.658 249.844 384.698 506.301 640.221
46.2782 129.667 251.844 387.698 510.272 645.242
46.6213 130.667 253.844 390.572 514.272 650.025
46.9497 131.587 255.844 393.323 518.272 655.025
46.9497 132.587 257.816 396.355 522.267 660.025
46.9497 133.591 259.816 399.355 526.267 665.021
47.2695 134.501 261.586 402.355 530.267 670.021
47.6072 135.501 263.586 405.229 534.055 675.021
47.6072 136.509 265.586 408.246 538.031 680.021
47.6072 137.518 267.586 411.262 542.006 685.021
47.6072 138.529 269.553 414.285 546.006 690.021
47.9206 139.441 271.327 417.285 550.006 695.021
48.2341 140.353 273.102 420.285 554.006 700.021
48.2341 141.353 275.072 423.317 558.003 705.021
48.5489 142.275 277.072  426.08 562.003 710.021
48.5489  143.29 279.049  429.08 566.012 715.021
48.5489 144.296 281.049  432.08 569.986 720.041
48.5489 145.296  283.01 435.095 573.986 725.065
48.8705 146.296 284.885 438.095 577.789 730.065
48.8705 147.296 286.856 441.126 581.786 735.065
48.8705 148.311 288.833 444.126 585.795 740.065
48.8705 149.326 290.809 447.126 589.804 745.065
49.1703 150.242 292.593 450.126 593.804 750.065
49.1703 151.242 294.553 453.141 597.804  755.09
 49.486 152.242 296.553 456.141 601.641 759.937
49.7944 153.242 298.402 458.984 605.641 764.937
50.1076 154.242 300.278 461.984 609.641 769.747
50.1076 155.242 302.238     465 613.641 774.771
50.4183 156.242 304.238 467.883 617.447 779.771
 50.725 157.192 306.238 470.883 621.447 784.514
 50.725 158.192 308.199 473.899 625.447 789.538
51.0193  159.11 309.987 476.899 629.447 794.538
51.3237  160.11 311.837 479.745 633.447 799.538
51.3237  161.11 313.797  482.76 637.447 804.563
51.3237 162.111 315.797 485.759 641.447 809.562
51.6146  163.03 317.587 488.759 645.447 814.562
51.6146  164.03 319.556 491.789 649.448 819.562
51.9138 164.981 321.556 494.789 653.448 824.312
 52.203   165.9 323.347 497.789 657.448 829.312
 52.203   166.9 325.312 500.789 661.443 834.352
52.5045   167.9 327.191 503.789 665.263 839.352
52.5045 168.909 329.156 506.815 669.263 844.352
52.8062 169.909 331.156 509.815 673.109 849.204
52.8062 170.909 333.122 512.815 677.104 854.244
52.8062 171.909 335.081 515.832 681.104 859.269
52.8062 172.909 337.081 518.833 685.104 864.268
52.8062 173.915 339.043 521.833 689.104 869.299
52.8062 174.915 341.043 524.843 693.079 874.313
 53.093 175.865 343.043 527.843 696.842 879.313
 53.093 176.865 345.043 530.844 700.842 884.313
 53.093 177.869 347.043 533.844  704.82 889.331
 53.093 178.881 349.019 536.844 708.832 894.331
53.3797 179.881 350.904 539.844  712.66 899.331
53.3797 180.885 352.904 542.844 716.637  904.35
53.3797 181.885 354.873 545.874 720.638  909.35
53.3797 182.893  356.84 548.899 724.638  914.35
53.3797 183.893  358.81 551.929 728.638  919.35
53.3797 184.893 360.771 554.945 732.638 924.374
 53.659 185.893 362.658 557.945 736.471 929.374
53.9263 186.819 364.465 560.945 740.471 934.374
53.9263 187.825 366.427 563.945 744.471 939.405
54.2033 188.825 368.427 566.842 748.471 944.231
54.2033 189.837 370.403 569.842 752.483 949.231
54.2033 190.844 372.366 572.842 756.483 954.262
54.2033 191.844 374.332 575.842 760.478 959.301
54.2033 192.844 376.301 578.872 764.479 964.301
54.2033 193.843 378.301 581.873 768.479   969.3
54.2033 194.843 380.262 584.888 772.479 974.324
54.2033 195.849 382.225 587.888 776.479 979.355
54.4715 196.849 384.116 590.888  780.32 984.355
54.4715 197.849 386.083 593.888 784.315 989.394
54.4715 198.854 388.083 596.903 788.296 994.394
54.4715 199.854 390.049 599.903  792.29 999.433
54.4715 200.854 392.049 602.913 796.266 1004.45
54.4715 201.854 394.016 605.913  800.26 1009.49
 54.733 202.854 395.908 608.913  804.26 1014.33
54.9912  203.81 397.908 611.913  808.26 1019.12
55.2521  204.81 399.908 614.817 812.096 1024.12
55.5103  205.81 401.776  617.69 816.096 1029.12
55.5103 206.822 403.752  620.69 820.108 1034.12
55.7603 207.754  405.57  623.69 824.108 1039.12
56.0219 208.754  407.57  626.69 827.973 1043.99
56.2718 209.685 409.389  629.69 831.973 1048.99
56.2718 210.697 411.364  632.69 835.987 1053.99
56.5301 211.697 413.364 635.594 839.987 1058.83
56.5301 212.701 415.364 638.607 843.969 1063.83
56.5301 213.708 417.331 641.632 847.969 1068.83
56.7879 214.708 419.331 644.632 851.837  1073.7
56.7879 215.716 421.299 647.657 855.837  1078.7
57.0402 216.716  423.17 650.534 859.837  1083.7
57.0402 217.716 425.137 653.534 863.833 1088.74
57.0402 218.723 427.105 656.558 867.833 1093.74
57.0402 219.723 429.074 659.586 871.836 1098.74
57.0402 220.723 431.074 662.587 875.836 1103.74
 57.288 221.723 432.947 665.466 879.836 1108.74
57.5389 222.723 434.843 668.466 883.689 1113.74
57.7891 223.723 436.843 671.373 887.689 1118.58
57.7891 224.731 438.811 674.398 891.689 1123.58
58.0294 225.665 440.636 677.398 895.689 1128.58
58.0294 226.665 442.598 680.413 899.689 1133.61
58.2774 227.665 444.598  683.32 903.689 1138.45
58.5179 228.605 446.598  686.14 907.689 1143.45
58.5179 229.609 448.598 689.152 911.673 1148.45
58.5179 230.609  450.56 692.167 915.673 1153.47
58.5179 231.609 452.527 695.167 919.671 1158.51
58.7555 232.549 454.527 697.989 923.671 1163.51
58.7555 233.554 456.492 700.989 927.671 1168.54
58.9998 234.554  458.39 703.989 931.528 1173.54
59.2441 235.554 460.288 706.989 935.386 1178.54
59.4878 236.554 462.288 709.897 939.386 1183.39
59.4878 237.565 464.263 712.897 943.399 1188.39
59.4878 238.565 466.263 715.904 947.379  1193.4
59.4878 239.565 468.263 718.904 951.379  1198.4
59.7257 240.522 470.263 721.904 955.183  1203.4
59.7257 241.526 472.263 724.916 959.168  1208.4
59.9585 242.467 474.263 727.742 963.168  1213.4
60.1913 243.409 476.263 730.567 967.168  1218.4
60.4288 244.409 478.143  733.45 971.168  1223.4
60.6689 245.409 480.042  736.45 975.168 1228.26
60.9101 246.409 482.042  739.45 979.045 1233.14
61.1497 247.409 484.042 742.359 982.896 1238.14
61.3872 248.409 485.922 745.242 986.896 1243.14
61.6199 249.351 487.922 748.068 990.896 1248.14
61.6199 250.353 489.922 751.068 994.878 1253.16
61.6199 251.357 491.888 754.068 998.878 1258.19
61.8509   252.3 493.888 756.894 1002.88 1263.19
 62.089   253.3  495.79 759.894 1006.74 1268.19
 62.089   254.3 497.762 762.917 1010.74 1273.19
 62.089   255.3 499.726 765.928 1014.74 1278.21
 62.089 256.304 501.692 768.928 1018.74 1283.24
 62.324 257.304 503.692 771.838  1022.6 1288.24
62.5565 258.264 505.692 774.838  1026.6 1293.05
62.5565 259.269 507.659 777.838  1030.6 1298.08
62.5565 260.268 509.659 780.836  1034.6 1303.08
62.5565 261.275 511.631 783.857  1038.6 1308.08
62.7888 262.275 513.631 786.768 1042.46 1313.08
62.7888 263.282 515.603 789.789 1046.46 1318.08
63.0183 264.282 517.487 792.675 1050.46 1323.08
63.2421  265.22 519.325 795.675 1054.46 1328.08
63.2421  266.22 521.298 798.697 1058.46 1333.08
63.2421 267.222 523.298 801.697 1062.44  1338.1
63.4691 268.181 525.298 804.697 1066.26  1343.1
63.4691  269.18 527.298 807.695 1070.26  1348.1
63.4691 270.182 529.298 810.695 1074.24 1353.12
63.6897 271.121 531.138 813.695 1078.24 1358.12
63.9116 272.066 533.138 816.529 1082.24 1363.12
63.9116 273.068 535.138 819.538 1086.23 1368.12
63.9116 274.069 537.138 822.538 1090.21 1373.13
63.9116 275.071 539.138 825.538 1094.19 1378.15
63.9116 276.071 541.107 828.538 1098.19 1383.18
64.1366 277.071 543.012 831.538 1102.19 1388.05
64.3613 278.071 545.012 834.451 1106.05 1393.05
64.3613 279.074  546.98 837.451 1110.05 1398.08
64.3613 280.081 548.953 840.472 1114.05 1403.08
64.3613  281.08 550.953 843.469 1118.05 1408.09
64.3613 282.082 552.953 846.478 1122.04 1413.09
64.3613 283.082 554.919 849.488 1126.04 1418.11
64.3613 284.082 556.919 852.492 1130.02 1423.12
64.3613 285.082 558.892 855.513 1134.03 1428.12
 64.575 286.029 560.892 858.353 1138.03 1433.12
 64.575 287.032  562.86 861.353 1142.03 1438.15
 64.575 288.032  564.86 864.356 1146.01 1443.17
 64.575 289.032  566.83 867.356 1150.01  1448.2
 64.575 290.032 568.804 870.377 1154.01  1453.2
 64.575 291.035 570.804 873.386    1158  1458.2
 64.575 292.035 572.779 876.406    1162  1463.2
 64.575 293.037 574.779 879.415 1165.99  1468.2
64.7875 294.037 576.671  882.31 1169.99  1473.2
64.7875 295.037 578.638 885.319 1173.99 1478.22
65.0022 296.037 580.638 888.319 1177.88 1483.12
65.0022 297.037 582.612  891.34 1181.89 1488.12
65.0022 298.036 584.612 894.337 1185.89 1493.13
65.2142 299.036 586.612 897.254 1189.89    1498
65.2142 300.039 588.612 900.262 1193.88    1503
65.4258 301.039 590.522 903.262 1197.88 1507.87
65.6375 302.039 592.433 906.262 1201.88 1512.75
65.6375  303.04 594.433 909.262 1205.86 1517.77
65.6375 304.041 596.433 912.262 1209.84 1522.78
65.6375 305.041   598.4 915.272 1213.84  1527.8
65.8472 306.041 600.312 918.272 1217.72  1532.8
66.0569 307.041 602.224 921.272  1221.6  1537.8
66.2647 308.041 604.118  924.17  1225.6  1542.8
66.2647 309.041 606.118 927.173 1229.58 1547.82
66.4673 309.986 607.971 930.173 1233.58 1552.82
66.4673 310.986 609.945 933.193 1237.59 1557.82
66.6752 311.986 611.945 936.113 1241.46 1562.82
66.8817 312.986  613.84 939.012 1245.46 1567.82
66.8817  313.99 615.809 942.012 1249.46 1572.85
 67.089  314.99 617.809 944.932 1253.34 1577.85
 67.089 315.993 619.777 947.932 1257.34 1582.87
67.2906 316.943 621.777  950.78 1261.34 1587.87
67.2906 317.944 623.777  953.78 1265.32 1592.89
67.2906 318.944 625.777 956.783  1269.3  1597.9
67.4939 319.907 627.777 959.783 1273.14  1602.9
67.4939  320.91 629.777 962.791 1277.13  1607.9
67.6988  321.91  631.69 965.791 1281.13 1612.79
67.6988  322.91  633.69 968.793 1285.11  1617.8
67.9028  323.91  635.69 971.713 1289.11 1622.68
67.9028 324.911  637.69 974.713 1293.09 1627.69
67.9028 325.913  639.69 977.721 1297.08 1632.69
68.1057 326.913  641.69 980.641 1301.08 1637.57
68.3085 327.913  643.69 983.561 1305.08 1642.44
68.3085 328.915  645.69 986.561 1309.07 1647.46
68.3085 329.915  647.69 989.564 1313.05 1652.47
68.3085 330.915 649.665 992.583 1317.06 1657.47
68.3085 331.921 651.641 995.601 1321.06 1662.47
68.5099 332.921 653.641 998.601 1324.95 1667.38
68.7106 333.921 655.556  1001.6 1328.95 1672.26
68.9113 334.921 657.471  1004.6 1332.95 1677.14
68.9113 335.921 659.439 1007.61 1336.95 1682.17
68.9113 336.923 661.439 1010.62 1340.94 1687.17
68.9113 337.926 663.439 1013.62 1344.93 1692.17
  69.11 338.926 665.439 1016.55 1348.81 1697.17
69.3088 339.926 667.439 1019.47 1352.69 1702.17
69.3088 340.926 669.439 1022.47 1356.67 1707.18
69.5052 341.892 671.439 1025.47 1360.67 1712.02
69.6977 342.839   673.3 1028.47 1364.67 1717.02
69.8941 343.805   675.3 1031.47 1368.67 1721.86
69.8941 344.805 677.269 1034.48 1372.67 1726.88
69.8941 345.804 679.269 1037.48 1376.67 1731.88
69.8941 346.804 681.269 1040.48 1380.66 1736.89
70.0905 347.804 683.269  1043.4 1384.66 1741.77
70.0905 348.803 685.269  1046.4 1388.66 1746.78
70.0905 349.807 687.241  1049.4 1392.66  1751.8
70.2858 350.807 689.241 1052.33 1396.54  1756.8
70.4811 351.807 691.241 1055.25 1400.42  1761.8
70.4811 352.813 693.217 1058.27 1404.42  1766.8
70.6714 353.765 695.217 1061.12 1408.42  1771.8
70.6714 354.765 697.191 1064.12 1412.42 1776.83
70.8665 355.765 699.191 1067.12 1416.32 1781.74
70.8665 356.765 701.191 1070.13  1420.3 1786.75
71.0602 357.765 703.191 1073.05 1424.18 1791.75
71.0602 358.769 705.163 1076.05 1428.18 1796.77
71.0602 359.768 707.163 1079.05 1432.18 1801.78
71.2537 360.768 709.163 1082.05 1436.08 1806.69
 71.441 361.716 711.027 1085.05 1440.08 1811.69
71.6283 362.665 712.891 1088.05 1444.08 1816.69
71.8208 363.665 714.891 1090.97 1448.08 1821.57
72.0134 364.665 716.891  1093.9 1452.08 1826.45
72.2062 365.665  718.81  1096.9 1455.97 1831.45
72.3971 366.631  720.81  1099.9 1459.97 1836.29
72.5877 367.597  722.81  1102.9 1463.81 1841.29
72.5877 368.604 724.791  1105.9 1467.83 1846.29
72.7806 369.604 726.791  1108.9 1471.73  1851.2
72.9673 370.553 728.656  1111.9 1475.73  1856.2
72.9673 371.553  730.63  1114.9 1479.72 1861.23
73.1536 372.501 732.495  1117.9 1483.72 1866.23
73.1536 373.501 734.466 1120.91 1487.72 1871.25
73.3433 374.501  736.37 1123.81 1491.72 1876.25
73.5345 375.501  738.29 1126.81 1495.61 1881.25
73.5345 376.507 740.267 1129.83 1499.61 1886.25
73.7198 377.455 742.133 1132.83 1503.61 1891.25
73.9104 378.455 744.052 1135.83 1507.61 1896.14
74.1008 379.455 746.052 1138.75  1511.5 1901.14
74.1008 380.463 748.032 1141.75 1515.51 1906.14
74.1008 381.463 750.032 1144.76 1519.49 1911.15
74.1008 382.463 752.003 1147.76 1523.49 1916.17
74.1008 383.463 753.974 1150.77 1527.49  1921.2
74.2851 384.416 755.974 1153.63 1531.49  1926.2
74.2851 385.416 757.945 1156.64 1535.49 1931.22
74.2851 386.416 759.922 1159.66  1539.5 1936.22
74.4728 387.416 761.842 1162.66  1543.5 1941.11
74.6554 388.366  763.71 1165.66  1547.5 1946.11
74.8413 389.333  765.71 1168.66  1551.5 1950.96
75.0296 390.333  767.71 1171.66  1555.4 1955.86
75.0296 391.335  769.71 1174.67 1559.39 1960.86
75.2151 392.303  771.71 1177.67 1563.39 1965.71
75.4023 393.303  773.63 1180.67 1567.39  1970.6
75.5895 394.303 775.551 1183.67 1571.29  1975.6
75.7773 395.303 777.551 1186.67 1575.19 1980.51
75.9594 396.252 779.419 1189.67 1579.19 1985.51
76.1414 397.202 781.287 1192.67 1583.19 1990.51
76.1414 398.209 783.268 1195.67  1587.2 1995.51
76.3282 399.209 785.189 1198.67  1591.1 2000.51
76.5098 400.159 787.057 1201.67  1595.1 2005.51
76.6965 401.159 788.977 1204.67  1599.1 2010.41
76.6965 402.166 790.957 1207.67 1603.11 2015.41
76.6965 403.166 792.928 1210.67 1607.11 2020.43
76.8802 404.131 794.928 1213.67 1610.96 2025.43
76.8802 405.131 796.898 1216.68 1614.96 2030.45
76.8802 406.132 798.898 1219.68 1618.95 2035.46
77.0637 407.132 800.805 1222.59 1622.95 2040.46
77.0637 408.132 802.805 1225.59 1626.93 2045.47
77.2486 409.132 804.805 1228.59 1630.84 2050.38
77.2486 410.137 806.782 1231.61 1634.84 2055.38
77.4326 411.137 808.703 1234.61 1638.84 2060.28
77.4326 412.137 810.676 1237.61 1642.84  2065.3
77.4326 413.144 812.657 1240.61 1646.85  2070.3
77.4326 414.144 814.627 1243.62 1650.85 2075.33
77.4326 415.146   816.6 1246.62 1654.85 2080.35
77.4326 416.151 818.577 1249.64 1658.85 2085.35
77.6128  417.12 820.577 1252.64 1662.85  2090.2
77.7946  418.12 822.499 1255.64 1666.85  2095.1
77.7946  419.12 824.475 1258.66 1670.86  2100.1
77.9746  420.12 826.383 1261.57 1674.86  2105.1
78.1518 421.075 828.383 1264.44 1678.86  2110.1
78.1518 422.075  830.36 1267.45 1682.86  2115.1
78.1518  423.08 832.337 1270.47 1686.86  2120.1
 78.332  424.08 834.337  1273.4 1690.75  2125.1
78.5078 425.031 836.209  1276.4 1694.75  2130.1
78.5078 426.031 838.209  1279.4 1698.74 2135.11
78.6879 427.031 840.132  1282.4 1702.74 2140.01
78.8633 427.983 842.005  1285.4 1706.74 2145.01
79.0439 428.983 844.005  1288.4 1710.65 2149.92
79.0439 429.984 846.005 1291.41 1714.64 2154.92
79.0439 430.984 847.978 1294.41 1718.64 2159.95
79.2218 431.984 849.887 1297.32 1722.64 2164.95
79.2218 432.984 851.887 1300.32 1726.63 2169.96
79.2218 433.987  853.86 1303.32 1730.63 2174.98
79.4007 434.987  855.86 1306.32 1734.54 2179.89
79.4007 435.987 857.836 1309.34 1738.54 2184.89
79.5792 436.987 859.836 1312.34 1742.45 2189.81
79.5792 437.987  861.81 1315.34 1746.45 2194.83
79.5792  438.99 863.783 1318.34 1750.45 2199.86
79.5792  439.99 865.783 1321.34 1754.44 2204.87
79.7545 440.959 867.783 1324.34 1758.44 2209.72
79.9297 441.928 869.783 1327.34 1762.44 2214.58
79.9297 442.926 871.783 1330.34 1766.44 2219.58
79.9297 443.924 873.783 1333.34 1770.44 2224.59
80.1042 444.894 875.783 1336.34 1774.44 2229.44
80.1042 445.894 877.783 1339.34 1778.43 2234.45
80.2799 446.894 879.708 1342.34 1782.33 2239.45
80.2799 447.892 881.708 1345.34 1786.33 2244.46
80.4513 448.848 883.708 1348.21 1790.33 2249.46
80.4513 449.851 885.681 1351.21 1794.33 2254.48
80.6249 450.851 887.592 1354.13 1798.33 2259.48
80.6249 451.851 889.592 1357.13 1802.31 2264.49
80.6249 452.855  891.57 1360.14 1806.31 2269.49
80.7987 453.855  893.57 1363.08 1810.21 2274.49
80.9728 454.855 895.495 1366.08 1814.21 2279.39
80.9728 455.855 897.473 1369.09 1818.21 2284.39
81.1462 456.855 899.473 1372.03 1822.21 2289.28
81.1462 457.854 901.473 1375.03 1826.21 2294.29
81.1462 458.855 903.473 1378.03 1830.21 2299.29
81.1462 459.859 905.451 1381.05 1834.21 2304.29
 81.317 460.827 907.451 1384.05 1838.07 2309.29
81.4896 461.827 909.377 1387.05 1842.07 2314.19
81.6619 462.827 911.377 1389.98 1845.96 2319.19
 81.833 463.797 913.377 1392.98 1849.96 2324.05
 81.833 464.797 915.355    1396 1853.97 2329.05
 82.005 465.797 917.355 1398.93 1857.86 2334.05
82.1754 466.765 919.355 1401.93 1861.73 2339.05
82.3481 467.765 921.355 1404.93 1865.64 2343.96
82.3481 468.768 923.329 1407.93 1869.64 2348.99
82.3481 469.768 925.302 1410.94 1873.64 2354.01
82.3481 470.774 927.284 1413.94 1877.65 2359.01
 82.519 471.774 929.284 1416.87 1881.65  2363.9
82.6906 472.774 931.284 1419.87 1885.56 2368.82
82.6906 473.776 933.258 1422.87 1889.56 2373.84
82.6906 474.776 935.258 1425.87 1893.55 2378.85
82.6906 475.775 937.258 1428.87 1897.55 2383.85
82.8611 476.775 939.258 1431.87 1901.47 2388.77
82.8611 477.777 941.233 1434.87 1905.47 2393.79
83.0296 478.777 943.147 1437.79 1909.47 2398.79
83.0296 479.777 945.147 1440.79 1913.45  2403.8
83.1972 480.746 947.147 1443.79 1917.32  2408.8
83.1972 481.744 949.147 1446.79 1921.32  2413.8
83.3662 482.744 951.075 1449.79 1925.32 2418.71
83.5311 483.699 952.956 1452.79 1929.32 2423.71
83.5311 484.699 954.956 1455.79  1933.3 2428.72
83.6997 485.699 956.884 1458.79 1937.21 2433.72
83.6997 486.697 958.884 1461.79 1941.21 2438.72
83.6997 487.702 960.863 1464.81 1945.21 2443.72
83.6997 488.703 962.863 1467.82  1949.2 2448.72
83.6997 489.703 964.841 1470.83 1953.21 2453.72
83.6997 490.703 966.841 1473.83 1957.19 2458.73
83.6997 491.703  968.82 1476.85  1961.2 2463.73
83.6997 492.709 970.802 1479.85 1965.21 2468.73
 83.862 493.664 972.684 1482.85 1969.21 2473.73
 83.862 494.664  974.66 1485.85 1973.21 2478.75
 84.028 495.664 976.588 1488.85 1977.21 2483.66
84.1944 496.664 978.588 1491.85 1981.13 2488.58
84.3608 497.664 980.588 1494.85 1985.04  2493.5
84.3608 498.665 982.588 1497.86 1989.03  2498.5
84.3608 499.666 984.588 1500.86 1993.03  2503.5
84.5261 500.666 986.518 1503.86 1997.03  2508.4
84.6874 501.622 988.401 1506.86 2001.03  2513.4
84.8524 502.622 990.401  1509.8 2004.92  2518.4
85.0142  503.58 992.401 1512.68 2008.92  2523.4
85.1761 504.539 994.401 1515.56 2012.92  2528.4
85.1761 505.539 996.401 1518.56 2016.91 2533.41
85.3408 506.539 998.401  1521.5 2020.81 2538.41
85.5041 507.508  1000.4  1524.5 2024.68 2543.41
85.5041 508.508 1002.38 1527.51 2028.68 2548.41
85.6648 509.464 1004.26 1530.51 2032.68 2553.41
85.8291 510.464 1006.26 1533.45 2036.58 2558.41
85.8291 511.466 1008.24 1536.45 2040.58 2563.43
85.8291 512.466 1010.22 1539.45 2044.58 2568.46
85.9892 513.422  1012.1 1542.45 2048.58 2573.46
85.9892 514.422  1014.1 1545.45 2052.57 2578.47
86.1512 515.391  1016.1 1548.45 2056.44 2583.47
 86.311 516.347 1017.98 1551.45 2060.44 2588.47
86.4751 517.347 1019.98 1554.45 2064.36 2593.39
86.6384 518.347 1021.98 1557.39 2068.36 2598.29
86.8009 519.347  1023.9 1560.31 2072.36 2603.29
 86.963 520.317  1025.9 1563.31 2076.22 2608.29
87.1265 521.317 1027.83 1566.31 2080.22 2613.19
87.2886 522.286 1029.83 1569.31 2084.09 2618.19
 87.451 523.286 1031.75 1572.23 2088.09 2623.19
87.6108 524.242 1033.63 1575.23 2092.09 2628.19
87.7728 525.211 1035.63 1578.23 2095.96 2633.19
87.7728 526.211 1037.61 1581.25 2099.97 2638.19
87.7728 527.211 1039.61 1584.25 2103.96  2643.2
87.9324  528.17 1041.61 1587.13 2107.96  2648.2
88.0921 529.129 1043.61 1590.01 2111.96  2653.2
88.2537 530.099 1045.61 1593.01 2115.96 2658.07
88.4133 531.058 1047.61 1595.89 2119.96 2663.07
88.4133 532.062 1049.59 1598.91 2123.96 2668.07
88.4133 533.063 1051.57 1601.91 2127.96 2673.09
88.5756 534.063  1053.5 1604.91 2131.86 2678.09
88.7384 535.063  1055.5 1607.91 2135.78 2683.01
88.8996 536.063 1057.41 1610.83 2139.78 2688.01
89.0619 537.063 1059.34 1613.83 2143.78 2692.92
89.0619 538.065 1061.32 1616.83 2147.78 2697.94
89.0619 539.069  1063.3 1619.84 2151.78 2702.94
89.2225 540.069 1065.22 1622.77 2155.78 2707.94
89.2225 541.071 1067.19 1625.77 2159.78 2712.97
89.2225 542.071 1069.17 1628.77 2163.78 2717.99
89.2225 543.074 1071.15 1631.79 2167.78 2722.99
89.3834 544.074 1073.08 1634.79 2171.69 2727.99
89.3834 545.078 1075.06 1637.81 2175.69 2732.99
89.3834 546.078 1077.06 1640.81 2179.68    2738
89.3834 547.083 1079.04 1643.81 2183.69    2743
89.5433 548.083 1080.97 1646.81 2187.69  2747.9
89.7001 549.043 1082.97 1649.69 2191.69  2752.9
89.7001 550.041 1084.97 1652.69 2195.69 2757.91
89.7001 551.039 1086.97 1655.69 2199.69 2762.91
89.7001 552.038 1088.97 1658.69 2203.68 2767.92
89.8561 552.998 1090.97 1661.57 2207.68 2772.92
90.0139  553.97 1092.97 1664.57 2211.68 2777.79
90.0139 554.971 1094.95 1667.57 2215.68 2782.82
90.1696 555.931 1096.95 1670.46 2219.68 2787.82
90.3284 556.931 1098.88 1673.46 2223.68 2792.73
90.3284 557.931 1100.88 1676.46 2227.67 2797.73
90.4833 558.888 1102.77 1679.46 2231.67 2802.73
90.4833 559.888 1104.77 1682.46 2235.66 2807.73
 90.638 560.845 1106.66 1685.46 2239.66 2812.73
 90.638 561.846 1108.66 1688.47 2243.65 2817.73
 90.638 562.846 1110.64 1691.48 2247.66 2822.73
 90.638 563.846 1112.61 1694.49 2251.66 2827.75
 90.638 564.846 1114.59 1697.49 2255.66 2832.78
 90.638 565.846 1116.59  1700.5 2259.65 2837.78
 90.638 566.847 1118.56  1703.5 2263.65  2842.8
 90.638 567.845 1120.56  1706.5 2267.65  2847.8
 90.638 568.846 1122.54  1709.5 2271.65 2852.83
 90.638 569.846 1124.51  1712.5 2275.65 2857.84
90.7936 570.846 1126.51 1715.44 2279.65 2862.75
90.9464 571.807 1128.51 1718.33 2283.65 2867.75
91.1011 572.807 1130.44 1721.25 2287.65 2872.75
91.1011 573.807 1132.41 1724.25 2291.65 2877.77
91.2564 574.807 1134.41 1727.19 2295.56 2882.77
91.4119 575.807 1136.34 1730.19 2299.47 2887.77
91.5678 576.807 1138.34 1733.19 2303.39  2892.7
91.5678 577.806 1140.34 1736.19 2307.38 2897.71
91.5678 578.811 1142.33 1739.19 2311.39 2902.71
91.7218 579.811 1144.25 1742.12 2315.39 2907.71
91.7218 580.815 1146.23 1745.13 2319.39 2912.71
91.8765 581.815 1148.16 1748.13 2323.31 2917.71
91.8765 582.815 1150.14 1751.14 2327.31 2922.72
92.0297 583.787 1152.14 1754.14 2331.31  2927.6
92.0297 584.786 1154.14 1757.14  2335.3 2932.61
92.0297 585.784 1156.14 1760.14  2339.3 2937.61
92.0297 586.787 1158.12 1763.15  2343.3 2942.61
92.1804 587.748 1160.12 1766.04  2347.3 2947.61
92.3339 588.748 1162.12 1768.98  2351.3 2952.52
92.4873 589.748 1164.12 1771.92  2355.3 2957.43
92.4873 590.748 1166.09 1774.93  2359.3 2962.45
92.6405 591.748 1168.09 1777.87  2363.2 2967.45
92.7937 592.748 1170.09 1780.81 2367.11 2972.45
92.9437 593.707 1171.99 1783.81 2371.11 2977.45
92.9437 594.706 1173.99 1786.81  2375.1 2982.46
92.9437 595.706 1175.99 1789.81 2379.09 2987.47
92.9437 596.705 1177.99 1792.81 2383.08 2992.48
92.9437 597.705 1179.97 1795.82 2387.09 2997.48
93.0951 598.705 1181.89 1798.75 2391.09 3002.48
93.0951 599.709 1183.87 1801.76 2395.09 3007.48
93.2473 600.709  1185.8 1804.76    2399 3012.48
93.2473 601.709 1187.78 1807.76    2403  3017.5
93.2473 602.709 1189.76 1810.78 2407.01  3022.5
93.3989 603.709  1191.7 1813.78 2411.01 3027.41
93.3989 604.709 1193.67 1816.78 2415.01 3032.43
93.3989 605.709 1195.67 1819.79    2419 3037.43
93.5498 606.709 1197.67 1822.73 2422.91 3042.43
93.5498 607.708 1199.67 1825.73  2426.9 3047.44
93.5498 608.708 1201.65 1828.73  2430.9 3052.46
93.7004 609.708 1203.58 1831.73 2434.82 3057.46
93.8501 610.708 1205.51 1834.66 2438.82 3062.46
93.8501 611.708 1207.48 1837.66 2442.82 3067.48
94.0005 612.708 1209.42 1840.66 2446.73 3072.48
94.0005 613.709 1211.39 1843.66 2450.73  3077.5
94.0005 614.707 1213.39 1846.66 2454.73 3082.51
94.1508 615.707 1215.39 1849.66 2458.65 3087.44
94.1508 616.707 1217.37 1852.67 2462.66 3092.44
94.1508 617.707 1219.37 1855.67 2466.65 3097.45
94.1508  618.71 1221.36 1858.69 2470.65 3102.45
94.2988 619.683 1223.36 1861.69 2474.65 3107.32
94.2988 620.683 1225.34  1864.7 2478.65 3112.32
94.2988 621.687 1227.32 1867.72 2482.65 3117.32
94.4467 622.687 1229.24 1870.65 2486.65 3122.32
94.4467  623.69 1231.22 1873.66 2490.65 3127.32
94.5938 624.662 1233.22 1876.66 2494.54 3132.32
94.7396 625.625 1235.22 1879.55 2498.54 3137.32
94.7396 626.625 1237.22 1882.56 2502.53 3142.32
94.8865 627.597 1239.22 1885.56 2506.41 3147.32
94.8865 628.597  1241.2 1888.56 2510.41 3152.35
94.8865 629.597  1243.2 1891.56 2514.41 3157.35
95.0343 630.597 1245.14 1894.56 2518.41 3162.26
 95.182 631.597 1247.07 1897.56 2522.41 3167.18
95.3298 632.597 1249.01 1900.56 2526.32 3172.18
95.4745 633.557  1250.9 1903.56 2530.32 3177.18
95.4745 634.557  1252.9 1906.56 2534.31 3182.19
 95.622 635.557 1254.84 1909.56 2538.23 3187.19
 95.622 636.557 1256.82 1912.58 2542.23 3192.19
 95.622 637.557  1258.8 1915.58 2546.23 3197.21
 95.622 638.558 1260.77 1918.58 2550.23 3202.23
 95.622  639.56 1262.75 1921.58 2554.23 3207.25
 95.622  640.56 1264.73  1924.6 2558.24 3212.25
95.7687  641.56 1266.73  1927.6 2562.16 3217.18
95.7687 642.563 1268.71 1930.61 2566.16 3222.18
95.9147 643.563 1270.71 1933.56 2570.16 3227.09
95.9147 644.565 1272.69 1936.56 2574.16 3232.11
96.0604 645.565 1274.69  1939.5 2578.08 3237.11
96.0604 646.565 1276.67  1942.5 2582.08 3242.13
96.2061 647.565  1278.6  1945.5 2586.08 3247.05
96.2061 648.565  1280.6  1948.5 2590.07 3252.05
96.3519 649.565  1282.6  1951.5    2594 3256.98
96.3519 650.569 1284.58 1954.52    2598 3261.98
96.4972 651.569 1286.52 1957.52    2602  3266.9
96.6428 652.569 1288.52 1960.52 2605.92 3271.83
96.7851 653.529 1290.42 1963.52 2609.92 3276.83
96.7851 654.528 1292.42 1966.52 2613.91 3281.84
96.7851 655.532  1294.4 1969.53 2617.91 3286.84
96.9287 656.505  1296.4 1972.53  2621.8 3291.84
96.9287 657.504  1298.4 1975.53 2625.79 3296.85
96.9287 658.504 1300.38 1978.54 2629.79 3301.87
97.0731 659.504 1302.31 1981.54 2633.79 3306.78
97.2174 660.504 1304.25 1984.54 2637.79  3311.7
97.3616 661.504 1306.25 1987.48  2641.7  3316.7
97.3616 662.504 1308.23  1990.5  2645.7  3321.7
 97.505 663.504 1310.16 1993.43  2649.7  3326.7
97.6479 664.476 1312.16 1996.43 2653.59  3331.7
97.7909 665.449 1314.16 1999.43 2657.47  3336.7
 97.935 666.449 1316.09 2002.43 2661.39  3341.7
98.0766 667.413 1318.09 2005.32 2665.39  3346.7
98.0766 668.413 1320.07 2008.32 2669.39 3351.72
98.0766 669.413 1322.05 2011.32 2673.39 3356.75
98.0766 670.414 1324.03 2014.32 2677.39 3361.77
98.2193 671.414 1325.95 2017.25 2681.39 3366.77
98.2193 672.412 1327.95 2020.25 2685.39 3371.77
98.3624 673.412 1329.95  2023.2 2689.39 3376.69
98.3624 674.411 1331.95  2026.2 2693.38  3381.7
98.3624 675.411 1333.93  2029.2 2697.38 3386.72
98.5028 676.375 1335.93 2032.09 2701.38 3391.72
98.5028 677.376 1337.91 2035.09 2705.38 3396.74
98.6443 678.349 1339.91 2038.09 2709.27 3401.74
98.7873 679.349 1341.91 2041.09 2713.19 3406.67
98.9274 680.313 1343.91 2043.99 2717.19 3411.67
98.9274 681.317 1345.89 2046.99 2721.21 3416.67
99.0691 682.317 1347.82 2049.92 2725.21 3421.67
 99.209 683.281 1349.82 2052.81 2729.21 3426.67
99.3518 684.281 1351.82 2055.81 2733.13  3431.6
99.3518 685.281 1353.82 2058.82 2737.13  3436.6
99.3518 686.283  1355.8 2061.82 2741.13 3441.62
99.3518 687.283  1357.8 2064.82 2745.12 3446.62
99.4924 688.256  1359.8 2067.82 2749.01 3451.62
99.6346 689.256  1361.8 2070.82 2752.94 3456.55
99.7739  690.22  1363.8 2073.72 2756.94 3461.55
99.9156  691.22  1365.8 2076.66 2760.85 3466.55
99.9156 692.223 1367.78 2079.68 2764.85 3471.55
99.9156 693.223 1369.76 2082.68 2768.85 3476.57
100.056 694.223 1371.69 2085.61 2772.85 3481.57
100.056 695.223 1373.69 2088.61 2776.84 3486.58
100.197 696.223 1375.69 2091.56 2780.84  3491.5
100.197 697.224 1377.67 2094.56 2784.84 3496.52
100.197 698.228 1379.65 2097.57 2788.84 3501.52
100.337 699.228 1381.58  2100.5 2792.84 3506.52
100.478 700.228 1383.52  2103.5 2796.76 3511.52
100.478 701.231  1385.5 2106.52 2800.76 3516.52
100.618 702.205  1387.5 2109.52 2804.76  3521.4
100.618 703.209 1389.48 2112.53 2808.76  3526.4
100.618 704.209 1391.46 2115.53 2812.76 3531.43
100.758 705.209 1393.46 2118.53 2816.69 3536.36
100.896 706.171 1395.36 2121.53 2820.69 3541.36
101.036 707.171  1397.3 2124.53 2824.61 3546.36
101.176 708.171  1399.3 2127.53 2828.54 3551.29
101.316 709.171 1401.23 2130.46 2832.54 3556.29
101.316 710.172 1403.21 2133.46 2836.54 3561.31
101.316 711.172 1405.21 2136.47 2840.53 3566.31
101.455 712.145 1407.21 2139.47 2844.42 3571.31
101.455 713.145 1409.19 2142.48 2848.42 3576.31
101.594 714.145 1411.19 2145.48 2852.35 3581.24
101.734 715.145 1413.19 2148.48 2856.28 3586.17
101.734 716.147 1415.17 2151.48 2860.28 3591.19
101.734  717.15 1417.15 2154.49 2864.28 3596.19
101.734  718.15 1419.15  2157.5 2868.27 3601.19
101.871 719.115 1421.15  2160.4 2872.27 3606.19
 102.01 720.115 1423.09  2163.4  2876.2 3611.19
 102.01 721.118 1425.07 2166.41  2880.2 3616.19
102.149 722.118 1427.07 2169.41 2884.12 3621.13
102.288 723.118 1429.07 2172.36 2888.04 3626.13
102.288 724.118 1431.05 2175.37 2892.05 3631.13
102.426 725.118 1432.98  2178.3 2896.05 3636.13
102.564 726.093 1434.98  2181.3 2900.05 3641.01
102.564 727.096 1436.97 2184.32 2904.05 3646.01
102.564 728.094 1438.97 2187.31 2908.05 3651.02
102.699 729.056 1440.87 2190.31 2912.05 3656.02
102.699 730.056 1442.87 2193.31 2916.04 3661.03
102.699 731.056 1444.85 2196.33 2920.04 3666.03
102.699 732.056 1446.83 2199.34 2924.05 3671.03
102.837 733.056 1448.77 2202.34 2928.05 3675.95
102.974 734.056 1450.77 2205.29 2931.96 3680.95
103.111 735.029 1452.77 2208.29 2935.85 3685.95
103.111 736.031 1454.75 2211.29 2939.85 3690.97
103.111 737.032 1456.73 2214.29 2943.85 3695.99
103.111 738.035 1458.71  2217.3 2947.85 3700.99
103.111 739.035 1460.69  2220.3 2951.85 3706.01
103.111 740.035 1462.67 2223.31 2955.85 3711.02
103.111 741.036 1464.64 2226.31 2959.85 3716.04
103.111 742.036 1466.64 2229.31 2963.84 3721.05
103.111 743.037 1468.62 2232.31 2967.84 3726.07
103.111 744.037 1470.62 2235.32 2971.84 3731.07
103.111  745.04 1472.61 2238.33 2975.84 3736.07
103.111  746.04 1474.59 2241.33 2979.84  3741.1
103.111 747.042 1476.56 2244.33 2983.84 3746.12
103.111 748.043 1478.54 2247.33 2987.84 3751.14
103.244 749.006 1480.45 2250.33 2991.84 3756.14
103.244 750.006 1482.45 2253.34 2995.83 3761.14
103.244  751.01 1484.43 2256.34 2999.84 3766.14
103.379  752.01 1486.43 2259.28 3003.84 3771.05
103.379 753.013 1488.41  2262.3 3007.84 3776.05
103.514 754.013 1490.41  2265.3 3011.77 3780.99
103.514 755.013 1492.41  2268.3 3015.76    3786
103.514 756.013 1494.39  2271.3 3019.76 3791.01
103.648 757.013 1496.39  2274.3 3023.69 3795.95
103.782 758.013 1498.32 2277.24 3027.69 3800.95
103.916 759.013 1500.32 2280.18 3031.61 3805.95
104.051 760.013 1502.27 2283.18 3035.54 3810.95
104.185 761.013 1504.27 2286.13 3039.54 3815.87
 104.32 762.013 1506.21 2289.13 3043.54 3820.79
 104.32 763.018 1508.19 2292.13 3047.55 3825.79
 104.32 764.018 1510.19 2295.14 3051.54 3830.79
104.454 765.018 1512.13 2298.14 3055.47 3835.79
104.587 765.992 1514.13 2301.14 3059.36 3840.79
 104.72 766.992 1516.06 2304.07 3063.36 3845.79
 104.72 767.997 1518.05 2307.07 3067.37 3850.79
104.852 768.963 1520.05 2309.97 3071.37 3855.79
104.986 769.963 1522.05 2312.92 3075.29 3860.79
105.119 770.937 1524.05 2315.92 3079.18 3865.79
105.119  771.94 1526.03 2318.93 3083.18 3870.79
105.252  772.94 1528.03 2321.88  3087.1 3875.79
105.252 773.945 1530.02 2324.88 3091.11 3880.79
105.252 774.945    1532 2327.89 3095.12 3885.79
105.385  775.92    1534 2330.89 3099.12 3890.68
105.385  776.92 1535.98  2333.9 3103.12  3895.7
105.385 777.918 1537.98  2336.9 3107.12  3900.7
105.518 778.918 1539.98 2339.85 3111.04  3905.7
105.518 779.918 1541.96 2342.86 3115.04  3910.7
105.651 780.918 1543.96 2345.81 3118.96  3915.7
105.783 781.918 1545.89 2348.74 3122.96  3920.7
105.913 782.882  1547.8 2351.74 3126.96  3925.7
106.046 783.882 1549.74 2354.74 3130.88  3930.7
106.178 784.858 1551.74 2357.74 3134.88  3935.6
106.178 785.858 1553.74 2360.74 3138.87 3940.61
106.178 786.862 1555.73 2363.74 3142.88 3945.61
 106.31 787.838 1557.73 2366.74 3146.88  3950.5
 106.31 788.838  1559.7 2369.75 3150.88 3955.52
 106.31 789.836  1561.7 2372.75 3154.88 3960.52
 106.31 790.836  1563.7 2375.75 3158.88 3965.52
 106.44 791.802  1565.7 2378.65 3162.88 3970.52
 106.44 792.806 1567.69 2381.65 3166.89 3975.52
 106.44 793.806 1569.67 2384.65 3170.89 3980.54
106.571 794.782 1571.67 2387.65 3174.89 3985.43
106.571 795.786 1573.66 2390.65  3178.9 3990.43
106.571 796.787 1575.63 2393.65  3182.9 3995.45
106.571 797.788 1577.61 2396.65  3186.9 4000.47
106.699 798.752 1579.52 2399.65  3190.9 4005.47
106.831 799.752 1581.52 2402.65 3194.83 4010.41
106.831  800.75 1583.52 2405.65 3198.83 4015.41
106.831  801.75 1585.52 2408.65 3202.82 4020.42
106.962  802.75 1587.46 2411.65 3206.75 4025.42
106.962  803.75 1589.45 2414.66 3210.75 4030.42
 107.09 804.715 1591.35 2417.66 3214.75 4035.42
107.218 805.679 1593.26 2420.66 3218.75 4040.42
107.218 806.679 1595.26 2423.67 3222.75 4045.42
107.218 807.682 1597.25 2426.68 3226.75 4050.42
107.349 808.682 1599.19 2429.68 3230.68 4055.42
107.477 809.649 1601.19 2432.59 3234.68 4060.42
107.608 810.649 1603.19 2435.54 3238.68 4065.34
107.608 811.649 1605.19 2438.54 3242.67 4070.34
107.738 812.649 1607.19 2441.49 3246.59 4075.34
107.867 813.649 1609.12 2444.43 3250.59 4080.34
107.867 814.649  1611.1 2447.44  3254.6 4085.34
107.867 815.652 1613.09 2450.45  3258.6 4090.34
107.997 816.652 1615.09  2453.4  3262.6 4095.26
107.997 817.652 1617.07  2456.4  3266.6 4100.28
108.126 818.627 1619.07  2459.4 3270.49 4105.28
108.254 819.594 1621.07 2462.31 3274.49 4110.28
108.254 820.594 1623.05 2465.31 3278.49 4115.31
108.382  821.57 1625.05 2468.31 3282.39 4120.31
108.382  822.57 1627.03 2471.31 3286.39 4125.33
108.382  823.57 1629.03 2474.31 3290.38 4130.33
108.382 824.567 1631.03  2477.3 3294.38 4135.34
108.511 825.544 1633.03  2480.3 3298.38 4140.23
108.511 826.544 1635.01 2483.32 3302.38 4145.23
108.639 827.544 1636.95 2486.25 3306.38 4150.23
108.766 828.508 1638.85 2489.25 3310.38 4155.23
108.766 829.509 1640.83 2492.25 3314.38 4160.25
108.894 830.509 1642.77 2495.19 3318.38 4165.25
 109.02 831.474 1644.68 2498.19 3322.38 4170.25
 109.02 832.477 1646.66  2501.2 3326.38 4175.25
 109.02 833.475 1648.66  2504.2 3330.38 4180.26
 109.02 834.475 1650.66  2507.2 3334.37 4185.27
 109.02 835.475 1652.64  2510.2 3338.37 4190.29
109.148 836.475 1654.58  2513.2 3342.37 4195.22
109.148 837.475 1656.58 2516.21 3346.37 4200.22
109.277 838.475 1658.58 2519.21  3350.3 4205.15
109.404 839.451 1660.58 2522.21  3354.3 4210.05
109.404 840.451 1662.57 2525.22 3358.31 4215.05
109.404 841.449 1664.57 2528.22 3362.31 4220.05
109.404 842.449 1666.55 2531.22 3366.31 4225.07
109.404 843.449 1668.55 2534.22  3370.3 4230.08
109.531 844.449 1670.55 2537.17 3374.22 4235.08
109.659 845.449 1672.49 2540.17 3378.22 4240.01
109.659 846.449 1674.47 2543.18 3382.23 4245.01
109.659 847.452 1676.46 2546.19 3386.23 4250.01
109.659 848.452 1678.46  2549.2 3390.22 4255.01
109.659 849.451 1680.46  2552.2 3394.21 4260.02
109.659 850.452 1682.44  2555.2 3398.21 4265.04
109.784 851.419 1684.44  2558.1 3402.21 4270.04
109.784 852.418 1686.44  2561.1 3406.21 4275.05
109.784 853.418 1688.44 2564.11  3410.2 4280.05
 109.91 854.418 1690.38 2567.11  3414.2 4284.98
 109.91 855.417 1692.38 2570.11 3418.19 4289.99
 109.91 856.417 1694.37 2573.12  3422.2 4294.99
 109.91 857.417 1696.37 2576.12 3426.19 4299.99
 109.91 858.415 1698.37 2579.12 3430.19 4304.99
110.036 859.415 1700.31 2582.12 3434.12 4309.99
110.161 860.391 1702.31 2585.12 3438.02 4314.99
110.161 861.391 1704.29 2588.13 3442.02 4320.01
110.287 862.391 1706.29 2591.13 3445.96 4324.95
110.287 863.393 1708.27 2594.14 3449.96 4329.95
110.287 864.393 1710.27 2597.15 3453.95 4334.95
110.412 865.393 1712.21 2600.08 3457.95 4339.95
110.412 866.396 1714.19  2603.1 3461.95 4344.95
110.412 867.394 1716.19  2606.1 3465.95 4349.95
110.537 868.394 1718.14  2609.1 3469.95 4354.88
110.537 869.394 1720.12  2612.1 3473.95  4359.9
 110.66  870.36 1722.03  2615.1 3477.95  4364.9
 110.66 871.364 1724.01  2618.1 3481.96  4369.9
110.785 872.364 1726.01  2621.1  3485.9 4374.84
110.785 873.361 1728.01  2624.1  3489.9 4379.84
110.785 874.361 1730.01  2627.1 3493.89 4384.85
110.909 875.361 1731.96  2630.1 3497.82 4389.85
111.032  876.33 1733.96 2633.01 3501.82 4394.85
111.155 877.298 1735.96 2635.92 3505.82 4399.85
111.279 878.298 1737.91 2638.92 3509.82 4404.78
111.279 879.298 1739.91 2641.92 3513.82 4409.78
111.404 880.298 1741.85 2644.92 3517.75 4414.78
111.528 881.298  1743.8 2647.92 3521.75 4419.71
111.528 882.301 1745.78 2650.94 3525.75 4424.71
111.652 883.301 1747.72 2653.88 3529.75 4429.71
111.652 884.301  1749.7 2656.88 3533.75 4434.73
111.652 885.301 1751.67 2659.89 3537.75 4439.74
111.652 886.301 1753.65 2662.89 3541.75 4444.76
111.775 887.278 1755.65 2665.89 3545.75 4449.66
111.775 888.278 1757.63 2668.89 3549.75 4454.68
111.775 889.281 1759.62  2671.9 3553.75 4459.68
111.896 890.248 1761.53  2674.9 3557.75 4464.68
111.896 891.248 1763.51 2677.91 3561.75 4469.69
112.019 892.248 1765.45 2680.85 3565.75 4474.69
112.142 893.224 1767.45 2683.85 3569.65 4479.69
112.263 894.192 1769.45 2686.76 3573.65 4484.69
112.385 895.161 1771.45 2689.67 3577.65 4489.69
112.385 896.161 1773.43 2692.67 3581.65 4494.71
112.508 897.161 1775.36 2695.61 3585.65 4499.71
 112.63 898.138 1777.36 2698.61 3589.65 4504.61
112.752 899.106 1779.36 2701.52 3593.65 4509.61
112.752 900.106 1781.36 2704.53 3597.64 4514.62
112.752 901.104 1783.36 2707.52 3601.64 4519.62
112.875 902.104 1785.36 2710.52 3605.57 4524.56
112.997 903.081 1787.36 2713.52 3609.57 4529.46
112.997 904.082 1789.34 2716.52 3613.57 4534.48
112.997 905.082 1791.34 2719.52 3617.57 4539.49
 113.12 906.082 1793.29 2722.52 3621.57 4544.42
 113.12 907.082 1795.27 2725.53 3625.57 4549.42
 113.24 908.048 1797.18 2728.53 3629.57 4554.42
 113.24 909.047 1799.18 2731.53 3633.56 4559.43
 113.24  910.05 1801.17 2734.53 3637.57 4564.43
113.363  911.05 1803.12 2737.53 3641.51 4569.43
113.485  912.05 1805.12 2740.49 3645.51 4574.36
113.485 913.054  1807.1 2743.49 3649.52 4579.36
113.485 914.057 1809.09 2746.49 3653.53 4584.36
113.607 915.057 1811.09 2749.44 3657.53 4589.28
113.607 916.057 1813.07 2752.45 3661.53 4594.28
113.729 917.057 1815.02 2755.45 3665.46 4599.28
 113.85 918.034 1817.02 2758.45 3669.37 4604.28
 113.97     919 1818.93 2761.45 3673.37 4609.28
114.092     920 1820.88 2764.45 3677.37 4614.21
114.092 921.003 1822.86 2767.46 3681.37 4619.21
114.092 922.006 1824.85 2770.46 3685.38 4624.21
114.092 923.006 1826.83 2773.47 3689.38 4629.21
114.213 924.006 1828.77 2776.41 3693.38 4634.21
114.334 925.006 1830.72 2779.41 3697.38 4639.15
114.456 926.006 1832.66 2782.41 3701.38 4644.08
114.577 927.006 1834.61 2785.41 3705.38 4649.01
114.697 927.975 1836.61 2788.33 3709.38 4654.01
114.697 928.975 1838.61 2791.33 3713.37 4659.02
114.817 929.944 1840.61 2794.24 3717.37 4664.02
114.938 930.922 1842.61 2797.24 3721.37 4668.92
115.059 931.922 1844.56 2800.24 3725.37 4673.85
115.179 932.891 1846.56 2803.15 3729.37 4678.85
115.179 933.894 1848.54 2806.15 3733.38 4683.85
  115.3 934.894 1850.54  2809.1 3737.31 4688.85
 115.42  935.87 1852.54  2812.1 3741.21 4693.85
115.542  936.87 1854.54  2815.1 3745.15 4698.79
115.662  937.87 1856.48 2818.04 3749.15 4703.79
115.782 938.839 1858.48 2820.95 3753.15 4708.79
115.903 939.839 1860.43 2823.95 3757.15 4713.73
116.024 940.816 1862.43 2826.95 3761.06 4718.73
116.024 941.816 1864.41 2829.95 3765.06 4723.74
116.144 942.792 1866.41 2832.95 3768.96 4728.74
116.265 943.792 1868.41 2835.95  3772.9 4733.69
116.265 944.795 1870.39 2838.95 3776.91 4738.69
116.265 945.793 1872.39 2841.95 3780.91 4743.69
116.265 946.796 1874.38 2844.95 3784.92 4748.69
116.386 947.796 1876.38  2847.9 3788.92 4753.62
116.386 948.796 1878.36 2850.91 3792.92 4758.62
116.504 949.763 1880.28 2853.91 3796.92 4763.62
116.504 950.762 1882.28 2856.91 3800.92 4768.63
116.625 951.762 1884.28 2859.87 3804.84 4773.63
116.745 952.739 1886.28 2862.87 3808.84 4778.53
116.745 953.743 1888.26 2865.87 3812.85 4783.53
116.745 954.746 1890.25 2868.87 3816.87 4788.53
116.745 955.749 1892.24 2871.87 3820.88 4793.53
116.745 956.749 1894.24 2874.87 3824.87 4798.54
116.864 957.749 1896.17 2877.81 3828.87 4803.54
116.864 958.749 1898.15 2880.81 3832.87 4808.55
116.864 959.749 1900.15 2883.82 3836.86 4813.55
116.983 960.749 1902.09 2886.76 3840.86 4818.55
117.101 961.716 1904.01 2889.76 3844.86 4823.55
117.221 962.716 1906.01 2892.76  3848.8 4828.49
 117.34 963.716 1907.95  2895.7  3852.8 4833.49
 117.34 964.716 1909.93  2898.7  3856.8 4838.51
 117.46 965.716 1911.87  2901.7 3860.74 4843.51
 117.46 966.715 1913.87  2904.7 3864.73 4848.52
 117.46 967.714 1915.87 2907.71 3868.73 4853.52
 117.46 968.714 1917.87 2910.71 3872.72 4858.53
 117.46 969.714 1919.87 2913.71 3876.71 4863.54
117.579 970.714 1921.82 2916.71 3880.71 4868.47
117.579 971.714  1923.8 2919.71 3884.71 4873.49
117.579 972.715 1925.78 2922.71 3888.71 4878.51
117.698 973.715 1927.73 2925.71 3892.71 4883.44
117.698 974.715 1929.73 2928.71  3896.7 4888.45
117.816 975.693 1931.73 2931.71  3900.7 4893.35
117.816 976.696 1933.72 2934.71 3904.71 4898.35
117.933 977.666 1935.72 2937.62 3908.71 4903.35
117.933 978.666 1937.72 2940.62  3912.7 4908.36
117.933 979.669  1939.7 2943.62 3916.71 4913.36
118.051 980.669  1941.7 2946.57 3920.71 4918.29
118.051 981.667  1943.7 2949.57 3924.71  4923.3
118.051 982.667  1945.7 2952.57  3928.7 4928.31
118.051 983.667  1947.7 2955.57 3932.69 4933.31
118.051 984.668 1949.69 2958.57 3936.69 4938.33
118.169 985.646 1951.69 2961.57 3940.69 4943.24
118.169 986.646 1953.67 2964.57 3944.69 4948.25
118.285 987.616 1955.67 2967.49 3948.69 4953.25
118.401 988.584 1957.58 2970.49 3952.69 4958.25
118.401 989.587 1959.57 2973.49  3956.7 4963.25
118.401 990.587 1961.55  2976.5 3960.71 4968.25
118.518 991.587 1963.55 2979.45 3964.71 4973.18
118.518 992.587 1965.53 2982.45 3968.71  4978.2