2.33333 2.33333       3 2.33333       5       6
3.85507 3.33333 4.95652 3.85507       9      11
3.85507 4.98274 6.95652 5.76264      13  16.443
4.91122 6.34783 8.95652  7.3414      17  21.443
5.93076 7.34783 10.9565 10.3414 20.5291 25.8944
 6.8818 8.34783 12.7135 13.3414 23.8211 30.8944
7.77701 9.43375 14.7135 16.3414 27.8211 34.9133
7.77701 10.8328 16.7135 18.7648 31.8211 40.0909
7.77701 12.2318 18.7135 21.1882 35.8211 45.2685
8.52586 13.2318 20.5154 24.1882 39.2703 50.2685
8.52586  14.612 22.5154 26.7114 43.3668 55.2685
9.08612 15.5722  23.995 29.7114 47.3668 60.2685
9.78672 16.5722  25.995 32.7114 51.0191 64.9156
9.78672 17.8118 27.9393 35.7114 54.8352 69.9156
9.78672 18.8118 29.9393 38.3821  58.936 75.1441
10.4263 19.8118 31.9393 40.8906 62.7878 80.1441
10.4263 21.0953 33.9393 43.5396 66.8554 85.1441
11.0041 22.0953 35.9393 46.5396 70.5598  89.862
11.5568  23.205 37.9393 48.8771 74.5598  94.862
11.5568  24.205 39.9519 51.8771  78.515 99.8942
11.5568  25.443 41.9519 54.5303  82.515 105.003
11.5568  26.443 43.9629 57.5303 86.4705 110.037
12.0729  27.443 45.9629 60.0997 90.4705 114.951
12.0729 28.6763 47.9629 62.8006 94.5363 119.951
12.5415 29.6763 49.8247 65.8006 98.2059 124.951
12.5415 30.9017 51.8821 68.5177 102.206 129.951
12.5415 32.0638 53.8332 71.5177 106.206 134.838
12.9776 33.0638 55.7048 74.5177 109.898 139.838
13.4222 34.0638 57.7048 77.5177 113.663 144.628
13.4222 35.2245  59.671 80.5177 117.536 149.628
13.4222 36.4293 61.7121 83.2718 121.536 154.628
 13.816 37.4983 63.7121 86.2718 125.536 159.166
 13.816 38.4983 65.7933 89.0899 129.637 164.166
14.1669 39.4761 67.4645 92.0899 133.637 169.166
14.5623 40.4761 69.3475 95.0899 137.637 173.887
14.5623 41.4761 71.4136  97.923 141.738 178.887
14.5623 42.4761 73.4797 100.756 145.838 183.887
14.8971 43.4525 75.1687 103.756 149.838 188.887
15.2318 44.4288 76.8576 106.756 153.838 193.887
15.6175 45.4288 78.8576  109.46 157.838 198.798
16.0005 46.4288  80.791 112.144 161.838 203.798
16.3356 47.4013 82.4833 115.144 165.838 208.798
16.3356  48.521 84.4317 118.144 169.838  213.73
16.6927 49.5816 86.4317 120.726 173.838  218.73
17.0681 50.5816 88.4317 123.441 177.748  223.73
17.4158 51.6122 90.4317 126.441  181.37  228.73
17.7907 52.6122 92.4317 129.162 185.273  233.73
18.1623 53.6122 94.3623  131.86 189.273  238.73
18.5102  54.639 96.3623  134.86 192.899  243.73
18.8831  55.639 98.3623 137.577 196.899  248.64
19.2443  56.639 100.244 140.577 200.899 253.397
19.5721 57.6038 101.952 143.577 204.899 258.397
19.9191 58.6248 103.952 146.577 208.531 263.397
19.9191 59.6248 105.937 149.577 212.514 268.428
20.2806 60.6248  107.86 152.292 216.514 273.428
20.2806 61.7271 109.821 155.292  220.45 278.428
20.2806 62.8245 111.774 158.292  224.45 283.378
20.2806 63.9569 113.788 161.146  228.45 288.378
20.5879 64.9258 115.512 164.146  232.45 293.378
20.8951 65.8947 117.236 167.146  236.45 298.378
20.8951 66.9941 119.192 170.146 240.395 303.378
 21.225 67.9941 121.073 173.146 244.395 308.167
 21.225 69.0921 123.029 176.146 248.342 313.167
 21.225 70.0921 125.038 179.022 252.342 318.281
21.5477 71.0921 127.038 182.022 256.179 323.121
21.8566 72.1111 129.038 185.022 259.851 328.121
22.1759 73.1111 130.923 188.022 263.647 333.121
22.5024 74.1111 132.923 190.791 267.647 338.026
22.5024 75.2013 134.923 193.791 271.584 342.999
22.5024 76.3143 136.923 196.659 275.603 347.999
22.5024 77.3143 138.903 199.659  279.59 353.032
22.5024 78.3143 140.903 202.537 283.621 358.122
22.5024 79.3143 142.903 205.416 287.652 363.212
22.8069 80.3143 144.903 208.196 291.652 368.128
22.8069 81.3143 146.926 211.102 295.723 373.128
23.1075 82.3143 148.926 213.884 299.723 378.045
23.1075  83.413 150.926 216.739 303.723 383.091
23.1075 84.4982 152.889 219.739 307.675 388.091
23.3942 85.4982 154.787 222.739 311.675 392.907
23.3942 86.6061 156.792 225.626 315.675 397.907
23.6842 87.6061 158.792 228.422 319.588 402.907
23.9735 88.6061 160.792 231.212 323.588 407.828
24.2628 89.6061 162.792 234.002 327.588 412.749
24.5509 90.6061 164.726 236.781 331.588 417.749
24.8364 91.6061 166.726 239.781 335.444 422.607
24.8364 92.6842 168.726 242.781 339.392 427.581
24.8364 93.7641 170.691 245.781 343.346 432.581
 25.109 94.7934 172.691 248.479 347.346 437.581
 25.109  95.886 174.691 251.343 351.346 442.625
25.3826  96.886 176.595 254.343 355.346 447.448
25.3826  97.886 178.578 257.343 359.337 452.473
25.6577  98.886 180.514 260.132 363.337 457.473
25.6577 99.9612 182.514 263.132 367.288 462.447
25.6577 100.961 184.534 266.045 371.354 467.447
25.9286 101.961 186.534 268.854 375.275 472.447
26.1995 102.961 188.534 271.663 379.195 477.447
26.1995 103.961 190.545  274.56 383.195 482.539
26.4618 104.961 192.453  277.56 387.195  487.37
26.4618 106.033 194.453  280.56 391.148 492.345
 26.718  107.06 196.453 283.277 395.148 497.345
 26.718 108.131 198.453 286.277 399.101 502.321
 26.718 109.131 200.453 289.169 403.133 507.396
26.9746 110.131 202.453 292.169 407.005 512.268
26.9746 111.131 204.473 295.086 411.067 517.268
26.9746 112.198 206.438 298.086 415.067 522.237
27.2297 113.198 208.438 300.905 418.993 527.237
27.4848 114.198 210.438 303.724 422.919 532.237
27.7295 115.215 212.438 306.724 426.919 536.975
27.9789 116.215 214.348 309.724 430.758 541.975
27.9789   117.3 216.348 312.616 434.781 546.975
28.2201 118.311 218.348 315.616 438.529 551.975
28.2201 119.391 220.348 318.498 442.529 557.014
28.2201 120.476 222.348 321.392  446.55 562.014
28.2201 121.476 224.369 324.313 450.608 567.014
28.2201 122.555 226.369 327.194 454.608 572.053
28.2201 123.555  228.38 330.101 458.608 577.135
28.4606 124.555 230.326 332.914 462.608 582.135
28.6993 125.555 232.326 335.914 466.488 587.017
28.9379 126.555 234.326 338.914 470.367 591.899
28.9379 127.618 236.294 341.914 474.367 596.869
28.9379 128.618 238.282 344.914 478.358  601.89
28.9379 129.683 240.255 347.914 482.319  606.89
 29.169 130.683 242.173 350.914  486.17  611.89
 29.169 131.683 244.173 353.821 490.196 616.957
29.4023 132.683 246.173 356.651 494.196 621.893
29.6357 133.683 248.173 359.482 498.196 626.829
29.6357 134.758 250.173 362.371 502.196 631.866
29.6357 135.758 252.184 365.283 506.196 636.944
29.8563 136.768 254.184 368.283 509.965 641.944
30.0837 137.768 256.184 371.283 513.849 646.833
30.0837 138.827 258.153 374.283 517.849 651.805
30.0837 139.827 260.163 377.197 521.849  656.88
30.0837 140.827 262.163 380.106 525.874 661.946
30.0837 141.903 264.163 383.011 529.892 666.946
30.0837 142.982 266.172 385.923 533.892 671.946
30.0837  144.04 268.141 388.923 537.892 676.919
30.0837   145.1 270.141 391.923 541.851   681.9
30.0837   146.1 272.161 394.853 545.902   686.9
30.0837   147.1 274.161 397.764 549.926 691.964
30.0837   148.1  276.18 400.694 553.977 696.964
30.2976   149.1  278.18 403.543 557.915 701.964
30.5089   150.1  280.18 406.543 561.807 706.861
30.5089   151.1 282.191  409.46 565.807 711.933
30.7202   152.1 284.144 412.295 569.807 716.933
30.7202 153.176 286.154  415.21 573.807 721.933
30.9286 154.176 288.154  418.21   577.7 726.832
30.9286 155.251 290.163 421.126   581.7 731.832
30.9286 156.251 292.173 424.044   585.7 736.903
31.1294 157.265 294.173 427.044   589.7 741.687
31.1294 158.265 296.164 430.044  593.69 746.706
 31.336 159.265 298.164 432.898  597.63 751.706
31.5389 160.265 300.094 435.898  601.63 756.573
31.7454 161.265 302.094 438.752 605.569 761.573
31.7454 162.265 304.085 441.752  609.56 766.592
31.7454 163.265 306.085 444.668 613.584 771.652
31.9457 164.265 308.016 447.668 617.584 776.521
32.1495 165.265 310.016 450.524 621.524 781.521
32.1495 166.265 312.035 453.458 625.571 786.521
32.3384 167.243 313.869 456.458 629.571 791.521
32.3384 168.296 315.869 459.458 633.535 796.504
32.5362 169.296 317.801 462.458 637.535 801.375
32.7339 170.296 319.732 465.458 641.535 806.245
32.9315 171.296 321.662 468.458 645.407 811.245
32.9315 172.296 323.652 471.458   649.4 816.263
32.9315 173.362 325.652 474.375 653.417 821.263
32.9315  174.43 327.659 477.299 657.417 826.263
33.1239 175.449 329.659 480.087 661.417 831.263
33.3163 176.468 331.659 482.876 665.417 836.263
33.3163 177.468 333.649 485.876  669.41 841.281
33.5125 178.468 335.649 488.737 673.352 846.281
33.5125 179.468 337.666 491.674 677.398 851.281
33.5125  180.52 339.645 494.674 681.368 856.281
33.5125 181.587 341.653 497.599 685.368 861.281
33.6986 182.596 343.653 500.599 689.173 866.281
33.8894 183.596 345.653 503.599 693.076 871.187
34.0803 184.596 347.653 506.599 696.979 876.093
34.2699 185.596 349.587 509.599 700.856 881.093
34.2699 186.596 351.577 512.599 704.848 886.111
34.4615 187.596 353.577 515.465 708.789 891.111
34.6522 188.596 355.534 518.318 712.789 896.111
34.8373 189.603 357.534 521.318 716.597 901.111
 35.023 190.614 359.534 524.318 720.597 905.914
 35.023 191.672 361.534 527.229 724.597 910.945
35.2105 192.672  363.47 530.229 728.597 915.822
35.2105 193.719 365.445 533.229 732.597 920.799
35.3943  194.73 367.445 536.229 736.597 925.604
 35.579 195.747 369.445 539.028 740.597 930.604
 35.579 196.747 371.454 541.959 744.597 935.665
 35.579 197.747  373.47 544.901 748.639 940.665
35.7655 198.747 375.428 547.757 752.639 945.665
35.7655 199.747 377.437 550.688 756.639 950.725
35.9464 200.757 379.437 553.688 760.639 955.533
35.9464 201.804 381.437 556.688 764.607 960.518
35.9464 202.804 383.453  559.63 768.648 965.518
36.1292 203.804 385.453  562.63 772.556 970.427
36.3107 204.804  387.39  565.63 776.438 975.427
36.4951 205.804  389.39 568.503 780.381 980.427
36.4951 206.804  391.39 571.432 784.401 985.478
36.4951 207.804 393.398 574.365 788.401 990.536
36.4951 208.804 395.415 577.308 792.442 995.536
36.6739 209.804 397.352 580.308 796.325 1000.54
36.8553 210.804 399.352 583.178 800.325 1005.48
37.0262 211.782 401.204 586.178 804.325 1010.48
37.0262 212.841 403.211 589.111 808.325 1015.48
37.2043 213.841  405.15 592.111 812.325 1020.37
37.2043 214.885 407.127 595.111 816.325 1025.35
37.2043 215.939 409.127  598.03 820.325 1030.38
37.3806 216.939 411.067  601.03 824.325 1035.26
37.3806 217.998 413.074 603.964 828.325 1040.26
37.5546 219.012 415.074 606.775 832.325 1045.26
37.7326 220.012 417.074 609.651 836.271 1050.26
37.7326 221.012 419.082 612.587 840.271 1055.32
37.9091 222.012 421.041 615.451 844.271 1060.32
38.0855 223.012     423 618.315 848.271 1065.32
38.0855 224.056     425 621.315 852.241  1070.3
38.2593 225.056 426.941 624.315 856.241 1075.19
38.4256 226.034 428.796 627.315 860.241 1080.19
38.4256 227.076 430.773 630.315 864.241 1085.17
38.6011 228.076 432.773 633.193 868.187 1090.17
38.6011 229.131 434.773 636.122 872.203 1095.17
38.6011 230.189  436.78 639.058 876.203 1100.17
38.6011 231.246 438.787 641.994 880.203 1105.17
38.6011 232.246 440.778 644.994 884.197 1110.18
38.6011 233.246 442.778 647.926 888.217 1115.23
38.7703 234.246 444.719 650.926 892.217 1120.12
38.9367 235.252 446.719 653.926 896.046 1125.12
38.9367 236.306 448.719 656.857 900.061 1130.12
39.1029 237.315 450.719 659.857 904.061 1134.95
39.2712 238.315 452.659 662.857 907.953 1139.95
39.4418 239.315 454.659 665.736 911.953  1144.9
39.4418 240.315 456.666 668.674 915.953 1149.95
39.6116 241.315 458.666 671.553 919.953  1154.9
39.6116 242.357 460.648 674.553 923.928  1159.9
39.7764 243.366 462.648 677.553 927.928 1164.73
39.9433 244.366 464.589 680.553  931.82 1169.73
39.9433 245.366 466.602 683.502 935.858 1174.73
40.1095 246.366 468.543 686.502 939.751 1179.73
40.1095 247.366 470.534 689.502 943.745 1184.74
40.1095 248.366 472.541 692.443 947.745  1189.8
40.1095  249.42 474.547 695.383 951.745  1194.8
40.2669   250.4  476.41 698.383 955.745  1199.8
40.2669   251.4 478.423 701.333 959.783  1204.8
40.4291 252.412 480.423 704.158 963.783  1209.8
40.4291 253.412 482.429 707.099 967.783 1214.85
40.5935 254.412  484.39 709.973 971.783 1219.85
40.5935 255.412  486.39 712.909 975.802 1224.89
40.7531 256.416  488.39 715.909 979.638 1229.89
 40.914 257.429  490.39 718.736 983.638 1234.89
 40.914 258.482 492.397 721.677 987.638 1239.89
 41.069 259.461 494.262 724.677 991.638 1244.89
 41.069 260.502 496.245 727.677 995.615 1249.89
41.2286 261.514 498.245 730.505 999.615 1254.89
41.3914 262.514 500.245 733.388 1003.62 1259.85
41.5521 263.514 502.187 736.388 1007.51 1264.85
41.7117 264.527 504.187 739.216 1011.51 1269.85
41.7117 265.566 506.187 742.216 1015.49 1274.83
41.8719 266.566 508.131 745.216 1019.49 1279.73
41.8719 267.605 510.131 748.216 1023.46 1284.72
41.8719 268.605 512.122 751.216 1027.45 1289.73
41.8719 269.605 514.122 754.154 1031.47 1294.78
42.0278 270.608 516.122 757.154 1035.31 1299.78
42.0278 271.658 518.122  760.09 1039.33 1304.78
42.0278 272.658 520.122 763.029 1043.34 1309.82
42.1837  273.67 522.122 765.861 1047.34 1314.82
42.3348 274.649 523.991 768.861 1051.34 1319.82
42.4899 275.656 525.991 771.861 1055.34 1324.66
 42.641 276.636 527.861 774.861 1059.34 1329.66
 42.641 277.636 529.872 777.813 1063.38 1334.66
 42.641 278.636 531.872 780.752  1067.4  1339.7
 42.641 279.636 533.863 783.752 1071.39 1344.72
 42.641 280.636 535.853 786.752 1075.39 1349.73
 42.641 281.672 537.832 789.752 1079.39 1354.71
 42.641 282.709 539.832 792.752 1083.36  1359.7
 42.641  283.76 541.837 795.697 1087.36  1364.7
 42.641 284.797 543.837 798.697 1091.34 1369.69
 42.641 285.797 545.843 801.642 1095.34 1374.74
 42.641 286.797 547.848 804.586 1099.34 1379.79
 42.641 287.846 549.853 807.531 1103.34 1384.79
42.7897  288.85 551.853 810.531 1107.19 1389.79
42.9349 289.831 553.727 813.531 1111.19 1394.79
42.9349  290.88 555.732 816.477 1115.19 1399.79
42.9349 291.925 557.732 819.408 1119.19 1404.82
43.0837 292.936 559.732 822.248 1123.19 1409.82
43.2336 293.936 561.679 825.248 1127.19 1414.72
43.3852 294.936 563.679 828.142 1131.14 1419.72
43.3852 295.974 565.662 831.142 1135.12 1424.72
43.3852 296.974 567.672 834.097 1139.15 1429.72
43.5323 297.981 569.672 837.097 1143.15 1434.57
 43.681 298.981 571.618 840.097 1147.06 1439.57
43.8287 299.992 573.618 842.938 1151.06 1444.57
43.8287 300.992 575.618 845.879 1155.08 1449.61
43.8287 301.992 577.629 848.834 1159.11 1454.61
43.8287 303.038 579.629 851.774 1163.12 1459.61
43.9759 304.038 581.576 854.774 1167.03 1464.61
43.9759 305.038  583.58  857.72 1171.03 1469.66
44.1206 306.041  585.58  860.72 1174.88 1474.66
44.2656 307.047  587.58  863.72 1178.88  1479.5
44.2656 308.047  589.58 866.663  1182.9 1484.54
44.4119 309.047 591.529 869.663  1186.9 1489.45
44.5599 310.047 593.529 872.561 1190.85 1494.45
44.5599 311.095 595.534 875.508 1194.85 1499.45
44.7072 312.095 597.534 878.403 1198.85 1504.41
44.8478 313.076 599.412 881.403 1202.85 1509.41
44.9935 314.076  601.36 884.403 1206.85 1514.31
44.9935 315.123 603.365 887.351 1210.85 1519.31
44.9935  316.17  605.37   890.3 1214.85 1524.31
 45.139  317.17  607.37   893.3 1218.78 1529.24
45.2828  318.18  609.37 896.145 1222.78 1534.24
45.2828 319.225  611.37 899.087 1226.79 1539.24
45.2828 320.271 613.374 902.035 1230.79 1544.24
45.2828 321.318 615.379 904.984 1234.79 1549.24
45.4268 322.318 617.379 907.984 1238.72 1554.17
45.4268 323.363 619.379 910.926 1242.74 1559.17
45.5678 324.366 621.379 913.926 1246.59 1564.17
45.5678 325.408 623.379 916.861 1250.59 1569.19
45.5678 326.442 625.379 919.861 1254.57 1574.18
45.7078 327.446 627.379 922.861 1258.42 1579.18
45.7078 328.446 629.384  925.81 1262.42 1584.23
45.8511 329.446 631.384 928.711 1266.38 1589.23
45.8511 330.446 633.389  931.66 1270.38 1594.27
45.9922 331.446 635.339  934.66 1274.38 1599.18
45.9922 332.491 637.344 937.609 1278.38 1604.18
 46.133 333.491 639.294 940.609 1282.38 1609.09
46.2743 334.491 641.294 943.609 1286.31 1614.02
46.4165 335.491 643.294 946.508 1290.31 1618.98
46.4165 336.491 645.299 949.458 1294.31 1624.03
46.4165 337.535 647.299 952.402 1298.32 1629.03
46.4165 338.535 649.309 955.359 1302.35 1634.03
46.4165 339.568  651.29 958.359 1306.35 1639.01
46.4165 340.568  653.29 961.305 1310.37 1644.05
46.5536 341.574  655.29 964.305 1314.37 1648.91
46.6907  342.58  657.29 967.305 1318.37 1653.76
46.6907 343.613  659.29 970.305 1322.35 1658.75
46.6907 344.613 661.295 973.256 1326.35  1663.8
46.8276 345.624 663.295 976.109 1330.35  1668.8
46.8276 346.668   665.3 979.059 1334.35  1673.8
46.9649 347.668 667.251 982.059 1338.26  1678.8
46.9649 348.713 669.256  985.01 1342.26  1683.8
47.1018 349.713 671.206  988.01 1346.17  1688.8
47.1018 350.757 673.211 990.961 1350.17  1693.8
47.1018 351.797 675.211 993.899 1354.17 1698.82
47.1018 352.797 677.211 996.846 1358.19 1703.86
47.1018 353.842 679.216 999.797 1362.19 1708.86
47.2386 354.842 681.216  1002.7 1366.15 1713.86
47.3722 355.845 683.216  1005.7 1370.01 1718.86
47.5075 356.845 685.167  1008.7 1373.92 1723.86
47.5075 357.845 687.177 1011.66 1377.95 1728.86
47.5075 358.879 689.163 1014.66 1381.93 1733.86
47.6403 359.882 691.163 1017.66  1385.8 1738.86
47.7704 360.865  693.05 1020.66  1389.8 1743.86
 47.906 361.865 695.017 1023.56  1393.8 1748.86
 47.906 362.865 697.021 1026.51  1397.8  1753.9
 47.906 363.865 699.021 1029.46 1401.81 1758.94
 47.906 364.897 701.003 1032.46 1405.81 1763.92
48.0408 365.897 703.003 1035.36 1409.81 1768.89
48.0408 366.897 705.008 1038.31 1413.81 1773.93
48.1751 367.897 707.008 1041.22 1417.81 1778.89
48.1751  368.93 708.993 1044.22 1421.79 1783.89
48.3078  369.93 710.945 1047.22 1425.71 1788.89
48.3078  370.93 712.938 1050.22  1429.7  1793.9
48.4358 371.913 714.827 1053.22  1433.7  1798.9
48.4358 372.913 716.827 1056.17 1437.72 1803.94
48.4358 373.913 718.831 1059.12 1441.72 1808.98
 48.566 374.918 720.831 1062.12 1445.72 1813.85
 48.566 375.949 722.813 1065.12 1449.72 1818.84
48.6956 376.952 724.813 1068.12 1453.58 1823.84
48.8274 377.952 726.813 1071.12 1457.52 1828.77
48.9586 378.952 728.766 1074.12 1461.52 1833.69
49.0856 379.935 730.656 1077.12 1465.52 1838.69
49.0856 380.972 732.656 1080.06 1469.52 1843.71
49.0856 382.005 734.642 1083.06  1473.5 1848.71
49.2153 383.014 736.642 1085.92  1477.5 1853.71
49.3449 384.023 738.642 1088.78  1481.5 1858.71
49.3449 385.023 740.642 1091.73 1485.51 1863.74
49.4738 386.028 742.642 1094.73 1489.51 1868.61
49.6039 387.028 744.595 1097.73 1493.51 1873.52
 49.735 388.028 746.563 1100.64 1497.51 1878.52
 49.735 389.058 748.545 1103.64 1501.51 1883.51
49.8661 390.058 750.545 1106.55 1505.47 1888.51
49.9973 391.058 752.545 1109.46 1509.43 1893.51
49.9973  392.09 754.531 1112.46 1513.41 1898.51
50.1279  393.09 756.531 1115.36 1517.41 1903.47
50.1279  394.09 758.535 1118.32 1521.41 1908.52
50.1279 395.131 760.539 1121.27 1525.41 1913.52
50.1279 396.131 762.539 1124.22 1529.43 1918.55
50.2524 397.114 764.431 1127.22 1533.43 1923.55
50.2524 398.114 766.423 1130.22 1537.42 1928.56
50.3817 399.114 768.423 1133.13 1541.42 1933.53
50.5103 400.114 770.423 1136.13 1545.36 1938.46
50.6397 401.114 772.423 1139.04 1549.32 1943.46
50.7683 402.114 774.423 1142.04 1553.25  1948.4
50.7683 403.145 776.423 1145.04 1557.23 1953.39
50.7683 404.145 778.432    1148 1561.26 1958.39
50.8942 405.147 780.432    1151 1565.13 1963.39
50.8942 406.147 782.432 1153.96 1569.15 1968.42
50.8942 407.147 784.441 1156.92 1573.18 1973.42
50.8942 408.177 786.441 1159.92 1577.15 1978.42
50.8942 409.177 788.433 1162.92 1581.15 1983.43
50.8942 410.206 790.433 1165.92 1585.13 1988.42
50.8942 411.206 792.442 1168.88 1589.16 1993.42
50.8942 412.237 794.428 1171.88 1593.14 1998.42
50.8942 413.275 796.428 1174.83 1597.15 2003.42
51.0191 414.275 798.383 1177.83 1601.07 2008.42
51.0191 415.313 800.383 1180.78 1605.08 2013.42
51.0191 416.351 802.383 1183.73 1609.09 2018.42
51.0191 417.351 804.392  1186.7 1613.12 2023.42
51.1432 418.351 806.348  1189.7 1617.12 2028.34
51.2635 419.334 808.244  1192.7 1621.12 2033.34
51.3837 420.318  810.14  1195.7 1625.12 2038.34
51.3837 421.348 812.126  1198.7 1629.11 2043.34
51.5075 422.348 814.081  1201.7 1633.11 2048.26
51.5075 423.386 816.081 1204.65 1637.12 2053.26
51.5075 424.425 818.085 1207.61 1641.12 2058.26
51.5075 425.425 820.093 1210.57 1645.15 2063.26
51.6314 426.425 822.093 1213.48 1649.15 2068.22
51.6314 427.462 824.093 1216.43 1653.16 2073.22
51.6314 428.462 826.101  1219.4 1657.19 2078.22
51.7525 429.467 828.101  1222.4 1661.19  2083.1
51.7525 430.467 830.104 1225.35 1665.19 2088.14
51.8708 431.451 832.002 1228.35 1669.19 2093.14
51.8708  432.48 833.985 1231.35 1673.19 2098.13
51.8708  433.48 835.985 1234.31  1677.2 2103.16
51.9933  434.48 837.985 1237.22 1681.16 2108.16
51.9933 435.508 839.968 1240.22 1685.16 2113.15
51.9933 436.544 841.968 1243.18 1689.17 2118.15
52.1145 437.544 843.968 1246.18 1693.11 2123.09
52.1145 438.544 845.971 1249.13 1697.11 2128.13
52.1145 439.574 847.957 1252.13  1701.1 2133.13
52.1145 440.574 849.949 1255.13 1705.09 2138.14
52.1145 441.603 851.935 1258.13 1709.08 2143.14
52.1145 442.632 853.935 1261.13 1713.06 2148.13
52.2351 443.632 855.935 1264.05 1717.02 2153.13
 52.351 444.616 857.835 1267.05 1721.02 2158.13
 52.351 445.616 859.827 1270.05 1725.02 2163.14
52.4713 446.616 861.827 1272.97 1728.98 2168.14
52.5908 447.616 863.827 1275.97 1732.92 2173.08
52.5908 448.646 865.813 1278.97  1736.9 2178.08
52.7097 449.646  867.77 1281.97  1740.9    2183
52.7097 450.675 869.756 1284.97 1744.89    2188
52.7097 451.675 871.748 1287.97 1748.88 2193.02
52.8285 452.675 873.748 1290.97 1752.82 2197.96
52.9457  453.68 875.748 1293.97 1756.82 2202.83
 53.063 454.684 877.748 1296.97 1760.82 2207.71
53.1813 455.684 879.706 1299.97 1764.82 2212.64
53.2989 456.692 881.706 1302.84 1768.82 2217.64
53.2989 457.692 883.713 1305.81 1772.85 2222.64
 53.417 458.692 885.671 1308.81 1776.85 2227.56
53.5358 459.692 887.641 1311.72 1780.85 2232.56
53.6505 460.676 889.542 1314.72 1784.85 2237.56
53.6505 461.676 891.545 1317.68 1788.85  2242.6
53.6505 462.676 893.545 1320.64 1792.86 2247.63
53.6505 463.713 895.548  1323.6 1796.86 2252.63
53.6505 464.713 897.548 1326.55 1800.88 2257.66
53.6505 465.713  899.55 1329.51 1804.88  2262.7
53.6505 466.713 901.553 1332.47 1808.88 2267.74
 53.768 467.713 903.553 1335.39 1812.84 2272.74
53.8835 468.718 905.553 1338.39 1816.84 2277.62
53.8835 469.718 907.556 1341.35 1820.84 2282.65
53.9984 470.719 909.556 1344.35 1824.72 2287.65
53.9984 471.752 911.556  1347.3 1828.72 2292.67
54.1111 472.737 913.458  1350.3 1832.72 2297.67
54.1111 473.764 915.458  1353.3  1836.7 2302.66
54.2255 474.765 917.458  1356.3 1840.59 2307.66
54.3422 475.765 919.458 1359.22 1844.59 2312.63
54.3422   476.8 921.458 1362.17  1848.6 2317.63
54.3422 477.827 923.458 1365.17 1852.58 2322.62
54.3422 478.861 925.458 1368.13 1856.59 2327.62
54.3422 479.896 927.458 1371.08  1860.6 2332.62
54.3422 480.896 929.465 1374.05 1864.63 2337.62
54.4577 481.896 931.465 1376.97 1868.59 2342.62
54.5722 482.896 933.424 1379.97 1872.59 2347.55
54.6867 483.896 935.382 1382.97 1876.52 2352.55
54.8005 484.903 937.382 1385.85 1880.52 2357.55
 54.916 485.903 939.382 1388.77 1884.48 2362.55
 54.916 486.935 941.382 1391.72 1888.48 2367.56
55.0303 487.935 943.341 1394.72 1892.48 2372.49
55.1439 488.942 945.341  1397.6 1896.48 2377.49
55.1439 489.942 947.348 1400.57 1900.51 2382.49
55.1439 490.942  949.35 1403.53 1904.51 2387.53
55.2587 491.942  951.35 1406.45 1908.47 2392.53
55.3718 492.949  953.35 1409.33 1912.47 2397.53
55.3718 493.949 955.343 1412.33 1916.47 2402.54
55.3718 494.981 957.343 1415.28 1920.47 2407.56
 55.486 495.981 959.343  1418.2 1924.47 2412.52
55.6001 496.981 961.314 1421.11 1928.47 2417.52
55.7141 497.981 963.286 1424.03 1932.47 2422.52
55.7141 498.981 965.286 1426.98 1936.48 2427.55
55.7141 499.981 967.278 1429.98 1940.48 2432.56
55.7141 500.981 969.281 1432.95 1944.48  2437.6
55.7141 502.017 971.284 1435.91 1948.48  2442.6
55.8234 503.001  973.19 1438.91 1952.48  2447.6
55.9348 504.005  975.19 1441.91 1956.48 2452.48
55.9348 505.005  977.19 1444.86 1960.49 2457.51
56.0473 506.005  979.19 1447.86 1964.43 2462.46
56.0473 507.005 981.193 1450.83 1968.43 2467.49
  56.16 508.005 983.164 1453.74 1972.43 2472.49
56.2707 509.007 985.164 1456.74 1976.32 2477.49
56.2707 510.032 987.149 1459.74 1980.32 2482.48
56.3833 511.032 989.149 1462.66 1984.32 2487.45
 56.495 512.032 991.109 1465.66 1988.32 2492.38
 56.495 513.057 993.093 1468.66 1992.32 2497.37
 56.495 514.057 995.085 1471.66 1996.32 2502.38
 56.495 515.057 997.088 1474.62 2000.32 2507.42
56.6064 516.057 999.088 1477.62 2004.26 2512.36
56.6064 517.057 1001.08 1480.62 2008.26 2517.37
56.7171 518.057 1003.04 1483.62 2012.19 2522.37
56.7171 519.082 1005.02 1486.62 2016.19 2527.36
56.8284 520.082    1007 1489.54 2020.19 2532.36
56.8284 521.082    1009  1492.5 2024.19  2537.4
56.8284 522.107 1010.98  1495.5 2028.19 2542.39
56.9377 523.111 1012.98  1498.5 2032.19 2547.28
56.9377 524.145 1014.99 1501.46 2036.19 2552.28
57.0476 525.145 1016.95 1504.46 2040.19  2557.2
57.1584 526.145 1018.95 1507.39 2044.19 2562.17
57.1584 527.145 1020.95 1510.36 2048.22 2567.17
57.2681 528.145 1022.91 1513.36 2052.15 2572.17
57.3773 529.152 1024.91 1516.24 2056.15 2577.17
57.3773 530.152  1026.9 1519.24 2060.15 2582.18
57.3773 531.176  1028.9 1522.24 2064.13 2587.17
57.3773 532.201 1030.89 1525.24 2068.13 2592.16
57.3773 533.201 1032.89  1528.2 2072.13  2597.2
57.4868 534.201 1034.86 1531.12 2076.13  2602.2
57.4868 535.201 1036.86 1534.08 2080.14 2607.23
57.5927 536.186 1038.77 1537.08 2084.14 2612.23
57.5927 537.186 1040.77 1540.08 2088.14 2617.24
57.7015 538.186 1042.77 1543.08 2092.08 2622.18
57.8109 539.186 1044.77    1546 2096.05 2627.18
57.9202 540.186 1046.77 1548.93 2100.05 2632.15
57.9202 541.211 1048.75 1551.93 2104.05 2637.14
57.9202 542.244 1050.75 1554.89 2108.05 2642.14
57.9202  543.27 1052.74 1557.89 2112.04 2647.14
58.0287  544.27 1054.71 1560.81 2116.04 2652.14
58.1357 545.273 1056.71 1563.81 2120.04 2657.03
58.2424 546.274 1058.71 1566.81 2123.93 2662.03
58.3512 547.274 1060.71 1569.74 2127.89 2667.03
58.3512 548.306 1062.71 1572.69  2131.9 2672.03
 58.456 549.291 1064.62 1575.69  2135.9 2677.03
58.5645 550.291 1066.62 1578.62  2139.9    2682
58.6728 551.291 1068.59 1581.54  2143.9    2687
58.7804 552.291 1070.55 1584.54 2147.84    2692
58.7804 553.324 1072.56  1587.5 2151.84    2697
58.7804 554.324 1074.56 1590.46 2155.85 2702.03
58.7804 555.348 1076.56 1593.46 2159.83 2707.02
58.8875 556.348 1078.52 1596.46 2163.83 2711.95
58.8875 557.348 1080.52 1599.42 2167.84 2716.98
58.9938 558.355 1082.52 1602.31 2171.84 2721.98
59.1001 559.361 1084.52  1605.2 2175.84 2726.98
59.2059 560.362 1086.52  1608.2 2179.74 2731.98
59.2059 561.362 1088.52 1611.16 2183.74 2737.02
59.3098 562.347 1090.43 1614.16 2187.74 2742.02
59.4173 563.347 1092.43 1617.08 2191.74 2746.98
59.5247 564.347 1094.43 1620.01 2195.74 2751.95
59.6314 565.347 1096.39 1623.01 2199.74 2756.88
59.6314 566.347  1098.4 1625.98 2203.76 2761.88
59.6314  567.38  1100.4 1628.94 2207.76 2766.88
59.6314  568.41  1102.4  1631.9 2211.77 2771.88
59.7381  569.41 1104.37 1634.82 2215.77 2776.88
59.7381  570.41 1106.38 1637.79  2219.8 2781.88
59.7381 571.443 1108.38 1640.76  2223.8 2786.88
59.8447 572.443 1110.38 1643.68 2227.76 2791.88
59.8447 573.473 1112.38 1646.64 2231.77 2796.88
59.9497  574.48 1114.38 1649.53 2235.77 2801.88
60.0552  575.48 1116.35 1652.53 2239.77 2806.82
60.1611  576.48 1118.35 1655.53 2243.72 2811.76
60.1611  577.48 1120.35  1658.5 2247.75 2816.76
60.1611 578.504 1122.34  1661.5 2251.73 2821.76
60.1611 579.504 1124.34 1664.47 2255.76 2826.76
60.1611 580.504 1126.34 1667.43 2259.77 2831.79
60.2653  581.51 1128.34 1670.32 2263.77 2836.79
60.2653 582.539 1130.34 1673.27 2267.77 2841.81
60.2653 583.539 1132.34 1676.23 2271.78 2846.83
60.2653 584.539 1134.35  1679.2 2275.78 2851.87
60.2653 585.539 1136.35 1682.17 2279.81 2856.87
60.2653 586.562 1138.34 1685.17 2283.81 2861.86
60.3695 587.562 1140.34 1688.17 2287.75 2866.81
60.4708 588.547 1142.25 1691.17 2291.75 2871.81
60.4708 589.547 1144.25 1694.13 2295.75 2876.84
60.5719 590.533 1146.17 1697.13 2299.75 2881.84
60.6748 591.536 1148.17 1700.13 2303.75 2886.74
60.7792 592.536 1150.17 1703.06 2307.75  2891.7
60.7792 593.536 1152.17 1706.03 2311.78  2896.7
60.7792 594.568 1154.18 1708.99 2315.78  2901.7
 60.882 595.574 1156.18 1711.89 2319.78  2906.7
 60.882 596.598 1158.16 1714.89 2323.77  2911.7
 60.882 597.598 1160.16 1717.85 2327.78 2916.73
 60.882 598.629 1162.17 1720.81 2331.78 2921.73
60.9838  599.63 1164.17 1723.81 2335.68 2926.73
61.0866  600.63 1166.13 1726.81 2339.61 2931.73
61.1889 601.636 1168.13  1729.7 2343.61 2936.73
61.1889 602.658 1170.11  1732.7 2347.61 2941.72
61.2889 603.644 1172.03  1735.7 2351.61 2946.72
61.3923 604.644 1174.03 1738.63 2355.61 2951.69
61.4952 605.644 1176.03 1741.63 2359.56 2956.64
61.5986 606.644 1178.03 1744.56 2363.53 2961.64
61.5986 607.644 1180.03 1747.52 2367.53 2966.67
61.7019 608.644 1182.03 1750.45  2371.5 2971.67
61.8049 609.644    1184 1753.38  2375.5 2976.67
61.8049 610.668 1185.99 1756.38 2379.49 2981.67
61.9047 611.653 1187.91 1759.38 2383.49 2986.67
61.9047 612.676 1189.89 1762.38 2387.49 2991.67
62.0075 613.676 1191.89  1765.3 2391.49 2996.64
62.1103 614.676 1193.89 1768.23 2395.49 3001.61
62.1103 615.698 1195.89 1771.23 2399.47  3006.6
62.1103 616.722 1197.88 1774.23 2403.46  3011.6
62.2121 617.722 1199.84 1777.23 2407.46 3016.53
62.2121 618.722 1201.84  1780.2 2411.46 3021.57
62.3137 619.722 1203.81  1783.2 2415.46  3026.5
62.4129 620.708 1205.72  1786.2 2419.46  3031.5
62.5152 621.708 1207.72 1789.13 2423.43  3036.5
62.6175 622.708 1209.72 1792.05 2427.43 3041.47
62.7184  623.71 1211.72 1795.05 2431.43 3046.37
62.7184 624.733 1213.71 1798.05 2435.42 3051.37
62.7184 625.764 1215.71 1801.02 2439.42 3056.37
62.7184 626.786 1217.71 1804.02  2443.4 3061.36
62.8187 627.789 1219.71 1807.02  2447.4 3066.26
62.9193 628.794 1221.71 1809.91  2451.4 3071.26
63.0211 629.794 1223.71 1812.84 2455.37 3076.26
63.0211 630.816  1225.7 1815.84 2459.37 3081.25
63.0211 631.816  1227.7 1818.81 2463.38 3086.28
63.1219 632.816 1229.66 1821.81 2467.38 3091.21
63.2234 633.816 1231.66 1824.74 2471.35 3096.21
63.2234 634.843 1233.66 1827.69 2475.35 3101.23
63.2234 635.866 1235.65 1830.69 2479.34 3106.23
63.2234 636.888 1237.64 1833.69 2483.34 3111.22
63.2234 637.888 1239.64 1836.66 2487.34 3116.25
63.2234  638.91 1241.64 1839.66 2491.32 3121.25
63.3237  639.91 1243.64 1842.66 2495.27  3126.2
63.4229 640.913 1245.64 1845.66 2499.27 3131.09
63.5205 641.899 1247.55 1848.66 2503.27 3136.09
63.6205 642.899 1249.52 1851.66 2507.27 3141.03
63.6205 643.899 1251.52 1854.62 2511.29 3146.06
63.6205 644.926 1253.52 1857.58 2515.29 3151.07
63.6205 645.948 1255.52 1860.58 2519.27 3156.06
63.6205  646.97 1257.51 1863.58 2523.26 3161.06
63.6205  647.97 1259.51 1866.55 2527.28 3166.06
63.6205 648.999 1261.51 1869.51 2531.29 3171.06
63.7202 649.999 1263.51 1872.44 2535.29 3176.03
63.7202 651.021  1265.5 1875.44 2539.28 3181.03
 63.819 652.021 1267.46 1878.44 2543.22 3186.03
63.9184 653.021 1269.44 1881.37 2547.22 3191.03
64.0179 654.021 1271.41 1884.29 2551.22 3196.03
64.1163 655.027 1273.41 1887.19 2555.22 3201.03
64.1163 656.048  1275.4 1890.19 2559.22 3206.03
64.1163 657.048 1277.39 1893.19 2563.22 3211.04
64.1163 658.071 1279.38 1896.19 2567.21 3216.04
64.1163 659.101 1281.38 1899.16 2571.21 3221.04
64.1163 660.122 1283.38 1902.16 2575.19 3226.03
64.1163 661.122 1285.37 1905.16 2579.19 3231.04
64.2142 662.122 1287.34 1908.16 2583.19 3235.98
64.3117 663.128 1289.34 1911.06 2587.19 3240.98
64.4104 664.128 1291.34 1913.99 2591.19 3245.95
64.4104 665.149 1293.34 1916.99 2595.18 3250.94
64.4104 666.175 1295.34 1919.94 2599.18 3255.95
64.4104 667.197 1297.34 1922.94 2603.16 3260.95
64.4104 668.219 1299.34 1925.94 2607.15 3265.94
64.4104 669.219 1301.33 1928.94 2611.15 3270.95
64.5071 670.224 1303.33 1931.84 2615.15 3275.95
64.6039 671.229 1305.33 1934.74 2619.15 3280.95
64.7004 672.232 1307.33 1937.74 2623.15 3285.85
64.7972 673.237 1309.33 1940.64 2627.15 3290.85
64.7972  674.26 1311.32 1943.64 2631.14 3295.85
64.8949  675.26 1313.32 1946.57 2635.14 3300.82
64.8949  676.26 1315.32 1949.53 2639.15 3305.85
64.8949 677.281  1317.3 1952.53 2643.15 3310.84
64.9917 678.281 1319.27 1955.53 2647.15 3315.78
64.9917 679.302 1321.25 1958.53 2651.15 3320.77
64.9917 680.302 1323.25 1961.53 2655.15 3325.78
65.0884 681.302 1325.25 1964.53  2659.1 3330.73
65.1845 682.307 1327.25 1967.43  2663.1 3335.73
65.1845 683.329 1329.24 1970.43 2667.09 3340.73
65.2808 684.329  1331.2 1973.43 2671.09 3345.67
65.2808 685.352 1333.19 1976.43 2675.08 3350.67
65.3763 686.354 1335.19 1979.43 2679.08 3355.57
65.4718 687.357 1337.19 1982.43 2683.08 3360.47
65.4718 688.384 1339.19 1985.39 2687.09 3365.47
65.4718 689.405 1341.18 1988.39 2691.09 3370.46
65.5678 690.405 1343.14 1991.39 2695.09  3375.4
65.6615 691.392 1345.06 1994.39 2699.09  3380.4
 65.758 692.392 1347.06 1997.33 2703.09 3385.37
 65.758 693.392 1349.07  2000.3 2707.11 3390.37
 65.758 694.421 1351.07 2003.27 2711.11 3395.37
65.8542 695.421 1353.04  2006.2 2715.11 3400.37
65.8542 696.448 1355.04 2009.16 2719.12 3405.37
65.8542 697.448 1357.04 2012.16 2723.12 3410.38
65.9488 698.451 1359.04 2015.16 2727.12 3415.28
65.9488  699.48 1361.04 2018.13 2731.12 3420.28
66.0447  700.48 1363.04 2021.06 2735.12 3425.25
66.1398  701.48    1365 2024.06 2739.06 3430.25
66.2357  702.48    1367 2026.99 2743.06 3435.23
66.3287 703.467 1368.92 2029.99 2747.06 3440.23
66.4235 704.472 1370.92  2032.9 2751.06 3445.23
66.4235 705.472 1372.93 2035.87 2755.09 3450.23
66.4235 706.472 1374.93 2038.84 2759.11 3455.23
66.5175 707.472 1376.93 2041.84 2763.01 3460.23
66.6127 708.472 1378.93 2044.84 2766.97 3465.18
66.6127 709.492 1380.92 2047.84 2770.97 3470.17
66.6127 710.513  1382.9 2050.84 2774.97 3475.16
66.7067 711.516  1384.9 2053.84 2778.97 3480.07
66.7067 712.537 1386.89 2056.84 2782.96 3485.07
66.8018 713.537 1388.89 2059.77 2786.96 3490.04
66.8966 714.537 1390.89 2062.77 2790.91 3494.99
66.9918 715.537 1392.89 2065.71 2794.88 3499.99
66.9918 716.537 1394.89 2068.71 2798.88    3505
66.9918 717.566 1396.89 2071.68 2802.88    3510
66.9918 718.566 1398.89 2074.65 2806.88 3515.03
67.0865 719.566 1400.89 2077.58 2810.85 3520.03
67.1813 720.566 1402.89 2080.52 2814.82 3525.03
67.2757 721.566 1404.89 2083.52 2818.78 3529.98
67.2757 722.592 1406.89 2086.48 2822.79 3534.98
67.3696 723.592 1408.85 2089.48 2826.73 3539.98
67.4639 724.592 1410.85 2092.48 2830.68 3544.93
67.4639 725.592 1412.86 2095.45  2834.7 3549.93
67.5556 726.579 1414.78 2098.45  2838.7 3554.93
67.5556 727.605 1416.78 2101.42 2842.71 3559.93
67.5556 728.626 1418.78 2104.42  2846.7 3564.92
67.5556 729.626 1420.77 2107.42  2850.7 3569.93
67.6493 730.626 1422.77 2110.42 2854.65 3574.88
67.7423 731.631 1424.77 2113.32 2858.65 3579.88
67.7423 732.631 1426.78 2116.29 2862.68 3584.88
67.8359 733.631 1428.78 2119.29 2866.63 3589.83
67.9286 734.633 1430.78 2122.29 2870.63 3594.74
67.9286 735.633 1432.78 2125.26 2874.63 3599.77
67.9286 736.661 1434.78 2128.23 2878.63 3604.77
67.9286 737.681 1436.77 2131.23 2882.63 3609.76
67.9286 738.701 1438.77 2134.23 2886.62 3614.75
 68.021 739.706 1440.77 2137.13 2890.62 3619.75
68.1138 740.706 1442.74 2140.13 2894.62 3624.69
68.2058 741.706 1444.74 2143.13 2898.52 3629.69
68.2058 742.706 1446.73 2146.13 2902.52  3634.7
68.2058 743.727 1448.72 2149.13 2906.51  3639.7
68.2963 744.714 1450.64 2152.13 2910.51  3644.7
68.2963 745.734 1452.64 2155.13  2914.5 3649.69
68.3887 746.734 1454.61 2158.13 2918.44 3654.69
68.3887 747.759 1456.61  2161.1 2922.44 3659.71
68.4816 748.759 1458.61 2164.03 2926.44 3664.68
68.4816 749.785 1460.61    2167 2930.45 3669.68
68.4816 750.785  1462.6    2170 2934.45 3674.69
68.4816 751.811  1464.6 2172.96 2938.46 3679.69
68.4816 752.811 1466.59 2175.96 2942.46  3684.7
68.5739 753.811 1468.57 2178.89 2946.46  3689.7
68.6659 754.811 1470.57 2181.89 2950.42 3694.65
68.6659 755.836 1472.57 2184.86 2954.42 3699.65
68.6659 756.836 1474.57 2187.83 2958.45 3704.65
68.6659 757.861 1476.57 2190.79 2962.45 3709.66
 68.758 758.861 1478.57 2193.73 2966.42 3714.66
 68.758 759.881 1480.56 2196.73 2970.42 3719.66
68.8499 760.881 1482.56 2199.67 2974.42 3724.63
68.8499 761.901 1484.56 2202.67  2978.4 3729.62
68.9402 762.901 1486.56 2205.67 2982.31 3734.62
69.0314 763.901 1488.52 2208.67 2986.26 3739.62
69.0314 764.926 1490.52 2211.63 2990.27 3744.62
69.0314 765.926 1492.52  2214.6 2994.28 3749.64
69.1204 766.913 1494.45  2217.6 2998.28 3754.64
69.1204 767.941 1496.45 2220.57 3002.28 3759.64
69.1204 768.961 1498.44 2223.57 3006.28 3764.64
69.2117 769.961 1500.44 2226.51 3010.25 3769.64
69.2117 770.988 1502.44 2229.48 3014.25 3774.64
69.3017  771.99 1504.44 2232.48 3018.25 3779.54
69.3017 773.015 1506.44 2235.44 3022.25 3784.56
69.3017 774.015 1508.44  2238.4 3026.26 3789.58
69.3912 775.015 1510.44  2241.4 3030.17 3794.58
69.4818 776.015 1512.44  2244.4 3034.13 3799.53
69.5721 777.015 1514.41  2247.4 3038.07 3804.53
69.6629 778.015 1516.38 2250.34 3042.07 3809.53
69.6629 779.015 1518.38 2253.31 3046.07 3814.56
69.7525 780.017 1520.38 2256.31 3050.07 3819.47
 69.842 781.017 1522.38 2259.31 3053.98 3824.47
69.9314 782.017 1524.38 2262.31 3057.89 3829.47
70.0217 783.017 1526.35 2265.31 3061.89 3834.41
70.1115 784.022 1528.35 2268.21 3065.89 3839.41
70.2017 785.022 1530.32 2271.21 3069.89 3844.35
70.2017 786.022 1532.32 2274.18 3073.89 3849.38
70.2017 787.041 1534.32 2277.18 3077.88 3854.38
70.2898 788.028 1536.24 2280.18 3081.88 3859.38
70.2898 789.049 1538.23 2283.18 3085.87 3864.38
70.2898 790.068 1540.23 2286.18 3089.86 3869.37
70.3801 791.068 1542.23 2289.12 3093.83 3874.37
70.4699 792.068  1544.2 2292.12 3097.77 3879.37
70.4699 793.068 1546.19 2295.12 3101.77 3884.38
70.4699 794.068 1548.19 2298.09 3105.78  3889.4
70.5586 795.068 1550.19 2301.09 3109.69  3894.4
70.5586 796.095  1552.2 2304.06 3113.69  3899.4
70.5586 797.095  1554.2 2307.03  3117.7 3904.42
70.5586 798.095 1556.19 2310.03  3121.7 3909.43
70.6478 799.095 1558.16 2313.03  3125.7 3914.37
70.6478 800.095 1560.16    2316 3129.72 3919.37
70.6478 801.115 1562.15    2319 3133.71 3924.37
70.6478 802.139 1564.15 2321.97 3137.71 3929.39
70.7366 803.139 1566.12 2324.97 3141.66 3934.39
70.7366 804.139 1568.12 2327.94 3145.68 3939.39
70.7366 805.139 1570.12 2330.91 3149.69 3944.41
70.8252 806.139 1572.09 2333.91 3153.63 3949.41
70.9131 807.139 1574.09 2336.91 3157.54 3954.41
70.9131 808.163 1576.09 2339.88 3161.55 3959.41
 71.001 809.165 1578.09 2342.88 3165.55 3964.32
 71.001 810.165 1580.09 2345.84 3169.56 3969.34
 71.001 811.165 1582.09 2348.82 3173.58 3974.34
 71.001 812.185 1584.08 2351.82 3177.57 3979.34
 71.001 813.205 1586.07 2354.82 3181.57 3984.33
71.0887 814.209 1588.07 2357.73 3185.57 3989.33
71.0887 815.228 1590.06 2360.73 3189.57 3994.33
71.0887 816.228 1592.06  2363.7 3193.57 3999.35
71.1766 817.228 1594.03  2366.7 3197.57  4004.3
71.2641 818.232 1596.03 2369.61 3201.57  4009.3
71.2641 819.232 1598.03 2372.58 3205.59  4014.3
71.3514 820.236 1600.03 2375.49 3209.59  4019.3
71.4396 821.236 1602.01 2378.43 3213.59  4024.3
71.5273 822.236 1603.97 2381.43 3217.59 4029.24
71.5273  823.26 1605.97 2384.39 3221.59 4034.26
 71.615  824.26 1607.94 2387.39 3225.59  4039.2
71.7027  825.26 1609.91 2390.39 3229.59 4044.14
71.7907  826.26 1611.89 2393.33 3233.59 4049.14
71.7907  827.26 1613.89 2396.29  3237.6 4054.16
71.8782  828.26 1615.85 2399.29 3241.55 4059.16
 71.965 829.259 1617.85 2402.29 3245.46 4064.16
 71.965 830.285 1619.86 2405.27 3249.46 4069.16
72.0524 831.285 1621.82 2408.27 3253.41 4074.16
72.0524  832.31 1623.82 2411.23 3257.42 4079.16
72.0524  833.31 1625.82 2414.23 3261.42 4084.17
72.0524  834.31 1627.81 2417.23 3265.41 4089.18
  72.14  835.31 1629.81 2420.17 3269.41 4094.15
72.2271  836.31 1631.78 2423.17 3273.41  4099.1
72.2271 837.329 1633.77 2426.17 3277.41  4104.1
72.3146 838.329 1635.77 2429.11 3281.41 4109.07
 72.401 839.331 1637.77 2432.11 3285.41 4113.98
72.4881 840.331 1639.74 2435.11 3289.41 4118.93
 72.575 841.331  1641.7 2438.11 3293.35 4123.93
 72.575  842.35 1643.69 2441.11 3297.35 4128.92
 72.575  843.35 1645.68 2444.11 3301.35 4133.93
72.6611  844.35 1647.68 2447.11 3305.26 4138.93
72.7484  845.35 1649.68 2450.05 3309.26  4143.9
72.7484 846.369 1651.68 2453.05 3313.25 4148.89
72.7484 847.393 1653.68 2456.02 3317.26 4153.89
72.7484 848.417 1655.68 2458.99 3321.27 4158.89
72.8351 849.417 1657.68 2461.99 3325.23 4163.85
72.8351 850.417 1659.68 2464.96 3329.24 4168.87
72.8351 851.436 1661.67 2467.96 3333.23 4173.87
72.8351 852.459 1663.67 2470.92 3337.23 4178.88
72.8351 853.459 1665.68 2473.89 3341.23 4183.91
72.8351 854.459 1667.68 2476.86 3345.24 4188.93
72.8351 855.484 1669.68 2479.83 3349.24 4193.93
72.8351 856.484 1671.68 2482.81 3353.24 4198.96
72.8351  857.51 1673.68 2485.78 3357.24 4203.96
72.9212  858.51 1675.68 2488.72 3361.24 4208.93
72.9212 859.529 1677.67 2491.72 3365.23 4213.93
 73.005 860.517  1679.6 2494.72 3369.23 4218.93
73.0902 861.521  1681.6 2497.63 3373.23 4223.93
73.0902 862.546  1683.6  2500.6 3377.23 4228.93
73.0902 863.546  1685.6 2503.58 3381.23 4233.96
73.0902 864.566 1687.59 2506.58 3385.22 4238.96
73.1737 865.554 1689.52 2509.58 3389.22 4243.96
73.1737 866.554 1691.52 2512.55 3393.22 4248.98
73.1737 867.572 1693.52 2515.55 3397.21 4253.98
73.1737 868.572 1695.51 2518.55 3401.21 4258.99
73.1737 869.591  1697.5 2521.55  3405.2 4263.99
73.2586 870.591 1699.47 2524.55 3409.15 4268.99
73.2586 871.615 1701.47 2527.52 3413.15 4273.99
73.3416 872.603  1703.4 2530.52 3417.15 4278.99
73.4258 873.605  1705.4 2533.52 3421.15  4283.9
73.4258 874.627  1707.4 2536.48 3425.15 4288.91
73.4258 875.646  1709.4 2539.48 3429.14 4293.91
73.4258 876.668  1711.4 2542.45 3433.14 4298.92
73.5103 877.668 1713.37 2545.45 3437.09 4303.92
73.5952 878.668 1715.37 2548.39 3441.09 4308.89
73.6799 879.668 1717.37 2551.39 3445.05 4313.85
73.7626 880.656  1719.3 2554.39 3449.05 4318.85
73.8473 881.656  1721.3 2557.39 3453.01 4323.81
73.9322 882.656  1723.3 2560.33 3457.01 4328.78
73.9322 883.656  1725.3  2563.3 3461.01 4333.81
74.0171 884.656  1727.3 2566.24 3465.01 4338.78
74.0171 885.656 1729.29 2569.24 3469.01 4343.79
74.0171 886.656 1731.29 2572.21 3473.01 4348.81
74.0171 887.679 1733.29 2575.18 3477.02 4353.81
74.0171 888.679 1735.29 2578.16 3481.02 4358.83
74.0171 889.679 1737.29 2581.13 3485.02 4363.86
74.0993 890.668 1739.22 2584.13 3489.02 4368.86
74.0993 891.686 1741.21 2587.13 3493.02 4373.85
74.1827  892.69 1743.21 2590.04 3497.02 4378.85
74.2658  893.69 1745.21 2593.04 3500.94 4383.85
74.3479 894.678 1747.14 2596.04 3504.94 4388.85
74.3479 895.678 1749.13 2599.04 3508.94 4393.86
74.3479 896.703 1751.13 2602.01 3512.94 4398.86
74.4312 897.706 1753.13 2604.93 3516.94 4403.86
74.4312 898.729 1755.13  2607.9 3520.95 4408.86
74.4312 899.753 1757.13 2610.86 3524.96 4413.86
74.4312 900.771 1759.12 2613.86 3528.95 4418.86
74.5138 901.771 1761.12 2616.86 3532.86 4423.86
74.5971 902.771 1763.09 2619.86 3536.81 4428.86
74.6806 903.771 1765.09 2622.86 3540.77 4433.82
74.6806 904.771  1767.1 2625.84 3544.79 4438.82
74.7621  905.76 1769.03 2628.84 3548.79 4443.82
74.8448 906.761 1771.03 2631.84 3552.79 4448.73
74.9275 907.763 1773.03 2634.84 3556.79 4453.65
74.9275 908.763 1775.03 2637.82 3560.81 4458.65
74.9275 909.763 1777.03 2640.79 3564.81 4463.68
75.0089 910.752 1778.96 2643.79 3568.81 4468.68
75.0919 911.752 1780.93 2646.79 3572.76 4473.68
75.1744 912.753 1782.93 2649.79 3576.76 4478.59
75.2578 913.753 1784.91 2652.73 3580.76 4483.59
75.2578 914.753 1786.91 2655.71 3584.78 4488.59
75.3407 915.753 1788.88 2658.71 3588.73 4493.59
75.4241 916.753 1790.88 2661.65 3592.73 4498.56
75.5063 917.753 1792.88 2664.65 3596.64 4503.56
75.5896 918.753 1794.86 2667.59 3600.64 4508.56
75.5896 919.753 1796.85 2670.59 3604.64 4513.57
75.5896 920.776 1798.85 2673.56 3608.65 4518.57
75.6717 921.776 1800.85 2676.56 3612.57 4523.57
75.7539 922.777 1802.85 2679.56 3616.57 4528.49
75.7539 923.795 1804.85 2682.56 3620.56 4533.48
75.8371 924.795 1806.85  2685.5 3624.56 4538.46
75.8371 925.818 1808.85 2688.47 3628.57 4543.46
75.8371 926.839 1810.85 2691.44 3632.57 4548.47
  75.92 927.839 1812.85 2694.38 3636.57 4553.44
  75.92 928.857 1814.84 2697.38 3640.57 4558.44
76.0023 929.857 1816.81 2700.38 3644.51 4563.44
76.0852 930.857 1818.81 2703.33 3648.49 4568.44
76.0852 931.857 1820.81  2706.3 3652.49 4573.46
76.1679 932.857 1822.81 2709.24 3656.49 4578.44
76.1679 933.857 1824.81 2712.22 3660.49 4583.46
76.1679 934.857 1826.81 2715.19 3664.49 4588.49
76.2485 935.845 1828.74 2718.19 3668.49 4593.49
76.2485 936.845 1830.74 2721.17 3672.51 4598.49
76.2485 937.845 1832.74 2724.14 3676.52 4603.51
76.3306 938.845 1834.74 2727.14 3680.48 4608.47
76.4129 939.845 1836.72 2730.08 3684.48 4613.47
76.4129 940.845 1838.72 2733.05 3688.49 4618.49
76.4931 941.833 1840.65 2736.05 3692.49 4623.49
76.4931 942.851 1842.64 2739.05 3696.49 4628.48
76.4931 943.851 1844.64 2742.03  3700.5 4633.48
76.4931 944.875 1846.65    2745  3704.5 4638.48
76.5752 945.875 1848.65 2747.95  3708.5 4643.45
76.6572 946.875 1850.65 2750.89  3712.5 4648.43
 76.739 947.875 1852.65 2753.89 3716.46 4653.39
76.8206 948.875 1854.62 2756.89 3720.46 4658.33
76.8206 949.892 1856.62 2759.89 3724.45 4663.33
76.8206 950.914 1858.62 2762.86 3728.46 4668.33
76.8206 951.931  1860.6 2765.86 3732.46 4673.32
76.8206 952.949  1862.6 2768.86 3736.45 4678.32
76.8206 953.949 1864.61 2771.84 3740.47 4683.32
76.9022 954.949 1866.61 2774.78 3744.44 4688.32
76.9833 955.949 1868.58 2777.78 3748.44 4693.27
77.0647 956.949 1870.58 2780.78  3752.4 4698.22
77.1463 957.949 1872.58 2783.73  3756.4  4703.2
77.2274 958.949 1874.55 2786.73  3760.4 4708.15
77.2274 959.949 1876.55  2789.7  3764.4 4713.17
77.2274 960.966 1878.54  2792.7  3768.4 4718.17
77.2274 961.987 1880.54 2795.67  3772.4 4723.18
 77.308  962.99 1882.54 2798.58  3776.4 4728.18
 77.308  963.99 1884.54 2801.56 3780.42 4733.18
77.3873 964.978 1886.47 2804.56 3784.42 4738.18
77.3873 965.978 1888.47 2807.54 3788.42  4743.2
77.3873 966.996 1890.46 2810.54 3792.42  4748.2
77.4673 967.995 1892.46 2813.54 3796.34  4753.2
77.5482 968.995 1894.44 2816.48 3800.34  4758.2
77.6292 969.995 1896.42 2819.42 3804.34  4763.2
77.6292 971.016 1898.42 2822.39 3808.34 4768.21
77.7102 972.016 1900.42 2825.33 3812.34 4773.19
77.7908 973.016 1902.39 2828.33 3816.34 4778.13
77.8698 974.004 1904.32 2831.33 3820.34 4783.13
77.9499 975.006 1906.32 2834.33 3824.34 4788.05
77.9499 976.024 1908.31 2837.33 3828.33 4793.05
78.0308 977.024 1910.31 2840.27 3832.31 4798.05
78.1113 978.024 1912.28 2843.27 3836.31    4803
78.1911 979.023 1914.28 2846.27 3840.23    4808
78.2712 980.026 1916.28 2849.19 3844.23    4813
78.2712 981.026 1918.28 2852.17 3848.25    4818
78.3511 982.028 1920.28 2855.17 3852.25 4822.92
78.3511  983.05 1922.28 2858.14 3856.25 4827.92
78.4316  984.05 1924.28 2861.14 3860.21 4832.88
78.5121  985.05 1926.28 2864.14 3864.18 4837.84
78.5121 986.067 1928.27 2867.14 3868.18 4842.83
78.5121 987.084 1930.27 2870.14 3872.16 4847.83
78.5121   988.1 1932.26 2873.14 3876.16 4852.82
78.5923   989.1 1934.26 2876.14 3880.13 4857.78
78.5923   990.1 1936.26 2879.11 3884.13  4862.8
78.6727   991.1 1938.26 2882.06 3888.13 4867.77
 78.752   992.1 1940.26 2885.06 3892.06 4872.77
 78.832   993.1 1942.23 2888.06 3896.01 4877.77
78.9123   994.1 1944.21    2891 3900.01 4882.77
78.9123   995.1 1946.21 2893.98 3904.02 4887.77
78.9123 996.117  1948.2 2896.98 3908.02 4892.77
 78.992 997.117 1950.17 2899.98 3911.98 4897.77
79.0723 998.117 1952.17 2902.92 3915.98 4902.74
79.0723 999.117 1954.17  2905.9 3919.99 4907.74
79.1505 1000.11 1956.11  2908.9 3923.99 4912.74
79.2299 1001.11 1958.11 2911.82 3927.99 4917.74
79.3093 1002.11 1960.11 2914.74 3931.99 4922.74
79.3093 1003.13 1962.11  2917.7 3935.99 4927.75
79.3093 1004.15  1964.1  2920.7 3939.99 4932.75
79.3888 1005.15 1966.07  2923.7 3943.99  4937.7
79.4688 1006.15 1968.07 2926.65 3947.96  4942.7
79.4688 1007.17 1970.07 2929.65 3951.95  4947.7
79.5488 1008.17 1972.07  2932.6 3955.92  4952.7
79.5488 1009.19 1974.07 2935.57 3959.93  4957.7
79.5488  1010.2 1976.06 2938.57 3963.92  4962.7
79.5488 1011.22 1978.06 2941.57 3967.91 4967.69
79.6284 1012.22 1980.06 2944.51 3971.91 4972.67
79.6284 1013.22 1982.05 2947.51 3975.91 4977.67
79.6284 1014.22 1984.05 2950.51 3979.91 4982.68
79.7078 1015.22 1986.02 2953.46 3983.91 4987.68