      1       2 4.66667       4 4.66667 4.66667
      1 3.76471 6.66667       7 8.78431 8.78431
1.41706 4.76471 8.66667 9.91939 12.4479 13.7843
1.87832 5.76471 10.6667 12.9194 16.4997 18.2712
1.87832 6.76471  13.249 15.9194 20.4941 22.6945
1.87832 7.76471 15.8036 18.9889 24.4941 27.0703
2.19178 8.76471 17.8036 22.1579 28.4941 31.5879
2.19178 9.76471 20.2919 25.2547 32.4941 36.0028
2.46813 10.7647 22.2919  28.439 36.4941 40.5422
2.46813 11.7647 24.7606  31.439 40.5357  45.032
2.46813 12.8886 26.7606 34.4425 44.4082  50.032
2.66195 13.8886  28.862 37.1472 48.4082  55.032
2.66195 14.8886 31.2465 40.2161 52.4082 59.5785
 2.8698 15.8886 33.2465 43.3563 56.4082 64.2305
 2.8698 16.8886  35.623 46.3563 60.4404 68.8219
 2.8698 18.0396  37.623 49.5154 64.4404 73.5119
3.03792 19.0964  39.623 52.5154 68.2154 78.5119
3.03792 20.0964 41.8469 55.4628 72.0441 83.5119
3.19751 21.1521 43.8469 58.4628 75.8288 88.5119
3.19751 22.2924 45.8469 61.4628 79.9168 93.2836
3.35477 23.2924 48.1018 64.4628 83.9168 97.8715
3.50346 24.2924 50.2337 67.4628 87.6361 102.871
3.63815 25.2264 52.1651 70.4628 91.6361 107.871
 3.7981 26.2264 54.1651 73.5606 95.6361 112.614
3.95178 27.2264 56.1651 76.5371 99.5059 117.614
4.11266 28.2264 58.1651 79.5371 103.557 122.402
4.11266 29.3301 60.1651 82.6472 107.557 127.188
4.11266 30.3301 62.1651 85.7719 111.623 131.997
4.11266 31.3301 64.3206  88.746 115.494 136.997
4.11266 32.3301 66.5538  91.746 119.504 141.754
4.24819 33.3301  68.747  94.746 123.504 146.425
4.38184 34.3301  70.747 97.7268 127.389 151.425
4.38184 35.3301 72.9586 100.782 131.389 156.158
4.38184 36.3989 75.1657 103.782 135.389 160.882
4.38184 37.3989 77.3776 106.836 139.389 165.617
4.38184 38.4538 79.3776 109.849 143.321 170.617
4.38184 39.5389 81.3776 112.949 147.321 175.432
4.38184 40.6241 83.3776 116.049 151.321 180.246
4.49856 41.7062 85.3776 119.049 155.321 185.048
4.49856   42.74 87.4938 122.049 159.171 190.048
4.49856 43.8076 89.6792 125.049 163.171 194.795
4.49856 44.8076 91.8829 128.049 167.181 199.581
4.49856 45.8076 94.0866 131.049  171.19 204.368
4.49856 46.8076 96.2903 134.049   175.2 209.155
4.59892 47.8076 98.2903  137.04 179.109 214.155
4.59892 48.8076 100.425 140.016 182.998 219.155
4.59892 49.8076  102.61 143.062 186.998 223.923
4.69208 50.8165  104.61  145.96 190.998 228.923
4.69208 51.8165 106.742 148.935 194.891 233.923
4.69208 52.8165 108.874  151.91 198.784 238.923
4.69208  53.827 110.957 154.816 202.784 243.923
4.69208 54.8736 112.957 157.827 206.727 248.923
4.78334 55.9409 114.957 160.827 210.727 253.765
4.87145 56.9713 116.957 163.827 214.609 258.765
4.87145 58.0246  119.12 166.827 218.609 263.549
 4.9552 59.0246 121.168 169.695 222.609 268.549
5.04046 60.0246 123.252 172.695 226.439 273.549
5.04046 61.0364  125.33 175.606 230.439 278.549
5.04046 62.0481 127.407 178.517 234.439 283.549
5.12289 63.0481 129.491 181.517 238.273 288.549
5.12289 64.0481 131.651 184.544 242.273 293.362
5.20591 65.0481 133.651 187.535 246.199 298.362
5.20591 66.0481 135.808 190.562 250.199 303.177
5.28689 67.0754 137.808 193.562 254.091 308.177
5.28689 68.0754 139.963 196.588 258.091 312.996
5.36522 69.0842 141.963 199.501 262.091 317.996
5.36522 70.0842 144.125 202.501 266.083 322.841
5.36522 71.0842 146.288 205.501 270.076 327.685
5.36522 72.0842 148.288 208.571 274.111  332.58
5.43653 73.0421 150.259 211.571 278.111  337.58
5.43653 74.0499 152.332  214.49 282.111  342.58
5.50688 75.0082 154.303  217.49 286.111  347.58
5.50688 76.0269 156.399  220.49 289.997  352.58
5.58336 77.0269 158.399  223.49 294.024 357.477
5.65948 78.0771 160.399  226.49 298.024  362.35
5.73445 79.0771 162.524  229.49 302.024 367.151
5.80942 80.0771 164.649  232.49 306.024 371.951
5.80942 81.0771 166.756 235.466 309.941 376.951
5.88166 82.0771  168.83 238.466 313.795 381.951
5.88166 83.0771 170.969 241.488 317.795  386.79
5.88166 84.0771 172.969 244.551 321.826 391.696
5.95494 85.0771 174.969 247.597 325.826 396.576
6.02822 86.0771 176.969 250.644 329.826 401.456
6.02822 87.0771 179.112 253.644  333.82 406.318
6.02822 88.0771 181.112 256.707 337.851 411.225
6.09979 89.1228 183.112 259.707 341.851 416.107
6.17137 90.1686 185.112 262.707 345.851  420.99
6.24294 91.1686 187.112 265.753 349.851 425.872
6.24294 92.1686 189.112 268.815 353.882 430.779
6.24294 93.2198 191.112 271.815 357.918 435.692
6.24294 94.2198 193.247 274.815 361.916 440.559
6.31121 95.2198  195.36 277.815 365.916 445.377
6.38068 96.2198  197.36 280.815 369.944 450.279
 6.4499 97.2198  199.36 283.862 373.944 455.164
 6.4499 98.2247 201.421 286.796 377.944 460.164
6.51749 99.2247 203.532 289.796 381.944 464.986
6.51749 100.273 205.532 292.796 385.981   469.9
6.58204 101.273 207.567 295.696 389.981   474.9
6.64728 102.277 209.567 298.627 393.981   479.9
6.64728 103.277 211.567 301.683 398.013 484.812
6.71187 104.281 213.567 304.615 402.013 489.812
6.71187 105.281 215.567  307.67 406.045 494.725
6.77335 106.245 217.542  310.67 410.045 499.725
6.83966 107.245 219.542 313.711 414.045 504.617
6.83966 108.245 221.542 316.766 418.077  509.53
6.83966 109.245 223.662 319.766 422.079 514.408
6.83966 110.245 225.783 322.766 426.081 519.285
6.83966  111.29 227.783 325.766 430.117 524.204
6.90203 112.304 229.783 328.766  434.04 529.204
6.96588 113.304 231.783 331.807  438.04   534.1
7.02975 114.343 233.783 334.807  442.04 538.997
7.02975 115.343 235.865 337.789 445.976 543.997
7.02975 116.343 237.947  340.77 449.913 548.997
7.02975 117.343 240.063  343.77 453.914 553.879
7.02975 118.374  242.17  346.77 457.914 558.742
7.09001 119.388  244.17  349.77 461.839 563.742
7.09001 120.388 246.252 352.752 465.776 568.742
7.15127 121.388 248.252 355.752 469.801 573.656
7.15127 122.388 250.252 358.803  473.83 578.576
7.15127 123.388 252.365 361.803 477.831 583.461
 7.2115 124.388 254.365 364.803 481.856 588.376
7.27028 125.402 256.365 367.803 485.784 593.376
7.27028 126.402 258.365 370.853 489.812 598.297
7.27028 127.431 260.468 373.853 493.812 603.166
7.32845 128.431 262.468 376.844 497.763 608.166
7.38629 129.444 264.468 379.844 501.692 613.166
7.38629 130.448 266.518  382.79 505.692 618.166
  7.444 131.448 268.518 385.781 509.643 623.166
  7.444 132.472 270.518 388.786 513.613 628.166
  7.444 133.484 272.584 391.786 517.536 633.166
7.50106 134.484 274.674 394.786 521.536 638.019
7.50106 135.521 276.674  397.83 525.536 642.939
7.55716 136.534 278.674  400.83 529.466 647.939
7.55716 137.571 280.674 403.874 533.466 652.858
7.61041  138.54 282.651 406.874 537.466 657.858
 7.6672 139.574 284.651 409.874 541.466 662.768
7.72225 140.576 286.651 412.816 545.466 667.768
7.72225  141.58 288.699 415.765 549.466 672.768
7.72225 142.584 290.746 418.713 553.466 677.768
7.77711 143.597 292.746 421.713 557.398 682.768
7.83305 144.597 294.746 424.747 561.398 687.679
7.83305 145.597 296.746 427.792 565.423 692.609
7.88696 146.599 298.746 430.736 569.423 697.609
7.88696 147.611 300.807 433.736 573.351 702.609
7.94106 148.623 302.807 436.736 577.284 707.609
7.94106 149.623 304.807  439.78 581.308 712.541
7.99582 150.655 306.807  442.78 585.308 717.454
7.99582 151.681 308.896  445.78 589.308  722.34
7.99582 152.717 310.896  448.78 593.335 727.276
7.99582 153.743 312.984  451.78 597.335 732.161
7.99582 154.755 315.043  454.78 601.265 737.161
8.04861 155.755 317.123  457.78 605.265 742.029
8.10041 156.757 319.123 460.726 609.265 747.029
8.10041 157.791 321.123 463.765 613.265 751.956
8.15336 158.822 323.123 466.765 617.265 756.871
8.20562 159.822 325.123 469.756 621.221 761.871
 8.2572 160.822 327.167 472.756 625.126 766.871
8.30963 161.822 329.245 475.756 629.126 771.741
8.36257 162.853 331.245 478.756 633.126 776.657
8.41366 163.853 333.269 481.681 637.126 781.657
8.41366 164.875 335.269 484.686   641.1 786.657
8.46639 165.875 337.269 487.686 645.117 791.587
8.46639  166.91 339.269 490.686 649.143 796.527
8.51688  167.91 341.292 493.612 653.143 801.527
8.56783  168.91 343.334 496.612  657.05 806.527
8.61878  169.91 345.375 499.612 660.957 811.527
8.66813 170.883 347.353 502.612 664.957 816.527
8.71972 171.883 349.353 505.603 668.915 821.527
8.71972 172.917 351.353 508.603 672.938 826.469
8.77025 173.919 353.353  511.55 676.938 831.469
8.77025 174.919 355.353 514.589  680.96 836.408
8.82015 175.919 357.375 517.517  684.96 841.408
8.82015 176.924 359.416 520.472  688.96 846.408
8.86869 177.897 361.393 523.472  692.96 851.408
8.86869 178.897 363.475 526.487  696.96 856.312
8.86869  179.93 365.475 529.487 700.984 861.255
8.91808 180.932 367.475 532.436 704.984 866.255
8.96817 181.932 369.475 535.426 708.943 871.255
9.01618 182.906 371.453 538.426 712.943 876.255
9.06625 183.906 373.453 541.417 716.903 881.255
9.11563 184.908 375.453 544.366 720.903 886.255
 9.1647 185.908 377.474 547.296 724.903 891.255
9.21417 186.908 379.511 550.296 728.816 896.255
9.26436 187.908 381.579 553.296 732.816 901.138
9.31238 188.882 383.557 556.296 736.816 906.138
9.36176 189.883 385.557 559.245 740.816 911.138
9.36176 190.905 387.631 562.245 744.816 916.041
9.40953 191.879  389.61 565.245 748.816 921.041
9.40953 192.901 391.684 568.245 752.816 925.945
9.40953 193.922 393.758 571.245 756.816 930.849
9.45931 194.948 395.758 574.245 760.816 935.773
9.50868 195.948 397.824 577.245 764.816 940.658
9.50868 196.977 399.824 580.276 768.816 945.598
9.50868 197.977 401.882 583.262 772.772 950.598
 9.5555 198.952  403.86 586.262 776.772 955.598
9.60329 199.952  405.88 589.195 780.772 960.598
9.60329 200.952 407.959 592.195 784.772 965.519
9.60329 201.952 410.039 595.195 788.772  970.44
9.60329 202.971 412.039 598.197  792.75  975.44
9.60329 203.992 414.111 601.197  796.75 980.346
9.60329  205.01 416.111 604.199 800.729 985.346
9.60329 206.039 418.111  607.23 804.729 990.288
9.65058 207.039 420.111  610.22 808.692 995.288
9.69838 208.039 422.111 613.242 812.692 1000.22
9.69838 209.059 424.183 616.242 816.692 1005.13
9.69838 210.059 426.238 619.229  820.65 1010.13
9.69838 211.059 428.316 622.229 824.649 1015.05
9.69838 212.059 430.371 625.215 828.607 1020.05
9.69838 213.087 432.371 628.245 832.607 1024.99
9.69838 214.116 434.371 631.245 836.628 1029.94
9.74479 215.141 436.371 634.245 840.628 1034.87
9.74479 216.141 438.448 637.245 844.628 1039.79
9.78968 217.141 440.467  640.18 848.628 1044.79
9.83519  218.15 442.467  643.18 852.573 1049.79
9.88137 219.174 444.467  646.18 856.573 1054.72
9.92653 220.176 446.467 649.133 860.573 1059.72
9.97271   221.2 448.467 652.133 864.573 1064.65
9.97271 222.229 450.467 655.133 868.594  1069.6
10.0177 223.231 452.467 658.086 872.594  1074.6
10.0636 224.255 454.467 661.086 876.594 1079.53
10.1083 225.255 456.486 664.023 880.594 1084.53
10.1083 226.264 458.531 667.023 884.539 1089.53
10.1083 227.292 460.531 670.023 888.559 1094.49
10.1535 228.292 462.591 673.023 892.559 1099.38
10.1986 229.292 464.591 676.013 896.524 1104.38
10.2435 230.302 466.591 679.013  900.47 1109.38
10.2435 231.302 468.591 682.043 904.489 1114.33
10.2435 232.302 470.663 685.043 908.489 1119.26
10.2435 233.302 472.732 688.054 912.489 1124.18
10.2885 234.325 474.732 691.054 916.489 1129.11
10.2885 235.334 476.776 694.054 920.435 1134.11
10.2885 236.334 478.776 697.084 924.454 1139.06
10.3321 237.334 480.809 700.084 928.378 1144.06
10.3321 238.334 482.809 703.115 932.396 1149.01
10.3321 239.334  484.88 706.115 936.396 1153.94
10.3321 240.334 486.931 709.102 940.357 1158.94
10.3321  241.36 488.931 712.129 944.357 1163.89
10.3751  242.36 490.963 715.129 948.282 1168.89
10.4177  243.36 492.981 718.068 952.282 1173.89
10.4177  244.36 495.032 721.055 956.244 1178.89
10.4177  245.36 497.103 724.055 960.243 1183.82
10.4177  246.36 499.103 727.085 964.261 1188.77
10.4177  247.36 501.103 730.114 968.278 1193.73
10.4177  248.36 503.153 733.102  972.24 1198.73
10.4177 249.377 505.153 736.104 976.221 1203.73
10.4177 250.404 507.153 739.104  980.24 1208.68
10.4177 251.404 509.219 742.114  984.24 1213.61
10.4177 252.404 511.288 745.114 988.239 1218.54
10.4177 253.412 513.331 748.114 992.188 1223.54
10.4579  254.39 515.312 751.114 996.188 1228.54
10.4992  255.39 517.344 754.114 1000.12 1233.54
10.4992  256.39 519.409 757.125 1004.12 1238.46
10.5407  257.39 521.465 760.125 1008.12 1243.36
10.5823  258.39 523.521 763.125 1012.12 1248.27
10.6238  259.39 525.521 766.116 1016.08 1253.27
10.6238 260.398 527.564 769.116 1020.03 1258.27
10.6655 261.398 529.564 772.135 1024.03 1263.21
10.7066 262.407 531.564 775.135 1027.98 1268.21
10.7066 263.407 533.613 778.123 1031.94 1273.21
10.7066 264.407 535.677 781.133 1035.94 1278.13
10.7472 265.407 537.709 784.133 1039.87 1283.13
10.7878 266.408 539.709 787.092 1043.87 1288.13
10.7878 267.408 541.757  790.08 1047.84 1293.13
10.7878 268.432 543.757 793.105 1051.84 1298.08
10.8289 269.432 545.757 796.105 1055.85 1303.03
10.8289 270.432 547.806 799.093 1059.81 1308.03
10.8289 271.435 549.838 802.058 1063.81 1313.03
10.8693 272.435 551.838 805.049 1067.78 1318.03
10.9093 273.435 553.869 808.049 1071.71 1323.03
10.9093  274.46 555.869 811.049 1075.72 1327.99
10.9093  275.46 557.935 814.049 1079.72 1332.93
10.9093  276.46 559.998 817.059 1083.72 1337.85
10.9093  277.46 562.064 820.059 1087.72 1342.79
10.9093  278.46  564.13 823.059 1091.72 1347.72
10.9493  279.46  566.13 826.059 1095.73 1352.67
10.9493  280.46 568.196 829.059 1099.73 1357.61
10.9493 281.468 570.237 832.059 1103.68 1362.61
10.9883 282.468 572.268 835.059 1107.61 1367.61
10.9883 283.468  574.33 838.068 1111.61 1372.54
11.0279 284.468  576.33 841.086 1115.61 1377.48
11.0658 285.447 578.313 844.086 1119.61 1382.48
11.1051 286.447 580.313 847.078 1123.58 1387.48
11.1051 287.449 582.345 850.043 1127.58 1392.48
11.1051 288.473 584.345 853.043 1131.59 1397.44
11.1436 289.474 586.345 856.004 1135.59 1402.44
11.1436  290.49 588.345 859.006 1139.57 1407.44
11.1823 291.497 590.345 862.006 1143.53 1412.44
11.1823   292.5 592.376 864.972 1147.53 1417.44
11.1823 293.508 594.416 867.972 1151.48 1422.44
11.2212 294.508 596.416 870.972 1155.49 1427.39
11.2593 295.509 598.416 873.933 1159.49 1432.39
11.2979 296.509 600.467 876.933 1163.49  1437.3
11.3353 297.488 602.451 879.933 1167.49  1442.3
11.3353  298.51 604.451 882.956 1171.49 1447.26
 11.374  299.51 606.451 885.972 1175.49  1452.2
 11.374  300.51 608.513 888.972 1179.49 1457.14
 11.374 301.533 610.513 891.972  1183.5  1462.1
11.4125 302.533 612.513 894.989  1187.5 1467.05
11.4125 303.536 614.544 897.956  1191.5 1472.05
11.4509 304.536 616.544 900.956 1195.51    1477
11.4509 305.558 618.544 903.978 1199.51 1481.96
11.4888 306.558 620.594 906.978 1203.51 1486.87
11.4888 307.574 622.651 909.978 1207.51  1491.8
11.4888  308.59 624.707 912.978 1211.51 1496.72
11.5263 309.597 626.707 915.978 1215.47 1501.72
 11.564 310.597 628.757 918.978 1219.47 1506.64
 11.564 311.604 630.796 921.978 1223.42 1511.64
11.6012 312.605 632.796  924.94 1227.42 1516.64
 11.639 313.605 634.796 927.957 1231.42 1521.58
11.6754 314.585  636.78 930.957 1235.42 1526.58
11.6754 315.585 638.824 933.946 1239.39 1531.58
11.6754 316.608 640.824 936.946  1243.4 1536.54
11.7115 317.588 642.808 939.946  1247.4 1541.54
11.7115 318.591 644.837 942.913  1251.4 1546.54
11.7115 319.591 646.882 945.902 1255.37 1551.54
11.7115 320.591 648.942 948.902 1259.37 1556.49
11.7473 321.571 650.926 951.902 1263.37 1561.49
11.7842 322.571 652.926 954.894 1267.34 1566.49
11.7842 323.571 654.983 957.902 1271.34 1571.42
11.7842 324.571  657.04 960.911 1275.34 1576.35
11.8213 325.571  659.04 963.911 1279.35 1581.31
11.8213 326.571  661.04 966.935 1283.36 1586.27
11.8213 327.591  663.04 969.957 1287.36 1591.23
11.8213 328.591 665.083 972.946 1291.33 1596.23
11.8571 329.591 667.099 975.895 1295.33 1601.23
11.8571 330.613 669.099 978.895 1299.34 1606.19
11.8571 331.613 671.158 981.895 1303.34 1611.13
11.8571 332.613 673.201 984.884 1307.31 1616.13
11.8571 333.613  675.26 987.884 1311.31 1621.08
11.8931 334.613 677.307 990.884 1315.31 1625.99
11.8931 335.613 679.307 993.908 1319.32 1630.96
11.8931 336.613 681.307 996.932 1323.34 1635.92
11.8931 337.615 683.336   999.9 1327.34 1640.92
11.8931 338.615 685.395  1002.9 1331.34 1645.86
11.8931 339.618 687.424 1005.87 1335.34 1650.86
11.8931 340.618 689.479 1008.88 1339.34  1655.8
11.9284 341.618 691.527 1011.88 1343.34 1660.71
11.9284  342.62 693.556 1014.85 1347.34 1665.71
11.9638  343.62 695.556 1017.86 1351.34 1670.66
11.9638 344.641 697.556 1020.86 1355.35 1675.63
11.9986 345.642 699.556 1023.83 1359.35 1680.63
12.0335 346.648 701.556 1026.83 1363.31 1685.63
12.0684 347.655 703.556 1029.83 1367.27 1690.63
12.1034 348.661 705.556 1032.83 1371.23 1695.63
12.1383 349.668 707.556 1035.83 1375.18 1700.63
12.1383 350.688 709.556 1038.85 1379.18 1705.59
 12.173 351.688 711.582 1041.85 1383.12 1710.59
 12.173  352.69  713.61 1044.82 1387.12 1715.59
 12.173 353.692 715.638 1047.79 1391.12 1720.59
 12.173 354.707 717.691 1050.79 1395.12 1725.52
 12.173 355.709 719.719 1053.75 1399.12 1730.52
 12.173 356.722 721.719 1056.76 1403.11 1735.52
12.2078 357.722 723.719 1059.76 1407.12 1740.48
12.2078 358.735 725.719 1062.76  1411.1 1745.48
12.2078 359.735 727.775 1065.76  1415.1 1750.42
12.2421 360.735 729.821 1068.76  1419.1 1755.34
12.2421 361.735 731.821 1071.78 1423.11 1760.31
12.2421 362.749 733.872 1074.78 1427.11 1765.24
12.2752 363.731 735.857 1077.78 1431.11 1770.24
12.3088 364.731 737.873 1080.73 1435.11 1775.24
12.3088 365.731 739.873 1083.75 1439.13 1780.21
12.3427 366.737 741.873 1086.75 1443.09 1785.21
12.3427 367.737 743.913 1089.74 1447.06 1790.21
12.3768 368.754 745.913 1092.74 1451.06 1795.16
12.3768 369.773 747.913 1095.76 1455.06 1800.12
12.3768 370.773 749.968 1098.76 1459.05 1805.06
12.4106 371.773 752.013 1101.76 1463.05 1809.99
12.4106 372.773 754.068 1104.76 1467.05 1814.93
12.4439 373.774 756.068 1107.73 1471.05 1819.93
12.4439 374.787 758.119 1110.73 1475.05 1824.87
12.4776 375.787 760.119 1113.74 1479.05 1829.82
12.5114 376.787 762.119 1116.76 1483.05 1834.77
12.5114 377.787 764.171 1119.76 1487.05 1839.71
12.5451 378.804 766.171 1122.76 1491.05 1844.66
12.5451 379.824 768.171 1125.76 1495.07 1849.63
12.5787 380.824 770.171 1128.78 1499.07 1854.58
12.5787 381.829 772.206 1131.78 1503.03 1859.58
12.5787 382.843 774.255 1134.78 1507.03 1864.52
12.6119 383.843   776.3 1137.78 1511.03 1869.44
12.6449 384.849   778.3 1140.78 1514.99 1874.44
12.6772 385.831 780.285 1143.78 1518.99 1879.44
12.6772 386.831 782.285  1146.8    1523  1884.4
12.7103 387.831 784.329  1149.8    1527 1889.33
12.7103 388.833 786.356 1152.77    1531 1894.33
12.7432 389.839 788.356 1155.77 1534.96 1899.33
12.7762 390.839 790.399 1158.77 1538.96 1904.25
12.8094 391.855 792.399 1161.77 1542.96  1909.2
12.8094 392.855 794.399 1164.79 1546.97 1914.17
12.8094 393.855 796.439 1167.78 1550.95 1919.17
12.8414 394.838 798.425 1170.78 1554.95 1924.17
12.8745 395.838 800.425 1173.78 1558.95 1929.13
12.9076 396.838 802.425 1176.78 1562.96 1934.09
  12.94 397.838 804.439 1179.74 1566.96 1939.09
12.9725 398.838 806.463 1182.74  1570.9 1944.09
12.9725 399.851 808.511 1185.74  1574.9 1949.02
12.9725 400.851 810.562 1188.74  1578.9 1953.97
13.0043 401.833 812.548 1191.74  1582.9 1958.97
13.0361 402.815 814.534 1194.74  1586.9 1963.97
13.0361 403.833 816.534 1197.76  1590.9 1968.93
13.0361 404.852 818.534 1200.76 1594.92  1973.9
13.0683 405.852 820.534 1203.73 1598.92  1978.9
13.0683 406.864 822.534 1206.73  1602.9  1983.9
13.0683 407.864 824.583 1209.74  1606.9 1988.84
13.0683 408.864 826.635 1212.74  1610.9 1993.79
13.0683 409.866 828.661 1215.71  1614.9 1998.79
13.0683 410.884 830.661 1218.73  1618.9 2003.75
13.0683 411.884 832.711 1221.74  1622.9  2008.7
13.0683 412.903 834.711 1224.74 1626.92 2013.67
13.1001 413.908 836.711 1227.74 1630.88 2018.67
13.1001 414.908 838.711 1230.76 1634.89 2023.63
13.1317 415.909 840.711 1233.72 1638.89 2028.63
13.1628 416.891 842.697 1236.72 1642.89 2033.63
13.1628 417.891 844.697 1239.75  1646.9  2038.6
13.1943 418.891  846.72 1242.75 1650.85  2043.6
13.1943 419.891  848.72 1245.77 1654.86 2048.57
 13.226 420.891 850.762 1248.77 1658.86 2053.49
 13.226 421.904 852.809 1251.77 1662.86 2058.43
 13.226 422.922 854.809 1254.77 1666.88  2063.4
 13.226 423.934 856.809 1257.77 1670.86  2068.4
 13.226 424.936 858.834 1260.74 1674.86  2073.4
13.2575 425.936 860.875 1263.74 1678.86 2078.33
13.2575 426.953 862.875 1266.76 1682.86 2083.29
13.2888 427.953 864.875 1269.75 1686.84 2088.29
13.3197 428.953 866.888 1272.71 1690.84 2093.29
13.3197 429.966 868.934 1275.71 1694.84 2098.23
13.3512 430.981 870.934 1278.71 1698.84 2103.19
13.3824 431.981 872.975 1281.71 1702.84 2108.12
13.4139 432.981 874.975 1284.72 1706.84 2113.07
13.4452 433.981 877.016 1287.72 1710.84    2118
13.4766 434.981 879.016 1290.73 1714.84 2122.96
13.4766 435.981 881.066 1293.73 1718.84 2127.91
13.5077 436.986 883.066 1296.73  1722.8 2132.91
13.5077 437.998 885.066 1299.73 1726.79 2137.91
13.5388 438.998 887.066 1302.73 1730.76 2142.91
13.5699 439.998 889.066 1305.72 1734.74 2147.91
13.6012 440.998 891.066 1308.73 1738.74 2152.86
 13.632 441.998 893.078 1311.69 1742.74 2157.86
 13.632 442.998 895.078 1314.71 1746.75 2162.83
 13.632  444.01 897.124 1317.71 1750.75 2167.77
 13.663  445.01 899.164 1320.71 1754.75  2172.7
 13.663 446.015 901.195 1323.71 1758.72  2177.7
 13.663  447.02 903.226 1326.71 1762.68  2182.7
 13.663 448.022  905.25 1329.68 1766.68  2187.7
13.6933 449.022 907.263 1332.64 1770.68  2192.7
13.7237 450.022 909.276  1335.6 1774.68  2197.7
13.7237 451.022 911.312 1338.59 1778.65  2202.7
13.7543 452.028 913.312 1341.59 1782.62  2207.7
13.7543 453.039 915.312 1344.59 1786.61  2212.7
13.7543 454.039 917.359 1347.59 1790.61 2217.65
13.7543 455.044 919.389 1350.59 1794.57 2222.65
13.7543 456.055 921.389 1353.59 1798.56 2227.65
13.7849 457.069 923.389 1356.59 1802.56  2232.6
13.7849 458.081 925.389  1359.6 1806.55  2237.6
13.8155 459.081 927.389  1362.6 1810.55 2242.57
13.8455 460.081 929.402 1365.55 1814.55 2247.57
13.8455 461.083 931.426 1368.53 1818.55 2252.57
13.8759 462.083 933.426 1371.54 1822.55 2257.52
13.8759 463.083 935.474 1374.54 1826.55 2262.48
13.9063 464.083 937.474 1377.55 1830.55 2267.43
13.9367 465.083 939.474 1380.56 1834.55 2272.39
13.9667 466.083 941.496 1383.56  1838.5 2277.39
13.9667   467.1 943.496 1386.56 1842.51 2282.36
13.9667 468.111 945.496 1389.56  1846.5 2287.36
13.9966 469.111 947.518 1392.56 1850.45 2292.36
13.9966 470.111 949.518 1395.58 1854.46 2297.33
13.9966 471.111 951.565 1398.58 1858.46 2302.29
14.0268 472.111 953.565 1401.58 1862.46 2307.25
14.0268 473.111 955.613 1404.58 1866.46  2312.2
14.0268 474.111 957.613  1407.6 1870.48 2317.17
14.0268 475.113 959.636 1410.58 1874.48 2322.17
14.0565 476.118 961.636 1413.58 1878.44 2327.17
14.0862 477.118 963.636 1416.57 1882.42 2332.17
14.0862 478.134 965.636 1419.59 1886.42 2337.14
14.0862 479.136  967.66 1422.56 1890.42 2342.14
 14.116 480.136  969.66 1425.57 1894.42  2347.1
 14.116 481.136 971.704 1428.58 1898.42 2352.05
14.1458 482.136 973.704 1431.58 1902.42 2357.01
14.1458 483.136 975.739 1434.57  1906.4 2362.01
14.1458 484.138 977.762 1437.54  1910.4 2367.01
14.1754 485.151 979.762 1440.54  1914.4 2371.97
14.1754 486.151 981.762 1443.56 1918.41 2376.94
14.1754 487.167 983.762 1446.58 1922.41 2381.91
14.1754 488.167 985.806 1449.59 1926.41 2386.85
14.2047 489.167 987.844 1452.59 1930.41 2391.79
14.2047 490.183 989.844  1455.6 1934.41 2396.76
14.2337 491.184 991.844 1458.57 1938.41 2401.76
14.2627 492.184 993.865 1461.57 1942.36 2406.76
14.2627   493.2 995.865 1464.57 1946.37 2411.73
14.2627 494.217 997.865 1467.57 1950.38  2416.7
 14.292 495.217 999.865 1470.58 1954.38 2421.66
14.3209 496.217 1001.86 1473.56 1958.38 2426.66
14.3209 497.229 1003.91 1476.56 1962.38  2431.6
14.3496 498.229 1005.92 1479.51 1966.38  2436.6
14.3784 499.229 1007.92 1482.49 1970.38  2441.6
14.4071 500.229 1009.93 1485.44 1974.38  2446.6
14.4071 501.231 1011.95 1488.42 1978.38  2451.6
14.4354 502.216 1013.94 1491.42 1982.38  2456.6
14.4354 503.217 1015.96  1494.4 1986.38  2461.6
14.4354 504.229 1018.01  1497.4 1990.38 2466.55
14.4354 505.229 1020.05  1500.4 1994.38  2471.5
14.4644 506.229 1022.05 1503.41 1998.38 2476.46
14.4934 507.229 1024.05 1506.41 2002.39 2481.43
14.5224 508.229 1026.05 1509.41  2006.4 2486.39
14.5224 509.245 1028.05 1512.41 2010.41 2491.36
14.5224  510.26 1030.05 1515.43 2014.41 2496.33
14.5507  511.26 1032.06 1518.39 2018.41 2501.33
14.5796 512.274 1034.06 1521.39 2022.41 2506.29
14.5796  513.29 1036.06 1524.39 2026.42 2511.26
14.5796  514.29 1038.06 1527.41 2030.43 2516.23
 14.608 515.295 1040.06 1530.41  2034.4 2521.23
 14.608 516.295 1042.06 1533.42 2038.41  2526.2
14.6367 517.295 1044.06 1536.43 2042.41 2531.16
14.6367 518.295 1046.06 1539.45 2046.42 2536.13
14.6367 519.295 1048.11 1542.45 2050.42 2541.09
14.6653 520.295 1050.11 1545.45 2054.43 2546.06
14.6653 521.295 1052.15 1548.45 2058.43 2551.01
14.6653   522.3 1054.18 1551.45 2062.39 2556.01
 14.693 523.284 1056.17 1554.45 2066.39 2561.01
14.7214 524.284 1058.17 1557.46 2070.39 2565.97
14.7499 525.284 1060.17 1560.46  2074.4 2570.94
14.7499   526.3 1062.17 1563.48  2078.4 2575.91
14.7499   527.3 1064.17  1566.5 2082.41 2580.88
14.7499   528.3  1066.2 1569.49 2086.39 2585.88
14.7781   529.3 1068.23 1572.49 2090.39 2590.81
14.7781 530.304 1070.26 1575.49 2094.36 2595.81
14.7781 531.304  1072.3 1578.49 2098.35 2600.77
14.8063 532.304  1074.3 1581.49 2102.36 2605.74
14.8341 533.304 1076.32 1584.49 2106.31 2610.74
14.8341 534.304 1078.36 1587.48 2110.29 2615.74
14.8618 535.304 1080.37 1590.44 2114.29 2620.74
14.8618 536.304 1082.37 1593.46  2118.3 2625.71
14.8899 537.304 1084.37 1596.47  2122.3 2630.67
14.9179 538.317 1086.37 1599.47  2126.3 2635.63
14.9179 539.332 1088.37 1602.48  2130.3  2640.6
14.9179 540.332  1090.4 1605.47 2134.28  2645.6
14.9459 541.332  1092.4 1608.47 2138.28 2650.56
14.9459 542.332 1094.44 1611.48 2142.28 2655.52
14.9459 543.332 1096.44  1614.5 2146.29 2660.49
14.9459 544.342 1098.44  1617.5 2150.28 2665.49
14.9459 545.342 1100.48  1620.5 2154.28 2670.45
14.9733 546.342 1102.49 1623.46 2158.28 2675.45
14.9733 547.346 1104.52 1626.46 2162.25 2680.45
15.0008 548.346 1106.56 1629.46 2166.25 2685.38
15.0282 549.347 1108.56 1632.43 2170.25 2690.38
15.0282 550.357  1110.6 1635.43 2174.25 2695.33
15.0559 551.357  1112.6 1638.43 2178.26  2700.3
15.0836  552.37  1114.6 1641.43 2182.26 2705.26
15.1109  553.37 1116.61 1644.43 2186.21 2710.26
15.1109  554.37 1118.66 1647.43 2190.21 2715.22
15.1109  555.38 1120.66 1650.43  2194.2 2720.22
15.1109 556.391  1122.7 1653.43  2198.2 2725.17
 15.138 557.391  1124.7 1656.41  2202.2 2730.17
15.1653 558.395  1126.7 1659.41 2206.17 2735.17
15.1653 559.395 1128.73  1662.4 2210.15 2740.17
 15.192  560.38 1130.72  1665.4 2214.15 2745.17
 15.192 561.395 1132.72 1668.41 2218.15 2750.14
15.2194 562.395 1134.72 1671.42 2222.15  2755.1
15.2194 563.395 1136.72 1674.44 2226.16 2760.07
15.2467 564.395 1138.72 1677.43 2230.14 2765.07
15.2467 565.395 1140.72 1680.45 2234.15 2770.05
15.2732  566.38  1142.7 1683.45 2238.15 2775.05
15.2732  567.38  1144.7 1686.47 2242.16 2780.02
15.3001 568.381  1146.7 1689.44 2246.16 2785.02
15.3273 569.381  1148.7 1692.43 2250.14 2790.02
15.3542 570.381 1150.72 1695.43 2254.09 2795.02
15.3542  571.39 1152.72 1698.43 2258.08 2800.02
15.3812 572.394 1154.72 1701.43 2262.05 2805.02
15.3812 573.404 1156.72 1704.43 2266.04 2810.02
15.3812 574.404 1158.75 1707.43 2270.02 2815.02
15.3812 575.414 1160.79 1710.43 2274.02 2819.97
15.3812 576.419 1162.82 1713.43 2277.99 2824.97
15.4078 577.419 1164.83 1716.39 2281.99 2829.97
15.4078 578.423 1166.85 1719.39 2285.96 2834.97
15.4078 579.433 1168.89 1722.39 2289.96 2839.92
15.4347 580.446 1170.89 1725.39 2293.96 2844.88
15.4347  581.46 1172.89 1728.39 2297.97 2849.86
15.4614  582.46 1174.93 1731.39 2301.97  2854.8
15.4883  583.46 1176.93 1734.39 2305.97 2859.76
15.5149 584.461 1178.93 1737.36 2309.97 2864.76
15.5149  585.47 1180.93 1740.36 2313.96 2869.76
15.5415 586.474 1182.93 1743.36 2317.93 2874.76
 15.568 587.475 1184.93 1746.34 2321.93 2879.76
 15.568 588.476 1186.95 1749.31 2325.93 2884.76
15.5947 589.476 1188.95 1752.31 2329.91 2889.76
15.6215 590.476 1190.95 1755.31 2333.92 2894.73
15.6483 591.476 1192.95 1758.32 2337.92  2899.7
15.6751 592.476 1194.95 1761.32 2341.92 2904.66
15.7011 593.462 1196.93 1764.32 2345.92 2909.66
15.7278 594.462 1198.97 1767.32 2349.92  2914.6
15.7278 595.462    1201 1770.31  2353.9  2919.6
15.7543 596.466    1203 1773.31 2357.87  2924.6
15.7804 597.452 1204.98 1776.31 2361.87  2929.6
15.8068 598.452    1207 1779.31 2365.83  2934.6
15.8068 599.466    1209 1782.32 2369.83 2939.58
15.8332 600.466    1211  1785.3 2373.83 2944.58
15.8595 601.466 1213.02  1788.3 2377.78 2949.58
15.8862 602.466 1215.02 1791.31 2381.78 2954.54
15.8862 603.466 1217.05  1794.3 2385.76 2959.54
15.8862 604.468 1219.07 1797.28 2389.76 2964.54
15.8862 605.482 1221.07 1800.28 2393.77 2969.52
15.8862 606.482 1223.11 1803.28 2397.77 2974.47
15.9127 607.494 1225.11 1806.28 2401.77 2979.43
15.9127 608.504 1227.15 1809.28 2405.77 2984.39
15.9127 609.504 1229.19 1812.28 2409.77 2989.35
15.9391 610.515 1231.19 1815.28 2413.77 2994.31
15.9391 611.525 1233.22 1818.28 2417.77 2999.26
15.9654 612.525 1235.25 1821.28 2421.77 3004.21
15.9654 613.525 1237.28 1824.27 2425.75 3009.21
15.9654 614.525 1239.32 1827.27 2429.75 3014.17
15.9654 615.525 1241.35 1830.27 2433.73 3019.17
15.9913 616.525 1243.36 1833.23 2437.73 3024.17
15.9913 617.525  1245.4 1836.23 2441.73 3029.12
15.9913 618.525 1247.44 1839.23 2445.72 3034.08
 16.017 619.525 1249.45  1842.2 2449.72 3039.08
 16.017 620.525 1251.48 1845.19  2453.7 3044.08
 16.017 621.525 1253.52 1848.19  2457.7 3049.05
 16.017  622.54 1255.52 1851.19 2461.71 3054.02
 16.017 623.554 1257.52 1854.19 2465.72    3059
 16.043 624.554 1259.52  1857.2 2469.72 3063.96
 16.043 625.567 1261.52 1860.21 2473.72 3068.93
 16.043 626.581 1263.52 1863.23 2477.72 3073.91
16.0689 627.581 1265.52 1866.24 2481.72 3078.87
16.0689 628.581 1267.55 1869.23  2485.7 3083.87
16.0689 629.581 1269.59 1872.23  2489.7 3088.83
16.0689 630.591 1271.62 1875.23  2493.7 3093.79
16.0945 631.595 1273.62 1878.23 2497.67 3098.79
16.0945 632.604 1275.62 1881.23 2501.66 3103.79
16.0945 633.613 1277.62 1884.23 2505.65 3108.79
16.1202 634.613 1279.62 1887.24 2509.65 3113.75
16.1456 635.613 1281.64 1890.24 2513.61 3118.75
16.1713 636.613 1283.64 1893.25 2517.61 3123.72
16.1713 637.627 1285.64 1896.25 2521.62 3128.69
16.1713 638.627 1287.68 1899.25 2525.62 3133.65
16.1713 639.627 1289.71 1902.24  2529.6 3138.65
16.1967 640.631 1291.71 1905.24 2533.57 3143.65
16.1967 641.631 1293.74 1908.23 2537.55 3148.65
16.1967 642.645 1295.74 1911.23 2541.56 3153.63
16.1967 643.654 1297.77 1914.23 2545.56 3158.58
16.2221 644.654  1299.8 1917.23 2549.56 3163.53
16.2469 645.641 1301.79 1920.23 2553.56 3168.53
 16.272 646.641  1303.8  1923.2 2557.56 3173.53
16.2975 647.641  1305.8  1926.2 2561.56  3178.5
16.3228 648.641  1307.8 1929.19 2565.54  3183.5
16.3482 649.652  1309.8 1932.19 2569.54 3188.46
16.3736 650.652 1311.83 1935.19 2573.54  3193.4
16.3989 651.652 1313.83 1938.19 2577.52  3198.4
16.3989 652.665 1315.83  1941.2 2581.52 3203.38
16.3989 653.665 1317.87  1944.2 2585.52 3208.34
16.3989 654.667 1319.89 1947.18 2589.52 3213.34
16.3989 655.676 1321.89 1950.18 2593.51 3218.34
16.4242 656.687 1323.89 1953.18 2597.51  3223.3
16.4242 657.701 1325.89 1956.18 2601.52 3228.28
16.4242 658.714 1327.89 1959.19 2605.52 3233.25
16.4494 659.725 1329.89 1962.19 2609.52 3238.22
16.4746 660.736 1331.89 1965.19 2613.52 3243.18
16.4999 661.736 1333.89 1968.19 2617.53 3248.15
16.4999  662.75 1335.89 1971.21 2621.53 3253.12
16.4999 663.754 1337.92 1974.21  2625.5 3258.12
16.5244  664.74 1339.91 1977.21  2629.5 3263.12
16.5244 665.745 1341.93 1980.21 2633.47 3268.12
16.5495 666.745 1343.93 1983.22 2637.47 3273.09
16.5495 667.758 1345.93 1986.23 2641.47 3278.06
16.5746 668.758 1347.93 1989.24 2645.47 3283.03
16.5994 669.758 1349.93 1992.21 2649.47 3288.03
16.6238 670.745 1351.92 1995.21 2653.47 3293.03
16.6238 671.745 1353.96 1998.21 2657.47 3297.99
16.6487 672.748 1355.96 2001.21 2661.44 3302.99
16.6737 673.748 1357.96 2004.22 2665.44 3307.96
16.6988 674.748 1359.96 2007.22 2669.45 3312.93
16.6988 675.752 1361.98 2010.22 2673.42 3317.93
16.7235 676.752    1364 2013.22 2677.38 3322.93
16.7485 677.752    1366 2016.23 2681.38 3327.89
16.7735 678.752    1368 2019.23 2685.38 3332.86
16.7981 679.752 1370.01  2022.2 2689.38 3337.86
16.7981 680.765 1372.01 2025.21 2693.38 3342.84
16.8229 681.769 1374.01 2028.21 2697.36 3347.84
16.8229 682.773 1376.03 2031.21 2701.33 3352.84
16.8478 683.773 1378.03 2034.22 2705.33  3357.8
16.8727 684.784 1380.03 2037.22 2709.33 3362.77
16.8727 685.784 1382.06 2040.21 2713.31 3367.77
16.8974 686.788 1384.06 2043.21 2717.28 3372.77
16.8974 687.801 1386.06 2046.22 2721.28 3377.74
16.8974 688.801 1388.08 2049.22 2725.26 3382.74
16.9216 689.788 1390.07 2052.22 2729.26 3387.74
16.9216 690.789 1392.09  2055.2 2733.26 3392.74
16.9461 691.789 1394.09 2058.17 2737.26 3397.74
16.9706 692.789  1396.1 2061.14 2741.26 3402.74
16.9706 693.791 1398.12 2064.12 2745.26 3407.74
16.9951 694.795 1400.12 2067.12 2749.23 3412.74
17.0193 695.782 1402.11 2070.12 2753.23 3417.74
17.0193 696.782 1404.11 2073.13 2757.24 3422.72
17.0193 697.782 1406.14 2076.13 2761.24 3427.68
17.0193 698.795 1408.14 2079.13 2765.25 3432.66
17.0436 699.795 1410.14 2082.11 2769.25 3437.66
 17.068 700.795 1412.14 2085.08 2773.25 3442.66
17.0926 701.795 1414.14 2088.08 2777.25 3447.63
17.0926 702.797 1416.16 2091.06 2781.25 3452.63
17.1172 703.797 1418.16 2094.06 2785.26  3457.6
17.1172  704.81 1420.16 2097.06 2789.27 3462.58
17.1415  705.81 1422.16 2100.04 2793.27 3467.58
17.1415  706.81 1424.19 2103.03 2797.25 3472.58
17.1657  707.81  1426.2    2106 2801.25 3477.58
17.1657 708.812 1428.22 2108.98 2805.25 3482.58
17.1657 709.815 1430.24 2111.98 2809.22 3487.58
  17.19 710.815 1432.27 2114.98 2813.22 3492.53
17.2145 711.826 1434.27 2117.98 2817.22 3497.49
17.2145 712.828 1436.29 2120.96 2821.22 3502.49
17.2383 713.815 1438.27 2123.96 2825.22 3507.49
17.2383 714.815 1440.31 2126.96 2829.22 3512.45
17.2624 715.815 1442.33 2129.96 2833.18 3517.45
17.2868 716.825 1444.33 2132.96 2837.18 3522.42
17.3112 717.825 1446.33 2135.97 2841.18 3527.39
17.3112 718.825 1448.35 2138.96 2845.16 3532.39
17.3352 719.825 1450.36 2141.93 2849.16 3537.39
17.3595 720.836 1452.36 2144.93 2853.16 3542.35
17.3595 721.845 1454.39 2147.93 2857.16 3547.31
17.3595 722.845 1456.39 2150.95 2861.17 3552.29
17.3595 723.857 1458.39 2153.96 2865.17 3557.26
17.3837 724.857 1460.39 2156.95 2869.15 3562.26
17.3837  725.87 1462.39 2159.95 2873.16 3567.24
17.3837  726.87 1464.39 2162.97 2877.17 3572.22
17.4077  727.87 1466.42 2165.97 2881.17 3577.16
17.4316  728.87 1468.43 2168.93 2885.17 3582.16
17.4316 729.882 1470.43 2171.95 2889.17 3587.14
17.4554 730.882 1472.44 2174.91 2893.17 3592.14
17.4554 731.882 1474.47 2177.91 2897.15 3597.14
17.4554 732.882  1476.5 2180.91 2901.15  3602.1
17.4554  733.89  1478.5 2183.91 2905.14  3607.1
17.4554 734.892 1480.52 2186.89 2909.14  3612.1
17.4793 735.892 1482.52 2189.88 2913.13  3617.1
17.5031 736.892 1484.53 2192.88 2917.09  3622.1
17.5268 737.892 1486.55 2195.88 2921.05  3627.1
17.5268 738.892 1488.55  2198.9 2925.06 3632.08
17.5508 739.902 1490.55  2201.9 2929.06 3637.05
17.5508 740.906 1492.57  2204.9 2933.03 3642.05
17.5508 741.918 1494.57 2207.91 2937.03 3647.02
17.5508 742.922 1496.59 2210.91    2941 3652.02
17.5508  743.93 1498.59 2213.91 2944.99 3657.02
17.5747  744.93 1500.59 2216.91    2949 3661.99
17.5984  745.93 1502.59  2219.9 2952.98 3666.99
17.6223  746.93 1504.59  2222.9 2956.98 3671.97
17.6459  747.93 1506.61  2225.9 2960.95 3676.97
17.6697  748.93 1508.61  2228.9 2964.95 3681.94
17.6697 749.939 1510.64  2231.9 2968.95  3686.9
17.6697 750.948 1512.67  2234.9 2972.95 3691.86
17.6697 751.957  1514.7  2237.9 2976.95 3696.82
17.6935 752.957  1516.7 2240.91 2980.95 3701.78
17.7167 753.944 1518.69 2243.91 2984.95 3706.78
17.7403 754.944 1520.72 2246.91 2988.95 3711.73
17.7638 755.944 1522.72 2249.89 2992.95 3716.73
17.7875 756.944 1524.72 2252.88 2996.93 3721.73
17.8107 757.932 1526.71 2255.88 3000.93 3726.73
17.8107 758.932 1528.74 2258.88 3004.93  3731.7
17.8107 759.932 1530.78 2261.88 3008.93 3736.67
17.8107 760.935  1532.8 2264.88 3012.91 3741.67
17.8343 761.935  1534.8 2267.88 3016.91 3746.64
17.8343 762.935  1536.8  2270.9 3020.92 3751.62
17.8579 763.945  1538.8  2273.9 3024.92 3756.58
17.8816 764.955  1540.8  2276.9 3028.92 3761.55
17.8816 765.955 1542.83  2279.9 3032.92 3766.51
17.9048 766.955 1544.84 2282.87 3036.92 3771.51
17.9048 767.955 1546.88 2285.87 3040.92 3776.48
17.9282 768.955 1548.89 2288.87 3044.88 3781.48
17.9512 769.943 1550.88 2291.87 3048.88 3786.48
17.9744 770.943 1552.89 2294.84 3052.88 3791.48
 17.998 771.943 1554.89 2297.84 3056.88 3796.45
18.0216 772.943 1556.89 2300.85 3060.88 3801.42
18.0216 773.945 1558.91 2303.83 3064.88 3806.42
18.0216 774.945 1560.93 2306.83 3068.86 3811.42
 18.045 775.945 1562.96 2309.83 3072.86 3816.37
 18.045 776.945 1564.99 2312.82 3076.84 3821.37
18.0684 777.945 1566.99 2315.82 3080.85 3826.34
18.0684 778.945 1569.02 2318.82 3084.84 3831.31
18.0684 779.945 1571.05 2321.82 3088.84 3836.27
18.0684 780.945 1573.09 2324.82 3092.84 3841.24
18.0916 781.945 1575.09 2327.79 3096.84 3846.24
18.0916 782.946  1577.1 2330.78 3100.84 3851.24
18.1148 783.946 1579.13 2333.78 3104.84 3856.19
18.1148 784.958 1581.13 2336.78 3108.85 3861.17
 18.138 785.961 1583.13 2339.78 3112.83 3866.17
18.1613 786.961 1585.13 2342.78 3116.83 3871.14
18.1613 787.961 1587.13 2345.79 3120.84 3876.12
18.1613 788.961 1589.13  2348.8 3124.85  3881.1
18.1846 789.961 1591.13 2351.81 3128.85 3886.07
18.1846 790.973 1593.13 2354.82 3132.85 3891.04
18.1846 791.973 1595.13 2357.83 3136.85 3896.02
18.1846 792.977 1597.15 2360.83 3140.83 3901.02
18.1846 793.985 1599.15 2363.83 3144.82 3906.02
18.2072 794.972 1601.14 2366.83 3148.82 3911.02
18.2303 795.972 1603.14 2369.84 3152.82 3915.99
18.2532 796.972 1605.16 2372.84 3156.78 3920.99
18.2532 797.972 1607.18 2375.84 3160.77 3925.99
18.2762 798.972 1609.18 2378.83 3164.75 3930.99
18.2762  799.98 1611.18 2381.83 3168.74 3935.99
18.2991  800.98  1613.2 2384.83  3172.7 3940.99
18.2991 801.992  1615.2 2387.83 3176.71 3945.97
 18.322 802.992  1617.2 2390.82 3180.69 3950.97
 18.322 804.004  1619.2 2393.84 3184.69 3955.95
18.3445 804.992 1621.19 2396.84 3188.69 3960.95
18.3445 805.992 1623.21 2399.83 3192.68 3965.95
18.3445 806.992 1625.24 2402.83 3196.68 3970.92
18.3445 807.995 1627.27 2405.83 3200.65 3975.92
18.3445 808.995 1629.27 2408.84 3204.66 3980.89
18.3445 809.999 1631.29 2411.84 3208.63 3985.89
18.3674 810.999 1633.29 2414.85 3212.63 3990.86
18.3674  812.01 1635.29 2417.86 3216.63 3995.84
18.3903  813.02 1637.29 2420.86 3220.63 4000.81
18.4129  814.02  1639.3 2423.86  3224.6 4005.81
18.4356  815.02 1641.33 2426.86  3228.6 4010.76
18.4585  816.02 1643.33 2429.86  3232.6 4015.73
18.4585  817.02 1645.36 2432.86  3236.6  4020.7
 18.481  818.02 1647.37 2435.83  3240.6  4025.7
18.5038  819.02 1649.37 2438.84  3244.6 4030.67
18.5264 820.019 1651.37 2441.81  3248.6 4035.67
18.5264 821.031 1653.37 2444.83  3252.6 4040.65
 18.549 822.031 1655.38 2447.83 3256.56 4045.65
 18.549 823.032  1657.4 2450.81 3260.56 4050.65
 18.549 824.034 1659.42 2453.79 3264.56 4055.65
18.5717 825.034 1661.44 2456.79 3268.56  4060.6
18.5943 826.034 1663.47 2459.79 3272.56 4065.55
18.5943 827.034 1665.49 2462.78 3276.55 4070.55
 18.617 828.043 1667.49 2465.78 3280.55 4075.52
18.6395 829.046 1669.49 2468.78 3284.52 4080.52
18.6623 830.046 1671.49 2471.78 3288.52 4085.49
18.6623 831.057 1673.49 2474.79 3292.52 4090.47
18.6845 832.045 1675.48 2477.79 3296.52 4095.47
18.6845 833.047  1677.5 2480.78 3300.52 4100.47
18.6845 834.047  1679.5 2483.79 3304.53 4105.45
18.6845 835.055 1681.53 2486.79 3308.53 4110.41
18.6845 836.067 1683.53 2489.79 3312.54 4115.39
18.7068 837.067 1685.54 2492.79  3316.5 4120.39
18.7293 838.067 1687.57 2495.79  3320.5 4125.34
18.7516 839.067 1689.58 2498.76  3324.5 4130.34
18.7516  840.07  1691.6 2501.76 3328.48 4135.34
18.7516 841.071 1693.61 2504.74 3332.48 4140.34
18.7516 842.071 1695.64 2507.74 3336.48 4145.31
18.7516 843.075 1697.66 2510.74 3340.45 4150.31
18.7738 844.075 1699.67 2513.71 3344.45 4155.31
18.7738 845.076 1701.69  2516.7 3348.45 4160.31
18.7738 846.076 1703.71 2519.69 3352.44 4165.31
18.7738 847.076 1705.71  2522.7 3356.45 4170.29
18.7957 848.065  1707.7  2525.7 3360.45 4175.29
18.8181 849.065  1709.7  2528.7 3364.45 4180.26
18.8403 850.065 1711.73  2531.7 3368.45 4185.22
18.8626 851.065 1713.75  2534.7 3372.45 4190.17
18.8849 852.068 1715.75  2537.7 3376.42 4195.17
18.8849 853.071 1717.77  2540.7  3380.4 4200.17
18.8849 854.072 1719.79 2543.68  3384.4 4205.17
18.9072 855.081 1721.79 2546.68  3388.4 4210.14
18.9072 856.093 1723.79 2549.68 3392.41 4215.12
18.9072 857.093 1725.82 2552.68 3396.41 4220.09
18.9072   858.1 1727.82 2555.69  3400.4 4225.09
18.9292   859.1 1729.83 2558.66  3404.4 4230.09
18.9292 860.108 1731.86 2561.66  3408.4 4235.05
18.9292  861.12 1733.86 2564.66 3412.41 4240.03
18.9292 862.127 1735.86 2567.66  3416.4 4245.03
18.9292 863.131 1737.88 2570.66 3420.38 4250.03
18.9292 864.131 1739.88 2573.67 3424.38 4255.01
18.9292 865.131  1741.9 2576.66 3428.37 4260.01
18.9292 866.142  1743.9 2579.66 3432.37 4264.99
18.9292 867.145 1745.92 2582.66 3436.35 4269.99
18.9292 868.153 1747.95 2585.66 3440.35 4274.95
18.9512 869.153 1749.95 2588.67 3444.35 4279.92
18.9731 870.153 1751.95 2591.66 3448.34 4284.92
18.9731 871.153 1753.98 2594.67 3452.34 4289.89
18.9949 872.153 1755.98 2597.64 3456.34 4294.89
19.0167 873.156 1757.98 2600.64 3460.31 4299.89
19.0167 874.156 1760.01 2603.64 3464.29 4304.89
19.0167  875.16 1762.03 2606.64 3468.27 4309.89
19.0387  876.16 1764.03 2609.64 3472.27 4314.86
19.0604  877.16 1766.03 2612.62 3476.27 4319.86
19.0822 878.163 1768.03 2615.62 3480.25 4324.86
19.0822 879.166 1770.05 2618.62 3484.22 4329.86
19.1041 880.166 1772.05 2621.62 3488.22 4334.84
19.1041 881.166 1774.08 2624.62 3492.22  4339.8
19.1258 882.169 1776.08 2627.62  3496.2  4344.8
19.1258 883.169 1778.11 2630.62  3500.2 4349.77
19.1258 884.169 1780.13 2633.62 3504.18 4354.77
19.1477 885.169 1782.13 2636.62 3508.18 4359.75
19.1477 886.172 1784.15 2639.62 3512.16 4364.75
19.1477 887.174 1786.17  2642.6 3516.16 4369.75
19.1692 888.174 1788.18 2645.57 3520.16 4374.75
19.1692 889.177  1790.2 2648.57 3524.14 4379.75
19.1692  890.18 1792.22 2651.57 3528.11 4384.75
19.1907  891.18 1794.22 2654.55 3532.11 4389.75
19.2123 892.183 1796.22 2657.55 3536.09 4394.75
 19.234 893.183 1798.22 2660.54 3540.07 4399.75
 19.234 894.185 1800.23 2663.52 3544.07 4404.75
19.2555 895.185 1802.25 2666.52 3548.04 4409.75
19.2768 896.173 1804.24 2669.52 3552.04 4414.75
19.2984 897.173 1806.26 2672.52 3556.04  4419.7
19.3201 898.182 1808.26 2675.52 3560.04 4424.67
19.3416 899.182 1810.28 2678.52    3564 4429.67
19.3633 900.182 1812.28 2681.52 3568.01 4434.65
 19.385 901.191 1814.28 2684.52 3572.01 4439.62
19.4063 902.179 1816.27 2687.52 3576.01 4444.62
19.4279 903.179 1818.29 2690.52 3580.01 4449.57
19.4279 904.179 1820.32 2693.52    3584 4454.54
19.4496 905.179 1822.32 2696.53    3588 4459.51
19.4713 906.188 1824.32 2699.53    3592 4464.48
19.4713 907.188 1826.35 2702.53    3596 4469.45
19.4929 908.188 1828.38 2705.53    3600 4474.41
19.5141 909.177 1830.37 2708.53    3604 4479.41
19.5141 910.177 1832.37 2711.54 3608.01 4484.39
19.5356  911.18 1834.37 2714.54 3611.99 4489.39
19.5356 912.183 1836.39 2717.54 3615.96 4494.39
19.5356  913.19 1838.42 2720.54 3619.96 4499.35
19.5356 914.192 1840.43 2723.53 3623.96 4504.35
19.5572 915.192 1842.43 2726.53 3627.97 4509.33
19.5785 916.191 1844.43  2729.5 3631.97 4514.33
19.5785 917.191 1846.46 2732.51 3635.97 4519.29
19.5785 918.202 1848.46 2735.52 3639.97 4524.27
19.5785 919.209 1850.49 2738.52 3643.97 4529.24
19.5998 920.209 1852.49  2741.5 3647.97 4534.24
19.6211 921.209  1854.5 2744.47 3651.97 4539.24
19.6211 922.209 1856.52 2747.46 3655.95 4544.24
19.6424 923.209 1858.52 2750.44 3659.95 4549.24
19.6637 924.212 1860.52 2753.44 3663.93 4554.24
19.6637 925.213 1862.54 2756.42 3667.93 4559.24
19.6637 926.213 1864.54 2759.44 3671.93 4564.22
19.6849 927.213 1866.55 2762.44  3675.9 4569.22
19.7062 928.213 1868.55 2765.41  3679.9 4574.22
19.7273 929.213 1870.56 2768.39  3683.9 4579.22
19.7273 930.215 1872.57 2771.37  3687.9 4584.22
19.7273 931.215  1874.6 2774.37  3691.9 4589.19
19.7273 932.225  1876.6 2777.38  3695.9 4594.17
19.7273 933.235  1878.6 2780.39  3699.9 4599.15
19.7486 934.235 1880.63 2783.39  3703.9  4604.1
19.7699 935.235 1882.63 2786.39  3707.9 4609.08
19.7699 936.235 1884.66 2789.39  3711.9 4614.05
19.7699 937.235 1886.66  2792.4 3715.91 4619.03
 19.791 938.235 1888.67  2795.4 3719.87 4624.03
 19.791 939.239 1890.69  2798.4 3723.85 4629.03
19.8123 940.247 1892.69  2801.4 3727.85    4634
19.8123 941.258 1894.69  2804.4 3731.86 4638.98
19.8123 942.258 1896.69 2807.41 3735.86 4643.96
19.8335 943.258 1898.69 2810.42 3739.86 4648.93
19.8335 944.268 1900.69 2813.43 3743.86 4653.91
19.8335 945.269  1902.7 2816.41 3747.86 4658.91
19.8547 946.269  1904.7 2819.42 3751.86 4663.89
19.8758 947.269 1906.73 2822.42 3755.86 4668.84
19.8758  948.28 1908.73 2825.43 3759.86 4673.82
19.8758  949.29 1910.73 2828.44 3763.86  4678.8
19.8967  950.29 1912.73 2831.42 3767.86  4683.8
19.8967 951.297 1914.76 2834.42 3771.86 4688.77
19.8967 952.297 1916.79 2837.42 3775.86 4693.74
19.9176 953.297 1918.79  2840.4 3779.86 4698.74
19.9176 954.308 1920.79  2843.4 3783.87 4703.72
19.9386 955.308 1922.79 2846.39 3787.86 4708.72
19.9386 956.319 1924.79 2849.39 3791.86  4713.7
19.9593 957.319 1926.79 2852.37 3795.86  4718.7
19.9593 958.319 1928.79 2855.38 3799.87 4723.68
19.9593 959.325 1930.79 2858.38 3803.86 4728.68
19.9593 960.329 1932.81 2861.38 3807.84 4733.68
19.9802 961.331 1934.81 2864.38 3811.82 4738.68
19.9802 962.331 1936.83 2867.37  3815.8 4743.68
19.9802 963.331 1938.86 2870.37  3819.8 4748.65
19.9802 964.335 1940.88 2873.37 3823.78 4753.65
 20.001 965.335 1942.91 2876.37 3827.78 4758.61
20.0219 966.335 1944.91 2879.37 3831.78 4763.58
20.0219 967.345 1946.91 2882.37 3835.79 4768.56
20.0219 968.355 1948.91 2885.38 3839.79 4773.54
20.0428 969.355 1950.91 2888.39 3843.79 4778.52
20.0636 970.364 1952.91 2891.39 3847.79 4783.49
20.0844 971.364 1954.93 2894.39 3851.79 4788.44
20.1053 972.372 1956.93 2897.39 3855.79 4793.41
20.1053 973.373 1958.94 2900.37 3859.79 4798.41
20.1053 974.373 1960.97 2903.38 3863.79 4803.38
 20.126 975.376 1962.97 2906.38 3867.77 4808.38
 20.126 976.383 1964.97 2909.38 3871.76 4813.38
20.1467 977.383    1967 2912.38 3875.76 4818.34
20.1671 978.372 1968.99 2915.38 3879.76 4823.34
20.1879 979.372 1970.99 2918.38 3883.76 4828.32
20.1879 980.383 1972.99 2921.38 3887.77  4833.3
20.1879 981.383 1974.99 2924.39 3891.78 4838.28
20.1879 982.393 1976.99  2927.4 3895.78 4843.26
20.2085 983.393 1979.01  2930.4 3899.78 4848.22
20.2293 984.393 1981.01  2933.4 3903.78 4853.19
20.2293 985.403 1983.01  2936.4 3907.79 4858.17
20.2499 986.406 1985.01  2939.4 3911.76 4863.17
20.2499 987.413 1987.01  2942.4 3915.76 4868.17
20.2499 988.413 1989.04  2945.4 3919.76 4873.14
20.2499 989.413 1991.06  2948.4 3923.74 4878.14
20.2499 990.423 1993.06 2951.41 3927.74 4883.12
20.2499 991.423 1995.06 2954.42 3931.75  4888.1
20.2499 992.424 1997.07  2957.4 3935.75  4893.1
20.2705 993.424 1999.07  2960.4 3939.75 4898.08
20.2911 994.424 2001.07  2963.4 3943.75 4903.06
20.2911 995.424 2003.07 2966.41 3947.76 4908.04
20.3116 996.433 2005.07 2969.41 3951.76 4913.01
 20.332 997.433 2007.08 2972.38 3955.76 4918.01
 20.332 998.433 2009.11 2975.38 3959.76 4922.98
 20.332 999.443 2011.11 2978.38 3963.77 4927.96
 20.332 1000.44 2013.14 2981.39 3967.77 4932.93
 20.332 1001.44 2015.17 2984.39 3971.77  4937.9
 20.332 1002.45 2017.19 2987.39 3975.77 4942.87
20.3524 1003.45 2019.19 2990.39 3979.77 4947.85
20.3524 1004.45 2021.22 2993.39 3983.77 4952.82
20.3729 1005.45 2023.22 2996.39 3987.77 4957.79
20.3729 1006.46 2025.22 2999.39 3991.78 4962.78