2.66667 2.66667       3       4 2.66667       6
3.80952 3.80952       5 5.71429 6.66667      11
4.95238 4.95238       7 7.42857 10.6667      16
6.26607 5.95238 8.85684 10.4286 13.4961      21
6.26607 6.95238 11.0554 13.0172 17.4961 26.2128
6.26607 7.95238  13.276 16.0172 21.0104 31.4779
6.94978 8.82009 14.7245 19.0172 25.0104 36.4779
6.94978 9.82009 16.8498 22.0172 28.6202 41.7429
7.66242 10.8271 18.8498 25.0172 32.6202 46.0233
7.66242 12.0436 20.9678 28.0172 36.2856 51.0233
7.66242 13.0436 23.0644 30.8187 40.2856 56.1252
7.66242 14.2177 25.0644 33.5928 44.2856 61.1771
7.66242 15.2177 27.2557 36.5297 48.1574 66.1771
8.17865  16.243 29.2557 39.5297 52.1574 70.6356
8.70841  17.243 31.1507 42.5297 56.1574 75.2108
9.27602  18.243 33.1507 45.3018 59.8177 80.2108
9.27602 19.3912 35.2373 48.3018 63.5828 85.2108
9.75808  20.399 37.2373 50.8119 67.5828 90.2108
10.2822  21.399 39.2373 53.8119  71.213 95.0565
 10.769  22.412 41.2373 56.8119  75.213 99.5566
 10.769  23.412 43.3242  59.687  79.213 104.595
11.1859 24.3183 45.0011  62.687  83.213 109.595
11.6027 25.2245 46.6781  65.687  87.213 114.595
12.0812 26.2245  48.603  68.687 90.8096 119.595
12.0812 27.3248  50.603 71.5688 94.8096 124.613
12.5551 28.3248  52.603 74.3761 98.5284 129.613
12.5551 29.4191 54.6353 77.2495 102.528 134.613
12.5551 30.4191 56.6854 80.1482 106.528 139.664
12.9918 31.4191 58.6854 83.1482 110.234 144.522
12.9918 32.5169 60.7359 86.1482 114.085 149.522
12.9918 33.5169 62.7359  89.104     118 154.652
12.9918 34.6018 64.7667 91.9883     122 159.652
12.9918 35.6018 66.7667 94.9426 125.918 164.779
12.9918 36.6018 68.8117 97.8506 129.918 169.826
13.3695 37.6018 70.8117 100.696 133.695 174.826
13.3695 38.6018 72.8563 103.603 137.695 179.874
13.6908 39.5295 74.6073 106.603 141.695 184.874
 14.042 40.5295 76.5212 109.338 145.695 189.874
 14.042 41.6093 78.5599 112.338 149.577 194.874
 14.042 42.6829 80.5599 115.236 153.577 199.902
14.3766 43.6829 82.4795 117.982 157.577 204.902
14.3766 44.7584 84.4795 120.982 161.456 209.947
14.7097 45.7584 86.4795 123.785 165.456 214.811
15.0355 46.7584 88.3952 126.785 169.456 219.569
15.3737 47.7584 90.3952 129.636 173.267 224.569
15.7085 48.7584 92.3952 132.636 177.041 229.461
 16.039 49.7584 94.3393 135.636 180.766 234.461
16.3595 50.7527 96.3393 138.636 184.766 239.146
16.3595 51.7527  98.405 141.609 188.728 244.146
16.3595 52.7527 100.438 144.534 192.728 249.189
16.3595 53.8015 102.434 147.534 196.728 254.143
16.3595 54.8646 104.434 150.449 200.728 259.165
16.3595 55.8646 106.497 153.421 204.693 264.165
16.3595 56.9442 108.497 156.385 208.649 269.165
16.6497  57.954 110.497 159.385 212.349 274.165
16.6497  58.954 112.497 162.347 216.294 279.258
16.6497  59.954 114.497 165.308 220.239 284.352
16.6497  60.954 116.532 168.308 224.152 289.404
16.6497 62.0116 118.554 171.228 228.152 294.404
16.6497 63.0116 120.583 174.159 232.152 299.444
16.6497 64.0116 122.612  177.09 236.152 304.483
16.6497 65.0703 124.612  180.09 240.058 309.519
16.6497 66.1131 126.609  183.09 244.058 314.479
16.6497 67.1853 128.609  186.06 248.016 319.479
16.6497 68.1853 130.638 188.994 252.016 324.517
16.6497 69.1853 132.666 191.928 256.016 329.555
16.6497 70.1853 134.666  194.89 259.968 334.642
16.8925 71.1853  136.63  197.89  263.76 339.642
17.1181 72.1357 138.454  200.89  267.76 344.642
17.1181 73.1913  140.48  203.89 271.679 349.642
17.3581 74.1913  142.48 206.748 275.679 354.543
17.3581 75.2461 144.506 209.748 279.598 359.543
17.5884 76.2446 146.506 212.748 283.598 364.314
17.8214 77.2547 148.506 215.748 287.355 369.314
17.8214 78.2933 150.503 218.748 291.355 374.279
17.8214 79.2933 152.527  221.69 295.355 379.313
18.0546 80.2933 154.527 224.592  299.22 384.313
18.0546 81.3418 156.527 227.525  303.22 389.332
18.0546 82.3905 158.545 230.458  307.22 394.332
18.0546 83.4426 160.569 233.458 311.144 399.332
18.2793 84.4426 162.569 236.362 315.015 404.332
18.2793 85.4907 164.569 239.296 319.015  409.35
18.2793 86.5387 166.569  242.23 323.015 414.368
18.2793 87.5387 168.593 245.172 327.015 419.402
18.4927 88.5387 170.561 248.172 330.833 424.402
18.7015 89.5384 172.561 251.172 334.833 429.194
18.9125 90.5384 174.508 254.172 338.833 434.036
19.1212 91.5379 176.508 257.172 342.833 438.828
19.3322 92.5379 178.456 260.172 346.833 443.669
19.3322 93.5379 180.456 263.144 350.794 448.737
19.5299 94.4945 182.301 266.144 354.794 453.737
19.5299  95.541 184.301 269.144 358.723 458.761
19.7333 96.5356 186.301 271.946 362.723 463.761
19.7333 97.5815 188.301 274.946 366.653 468.786
19.9345 98.5766 190.301 277.749 370.653 473.786
20.1387 99.5766 192.251 280.595 374.653 478.786
20.3462 100.577 194.251 283.595 378.513 483.718
20.3462  101.62 196.266 286.537 382.513 488.718
20.3462  102.62 198.266 289.507 386.477 493.784
20.5459 103.627 200.266 292.507  390.27 498.784
20.7438 104.625 202.266 295.507  394.27 503.588
20.9454 105.625 204.232 298.507 398.103 508.588
21.1452 106.625  206.18 301.507 402.103  513.44
21.3495 107.625  208.18 304.419 405.986  518.44
21.3495 108.625   210.2 307.372 409.986 523.468
21.3495 109.625 212.239 310.354 413.964 528.468
21.3495 110.667 214.239 313.354 417.899 533.491
21.3495  111.71 216.258 316.354 421.837 538.491
21.3495  112.71  218.28 319.354 425.781 543.525
21.5434  113.71  220.28 322.354 429.649 548.463
21.7366  114.71  222.28 325.244 433.649  553.38
21.9272 115.716  224.28 328.244 437.453  558.38
22.1221 116.716  226.28 331.161  441.34  563.38
22.3127 117.722  228.28 334.161 445.144  568.38
22.3127 118.722 230.299 337.116 449.144 573.407
22.3127 119.771 232.299 340.096 453.114 578.407
22.3127 120.813 234.318 343.096 457.054 583.407
22.3127 121.813 236.357 346.081  461.03 588.407
22.3127  122.85  238.37  349.03  465.03 593.407
22.3127  123.88 240.368  352.03  469.03 598.379
22.3127 124.918 242.381 354.979  473.03 603.379
22.3127 125.955 244.395 357.927  477.03 608.379
22.4933 126.955 246.395 360.824  481.03 613.303
22.4933 128.004 248.395 363.803 485.002 618.303
22.6718 129.004 250.367 366.803 488.852 623.303
22.8516 130.004 252.367 369.803 492.729 628.246
22.8516 131.033 254.364 372.803 496.729 633.219
23.0309 132.033 256.364 375.728 500.625 638.219
23.2065  133.04 258.364 378.728 504.443 643.219
23.3849  134.04 260.364 381.728  508.32 648.163
23.3849 135.076 262.364 384.679  512.32 653.175
23.3849 136.076 264.385 387.679 516.267 658.207
23.3849 137.112 266.385 390.631 520.267 663.219
23.5567 138.112 268.342 393.631 524.267  668.09
23.7263 139.107 270.342 396.467 528.267  673.09
23.9014 140.107 272.342 399.393 532.166  678.09
24.0717 141.105 274.342 402.393 536.166 682.922
24.0717 142.133  276.34 405.393 540.166 687.896
24.0717 143.133 278.358 408.353 544.166 692.918
24.2435 144.133 280.358 411.353 548.049 697.863
24.4108 145.128 282.358 414.191 552.049 702.863
  24.58 146.128 284.316 417.191 556.049 707.736
24.7493 147.128 286.273 420.064 560.049 712.736
24.7493 148.128 288.308 423.049 564.029 717.736
24.9103 149.091 290.183 426.049 568.029 722.736
24.9103 150.091 292.217 429.035  572.01 727.736
24.9103 151.091 294.251 432.021 575.991 732.736
25.0784 152.091 296.251 435.021 579.878 737.681
25.0784 153.126 298.251 438.021 583.824 742.701
25.0784 154.159 300.263 440.976 587.824 747.701
25.2407 155.157 302.263 443.976 591.824  752.54
25.4042 156.162 304.263 446.976 595.656  757.54
25.5677 157.162 306.222 449.976 599.656 762.418
25.5677 158.196 308.222 452.976 603.603 767.436
25.7284  159.19 310.222 455.821 607.603 772.436
25.8842 160.154 312.101 458.821 611.603 777.436
25.8842 161.154 314.117 461.784 615.603 782.457
25.8842 162.186 316.117 464.742 619.603 787.468
26.0445  163.19 318.117 467.742 623.438 792.468
26.2049  164.19 320.076 470.622 627.438 797.468
26.3653  165.19 322.035 473.503 631.438 802.468
26.3653  166.19 324.052 476.503 635.394 807.495
26.3653 167.231 326.052 479.485 639.371 812.495
26.5237 168.231 328.012 482.367 643.371 817.495
26.6842 169.231 330.012 485.367 647.264 822.442
26.8409 170.224 332.012 488.217 651.264 827.442
26.9931 171.189 333.895 491.217 655.264 832.442
26.9931 172.189 335.909  494.18 659.264 837.464
27.1506 173.189 337.869 497.063 663.264 842.464
27.1506  174.22 339.869 500.021 667.264 847.476
 27.309  175.22 341.869 503.021 671.159 852.423
27.4643 176.216 343.869 506.021 675.159 857.271
27.6228 177.216 345.869 509.021 679.054 862.217
27.6228 178.248 347.869 512.021 683.006 867.234
27.7784 179.248 349.828 515.021 687.006 872.119
27.7784 180.248 351.842 517.986 691.006  877.14
27.9346 181.248 353.842 520.898 695.006 882.072
28.0912 182.248 355.842 523.898 698.903 887.018
28.0912 183.278 357.842 526.898 702.856 892.035
28.2476 184.278 359.842  529.83 706.767 897.035
28.3998 185.271 361.842 532.685 710.767 902.035
28.3998 186.294  363.84 535.685 714.767 907.014
28.5511 187.287  365.84 538.541 718.767 912.014
28.7042 188.287   367.8 541.427 722.767 917.014
28.7042 189.287 369.816 544.427 726.727 922.039
28.7042  190.31 371.813 547.427 730.727 927.019
28.8555  191.31 373.774 550.427 734.727 931.907
29.0087  192.31 375.774 553.427 738.627 936.854
29.0087  193.31 377.774 556.406 742.604 941.898
29.1611  194.31 379.774 559.406 746.505 946.845
29.3134  195.31 381.774 562.406 750.405 951.792
29.4648  196.31 383.746 565.406 754.281 956.792
29.4648 197.339 385.759 568.406 758.238 961.792
29.4648 198.369 387.772 571.406 762.195 966.792
29.6084 199.336 389.662 574.406 766.195 971.792
 29.752 200.303 391.552 577.406 770.195 976.792
 29.752 201.331 393.552 580.406 774.151 981.808
29.9011 202.331 395.524 583.406  778.03 986.808
30.0515 203.331 397.524 586.342 781.944 991.808
30.1997 204.331 399.484 589.342 785.944 996.699
30.1997 205.331  401.51  592.33  789.93  1001.7
30.1997 206.359  403.51  595.33 793.885 1006.72
30.1997 207.389 405.522  598.33 797.844 1011.72
30.3458 208.389 407.483  601.33 801.844 1016.61
30.3458 209.417 409.495  604.33 805.803 1021.61
30.4911 210.417 411.456  607.33 809.803  1026.5
30.6362 211.419 413.456  610.33 813.657  1031.5
30.7837 212.419 415.456 613.267 817.572  1036.5
30.7837 213.419 417.482 616.257 821.558  1041.5
30.9268 214.411 419.482 619.121 825.558  1046.5
30.9268 215.432 421.479 622.121 829.558 1051.48
31.0705 216.433 423.479 625.121 833.413 1056.48
31.0705 217.433  425.49 628.091 837.413  1061.5
31.0705 218.459  427.49 631.055 841.413 1066.51
31.2139 219.459 429.463 634.055 845.296 1071.51
31.3516 220.427 431.358 637.055 849.296 1076.51
31.4958 221.427 433.358 640.055 853.202 1081.46
31.6368 222.419 435.358 642.922 857.202 1086.46
31.7794 223.419 437.319 645.819 861.202 1091.46
31.7794 224.419 439.332 648.819 865.165 1096.49
31.9198 225.411 441.332 651.686 869.165 1101.49
32.0629 226.411 443.332 654.607 873.165 1106.42
32.0629 227.411 445.343 657.576 877.165 1111.44
32.0629 228.443 447.343 660.562 881.148 1116.44
32.0629 229.463  449.34 663.562 885.148 1121.43
32.0629 230.488  451.34 666.526 889.148 1126.44
32.2009  231.48  453.34 669.396 893.148 1131.44
32.2009 232.505  455.34  672.36 897.148 1136.45
32.2009 233.531  457.34  675.36 901.107 1141.46
32.2009 234.558 459.351  678.36 905.069 1146.46
32.3385 235.558 461.314  681.26 909.069 1151.46
32.3385 236.578 463.311  684.26 913.069 1156.44
32.3385 237.603 465.311 687.224 917.069 1161.45
32.3385 238.628 467.319  690.19 921.069 1166.45
32.4751 239.628 469.292  693.19 924.959 1171.45
32.4751  240.66 471.292 696.175 928.942 1176.45
32.6122  241.66 473.292 699.115 932.865 1181.45
32.7486  242.66 475.292 702.039 936.865  1186.4
32.8846  243.66 477.266 705.039 940.755  1191.4
32.8846  244.66 479.278 708.039 944.721 1196.42
33.0185 245.656 481.278 711.039 948.721 1201.29
33.0185 246.656 483.278 714.021   952.7 1206.33
33.0185 247.675 485.275 717.021   956.7 1211.31
33.1519 248.676 487.275 720.021 960.566 1216.31
33.2862 249.676 489.249 723.021 964.457 1221.31
 33.419 250.672 491.249 726.021 968.457 1226.18
33.5513 251.665 493.249 728.896 972.457 1231.18
33.5513 252.689 495.257 731.863 976.457 1236.18
 33.685 253.689 497.231 734.863  980.35 1241.18
 33.685 254.689 499.242 737.835  984.35  1246.2
33.8186 255.689 501.242  740.76  988.35 1251.14
33.9503 256.685 503.242  743.76  992.35 1256.01
33.9503 257.715 505.242 746.746 996.333 1261.01
34.0815 258.711 507.242 749.746 1000.33 1265.89
34.0815 259.737 509.252 752.746  1004.3 1270.89
34.0815 260.767 511.252 755.732 1008.28 1275.89
34.0815 261.786 513.249 758.732 1012.28 1280.87
34.0815  262.81 515.249 761.732 1016.24 1285.88
34.2131  263.81 517.249 764.674 1020.17 1290.88
34.2131 264.835 519.249 767.674 1024.13  1295.9
34.2131 265.859 521.257 770.643 1028.13  1300.9
34.3421 266.859 523.222 773.548 1032.13  1305.9
34.3421 267.859 525.244 776.538 1036.12  1310.9
34.3421 268.889 527.244 779.524  1040.1  1315.9
34.3421 269.914 529.254 782.524 1044.07  1320.9
34.4695 270.915 531.254 785.524 1047.94  1325.9
34.4695 271.938 533.262 788.492 1051.94  1330.9
34.5926  272.91 535.167 791.492 1055.94  1335.9
34.5926  273.94 537.167 794.478 1059.92  1340.9
34.7154 274.912 539.072 797.478 1063.92  1345.9
34.7154 275.912 541.093 800.468 1067.91  1350.9
34.8407 276.908 543.093 803.468 1071.91 1355.78
34.8407 277.932 545.103 806.468 1075.88 1360.78
34.8407 278.956  547.11 809.438 1079.88 1365.78
34.8407  279.98 549.119 812.438 1083.85 1370.78
34.9655  280.98 551.086 815.438 1087.85 1375.68
34.9655  281.98 553.095 818.411 1091.85  1380.7
34.9655  282.98 555.095 821.396 1095.83 1385.74
34.9655  283.98 557.105 824.369 1099.83 1390.75
35.0898  284.98 559.105   827.3 1103.83  1395.7
 35.213 285.981 561.105   830.3  1107.7  1400.7
35.3327 286.953 563.013   833.3  1111.7  1405.7
35.4554  287.95 565.013   836.3  1115.7 1410.58
35.5752 288.922 566.921   839.3  1119.7 1415.58
35.6994 289.922 568.921 842.232  1123.7 1420.52
35.6994 290.922  570.93 845.206  1127.7 1425.54
35.6994 291.945  572.93 848.206 1131.67 1430.55
35.8209 292.938  574.93 851.092 1135.67 1435.55
35.8209 293.961 576.937 854.062 1139.67 1440.55
 35.943 294.961 578.903 856.974 1143.67 1445.55
36.0615 295.933 580.812 859.974 1147.67 1450.55
36.0615 296.961 582.812  862.96 1151.65 1455.55
36.1829 297.961 584.812  865.96 1155.53 1460.55
36.1829 298.961 586.812 868.944 1159.51 1465.58
36.3042 299.961 588.779 871.857 1163.51 1470.58
36.3042 300.961 590.788 874.831 1167.51  1475.6
36.3042 301.961 592.788 877.815  1171.5 1480.64
36.3042 302.961 594.788 880.799 1175.48 1485.67
36.4251 303.961 596.788 883.732 1179.48 1490.61
36.4251 304.961 598.796 886.706 1183.48 1495.63
36.5458 305.961 600.796 889.706  1187.4 1500.59
36.5458 306.961 602.815 892.696 1191.39 1505.59
36.5458 307.961 604.824 895.671 1195.39 1510.61
36.6647 308.961 606.791 898.585 1199.39 1515.61
36.6647 309.984   608.8 901.585 1203.36 1520.61
36.6647  311.01   610.8 904.571 1207.35 1525.61
36.7836  312.01   612.8 907.505 1211.35 1530.55
36.7836 313.032   614.8 910.475 1215.35 1535.56
36.9003 314.025   616.8 913.364 1219.35 1540.56
37.0188 315.025   618.8 916.298 1223.35 1545.51
37.0188 316.047 620.808 919.298 1227.32 1550.51
37.0188 317.069 622.808 922.298 1231.29 1555.52
37.1358 318.069 624.776 925.213 1235.29 1560.52
37.2533 319.069 626.752 928.213 1239.19 1565.52
37.3696 320.065 628.752 931.213 1243.19 1570.41
37.3696 321.086 630.752 934.183 1247.19 1575.42
37.4875 322.086 632.752  937.13 1251.13 1580.42
37.4875 323.086 634.761  940.13  1255.1 1585.44
37.6028 324.079 636.761 943.021  1259.1 1590.44
37.7203 325.079 638.761 945.969 1263.03 1595.44
37.7203 326.106 640.761 948.955 1267.02 1600.44
37.8369 327.106 642.761 951.889 1271.02 1605.39
37.8369 328.127 644.761 954.889 1274.99  1610.4
37.8369 329.127 646.761 957.873 1278.97 1615.43
37.9512  330.12 648.761 960.765 1282.97 1620.43
38.0654 331.114 650.761 963.657 1286.97 1625.43
 38.181 332.114 652.737 966.657 1290.88 1630.43
 38.181 333.114 654.756 969.647 1294.87 1635.43
 38.181 334.135 656.763 972.619 1298.87 1640.43
38.2962 335.135 658.763 975.554 1302.87 1645.38
38.4075 336.109 660.677 978.554 1306.87 1650.38
38.5217 337.109 662.677 981.554 1310.76 1655.38
38.6359 338.108 664.677 984.554 1314.65 1660.38
38.7497 339.104 666.677 987.554 1318.65 1665.27
38.7497 340.125 668.677 990.554 1322.61 1670.28
38.8632  341.12 670.677 993.554 1326.61 1675.17
38.8632  342.12 672.686 996.554 1330.59 1680.19
38.8632  343.12 674.704 999.543 1334.58 1685.19
38.9735 344.095  676.62 1002.54 1338.58 1690.19
38.9735 345.115  678.62 1005.54 1342.55  1695.2
38.9735 346.115 680.628 1008.54 1346.52 1700.22
39.0863 347.115 682.598 1011.46 1350.52 1705.22
39.0863 348.135 684.604 1014.43 1354.52 1710.22
39.0863 349.155 686.604 1017.41 1358.52 1715.23
39.1993 350.155 688.604 1020.41 1362.45 1720.19
39.3114 351.155 690.573 1023.41 1366.45  1725.1
39.4233 352.154 692.573 1026.41 1370.34  1730.1
39.5347  353.15 694.573 1029.41 1374.34    1735
39.5347 354.175 696.573 1032.39 1378.33    1740
39.6465 355.175 698.543 1035.31 1382.33    1745
39.6465  356.19 700.539 1038.31 1386.33 1749.99
39.6465  357.19 702.557  1041.3 1390.32 1754.99
39.6465  358.21 704.563 1044.28 1394.32 1759.99
39.7571 359.209 706.563 1047.28 1398.21 1764.99
 39.865 360.184  708.48 1050.28 1402.21 1769.99
 39.865 361.184 710.498 1053.27  1406.2 1774.99
39.9755 362.184 712.467 1056.27  1410.2 1779.91
39.9755 363.204 714.473 1059.24  1414.2 1784.91
40.0864 364.204 716.473 1062.18  1418.2 1789.86
40.0864 365.204 718.481 1065.18 1422.18 1794.87
40.0864 366.204 720.489 1068.15 1426.18 1799.89
 40.196 367.204 722.459 1071.15 1430.18 1804.81
 40.196 368.204 724.476 1074.15 1434.17 1809.81
40.3047   369.2 726.476 1077.15 1438.17  1814.7
40.3047   370.2 728.493 1080.14 1442.16  1819.7
40.4141   371.2  730.47 1083.14 1446.08  1824.7
40.4141   372.2 732.478 1086.14 1450.05 1829.72
40.4141  373.22 734.485 1089.14 1454.02 1834.72
40.5225  374.22 736.455 1092.14 1458.02 1839.64
40.5225  375.22 738.463 1095.11 1462.02 1844.66
40.5225 376.239 740.469 1098.09 1466.02 1849.66
40.5225 377.263 742.469 1101.08 1470.01 1854.66
  40.63 378.263 744.439    1104 1474.01 1859.66
  40.63 379.277 746.436    1107 1478.01 1864.65
  40.63 380.297 748.442 1109.97 1482.01 1869.65
 40.737 381.297 750.412 1112.97 1486.01 1874.57
40.8438 382.296 752.412 1115.97 1489.91 1879.57
40.8438  383.31 754.409 1118.97 1493.91 1884.56
40.9511  384.31 756.409 1121.91 1497.91 1889.51
40.9511 385.329 758.409 1124.89 1501.91 1894.52
41.0581 386.329 760.409 1127.83 1505.91 1899.47
41.1654 387.329 762.409 1130.83 1509.84 1904.43
41.1654 388.329 764.409 1133.81 1513.83 1909.46
41.1654 389.348 766.409 1136.81  1517.8 1914.47
41.1654 390.348 768.409  1139.8 1521.78  1919.5
41.1654 391.348 770.425 1142.79 1525.78  1924.5
41.1654 392.367 772.425 1145.79 1529.75 1929.51
41.2714 393.367 774.425 1148.74 1533.69 1934.51
41.2714 394.385 776.431 1151.72 1537.69 1939.51
41.3768 395.385 778.431 1154.66 1541.69 1944.46
41.3768 396.404 780.431 1157.66 1545.66 1949.47
41.4813 397.404 782.403 1160.58 1549.66 1954.47
41.5856 398.403 784.403 1163.58 1553.56 1959.47
41.6912 399.403 786.403 1166.53  1557.5 1964.47
41.7949 400.397 788.403 1169.44  1561.5 1969.47
41.7949 401.397 790.419 1172.43 1565.49 1974.47
41.8995 402.397 792.397 1175.43 1569.41 1979.47
41.8995 403.416 794.403  1178.4 1573.41 1984.47
41.8995 404.434 796.403  1181.4 1577.38 1989.48
42.0038 405.434 798.403 1184.34 1581.38 1994.43
42.1075 406.434 800.374 1187.27 1585.38 1999.43
42.1075 407.452 802.374 1190.24 1589.38 2004.44
42.1075 408.471 804.381 1193.24 1593.36 2009.44
42.1075 409.471 806.388 1196.24 1597.34 2014.45
42.1075  410.49 808.395 1199.24 1601.31 2019.45
42.1075 411.508 810.395 1202.24 1605.28 2024.46
42.1075 412.522 812.392 1205.24 1609.28 2029.45
42.2072 413.499 814.315 1208.24 1613.28 2034.45
  42.31 414.499 816.315 1211.19 1617.28 2039.41
  42.31 415.517 818.315 1214.16 1621.28 2044.42
  42.31 416.531 820.312 1217.16 1625.28  2049.4
  42.31 417.531 822.328 1220.15 1629.28  2054.4
42.4121 418.531 824.328 1223.09 1633.28 2059.36
42.5139 419.531 826.306 1226.09  1637.2 2064.36
42.6163 420.531 828.306 1229.05 1641.14 2069.36
42.7187 421.531 830.306    1232 1645.08 2074.36
42.7187 422.549 832.306    1235 1649.06 2079.37
42.7187 423.549 834.314    1238 1653.03 2084.38
42.8204 424.549 836.314    1241 1656.97 2089.35
 42.919 425.526 838.238    1244 1660.97 2094.35
43.0209 426.526 840.238 1246.95 1664.91 2099.35
43.0209 427.543 842.238 1249.93 1668.91 2104.36
43.1209 428.537 844.238 1252.84 1672.91 2109.36
43.2209 429.531 846.238 1255.74 1676.91 2114.36
43.2209 430.531 848.245 1258.72 1680.91 2119.37
43.2209 431.531 850.253 1261.72 1684.89 2124.38
43.3212 432.531 852.225 1264.72 1688.89 2129.31
43.4223 433.531 854.225 1267.67 1692.84 2134.31
43.4223 434.548 856.225 1270.65 1696.84 2139.32
43.5227 435.548 858.203 1273.65 1700.76 2144.32
43.6234 436.548 860.203 1276.65 1704.69 2149.28
43.6234 437.548 862.211 1279.65 1708.67  2154.3
43.6234 438.566 864.211 1282.65 1712.64 2159.31
43.7237 439.566 866.211 1285.65 1716.58 2164.27
43.7237 440.584 868.216 1288.62 1720.58 2169.27
43.8236 441.584 870.216 1291.57 1724.58 2174.23
43.8236 442.597 872.213 1294.57 1728.58 2179.22
43.9232 443.597 874.213 1297.51 1732.58 2184.17
44.0224 444.597 876.186 1300.51 1736.58  2189.1
44.1222 445.597 878.186 1303.51 1740.52 2194.06
44.1222 446.597 880.193 1306.49 1744.52 2199.08
44.2209 447.596 882.193 1309.49 1748.42 2204.08
44.3203 448.596 884.193 1312.44 1752.42 2209.03
44.4197 449.596 886.193 1315.38 1756.42 2213.99
44.4197 450.596   888.2 1318.38  1760.4 2219.01
44.4197 451.613   890.2 1321.36  1764.4 2224.01
44.4197 452.626 892.197 1324.36  1768.4    2229
44.4197 453.647 894.197 1327.34 1772.39    2234
44.5175 454.646 896.197 1330.34 1776.29    2239
44.6156 455.646  898.17 1333.27 1780.29    2244
44.7144 456.646  900.17 1336.23 1784.24    2249
44.8118  457.64  902.17 1339.14 1788.24    2254
44.8118 458.662  904.17 1342.13 1792.23    2259
44.8118 459.662 906.177  1345.1 1796.23 2264.02
44.9096 460.662 908.156  1348.1 1800.15 2269.02
45.0049 461.639 910.083  1351.1 1804.15 2274.02
45.1025 462.639 912.056 1354.03 1808.15 2279.02
45.1025 463.639 914.063 1357.01 1812.15 2284.03
45.1025 464.639 916.078    1360 1816.14 2289.03
45.1025 465.639 918.085    1363 1820.12 2294.05
45.1997 466.639 920.064    1366 1824.05 2299.05
45.2944 467.617 921.991    1369 1828.05 2304.05
45.2944 468.634 923.997 1371.98 1832.05 2309.05
45.2944 469.651 925.997 1374.98 1836.02 2314.05
45.3905 470.647 927.997 1377.98 1840.02 2318.96
45.4868 471.645 929.997 1380.98 1843.93 2323.96
45.5836 472.645 931.976 1383.98 1847.85 2328.96
45.6797 473.641 933.976 1386.98 1851.85 2333.87
45.7758 474.637 935.976 1389.98 1855.85 2338.78
45.7758 475.654 937.976 1392.96 1859.85 2343.79
45.7758 476.666 939.973 1395.96 1863.85 2348.78
45.7758 477.684 941.979 1398.96 1867.83 2353.78
45.8719 478.684 943.958 1401.96 1871.75 2358.78
45.9683 479.684 945.958  1404.9 1875.75 2363.73
46.0649 480.684 947.958  1407.9 1879.69  2368.7
46.0649   481.7 949.958 1410.88 1883.69 2373.71
46.1614   482.7 951.958 1413.84 1887.64 2378.71
46.1614   483.7 953.964 1416.82 1891.64 2383.72
46.2569   484.7 955.938 1419.82 1895.64 2388.65
46.2569 485.712 957.935 1422.82 1899.64 2393.64
46.3522 486.712 959.908 1425.75 1903.64 2398.64
 46.448 487.712 961.908  1428.7 1907.64  2403.6
 46.448 488.733 963.908 1431.68 1911.63  2408.6
46.5429 489.731 965.908 1434.68 1915.54  2413.6
46.5429 490.731 967.915 1437.68 1919.52 2418.61
46.6374 491.728 969.915 1440.68 1923.52 2423.52
46.6374 492.728 971.922 1443.68 1927.49 2428.53
  46.73 493.706 973.851 1446.68 1931.49 2433.53
  46.73 494.706 975.857 1449.66 1935.49 2438.55
46.8248 495.706 977.837 1452.66 1939.42 2443.55
46.8248 496.721 979.837 1455.64 1943.42 2448.56
46.9187 497.717 981.837 1458.64 1947.42 2453.47
47.0125 498.714 983.837 1461.64 1951.42 2458.38
47.1077 499.714 985.837  1464.6 1955.37 2463.38
47.2025 500.714 987.837 1467.55 1959.37 2468.33
47.2973 501.714 989.837 1470.49 1963.37 2473.29
47.2973 502.726 991.834 1473.49 1967.37 2478.28
47.3917 503.726 993.813 1476.49 1971.29 2483.28
47.3917 504.746 995.813 1479.48 1975.29 2488.28
47.3917 505.766 997.813 1482.47 1979.28 2493.28
47.4848 506.759 999.813 1485.38 1983.28 2498.28
47.5781 507.755 1001.81 1488.38 1987.28 2503.19
47.6724 508.755 1003.81 1491.33 1991.28 2508.15
47.6724 509.768 1005.81 1494.33 1995.28 2513.14
47.6724 510.768 1007.82 1497.31 1999.28 2518.15
47.7657 511.768 1009.79 1500.31 2003.28 2523.09
47.7657 512.768  1011.8 1503.29 2007.28  2528.1
47.8589 513.768 1013.77 1506.23 2011.28  2533.1
47.8589  514.78 1015.77 1509.23 2015.28 2538.09
47.9513 515.774 1017.77 1512.14 2019.28 2543.09
48.0443 516.774 1019.74 1515.07 2023.28 2548.09
48.1373 517.774 1021.72 1518.01 2027.28 2553.09
48.2299  518.77 1023.72 1521.01 2031.28    2558
48.2299 519.786 1025.72 1524.01 2035.26    2563
48.2299 520.802 1027.73 1527.01 2039.23    2568
48.2299 521.802 1029.73 1529.99 2043.22 2573.02
48.2299 522.814 1031.72 1532.99 2047.22 2578.01
48.3228 523.814 1033.72 1535.99 2051.17 2582.98
48.4149 524.812 1035.72 1538.99 2055.08 2587.98
48.4149 525.812 1037.74 1541.99 2059.07 2592.98
48.5068 526.811 1039.74 1544.99 2062.98 2597.98
48.5986 527.807 1041.74 1547.99 2066.98 2602.89
48.5986 528.807 1043.75 1550.98 2070.97 2607.89
48.6905 529.807 1045.73 1553.91 2074.97 2612.89
48.6905 530.807 1047.74  1556.9 2078.97 2617.89
48.6905 531.826 1049.74 1559.89 2082.96 2622.89
48.6905 532.842 1051.74 1562.89 2086.94 2627.89
48.6905 533.842 1053.74 1565.88 2090.93 2632.91
48.6905 534.842 1055.75 1568.88 2094.91 2637.93
48.6905 535.854 1057.75 1571.88 2098.91 2642.92
 48.782 536.854 1059.75 1574.88 2102.85 2647.88
48.8736 537.854 1061.75 1577.84  2106.8 2652.88
48.8736  538.87 1063.75 1580.84 2110.78 2657.88
48.9649  539.87 1065.75 1583.84 2114.73 2662.85
48.9649 540.885 1067.76 1586.84  2118.7 2667.85
48.9649 541.901 1069.76 1589.84 2122.68 2672.86
 49.056 542.901 1071.76  1592.8 2126.63 2677.86
49.1464 543.901 1073.73 1595.73 2130.63 2682.86
49.1464 544.917 1075.74 1598.73 2134.61 2687.86
49.2372 545.917 1077.74 1601.73 2138.55 2692.82
49.3273 546.915 1079.74 1604.73 2142.47 2697.82
49.3273 547.934 1081.74 1607.72 2146.46 2702.82
49.3273 548.934 1083.75 1610.71 2150.45 2707.82
49.4152 549.913 1085.68 1613.71 2154.45 2712.82
49.5054 550.913 1087.66 1616.71 2158.38 2717.82
 49.596 551.913 1089.66 1619.67 2162.33 2722.82
49.6863 552.913 1091.66 1622.62 2166.33 2727.78
 49.776 553.911 1093.66 1625.62 2170.24 2732.78
 49.776  554.93 1095.66 1628.61 2174.24 2737.78
 49.776 555.946 1097.67 1631.61 2178.21 2742.78
49.8637 556.925  1099.6 1634.61 2182.21 2747.78
49.8637  557.94  1101.6 1637.61 2186.19 2752.79
49.9512 558.919 1103.54 1640.61 2190.19 2757.79
49.9512 559.934 1105.54 1643.59 2194.19 2762.79
 50.041 560.934 1107.54 1646.59 2198.14 2767.76
 50.041 561.949 1109.54 1649.57 2202.14 2772.76
50.1297 562.945 1111.54 1652.57 2206.14 2777.68
50.1297 563.957 1113.54 1655.57 2210.14 2782.67
50.2193 564.957 1115.54 1658.53 2214.09 2787.67
50.2193 565.971 1117.54 1661.51 2218.09 2792.68
50.2193 566.983 1119.54 1664.51 2222.09 2797.67
50.3082 567.983 1121.52 1667.51 2226.02 2802.67
50.3082 568.998 1123.52 1670.49 2230.02 2807.67
50.3962 569.994 1125.52 1673.49 2234.02 2812.59
50.3962 571.009 1127.52 1676.49 2237.99  2817.6
 50.484 572.003 1129.52 1679.41 2241.99  2822.6
 50.484 573.003 1131.53  1682.4 2245.99  2827.6
 50.484 574.003 1133.54 1685.39 2249.98  2832.6
 50.484 575.003 1135.54 1688.38 2253.97 2837.62
50.5714 575.999 1137.54 1691.38 2257.97 2842.54
50.6592 576.999 1139.52 1694.32 2261.97 2847.54
50.7473 577.999  1141.5 1697.32 2265.91 2852.54
50.8355 578.999  1143.5 1700.27 2269.91  2857.5
50.9232 579.997  1145.5 1703.27 2273.82  2862.5
50.9232 581.012  1147.5 1706.27  2277.8  2867.5
51.0113 582.012  1149.5 1709.22  2281.8 2872.46
51.0113 583.012  1151.5 1712.21 2285.79 2877.48
51.0988 584.012 1153.48 1715.14 2289.79 2882.48
51.0988 585.027 1155.48 1718.14 2293.77 2887.49
51.0988 586.042 1157.48 1721.13 2297.77 2892.49
51.0988 587.056 1159.48  1724.1 2301.77 2897.49
51.1859 588.056 1161.46  1727.1 2305.77 2902.43
51.1859 589.074 1163.46 1730.09 2309.76 2907.43
51.1859 590.089 1165.46 1733.09 2313.74 2912.43
51.1859 591.101 1167.46 1736.09 2317.74 2917.42
51.1859 592.101 1169.46 1739.08 2321.74 2922.43
51.2722 593.099 1171.46 1742.08 2325.65 2927.43
51.2722 594.114 1173.46 1745.08 2329.63 2932.44
51.3582  595.11 1175.46 1748.08 2333.63 2937.36
51.3582 596.124 1177.46 1751.08 2337.61 2942.37
51.3582 597.136 1179.46 1754.08 2341.61 2947.36
51.3582 598.136 1181.47 1757.08 2345.59 2952.37
51.4443 599.136 1183.45 1760.08 2349.53 2957.37
51.4443  600.15 1185.45 1763.06 2353.53 2962.37
  51.53  601.15 1187.43 1766.06 2357.53 2967.31
  51.53  602.15 1189.44 1769.05 2361.52 2972.31
51.6151 603.144 1191.44 1771.97 2365.52 2977.31
51.7009 604.144 1193.42 1774.97 2369.45 2982.31
51.7848 605.125 1195.36 1777.97 2373.45 2987.31
51.7848 606.139 1197.36 1780.95 2377.45 2992.31
51.7848 607.154 1199.37 1783.95 2381.43 2997.31
51.7848 608.169 1201.37 1786.93 2385.43 3002.31
51.8704 609.169 1203.37 1789.89 2389.43 3007.27
51.9556 610.169 1205.35 1792.89 2393.43 3012.21
52.0407 611.169 1207.32 1795.83 2397.43 3017.21
52.1256 612.165 1209.32 1798.83 2401.43 3022.13
52.2102 613.159 1211.32 1801.75 2405.43 3027.13
52.2949 614.153 1213.32 1804.67 2409.43 3032.13
52.3797  615.15 1215.32 1807.67 2413.43 3037.04
52.3797 616.164 1217.32 1810.67 2417.41 3042.05
52.4647 617.164  1219.3 1813.61 2421.41 3047.05
52.4647 618.164 1221.31 1816.61  2425.4 3052.06
52.5491 619.158 1223.31 1819.53  2429.4 3057.06
52.5491 620.172 1225.31 1822.51  2433.4 3062.06
52.6345 621.172 1227.31 1825.47 2437.35 3067.06
52.7196 622.172 1229.31 1828.42 2441.35 3072.03
52.8042 623.171 1231.31 1831.42 2445.27 3077.03
52.8042 624.171 1233.32 1834.42 2449.25 3082.04
52.8042 625.184 1235.32  1837.4 2453.25 3087.04
52.8042 626.202 1237.32 1840.39 2457.24 3092.04
52.8869 627.182 1239.25 1843.39 2461.24 3097.04
52.8869 628.182 1241.26 1846.39 2465.24 3102.04
52.8869 629.182 1243.26 1849.38 2469.23 3107.06
52.9693 630.163  1245.2 1852.38 2473.23 3112.06
53.0532 631.161  1247.2 1855.38 2477.15 3117.06
53.0532 632.175 1249.21 1858.38 2481.13 3122.06
53.1368 633.171 1251.21 1861.38 2485.13 3126.98
53.1368 634.186 1253.21 1864.38 2489.11 3131.98
53.2189 635.166 1255.15 1867.38 2493.11 3136.98
53.3027 636.166 1257.12 1870.32 2497.11 3141.98
53.3027  637.18 1259.12 1873.32 2501.09 3146.99
53.3027  638.18 1261.13  1876.3 2505.09    3152
53.3027  639.18 1263.13 1879.29 2509.08 3157.02
53.3027 640.194 1265.13 1882.29 2513.06 3162.03
53.3858 641.192 1267.13 1885.29 2516.98 3167.03
53.3858 642.206 1269.13 1888.27 2520.98 3172.04
53.3858 643.206 1271.13 1891.26 2524.97 3177.06
53.3858 644.216 1273.13 1894.26 2528.97 3182.05
53.4682  645.21 1275.13 1897.18 2532.97 3187.05
53.4682 646.224 1277.13 1900.16 2536.97 3192.06
53.4682 647.238 1279.13 1903.16 2540.95 3197.06
53.5493 648.219 1281.07 1906.16 2544.95 3202.06
53.5493 649.219 1283.07 1909.14 2548.95 3207.07
53.6319 650.219 1285.06 1912.14 2552.88 3212.07
53.6319 651.219 1287.06 1915.13 2556.87 3217.09
53.6319 652.236 1289.06 1918.12 2560.87 3222.09
53.6319 653.246 1291.05 1921.12 2564.87 3227.08
53.6319 654.246 1293.06 1924.12 2568.85 3232.09
53.6319 655.246 1295.06 1927.11 2572.85  3237.1
53.7138 656.246 1297.04 1930.05 2576.85  3242.1
 53.796 657.246 1299.04    1933 2580.85 3247.07
53.8783 658.246 1301.04 1935.96 2584.85 3252.03
53.8783  659.26 1303.04 1938.96 2588.83 3257.03
53.9598 660.259 1305.04 1941.96 2592.75 3262.03
53.9598 661.269 1307.04 1944.96 2596.75 3267.02
54.0416 662.269 1309.02 1947.96 2600.69 3272.02
54.0416 663.282 1311.02 1950.94 2604.69 3277.03
54.1216 664.263 1312.96 1953.94 2608.69 3282.03
54.1216 665.274 1314.96 1956.94 2612.69 3287.02
54.1216 666.274 1316.96 1959.94 2616.67 3292.03
54.1216 667.274 1318.97 1962.92 2620.67 3297.04
54.1216 668.287 1320.97  1965.9 2624.67 3302.05
54.1216   669.3 1322.97  1968.9 2628.65 3307.06
54.2029   670.3 1324.97  1971.9  2632.6 3312.03
54.2836 671.299 1326.97  1974.9 2636.52 3317.03
54.2836 672.299 1328.97 1977.89 2640.52 3322.04
54.2836 673.312 1330.98 1980.87 2644.52 3327.04
54.3627 674.294 1332.92 1983.87 2648.52 3332.04
54.4431  675.29 1334.92 1986.87 2652.52 3336.96
54.5234 676.286 1336.92 1989.87 2656.52 3341.88
54.5234   677.3 1338.92 1992.85 2660.52 3346.88
54.5234 678.313 1340.92 1995.85  2664.5 3351.89
54.5234 679.323 1342.92 1998.85  2668.5 3356.88
54.5234 680.337 1344.92 2001.85 2672.48 3361.89
 54.602 681.318 1346.86 2004.85 2676.48 3366.89
 54.602 682.318 1348.87 2007.84 2680.48 3371.89
 54.602 683.331 1350.87 2010.82 2684.48  3376.9
54.6815 684.325 1352.87 2013.75 2688.48  3381.9
54.6815 685.336 1354.87 2016.75 2692.48 3386.89
 54.761 686.332 1356.87 2019.75 2696.48 3391.81
 54.761 687.332 1358.88 2022.74 2700.47 3396.81
 54.761 688.348 1360.88 2025.73 2704.47 3401.81
 54.761 689.361 1362.88 2028.73 2708.45 3406.82
 54.761 690.361 1364.88 2031.73 2712.43 3411.83
 54.761 691.361 1366.89 2034.72 2716.43 3416.84
 54.761 692.374 1368.89 2037.72 2720.41 3421.85
 54.761 693.374 1370.89  2040.7 2724.41 3426.86
  54.84 694.374 1372.87  2043.7 2728.41  3431.8
  54.84 695.374 1374.87 2046.69  2732.4 3436.82
54.9189 696.374 1376.85 2049.69  2736.4 3441.77
54.9189 697.374 1378.85 2052.69 2740.39 3446.78
54.9972 698.369 1380.85 2055.62 2744.39 3451.78
54.9972 699.385 1382.85 2058.61 2748.38 3456.78
55.0762 700.385 1384.85 2061.57 2752.38 3461.74
55.1552 701.385 1386.85 2064.52 2756.38 3466.71
55.1552 702.398 1388.85 2067.52 2760.36 3471.71
55.1552 703.412 1390.86 2070.51 2764.36 3476.71
55.1552 704.412 1392.86  2073.5 2768.35 3481.73
55.1552 705.425 1394.86  2076.5 2772.33 3486.73
55.1552 706.425 1396.86 2079.48 2776.33 3491.74
55.2332 707.425 1398.84 2082.48 2780.33 3496.69
55.3117 708.425 1400.84 2085.44 2784.33 3501.65
55.3893 709.419 1402.84 2088.36 2788.33 3506.65
55.3893 710.432 1404.84 2091.35 2792.33 3511.66
55.4675 711.432 1406.82 2094.35 2796.27 3516.66
55.4675 712.432 1408.83 2097.33 2800.27 3521.67
55.5455 713.432 1410.81 2100.33 2804.21 3526.67
55.6234 714.432 1412.79 2103.33 2808.21 3531.61
 55.701 715.429 1414.79 2106.33 2812.21 3536.54
 55.701 716.442 1416.79 2109.33  2816.2 3541.54
 55.701 717.454 1418.79 2112.31  2820.2 3546.55
 55.701 718.468 1420.79 2115.29  2824.2 3551.55
 55.701 719.468 1422.79 2118.28 2828.19 3556.57
55.7783 720.466 1424.79 2121.28 2832.11 3561.57
55.7783 721.479  1426.8 2124.27 2836.11 3566.57
55.7783 722.492  1428.8 2127.25 2840.11 3571.57
55.7783 723.505  1430.8 2130.23 2844.11 3576.57
55.8554 724.505 1432.78 2133.18 2848.11 3581.57
55.8554 725.518 1434.78 2136.18 2852.09 3586.58
55.9325 726.518 1436.76 2139.18 2856.03 3591.58
55.9325 727.531 1438.77 2142.18 2860.02 3596.58
55.9325 728.544 1440.77 2145.18    2864 3601.58
56.0091  729.54 1442.77 2148.18    2868 3606.51
 56.086  730.54 1444.75 2151.18 2871.94 3611.51
 56.086 731.553 1446.75 2154.18 2875.92 3616.52
 56.086 732.553 1448.76 2157.17 2879.92 3621.52
 56.163 733.553 1450.76 2160.17 2883.87 3626.49
56.2401 734.553 1452.76 2163.13 2887.83 3631.49
56.2401 735.566 1454.76 2166.13 2891.81 3636.49
56.2401 736.566 1456.76 2169.12  2895.8 3641.51
56.3164 737.566 1458.74 2172.12  2899.8 3646.45
56.3928 738.566 1460.72 2175.07  2903.8 3651.45
56.3928 739.582 1462.72 2178.06 2907.79 3656.45
56.4694 740.582 1464.72 2181.02 2911.79 3661.42
56.4694 741.582 1466.72 2184.01 2915.79 3666.44
56.4694 742.597 1468.72    2187 2919.78 3671.44
56.5458 743.597 1470.72 2189.96 2923.78  3676.4
56.6218 744.597  1472.7 2192.96 2927.78 3681.35
56.6978 745.596  1474.7 2195.96  2931.7 3686.35
56.6978 746.596  1476.7 2198.95  2935.7 3691.37
56.7737 747.596 1478.68 2201.89  2939.7 3696.37
56.7737 748.596 1480.68 2204.89 2943.68 3701.38
56.7737 749.606 1482.68 2207.89 2947.68 3706.37
56.7737 750.621 1484.68 2210.88 2951.67 3711.37
56.7737 751.634 1486.68 2213.88 2955.66 3716.37
56.7737 752.634 1488.69 2216.88 2959.64 3721.38
56.8495 753.634 1490.69 2219.84 2963.64 3726.35
56.8495 754.634  1492.7 2222.84 2967.64 3731.35
56.8495 755.647  1494.7 2225.82 2971.64 3736.35
56.8495 756.657  1496.7 2228.82 2975.64 3741.34
56.8495 757.657  1498.7  2231.8 2979.64 3746.35
56.8495 758.666  1500.7  2234.8 2983.64 3751.34
56.9244 759.666 1502.68 2237.75 2987.64 3756.34
56.9244 760.666 1504.69 2240.74 2991.64 3761.34
56.9991 761.665 1506.69 2243.74 2995.56 3766.34
56.9991 762.678 1508.69 2246.74 2999.55 3771.34
57.0741 763.678 1510.67 2249.74 3003.49 3776.34
57.0741 764.687 1512.67 2252.74 3007.49 3781.34
57.0741 765.687 1514.68 2255.74 3011.47 3786.35
57.0741 766.687 1516.68 2258.74 3015.46 3791.36
57.1485 767.687 1518.66 2261.69 3019.46 3796.36
57.1485   768.7 1520.66 2264.69 3023.44 3801.36
57.2229   769.7 1522.64 2267.64 3027.44 3806.36
57.2229 770.709 1524.63 2270.64 3031.44 3811.36
57.2229 771.722 1526.64 2273.62 3035.44 3816.36
57.2974 772.722 1528.64 2276.58 3039.44 3821.32
57.3719 773.722 1530.64 2279.58 3043.39 3826.29
57.4461 774.722 1532.62 2282.53 3047.39 3831.29
57.5198 775.717 1534.62 2285.46 3051.39 3836.29
57.5942 776.717  1536.6 2288.46 3055.34 3841.29
57.5942 777.717 1538.61 2291.45 3059.33 3846.29
57.5942 778.717 1540.62 2294.45 3063.33 3851.29
57.6684 779.717 1542.62  2297.4 3067.33 3856.26
57.7428 780.717 1544.62  2300.4 3071.28 3861.23
57.8169 781.717  1546.6  2303.4 3075.23 3866.23
57.8169  782.73 1548.61  2306.4 3079.21 3871.23
57.8912  783.73 1550.61  2309.4 3083.17  3876.2
57.9638 784.713 1552.55  2312.4 3087.17  3881.2
57.9638 785.713 1554.56  2315.4 3091.16  3886.2
58.0363 786.696  1556.5  2318.4 3095.16  3891.2
58.0363 787.705  1558.5  2321.4 3099.16  3896.2
  58.11 788.705 1560.48 2324.35 3103.16  3901.2
58.1824 789.688 1562.43 2327.35 3107.16  3906.2
58.1824 790.688 1564.43 2330.34 3111.15 3911.21
58.2558 791.686 1566.43 2333.34 3115.08 3916.21
 58.329 792.681 1568.43 2336.27 3119.08 3921.21
58.4026 793.681  1570.4 2339.22 3123.08 3926.21
 58.476 794.678  1572.4 2342.22 3127.08 3931.14
 58.476  795.69  1574.4 2345.22 3131.06 3936.15
 58.476  796.69  1576.4 2348.21 3135.06 3941.17
 58.476  797.69 1578.41 2351.21 3139.04 3946.18
 58.476  798.69 1580.41 2354.19 3143.04 3951.19
58.5496  799.69 1582.41 2357.16    3147 3956.19
58.6227 800.688 1584.41 2360.16 3150.93 3961.19
58.6962 801.688 1586.41 2363.12 3154.93 3966.16
58.6962 802.688 1588.42 2366.12 3158.92 3971.17
58.6962   803.7 1590.42  2369.1 3162.92 3976.17
58.6962 804.712 1592.42  2372.1  3166.9 3981.17
58.7691  805.71 1594.42  2375.1 3170.83 3986.17
58.7691  806.71 1596.42  2378.1 3174.81 3991.18
58.8417 807.707 1598.42  2381.1 3178.81 3996.11
58.8417 808.707 1600.43  2384.1  3182.8 4001.12
58.8417 809.722 1602.43 2387.09 3186.79 4006.12
58.8417 810.734 1604.43 2390.09 3190.77 4011.13
58.9147 811.734 1606.43 2393.06 3194.73 4016.13
58.9869 812.729 1608.43 2395.99 3198.73 4021.13
59.0591 813.723 1610.43 2398.92 3202.73 4026.13
59.0591 814.723 1612.43 2401.91 3206.73 4031.14
59.1318 815.723 1614.42 2404.91 3210.68 4036.14
 59.204  816.72 1616.42 2407.91 3214.68 4041.07
59.2764 817.718 1618.42 2410.91 3218.61 4046.07
59.3476 818.701 1620.36 2413.91 3222.61 4051.07
59.4206 819.701 1622.36 2416.88 3226.57 4056.07
59.4931 820.701 1624.34 2419.88 3230.57 4061.02
59.4931 821.716 1626.34 2422.87 3234.56 4066.02
59.5652 822.713 1628.34 2425.87 3238.56 4070.95
 59.638 823.713 1630.34 2428.83 3242.52 4075.95
59.7105 824.713 1632.32 2431.83 3246.52  4080.9
59.7831 825.713 1634.32 2434.79 3250.52 4085.87
59.7831 826.722 1636.32 2437.79 3254.52 4090.86
59.8559 827.722 1638.32 2440.76 3258.48 4095.86
59.9283 828.722  1640.3 2443.76 3262.43 4100.86
59.9283 829.736  1642.3 2446.75 3266.42 4105.86
60.0009 830.736  1644.3 2449.75 3270.38 4110.83
60.0736 831.736  1646.3 2452.72 3274.34 4115.83
60.0736 832.736 1648.31 2455.71 3278.33 4120.83
 60.146 833.736 1650.31 2458.67 3282.33  4125.8
 60.146 834.736 1652.31 2461.66 3286.33 4130.81
 60.146 835.736 1654.32 2464.66 3290.32 4135.82
 60.146 836.736 1656.32 2467.66 3294.31 4140.83
 60.146 837.736 1658.33 2470.65 3298.31 4145.84
60.2178 838.736 1660.31 2473.59 3302.31 4150.84
60.2178 839.736 1662.31 2476.59  3306.3 4155.84
60.2178 840.748 1664.32 2479.59 3310.29 4160.84
60.2897 841.748 1666.32 2482.59 3314.24 4165.81
60.2897 842.748 1668.32 2485.57 3318.24 4170.82
60.2897  843.76 1670.33 2488.56 3322.24 4175.82
60.2897  844.76 1672.33 2491.56 3326.23 4180.83
60.3611  845.76 1674.31 2494.56 3330.23 4185.78
60.4313 846.743 1676.26 2497.56 3334.23 4190.78
60.5028 847.743 1678.24 2500.56 3338.17 4195.78
60.5744 848.743 1680.24 2503.52 3342.17 4200.75
60.5744 849.755 1682.24  2506.5 3346.17 4205.75
60.6453  850.75 1684.24 2509.44 3350.17 4210.75
60.7166  851.75 1686.22 2512.39 3354.17 4215.75
60.7878 852.748 1688.22 2515.39  3358.1 4220.75
60.7878 853.763 1690.22 2518.38  3362.1 4225.75
60.8588 854.761 1692.22 2521.38 3366.03 4230.75
60.9297 855.755 1694.22 2524.31 3370.03 4235.75
60.9997 856.739 1696.17 2527.31 3374.03 4240.75
60.9997 857.751 1698.17  2530.3 3378.03 4245.75
61.0708 858.751 1700.15 2533.25 3382.03 4250.75
61.1419 859.751 1702.13  2536.2 3386.03 4255.75
61.1419 860.762 1704.13  2539.2 3390.01 4260.75
61.1419 861.774 1706.13  2542.2    3394 4265.76
61.1419 862.774 1708.13 2545.19 3397.99 4270.77
61.1419 863.785 1710.13 2548.19 3401.97 4275.78
61.1419 864.794 1712.13 2551.19 3405.97 4280.77
61.2114 865.777 1714.08 2554.19 3409.97 4285.77
61.2114 866.789 1716.08 2557.19 3413.96 4290.77
61.2114 867.789 1718.09 2560.18 3417.95 4295.77
61.2817 868.786 1720.09 2563.18 3421.95 4300.71
 61.352 869.782 1722.09 2566.18 3425.95 4305.64
61.4214 870.766 1724.04 2569.18 3429.95 4310.64
61.4214 871.766 1726.04 2572.18 3433.94 4315.65
61.4214  872.78 1728.04 2575.17 3437.93 4320.65
61.4214  873.78 1730.05 2578.16 3441.93 4325.66
61.4916  874.78 1732.03 2581.11 3445.93 4330.66
61.5617 875.776 1734.03 2584.11 3449.93 4335.59
 61.632 876.776    1736 2587.06 3453.93 4340.59
 61.702 877.773    1738 2590.06 3457.93 4345.53
61.7727 878.773    1740 2593.03  3461.9 4350.53
61.7727 879.784    1742 2596.03 3465.88 4355.53
61.7727 880.795 1744.01 2599.03 3469.86 4360.53
61.8431 881.795 1746.01 2601.99 3473.86  4365.5
61.9131 882.794 1748.01 2604.99  3477.8  4370.5
61.9829 883.788 1750.01 2607.92  3481.8  4375.5
61.9829 884.797 1752.01 2610.92  3485.8 4380.49
62.0518 885.781 1753.95 2613.92  3489.8 4385.49
62.1216 886.777 1755.95 2616.92  3493.8 4390.43
62.1216 887.791 1757.95 2619.92 3497.79 4395.43
62.1216 888.802 1759.95  2622.9 3501.79 4400.43
62.1912 889.798 1761.95  2625.9 3505.79 4405.37
62.2615 890.798 1763.95 2628.87 3509.75 4410.37
62.2615 891.798 1765.96 2631.87 3513.74 4415.38
62.3312 892.796 1767.96 2634.87 3517.67 4420.38
62.3312 893.808 1769.96 2637.85 3521.67 4425.38
62.4008 894.806 1771.96 2640.85  3525.6 4430.38
62.4008  895.82 1773.96 2643.84  3529.6 4435.38
62.4008 896.831 1775.96 2646.84 3533.58 4440.38
62.4008 897.831 1777.97 2649.84 3537.58 4445.38
62.4705 898.831 1779.97  2652.8 3541.58 4450.35
62.4705 899.831 1781.98 2655.79 3545.58 4455.35
62.4705  900.84 1783.98 2658.79 3549.58 4460.34
62.5401  901.84 1785.98 2661.76 3553.58 4465.31
62.5401 902.851 1787.98 2664.76 3557.56 4470.31
62.5401 903.862 1789.98 2667.74 3561.56 4475.32
62.6093 904.862 1791.96 2670.74 3565.56 4480.27
62.6787 905.862 1793.96  2673.7 3569.56 4485.24
62.7479 906.862 1795.94  2676.7 3573.56 4490.19
62.7479 907.873 1797.94 2679.69 3577.56 4495.19
62.7479 908.885 1799.94 2682.69 3581.55 4500.19
62.7479 909.896 1801.95 2685.67 3585.55 4505.19
62.7479 910.907 1803.95 2688.66 3589.55 4510.19
62.8167 911.905 1805.95 2691.66 3593.48 4515.19
62.8857 912.905 1807.93 2694.66 3597.43 4520.19
62.9547 913.905 1809.91 2697.66 3601.38 4525.19
62.9547 914.919 1811.91 2700.65 3605.37 4530.19
63.0224 915.903 1813.86 2703.65 3609.37 4535.19
63.0224 916.914 1815.87 2706.63 3613.37 4540.19
63.0224 917.925 1817.87 2709.63 3617.36 4545.19
63.0224 918.937 1819.87 2712.62 3621.36 4550.19
63.0224 919.937 1821.88 2715.61 3625.35 4555.19
63.0224 920.937 1823.88  2718.6 3629.34 4560.21
63.0224  921.95 1825.88  2721.6 3633.34 4565.21
63.0906 922.949 1827.88  2724.6 3637.27 4570.21
63.0906 923.957 1829.88  2727.6 3641.27 4575.21
63.0906 924.968 1831.88  2730.6 3645.26 4580.21
63.1592 925.968 1833.88 2733.56 3649.22 4585.21
63.2271 926.963 1835.88  2736.5 3653.22 4590.21
63.2271 927.963 1837.88  2739.5 3657.21 4595.22
63.2271 928.976 1839.88 2742.49  3661.2 4600.22
 63.295 929.975 1841.88 2745.49 3665.13 4605.22
 63.295 930.986 1843.88 2748.49 3669.12 4610.22
 63.295 931.999 1845.88 2751.49 3673.11 4615.22
 63.295 933.011 1847.89 2754.47 3677.11 4620.22
63.3627 934.009 1849.89 2757.47 3681.05 4625.22
63.4308 935.009 1851.89 2760.43 3685.05 4630.19
63.4976 935.993 1853.84 2763.43 3689.05 4635.19
63.4976 937.004 1855.84 2766.43 3693.03 4640.19
63.5653 938.004 1857.82 2769.39 3697.03 4645.19
63.6331 939.004  1859.8 2772.39 3701.03 4650.14
63.6331 940.004 1861.81 2775.38 3705.03 4655.14
63.6331 941.018 1863.81 2778.37 3709.03 4660.14
63.6331 942.018 1865.81 2781.37 3713.01 4665.15
63.6331 943.029 1867.82 2784.36 3717.01 4670.15
63.7005 944.029  1869.8 2787.36 3721.01  4675.1
63.7005 945.042  1871.8 2790.35 3725.01  4680.1
63.7683 946.042  1873.8 2793.32 3728.97  4685.1
63.7683 947.051 1875.79 2796.32 3732.97  4690.1
63.7683 948.051 1877.79 2799.31 3736.96 4695.11
63.7683 949.051  1879.8  2802.3 3740.96 4700.11
63.8356 950.051 1881.79  2805.3 3744.91 4705.11
63.9028 951.051 1883.77  2808.3 3748.91 4710.07
63.9701 952.051 1885.75  2811.3 3752.86 4715.07
64.0374 953.051 1887.74  2814.3 3756.81 4720.07
64.0374 954.059 1889.73  2817.3 3760.81 4725.06
64.0374  955.07 1891.73 2820.29 3764.81 4730.06
64.1048  956.07 1893.73 2823.26 3768.77 4735.06
 64.172  957.07 1895.72 2826.26 3772.72 4740.06
64.2393  958.07 1897.72 2829.26 3776.68 4745.04
64.2393  959.07 1899.72 2832.24 3780.68 4750.05
64.2393  960.08 1901.72 2835.24 3784.66 4755.05
 64.306 961.077 1903.72 2838.24 3788.66 4759.99
 64.306 962.077 1905.73 2841.24 3792.66 4764.99
 64.306 963.088 1907.73 2844.22 3796.66    4770
 64.306 964.088 1909.73 2847.21 3800.66    4775
64.3727 965.088 1911.71 2850.21 3804.66 4779.96
64.3727 966.099 1913.72  2853.2 3808.66 4784.96
64.3727 967.109 1915.72 2856.18 3812.66 4789.96
64.4396 968.109 1917.72 2859.18 3816.62 4794.94
64.5051 969.094 1919.67 2862.18 3820.62 4799.94
64.5051 970.105 1921.67 2865.17 3824.62 4804.94
64.5717 971.105 1923.65 2868.17 3828.57 4809.94
64.5717 972.105 1925.65 2871.16 3832.56 4814.95
64.5717 973.105 1927.66 2874.15 3836.56 4819.95
64.5717 974.113 1929.66 2877.15 3840.56 4824.95
64.5717 975.124 1931.66 2880.15 3844.54 4829.95
64.5717 976.135 1933.66 2883.14 3848.54 4834.95
64.5717 977.146 1935.66 2886.14 3852.53 4839.95
64.5717 978.157 1937.67 2889.13 3856.53 4844.95
64.6377 979.157 1939.65 2892.08 3860.53 4849.95
64.6377 980.168 1941.65 2895.06 3864.53 4854.95
64.6377 981.179 1943.65 2898.05 3868.53 4859.95
64.6377 982.179 1945.66 2901.04 3872.53 4864.96
64.7039 983.179 1947.66 2904.01 3876.49 4869.96
64.7697 984.179 1949.64 2907.01 3880.49 4874.91
64.7697  985.19 1951.64 2909.99 3884.49 4879.91
64.8354  986.19 1953.62 2912.95 3888.49 4884.91
64.8354 987.203 1955.62 2915.94 3892.49 4889.91
64.8354 988.203 1957.62 2918.93 3896.49 4894.92
64.9014 989.203 1959.62  2921.9 3900.45 4899.92
64.9667 990.198 1961.62 2924.84 3904.45 4904.92
64.9667 991.198 1963.63 2927.84 3908.44 4909.93
64.9667 992.208 1965.63 2930.82 3912.44 4914.94
64.9667 993.219 1967.63 2933.81 3916.44 4919.94
64.9667 994.219 1969.64  2936.8 3920.43 4924.94
65.0323 995.219 1971.64  2939.8 3924.39 4929.92
65.0978 996.219 1973.62  2942.8 3928.34 4934.92
65.0978 997.232 1975.62 2945.79 3932.34 4939.92
65.1621 998.217 1977.57 2948.79 3936.34 4944.92
65.1621 999.217 1979.58 2951.79 3940.34 4949.92
65.1621 1000.23 1981.58 2954.79 3944.32 4954.92
65.1621 1001.24 1983.58 2957.78 3948.32 4959.92
65.1621 1002.24 1985.58 2960.77 3952.31 4964.94
 65.227 1003.24 1987.58 2963.77 3956.25 4969.94
 65.227 1004.24 1989.58 2966.76 3960.25 4974.95
 65.227 1005.25 1991.58 2969.75 3964.24 4979.95
 65.227 1006.26 1993.58 2972.75 3968.22 4984.95
 65.227 1007.26 1995.59 2975.74 3972.22 4989.96