      3       2       3       4       3       6
      3 3.45455 5.18182       7       7 10.3636
      3 5.03788 7.18182 10.2083 10.2083 15.3636
3.94498 6.03788 9.18182 13.2083 13.4239 20.2031
3.94498 7.41537 11.1818 16.2217 17.4239 24.8122
3.94498 8.69318 13.1087  19.017 21.4239 29.8122
4.50257 9.92189 15.1087  22.017 25.4239 34.0259
5.04338 10.9219 16.9234 24.6615 29.4239 39.0259
5.04338 12.2394 18.9234 27.6364 33.4239 43.7336
5.53205 13.2394 20.7569 30.3142 37.4239 48.7336
5.53205 14.5473 22.7569  33.309 41.1211 53.7336
5.53205 15.8553 24.7569 36.3038 44.8183 58.7336
5.53205 17.1421 26.7569 39.2502 48.8183 63.5004
5.53205 18.3791 28.6877 42.0825 52.8183 68.5004
5.91762 19.3791 30.6877 45.0156 56.4997 73.5004
  6.277  20.556 32.6877 48.0156 60.4997 77.9641
  6.277 21.8301 34.6877 50.9916 64.2495 82.9641
  6.277 23.1214 36.6877 53.9916 68.0503 87.8719
6.56195  24.171 38.3531 56.9916 72.0503 92.8719
6.56195 25.4331 40.3531 59.9674 75.8124 97.8719
6.83405 26.4877 42.0264 62.9674 79.8124 102.872
7.15272 27.4877 43.9861 65.9674  83.534 107.872
 7.4676 28.4877 45.9225 68.9674  87.534 112.621
 7.4676 29.4877 47.9753 71.9674 91.4469 117.655
7.77071 30.4877 49.9753 74.8886 95.4469 122.431
8.06365 31.4877 51.8592 77.7118 99.4469 127.431
8.36621 32.4877 53.8592 80.6277 103.447 132.212
8.36621 33.6993 55.8592 83.6277 107.305 137.143
8.36621 34.8885 57.8304 86.6277 111.305 141.982
8.36621 35.8885 59.8494  89.652 115.305 146.939
8.60731 36.9227 61.5741  92.652 119.305 151.939
8.60731 38.1094  63.553  95.652 123.139 156.939
8.60731 39.3071  65.553  98.652 127.009 161.871
8.60731 40.5048  67.553 101.652 130.879 166.804
8.60731 41.5048 69.5875 104.652 134.821 171.827
   8.84 42.6269 71.5875 107.652 138.821 176.473
9.07228 43.7469 73.5875 110.652 142.469 181.473
9.07228 44.7469 75.6238 113.652 146.411 186.494
9.29879 45.8641 77.6238 116.652 150.411  191.15
9.29879 47.0363 79.6076 119.652 154.255  196.15
9.29879 48.2084 81.5914 122.652 158.099  201.15
9.51449 49.3267 83.5914 125.652 162.099 205.817
9.73854 50.3267 85.5914 128.611 165.916 210.817
  9.945 51.3936 87.5914 131.337 169.916 215.817
10.1453 52.4289 89.3558 134.337 173.916 220.817
10.3708 53.4289 91.3558 137.337 177.782 225.725
10.5964 54.4289 93.3558 140.337 181.648 230.634
10.8181 55.4289  95.309 143.337 185.648 235.459
11.0189 56.4582 97.0788 146.337 189.648 240.459
11.2332 57.5561 99.0788 149.337 193.336 245.459
11.2332 58.7065 101.079 152.322   197.2 250.459
 11.451 59.7065 103.038 155.322 201.023 255.459
 11.451 60.8487 105.038 158.294 205.023 260.345
 11.451  62.005 107.038 161.294 208.919 265.293
 11.451 63.1534 109.021 164.294 212.789 270.293
11.6381 64.1851 110.802 167.294 216.789 275.293
11.6381  65.339 112.802 170.294 220.686 280.242
11.8263 66.3959 114.802 173.048 224.686 285.242
12.0215 67.4919 116.802 176.048 228.395 290.242
12.0215 68.6434 118.802 179.048 232.291 295.194
12.2191 69.6434 120.754 182.048 236.291 300.044
12.2191 70.7927 122.754 185.048 240.191 304.995
12.4137 71.7927 124.754 187.996 244.191 309.853
12.4137 72.9268 126.725 190.996 248.191 314.748
12.4137 73.9268 128.725 194.036 252.141 319.758
12.5971 75.0191 130.725 197.036 256.141 324.482
12.5971 76.1633 132.725 200.036 260.048 329.432
 12.783 77.1633 134.725 202.988 264.048 334.293
12.9695 78.1633 136.725 205.949   267.9 339.293
13.1503 79.2529 138.725 208.949   271.9 344.023
13.1503 80.3849 140.725 211.934 275.783 349.023
13.1503 81.3849 142.725 214.973 279.738 354.029
13.1503  82.511   144.7 217.973 283.738 358.927
13.3286  83.511   146.7 220.929 287.738 363.794
13.5069  84.511   148.7 223.884 291.738  368.66
13.6802 85.5952   150.7 226.884 295.481  373.66
13.8605 86.5952   152.7 229.884 299.376 378.585
13.8605 87.5952   154.7 232.923 303.333 383.589
14.0367 88.5952 156.667 235.923  307.19 388.589
14.2129 89.5952 158.634 238.923 311.046 393.589
14.2129 90.7119 160.611 241.923 315.046 398.495
14.3821 91.7919 162.611 244.923 318.797 403.495
14.5578 92.7919 164.611 247.923 322.692 408.425
14.7271 93.8708 166.611 250.923 326.444 413.425
14.7271 94.9851 168.589 253.923 330.444 418.333
14.7271 95.9851 170.589 256.961 334.398 423.339
14.7271 96.9851  172.61 259.961 338.361 428.355
14.7271 97.9851  174.61     263 342.316 433.362
14.7271 99.1006 176.598     266 346.213 438.362
14.8915 100.101 178.569     269 350.077 443.362
14.8915 101.215 180.557     272 353.974 448.362
14.8915 102.335 182.557     275 357.892 453.324
14.8915 103.432 184.513 277.947 361.892 458.324
14.8915 104.432 186.533 280.947 365.854 463.342
14.8915 105.527  188.49 283.894 369.854 468.342
15.0388 106.571  190.49 286.703 373.854 473.342
15.1939 107.571 192.455 289.703 377.854 478.223
15.3466 108.571 194.389 292.615 381.854 483.223
15.4984 109.645 196.389 295.615 385.629 488.223
15.4984 110.738 198.348 298.563 389.629 493.223
15.6536 111.738 200.348 301.563 393.533 498.164
15.8089 112.738 202.348 304.563 397.436 503.105
15.9592  113.81 204.348 307.563 401.214 508.105
16.1051 114.851 206.348 310.377 405.214 513.105
16.1051 115.851 208.362 313.406  409.17 518.105
16.1051 116.962 210.362 316.406 413.092 523.072
16.1051 117.962 212.362 319.438  417.05 528.084
16.2521 118.962   214.3 322.353  421.05 533.084
16.2521  120.06 216.279 325.353  425.05 538.006
16.3999  121.06 218.279 328.312  429.05 542.899
16.3999 122.163 220.279 331.302 432.957 547.899
16.3999 123.163 222.296 334.302 436.922 552.917
16.3999 124.269 224.296 337.302 440.848 557.885
16.5418 125.269 226.237  340.22 444.848 562.885
16.5418 126.269 228.237 343.249 448.808 567.896
16.5418 127.369 230.226 346.249 452.719 572.896
16.5418 128.369 232.229 349.261 456.719  577.88
16.5418 129.369 234.232 352.274 460.719 582.865
16.5418 130.472 236.232 355.274 464.647 587.834
 16.677 131.539 238.232 358.274 468.445 592.834
16.8065  132.56 240.081 361.274 472.445 597.834
16.9456  133.56 242.081 364.274 476.356 602.783
17.0833  134.56 244.047 367.274 480.356 607.679
17.2149 135.597 246.047 370.105 484.356 612.679
17.3508 136.597  247.99 373.026 488.356 617.679
17.4867 137.597 249.932 375.948 492.356 622.679
17.4867 138.687 251.911 378.948 496.356  627.61
17.6232 139.687 253.877 381.948 500.356 632.508
 17.758 140.687  255.82 384.871 504.356 637.508
 17.758 141.784  257.82 387.871 508.289 642.479
 17.758 142.784 259.821 390.882 512.289 647.466
 17.758 143.872 261.801 393.882 516.289 652.399
 17.758 144.964 263.801 396.871 520.207 657.399
17.8906 145.964 265.801 399.833 524.207 662.305
17.8906 147.059 267.801 402.833 528.142 667.275
17.8906  148.15 269.801 405.822 532.061 672.275
18.0212  149.15 271.801 408.784 536.061 677.183
18.0212  150.15 273.801 411.809 540.027 682.192
18.0212 151.236 275.781 414.809 544.027 687.126
18.1499 152.236 277.781 417.772 548.027 692.035
18.1499 153.236 279.781 420.796 551.993 697.044
18.2753 154.295 281.781 423.796 555.809 702.044
18.2753 155.295 283.794 426.796  559.78  707.06
18.4026 156.295 285.794 429.769 563.679  712.06
18.5273 157.354 287.794 432.769 567.496  717.06
18.6519 158.412 289.794 435.769 571.313  722.06
18.6519 159.412 291.796 438.779 575.313 727.047
18.6519 160.412 293.807 441.803 579.278 732.047
18.7755 161.412 295.755 444.732 583.278 737.047
18.8939  162.43 297.619 447.732 587.278 742.047
19.0193  163.43 299.595 450.732 591.177 747.047
19.0193  164.51 301.595 453.712 595.177 751.987
19.1434  165.51 303.563 456.712 599.177 756.894
19.1434 166.598 305.563 459.712 603.115 761.869
19.2654 167.598 307.511 462.642 607.115 766.869
19.2654 168.678 309.511 465.622 611.115 771.809
19.2654 169.765 311.511 468.622 615.054 776.783
19.3873 170.765 313.511 471.587 619.054 781.697
19.5102 171.765 315.511 474.587 622.977 786.651
19.5102 172.836 317.479 477.547 626.977 791.651
19.5102 173.836 319.488  480.57 630.945 796.651
 19.626 174.868 321.488 483.422 634.945 801.651
 19.626 175.953 323.488 486.422 638.885 806.625
19.7455 176.953 325.458 489.422 642.885 811.536
 19.866 177.953 327.458 492.422  646.81 816.491
19.9866 178.953 329.458 495.422 650.735 821.446
19.9866 180.023 331.427 498.383 654.735 826.446
19.9866 181.103 333.416 501.383 658.665 831.446
20.1028 182.157 335.416 504.383 662.496 836.446
20.1028 183.157 337.426 507.405 666.465 841.446
 20.219 184.157 339.376 510.338 670.465 846.446
 20.219 185.236 341.376 513.329 674.394 851.446
 20.219 186.236 343.387 516.329 678.367 856.461
20.3339 187.236 345.339 519.263 682.367 861.461
20.4503 188.236 347.316 522.263 686.274 866.461
20.4503 189.236 349.316 525.272 690.274 871.453
20.4503 190.236 351.327 528.272 694.247 876.469
20.4503 191.316 353.327 531.272 698.189 881.446
20.5645 192.316 355.327 534.237 702.189 886.366
20.5645 193.393 357.327 537.228 706.121 891.366
20.5645 194.393 359.327 540.248  710.09 896.377
20.6777 195.393 361.327 543.224 714.002 901.377
20.7888 196.442 363.327 546.224 718.002 906.217
20.8977 197.471 365.327 549.086 722.002 911.217
20.8977 198.537 367.298 552.049 726.002 916.217
20.8977 199.603  369.27 555.012 730.002 921.217
20.8977 200.603 371.279 558.031 733.973 926.217
20.8977 201.603 373.288 561.051 737.945 931.217
20.8977 202.667 375.259 564.014 741.945 936.217
20.8977 203.738 377.242 567.014 745.945 941.163
21.0018 204.754 379.122 570.014 749.945 946.163
21.1111 205.754 381.122 572.981 753.945 951.087
21.1111 206.754 383.122 575.999 757.916 956.097
21.1111 207.827 385.122  578.99 761.852 961.097
21.1111 208.827 387.123 581.998 765.852  966.09
21.1111 209.897 389.123 584.979 769.852 971.038
21.1111 210.897 391.131 587.998 773.825 976.038
21.2184 211.897 393.131 590.998 777.757 980.999
21.2184 212.897 395.131 594.005 781.757 985.991
21.2184 213.966 397.131 596.987 785.757  990.94
21.2184 215.038 399.122 599.987 789.695  995.94
21.2184 216.038 401.122 602.994 793.695 1000.93
21.3194 217.066 403.122 605.865 797.695 1005.93
21.4238 218.066 405.095 608.865 801.695 1010.86
21.4238 219.066 407.096 611.872 805.695 1015.85
21.5261 220.113 409.096 614.872 809.695  1020.7
21.5261 221.113 411.096 617.889 813.668 1025.71
21.5261 222.113 413.096 620.897 817.668  1030.7
21.6275 223.159 415.096 623.897  821.52  1035.7
21.6275 224.159 417.097 626.904  825.52 1040.69
21.6275  225.22 419.071  629.87  829.52 1045.69
21.6275 226.292 421.071  632.87  833.47 1050.67
21.7292 227.292  423.05  635.87 837.388 1055.67
21.8292 228.338  425.05  638.87 841.242 1060.67
21.9309 229.338  427.03  641.87 845.161 1065.67
 22.033 230.338  429.03  644.87 849.096 1070.63
 22.033 231.407  431.03 647.862 853.036 1075.63
22.1346 232.407  433.03 650.862 856.971  1080.6
22.1346 233.471 435.014 653.862 860.971 1085.55
22.2308 234.486 436.904 656.862 864.971 1090.55
22.3269   235.5 438.793 659.862 868.971 1095.55
22.4231 236.514 440.683 662.862 872.971 1100.55
22.5238 237.514 442.683 665.839 876.893 1105.55
22.6228 238.558 444.683 668.839 880.893  1110.4
22.7223 239.558  446.64 671.783 884.893  1115.4
22.8231 240.558  448.64  674.76 888.815  1120.4
22.9204 241.583  450.64 677.637 892.815  1125.4
22.9204 242.583  452.64 680.644 896.815  1130.4
22.9204  243.65  454.64 683.636 900.757  1135.4
23.0191  244.65 456.597  686.58 904.757  1140.4
23.1155 245.675 458.597 689.458 908.757  1145.4
23.1155 246.675 460.604 692.474 912.733  1150.4
23.2149 247.675 462.583 695.474 916.655  1155.4
23.2149 248.675 464.583  698.49  920.63 1160.41
23.3121 249.717 466.583  701.49  924.63 1165.27
23.3121 250.779 468.567  704.49  928.63 1170.22
23.3121  251.84 470.567 707.473  932.63 1175.18
23.4102  252.84 472.546 710.473 936.552 1180.18
23.5079  253.84  474.52 713.473 940.552 1185.11
23.5079 254.907  476.52 716.473 944.505 1190.09
23.6056 255.907  478.52  719.45  948.43 1195.09
 23.699  256.92 480.413  722.45  952.43 1200.09
 23.699  257.92 482.413 725.457  956.43 1205.08
 23.699 258.976 484.387 728.426  960.43 1210.08
 23.699 259.976 486.387 731.433  964.43 1215.08
23.7939 261.017 488.387 734.433  968.43 1219.94
23.7939 262.017 490.392 737.449 972.408 1224.94
23.7939  263.08 492.383 740.449 976.354 1229.94
23.8896  264.08 494.383 743.427  980.28 1234.94
23.8896  265.08 496.383 746.442 984.256 1239.95
23.8896  266.08 498.383 749.458 988.232 1244.96
23.9805 267.092 500.279 752.458 992.232 1249.96
23.9805 268.092 502.285 755.474  996.21 1254.96
23.9805 269.157 504.285 758.474 1000.16 1259.94
 24.075 270.157 506.285 761.474 1004.11  1264.9
 24.075 271.211  508.26 764.445 1008.11  1269.9
24.1688 272.211  510.26 767.424 1012.03  1274.9
24.2626 273.211  512.26 770.402 1015.96  1279.9
24.3525 274.223 514.158 773.402 1019.96  1284.9
24.4463 275.223 516.158  776.38 1023.89  1289.9
24.5398 276.223 518.132  779.38 1027.89 1294.84
24.6326 277.223 520.091 782.328 1031.89 1299.84
24.7235 278.246 522.091 785.214 1035.89 1304.84
24.7235 279.246 524.091 788.229 1039.87 1309.85
24.8154 280.284 526.091 791.229 1043.87 1314.72
24.8154 281.284  528.09 794.235 1047.87 1319.71
24.9082 282.284  530.09 797.206 1051.87 1324.65
24.9082 283.345  532.09 800.206 1055.82 1329.63
25.0006 284.345 534.064 803.206 1059.82 1334.56
25.0933 285.345 536.064 806.183 1063.75 1339.56
25.0933 286.402 538.064 809.168 1067.75 1344.52
25.0933 287.402 540.063 812.174 1071.75 1349.52
25.0933 288.454  542.04 815.146 1075.75 1354.52
25.1836 289.491  544.04 818.146 1079.75 1359.39
25.1836 290.491 546.045 821.161 1083.73 1364.39
25.2752 291.491 548.045 824.161 1087.67 1369.35
25.2752 292.547  550.03 827.161 1091.67 1374.31
25.2752 293.547 552.035 830.177 1095.65 1379.31
25.3662 294.547 554.035 833.177  1099.6 1384.28
25.3662 295.547  556.04 836.192 1103.58 1389.28
25.3662 296.547 558.039 839.198 1107.58 1394.27
25.3662 297.607 560.039 842.198 1111.54 1399.26
25.3662 298.607 562.038 845.205 1115.54 1404.25
25.4553 299.607 564.013 848.205 1119.54 1409.19
25.5445 300.607 565.989 851.205 1123.54 1414.12
25.6337 301.607 567.964 854.205 1127.54 1419.06
25.7218 302.643 569.964 857.205 1131.41 1424.06
25.8103 303.643 571.925 860.155 1135.41 1429.06
25.8103 304.643  573.93  863.17 1139.39 1434.06
25.8993 305.643  575.91  866.17 1143.32 1439.06
25.9849 306.654 577.814  869.17 1147.32 1444.06
25.9849  307.71 579.805  872.17 1151.27 1449.06
26.0724 308.746 581.805  875.17 1155.27 1453.93
 26.161 309.746 583.805 878.143 1159.27 1458.87
26.2495 310.746  585.78 881.143 1163.27 1463.81
26.2495 311.801  587.78 884.136 1167.23 1468.81
26.3377 312.801 589.756 887.136 1171.23 1473.74
26.4253 313.801 591.717 890.086 1175.23 1478.74
 26.514 314.801 593.717 893.086 1179.17 1483.71
 26.514 315.858 595.717 896.086 1183.13 1488.69
26.6019 316.858 597.693 899.086 1187.13 1493.63
26.6019 317.913 599.693  902.08 1191.08 1498.63
26.6901 318.913 601.693  905.08 1195.03 1503.59
26.7782 319.913 603.693  908.08 1198.98 1508.56
26.8648 320.948 605.693  911.08 1202.98 1513.44
26.8648 322.005 607.693  914.08 1206.94 1518.42
26.9516 323.005 609.655 917.031 1210.94 1523.42
27.0379 324.039 611.655 920.031 1214.82 1528.42
27.0379 325.094 613.655 923.024 1218.77 1533.42
27.0379  326.15 615.655 926.024 1222.73  1538.4
27.1216  327.16 617.561 929.024 1226.73  1543.4
27.1216 328.215 619.552 932.024 1230.68  1548.4
27.2059 329.234 621.552  934.92 1234.68  1553.4
27.2914 330.269 623.552  937.92 1238.56  1558.4
27.2914 331.269 625.551 940.926 1242.56  1563.4
27.3778 332.269 627.551 943.906  1246.5  1568.4
27.3778 333.269 629.551 946.919 1250.48 1573.41
27.4628 334.303 631.551 949.919 1254.36 1578.41
27.5487 335.303 633.526 952.919 1258.36 1583.34
27.5487  336.35 635.504 955.894 1262.36 1588.34
27.5487 337.403 637.504 958.888 1266.31 1593.34
27.6341 338.403  639.48 961.888 1270.31 1598.28
27.7173 339.423  641.48 964.785 1274.31 1603.28
27.8032 340.423  643.48 967.785 1278.26 1608.25
27.8876 341.456  645.48 970.785 1282.14 1613.25
27.8876 342.507 647.466 973.785 1286.14 1618.21
27.8876 343.507 649.471 976.799 1290.12 1623.21
27.8876 344.507 651.475 979.814  1294.1 1628.21
27.9727 345.507 653.475 982.814 1298.05 1633.18
28.0563  346.54 655.475 985.814 1302.05 1638.06
 28.141  347.54 657.475 988.788 1306.05 1643.01
28.2258  348.54 659.475 991.767 1309.99 1648.01
28.3103  349.54 661.451 994.767 1313.99 1652.94
28.3103  350.54 663.457 997.767 1317.97 1657.96
28.3926 351.559 665.457 1000.67 1321.97 1662.96
28.3926 352.608 667.457 1003.65 1325.97 1667.92
28.4758 353.641 669.457 1006.65 1329.97  1672.8
 28.557  354.65 671.366 1009.65 1333.97  1677.8
 28.557 355.695 673.345 1012.63 1337.97  1682.8
28.6403 356.695 675.309 1015.58 1341.97  1687.8
28.7243 357.695 677.309 1018.56 1345.91  1692.8
28.8083 358.695 679.309 1021.54 1349.84  1697.8
28.8912 359.727 681.309 1024.54 1353.73  1702.8
28.9745 360.727 683.273 1027.49 1357.73  1707.8
28.9745 361.727 685.277 1030.51 1361.71  1712.8
29.0583 362.727 687.277 1033.49 1365.65  1717.8
 29.139 363.736 689.187 1036.49 1369.65  1722.8
 29.139 364.736 691.191  1039.5 1373.63  1727.8
29.2215 365.767 693.191  1042.5 1377.52  1732.8
 29.302 366.776 695.102  1045.5 1381.52  1737.8
29.3845 367.807 697.102  1048.5  1385.4  1742.8
29.3845 368.807 699.107  1051.5 1389.39 1747.81
29.4677 369.807 701.088  1054.5 1393.32 1752.81
29.4677 370.855 703.074  1057.5 1397.32 1757.78
29.4677 371.855 705.072 1060.51 1401.32 1762.78
29.5507 372.855 707.072 1063.51 1405.27 1767.74
29.5507 373.905 709.072  1066.5 1409.23 1772.74
29.6323 374.936 711.072  1069.5 1413.11 1777.74
29.6323 375.936 713.072 1072.51 1417.09 1782.75
29.7135 376.967 715.072 1075.51 1420.98 1787.75
29.7948 377.999 717.072 1078.51 1424.87 1792.75
29.8761 379.029 719.072 1081.51 1428.87 1797.64
29.8761 380.076 721.072  1084.5 1432.87 1802.61
29.8761 381.128 723.072  1087.5 1436.83 1807.59
29.9577 382.128 725.049  1090.5 1440.83 1812.53
29.9577 383.128 727.047 1093.51 1444.83 1817.53
29.9577 384.177 729.047  1096.5 1448.79 1822.53
29.9577 385.177 731.051 1099.51 1452.77 1827.53
29.9577 386.226 733.051 1102.51 1456.73 1832.53
30.0367 387.243 735.051 1105.41 1460.73 1837.53
30.0367  388.29 737.051  1108.4 1464.73 1842.49
30.1153 389.307 739.051  1111.3 1468.73 1847.49
30.1959 390.307 741.028  1114.3 1472.73 1852.44
30.2739 391.315 742.942  1117.3 1476.73 1857.44
30.2739 392.315 744.947  1120.3 1480.71 1862.45
30.3544 393.315 746.947 1123.28 1484.65 1867.45
30.3544 394.361 748.933 1126.28 1488.65 1872.42
30.3544 395.411 750.933 1129.28 1492.62  1877.4
30.3544 396.454 752.913 1132.26 1496.62  1882.4
30.3544 397.454 754.918 1135.26  1500.6 1887.41
30.3544   398.5 756.918 1138.25  1504.6 1892.38
30.3544 399.542 758.898 1141.23  1508.6 1897.38
30.3544 400.542 760.896 1144.23  1512.6 1902.38
30.4335 401.542 762.878 1147.23 1516.54 1907.38
30.5115 402.572 764.878 1150.23 1520.54 1912.27
30.5115 403.618 766.878 1153.22 1524.54 1917.23
30.5115 404.665 768.878 1156.21  1528.5 1922.23
30.5892 405.695 770.878 1159.21  1532.5 1927.13
30.5892 406.744  772.87 1162.21 1536.46 1932.13
30.6677 407.744  774.87 1165.19  1540.4 1937.13
30.6677 408.744 776.874 1168.19 1544.38 1942.14
30.6677 409.789 778.874 1171.18 1548.38 1947.11
30.7457 410.789 780.874 1174.16 1552.32 1952.11
30.7457 411.831 782.855 1177.14 1556.32 1957.11
30.8226 412.861 784.855 1180.14 1560.22 1962.11
30.9005 413.861 786.855 1183.12 1564.16 1967.11
30.9777 414.861 788.821 1186.08 1568.16 1972.11
30.9777 415.903 790.801 1189.06 1572.16 1977.11
31.0547 416.903 792.768 1192.01 1576.16 1982.11
31.0547  417.95 794.768 1195.01 1580.12 1987.11
31.0547 418.991 796.748 1197.98 1584.12 1992.11
31.0547 419.991 798.748    1201  1588.1 1997.11
31.1308 421.021 800.748    1204  1592.1 2002.01
31.1308 422.068 802.748 1206.99 1596.06 2007.01
31.2076 423.068 804.748 1209.97 1600.06 2011.95
31.2076 424.114 806.748 1212.96 1604.02 2016.95
31.2843 425.114 808.748 1215.94 1607.96 2021.95
31.3585 426.122 810.666 1218.94 1611.96 2026.95
31.4342 427.152 812.666 1221.94 1615.85 2031.95
31.5103 428.152 814.633  1224.9 1619.85 2036.95
 31.587 429.152 816.633 1227.88 1623.79 2041.95
 31.587 430.152 818.636 1230.89 1627.78 2046.95
31.6625 431.181 820.636 1233.89 1631.78 2051.85
31.7381  432.21 822.636 1236.89 1635.78 2056.75
31.8144  433.21 824.614 1239.89 1639.78 2061.69
31.8909  434.21 826.596 1242.89 1643.72 2066.69
31.9676  435.21 828.596 1245.89 1647.67 2071.66
32.0416 436.217 830.515 1248.89 1651.67 2076.66
32.1183 437.217 832.515 1251.89 1655.63 2081.63
32.1183 438.261 834.502 1254.89 1659.63  2086.6
32.1944 439.261  836.48 1257.89 1663.63 2091.55
32.2705 440.261 838.458 1260.89 1667.63 2096.49
32.2705 441.261 840.458  1263.9 1671.61  2101.5
32.2705 442.261 842.458 1266.91 1675.59 2106.51
32.2705 443.304 844.446 1269.91 1679.59 2111.48
32.2705 444.344 846.426 1272.89 1683.59 2116.48
32.2705 445.391 848.426 1275.89 1687.56 2121.46
32.2705 446.391  850.43  1278.9 1691.54 2126.46
32.2705 447.391 852.433  1281.9 1695.53 2131.47
32.3458 448.391 854.433  1284.9 1699.48 2136.44
32.3458 449.436 856.433  1287.9 1703.44 2141.44
32.4183 450.444 858.353  1290.9 1707.44 2146.44
32.4923 451.471 860.353  1293.9 1711.44 2151.34
32.4923 452.514 862.341  1296.9 1715.44 2156.31
32.5668 453.514 864.319  1299.9 1719.44 2161.26
32.6414 454.514 866.319 1302.88 1723.44 2166.21
32.6414 455.514 868.318 1305.88 1727.44  2171.2
32.7159 456.514 870.318 1308.86 1731.39  2176.2
32.7159 457.559  872.31 1311.86 1735.35  2181.2
32.7879 458.567  874.23 1314.86 1739.35  2186.2
32.8625 459.567  876.23 1317.86  1743.3 2191.17
32.8625 460.611  878.23 1320.86 1747.27 2196.17
32.9365 461.611 880.209 1323.86 1751.27 2201.12
32.9365 462.611 882.212 1326.86 1755.25 2206.13
33.0097 463.638 884.212 1329.86 1759.25 2211.03
33.0828 464.666 886.212 1332.86 1763.25 2215.93
33.1568 465.666 888.212 1335.84  1767.2 2220.93
33.1568 466.708   890.2 1338.84  1771.2  2225.9
33.1568 467.747 892.181 1341.82  1775.2  2230.9
33.1568 468.791 894.173 1344.82 1779.16  2235.9
33.1568 469.836 896.173 1347.82 1783.13 2240.89
33.2293 470.864 898.173 1350.82 1787.13 2245.79
33.2293 471.908 900.173 1353.81 1791.09 2250.79
 33.302 472.908 902.141 1356.77 1795.09 2255.79
 33.375 473.908  904.12 1359.77 1799.09 2260.74
33.4481 474.908  906.12 1362.75 1803.09 2265.69
33.4481 475.949 908.108 1365.75 1807.09 2270.66
33.4481 476.949 910.108 1368.76 1811.07 2275.66
33.5211 477.949 912.108 1371.76 1815.03 2280.63
33.5918 478.957  914.03 1374.76 1819.03 2285.63
33.6645 479.957  916.03 1377.74 1823.03 2290.58
33.7376 480.957  918.03 1380.74 1826.99 2295.55
33.7376     482 920.022 1383.74 1830.95 2300.55
33.8081 483.007 921.944 1386.74 1834.95 2305.55
33.8081 484.046 923.926 1389.72 1838.95 2310.55
33.8798 485.072 925.926 1392.72 1842.85 2315.55
33.9507 486.087 927.926 1395.63 1846.85 2320.55
33.9507 487.132 929.926 1398.63 1850.82 2325.54
 34.023 488.132 931.905 1401.63 1854.82 2330.49
34.0948 489.132 933.873 1404.59 1858.82 2335.49
34.0948 490.176 935.873 1407.59 1862.79 2340.48
34.1662 491.203 937.873 1410.59 1866.69 2345.48
34.2386 492.203 939.873 1413.59 1870.65 2350.45
34.3107 493.203 941.873 1416.57 1874.65  2355.4
34.3107 494.203 943.873 1419.58 1878.63  2360.4
34.3828 495.203 945.873 1422.56 1882.58  2365.4
34.4527  496.21 947.796 1425.56 1886.58  2370.4
 34.524 497.236 949.796 1428.56 1890.48  2375.4
 34.524 498.236 951.794 1431.57 1894.48  2380.4
 34.524 499.274 953.776 1434.55 1898.48  2385.4
34.5958 500.274 955.776 1437.53 1902.43  2390.4
34.6667   501.3 957.776 1440.53 1906.33  2395.4
34.6667   502.3 959.774 1443.53 1910.33  2400.4
34.7376 503.326 961.774 1446.53 1914.23  2405.4
34.7376 504.326 963.776 1449.55 1918.22  2410.4
34.8085 505.326 965.745 1452.51 1922.22  2415.4
34.8085  506.37 967.745 1455.51 1926.19 2420.38
 34.879 507.396 969.745 1458.51 1930.19 2425.29
 34.879 508.396 971.743 1461.51 1934.19 2430.28
 34.879 509.437 973.743 1464.51 1938.15 2435.28
 34.879  510.48 975.735 1467.51 1942.11 2440.28
 34.879 511.517 977.717 1470.49 1946.11 2445.28
 34.879 512.554 979.699 1473.47 1950.11 2450.28
34.9481 513.568 981.699 1476.39 1954.11 2455.28
35.0166 514.575 983.624 1479.39 1958.11 2460.28
35.0872 515.575 985.624 1482.37 1962.06 2465.28
35.0872 516.615 987.624 1485.36 1966.06 2470.26
35.0872 517.615 989.624 1488.37 1970.05 2475.26
35.0872 518.615 991.626 1491.38 1974.03 2480.26
35.1573 519.615 993.609 1494.38 1977.98 2485.26
35.1573 520.654 995.609 1497.37 1981.98 2490.23
35.2275 521.654 997.609 1500.37 1985.94 2495.21
35.2275 522.654 999.611 1503.38 1989.92 2500.21
35.2275 523.654 1001.61 1506.38 1993.91 2505.21
35.2973 524.654 1003.61 1509.36 1997.86 2510.21
35.3655 525.668 1005.61 1512.28 2001.86 2515.21
35.3655 526.711 1007.61 1515.28 2005.83  2520.2
35.4346 527.711 1009.58 1518.24 2009.83  2525.2
35.5027 528.725 1011.58 1521.16 2013.83  2530.2
35.5703 529.731 1013.51 1524.16 2017.83  2535.2
35.6398 530.731 1015.51 1527.14 2021.83 2540.16
35.7089 531.731 1017.48  1530.1 2025.83 2545.16
35.7787 532.731 1019.48  1533.1 2029.79 2550.13
35.7787  533.77 1021.47  1536.1 2033.79  2555.1
 35.848  534.77 1023.47 1539.08 2037.79 2560.05
35.9174  535.77 1025.45 1542.08 2041.79 2565.01
35.9853 536.784 1027.45 1544.99 2045.79 2570.01
35.9853 537.784 1029.45    1548 2049.77 2575.01
36.0546 538.784 1031.45 1550.98 2053.77 2579.96
36.0546 539.826 1033.45 1553.98 2057.74 2584.95
 36.123  540.85 1035.45 1556.98 2061.74 2589.85
 36.123  541.85 1037.45 1559.99 2065.73 2594.85
 36.123 542.889 1039.44 1562.99 2069.73 2599.83
 36.123 543.889 1041.44    1566 2073.72 2604.83
 36.123 544.889 1043.44 1569.01 2077.72 2609.82
36.1912 545.889 1045.41 1571.97 2081.72 2614.82
36.2579 546.895 1047.34 1574.97 2085.72 2619.82
36.3258  547.92 1049.34 1577.97 2089.62 2624.82
36.3258 548.955 1051.32 1580.95 2093.62 2629.82
36.3943 549.955 1053.32 1583.93 2097.57 2634.82
36.4624 550.955 1055.29  1586.9 2101.57 2639.82
36.5309 551.955 1057.29 1589.88 2105.52 2644.82
36.5996 552.955 1059.29 1592.88 2109.48  2649.8
 36.668 553.955 1061.29 1595.86 2113.48 2654.75
36.7346 554.961 1063.22 1598.86 2117.48 2659.75
36.7346 556.001 1065.21 1601.86 2121.45 2664.75
36.8029 557.001 1067.21 1604.83 2125.45  2669.7
36.8708 558.001 1069.18  1607.8 2129.45  2674.7
36.8708 559.001 1071.18 1610.81 2133.43 2679.71
36.9393 560.001 1073.18 1613.81 2137.39 2684.68
37.0075 561.001 1075.18 1616.79 2141.34 2689.68
37.0758 562.001 1077.18 1619.77 2145.29 2694.68
37.0758 563.036 1079.16 1622.75 2149.29 2699.68
37.0758  564.07 1081.14 1625.73 2153.29 2704.68
37.1431 565.094 1083.14 1628.73 2157.29 2709.59
 37.211 566.094 1085.14 1631.71 2161.29 2714.55
 37.279 567.094 1087.13 1634.71 2165.24 2719.55
 37.279 568.094 1089.13 1637.71 2169.23 2724.55
37.3462 569.118 1091.13 1640.71 2173.23 2729.46
37.3462 570.118 1093.13 1643.71 2177.22 2734.47
37.3462 571.152 1095.12 1646.69 2181.22 2739.47
37.3462 572.152 1097.11  1649.7 2185.22 2744.47
37.4123 573.165 1099.11 1652.62 2189.22 2749.47
37.4123 574.204 1101.11 1655.61 2193.19 2754.47
37.4797 575.204 1103.11  1658.6 2197.14 2759.47
37.4797 576.204 1105.12  1661.6 2201.12 2764.48
37.4797 577.241  1107.1  1664.6 2205.12 2769.45
 37.547 578.241  1109.1  1667.6 2209.08 2774.43
 37.547 579.241 1111.11 1670.61 2213.07 2779.43
 37.547 580.241 1113.11 1673.61 2217.06 2784.43
 37.547 581.275 1115.09  1676.6 2221.06 2789.43
 37.547 582.309 1117.07 1679.58 2225.06 2794.43
37.6135 583.309 1119.05 1682.58 2229.06 2799.39
37.6802 584.309 1121.05 1685.56 2233.01 2804.39
37.6802 585.348 1123.05 1688.56 2236.98 2809.38
37.7463 586.348 1125.02 1691.53 2240.98 2814.38
37.7463 587.348 1127.02 1694.53 2244.98 2819.37
37.8109 588.354 1128.95 1697.53 2248.98 2824.37
37.8767 589.377 1130.95 1700.53 2252.98 2829.28
37.9427 590.377 1132.92 1703.49 2256.98 2834.28
37.9427 591.415 1134.92 1706.49 2260.95 2839.28
38.0077 592.427 1136.92 1709.41 2264.95 2844.28
 38.074 593.427 1138.91 1712.41  2268.9 2849.28
 38.074 594.463 1140.91  1715.4  2272.9 2854.26
 38.074 595.463 1142.91 1718.41 2276.88 2859.26
 38.074 596.463 1144.91 1721.42 2280.87 2864.26
38.1382 597.469 1146.84 1724.42 2284.87 2869.26
38.1382 598.469 1148.84 1727.42 2288.87 2874.26
38.1382 599.469 1150.83 1730.43 2292.87 2879.26
 38.204 600.469 1152.83 1733.43 2296.83 2884.23
 38.204 601.469 1154.83 1736.43 2300.83 2889.23
38.2696 602.469 1156.83 1739.41 2304.83 2894.19
38.2696 603.469 1158.83 1742.41 2308.82  2899.2
 38.335 604.469 1160.83 1745.39 2312.82 2904.15
38.4001 605.469 1162.81 1748.35 2316.82 2909.15
38.4001 606.507 1164.81 1751.35  2320.8 2914.14
38.4001 607.507 1166.81 1754.36 2324.78 2919.14
38.4001 608.545  1168.8 1757.36 2328.75 2924.14
 38.464 609.557  1170.8 1760.28 2332.75 2929.14
38.5278  610.57  1172.8 1763.21 2336.75 2934.14
38.5278  611.57  1174.8 1766.22 2340.74 2939.14
38.5278  612.57  1176.8 1769.22 2344.73 2944.15
38.5911 613.575 1178.73 1772.22 2348.73 2949.15
38.5911  614.61 1180.72 1775.22 2352.73 2954.13
38.6561  615.61 1182.72 1778.22 2356.69  2959.1
38.6561 616.645 1184.71 1781.22 2360.69 2964.08
38.6561 617.682 1186.71 1784.22 2364.66 2969.08
38.6561 618.718 1188.69 1787.22 2368.66 2974.05
38.6561 619.753 1190.69 1790.21 2372.66 2979.03
38.7201 620.753 1192.67 1793.17 2376.66 2984.03
38.7201 621.788 1194.65 1796.17 2380.66    2989
38.7844 622.788 1196.65 1799.15 2384.62    2994
38.7844 623.788 1198.66 1802.15 2388.61 2999.01
38.8469 624.793 1200.59 1805.15 2392.61 3004.01
38.9112 625.793 1202.59 1808.15 2396.57 3008.99
38.9112 626.831 1204.59 1811.15 2400.54 3013.98
38.9752 627.831 1206.59 1814.13 2404.54 3018.93
 39.038 628.843 1208.59 1817.06 2408.54 3023.93
 39.038 629.881 1210.59 1820.06 2412.51 3028.92
39.1019 630.881 1212.57 1823.06 2416.51 3033.88
39.1019 631.881 1214.57 1826.07  2420.5 3038.88
39.1645 632.893 1216.57 1828.99  2424.5 3043.88
39.2278 633.915 1218.57 1831.99 2428.42 3048.88
39.2278 634.952 1220.57 1834.99 2432.39 3053.87
39.2278 635.952 1222.57    1838 2436.39 3058.86
39.2278 636.952 1224.57    1841 2440.38 3063.87
39.2278 637.952 1226.57    1844 2444.38 3068.87
39.2278 638.988 1228.56    1847 2448.35 3073.87
39.2907 639.988 1230.53 1849.96 2452.35 3078.87
39.2907 641.023 1232.53 1852.95 2456.35 3083.85
39.2907 642.059 1234.53 1855.95 2460.32 3088.85
39.3535 643.059  1236.5 1858.92 2464.32 3093.85
39.3535 644.093  1238.5 1861.91 2468.32 3098.82
39.4159 645.115  1240.5 1864.91 2472.24 3103.82
39.4789 646.115  1242.5 1867.89 2476.24 3108.78
39.4789 647.115  1244.5  1870.9 2480.23 3113.78
39.5412 648.137  1246.5  1873.9 2484.23  3118.7
39.6036 649.158  1248.5  1876.9 2488.14  3123.7
39.6036 650.158  1250.5  1879.9 2492.13 3128.71
 39.666 651.158 1252.47 1882.86 2496.13 3133.71
39.7289 652.158 1254.46 1885.86 2500.09 3138.71
39.7916 653.158 1256.44 1888.86 2504.09 3143.66
39.7916 654.158 1258.44 1891.86 2508.08 3148.67
39.8537  655.18 1260.44 1894.86 2511.99 3153.67
39.9166  656.18 1262.44 1897.86 2515.96 3158.65
 39.979  657.18 1264.41 1900.83 2519.96 3163.65
 39.979 658.215 1266.41 1903.82 2523.93 3168.65
 39.979 659.249 1268.41 1906.81 2527.93 3173.62
 39.979 660.249 1270.41 1909.81 2531.92 3178.63
40.0402 661.261 1272.41 1912.74 2535.92 3183.63
40.0402 662.292  1274.4 1915.72 2539.92 3188.63
40.1025 663.292 1276.38 1918.72 2543.92 3193.59
40.1637 664.304 1278.38 1921.65 2547.92 3198.59
40.1637 665.304 1280.38 1924.65 2551.91  3203.6
40.2258 666.304 1282.38 1927.63 2555.91 3208.56
40.2881 667.304 1284.38 1930.61 2559.86 3213.56
40.2881 668.335 1286.37 1933.59 2563.86 3218.56
40.3499 669.335 1288.34 1936.56 2567.86 3223.56
40.3499 670.335 1290.34 1939.57 2571.85 3228.56
40.4103  671.34 1292.28 1942.57 2575.85 3233.56
40.4103 672.372 1294.26 1945.55 2579.85 3238.56
40.4712 673.383 1296.26 1948.48 2583.85 3243.56
 40.533 674.383 1298.24 1951.48 2587.85 3248.51
40.5944 675.404 1300.24 1954.48 2591.77 3253.51
40.6562 676.404 1302.24 1957.46 2595.77 3258.47
 40.717 677.416 1304.24 1960.39 2599.77 3263.47
 40.717 678.449 1306.23 1963.39 2603.77 3268.45
40.7789 679.449 1308.23 1966.37 2607.72 3273.45
40.7789 680.449 1310.23 1969.37 2611.72 3278.45
40.8408 681.449 1312.23 1972.37 2615.69 3283.42
40.8408 682.449 1314.23 1975.38 2619.67 3288.43
40.8408 683.484 1316.23 1978.37 2623.64 3293.43
40.9008 684.488 1318.16 1981.37 2627.64 3298.43
40.9008 685.521 1320.16 1984.36 2631.64 3303.41
40.9008 686.557 1322.16 1987.36 2635.62  3308.4
40.9623 687.557 1324.16 1990.36 2639.58 3313.37
41.0222 688.562  1326.1 1993.36 2643.58 3318.37
41.0222 689.562  1328.1 1996.37 2647.58 3323.37
41.0824 690.573  1330.1 1999.29 2651.58 3328.37
41.0824 691.606  1332.1 2002.28 2655.58 3333.35
41.0824 692.606  1334.1 2005.28 2659.57 3338.36
41.0824 693.639  1336.1 2008.27 2663.57 3343.33
41.1435 694.639  1338.1 2011.27 2667.54 3348.31
41.1435 695.639  1340.1 2014.28 2671.54 3353.31
41.2029 696.643 1342.03 2017.28 2675.54 3358.31
41.2638 697.643 1344.03 2020.26 2679.54 3363.27
41.2638 698.674 1346.02 2023.24 2683.54 3368.27
41.3241 699.694 1348.02 2026.24 2687.54 3373.19
41.3241 700.729 1350.02 2029.24 2691.51 3378.18
41.3241 701.764 1352.02 2032.24 2695.49 3383.17
41.3241 702.799 1354.01 2035.24 2699.46 3388.17
41.3241 703.834 1356.01 2038.24 2703.44 3393.16
41.3845 704.834 1358.01 2041.22 2707.44 3398.12
41.4449 705.834 1359.99 2044.22 2711.39 3403.12
41.4449 706.867 1361.99 2047.21 2715.36 3408.12
 41.505 707.867 1363.97 2050.18 2719.36 3413.12
 41.505 708.898 1365.95 2053.17 2723.36 3418.12
 41.505 709.932 1367.95 2056.17 2727.34 3423.12
 41.505 710.966 1369.94 2059.17 2731.31 3428.12
 41.505     712 1371.93 2062.17 2735.28 3433.12
41.5647     713 1373.91 2065.13 2739.28 3438.12
41.5647 714.033 1375.89 2068.13 2743.28 3443.09
41.6246 715.033 1377.89 2071.11 2747.28 3448.05
41.6844 716.033 1379.88 2074.11 2751.28 3453.01
41.6844 717.063 1381.86  2077.1 2755.28 3458.01
41.6844 718.063 1383.86  2080.1 2759.27 3463.01
41.6844 719.063 1385.86  2083.1 2763.26 3468.02
41.7442 720.063 1387.86  2086.1 2767.23    3473
41.7442 721.095 1389.85  2089.1 2771.23 3477.98
41.8038 722.095 1391.84  2092.1 2775.23 3482.93
 41.863 723.095 1393.81 2095.07 2779.23 3487.93
41.9226 724.095 1395.81 2098.05 2783.23 3492.89
41.9823 725.095 1397.81 2101.05 2787.19 3497.87
42.0419 726.095 1399.81 2104.03 2791.15 3502.87
42.1001   727.1 1401.75 2107.03 2795.15 3507.87
42.1001   728.1 1403.75 2110.04 2799.14 3512.87
42.1001 729.132 1405.75 2113.03 2803.14 3517.85
42.1594 730.132 1407.75 2116.01 2807.14 3522.81
42.1594 731.162 1409.73    2119 2811.14 3527.81
42.2178 732.173 1411.73 2121.93 2815.14 3532.81
42.2771 733.173 1413.73 2124.91  2819.1 3537.81
42.2771 734.206 1415.73  2127.9 2823.07 3542.81
42.2771 735.206 1417.73 2130.91 2827.07 3547.81
42.3364 736.206 1419.73 2133.91 2831.04 3552.78
42.3364 737.206 1421.73 2136.91 2835.02 3557.79
42.3364 738.238 1423.72 2139.91 2839.02 3562.77
42.3954 739.238  1425.7 2142.91 2842.98 3567.77
42.3954 740.238 1427.71 2145.91 2846.97 3572.78
42.3954 741.271 1429.71 2148.91 2850.94 3577.78
42.4544 742.271 1431.71 2151.91 2854.91 3582.75
42.5131 743.271 1433.69 2154.91 2858.91 3587.71
42.5721 744.271 1435.69 2157.91 2862.87 3592.69
42.6304  745.29 1437.69 2160.91 2866.87 3597.61
42.6304  746.29 1439.69 2163.92 2870.86 3602.61
42.6304  747.29 1441.69 2166.92 2874.86 3607.61
42.6304  748.29 1443.68 2169.92 2878.86 3612.61
42.6885  749.31 1445.68 2172.92 2882.79 3617.61
42.6885  750.31 1447.69 2175.92 2886.78 3622.62
42.6885 751.341 1449.68 2178.92 2890.78  3627.6
42.6885 752.341 1451.68 2181.93 2894.77  3632.6
42.7468 753.341 1453.66 2184.93 2898.77 3637.56
42.8038 754.346  1455.6 2187.93 2902.77 3642.56
42.8608  755.35 1457.54 2190.93 2906.77 3647.56
42.8608  756.35 1459.54 2193.93 2910.76 3652.56
42.9186 757.369 1461.54 2196.93 2914.68 3657.56
42.9186 758.369 1463.54 2199.94 2918.67 3662.56
42.9186 759.399 1465.52 2202.92 2922.67 3667.56
42.9186  760.43 1467.51 2205.92 2926.67 3672.54
42.9186  761.43 1469.51 2208.92 2930.66 3677.55
42.9186 762.459  1471.5 2211.91 2934.66 3682.55
42.9766 763.459  1473.5 2214.91 2938.63 3687.53
42.9766 764.459  1475.5 2217.91 2942.63 3692.53
42.9766 765.489 1477.49 2220.91 2946.63 3697.51
 43.034 766.489 1479.46 2223.88 2950.63 3702.51
43.0914 767.489 1481.44 2226.85 2954.63 3707.51
43.1491 768.489 1483.44 2229.83 2958.63 3712.47
43.2055 769.494 1485.38 2232.83 2962.63 3717.47
43.2629 770.494 1487.35  2235.8 2966.63 3722.47
43.3193 771.498 1489.29  2238.8 2970.63 3727.47
 43.377 772.498 1491.27  2241.8 2974.63 3732.43
43.4334 773.503 1493.21  2244.8 2978.63 3737.43
43.4334 774.535  1495.2  2247.8  2982.6 3742.43
43.4334 775.567  1497.2 2250.79 2986.58 3747.43
43.4334 776.598 1499.19 2253.79 2990.58 3752.41
43.4334  777.63 1501.19 2256.79 2994.55 3757.41
43.4909  778.63 1503.19 2259.79 2998.52 3762.38
43.5474  779.64 1505.19 2262.72 3002.52 3767.38
43.6048  780.64 1507.19 2265.71 3006.48 3772.38
43.6048 781.673 1509.19 2268.71 3010.46 3777.37
43.6616 782.692 1511.19 2271.71 3014.38 3782.37
43.6616 783.692 1513.18 2274.71 3018.38 3787.37
43.7188 784.692 1515.18 2277.69 3022.38 3792.34
43.7761 785.692 1517.18 2280.67 3026.34 3797.34
43.7761 786.722 1519.17 2283.67 3030.34 3802.32
43.7761 787.722 1521.17 2286.68 3034.34 3807.32
43.7761 788.753 1523.16 2289.68 3038.34  3812.3
43.7761 789.783 1525.16 2292.67 3042.34 3817.28
43.7761 790.815 1527.16 2295.66 3046.31 3822.28
43.7761 791.845 1529.16 2298.65 3050.31 3827.25
43.8326 792.845 1531.14 2301.62 3054.31 3832.25
43.8326 793.877 1533.14 2304.62 3058.29 3837.24
43.8326 794.877 1535.13 2307.62 3062.29 3842.24
43.8326 795.877 1537.13 2310.62 3066.28 3847.25
43.8893 796.877 1539.13 2313.62 3070.25 3852.23
43.8893 797.907 1541.13 2316.61 3074.25 3857.21
43.8893 798.907 1543.13 2319.62 3078.24 3862.21
43.9457 799.907 1545.12 2322.62 3082.24 3867.17
44.0023 800.907 1547.12 2325.62 3086.21 3872.15
44.0584 801.907 1549.09 2328.59 3090.21 3877.15
44.1146 802.907 1551.07 2331.56 3094.21 3882.15
44.1711 803.907 1553.07 2334.54 3098.17 3887.15
44.1711 804.935 1555.05 2337.53 3102.17 3892.15
44.1711 805.967 1557.05 2340.53 3106.14 3897.14
44.1711 806.999 1559.05 2343.53 3110.12 3902.13
44.2264  808.01 1561.05 2346.46 3114.12 3907.13
44.2264 809.042 1563.05 2349.46  3118.1 3912.12
44.2825 810.042 1565.04 2352.46 3122.06 3917.12
44.3374 811.046 1566.98 2355.46 3126.06 3922.12
44.3937 812.046 1568.98 2358.46 3130.02 3927.09
44.4498 813.046 1570.98 2361.44 3134.02 3932.06
44.5057 814.046 1572.95 2364.41 3138.02 3937.06
44.5618 815.046 1574.94 2367.41 3141.98 3942.06
44.5618 816.076 1576.93 2370.41 3145.98 3947.04
44.5618 817.076 1578.93 2373.42 3149.98 3952.04
44.5618 818.076 1580.93 2376.42 3153.97 3957.04
44.5618 819.106 1582.92 2379.42 3157.97 3962.02
44.5618 820.106 1584.92 2382.43 3161.96 3967.02
44.6167 821.116 1586.92 2385.36 3165.96 3972.02
44.6167 822.147 1588.91 2388.36 3169.94 3977.02
44.6167 823.175  1590.9 2391.35 3173.94 3982.02
44.6167 824.205  1592.9 2394.34 3177.94    3987
44.6719 825.223  1594.9 2397.34 3181.87    3992
44.6719 826.252  1596.9 2400.33 3185.87 3996.98
44.6719 827.282 1598.89 2403.33 3189.87 4001.96
44.7272 828.282 1600.87 2406.33 3193.87 4006.93
44.7827 829.282 1602.87 2409.31 3197.83 4011.93
44.8383 830.282 1604.87 2412.31 3201.79  4016.9
44.8383 831.282 1606.87 2415.32 3205.79  4021.9
44.8932   832.3 1608.87 2418.32 3209.79 4026.83
44.9486   833.3 1610.85 2421.32 3213.75 4031.83
44.9486 834.331 1612.85 2424.31 3217.73 4036.83
45.0038 835.331 1614.85 2427.29 3221.73 4041.79
45.0583 836.341 1616.85 2430.23 3225.73 4046.79
45.1136 837.341 1618.85 2433.21 3229.69 4051.79
45.1688 838.341 1620.83 2436.21 3233.69 4056.76
45.2241 839.341 1622.82 2439.21 3237.69 4061.72
45.2794 840.341  1624.8 2442.21 3241.65 4066.72
45.3347 841.341 1626.78 2445.21 3245.65 4071.68
45.3347 842.341 1628.78 2448.22 3249.64 4076.69
45.3894 843.359 1630.78 2451.22 3253.64 4081.61
45.4448 844.359 1632.78 2454.22 3257.61 4086.59
45.5001 845.359 1634.78  2457.2 3261.57 4091.59
45.5553 846.359 1636.77  2460.2 3265.53 4096.59
45.6105 847.359 1638.77 2463.18 3269.53 4101.55
45.6105 848.359 1640.77 2466.19 3273.52 4106.56
45.6105 849.359 1642.77 2469.19 3277.51 4111.57
45.6655 850.359 1644.75 2472.19 3281.51 4116.53
45.7207 851.359 1646.75 2475.17 3285.47 4121.53
45.7207 852.359 1648.75 2478.17 3289.46 4126.54
45.7207 853.386 1650.74 2481.16 3293.46 4131.54
45.7207 854.386 1652.74 2484.16 3297.45 4136.54
45.7207 855.386 1654.74 2487.17 3301.45 4141.54
45.7756 856.386 1656.74 2490.17 3305.42 4146.52
45.7756 857.415 1658.74 2493.16 3309.42  4151.5
45.8304 858.415 1660.72 2496.16 3313.38  4156.5
45.8852 859.415 1662.71 2499.16 3317.34  4161.5
45.8852 860.445 1664.71 2502.15 3321.31  4166.5
45.9398 861.445 1666.69 2505.15 3325.31 4171.46
45.9398 862.472 1668.68 2508.14 3329.31 4176.46
45.9398 863.472 1670.67 2511.14 3333.31 4181.46
45.9398 864.472 1672.67 2514.15  3337.3 4186.46
45.9939 865.489 1674.67 2517.15 3341.23 4191.46
46.0482 866.489 1676.65 2520.12 3345.23 4196.46
46.0482 867.519 1678.64 2523.12 3349.21 4201.46
46.1027 868.519 1680.64 2526.12 3353.18 4206.44
46.1027 869.549 1682.64 2529.12 3357.15 4211.44
46.1571 870.549 1684.62 2532.12 3361.11 4216.44
46.2114 871.549  1686.6 2535.12 3365.11 4221.41
46.2654 872.567  1688.6 2538.12 3369.11 4226.33
46.2654 873.567  1690.6 2541.12 3373.11 4231.33
46.2654 874.597  1692.6 2544.12 3377.09 4236.32
46.3188 875.607  1694.6 2547.06 3381.09 4241.32
46.3188 876.607  1696.6 2550.06 3385.08 4246.33
46.3188 877.637  1698.6 2553.06 3389.06 4251.32
46.3725 878.655  1700.6 2556.06 3392.99 4256.32
46.3725 879.684  1702.6 2559.06 3396.97 4261.32
46.4266 880.684  1704.6 2562.04 3400.93 4266.32
46.4802 881.701  1706.6 2565.04 3404.86 4271.32
46.5338 882.719  1708.6 2568.04 3408.79 4276.32
46.5879 883.719  1710.6 2571.03 3412.75 4281.32
 46.642 884.719  1712.6 2574.01 3416.71 4286.32
 46.642 885.719  1714.6 2577.01  3420.7 4291.33
 46.642 886.745 1716.59    2580  3424.7 4296.33
46.6955 887.763 1718.59    2583 3428.63 4301.33
 46.749  888.78 1720.59    2586 3432.63 4306.26
 46.749 889.808 1722.58    2589 3436.63 4311.24
 46.749 890.808 1724.58    2592 3440.62 4316.24
 46.749 891.838 1726.57    2595  3444.6 4321.24
46.8023 892.855 1728.57    2598  3448.6 4326.17
46.8023 893.883 1730.56    2601  3452.6 4331.15
46.8023 894.883 1732.56 2604.01  3456.6 4336.15
46.8023 895.913 1734.56 2607.01 3460.58 4341.14
46.8023 896.943 1736.55 2610.01 3464.55 4346.14
 46.855 897.953 1738.55 2612.94 3468.55 4351.14
 46.855 898.953 1740.56 2615.95 3472.55 4356.14
 46.908  899.97 1742.56 2618.95 3476.55 4361.07
 46.908 900.998 1744.56 2621.94 3480.55 4366.05
46.9612 901.998 1746.53 2624.91 3484.55 4371.05
47.0146 902.998 1748.53  2627.9 3488.51 4376.05
47.0146 903.998 1750.53  2630.9  3492.5 4381.05
47.0679 904.998 1752.53 2633.89 3496.46 4386.05
47.0679 906.027 1754.53 2636.88 3500.44 4391.05
47.1212 907.027 1756.53 2639.87  3504.4 4396.05
47.1746 908.027 1758.53 2642.87 3508.37 4401.03
47.2274 909.044 1760.53 2645.87  3512.3 4406.03
47.2796 910.048 1762.48 2648.87  3516.3 4411.03
47.2796 911.076 1764.47 2651.87  3520.3 4416.01
47.2796 912.103 1766.46 2654.87  3524.3 4420.99
47.3325 913.103 1768.43 2657.84  3528.3 4425.99
47.3325 914.131 1770.43 2660.84  3532.3 4430.97
47.3855 915.131 1772.41 2663.84  3536.3 4435.94
47.4387 916.131 1774.41 2666.84 3540.27 4440.92
47.4387 917.131 1776.41 2669.84 3544.26 4445.92
47.4387 918.131 1778.41 2672.84 3548.25 4450.93
47.4916 919.131 1780.39 2675.84 3552.21 4455.93
47.5447 920.131 1782.39 2678.84 3556.18 4460.91
47.5968  921.14 1784.39 2681.78 3560.18 4465.91
 47.649  922.15 1786.39 2684.72 3564.18 4470.91
 47.649  923.15 1788.39 2687.73 3568.17 4475.91
 47.702  924.15 1790.39 2690.73 3572.14 4480.89
47.7538 925.153 1792.34 2693.73 3576.14 4485.89
47.8067 926.153 1794.34 2696.71  3580.1 4490.89
47.8588 927.163 1796.34 2699.65  3584.1 4495.89
47.8588 928.188 1798.33 2702.64  3588.1 4500.89
47.9112 929.205 1800.33 2705.64 3592.03 4505.89
 47.964 930.205 1802.31 2708.64 3596.03 4510.85
 48.016 931.215 1804.31 2711.58 3600.03 4515.85
48.0688 932.215 1806.31 2714.56 3604.03 4520.82
48.1215 933.215 1808.29 2717.53 3608.03 4525.82
48.1743 934.215 1810.29 2720.51 3611.99 4530.82
48.2271 935.215 1812.27 2723.51 3615.99 4535.78
48.2799 936.215 1814.25 2726.51 3619.99 4540.75
48.2799 937.244 1816.25 2729.51 3623.97 4545.74
48.3316 938.247  1818.2 2732.51 3627.97 4550.74
48.3316 939.274 1820.19 2735.51 3631.97 4555.72
48.3843 940.274 1822.19  2738.5 3635.93 4560.72
48.3843 941.274 1824.19  2741.5 3639.93 4565.72
48.3843 942.274 1826.19  2744.5 3643.92 4570.73
 48.437 943.274 1828.19  2747.5 3647.89 4575.71
 48.437 944.274 1830.19 2750.51 3651.88 4580.71
 48.437   945.3 1832.18  2753.5 3655.88 4585.71
 48.437   946.3 1834.18  2756.5 3659.87 4590.71
 48.437 947.329 1836.18  2759.5 3663.85  4595.7
48.4891 948.329 1838.16 2762.47 3667.85  4600.7
48.5416 949.329 1840.16 2765.47 3671.82 4605.68
48.5938 950.329 1842.13 2768.45 3675.82 4610.68
48.6461 951.329 1844.12 2771.45 3679.82 4615.65
48.6461 952.329 1846.11 2774.45 3683.82 4620.65
 48.698 953.345 1848.11 2777.45 3687.75 4625.65
 48.698 954.345 1850.11 2780.45 3691.74 4630.65
 48.698 955.345 1852.11 2783.46 3695.73 4635.66
 48.698 956.345 1854.11 2786.46 3699.73 4640.66
48.7502 957.345 1856.11 2789.46  3703.7 4645.63
48.7502 958.372 1858.11 2792.45  3707.7 4650.62
48.8023 959.372  1860.1 2795.45 3711.66 4655.62
48.8023 960.372 1862.09 2798.45 3715.66 4660.62
48.8023 961.372  1864.1 2801.46 3719.65 4665.62
48.8543 962.372  1866.1 2804.44 3723.65 4670.58
48.9059 963.388  1868.1 2807.44 3727.65 4675.51
48.9575 964.404  1870.1 2810.44 3731.59 4680.51
49.0084 965.408 1872.04 2813.44 3735.59 4685.51
49.0084 966.408 1874.04 2816.44 3739.58 4690.52
49.0084 967.408 1876.04 2819.44 3743.58 4695.52
49.0592 968.411 1877.98 2822.44 3747.58 4700.52
49.1101 969.415 1879.93 2825.44 3751.58 4705.52
49.1619 970.415 1881.93 2828.43 3755.54 4710.52
49.2138 971.415 1883.93 2831.41  3759.5 4715.52
49.2656 972.415 1885.91 2834.41  3763.5 4720.49
49.3171 973.431 1887.91 2837.41  3767.5 4725.42
49.3171 974.459 1889.91 2840.41 3771.48 4730.42
49.3685 975.475 1891.91 2843.41 3775.48 4735.35
49.4203 976.475 1893.89 2846.41 3779.48 4740.32
49.4721 977.475 1895.88 2849.41 3783.45 4745.32
49.5239 978.475 1897.88  2852.4 3787.45 4750.28
49.5239 979.475 1899.88  2855.4 3791.44 4755.29
49.5239 980.475 1901.88  2858.4 3795.43  4760.3
49.5239 981.475 1903.88  2861.4 3799.42  4765.3
49.5239 982.499 1905.87 2864.39 3803.42  4770.3
49.5239 983.527 1907.87 2867.39  3807.4  4775.3
 49.575 984.543 1909.87 2870.39  3811.4 4780.23
49.6258 985.551 1911.87 2873.33  3815.4 4785.23
49.6772 986.551 1913.84  2876.3  3819.4 4790.23
49.6772 987.551 1915.84  2879.3  3823.4 4795.23
49.6772 988.576 1917.83 2882.29  3827.4 4800.23
49.6772 989.576 1919.83 2885.29 3831.39 4805.23
49.7278 990.585 1921.83 2888.23 3835.39 4810.23
49.7791 991.585 1923.81 2891.23 3839.39  4815.2
49.7791 992.612 1925.81 2894.23 3843.37  4820.2
49.8305 993.612 1927.81 2897.23 3847.34 4825.18
49.8819 994.612 1929.81 2900.23 3851.31 4830.16
49.9333 995.612 1931.79 2903.23 3855.27 4835.16
49.9333  996.64 1933.79 2906.23 3859.25 4840.16
49.9838 997.648 1935.79 2909.17 3863.25 4845.16
49.9838 998.676 1937.78 2912.17 3867.23 4850.16
 50.035 999.676 1939.76 2915.17 3871.23 4855.12
50.0861 1000.68 1941.75 2918.17 3875.23 4860.09
50.0861  1001.7 1943.75 2921.17 3879.21 4865.09
50.1363 1002.71 1945.69 2924.17 3883.21 4870.09
50.1875 1003.71 1947.69 2927.15 3887.17 4875.09
50.1875 1004.73 1949.69 2930.15 3891.15 4880.09
50.2386 1005.73 1951.69 2933.13 3895.15 4885.05
50.2897 1006.73 1953.69 2936.12 3899.11 4890.05
50.2897 1007.73 1955.69 2939.12 3903.11 4895.05
50.2897 1008.76 1957.69 2942.12 3907.11 4900.04
50.3407 1009.76 1959.67 2945.12 3911.07 4905.04
50.3407 1010.76 1961.67 2948.12 3915.06 4910.04
50.3407 1011.79 1963.67 2951.12 3919.04 4915.04
50.3916 1012.79 1965.67  2954.1 3923.04 4920.01
50.3916 1013.79 1967.67  2957.1 3927.03 4925.02
50.3916 1014.81 1969.66  2960.1 3931.03    4930
50.4414 1015.81 1971.61  2963.1 3935.03    4935
50.4414 1016.84  1973.6  2966.1 3939.03 4939.98
50.4921 1017.84 1975.59  2969.1 3942.99 4944.98
50.4921 1018.87 1977.59 2972.09 3946.99 4949.97
50.4921 1019.89 1979.59 2975.09 3950.98 4954.96
50.5429 1020.89 1981.59 2978.09 3954.95 4959.94
50.5429 1021.92 1983.58 2981.09 3958.92 4964.94
50.5429 1022.95 1985.57 2984.09 3962.92 4969.92
50.5429 1023.95 1987.57  2987.1 3966.92 4974.92
50.5429 1024.95 1989.57 2990.11 3970.91 4979.92