2.33333 2.33333       3 2.33333       5       6
3.85507 3.33333 4.95652 3.85507       9      11
3.85507 4.33333 7.45835 5.80094      13 16.5523
3.85507 5.83183 9.45835 7.80695 17.4955 21.5523
3.85507 6.83183 11.4584 9.80639 21.9763 27.0721
3.85507 8.23851 13.4584 11.8255 25.9763 32.6463
3.85507 9.23851 15.4584 13.8399  30.401 38.2072
4.32034 10.2385  17.324 16.8399 34.0701 43.2072
4.32034  11.578  19.324  19.043 38.5275 48.2072
4.80898  12.578  21.324 21.1968  42.885 53.2072
5.30753  13.882  23.324 23.3943  46.885 58.2072
5.70916 14.9325  25.324 26.3943 50.4329 63.2072
6.13968 15.9325  27.324 29.3943  54.236 67.9735
6.13968 17.2483 29.5806 31.8219  58.236 72.9735
6.58645 18.2483 31.5806 34.1375 62.4737 77.9735
7.03321 19.2483 33.5806 36.4531 66.7113 82.9735
7.43157 20.2483 35.4826 39.4531 70.7113 87.6732
7.43157 21.4904 37.4826 41.8733  75.049 92.6732
7.79828 22.5508 39.4826 44.8733  79.049  97.246
7.79828 23.7833 41.4826 47.3258  83.049 102.561
7.79828 24.7833  43.492 50.3258 87.0718 107.529
8.17452  25.979  45.492 52.7538 91.0718 112.529
8.51339  26.979 47.3778 55.7538 94.8471 117.529
8.51339 28.1944 49.3778 58.2656 99.1199 122.529
8.83872 29.1944 51.2647 61.2656 102.908 127.529
8.83872 30.1944 53.2665 64.2656 106.926 132.509
8.83872 31.4208   55.43 66.8757 110.926 137.509
8.83872 32.4208 57.5634 69.4497 114.926 142.801
9.10704  33.405 59.3109 72.4497 118.926 147.801
9.10704  34.405 61.4402 75.0508 123.196 152.801
 9.4145  35.405 63.4402 77.5846 127.196  157.96
 9.4145 36.5095 65.4402 80.5846 131.164 162.888
 9.4145 37.6139 67.4402 83.5846 135.132 167.815
9.70327 38.6139 69.4402 86.1484 139.132 172.963
9.70327 39.8069 71.5856   88.81 143.132 177.963
9.95512 40.8401 73.5856   91.81 146.846 182.963
10.2344 41.9857 75.5856 94.3852 150.846 187.963
10.5142 42.9857 77.5856  96.966 154.846 193.102
10.7782 43.9857 79.5856  99.966 158.734  197.95
11.0399 44.9857 81.5179 102.966 162.734 202.756
11.3187 45.9857 83.5179 105.566 166.734 207.877
 11.598 46.9857 85.5179 108.172 170.849 212.877
 11.598 48.1387 87.5179 110.826 175.042 217.877
11.8487 49.1791 89.5179 113.826 179.042 222.586
11.8487 50.1791 91.6196 116.499 183.042 227.812
11.8487 51.1791 93.6196  119.15 187.207 232.996
12.0955 52.1791 95.6196  122.15 191.107 237.849
12.3405 53.1791 97.5565  125.15 195.107 242.667
12.3405 54.3356 99.6782 127.872 199.107 247.667
12.5727 55.3578 101.678 130.872 202.852 252.667
12.8144 56.3578 103.678 133.872 206.753 257.525
13.0523 57.3578 105.603 136.872  210.59 262.525
13.3054 58.3578 107.603 139.526  214.59 267.617
13.5452 59.3578 109.541 142.526  218.59 272.439
13.7982 60.3578 111.541 145.189 222.674 277.439
14.0513 61.3578 113.541 147.852 226.758 282.439
14.0513 62.4837 115.541 150.565 230.919 287.439
14.0513 63.4837 117.634 153.292 235.101 292.439
14.0513 64.4837 119.639 156.292 239.109 297.425
14.0513 65.4837  121.73 159.023 243.288 302.425
14.2875 66.4837  123.73 161.696 247.378 307.425
14.5052 67.4967  125.73 164.696 251.147 312.425
14.5052 68.4967  127.73  167.41 255.285 317.573
14.5052 69.4967 129.735  170.41 259.294 322.559
14.5052 70.6087 131.735 173.137 263.294  327.72
14.7178 71.6087 133.665 176.137 267.151  332.72
14.7178 72.6087  135.67 179.137 271.157  337.71
14.7178 73.6087 137.753 181.888 275.322  342.71
14.9201 74.6208 139.753 184.888 279.108  347.71
14.9201 75.7292 141.753 187.634 283.253  352.71
15.1346 76.8177 143.753 190.331 287.253  357.71
15.1346 77.9261 145.753 193.078 291.398  362.71
15.1346 78.9261 147.753 195.813 295.526 367.848
15.3327 79.9261 149.687 198.813 299.394 372.848
15.5205 80.9051 151.521 201.813 303.394 377.848
15.7291 81.9051 153.521 204.526 307.472 382.848
 15.917 82.8834 155.354 207.526 311.472 387.848
 15.917 83.9832 157.354 210.279 315.472 392.994
 15.917  85.039 159.333 213.279 319.438 397.994
  16.12  86.039 161.333     216 323.438 403.071
16.3227 87.1207 163.333 218.715 327.438 408.071
16.5181 88.1207 165.333 221.715 331.358 412.955
16.5181 89.1755 167.312 224.715 335.324 417.955
16.5181 90.2744 169.312 227.484 339.456 422.955
16.5181 91.3331 171.312 230.484 343.437 427.916
 16.703 92.3559 173.312 233.484 347.437 432.708
 16.703 93.3559 175.312 236.248  351.55 437.831
16.8874 94.3559 177.247 239.248 355.431 442.831
17.0822 95.3559 179.292 242.009 359.431 447.831
17.0822 96.4086 181.271 245.009 363.399 452.831
17.2632   97.43 183.271 248.009 367.399 457.628
17.2632 98.4823  185.25 251.009 371.367 462.628
17.4423  99.504  187.25 254.009 375.367 467.427
17.4423 100.504  189.25 256.788 379.474 472.542
17.6221 101.504 191.201 259.788 383.474 477.411
17.8081 102.576 193.201  262.53 387.474 482.411
17.8081 103.576   195.2  265.53 391.483 487.403
17.9868 104.576   197.2  268.53 395.412 492.295
17.9868 105.576 199.199  271.53 399.422 497.286
18.1607 106.596 201.199  274.53 403.422 502.092
18.1607 107.682 203.199 277.328 407.422 507.209
18.3428 108.682 205.237 280.108 411.422 512.209
18.3428 109.731 207.217 283.108 415.392 517.209
18.3428 110.731 209.217 286.108 419.401   522.2
18.5117 111.751 211.217 289.108 423.401 527.011
 18.689 112.751 213.217 291.877 427.455 532.011
 18.689 113.751 215.275 294.694 431.581 537.011
 18.689 114.834 217.275   297.5 435.691 542.011
18.8578 115.834 219.275   300.5 439.626 546.907
18.8578 116.834 221.331 303.317 443.626 552.034
18.8578 117.885 223.331 306.317 447.614 556.996
19.0218 118.885 225.273 309.317 451.507 561.996
19.0218 119.885 227.274 312.317 455.516 566.986
19.0218 120.885 229.274 315.125 459.612 572.084
19.1896 121.885 231.274 317.904 463.665 577.084
19.1896 122.885 233.327 320.727 467.665 582.207
19.3505 123.885 235.284 323.727 471.665  587.09
19.5168 124.885 237.284 326.508 475.717  592.09
19.5168 125.885 239.284 329.508 479.727  597.08
19.5168 126.885 241.284 332.508 483.736 602.071
19.6798 127.944 243.284 335.285 487.736 607.071
19.8346 128.951 245.284 338.285 491.575 612.071
19.8346 129.994 247.267 341.285 495.549 617.071
19.8346 130.994 249.318 344.116 499.549 622.189
19.9871 132.001 251.318 347.116 503.389 627.189
19.9871 133.076 253.318 349.942 507.488 632.189
19.9871 134.076 255.318 352.761 511.576 637.282
19.9871 135.076 257.318 355.761 515.584 642.274
19.9871 136.117 259.301 358.761 519.559 647.274
19.9871 137.117 261.351 361.597 523.559  652.39
20.1413 138.174 263.351 364.385 527.559  657.39
20.1413 139.218  265.34 367.385 531.559 662.356
20.2883 140.235  267.34 370.385 535.559 667.192
20.2883 141.235 269.341 373.385 539.566 672.185
20.2883 142.279 271.341 376.385 543.554 677.153
20.4402 143.279 273.372 379.202 547.554 682.153
20.5805 144.262 275.248 382.202 551.554 687.153
20.5805 145.302 277.232 385.202  555.53 692.153
20.7299 146.357 279.232 387.998  559.53 697.153
20.7299 147.399 281.222 390.998  563.53  702.12
20.8744 148.399 283.182 393.998  567.53 707.015
21.0226 149.453 285.182 396.796  571.53 712.015
21.0226 150.453  287.23 399.645 575.634 717.015
21.1661 151.453 289.191 402.645 579.634 721.911
21.3068  152.46 291.191 405.645 583.486 726.911
21.4475 153.467 293.191 408.645 587.339 731.911
21.5902 154.467 295.141 411.645 591.246 736.911
21.5902 155.543 297.197 414.513 595.246 741.911
21.5902 156.585 299.197 417.513 599.234 746.881
21.5902 157.585 301.242 420.366 603.234 751.984
21.7349 158.585 303.242 423.182 607.234 757.023
21.8728 159.592 305.242 426.182 611.089 762.023
21.8728 160.632 307.232 429.182 615.089 766.992
22.0159 161.683 309.232 431.989 619.089 771.992
 22.153  162.69 311.232 434.989 622.945 776.992
 22.296  163.74 313.232 437.796 626.945 781.992
22.4299 164.723 315.114 440.796 630.945 786.992
22.5735 165.723 317.114 443.617 634.945 792.028
22.7175 166.723 319.138 446.448 638.945 797.028
22.7175 167.764 321.138 449.448 642.931 802.001
22.8602 168.764 323.138  452.27 646.931 807.036
23.0028 169.764 325.138 455.092 650.967 812.036
23.1421 170.764 327.138 458.092  654.91 816.954
23.2784  171.77 329.138 461.092 658.768 821.954
23.4117 172.753 331.022 464.092 662.768 826.954
23.5535 173.799 333.022 466.903 666.768 831.954
23.6908 174.812 335.022 469.903 670.768 836.804
23.6908 175.849 337.009 472.903 674.745 841.804
23.6908 176.919  339.06 475.782 678.745 846.804
23.6908  177.99 341.111  478.66 682.745 851.804
23.8247 178.996 343.111  481.66 686.605 856.804
23.9651 179.996 345.133 484.498 690.605 861.804
 24.105 180.996 347.133 487.327 694.636 866.804
 24.105 181.996 349.133 490.327  698.64   871.8
 24.105 183.057 351.133 493.184  702.64 876.881
24.2403 184.057 353.133 496.184 706.583 881.802
24.3745 185.057 355.088 499.184 710.494 886.802
24.5086 186.057 357.043 502.184 714.405 891.802
24.5086 187.116 359.043 505.045 718.405 896.882
24.5086 188.152  361.03 508.045 722.382 901.882
24.5086 189.189 363.021 511.045 726.382 906.854
24.5086 190.189 365.062 513.919 730.467 911.854
24.6399 191.189 367.018 516.919  734.38 916.854
24.6399 192.189 369.018  519.78 738.445 921.929
24.7737 193.233 371.018 522.602 742.445 926.929
24.9053 194.233 373.018 525.602 746.389 931.853
25.0359 195.233 374.974 528.602 750.302 936.853
25.1665 196.233 376.929 531.602 754.216 941.853
25.1665 197.233 378.929 534.466 758.279 946.926
25.1665 198.268 380.917 537.466 762.256 951.926
25.2942 199.273 382.917 540.466 766.123 956.926
25.4218 200.279 384.917 543.466 769.989 961.926
25.4218 201.279 386.953 546.341 773.989 967.015
25.5461 202.263 388.845 549.341 777.989 972.015
25.6704 203.247 390.737 552.341 781.989 977.015
25.8018 204.288 392.737 555.169 785.989 982.015
25.9343 205.288 394.754  558.02 789.989 987.015
25.9343 206.345 396.754 560.894 794.058 992.015
26.0631 207.345 398.754 563.894 798.002 996.942
26.0631   208.4 400.754 566.764 802.002 1002.02
26.0631 209.456 402.754 569.634 806.002 1007.09
26.0631 210.491 404.754 572.634 809.987 1012.07
26.1926 211.491 406.754 575.478 813.987  1017.1
26.3186 212.491 408.711 578.478 817.904  1022.1
26.3186 213.491  410.71 581.478 821.905  1027.1
26.4449 214.491  412.71 584.478 825.849 1032.03
26.5712 215.491  414.71 587.478 829.794 1036.96
26.6994 216.531  416.71 590.311 833.794 1041.96
26.6994 217.586  418.71 593.189  837.86 1046.96
26.8246 218.586 420.674 596.189  841.86 1051.87
26.9521 219.625 422.674 599.023  845.86 1056.87
27.0806 220.625 424.689 601.879  849.86 1061.87
27.0806 221.625 426.726 604.766 853.936 1066.87
27.0806 222.625 428.726 607.639 857.993 1071.94
27.0806 223.625  430.76 610.522 861.993 1077.02
27.1998  224.61 432.656 613.522 865.993 1082.02
27.3261  225.61 434.656 616.371 869.993 1087.04
27.4519 226.648 436.656 619.207 873.993 1092.04
27.4519 227.708 438.699 622.104 877.993 1097.04
27.5748 228.708 440.664 625.104 881.993 1101.96
27.6935 229.693  442.56 628.104 885.993 1106.96
27.8192 230.693  444.56 630.954 889.993 1111.98
27.9421 231.693 446.524 633.954 893.993 1116.89
27.9421 232.724 448.513 636.954 897.974 1121.89
28.0672 233.724 450.513 639.807 901.996 1126.89
28.0672 234.776 452.513 642.686 905.996 1131.96
28.0672 235.809 454.513 645.686 909.982 1136.94
28.1844 236.794 456.411 648.686 913.982 1141.94
28.1844 237.846 458.411 651.569 918.045 1146.94
28.3079 238.846 460.411 654.423 922.045 1151.97
28.3079 239.877 462.398 657.423 926.026 1156.97
28.3079 240.909 464.386 660.423 930.007 1161.97
 28.428 241.909 466.386 663.423 933.955  1166.9
 28.428 242.909 468.385 666.423 937.957  1171.9
28.5499 243.909 470.385 669.279 941.957 1176.92
 28.672 244.909 472.398 672.143 945.957 1181.92
 28.672 245.941 474.398 675.143 949.943  1186.9
 28.672 246.991 476.398 678.026 953.943 1191.97
 28.672 247.991 478.428 680.916 957.943 1197.05
 28.672 249.042 480.428 683.803 962.005 1202.05
28.7919 250.042 482.428 686.661 966.026 1207.05
28.9092 251.042 484.394 689.661 970.026 1211.97
 29.029 252.042 486.394  692.52 974.048 1216.97
29.1467 253.042 488.394  695.52 977.996  1221.9
29.1467 254.099 490.433 698.424 981.996  1226.9
 29.266 255.099 492.433 701.283 985.996 1231.92
 29.266 256.129 494.421 704.283 989.978 1236.92
29.3808 257.133 496.421 707.283 993.859 1241.92
29.4975 258.133 498.421 710.283 997.808 1246.86
29.4975 259.133 500.421 713.168 1001.86 1251.92
29.4975 260.133 502.421 716.052 1005.91 1256.98
29.6113 261.137 504.421 719.052 1009.79 1261.98
29.7268 262.137 506.387 722.052 1013.79  1266.9
29.8446 263.137 508.387 724.913 1017.79 1271.92
29.9624 264.137 510.387 727.776 1021.81 1276.92
30.0802 265.137 512.387 730.638 1025.81 1281.94
 30.196 266.137 514.387 733.638 1029.76 1286.88
30.3114 267.137 516.353 736.638 1033.76  1291.8
30.3114 268.191 518.391 739.545 1037.76  1296.8
30.4249 269.195 520.391 742.545 1041.65  1301.8
30.4249 270.242 522.391 745.434 1045.65 1306.86
30.5418 271.242 524.391 748.299 1049.66 1311.86
30.5418 272.242 526.424 751.199 1053.73 1316.86
30.6544 273.246 528.424 754.199 1057.62 1321.86
30.6544 274.275 530.414 757.199 1061.62 1326.84
30.7706 275.275 532.426  760.07 1065.62 1331.84
30.8847 276.275 534.426  763.07 1069.57 1336.78
30.9948  277.26 536.331  766.07 1073.57 1341.78
31.1108  278.26 538.331 768.937 1077.58 1346.78
31.2267  279.26 540.331 771.803 1081.58  1351.8
31.2267  280.26 542.331 774.692 1085.63 1356.86
31.3384 281.263 544.331 777.692 1089.52 1361.86
31.3384 282.263 546.331 780.582 1093.57 1366.92
31.4478 283.248 548.237 783.582 1097.57 1371.92
31.5629 284.248 550.237  786.45 1101.58 1376.92
31.5629 285.248 552.265 789.348 1105.58 1381.99
31.6743 286.255 554.265 792.348 1109.58 1386.87
31.6743 287.255 556.265 795.239 1113.63 1391.93
31.6743 288.283 558.256 798.239 1117.63 1396.92
31.7884 289.283 560.266 801.114 1121.63 1401.92
31.9017 290.314 562.266  803.97 1125.63 1406.92
31.9017 291.366 564.303 806.882 1129.63 1411.92
31.9017 292.412 566.303 809.779 1133.69 1416.92
32.0129 293.412 568.303 812.779 1137.64 1421.85
32.0129 294.412  570.33 815.679 1141.64 1426.93
32.0129  295.44  572.33 818.679 1145.63 1431.91
32.1221 296.448  574.33 821.679 1149.63 1436.79
32.2343 297.448  576.33  824.55 1153.64 1441.79
32.2343 298.476  578.33  827.55 1157.63 1446.78
32.3437 299.476 580.293  830.55 1161.56 1451.78
32.3437 300.503 582.283  833.55 1165.54 1456.78
32.3437 301.554 584.318 836.464 1169.54 1461.78
32.3437 302.604 586.354 839.378 1173.54 1466.78
32.3437 303.632 588.345 842.378 1177.54 1471.76
32.4535 304.662 590.345 845.237 1181.54 1476.76
32.4535 305.662 592.345 848.132 1185.59 1481.82
32.5581 306.648 594.255 851.132 1189.59 1486.82
32.5581 307.698  596.29 854.047 1193.59 1491.82
32.6672 308.729  598.29 856.908 1197.59 1496.82
32.6672 309.755  600.28 859.908 1201.57 1501.82
32.6672 310.755  602.31 862.815 1205.64 1506.82
32.6672 311.799  604.31 865.712 1209.64 1511.88
32.7733 312.799 606.273 868.712 1213.57 1516.88
32.8795 313.799 608.237 871.712  1217.5 1521.88
32.8795 314.842 610.237  874.61  1221.5 1526.94
32.8795  315.87 612.237  877.61 1225.48 1531.92
32.8795 316.914 614.237 880.513 1229.54 1536.92
32.8795 317.964 616.271 883.429 1233.54 1541.92
 32.986 318.994 618.271 886.292 1237.54 1546.92
33.0926 320.025 620.271 889.155 1241.54 1551.92
33.0926 321.025   622.3 892.064  1245.6 1556.92
33.1973 322.025 624.269 895.064  1249.6 1561.85
33.1973 323.053 626.269 898.064 1253.59 1566.83
33.1973  324.08  628.26 901.064 1257.59 1571.81
33.1973  325.08 630.289 903.973 1261.65 1576.81
33.3029  326.08 632.289  906.85 1265.65 1581.83
33.3029 327.124 634.289 909.754  1269.7 1586.83
33.4083 328.124 636.289 912.632 1273.72 1591.83
33.5132 329.154 638.289 915.497 1277.72 1596.83
33.6153 330.157 640.289 918.497 1281.61 1601.83
33.6153 331.157 642.288 921.497 1285.61 1606.83
33.7205 332.157 644.298 924.381 1289.61 1611.83
33.8255 333.157 646.298  927.26 1293.63 1616.83
33.8255 334.157 648.324 930.166 1297.63  1621.9
33.8255 335.157 650.353 933.077 1301.69  1626.9
33.8255 336.199 652.353 935.978 1305.69 1631.96
33.8255 337.225 654.345 938.978 1309.69 1636.94
33.9271 338.225  656.31 941.978 1313.62 1641.94
34.0261 339.212 658.224 944.978 1317.62 1646.94
34.0261 340.212 660.224 947.878 1321.67 1651.99
34.0261 341.212 662.249 950.786 1325.67 1657.06
34.1291 342.212 664.249 953.665 1329.67 1662.08
34.1291 343.253 666.249 956.566 1333.67 1667.14
34.2298 344.253 668.215 959.566  1337.6 1672.14
34.3305 345.253  670.18 962.566 1341.53 1677.14
34.3305 346.296  672.18 965.473 1345.59 1682.14
34.4331 347.296  674.19  968.36 1349.59 1687.14
34.4331 348.296 676.215 971.268 1353.59  1692.2
34.4331 349.321 678.205 974.268 1357.57  1697.2
34.5335 350.321 680.205 977.268 1361.52 1702.15
34.6353 351.321 682.205 980.151 1365.54 1707.15
34.7342 352.324 684.205 983.151 1369.44 1712.15
34.7342 353.349 686.196 986.151 1373.42 1717.15
34.7342 354.374 688.187 989.151 1377.41 1722.15
34.8336 355.374 690.157 992.151 1381.41 1727.08
34.9349 356.374 692.157 995.035 1385.42 1732.08
34.9349 357.414 694.157 997.939 1389.42 1737.13
34.9349 358.414 696.184 1000.85 1393.48 1742.13
 35.033 359.421 698.184 1003.85 1397.48 1747.03
35.1336 360.421 700.184 1006.74 1401.48 1752.04
35.2318 361.428 702.184 1009.74 1405.48 1756.94
35.2318 362.428 704.211 1012.65 1409.54 1761.94
35.3293 363.431 706.211 1015.65 1413.44 1766.94
35.4276 364.431 708.178 1018.65 1417.37 1771.94
35.4276 365.455 710.169 1021.65 1421.36 1776.94
35.5272 366.483 712.169 1024.52 1425.36 1781.94
35.5272 367.483 714.192 1027.44 1429.36    1787
35.6253 368.483 716.163 1030.44 1433.36 1791.93
35.7233 369.483 718.134 1033.44 1437.36 1796.87
35.8216 370.483 720.134 1036.44 1441.31 1801.81
35.8216 371.522 722.134 1039.34 1445.31 1806.87
35.8216 372.522 724.134 1042.25 1449.36 1811.92
35.8216 373.522 726.158 1045.16 1453.36 1816.98
35.8216 374.547 728.158 1048.16 1457.34 1821.97
35.8216 375.547 730.181 1051.07 1461.34 1827.03
35.9158 376.534   732.1 1054.07 1465.34 1832.03
36.0125 377.534 734.071 1057.07 1469.34 1836.96
36.0125 378.559 736.071 1060.07 1473.33 1841.95
36.1105 379.559 738.071 1062.96 1477.33 1846.97
36.2068 380.559 740.038 1065.96 1481.27 1851.97
36.2068 381.597 742.038 1068.87 1485.27 1857.02
36.3045 382.597 744.038 1071.76 1489.27 1862.03
36.4023 383.597 746.038 1074.64 1493.27 1867.05
36.4985 384.597 748.009 1077.64 1497.27 1871.98
36.5959 385.624 750.009 1080.52 1501.27 1876.98
36.5959 386.648 752.009 1083.52 1505.26 1881.97
36.6918 387.648  753.98 1086.52 1509.26  1886.9
36.6918 388.692 756.011 1089.45 1513.26  1891.9
36.6918 389.716 758.002 1092.45 1517.26 1896.89
36.7875 390.716 760.002 1095.45 1521.22 1901.83
36.8846 391.716 762.002 1098.33 1525.23 1906.83
36.8846 392.716 764.002 1101.24 1529.27 1911.88
36.8846 393.754 766.002 1104.15 1533.27 1916.94
36.9807  394.78 768.002 1107.03 1537.27 1921.94
36.9807 395.804 769.994 1110.03 1541.27 1926.92
36.9807 396.828 771.986 1113.03 1545.27 1931.91
37.0752 397.828 773.958 1116.03 1549.27 1936.84
37.0752 398.866 775.958 1118.94 1553.27 1941.89
37.1709 399.866 777.958 1121.83 1557.28 1946.89
37.2663 400.892 779.958 1124.71 1561.28 1951.89
37.2663 401.892 781.958 1127.62 1565.32 1956.94
37.2663 402.915 783.949 1130.62 1569.31 1961.94
37.2663 403.939  785.94 1133.62 1573.31 1966.93
37.2663 404.939 787.963 1136.54 1577.31 1971.99
37.2663 405.977 789.963 1139.45 1581.35 1976.99
37.3605 407.003 791.963 1142.33 1585.35 1981.99
37.4529  408.01 793.963 1145.33 1589.35 1986.89
37.5453 409.016 795.963 1148.33 1593.35 1991.79
37.5453 410.016 797.961 1151.33 1597.35 1996.79
37.5453 411.055 799.961 1154.25  1601.4 2001.79
 37.639  412.08 801.961 1157.13  1605.4 2006.79
 37.639 413.104 803.952 1160.13 1609.38 2011.79
 37.639 414.128 805.952 1163.13 1613.37 2016.78
37.7305 415.134 807.952 1166.13 1617.37 2021.68
37.8216 416.137 809.952 1169.13 1621.28 2026.68
37.9135 417.137  811.92 1172.13 1625.22 2031.68
37.9135 418.179 813.949 1175.06 1629.22 2036.68
37.9135 419.179 815.971 1177.98 1633.22 2041.74
38.0045 420.186 817.971 1180.98 1637.22 2046.64
38.0956 421.192 819.971 1183.98 1641.22 2051.54
38.1863 422.195 821.971 1186.98 1645.13 2056.54
38.2779 423.195 823.944 1189.98 1649.13 2061.48
38.2779 424.195 825.968  1192.9 1653.18 2066.48
38.3687 425.201 827.968  1195.9 1657.18 2071.38
38.4604 426.201 829.968  1198.9 1661.14 2076.33
38.4604 427.239 831.968 1201.82 1665.18 2081.33
38.4604 428.239 833.967 1204.82 1669.18 2086.33
38.4604 429.262 835.967 1207.82 1673.17 2091.32
38.5502 430.265 837.967 1210.82 1677.08 2096.32
38.5502 431.302 839.967 1213.74 1681.12 2101.32
38.6402 432.309 841.967 1216.74 1685.12 2106.22
38.6402 433.332 843.967 1219.74 1689.11 2111.21
38.7321 434.332 845.974 1222.64 1693.11 2116.21
38.7321 435.368 847.974 1225.56 1697.11 2121.26
 38.822 436.368 849.943 1228.56 1701.05 2126.26
38.9121 437.368 851.917 1231.56 1705.05 2131.19
38.9121 438.368 853.917 1234.47 1709.09 2136.24
39.0035 439.368 855.917 1237.37  1713.1 2141.24
39.0035  440.39 857.908 1240.37 1717.09 2146.24
39.0946  441.39 859.908 1243.27  1721.1 2151.24
39.1821 442.378 861.833 1246.27  1725.1 2156.24
39.1821 443.378 863.854 1249.19  1729.1 2161.29
39.2731 444.378 865.861 1252.09  1733.1 2166.29
39.2731 445.401 867.853 1255.09  1737.1 2171.28
39.2731 446.401 869.852 1258.09  1741.1 2176.28
39.3613 447.403 871.852 1261.09 1745.01 2181.28
39.4504 448.403 873.825 1264.09 1749.01 2186.22
39.5393 449.403 875.795 1267.09 1752.95 2191.22
39.5393 450.425 877.786 1270.09 1756.94 2196.22
39.5393 451.425  879.81 1273.02 1760.99 2201.22
39.6274 452.431  881.81 1276.02 1764.99 2206.12
39.6274 453.431  883.83 1278.94 1768.99 2211.18
39.7159 454.431 885.804 1281.94 1772.99 2216.12
39.8046 455.431 887.804 1284.94 1776.95 2221.07
39.8941 456.455 889.804 1287.83 1780.95 2226.07
39.8941 457.476 891.796 1290.83 1784.93 2231.07
39.8941 458.476 893.796 1293.75 1788.97 2236.11
  39.98 459.464 895.722 1296.75 1792.97 2241.11
 40.066 460.452 897.648 1299.75 1796.97 2246.11
 40.066 461.487 899.648 1302.67 1800.97 2251.16
40.1552 462.487 901.648 1305.57 1804.97 2256.17
40.2422 463.489 903.648 1308.57 1808.88 2261.17
40.3303 464.489 905.648 1311.57 1812.84 2266.12
40.4195 465.489 907.648 1314.47 1816.85 2271.12
40.5053 466.477 909.574 1317.47 1820.85 2276.12
40.5945 467.477 911.574 1320.37 1824.86 2281.12
40.6824 468.477 913.548 1323.37 1828.86 2286.06
40.6824 469.477 915.548 1326.29  1832.9  2291.1
40.7692 470.479 917.548 1329.29 1836.81  2296.1
40.7692 471.479  919.57 1332.22 1840.86  2301.1
40.7692 472.512  921.57 1335.14 1844.86 2306.15
40.8563 473.512  923.54 1338.14  1848.8 2311.15
40.8563 474.546  925.54 1341.06  1852.8 2316.19
40.8563 475.546 927.562 1343.99 1856.85 2321.19
40.9433 476.546 929.535 1346.99 1860.85 2326.13
41.0282 477.534 931.463 1349.99 1864.85 2331.13
41.1153 478.534 933.463 1352.99 1868.81 2336.08
41.2025 479.534 935.463 1355.99 1872.77 2341.04
41.2025 480.556 937.463 1358.99 1876.76 2346.02
41.2892 481.556 939.436 1361.99 1880.76 2350.96
41.2892 482.577 941.429 1364.99 1884.76 2355.95
41.3771 483.577 943.434  1367.9 1888.76 2360.95
41.3771 484.598 945.426  1370.9 1892.76 2365.94
41.3771  485.62 947.419  1373.9 1896.76 2370.92
41.4636  486.62 949.419  1376.9 1900.72 2375.87
41.5506 487.641 951.419 1379.79 1904.72 2380.87
41.5506 488.679 953.444 1382.73 1908.72 2385.87
41.6358 489.681 955.444 1385.73 1912.64 2390.87
41.6358 490.681 957.465 1388.66 1916.68 2395.87
41.7217 491.681  959.44 1391.66 1920.68 2400.81
41.7217 492.681 961.438 1394.66 1924.68 2405.82
41.8068 493.687 963.438 1397.66 1928.68 2410.72
41.8068 494.687 965.459 1400.59 1932.73 2415.72
41.8068 495.708 967.459 1403.59 1936.72 2420.71
41.8068 496.708 969.459 1406.52 1940.75 2425.75
41.8933 497.708 971.464 1409.43 1944.75 2430.75
41.9779 498.713 973.464 1412.43 1948.75 2435.66
41.9779 499.734 975.456 1415.43 1952.74 2440.66
41.9779 500.755 977.449 1418.43 1956.74 2445.65
42.0619 501.756 979.449 1421.43 1960.66 2450.65
42.0619 502.756  981.47 1424.36  1964.7 2455.65
42.0619 503.756  983.47 1427.28 1968.74 2460.69
42.1455 504.758  985.47 1430.28 1972.65 2465.69
42.2311 505.758  987.47 1433.19 1976.65  2470.7
42.2311 506.791  989.47 1436.12 1980.69  2475.7
42.2311 507.824  991.47 1439.04 1984.69 2480.74
 42.316 508.845  993.47 1441.94 1988.69 2485.74
 42.316 509.877  995.47 1444.86 1992.69 2490.79
42.4011 510.877  997.47 1447.77 1996.69  2495.8
42.4843 511.879  999.47 1450.77  2000.6  2500.8
42.4843 512.899 1001.46 1453.77 2004.59  2505.8
42.4843 513.931 1003.46 1456.69 2008.59 2510.84
42.4843 514.952 1005.46 1459.69 2012.58 2515.83
42.4843 515.986 1007.46 1462.62 2016.62 2520.83
42.5674 516.986 1009.43 1465.62 2020.57 2525.83
42.6502 517.991 1011.43 1468.62 2024.57 2530.74
42.6502 519.012 1013.43 1471.62 2028.56 2535.73
42.7333 520.012 1015.41 1474.62 2032.56 2540.67
42.8177 521.012 1017.41 1477.53 2036.56 2545.67
42.8177 522.033 1019.41 1480.53 2040.55 2550.66
42.9008 523.033 1021.41 1483.53 2044.51 2555.61
42.9008 524.066 1023.41 1486.46 2048.55 2560.61
42.9844 525.087 1025.41 1489.36 2052.55 2565.61
43.0672 526.087 1027.39 1492.36 2056.55 2570.55
43.0672 527.119 1029.39 1495.29 2060.59 2575.55
43.0672  528.14 1031.39 1498.29 2064.58 2580.54
43.1478 529.129 1033.32 1501.29 2068.58 2585.54
43.2314 530.129 1035.32  1504.2 2072.58 2590.55
43.3146  531.15 1037.32 1507.09 2076.58 2595.55
43.3983  532.15 1039.32    1510 2080.58 2600.55
43.4819  533.15 1041.32 1512.91 2084.58 2605.55
43.5656  534.15 1043.33 1515.82 2088.58 2610.55
43.5656  535.15 1045.33 1518.75 2092.62 2615.59
43.5656 536.181 1047.33 1521.68 2096.62 2620.63
43.5656 537.181 1049.35 1524.61 2100.62 2625.68
43.6476 538.181 1051.32 1527.61 2104.62 2630.62
43.6476 539.201 1053.31 1530.61  2108.6 2635.62
43.6476 540.221 1055.31 1533.61  2112.6 2640.61
43.7285 541.223 1057.31 1536.61 2116.51 2645.61
43.7285 542.243 1059.31 1539.61  2120.5 2650.61
43.8083 543.232 1061.24 1542.61  2124.5 2655.61
43.8083 544.232 1063.25 1545.54  2128.5 2660.66
43.8879  545.22 1065.19 1548.54  2132.5 2665.66
  43.97 546.241 1067.19 1551.44  2136.5 2670.66
44.0521 547.261 1069.19 1554.34  2140.5 2675.66
44.1346 548.261 1071.19 1557.25 2144.51 2680.66
44.1346 549.293 1073.19 1560.18 2148.54 2685.66
44.1346 550.313 1075.18 1563.18 2152.53 2690.66
44.2168 551.313 1077.18 1566.09 2156.54 2695.66
44.2978 552.313 1079.15 1569.09 2160.54  2700.6
44.2978 553.313 1081.17 1572.03 2164.58  2705.6
44.2978 554.343 1083.17 1574.96 2168.58 2710.65
44.2978 555.374 1085.17 1577.88 2172.58 2715.69
44.3767 556.363 1087.11 1580.88 2176.58 2720.69
44.4585 557.363 1089.11  1583.8 2180.58 2725.69
44.4585 558.383  1091.1  1586.8 2184.57 2730.69
44.4585 559.383 1093.12 1589.74 2188.62 2735.69
44.5387 560.383 1095.09 1592.74 2192.56 2740.69
44.6193 561.383 1097.09 1595.74 2196.53 2745.64
44.6998 562.383 1099.09 1598.74 2200.49  2750.6
44.6998 563.418 1101.12 1601.68 2204.49  2755.6
44.7798 564.418 1103.09 1604.68 2208.44  2760.6
44.8607 565.437 1105.09 1607.58 2212.44  2765.6
44.9411 566.437 1107.09 1610.58  2216.4 2770.55
45.0213 567.437 1109.06 1613.58  2220.4  2775.5
45.0213 568.457 1111.06 1616.58 2224.39  2780.5
45.0213 569.457 1113.05 1619.58 2228.39  2785.5
45.1014 570.457 1115.05 1622.58 2232.36 2790.45
45.1014 571.457 1117.07 1625.52  2236.4 2795.45
45.1014 572.476 1119.07 1628.52  2240.4 2800.44
45.1014 573.507 1121.07 1631.45 2244.44 2805.44
45.1804 574.512 1123.07 1634.45 2248.44 2810.36
45.2609 575.512 1125.07 1637.36 2252.44 2815.36
  45.34 576.517 1127.07 1640.36 2256.44 2820.28
  45.34 577.537 1129.06 1643.36 2260.44 2825.27
  45.34 578.567 1131.06 1646.29 2264.44 2830.31
45.4202 579.567 1133.06  1649.2 2268.44 2835.31
45.4202 580.567 1135.08 1652.14 2272.49 2840.31
45.4202 581.586 1137.07 1655.14 2276.47 2845.31
45.5001 582.586 1139.07 1658.06 2280.48 2850.31
45.5001 583.586 1141.07 1660.99 2284.51 2855.34
45.5001 584.605 1143.06 1663.99  2288.5 2860.34
45.5001 585.605 1145.06 1666.99  2292.5 2865.34
45.5001 586.605 1147.08 1669.92  2296.5 2870.39
45.5001 587.605  1149.1 1672.86  2300.5 2875.44
45.5001 588.634  1151.1 1675.79  2304.5 2880.48
45.5001 589.654  1153.1 1678.79 2308.49 2885.47
45.5001 590.654 1155.11 1681.73 2312.53 2890.47
45.5001 591.688 1157.14 1684.67 2316.53 2895.47
45.5001 592.722 1159.16 1687.62 2320.53 2900.47
45.5776 593.722 1161.13 1690.62 2324.48 2905.47
45.6562 594.722 1163.13 1693.54 2328.48 2910.47
45.6562 595.722 1165.13 1696.54 2332.49 2915.47
 45.733 596.723 1167.13 1699.54 2336.41 2920.47
 45.733 597.757 1169.16 1702.48 2340.41 2925.47
 45.733 598.787 1171.16 1705.41 2344.41 2930.51
 45.733 599.816 1173.16 1708.34 2348.41 2935.54
 45.733 600.847 1175.16 1711.28 2352.44 2940.54
45.8099 601.847 1177.13 1714.28 2356.44 2945.49
45.8864 602.852 1179.13 1717.28 2360.44 2950.41
45.8864 603.882 1181.13 1720.21 2364.48 2955.41
45.8864 604.882 1183.13 1723.15 2368.51 2960.45
45.9638 605.901 1185.13 1726.05 2372.51 2965.45
  46.04 606.906 1187.13 1729.05 2376.51 2970.36
  46.04 607.926 1189.13 1732.05  2380.5 2975.35
46.1172 608.945 1191.13 1734.95  2384.5 2980.35
46.1172 609.945 1193.13 1737.95  2388.5 2985.35
 46.192 610.934 1195.07 1740.95  2392.5 2990.35
46.2694 611.934 1197.07 1743.87  2396.5 2995.35
46.2694 612.934 1199.09 1746.81 2400.54 3000.35
46.2694 613.953 1201.08 1749.81 2404.53 3005.35
46.3456 614.953 1203.06 1752.81 2408.53  3010.3
46.3456 615.983 1205.06 1755.75 2412.56  3015.3
46.3456 617.001 1207.05 1758.75 2416.55  3020.3
46.3456 618.021 1209.05 1761.75 2420.54 3025.29
46.3456 619.021 1211.07 1764.69 2424.58 3030.29
46.4211 620.021 1213.04 1767.69 2428.54 3035.29
46.4211 621.054 1215.06 1770.64 2432.54 3040.29
46.4976 622.054 1217.06 1773.55 2436.54  3045.3
46.4976 623.054 1219.06 1776.49 2440.57 3050.33
46.4976 624.087 1221.08 1779.43 2444.57 3055.33
46.5738 625.087 1223.08 1782.35 2448.57 3060.33
46.5738  626.12 1225.11 1785.29 2452.57 3065.33
46.5738  627.12 1227.12 1788.23 2456.61 3070.33
46.5738  628.12 1229.14 1791.17 2460.61 3075.38
46.5738  629.12 1231.14 1794.17 2464.61 3080.38
46.6479 630.122 1233.14 1797.17 2468.54 3085.38
46.7237 631.122 1235.14 1800.09 2472.54 3090.38
46.7978 632.123 1237.14 1803.09 2476.47 3095.38
46.8711 633.113 1239.08 1806.09 2480.47 3100.38
46.8711 634.113 1241.09 1809.03 2484.51 3105.38
46.9443 635.103 1243.03 1812.03 2488.51 3110.38
46.9443 636.121 1245.03 1815.03 2492.51 3115.37
46.9443 637.121 1247.04 1817.97 2496.55 3120.37
47.0183 638.126 1249.04 1820.97 2500.55 3125.29
47.0923 639.131 1251.04 1823.97 2504.55 3130.21
47.1664 640.136 1253.04 1826.97 2508.55 3135.13
47.2418 641.136 1255.05 1829.89 2512.55 3140.13
47.2418 642.136 1257.05 1832.89 2516.55 3145.13
47.3162 643.136 1259.05 1835.89 2520.52 3150.09
47.3915 644.136 1261.05 1838.82 2524.52 3155.09
47.3915 645.136 1263.06 1841.76 2528.52 3160.13
47.3915 646.165 1265.06 1844.69 2532.55 3165.13
47.4658 647.165 1267.06 1847.69 2536.52 3170.09
47.4658 648.194 1269.06 1850.63 2540.55 3175.09
47.5406 649.194 1271.06 1853.55 2544.55  3180.1
47.6142 650.198 1273.06 1856.55 2548.55 3185.02
47.6875   651.2 1275.06 1859.55 2552.48 3190.02
47.7609 652.201 1277.06 1862.55  2556.4 3195.02
47.8357 653.201 1279.06 1865.47  2560.4 3200.03
47.8357 654.201 1281.06  1868.4 2564.43 3205.06
47.9102 655.219 1283.06 1871.31 2568.43 3210.06
 47.985 656.219 1285.07 1874.23 2572.43 3215.06
 47.985 657.237 1287.06 1877.23 2576.43 3220.05
48.0583 658.242 1289.06 1880.23 2580.43 3224.97
48.0583 659.242 1291.06 1883.17 2584.46 3230.01
48.1319 660.242 1293.04 1886.17 2588.46 3234.96
48.2052 661.247 1295.04 1889.17 2592.46 3239.88
48.2797 662.247 1297.04 1892.09 2596.46 3244.88
48.2797 663.275 1299.04 1895.03 2600.49 3249.88
48.3541 664.275 1301.04 1897.95  2604.5 3254.88
48.3541 665.275 1303.06 1900.89 2608.54 3259.88
48.3541 666.293 1305.06 1903.89 2612.53 3264.87
 48.427 667.298 1307.06 1906.89 2616.53 3269.79
48.5002 668.298 1309.04 1909.89 2620.48 3274.79
48.5735 669.298 1311.01 1912.89 2624.48 3279.74
48.6476 670.298 1313.01 1915.81 2628.49 3284.74
48.6476 671.315 1315.01 1918.81 2632.48 3289.74
48.6476 672.315    1317 1921.81 2636.48 3294.74
48.6476 673.315    1319 1924.81 2640.48 3299.74
48.7191 674.305 1320.94 1927.81 2644.48 3304.74
48.7921 675.305 1322.92 1930.81 2648.48 3309.69
48.8652 676.305 1324.92 1933.81 2652.45 3314.65
48.9377  677.31 1326.92 1936.81 2656.45 3319.57
49.0101 678.311 1328.92 1939.81 2660.38 3324.57
49.0832 679.311 1330.92 1942.81 2664.34 3329.53
49.0832 680.311 1332.92 1945.75 2668.37 3334.56
49.0832 681.339 1334.92 1948.69  2672.4 3339.56
49.0832 682.339 1336.94 1951.63 2676.44 3344.56
49.0832 683.356 1338.93 1954.63 2680.44 3349.55
49.0832 684.356 1340.93 1957.63 2684.44 3354.55
49.1552 685.361 1342.93 1960.63 2688.44 3359.48
49.2278 686.361 1344.93 1963.63 2692.41 3364.43
49.2996 687.362 1346.93 1966.63 2696.34 3369.43
49.3706 688.352 1348.87 1969.63 2700.34 3374.43
49.4424 689.353 1350.87 1972.63 2704.27 3379.43
49.4424 690.353 1352.87 1975.57 2708.29 3384.47
49.4424  691.37 1354.86 1978.57 2712.28 3389.47
49.4424  692.37 1356.88 1981.52 2716.28 3394.51
49.5139 693.371 1358.88 1984.52 2720.21 3399.51
49.5139 694.371 1360.88 1987.52 2724.21 3404.51
49.5139 695.388 1362.87 1990.52  2728.2 3409.51
49.5859 696.388 1364.87 1993.52 2732.17 3414.47
49.6576 697.388 1366.84 1996.52 2736.12 3419.47
  49.73 698.404 1368.84 1999.43 2740.12 3424.47
  49.73 699.404 1370.86 2002.37 2744.16 3429.47
49.8018 700.404 1372.84 2005.37 2748.16 3434.42
49.8734 701.404 1374.82 2008.37 2752.11 3439.42
49.9438 702.394 1376.76 2011.37 2756.11 3444.42
49.9438 703.411 1378.75 2014.37 2760.11 3449.41
49.9438 704.429 1380.75 2017.37 2764.11  3454.4
50.0154 705.429 1382.73 2020.37 2768.11 3459.35
50.0877 706.429 1384.73  2023.3 2772.11 3464.35
50.1592 707.429  1386.7  2026.3 2776.07 3469.35
50.1592 708.456  1388.7 2029.24  2780.1 3474.35
50.2305 709.456 1390.68 2032.24 2784.05 3479.35
 50.302 710.456 1392.66 2035.24 2788.05  3484.3
 50.302 711.483 1394.66 2038.18 2792.08  3489.3
50.3741 712.483 1396.66  2041.1 2796.09  3494.3
50.4456 713.483 1398.66  2044.1 2800.05 3499.26
50.4456 714.501 1400.66  2047.1 2804.05 3504.25
50.5155  715.49  1402.6  2050.1 2808.05 3509.25
50.5864 716.495  1404.6  2053.1 2812.05 3514.17
50.5864 717.522  1406.6 2056.05 2816.08 3519.17
50.6577 718.522  1408.6 2059.05 2820.05 3524.13
50.6577 719.522 1410.61 2061.99 2824.05 3529.17
50.7295 720.522 1412.61 2064.91 2828.05 3534.18
50.7295 721.522 1414.63 2067.86 2832.05 3539.22
50.7999 722.522 1416.63 2070.86 2835.97 3544.22
 50.871 723.522 1418.63 2073.86 2839.94 3549.18
 50.871  724.54 1420.63 2076.86 2843.94 3554.17
 50.871 725.557 1422.63 2079.86 2847.93 3559.16
50.9425 726.557 1424.63 2082.78 2851.93 3564.16
51.0129 727.561 1426.63 2085.78 2855.93 3569.09
51.0129 728.588 1428.63 2088.73 2859.96 3574.09
 51.083 729.589 1430.63 2091.73 2863.89 3579.09
 51.083 730.589 1432.64 2094.68 2867.92 3584.09
51.1544 731.589 1434.64  2097.6 2871.92 3589.09
51.1544 732.615 1436.64 2100.55 2875.95 3594.09
51.1544 733.615 1438.64 2103.55 2879.96 3599.09
51.2246 734.615 1440.62 2106.55 2883.91 3604.09
51.2246 735.632 1442.62 2109.55  2887.9 3609.08
51.2948 736.632 1444.59 2112.55 2891.86 3614.08
51.2948 737.658 1446.59 2115.49 2895.86 3619.11
51.2948 738.685 1448.59 2118.43 2899.89 3624.11
51.2948 739.714 1450.61 2121.38 2903.89 3629.11
51.2948  740.73  1452.6 2124.38 2907.88 3634.11
51.2948  741.73 1454.62 2127.33 2911.88 3639.15
51.2948  742.73 1456.62 2130.27  2915.9 3644.18
51.2948  743.76 1458.64 2133.22  2919.9 3649.18
51.2948 744.785 1460.64 2136.16  2923.9 3654.21
51.2948 745.802 1462.63 2139.16 2927.89 3659.21
51.3629 746.792 1464.57 2142.16 2931.89 3664.21
51.4327 747.808 1466.57 2145.08 2935.89 3669.21
51.4327 748.837 1468.59 2148.03 2939.89 3674.21
51.5028 749.837 1470.59 2150.96  2943.9 3679.21
51.5028 750.854 1472.59 2153.96  2947.9  3684.2
51.5725  751.87 1474.59 2156.87  2951.9  3689.2
51.6424  752.87 1476.59  2159.8  2955.9  3694.2
51.7103  753.86 1478.53  2162.8  2959.9  3699.2
51.7803  754.86 1480.53 2165.72 2963.91  3704.2
51.8494  755.86  1482.5 2168.72 2967.86  3709.2
51.9194  756.86  1484.5 2171.65 2971.86  3714.2
51.9194  757.86  1486.5 2174.65 2975.86  3719.2
51.9194 758.876  1488.5 2177.65 2979.86 3724.19
51.9884 759.876 1490.48 2180.65 2983.86 3729.14
52.0574 760.876 1492.45 2183.65 2987.82 3734.14
52.0574 761.902 1494.45 2186.59 2991.82 3739.18
 52.125 762.892 1496.39 2189.59 2995.82 3744.18
52.1936 763.896 1498.39 2192.59 2999.82  3749.1
52.2613 764.886 1500.34 2195.59 3003.82  3754.1
52.2613 765.912 1502.34 2198.54 3007.85  3759.1
52.2613 766.937 1504.34 2201.48 3011.85 3764.14
52.2613 767.966 1506.35 2204.43 3015.85 3769.14
52.3307 768.966 1508.36 2207.36 3019.85 3774.14
52.3988 769.967 1510.36 2210.36 3023.78 3779.14
52.3988 770.996 1512.37 2213.32 3027.78 3784.14
52.3988 772.012 1514.37 2216.32 3031.78 3789.13
52.4681 773.012 1516.37 2219.25 3035.78 3794.13
52.5373 774.012 1518.37 2222.17 3039.78 3799.13
52.6065 775.012 1520.37  2225.1 3043.78 3804.13
52.6065 776.028 1522.36  2228.1 3047.77 3809.13
 52.675 777.028 1524.36  2231.1 3051.74 3814.09
 52.675 778.028 1526.38 2234.05 3055.74 3819.13
 52.675 779.057  1528.4    2237 3059.74 3824.13
52.7439 780.057  1530.4 2239.93 3063.74 3829.13
52.7439 781.073 1532.39 2242.93 3067.73 3834.13
52.7439 782.073 1534.39 2245.93 3071.73 3839.13
52.7439 783.098 1536.39 2248.87 3075.73 3844.17
52.8119 784.098 1538.37 2251.87 3079.73 3849.12
52.8806 785.098 1540.37  2254.8 3083.73 3854.12
52.9484 786.098 1542.34  2257.8 3087.69 3859.12
53.0158 787.099 1544.34  2260.8 3091.62 3864.12
53.0158 788.115 1546.34  2263.8 3095.62 3869.11
53.0834 789.119 1548.34  2266.8 3099.62 3874.04
53.0834 790.144 1550.34 2269.75 3103.62 3879.07
53.1513 791.144 1552.34 2272.75 3107.59 3884.03
53.1513  792.17 1554.34 2275.69 3111.62 3889.03
53.1513 793.186 1556.34 2278.69 3115.61 3894.02
53.1513 794.212 1558.34 2281.64 3119.64 3899.02
53.2188 795.212 1560.32 2284.64 3123.64 3903.97
 53.287 796.212 1562.32 2287.57 3127.64 3908.98
53.3552 797.212 1564.32 2290.49 3131.64 3913.98
53.3552 798.212 1566.33 2293.44 3135.68 3918.98
53.4228 799.212 1568.33 2296.44 3139.65 3923.94
53.4228 800.237 1570.33 2299.39 3143.67 3928.94
53.4228 801.237 1572.33 2302.34  3147.7 3933.97
53.4228 802.265 1574.35 2305.29  3151.7 3938.97
53.4894 803.266 1576.35 2308.29 3155.63 3943.97
53.4894 804.282 1578.34 2311.29 3159.62 3948.97
53.4894  805.31 1580.36 2314.24 3163.62 3953.97
53.5552 806.301 1582.31 2317.24 3167.62 3958.97
53.5552 807.316  1584.3 2320.24 3171.61 3963.97
53.6226 808.332  1586.3 2323.16 3175.61 3968.97
53.6892 809.336  1588.3 2326.16 3179.61  3973.9
53.7568 810.336  1590.3 2329.09 3183.61 3978.91
53.7568 811.336  1592.3 2332.03 3187.64 3983.94
53.7568 812.336  1594.3 2335.03 3191.64 3988.94
53.8242 813.336  1596.3 2337.96 3195.64 3993.94
53.8242  814.36  1598.3 2340.91 3199.64 3998.97
53.8915  815.36  1600.3 2343.84 3203.64 4003.97
53.8915 816.385  1602.3 2346.78 3207.67 4008.97
53.9588 817.385  1604.3 2349.71 3211.67 4013.98
54.0261 818.385  1606.3 2352.65 3215.67 4018.98
54.0926 819.385 1608.28 2355.65 3219.62 4023.98
54.1596   820.4 1610.28 2358.56 3223.62 4028.98
54.2262   821.4 1612.25 2361.56 3227.62 4033.93
54.2916 822.391  1614.2 2364.56 3231.62 4038.93
54.2916 823.415  1616.2 2367.51 3235.62 4043.96
54.3576 824.416  1618.2 2370.51 3239.56 4048.96
54.3576  825.44  1620.2 2373.45 3243.56 4053.99
54.3576  826.44  1622.2  2376.4 3247.58 4059.02
54.4234 827.441  1624.2  2379.4 3251.51 4064.02
54.4892 828.442  1626.2  2382.4 3255.45 4069.02
54.5556 829.442 1628.18  2385.4 3259.45 4073.98
54.6218 830.442 1630.16  2388.4  3263.4 4078.98
54.6218 831.442 1632.15  2391.4 3267.41 4083.98
54.6887 832.442 1634.15 2394.33 3271.41 4088.98
54.7547 833.446 1636.15 2397.33 3275.41 4093.91
54.8216 834.446 1638.15 2400.26 3279.41 4098.91
54.8216 835.446 1640.15 2403.26 3283.41 4103.91
54.8216 836.462 1642.15 2406.26  3287.4  4108.9
54.8216 837.462 1644.15 2409.26  3291.4  4113.9
54.8216 838.486 1646.15 2412.21 3295.43  4118.9
54.8875 839.486 1648.13 2415.21 3299.43 4123.86
54.8875 840.511 1650.13 2418.15 3303.46 4128.86
54.8875 841.511 1652.14  2421.1 3307.46 4133.89
54.8875 842.538 1654.16 2424.06 3311.46 4138.89
54.9533 843.538 1656.16 2427.06 3315.43 4143.86
54.9533 844.538 1658.16 2430.01 3319.45 4148.89
54.9533 845.538 1660.18 2432.96 3323.49 4153.89
55.0177 846.529 1662.12 2435.96 3327.49 4158.89
55.0177 847.544 1664.11 2438.96 3331.48 4163.89
55.0836 848.559 1666.11 2441.88 3335.48 4168.89
55.0836 849.559 1668.11 2444.88 3339.48 4173.89
55.0836 850.575 1670.11 2447.88 3343.48 4178.88
55.1496 851.575 1672.11 2450.81 3347.48 4183.88
55.1496 852.575 1674.12 2453.76 3351.48 4188.92
55.2155 853.575 1676.12 2456.69 3355.48 4193.92
55.2806 854.575  1678.1 2459.69 3359.44 4198.92
55.3455 855.578  1680.1 2462.69 3363.44 4203.85
55.4096 856.569 1682.04 2465.69 3367.44 4208.85
55.4737  857.56 1683.99 2468.69 3371.44 4213.85
55.4737 858.583 1685.99 2471.64 3375.44 4218.88
55.4737 859.583 1687.99 2474.64 3379.44 4223.88
55.5383 860.584 1689.99 2477.64 3383.37 4228.88
55.5383 861.608 1691.99 2480.59  3387.4 4233.88
55.6031 862.608 1693.96 2483.59 3391.36 4238.88
55.6031 863.608 1695.98 2486.54 3395.36 4243.92
55.6676 864.609 1697.98 2489.54 3399.29 4248.92
55.7324 865.609 1699.95 2492.54 3403.25 4253.92
55.7968  866.61 1701.95 2495.54 3407.18 4258.92
55.7968  867.61 1703.95 2498.49 3411.21 4263.95
55.7968 868.633 1705.95 2501.43 3415.21 4268.98
55.8615 869.633 1707.93 2504.43 3419.17 4273.98
55.8615 870.657 1709.93 2507.38 3423.17 4279.01
55.8615 871.683 1711.95 2510.34 3427.17 4284.01
55.9262 872.683 1713.95 2513.34 3431.14 4288.97
55.9915 873.683 1715.95 2516.27 3435.14 4293.97
 56.055 874.674 1717.89 2519.27 3439.14 4298.97
 56.055  875.69 1719.89 2522.27 3443.13 4303.96
 56.055 876.705 1721.89 2525.27 3447.13 4308.95
 56.055  877.72 1723.89 2528.27 3451.12 4313.94
 56.055 878.744 1725.89 2531.22 3455.12 4318.97
 56.055 879.767 1727.89 2534.17 3459.12    4324
 56.055 880.767 1729.89 2537.17 3463.12    4329
 56.055 881.794  1731.9 2540.12 3467.12    4334
56.1195 882.808  1733.9 2543.04 3471.12    4339
56.1195 883.808  1735.9 2545.99 3475.15 4344.03
56.1195 884.834 1737.92 2548.95 3479.15 4349.03
56.1841 885.834 1739.92 2551.88 3483.15 4354.03
56.2476 886.835 1741.92 2554.88 3487.08 4359.03
56.2476 887.859 1743.92 2557.83 3491.11 4364.03
56.2476 888.874 1745.91 2560.83  3495.1 4369.03
 56.312 889.874 1747.91 2563.77  3499.1 4374.03
 56.312 890.889 1749.91 2566.77 3503.09 4379.03
56.3758 891.889 1751.89 2569.77 3507.09 4383.99
56.4401 892.889 1753.89  2572.7 3511.09 4388.99
56.5045 893.889 1755.89 2575.64 3515.09 4393.99
56.5045 894.916 1757.91 2578.59 3519.09 4398.99
56.5045 895.939 1759.91 2581.54 3523.09 4404.02
56.5045 896.954  1761.9 2584.54 3527.09 4409.02
56.5681 897.954  1763.9 2587.54 3531.06 4413.98
56.6316 898.954 1765.88 2590.54 3535.06 4418.94
56.6949 899.957 1767.88 2593.54 3539.06 4423.87
56.7584 900.957 1769.86 2596.54 3543.06 4428.83
56.7584 901.957 1771.87 2599.49 3547.06 4433.86
56.7584 902.957 1773.87 2602.44 3551.08 4438.89
56.7584 903.972 1775.87 2605.44 3555.07 4443.89
56.8206 904.963 1777.81 2608.44 3559.07 4448.89
56.8206 905.978 1779.81 2611.44 3563.06 4453.88
56.8838 906.978 1781.79 2614.44 3567.06 4458.84
56.8838 908.001 1783.79 2617.39 3571.06 4463.87
56.8838 909.001 1785.79 2620.34 3575.09 4468.89
56.8838 910.017 1787.79 2623.34 3579.08 4473.89
56.8838 911.017 1789.81 2626.29 3583.08 4478.92
56.9474 912.017 1791.81 2629.23 3587.08 4483.92
 57.011 913.017 1793.81 2632.16 3591.08 4488.92
 57.011 914.039 1795.81 2635.11 3595.08 4493.95
57.0742 915.053 1797.81 2638.03 3599.08 4498.95
57.0742 916.053 1799.81 2640.98 3603.11 4503.98
57.0742 917.068  1801.8 2643.98  3607.1 4508.98
57.0742 918.083 1803.79 2646.98 3611.09 4513.98
 57.137 919.083 1805.79 2649.98 3615.06 4518.94
57.2003 920.083  1807.8 2652.92 3619.06 4523.94
57.2003 921.083 1809.81 2655.87 3623.09 4528.94
 57.263 922.083 1811.81 2658.87 3627.06 4533.91
57.3253 923.086 1813.81 2661.87 3631.06 4538.84
57.3253 924.086 1815.81 2664.87 3635.07 4543.84
57.3868 925.077 1817.75 2667.87 3639.07 4548.84
57.3868 926.077 1819.77 2670.82 3643.07 4553.88
57.4498 927.077 1821.77 2673.76 3647.07 4558.88
57.4498 928.103 1823.78 2676.72 3651.07 4563.88
57.5122 929.103 1825.76 2679.72 3655.07 4568.84
57.5743 930.107 1827.76 2682.72 3659.07 4573.77
57.5743 931.132 1829.78 2685.68 3663.07 4578.77
 57.637 932.146 1831.78  2688.6 3667.07 4583.77
57.6993 933.146 1833.76  2691.6 3671.07 4588.73
57.6993 934.161 1835.76  2694.6 3675.06 4593.72
57.6993 935.184 1837.76 2697.55 3679.06 4598.75
57.7622 936.184 1839.76 2700.49 3683.06 4603.75
57.7622 937.207 1841.76 2703.44 3687.09 4608.75
57.7622 938.221 1843.75 2706.44 3691.08 4613.75
57.8241 939.221 1845.73 2709.44 3695.04 4618.75
57.8868 940.221 1847.73 2712.37 3699.04 4623.75
57.8868 941.245 1849.73 2715.32 3703.07 4628.75
57.8868 942.245 1851.74 2718.28 3707.07 4633.78
57.8868 943.267 1853.74 2721.23 3711.07 4638.81
57.8868 944.267 1855.74 2724.23 3715.07 4643.81
57.8868  945.29 1857.74 2727.18 3719.09 4648.81
57.9475 946.281 1859.69 2730.18 3723.09 4653.81
58.0098 947.281 1861.69 2733.11 3727.09 4658.81
58.0098 948.296 1863.69 2736.11 3731.09  4663.8
 58.072 949.296 1865.69 2739.05 3735.09  4668.8
 58.072 950.319 1867.69    2742 3739.09 4673.83
 58.072 951.342 1869.69 2744.95 3743.12 4678.83
58.1336 952.342 1871.69 2747.95 3747.09  4683.8
58.1941 953.333 1873.64 2750.95 3751.09  4688.8
58.2562 954.333 1875.64 2753.89 3755.09  4693.8
58.3177 955.333 1877.62 2756.89 3759.05  4698.8
58.3798 956.333 1879.62 2759.82 3763.05  4703.8
58.3798 957.347 1881.61 2762.82 3767.04  4708.8
58.3798 958.347 1883.61 2765.82 3771.04  4713.8
58.4418 959.347 1885.61 2768.76 3775.04  4718.8
58.4418 960.362  1887.6 2771.76 3779.04  4723.8
58.4418 961.377  1889.6 2774.76 3783.03 4728.79
58.5034  962.39  1891.6 2777.69 3787.03 4733.79
58.5644 963.393  1893.6 2780.69 3791.03 4738.72
58.6247 964.385 1895.55 2783.69 3795.03 4743.72
58.6849 965.376  1897.5 2786.69 3799.03 4748.72
58.7465 966.389  1899.5 2789.61 3803.03 4753.72
58.7465 967.404  1901.5 2792.61 3807.02 4758.72
58.7465 968.404  1903.5 2795.56 3811.04 4763.74
58.7465 969.404  1905.5 2798.51 3815.07 4768.77
58.7465 970.419  1907.5 2801.51 3819.07 4773.76
58.8076 971.419  1909.5 2804.51 3823.04 4778.73
58.8076 972.433 1911.49 2807.51 3827.03 4783.73
58.8692 973.433 1913.49 2810.45 3831.03 4788.73
58.8692 974.433 1915.49  2813.4 3835.05 4793.76
58.8692 975.455 1917.49 2816.35 3839.05 4798.78
58.9297 976.458 1919.49 2819.35 3843.05 4803.72
58.9297 977.458 1921.49 2822.35 3847.05 4808.72
58.9895  978.45 1923.44 2825.35 3851.05 4813.72
59.0493 979.441 1925.39 2828.35 3855.05 4818.72
59.1096 980.442 1927.39 2831.35 3858.99 4823.72
59.1096 981.467  1929.4 2834.31 3862.99 4828.72
59.1709 982.467  1931.4 2837.25 3866.99 4833.72
59.1709 983.467 1933.41  2840.2 3870.99 4838.75
 59.232 984.467 1935.41 2843.14 3874.99 4843.76
59.2927 985.467 1937.39 2846.14 3878.99 4848.71
59.3539 986.467 1939.39 2849.08 3882.99 4853.71
59.3539 987.492 1941.41 2852.04 3886.99 4858.71
 59.415 988.492 1943.41 2854.98 3890.99 4863.71
 59.415 989.492 1945.42 2857.93 3894.99 4868.75
59.4759 990.505 1947.42 2860.86 3898.99 4873.75
59.4759 991.519 1949.41 2863.86 3902.99 4878.74
59.4759 992.534 1951.41 2866.86 3906.99 4883.73
59.4759 993.558 1953.42 2869.82 3910.99 4888.73
59.4759 994.573 1955.42 2872.82 3914.99 4893.72
59.4759 995.594 1957.42 2875.77 3918.99 4898.75
 59.536 996.594  1959.4 2878.77 3922.96 4903.75
59.5967 997.594  1961.4  2881.7 3926.96 4908.75
59.6575 998.594  1963.4 2884.64 3930.96 4913.75
59.6575 999.616  1965.4 2887.59 3934.96 4918.78
59.6575 1000.62  1967.4 2890.54 3938.98 4923.81
59.6575 1001.63  1969.4 2893.54 3942.97  4928.8
59.6575 1002.63 1971.41  2896.5    3947  4933.8
59.6575 1003.64  1973.4  2899.5    3951 4938.79
59.7177 1004.66  1975.4 2902.43    3955 4943.79
59.7177 1005.67  1977.4 2905.43    3959 4948.79
59.7177 1006.69  1979.4 2908.38 3963.02 4953.79
59.7772  1007.7  1981.4 2911.38 3967.02 4958.73
59.7772 1008.72 1983.41 2914.34 3971.02 4963.73
59.7772 1009.74 1985.41 2917.29 3975.04 4968.73
59.8369 1010.74 1987.41 2920.29 3979.02 4973.69
59.8369 1011.77 1989.41 2923.25 3983.04 4978.69
59.8369 1012.78 1991.41 2926.25 3987.04 4983.68
59.8369  1013.8 1993.41  2929.2 3991.04 4988.71
59.8969  1014.8 1995.41 2932.14 3995.04 4993.71
59.9555 1015.79 1997.36 2935.14 3999.04 4998.71