      1       2       3       5       5       5
1.81818       3       5       8 9.09091 9.09091
2.49126       4       7 10.9615 12.4563 14.0909
2.49126       5       9 14.4684 16.4414 18.5989
2.49126  6.0538 10.8968 17.5178 20.4414 23.5989
2.49126 7.26228 12.8968 20.5178  24.522 28.3099
2.85815 8.26228 14.8968 23.5395 28.1334 33.3099
2.85815 9.38986 16.9298 26.5395 31.9728 38.3099
2.85815 10.5174 18.9628 29.5395 35.8122 43.3099
 3.1233 11.4931  20.722 32.5395 39.8122 48.3099
 3.4263 12.4931 22.7323 35.5395 43.8122 52.9966
 3.4263 13.5524 24.6597 38.5528 47.8122 57.9966
 3.4263 14.6116 26.5872 41.5661 51.8122 62.9966
3.68711 15.6116 28.5872 44.5661 55.7561 67.7918
3.93274 16.6517 30.5872 47.5661 59.4705 72.7918
3.93274  17.744 32.5936 50.5661 63.3717 77.7918
4.16894  18.744 34.5513 53.5661 67.1779 82.7918
4.16894  19.744 36.5513 56.7242 71.1385  87.673
4.37574 20.7234 38.5513  59.538 75.1385  92.673
4.58254 21.7028 40.5513 62.3518 79.1385  97.673
4.58254 22.7028 42.6034 65.3518 83.1435 102.616
4.78614 23.7028 44.4963 68.2554 87.1435 107.616
4.99529 24.7028 46.4963 71.2381 90.9516 112.616
5.19197 25.6754  48.327 74.2381 94.9516 117.616
5.40177 26.7129  50.327 77.2381 98.9516 122.369
5.40177 27.7752  52.327 80.3096 102.952 127.235
 5.5913 28.7497 54.1629 83.3096 106.952 132.235
 5.5913 29.7497 56.1939 86.3096 110.962 137.193
5.78574 30.7843 58.1939 89.3096 114.962 141.964
5.78574 31.7843 60.2043 92.3949 118.962 146.869
5.78574  32.839 62.2021 95.3949  122.91 151.869
5.95843 33.8191 64.2021 98.2421  126.91 156.869
6.14351 34.8191 66.2021 101.242 130.852 161.741
6.14351 35.8714 68.2021 104.302 134.852  166.63
6.14351 36.9043 70.1659 107.305 138.852  171.63
6.14351 37.9636   72.18 110.305 142.852 176.556
6.31125 38.9636   74.18 113.317 146.852 181.377
6.31125 39.9959 76.1453 116.319 150.852 186.377
 6.4713 41.0103 78.1453 119.319 154.677 191.377
 6.4713 42.0518 80.1453 122.349 158.606 196.377
 6.4713 43.1109 82.1453 125.349   162.6 201.323
6.62516 44.1109 84.1453  128.33 166.466 206.323
6.77635 45.1109 86.0656 131.258 170.466 211.323
6.93331 46.1109 88.0656 134.258 174.415 216.217
6.93331 47.1416  90.034 137.259 178.415 221.217
7.07825 48.1271  92.034 140.129 182.415 226.217
7.22247 49.1077 93.9092 143.129 186.415 231.217
7.22247 50.1374 95.8783  146.13 190.415 236.217
7.36737 51.1374 97.8018 149.061 194.415 241.217
7.51485 52.1611 99.8018 152.061 198.415 246.046
7.66307 53.1611 101.802  155.06 202.415 250.899
7.81128 54.1611 103.802 158.059 206.415 255.752
7.95865 55.1611  105.76 161.059 210.309 260.752
7.95865 56.2019  107.76 164.099 214.309 265.672
8.10343 57.2243  109.76 167.099 218.309 270.505
8.10343  58.252 111.731   170.1 222.309 275.505
8.24505  59.252 113.731 173.072 226.194 280.505
8.38721 60.2736 115.731 176.072 230.194 285.341
8.52924 61.2736 117.691 179.072 234.092 290.341
8.67327 62.2736 119.691 182.072 238.046 295.244
8.67327    63.3 121.664 185.073 242.046 300.244
8.81137 64.3079 123.664 188.073   245.9 305.244
8.94631 65.2927 125.664 190.954   249.9 310.244
8.94631 66.2927 127.664 194.004 253.892   315.2
8.94631 67.3295 129.664 197.038 257.892  320.13
8.94631 68.3662 131.664 200.072 261.892 325.059
8.94631 69.3662  133.66 203.106 265.863 330.059
8.94631 70.4088  135.66 206.106 269.859  335.02
9.07386 71.4088 137.594 209.044 273.859  340.02
9.07386 72.4337 139.569 212.044 277.859  345.02
9.07386 73.4755 141.569 215.044 281.855 349.982
9.19836 74.4836 143.569 218.044 285.722 354.982
9.19836 75.4836 145.565 221.076 289.695 359.982
 9.3187 76.4711 147.565 223.968 293.695 364.982
 9.3187 77.5098 149.569 226.968 297.695 369.939
 9.3187 78.5098 151.573 230.008 301.695 374.895
9.44044 79.5098 153.553 233.008 305.695 379.793
9.55723 80.4934 155.453 236.008 309.695 384.793
9.67799 81.5105 157.453 239.008 313.695 389.655
9.67799 82.5434 159.453 242.037 317.695 394.593
9.79568 83.5434 161.392 244.981 321.695 399.593
9.91493 84.5434 163.357 247.981 325.611 404.593
9.91493 85.5434 165.352 251.009 329.587 409.593
9.91493 86.5434 167.352 254.051 333.582 414.557
10.0318 87.5434 169.352 257.046 337.582 419.445
10.1487 88.5434 171.352 260.042 341.582 424.333
 10.266 89.5434 173.331 263.042 345.582 429.236
10.3821 90.5434 175.331 266.017  349.49 434.236
10.3821 91.5434 177.342 269.017 353.499 439.216
10.3821 92.5434 179.338 272.044 357.476 444.216
10.4972 93.5434 181.338 275.044 361.438 449.139
10.4972 94.5781 183.338 278.044 365.436 454.107
10.6098 95.5781 185.305 281.044 369.356 459.107
10.7224 96.5925 187.305 284.044 373.356  463.98
10.7224  97.613 189.283 287.045 377.356  468.98
10.8336  98.613 191.283 290.021 381.269  473.98
10.8336  99.613 193.283  293.06 385.264 478.946
 10.945 100.613 195.283  296.06 389.226 483.872
 10.945 101.646 197.283  299.06 393.224 488.842
 10.945 102.646 199.283 302.098 397.219 493.808
11.0529 103.646 201.283 305.075 401.134 498.808
11.0529 104.674 203.283 308.101 405.134 503.755
11.0529 105.674 205.286 311.136 409.134 508.717
11.0529 106.702 207.286 314.162 413.134 513.664
11.0529 107.702 209.297 317.162 417.141 518.646
11.1557 108.702 211.243 320.112 421.141 523.646
11.1557 109.734 213.243 323.112 425.138 528.617
11.2562 110.722 215.243 326.023 429.138 533.617
11.3592 111.735 217.243 329.023 433.138 538.501
11.3592 112.735 219.246 332.056 437.138 543.465
11.4623 113.735 221.246 335.056 441.105 548.396
11.5647 114.735 223.246 338.051 445.105 553.298
11.5647 115.735 225.249 341.084 449.105 558.262
11.5647 116.766 227.249 344.084 453.103 563.233
11.5647 117.766 229.246 347.107 457.084 568.233
11.5647 118.796 231.246 350.107 461.083 573.204
11.5647 119.826 233.246 353.107 465.081 578.175
11.6599 120.812 235.165 356.107 469.081 583.175
11.7576 121.812 237.135 359.107 473.013 588.175
11.8559 122.812 239.119 362.107 477.013 593.094
11.8559 123.841 241.122 365.107 481.013 598.062
11.9526 124.841 243.122 368.086 484.937 603.062
12.0504 125.841 245.122 371.086 488.905 607.996
12.0504 126.866 247.117 374.086 492.885 612.996
12.1456 127.866 249.068 377.039 496.885 617.996
12.2417 128.878 251.068 380.039 500.885 622.888
12.2417 129.878  253.07  383.07 504.885 627.855
12.3363 130.881  255.07  386.07 508.787 632.855
12.4325 131.881  257.07  389.07 512.755 637.791
12.4325 132.909 259.073  392.07 516.755  642.76
12.5277 133.909 261.057  395.07 520.755 647.682
12.6224 134.909 263.029  398.07 524.688 652.682
 12.717  135.92 265.029  401.07 528.688 657.575
12.8116 136.932 267.029  404.07 532.688 662.469
12.9042 137.921 269.029 406.988 536.688 667.469
12.9993 138.921 271.012 409.988 540.688  672.39
13.0947 139.921 273.012 412.988 544.657 677.326
 13.187 140.906 274.935 415.988 548.657 682.326
13.2819 141.906 276.935 418.983 552.657 687.237
13.2819 142.929  278.93 421.983 556.639 692.237
13.2819 143.952  280.93 425.004 560.639 697.193
13.2819 144.952  282.93 428.034 564.637 702.164
13.3743 145.952  284.93 431.013 568.566 707.164
13.3743 146.974 286.926 434.013 572.548 712.164
13.4654 147.974  288.88 436.968 576.548 717.164
13.5576 148.974  290.88 439.962 580.548 722.078
13.6501 149.974 292.863 442.962 584.548 727.002
 13.742 150.985 294.863 445.962 588.548   731.9
 13.742 152.003 296.863 448.971  592.52   736.9
13.8341 153.003 298.863 451.971  596.49 741.838
13.9235 153.993 300.863 454.893  600.49 746.838
14.0153 154.993 302.847 457.893  604.49 751.762
14.1067 156.002 304.847 460.893  608.49 756.661
14.1067 157.002 306.847 463.922 612.489 761.633
14.1067 158.002 308.849 466.949 616.489 766.603
 14.196 159.002 310.804 469.905 620.489 771.603
 14.196 160.002 312.801 472.923 624.475 776.603
 14.196 161.002 314.797 475.941  628.46 781.603
 14.196 162.027 316.797 478.941  632.46 786.578
 14.196 163.027 318.804 481.941 636.468 791.563
 14.196 164.052 320.804 484.941 640.468 796.538
 14.196 165.067 322.789 487.942 644.468 801.538
 14.196 166.088 324.789 490.961 648.468 806.497
14.2806 167.078 326.789 493.886 652.468 811.497
14.2806 168.098 328.785 496.886 656.453 816.497
14.2806 169.118  330.78 499.886 660.437 821.497
14.2806 170.136  332.78 502.894 664.411 826.497
14.3656 171.136  334.78 505.889 668.411 831.418
14.4497 172.138  336.78 508.889 672.325 836.418
14.5344 173.138 338.754 511.889 676.266 841.418
14.5344 174.138 340.751 514.906 680.252 846.418
14.5344 175.158 342.747 517.906 684.236 851.418
14.5344 176.178 344.743 520.906 688.221 856.418
14.5344 177.178 346.745 523.931 692.221 861.391
14.6176 178.178  348.73 526.931 696.221 866.323
14.7003 179.178  350.73 529.911 700.158 871.323
14.7003 180.178 352.732 532.935 704.158 876.297
14.7825 181.178 354.732 535.915 708.096 881.297
14.8647 182.178 356.732 538.896 712.033 886.297
14.8647 183.198 358.732 541.913 716.033 891.259
14.8647 184.221 360.732 544.913 720.032 896.237
14.8647 185.241 362.732  547.93 724.032 901.199
14.8647 186.241 364.732 550.956  728.03 906.176
14.8647 187.264 366.734 553.956  732.03 911.151
14.8647 188.286 368.737 556.956  736.03 916.126
14.9442 189.286 370.737 559.937  739.97 921.126
14.9442   190.3 372.723 562.937  743.97 926.126
15.0241   191.3 374.723 565.937 747.944 931.072
15.1033  192.31 376.723 568.937 751.944 935.984
15.1831  193.31 378.723 571.937 755.917  940.93
15.1831  194.31 380.723 574.962 759.916 945.907
15.1831  195.31  382.72 577.978 763.902 950.907
15.1831 196.323 384.706 580.978 767.902 955.907
15.1831 197.323 386.706 584.003   771.9 960.884
15.1831 198.323 388.704 587.019 775.887 965.884
15.1831 199.323 390.701 590.035 779.873 970.884
15.2584 200.311 392.638 593.035 783.873 975.884
15.2584 201.311 394.635 596.051  787.86 980.884
15.3335 202.302 396.635 598.985  791.86 985.884
15.4098 203.302 398.635 601.967 795.802 990.884
15.4847  204.29 400.572 604.967 799.802 995.884
 15.561  205.29 402.572 607.949 803.744 1000.88
15.6377  206.29 404.572 610.943 807.744 1005.81
15.6377 207.309 406.572 613.959 811.744 1010.78
15.7137 208.317 408.572 616.959 815.744 1015.69
15.7137 209.317 410.572 619.983 819.742 1020.67
15.7137 210.338 412.574 622.983 823.742 1025.65
15.7878 211.329 414.574 625.918 827.742 1030.65
15.8636 212.329 416.574 628.918 831.717  1035.6
15.9392 213.329  418.56 631.918 835.717 1040.54
15.9392 214.349  420.56 634.918 839.716 1045.52
15.9392 215.362 422.547 637.918 843.716 1050.52
16.0133 216.364 424.547 640.918 847.641 1055.52
16.0867 217.355 426.547 643.853 851.641 1060.52
16.1612 218.355 428.547 646.835 855.585 1065.52
16.1612  219.37 430.547 649.842 859.562 1070.52
16.2358  220.37 432.534 652.842 863.562 1075.46
16.2358  221.37 434.534 655.865  867.56 1080.44
16.2358  222.37 436.534 658.887 871.559 1085.41
16.2358  223.37 438.534  661.91 875.557 1090.39
16.3078 224.361 440.534 664.847 879.557 1095.39
16.3809 225.361 442.534 667.829 883.502 1100.39
16.3809 226.373 444.522 670.829 887.502 1105.39
16.4538 227.373   446.5 673.829 891.451 1110.39
16.4538  228.39 448.496 676.829 895.437 1115.39
 16.526 229.392 450.496 679.829 899.364 1120.39
16.5981 230.393 452.496 682.829  903.29 1125.39
16.5981 231.393 454.494 685.843 907.278 1130.39
16.6706 232.393 456.494 688.837 911.278 1135.33
16.6706 233.408 458.494 691.844 915.256 1140.33
16.7411 234.396 460.435 694.844 919.256 1145.33
16.8135 235.396 462.435 697.844 923.231 1150.28
16.8843 236.387 464.435 700.782 927.231 1155.28
16.8843 237.399 466.423 703.782 931.231 1160.28
16.8843 238.416 468.423 706.796 935.231 1165.25
16.9556 239.416 470.402 709.796 939.181 1170.25
17.0265 240.416 472.367 712.761 943.181 1175.25
17.0977 241.416 474.367 715.743 947.128 1180.25
17.1692 242.416 476.367 718.736 951.128 1185.18
17.1692 243.416 478.372 721.736 955.132 1190.17
17.2402 244.416 480.351 724.736 959.083 1195.17
17.3108 245.417 482.351 727.736 963.011 1200.17
17.3108 246.435 484.352 730.736 967.011 1205.15
 17.382 247.435 486.352 733.736 970.986 1210.11
17.4523 248.436 488.352 736.736 974.915 1215.11
17.5217 249.424 490.295 739.736 978.915 1220.11
17.5924 250.424 492.295 742.718 982.861 1225.11
17.6633 251.424 494.295 745.711 986.861 1230.05
17.6633 252.424 496.296  748.73 990.861 1235.02
17.7341 253.424 498.296  751.73 994.836 1239.98
17.8045 254.424 500.275  754.73 998.787 1244.98
17.8745 255.424  502.24 757.695 1002.79 1249.98
17.8745 256.443  504.24 760.695 1006.79 1254.96
17.9434 257.431 506.183 763.695 1010.79 1259.96
18.0124 258.422 508.183 766.635 1014.79 1264.96
18.0124 259.422  510.18 769.648 1018.77 1269.96
18.0819 260.423  512.18 772.648  1022.7 1274.96
18.0819 261.434 514.169 775.648  1026.7 1279.96
18.1518 262.434 516.155 778.648  1030.7 1284.91
18.2216 263.434 518.141 781.648  1034.7 1289.85
18.2216 264.434 520.142 784.667  1038.7 1294.83
18.2905 265.434 522.108 787.632  1042.7 1299.83
18.2905 266.452 524.108 790.632  1046.7 1304.82
18.2905 267.467 526.108 793.645  1050.7 1309.79
18.2905 268.467 528.113 796.645 1054.71 1314.78
18.2905 269.485 530.113 799.645  1058.7 1319.76
18.2905 270.485  532.11 802.658 1062.69 1324.76
18.3589 271.485  534.11 805.658 1066.67 1329.72
18.3589 272.498  536.11 808.665 1070.65 1334.72
18.4271 273.498  538.11 811.665 1074.63 1339.68
18.4271 274.498 540.111 814.683 1078.63 1344.66
18.4271 275.498 542.111 817.702 1082.62 1349.64
18.4946 276.498 544.098 820.702 1086.62 1354.59
18.4946 277.498 546.098 823.721 1090.62 1359.57
18.4946 278.498 548.095 826.734 1094.61 1364.57
18.5614 279.503 550.095 829.734 1098.61  1369.5
18.6281 280.503 552.095 832.717 1102.56  1374.5
18.6281 281.521 554.095 835.717 1106.56 1379.48
18.6942 282.521 556.062 838.684 1110.56 1384.48
18.6942 283.521 558.063 841.702 1114.56 1389.46
18.6942 284.521 560.068 844.702 1118.56 1394.45
18.6942 285.537 562.069 847.702 1122.56 1399.44
18.7602 286.537 564.069 850.695 1126.56 1404.38
18.7602 287.552 566.066 853.695 1130.55 1409.38
18.7602 288.552 568.066 856.714 1134.55 1414.36
18.8245 289.541 570.013 859.714 1138.55 1419.36
18.8896 290.541 572.013 862.714 1142.48 1424.36
18.9546 291.542 574.013 865.714 1146.42 1429.36
18.9546 292.542 576.013 868.732 1150.41 1434.35
19.0198 293.542 577.993 871.732 1154.37 1439.35
19.0846 294.542 579.993 874.732  1158.3 1444.35
19.1495 295.543 581.993 877.732 1162.24 1449.35
19.1495 296.543 583.993 880.749 1166.24 1454.33
19.1495 297.559 585.993 883.749 1170.24 1459.31
19.2133 298.551 587.993 886.694 1174.24 1464.31
19.2133 299.551 589.994 889.711 1178.24  1469.3
19.2769 300.542 591.994 892.656 1182.24  1474.3
19.2769 301.542 593.995 895.673 1186.24 1479.28
19.2769 302.559 595.995 898.673 1190.23 1484.26
19.3411 303.559 597.995 901.666 1194.23 1489.21
19.3411 304.569 599.985 904.666 1198.23 1494.21
19.4052 305.569 601.985 907.666 1202.21 1499.17
19.4052 306.569 603.982 910.678  1206.2 1504.17
19.4052 307.569 605.983 913.695  1210.2 1509.15
19.4052 308.569 607.983 916.713  1214.2 1514.13
19.4052 309.569 609.983 919.731  1218.2 1519.12
19.4684 310.569 611.983 922.724  1222.2 1524.06
19.4684 311.584 613.984 925.724  1226.2 1529.04
19.5302 312.573 615.933 928.724  1230.2 1534.04
19.5302 313.587 617.931 931.724 1234.18 1539.04
19.5302   314.6 619.931 934.735 1238.18 1544.02
19.5926   315.6 621.912 937.735 1242.14 1549.02
19.5926 316.614 623.912 940.747 1246.14 1553.99
19.6544 317.614 625.881 943.716 1250.14 1558.99
19.7166 318.614 627.881 946.701 1254.09 1563.99
19.7166  319.63 629.881 949.701 1258.09 1568.98
19.7786 320.635 631.881 952.701 1262.09 1573.91
19.7786 321.635 633.881 955.717 1266.09  1578.9
19.7786  322.65 635.881 958.717 1270.09 1583.88
19.8402  323.65 637.862 961.717 1274.05 1588.88
19.9015  324.65 639.832 964.686 1278.05 1593.88
19.9633  325.65 641.819 967.686 1282.05 1598.83
20.0249 326.655 643.819 970.686 1286.05 1603.77
20.0865 327.655   645.8 973.686 1290.01 1608.77
20.1481  328.66   647.8 976.686 1294.01  1613.7
20.2099  329.66   649.8 979.679 1298.01 1618.65
20.2715  330.66 651.781 982.679 1301.96 1623.65
20.2715 331.675 653.782 985.679 1305.96 1628.63
20.3329  332.68 655.782 988.679 1309.96 1633.56
20.3945  333.68  657.77 991.679 1313.96 1638.51
20.4551 334.672  659.77 994.627 1317.96 1643.51
20.4551 335.681  661.76 997.627 1321.96 1648.51
20.4551 336.681 663.764 1000.63 1325.97 1653.51
20.5164 337.681 665.752 1003.63 1329.97 1658.46
20.5164 338.681 667.752 1006.64 1333.97 1663.44
20.5164 339.692 669.752 1009.65 1337.95 1668.44
20.5768 340.693 671.752 1012.65 1341.89 1673.44
20.6374 341.693 673.752 1015.63 1345.84 1678.44
20.6374 342.706 675.752 1018.64 1349.84 1683.42
20.6976 343.706 677.722 1021.61 1353.84 1688.42
20.6976  344.72 679.723 1024.61 1357.84  1693.4
20.7571 345.712 681.723 1027.56 1361.84  1698.4
20.7571 346.712 683.723 1030.58 1365.84 1703.39
 20.817 347.712 685.693 1033.55 1369.84 1708.39
 20.817 348.722 687.684 1036.55 1373.84 1713.39
 20.817 349.722 689.684 1039.57 1377.84 1718.37
20.8768 350.722 691.665 1042.57  1381.8 1723.37
20.9363 351.722 693.665 1045.57 1385.74 1728.37
20.9963 352.722 695.653 1048.57 1389.74 1733.33
21.0553 353.714 697.653 1051.51 1393.74 1738.33
21.0553 354.714 699.653 1054.53 1397.74 1743.31
21.0553 355.725 701.653 1057.54 1401.72 1748.31
21.0553 356.734 703.643 1060.54 1405.72 1753.31
21.0553 357.747 705.643 1063.55 1409.72 1758.29
21.0553 358.761 707.643 1066.55 1413.72 1763.28
21.0553 359.774 709.641 1069.55 1417.71 1768.28
21.1144 360.774 711.641 1072.55 1421.69 1773.24
21.1734 361.774 713.641 1075.54 1425.69 1778.19
21.2313 362.764 715.593 1078.54 1429.69 1783.19
21.2902 363.764 717.593 1081.53 1433.69 1788.13
21.2902 364.773 719.584 1084.53 1437.69 1793.13
21.2902 365.785 721.581 1087.53 1441.68 1798.13
21.3478 366.775 723.533 1090.53 1445.68 1803.13
21.4056 367.767 725.533 1093.48 1449.68 1808.13
21.4056 368.767 727.534  1096.5 1453.68 1813.12
21.4638 369.771 729.534  1099.5 1457.68 1818.06
21.4638 370.771 731.534 1102.51 1461.68 1823.04
21.5222 371.771 733.522 1105.51 1465.68    1828
21.5222 372.786 735.522 1108.51 1469.68 1832.98
21.5802 373.786 737.504 1111.51 1473.64 1837.98
21.5802 374.786 739.504 1114.53 1477.63 1842.97
21.6383 375.786 741.504 1117.53 1481.61 1847.93
21.6963 376.786 743.492 1120.53 1485.61 1852.89
21.6963 377.786 745.495 1123.53 1489.62 1857.88
 21.754 378.786 747.477 1126.53 1493.58 1862.88
21.8116  379.79 749.477 1129.53 1497.58 1867.82
21.8116  380.79 751.475 1132.54 1501.57 1872.82
21.8694  381.79 753.475 1135.54 1505.55 1877.78
21.9267  382.79 755.446 1138.51 1509.55 1882.78
21.9845  383.79 757.446 1141.51 1513.53 1887.74
21.9845  384.79  759.45 1144.51 1517.53 1892.74
22.0418  385.79 761.432 1147.51 1521.49 1897.74
22.0418 386.803 763.433 1150.51 1525.49 1902.72
22.0988 387.803 765.433 1153.51 1529.43 1907.72
22.1552 388.793 767.386 1156.51 1533.43 1912.72
22.2126 389.793 769.374 1159.51 1537.43 1917.68
22.2698 390.793 771.356 1162.51 1541.39 1922.68
22.2698 391.793 773.356 1165.52 1545.39 1927.66
22.2698 392.805 775.353 1168.52 1549.38 1932.66
22.2698 393.805 777.357 1171.52 1553.39 1937.66
22.2698 394.815 779.357 1174.53 1557.37 1942.66
22.3262 395.815 781.357 1177.53 1561.31 1947.66
22.3831 396.815 783.357 1180.53 1565.29 1952.62
22.3831 397.823 785.348 1183.53 1569.29 1957.62
22.4398 398.823 787.336 1186.53 1573.29 1962.58
 22.496 399.823 789.308  1189.5 1577.29 1967.58
 22.496 400.837 791.308  1192.5 1581.29 1972.56
 22.496 401.848 793.308 1195.51 1585.29 1977.54
 22.496 402.858 795.308 1198.52 1589.28 1982.54
22.5522 403.858 797.296 1201.52 1593.28  1987.5
22.5522 404.858 799.296 1204.53 1597.28 1992.48
22.5522 405.872 801.296 1207.53 1601.28 1997.47
22.6081 406.872 803.296 1210.52 1605.28 2002.42
22.6081 407.882 805.296 1213.53 1609.26 2007.42
22.6081 408.882 807.296 1216.54 1613.26 2012.41
22.6081 409.895 809.296 1219.54 1617.26  2017.4
22.6633 410.895 811.296 1222.54  1621.2  2022.4
22.7188 411.895 813.296 1225.54  1625.2 2027.35
22.7741 412.899 815.296 1228.54  1629.2 2032.29
22.7741  413.91 817.296 1231.55  1633.2 2037.27
22.7741  414.91 819.296 1234.56  1637.2 2042.26
22.7741  415.91 821.299 1237.56  1641.2 2047.25
22.7741  416.92 823.299 1240.57 1645.19 2052.25
22.7741 417.932 825.299 1243.58 1649.19 2057.23
22.7741 418.932   827.3 1246.59 1653.19 2062.21
22.8285 419.932   829.3 1249.59 1657.14 2067.21
22.8832 420.932 831.288 1252.59 1661.14 2072.17
22.8832 421.945 833.288 1255.59 1665.13 2077.16
22.9374 422.945 835.261 1258.56 1669.13 2082.16
 22.992 423.945 837.249 1261.56 1673.13 2087.12
 22.992 424.945  839.25 1264.58 1677.13  2092.1
23.0466 425.945  841.25 1267.58 1681.11 2097.07
23.0466 426.956 843.247 1270.58 1685.11 2102.07
23.0466 427.966 845.247 1273.58 1689.09 2107.07
23.1006 428.966  847.23 1276.58 1693.05 2112.07
23.1006 429.966  849.23  1279.6 1697.05 2117.05
23.1539 430.957 851.186  1282.6 1701.05 2122.05
23.2078 431.957 853.186 1285.58 1705.01 2127.05
23.2078 432.957 855.186  1288.6 1709.01 2132.04
23.2617 433.957 857.186 1291.59 1713.01 2136.99
23.2617 434.957 859.184  1294.6 1717.01 2141.99
23.3153 435.957 861.184 1297.58 1720.97 2146.99
23.3688 436.956 863.184 1300.58 1724.91 2151.99
23.4227 437.956 865.184 1303.58 1728.89 2156.96
23.4766 438.956 867.173 1306.58 1732.89 2161.92
23.5295 439.947 869.129 1309.58 1736.89 2166.92
23.5832  440.95 871.129 1312.58 1740.89 2171.86
23.6369 441.954 873.129 1315.58 1744.89  2176.8
23.6369 442.954 875.129  1318.6 1748.89 2181.79
23.6902 443.953 877.129  1321.6 1752.84 2186.79
23.6902 444.953 879.129 1324.61 1756.84 2191.78
23.7434 445.953 881.129 1327.61 1760.78 2196.78
23.7966 446.953 883.103 1330.59 1764.78 2201.78
23.7966 447.953 885.101  1333.6 1768.78 2206.78
23.8499 448.957 887.101  1336.6 1772.78 2211.72
23.9026 449.949 889.101 1339.55 1776.78 2216.72
23.9026  450.96 891.098 1342.55 1780.77 2221.72
23.9026  451.96 893.101 1345.55 1784.77 2226.71
23.9026  452.96 895.101 1348.56 1788.77  2231.7
23.9558  453.96 897.101 1351.56 1792.75 2236.67
23.9558 454.968 899.093 1354.57 1796.75 2241.67
24.0087 455.968 901.076 1357.57 1800.71 2246.67
24.0087  456.98 903.076 1360.57 1804.71 2251.65
24.0612  457.98  905.05 1363.54 1808.71 2256.65
24.0612  458.98 907.048 1366.55 1812.71 2261.65
24.0612 459.991 909.045 1369.55  1816.7 2266.65
24.1139 460.991 911.045 1372.55 1820.68 2271.62
24.1663 461.991 913.045 1375.54 1824.64 2276.62
24.1663 462.991 915.048 1378.54 1828.64 2281.62
24.1663 464.001 917.046 1381.54 1832.64 2286.62
24.1663 465.011 919.046 1384.54 1836.62 2291.62
24.1663 466.021 921.046 1387.55 1840.62  2296.6
24.1663  467.03 923.046 1390.55 1844.61  2301.6
24.1663 468.041 925.046 1393.56 1848.61 2306.58
24.2176 469.034 927.046 1396.52 1852.61 2311.58
24.2694 470.037 929.046 1399.52 1856.61 2316.52
24.2694 471.046 931.046 1402.52 1860.59 2321.52
24.2694 472.046 933.044 1405.53 1864.59 2326.52
24.2694 473.057 935.041 1408.53 1868.58 2331.52
24.3202 474.048     937 1411.53 1872.58 2336.52
24.3202  475.06     939 1414.53 1876.58 2341.51
24.3711 476.053     941 1417.49 1880.58 2346.51
24.3711 477.065     943 1420.49 1884.58  2351.5
24.3711 478.065 944.998  1423.5 1888.57  2356.5
24.3711 479.065 946.998 1426.51 1892.57 2361.49
24.3711 480.075 948.995 1429.51 1896.56 2366.49
24.4214 481.066 950.954 1432.51 1900.56 2371.49
24.4723 482.066 952.954  1435.5 1904.52 2376.49
24.4723 483.075 954.954  1438.5 1908.51 2381.49
24.5231 484.075 956.938  1441.5 1912.47 2386.49
24.5231 485.075 958.941  1444.5 1916.47 2391.48
24.5231 486.086 960.938  1447.5 1920.47 2396.48
 24.574 487.086 962.938  1450.5 1924.45 2401.45
 24.574 488.098 964.938  1453.5 1928.45 2406.44
 24.574  489.11 966.938  1456.5 1932.45 2411.43
 24.574  490.11 968.938 1459.52 1936.44 2416.42
 24.574  491.12 970.938 1462.53 1940.44  2421.4
24.6242  492.12 972.923 1465.53 1944.41  2426.4
24.6242  493.12 974.922 1468.54 1948.41 2431.39
24.6242 494.127 976.914 1471.54 1952.41 2436.39
24.6242 495.136 978.914 1474.54  1956.4 2441.39
24.6736 496.129 980.914  1477.5  1960.4 2446.39
24.6736 497.129 982.917  1480.5  1964.4 2451.38
24.7234 498.133 984.917  1483.5  1968.4 2456.33
24.7234 499.142 986.917 1486.51 1972.39 2461.33
24.7732 500.142 988.906 1489.51 1976.39 2466.29
 24.823 501.142 990.906  1492.5 1980.39 2471.25
24.8727 502.142 992.906 1495.49 1984.35 2476.25
24.8727 503.152 994.906 1498.49 1988.35 2481.23
24.8727 504.162 996.906  1501.5 1992.35 2486.21
24.9217 505.155 998.906 1504.46 1996.35 2491.21
24.9217 506.164 1000.91 1507.46 2000.34 2496.21
24.9712 507.164  1002.9 1510.46 2004.34 2501.17
24.9712 508.176  1004.9 1513.46 2008.33 2506.16
24.9712 509.184  1006.9 1516.47 2012.32 2511.16
24.9712 510.196  1008.9 1519.47 2016.32 2516.15
25.0201 511.196  1010.9 1522.47 2020.27 2521.15
25.0693 512.196 1012.88 1525.47 2024.24 2526.15
25.0693 513.196 1014.88 1528.48 2028.24 2531.14
25.0693 514.196 1016.88 1531.49 2032.24 2536.12
25.0693 515.206 1018.88 1534.49 2036.23 2541.12
25.0693 516.217 1020.88 1537.49 2040.23 2546.11
25.0693 517.229 1022.88 1540.49 2044.23  2551.1
25.0693  518.24 1024.88 1543.49 2048.23 2556.09
25.1178  519.24 1026.86 1546.49 2052.19 2561.09
25.1178  520.25 1028.86  1549.5 2056.19 2566.07
25.1663  521.25 1030.85  1552.5 2060.16 2571.07
25.2141 522.242 1032.81  1555.5 2064.16 2576.07
25.2624 523.242 1034.81  1558.5 2068.11 2581.07
25.2624 524.253 1036.81  1561.5 2072.11 2586.06
25.3109 525.253  1038.8  1564.5 2076.11 2591.02
25.3109 526.263  1040.8  1567.5  2080.1 2596.02
25.3109 527.274  1042.8  1570.5  2084.1 2601.01
25.3109 528.274 1044.79 1573.51  2088.1 2606.01
25.3591 529.274 1046.78 1576.51  2092.1 2610.98
25.3591 530.274 1048.78 1579.52 2096.09 2615.98
25.3591 531.274 1050.78 1582.53 2100.08 2620.98
25.3591 532.286 1052.78 1585.53 2104.08 2625.97
25.3591 533.286 1054.78 1588.53 2108.08 2630.96
25.3591 534.286 1056.78 1591.54 2112.08 2635.96
25.3591 535.295 1058.78 1594.54 2116.06 2640.96
25.3591 536.306 1060.78 1597.54 2120.06 2645.95
25.4066 537.306 1062.78 1600.54 2124.06 2650.91
25.4066 538.306 1064.78 1603.55 2128.06  2655.9
25.4066 539.317 1066.78 1606.55 2132.06 2660.89
 25.454 540.317 1068.77 1609.55 2136.06 2665.85
 25.454 541.317 1070.77 1612.56 2140.06 2670.84
25.5012 542.317 1072.75 1615.56 2144.03 2675.84
25.5479  543.31 1074.75 1618.52 2148.03 2680.84
25.5479  544.31 1076.75 1621.53 2152.03 2685.83
 25.595  545.31 1078.75 1624.52 2155.99 2690.83
 25.595 546.319 1080.75 1627.52 2159.98 2695.83
 25.595  547.33 1082.75 1630.52 2163.98 2700.82
 25.595  548.33 1084.75 1633.53 2167.97 2705.82
25.6413 549.324 1086.75 1636.49 2171.97 2710.82
25.6413 550.335 1088.75 1639.49 2175.97 2715.81
25.6879 551.335 1090.75 1642.49 2179.92 2720.81
25.7347 552.338 1092.75 1645.49 2183.92 2725.76
 25.781 553.332 1094.75 1648.45 2187.92 2730.76
 25.781 554.343 1096.75 1651.45 2191.92 2735.75
 25.781 555.353 1098.75 1654.45 2195.92 2740.74
25.8277 556.353 1100.75 1657.45 2199.91 2745.71
25.8277 557.361 1102.74 1660.45 2203.91 2750.71
25.8277 558.361 1104.74 1663.46 2207.91  2755.7
25.8277  559.37 1106.74 1666.47 2211.91 2760.68
25.8277  560.38 1108.74 1669.48 2215.91 2765.66
25.8277 561.387 1110.74 1672.48 2219.91 2770.66
25.8737 562.387 1112.74 1675.48 2223.86 2775.66
  25.92 563.387 1114.73 1678.48 2227.86 2780.62
25.9663 564.387 1116.72 1681.48 2231.86 2785.59
26.0126 565.387 1118.72 1684.48 2235.84 2790.56
26.0126 566.387 1120.72 1687.48 2239.85 2795.55
26.0126 567.396 1122.72 1690.48 2243.84 2800.55
26.0126 568.403 1124.71 1693.48 2247.84 2805.55
26.0126 569.414 1126.71 1696.48 2251.84 2810.54
26.0126 570.424 1128.71 1699.49 2255.84 2815.53
26.0578 571.416 1130.67 1702.49 2259.84 2820.53
26.0578 572.426 1132.67 1705.49 2263.83 2825.53
26.1036 573.426 1134.67 1708.48 2267.83 2830.49
26.1036 574.426 1136.67 1711.49 2271.82 2835.49
26.1036 575.435 1138.67  1714.5 2275.82 2840.47
26.1036 576.435 1140.67  1717.5 2279.83 2845.47
26.1485 577.427 1142.63  1720.5 2283.83 2850.47
26.1485 578.427 1144.64  1723.5 2287.83 2855.46
26.1933 579.419  1146.6  1726.5 2291.83 2860.46
26.2388 580.419 1148.59  1729.5 2295.83 2865.43
26.2843 581.419 1150.59  1732.5 2299.81  2870.4
26.3292 582.411 1152.55  1735.5 2303.81  2875.4
26.3743 583.411 1154.53 1738.48 2307.81  2880.4
26.3743 584.411 1156.53 1741.48 2311.81 2885.39
26.4197 585.411 1158.53 1744.47 2315.81 2890.35
26.4197 586.411 1160.53 1747.48 2319.81 2895.34
26.4651 587.411 1162.53 1750.48 2323.79 2900.31
26.4651 588.411 1164.53 1753.49 2327.79  2905.3
26.5103 589.411 1166.53 1756.49 2331.78 2910.28
26.5103 590.411 1168.53 1759.51 2335.78 2915.27
26.5554 591.414 1170.53 1762.51 2339.78 2920.22
26.5999 592.406  1172.5 1765.51 2343.78 2925.22
26.5999 593.413 1174.49 1768.51 2347.78 2930.22
26.5999 594.413 1176.49 1771.52 2351.77 2935.21
26.5999 595.413 1178.49 1774.53 2355.77 2940.21
26.5999 596.423 1180.49 1777.53 2359.77  2945.2
26.6448 597.423 1182.48 1780.53 2363.77 2950.16
26.6897 598.423 1184.48 1783.53 2367.75 2955.13
26.7342 599.423 1186.45  1786.5 2371.75 2960.13
26.7785 600.417 1188.45 1789.47 2375.75 2965.13
26.7785 601.417 1190.45 1792.47 2379.75 2970.13
26.8228 602.411 1192.45 1795.44 2383.75 2975.13
26.8676 603.411 1194.44 1798.44 2387.75  2980.1
26.9124 604.411 1196.44 1801.44 2391.73 2985.07
26.9124 605.411 1198.44 1804.44 2395.72 2990.07
26.9568 606.411 1200.44 1807.44 2399.68 2995.07
26.9568 607.411 1202.44 1810.44 2403.68 3000.07
26.9568 608.418 1204.44 1813.45 2407.67 3005.07
27.0011 609.418 1206.42 1816.43 2411.67 3010.07
27.0011 610.418 1208.42 1819.44 2415.67 3015.06
27.0011 611.418 1210.42 1822.44 2419.67 3020.05
27.0011 612.418 1212.42 1825.44 2423.67 3025.05
27.0011 613.429 1214.42 1828.44 2427.67 3030.04
27.0452 614.429 1216.42 1831.42 2431.64 3035.04
27.0452 615.429 1218.42 1834.44 2435.64 3040.03
27.0452 616.429 1220.42 1837.44 2439.63 3045.03
27.0893 617.429 1222.42 1840.44 2443.63 3049.99
27.0893 618.429 1224.42 1843.44 2447.64 3054.98
27.0893 619.438 1226.42 1846.44 2451.63 3059.98
27.1328 620.432 1228.42  1849.4 2455.63 3064.98
27.1764 621.432  1230.4 1852.38 2459.63 3069.98
27.1764 622.432  1232.4 1855.39 2463.63 3074.97
27.1764 623.441  1234.4 1858.39 2467.62 3079.97
27.2198 624.434  1236.4 1861.35 2471.62 3084.97
27.2636 625.434  1238.4 1864.35 2475.61 3089.95
27.2636 626.443 1240.39 1867.35  2479.6 3094.95
27.2636 627.454 1242.39 1870.35  2483.6 3099.94
27.3068 628.448 1244.39 1873.31  2487.6 3104.94
27.3068 629.458 1246.39 1876.31  2491.6 3109.93
27.3504 630.458 1248.39 1879.31  2495.6 3114.89
27.3504 631.468 1250.39 1882.31  2499.6 3119.89
27.3939 632.471 1252.39 1885.31  2503.6 3124.84
27.3939 633.479 1254.39 1888.32  2507.6 3129.82
27.4368 634.472 1256.35 1891.32  2511.6 3134.82
27.4802 635.472 1258.35 1894.32  2515.6 3139.79
27.4802 636.472 1260.35 1897.32  2519.6 3144.78
27.4802 637.481 1262.35 1900.32 2523.59 3149.78
27.5234 638.481 1264.35  1903.3 2527.56 3154.78
27.5234 639.481 1266.35  1906.3 2531.56 3159.78
27.5234 640.481 1268.35  1909.3 2535.57 3164.77
27.5234 641.491 1270.35  1912.3 2539.56 3169.76
27.5234 642.501 1272.35  1915.3 2543.56 3174.75
27.5234 643.507 1274.35  1918.3 2547.56 3179.75
27.5663 644.507 1276.33  1921.3 2551.53 3184.75
27.5663 645.507 1278.33 1924.31 2555.53 3189.75
27.6087   646.5  1280.3 1927.31 2559.53 3194.75
27.6515   647.5  1282.3  1930.3  2563.5 3199.75
27.6944   648.5 1284.29  1933.3  2567.5 3204.72
27.6944 649.508 1286.29 1936.31  2571.5 3209.71
27.6944 650.518 1288.29 1939.31  2575.5  3214.7
27.7371 651.518 1290.29  1942.3 2579.47  3219.7
27.7371 652.518 1292.29  1945.3 2583.47 3224.69
27.7798 653.518 1294.29 1948.29 2587.47 3229.65
27.7798 654.525 1296.29 1951.29 2591.46 3234.65
27.8219 655.518 1298.25 1954.29 2595.46 3239.65
27.8219 656.527 1300.25 1957.29 2599.45 3244.65
27.8219 657.527 1302.25  1960.3 2603.45 3249.65
27.8219 658.527 1304.25 1963.32 2607.45 3254.64
27.8219 659.534 1306.25 1966.32 2611.44 3259.64
27.8219 660.543 1308.25 1969.32 2615.43 3264.64
27.8219 661.552 1310.25 1972.32 2619.43 3269.63
27.8642 662.552 1312.25 1975.32 2623.41  3274.6
27.8642 663.552 1314.25 1978.32 2627.42  3279.6
27.9063 664.552 1316.25 1981.31 2631.39  3284.6
27.9485 665.552 1318.24 1984.31 2635.39 3289.56
27.9485 666.552 1320.24 1987.31 2639.38 3294.56
27.9485 667.562 1322.24 1990.31 2643.38 3299.55
27.9904 668.562 1324.24 1993.31 2647.34 3304.55
28.0319 669.554 1326.21 1996.31 2651.34 3309.55
28.0319 670.561  1328.2 1999.32 2655.34 3314.55
 28.074 671.561  1330.2 2002.32 2659.32 3319.53
28.1159 672.563  1332.2 2005.32 2663.32 3324.48
28.1159 673.572  1334.2 2008.32 2667.32 3329.48
28.1159 674.572  1336.2 2011.32 2671.32 3334.48
28.1159 675.578 1338.19 2014.32 2675.32 3339.48
28.1159 676.578 1340.19 2017.33 2679.32 3344.47
28.1159 677.586 1342.19 2020.33 2683.32 3349.45
28.1576 678.586 1344.19 2023.33 2687.32 3354.42
28.1576 679.593 1346.19 2026.33 2691.32 3359.42
28.1987 680.585 1348.15 2029.33 2695.32 3364.42
28.2403 681.585 1350.14 2032.33 2699.29 3369.42
28.2819 682.585 1352.13 2035.33 2703.29 3374.39
28.2819 683.595 1354.13 2038.33 2707.29 3379.38
28.2819 684.595 1356.13 2041.33 2711.29 3384.37
28.2819 685.602 1358.13 2044.33 2715.28 3389.37
28.3229 686.597 1360.13  2047.3 2719.28 3394.37
28.3643 687.597 1362.13 2050.28 2723.25 3399.37
28.3643 688.605 1364.13 2053.29 2727.25 3404.36
28.4056 689.605 1366.13 2056.28 2731.25 3409.32
28.4469 690.605 1368.13 2059.27 2735.22 3414.32
28.4881 691.605 1370.11 2062.25 2739.22 3419.32
28.5295 692.605  1372.1 2065.25 2743.22 3424.29
28.5706 693.605 1374.08 2068.23 2747.22 3429.29
28.5706 694.605 1376.08 2071.24 2751.22 3434.28
28.6119 695.605 1378.07 2074.24 2755.19 3439.28
 28.653 696.604 1380.07 2077.24 2759.15 3444.28
 28.653 697.612 1382.07 2080.25 2763.14 3449.28
 28.653 698.612 1384.07 2083.25 2767.14 3454.28
28.6941 699.612 1386.07 2086.24 2771.11 3459.28
28.6941 700.618 1388.06 2089.24 2775.11 3464.28
28.7352 701.618 1390.06 2092.23 2779.11 3469.24
28.7352 702.618 1392.06 2095.24 2783.11 3474.24
28.7762  703.62 1394.06 2098.24 2787.11  3479.2
28.7762 704.627 1396.06 2101.24  2791.1  3484.2
 28.817 705.627 1398.06 2104.24 2795.06  3489.2
 28.817 706.636 1400.06 2107.24 2799.06 3494.19
 28.858 707.636 1402.05 2110.24 2803.06 3499.16
 28.858 708.646 1404.05 2113.24 2807.06 3504.15
 28.858 709.646 1406.05 2116.24 2811.06 3509.15
28.8987 710.645 1408.05 2119.24 2815.02 3514.15
28.9395 711.645 1410.05 2122.23 2819.02 3519.11
28.9799 712.638 1412.02 2125.23 2823.02 3524.11
28.9799 713.647 1414.02 2128.23 2827.02  3529.1
29.0206  714.65 1416.02 2131.23 2831.02 3534.06
29.0206  715.65 1418.02 2134.24 2835.02 3539.05
29.0206 716.658 1420.02 2137.24 2839.01 3544.05
29.0206 717.658 1422.02 2140.25 2843.01 3549.04
29.0611 718.658    1424 2143.25 2846.98 3554.04
29.0611 719.666    1426 2146.26 2850.98 3559.03
29.0611 720.674    1428 2149.26 2854.98 3564.03
29.0611 721.684    1430 2152.26 2858.98 3569.02
29.1012 722.678    1432 2155.23 2862.98 3574.02
29.1415  723.68    1434 2158.23 2866.98 3578.97
29.1818  724.68 1435.98 2161.21 2870.98 3583.97
29.1818 725.688 1437.98 2164.21 2874.97 3588.97
29.1818 726.688 1439.98 2167.22 2878.97 3593.97
29.2219 727.688 1441.98 2170.22 2882.93 3598.97
29.2219 728.696 1443.98 2173.22 2886.92 3603.97
29.2219 729.704 1445.98 2176.22 2890.92 3608.95
29.2617 730.697 1447.94 2179.22 2894.92 3613.95
29.3017 731.697 1449.94 2182.22 2898.89 3618.95
29.3414  732.69 1451.91 2185.22 2902.89 3623.95
29.3816 733.692 1453.91 2188.22 2906.89 3628.91
29.3816   734.7 1455.91 2191.23 2910.89 3633.89
29.4213 735.693 1457.88 2194.23 2914.89 3638.89
29.4612 736.693 1459.86 2197.21 2918.89 3643.89
29.5013 737.693 1461.85 2200.21 2922.86 3648.89
29.5013 738.699 1463.84 2203.21 2926.86 3653.89
29.5013 739.699 1465.84 2206.22 2930.86 3658.89
29.5413 740.699 1467.83 2209.22 2934.83 3663.89
29.5413 741.706 1469.83 2212.22 2938.82 3668.89
29.5413 742.714 1471.83 2215.23 2942.82 3673.87
29.5813 743.714 1473.83 2218.23 2946.81 3678.85
29.6209 744.708 1475.83 2221.19 2950.81 3683.85
29.6608 745.708 1477.83 2224.18 2954.78 3688.85
29.6608 746.717 1479.82 2227.18 2958.78 3693.84
29.7002  747.71 1481.79 2230.18 2962.78 3698.84
29.7002 748.718 1483.79 2233.19 2966.78 3703.82
29.7399 749.718 1485.79 2236.18 2970.75 3708.82
29.7796 750.717 1487.79 2239.18 2974.71 3713.82
29.8194 751.717 1489.78 2242.18 2978.68 3718.82
29.8194 752.717 1491.78 2245.19 2982.68 3723.81
 29.859 753.717 1493.78 2248.19 2986.64 3728.81
 29.859 754.726 1495.78 2251.19 2990.64 3733.81
29.8986 755.728 1497.78 2254.19 2994.64 3738.76
29.8986 756.737 1499.78 2257.19 2998.64 3743.76
29.9381 757.737 1501.78 2260.19  3002.6 3748.76
29.9777 758.739 1503.78 2263.19  3006.6 3753.71
29.9777 759.748 1505.78 2266.19  3010.6 3758.71
29.9777 760.748 1507.78 2269.19  3014.6 3763.71
30.0171 761.747 1509.78 2272.19 3018.56 3768.71
30.0567 762.747 1511.77 2275.19 3022.56 3773.67
30.0567 763.756 1513.77 2278.19 3026.56 3778.67
30.0962 764.756 1515.77 2281.19 3030.56 3783.63
30.1355 765.756 1517.77 2284.19 3034.52 3788.63
 30.175 766.756 1519.77 2287.18 3038.52  3793.6
 30.175 767.762 1521.76 2290.18 3042.52  3798.6
 30.175  768.77 1523.76 2293.19 3046.52 3803.59
30.2144  769.77 1525.76 2296.18 3050.52 3808.55
30.2537 770.769 1527.76 2299.18 3054.48 3813.55
30.2537 771.778 1529.76 2302.18 3058.48 3818.54
30.2537 772.785 1531.76 2305.19 3062.47 3823.54
30.2928 773.785 1533.76 2308.19 3066.43 3828.54
30.3322 774.785 1535.76 2311.19 3070.42 3833.52
30.3715 775.785 1537.75 2314.19 3074.42 3838.49
30.4107 776.787 1539.75 2317.19 3078.42 3843.45
30.4107 777.794 1541.75 2320.19 3082.41 3848.45
30.4107 778.801 1543.75  2323.2 3086.41 3853.43
30.4107 779.801 1545.75 2326.21 3090.41 3858.43
30.4107 780.801 1547.75 2329.21 3094.41 3863.42
30.4107 781.807 1549.75 2332.21 3098.41 3868.42
30.4498 782.807 1551.75 2335.21 3102.39  3873.4
30.4887 783.807 1553.73 2338.19 3106.39  3878.4
30.5278 784.807 1555.72 2341.19 3110.39 3883.37
30.5278 785.815 1557.72 2344.19 3114.39 3888.37
30.5668 786.815 1559.72 2347.19 3118.37 3893.34
30.5668 787.815 1561.72 2350.19 3122.37 3898.34
30.5668 788.822 1563.72 2353.19 3126.36 3903.34
30.6056 789.822  1565.7 2356.17 3130.36 3908.34
30.6056 790.828  1567.7 2359.17 3134.35 3913.34
30.6445 791.828  1569.7 2362.17 3138.34 3918.32
30.6445 792.828  1571.7 2365.18 3142.33 3923.32
30.6833 793.828 1573.69 2368.18 3146.33 3928.29
30.6833 794.828 1575.69 2371.19 3150.33 3933.29
30.7221 795.828 1577.69 2374.19 3154.31 3938.26
30.7221 796.837 1579.69 2377.19 3158.31 3943.25
30.7608 797.837 1581.69 2380.18 3162.31 3948.22
30.7995 798.837 1583.67 2383.18 3166.29 3953.22
30.8377  799.83 1585.64 2386.18 3170.29 3958.22
30.8377  800.83 1587.64 2389.19 3174.29 3963.21
30.8764  801.83 1589.64 2392.19 3178.29 3968.18
30.9146 802.823 1591.61 2395.19 3182.29 3973.18
30.9146 803.823 1593.61 2398.19 3186.28 3978.18
30.9146 804.831 1595.61  2401.2 3190.28 3983.17
30.9532 805.831 1597.61 2404.19 3194.28 3988.13
30.9532 806.838 1599.61 2407.19 3198.28 3993.13
30.9532 807.845 1601.61  2410.2 3202.27 3998.13
30.9532 808.854 1603.61  2413.2 3206.27 4003.12
30.9532 809.854  1605.6 2416.21 3210.27 4008.12
30.9915 810.854  1607.6 2419.19 3214.24 4013.12
31.0298 811.854  1609.6 2422.19 3218.24 4018.08
31.0298 812.854 1611.61 2425.19 3222.24 4023.08
31.0298 813.862 1613.61 2428.19 3226.24 4028.07
 31.068 814.864 1615.61 2431.19 3230.24 4033.03
 31.068 815.864 1617.61  2434.2 3234.24 4038.02
 31.068 816.873 1619.61  2437.2 3238.24 4043.01
 31.068 817.881  1621.6  2440.2 3242.24 4048.01
 31.068 818.881  1623.6 2443.21 3246.24    4053
 31.068 819.881  1625.6 2446.21 3250.24    4058
31.1057 820.876  1627.6 2449.18 3254.24    4063
31.1057 821.876  1629.6 2452.19 3258.24 4067.99
31.1057 822.885  1631.6 2455.19 3262.23 4072.98
31.1435 823.885 1633.58 2458.17 3266.23 4077.98
31.1435 824.885 1635.58 2461.18 3270.23 4082.97
31.1435 825.891 1637.58 2464.18 3274.22 4087.97
31.1435 826.891 1639.58 2467.19 3278.22 4092.97
31.1812 827.893 1641.58 2470.19 3282.22 4097.93
31.1812 828.893 1643.58  2473.2 3286.22 4102.93
31.1812 829.902 1645.58  2476.2 3290.22 4107.92
31.2188 830.902 1647.56 2479.18 3294.22 4112.92
31.2563 831.902 1649.56 2482.18 3298.18 4117.92
31.2937 832.895 1651.53 2485.18 3302.18 4122.92
31.2937 833.903 1653.53 2488.18 3306.18 4127.91
31.3313 834.903 1655.52 2491.18 3310.15 4132.91
 31.369 835.903 1657.52 2494.18 3314.14 4137.89
 31.369  836.91 1659.52 2497.18 3318.13 4142.89
 31.369 837.918 1661.52 2500.18 3322.13 4147.88
 31.369 838.918 1663.52 2503.19 3326.12 4152.88
 31.369 839.918 1665.52  2506.2 3330.12 4157.87
 31.369 840.927 1667.52  2509.2 3334.12 4162.87
 31.369 841.927 1669.52 2512.21 3338.12 4167.86
31.4064 842.927 1671.51 2515.21 3342.09 4172.86
31.4064 843.927 1673.51 2518.22 3346.09 4177.85
31.4064 844.933 1675.51 2521.22 3350.08 4182.85
31.4433 845.928 1677.51 2524.19 3354.08 4187.85
31.4805 846.928 1679.49 2527.17 3358.08 4192.85
31.4805 847.935 1681.49 2530.18 3362.08 4197.84
31.4805 848.935 1683.48 2533.18 3366.08 4202.84
31.5176 849.935 1685.48 2536.17 3370.05 4207.84
31.5548 850.938 1687.48 2539.17 3374.05  4212.8
 31.592 851.938 1689.48 2542.17 3378.05 4217.77
31.6292 852.938 1691.48 2545.17 3382.05 4222.74
31.6663 853.938 1693.46 2548.15 3386.05 4227.74
31.6663 854.944 1695.46 2551.15 3390.04 4232.74
31.6663 855.944 1697.46 2554.16 3394.04 4237.73
31.6663 856.952 1699.46 2557.16 3398.04 4242.72
31.7034 857.952 1701.45 2560.16 3402.04 4247.69
31.7034 858.952 1703.45 2563.17 3406.04 4252.69
31.7405 859.952 1705.44 2566.17 3410.04 4257.66
31.7405  860.96 1707.44 2569.17 3414.03 4262.66
31.7771 861.955 1709.44 2572.14 3418.03 4267.66
31.7771 862.963 1711.44 2575.14 3422.03 4272.65
31.8141 863.963 1713.44 2578.13 3426.03 4277.62
31.8141 864.968 1715.43 2581.13 3430.03 4282.62
31.8141 865.974 1717.43 2584.13 3434.03 4287.62
31.8509 866.974 1719.43 2587.12 3438.01 4292.62
31.8509 867.974 1721.43 2590.13 3442.01 4297.61
31.8877 868.976 1723.43 2593.13 3446.01 4302.57
31.8877 869.982 1725.43 2596.14    3450 4307.57
31.8877 870.982 1727.43 2599.14    3454 4312.56
 31.924 871.976  1729.4 2602.14    3458 4317.56
 31.924 872.984  1731.4 2605.14 3461.99 4322.56
 31.924 873.984 1733.39 2608.15 3465.99 4327.56
 31.924 874.984 1735.39 2611.16 3469.99 4332.56
 31.924 875.989 1737.39 2614.16 3473.99 4337.56
31.9605 876.989 1739.39 2617.15 3477.96 4342.56
31.9972 877.989 1741.39 2620.15 3481.95 4347.53
32.0336 878.989 1743.39 2623.15 3485.91 4352.53
32.0336 879.989 1745.38 2626.15  3489.9 4357.53
32.0702 880.989 1747.38 2629.15  3493.9 4362.51
32.0702 881.996 1749.37 2632.15  3497.9 4367.51
32.0702 883.003 1751.37 2635.16  3501.9 4372.49
32.0702 884.003 1753.37 2638.17  3505.9 4377.49
32.1062 884.997 1755.34 2641.17  3509.9 4382.49
32.1062 886.005 1757.34 2644.17  3513.9 4387.48
32.1062 887.013 1759.34 2647.17  3517.9 4392.47
32.1062 888.021 1761.34 2650.17 3521.89 4397.47
32.1425 889.021 1763.33 2653.17 3525.89 4402.44
32.1786  890.02 1765.33 2656.17 3529.86 4407.44
32.1786 891.028 1767.33 2659.17 3533.86 4412.44
32.2149 892.028 1769.33 2662.16 3537.86  4417.4
32.2511 893.028 1771.33 2665.15 3541.83  4422.4
32.2873 894.028 1773.33 2668.15 3545.83 4427.37
32.3232 895.023 1775.33 2671.12 3549.83 4432.37
32.3593 896.023 1777.31  2674.1 3553.83 4437.37
32.3956 897.023 1779.31  2677.1 3557.83 4442.35
32.4315 898.017 1781.28  2680.1 3561.83 4447.35
32.4315 899.025 1783.28  2683.1 3565.83 4452.34
32.4315  900.03 1785.27  2686.1 3569.83 4457.34
32.4315 901.037 1787.27  2689.1 3573.82 4462.34
32.4315 902.044 1789.27  2692.1 3577.81 4467.34
32.4676 903.044 1791.27  2695.1  3581.8 4472.32
32.4676 904.044 1793.27 2698.11  3585.8 4477.32
32.5036 905.044 1795.26 2701.11  3589.8 4482.29
32.5036 906.051 1797.26 2704.11  3593.8 4487.28
32.5036 907.059 1799.26 2707.11  3597.8 4492.27
32.5036 908.059 1801.26 2710.12 3601.79 4497.26
32.5396 909.059 1803.26 2713.12 3605.79 4502.23
32.5755 910.059 1805.26 2716.12 3609.78 4507.21
32.5755 911.067 1807.26 2719.12 3613.78  4512.2
32.6113 912.067 1809.24  2722.1 3617.78  4517.2
32.6113 913.075 1811.24  2725.1 3621.78 4522.19
32.6468  914.07 1813.24 2728.07 3625.78 4527.19
32.6827  915.07 1815.24 2731.07 3629.77 4532.17
32.6827 916.078 1817.24 2734.07 3633.77 4537.16
32.6827 917.078 1819.24 2737.08 3637.76 4542.16
32.7182 918.073 1821.24 2740.05 3641.76 4547.16
32.7539 919.073 1823.23 2743.05 3645.76 4552.13
32.7539 920.073 1825.23 2746.06 3649.76 4557.12
32.7896 921.073 1827.23 2749.05 3653.74 4562.12
32.8253 922.075 1829.23 2752.05 3657.74 4567.08
32.8253 923.081 1831.23 2755.05 3661.73 4572.08
32.8253 924.088 1833.23 2758.05 3665.72 4577.08
32.8253 925.095 1835.23 2761.05 3669.72 4582.08
32.8253 926.095 1837.23 2764.06 3673.72 4587.08
32.8605  927.09 1839.23 2767.03 3677.72 4592.08
32.8961  928.09 1841.23 2770.02 3681.72 4597.05
32.9317  929.09 1843.22 2773.02 3685.72 4602.02
32.9671  930.09 1845.22 2776.02 3689.68 4607.02
33.0026 931.091 1847.22 2779.02 3693.68 4611.98
33.0026 932.099 1849.22 2782.02 3697.68 4616.97
33.0026 933.105 1851.21 2785.02 3701.68 4621.97
 33.038 934.105 1853.19    2788 3705.68 4626.97
 33.038 935.113 1855.19    2791 3709.68 4631.97
 33.038  936.12 1857.19 2794.01 3713.68 4636.96
 33.038 937.125 1859.19 2797.01 3717.68 4641.96
33.0733 938.127 1861.19 2800.01 3721.68 4646.92
33.1083  939.12 1863.16 2803.01 3725.68 4651.92
33.1436  940.12 1865.16    2806 3729.66 4656.92
33.1436 941.128 1867.16    2809 3733.66 4661.91
33.1787 942.123 1869.16 2811.97 3737.66 4666.91
 33.214 943.123 1871.16 2814.96 3741.63 4671.91
 33.214 944.123 1873.16 2817.97 3745.63  4676.9
 33.214 945.129 1875.15 2820.97 3749.63  4681.9
 33.214 946.135 1877.15 2823.97 3753.62  4686.9
 33.214 947.141 1879.15 2826.97 3757.61  4691.9
33.2488 948.134 1881.13 2829.97 3761.61  4696.9
33.2837 949.129 1883.13 2832.94 3765.61  4701.9
33.2837 950.135 1885.12 2835.95 3769.61  4706.9
33.2837 951.135 1887.12 2838.95 3773.61  4711.9
33.2837 952.142 1889.12 2841.95 3777.61 4716.89
33.2837  953.15 1891.12 2844.95 3781.61 4721.89
33.3187  954.15 1893.11 2847.95 3785.59 4726.89
33.3187  955.15 1895.11 2850.95 3789.59 4731.88
33.3537  956.15 1897.11 2853.94 3793.59 4736.85
33.3537  957.15 1899.11 2856.94 3797.59 4741.85
33.3887  958.15 1901.11 2859.94 3801.58 4746.83
33.4236 959.152 1903.11 2862.94 3805.58 4751.79
33.4586 960.152  1905.1 2865.94 3809.58 4756.76
33.4933 961.147  1907.1 2868.91 3813.58 4761.76
 33.528 962.142  1909.1 2871.88 3817.58 4766.76
 33.528 963.142  1911.1 2874.89 3821.58 4771.76
 33.528  964.15  1913.1 2877.89 3825.58 4776.75
33.5629  965.15  1915.1 2880.89 3829.57 4781.73
33.5978  966.15  1917.1 2883.88 3833.57  4786.7
33.5978  967.15  1919.1 2886.88 3837.57  4791.7
33.6325 968.149  1921.1 2889.88 3841.53  4796.7
33.6673 969.149 1923.09 2892.88 3845.51  4801.7
33.7021 970.149 1925.09 2895.87 3849.49  4806.7
33.7021 971.156 1927.09 2898.88 3853.49 4811.68
33.7368 972.156 1929.09 2901.88 3857.45 4816.68
33.7368 973.164 1931.09 2904.88 3861.45 4821.68
33.7368 974.169 1933.09 2907.88 3865.45 4826.68
33.7368 975.169 1935.09 2910.88 3869.45 4831.67
33.7368 976.176 1937.09 2913.88 3873.45 4836.67
33.7368 977.176 1939.09 2916.88 3877.45 4841.67
33.7715 978.176 1941.09 2919.88 3881.44 4846.65
33.8061 979.176 1943.09 2922.88 3885.44 4851.62
33.8408 980.176 1945.09 2925.87 3889.44 4856.59
33.8408 981.181 1947.08 2928.87 3893.44 4861.59
33.8753 982.181 1949.07 2931.87 3897.41 4866.59
33.9099 983.181 1951.06 2934.87 3901.39 4871.59
33.9099 984.187 1953.05 2937.87 3905.39 4876.59
33.9442 985.182 1955.05 2940.85 3909.39 4881.59
33.9442 986.182 1957.05 2943.85 3913.39 4886.58
33.9442 987.188 1959.05 2946.86 3917.38 4891.58
33.9785 988.188 1961.04 2949.84 3921.38 4896.58
33.9785 989.195 1963.04 2952.84 3925.38 4901.57
34.0129 990.195 1965.02 2955.82 3929.38 4906.57
34.0129 991.195 1967.02 2958.82 3933.38 4911.57
 34.047  992.19 1969.02 2961.79 3937.38 4916.57
34.0814  993.19 1971.02 2964.78 3941.36 4921.57
34.0814  994.19 1973.02 2967.79 3945.35 4926.57
34.1158  995.19 1975.02 2970.78 3949.35 4931.54
34.1502  996.19 1977.01 2973.78 3953.35 4936.51
34.1842 997.184 1978.98 2976.78 3957.35 4941.51
34.2186 998.184 1980.98 2979.78 3961.35 4946.49
34.2186 999.191 1982.98 2982.78 3965.35 4951.47
 34.253 1000.19 1984.98 2985.78 3969.34 4956.45
 34.253  1001.2 1986.98 2988.78 3973.34 4961.45
34.2873  1002.2 1988.97 2991.78 3977.32 4966.45
34.3217  1003.2 1990.96 2994.78 3981.32 4971.43
34.3559  1004.2 1992.96 2997.78 3985.32 4976.39
34.3559  1005.2 1994.95 3000.78 3989.32 4981.39