      1       2       4       4       4       6
      1 3.33333 6.66667       7       8      10
      1  4.5098 9.01961 9.47059      12      15
      1  5.5098 11.0196 12.5867 15.9484 19.9355
1.21906  6.5098 13.4335 15.5867 19.9484 24.3025
1.21906 7.74844 15.4335 18.5524  23.744 29.3025
1.41516 8.74844 17.4335 21.5368 27.5635 34.3025
1.41516 9.74844 19.8128 24.4761 31.5635  38.984
1.41516 10.8648 22.0818 27.4761 35.1782  43.984
1.41516 11.8648 24.4424 30.4134 39.1782  48.686
1.41516 12.9651  26.709 33.4134 42.8113  53.686
1.41516 14.0761 28.9977 36.4134 46.8113 58.2864
1.41516 15.2572 30.9977 39.4134 50.7393 63.1773
1.41516 16.4151 32.9977 42.4046 54.5901 68.1773
1.51172 17.4151 35.2492 45.4046 58.5901 72.8292
1.60684 18.4151 37.4673 48.4046 62.2769 77.8292
1.60684 19.5563 39.4673 51.4042 66.1362 82.8292
1.60684 20.5563 41.7296 54.3508 69.9272 87.8292
1.60684 21.5563 44.0307 57.3508 73.7831 92.6722
1.69007 22.6729 46.0307 60.3508 77.7831 97.4724
1.77484 23.6729 48.0307 63.3776 81.7831 102.361
1.85476 24.7389 50.0307 66.2316 85.7831 107.361
1.93784  25.847 52.0307 69.2316 89.7831  112.17
2.01067 26.8185 53.9863 72.2316 93.7831  117.17
2.01067 27.9311 55.9863 75.2283 97.6739  122.17
2.01067 28.9311 58.1877 78.1863 101.514  127.17
2.08824 29.9311 60.1877 81.2026 105.514 132.076
2.16567 30.9311 62.1877 84.2132 109.426 137.076
2.24164 32.0162 64.1877 87.2132 113.265 142.076
2.31792 33.1056 66.1877 90.2132 117.265  146.91
2.31792 34.2193 68.1877 93.2132  121.21 151.852
2.31792  35.322 70.1877  96.217  125.21 156.745
2.31792 36.3995 72.3288  99.217  129.21 161.527
2.31792 37.5121 74.3288 102.217  133.16 166.464
2.38491 38.5964 76.3288 105.217 137.008 171.464
2.45328 39.5964 78.3288 108.233 141.008  176.38
2.52231 40.5964 80.3288 111.233 144.976 181.343
2.52231 41.5964 82.4829 114.216 148.976 186.206
2.58953 42.5964 84.4829 117.216 152.947 191.168
2.58953 43.6859 86.4829 120.214 156.859 196.168
2.65362 44.7671 88.4829 123.214 160.859 201.023
2.71856 45.7671 90.4829  126.23 164.859 205.943
2.78333 46.7671 92.4829 129.237 168.787 210.943
2.78333 47.8122 94.5497 132.125 172.787 215.943
2.84599 48.8885 96.5497 135.125 176.787 220.804
2.84599 49.8885  98.699 138.125 180.722 225.719
2.90237 50.8768 100.654 141.125 184.722 230.719
2.96193 51.9209 102.654 144.022 188.722 235.719
2.96193 53.0035 104.654 147.025 192.722 240.634
3.02303 54.0035 106.654 150.025 196.697 245.597
3.02303 55.0669 108.754 153.025 200.697 250.434
3.08235 56.0669 110.754 156.027 204.635 255.434
3.14078 57.0669 112.854 159.027 208.635 260.276
3.19522 58.0562  114.81 162.027 212.635 265.276
3.19522 59.1394  116.81 165.027 216.603 270.225
3.25352 60.1394  118.81 168.038 220.603 275.156
 3.3108 61.1982  120.81 171.038 224.487 280.156
3.36689 62.1982 122.857 173.936 228.487 285.156
3.42497 63.1982 124.857 176.936 232.428 290.156
3.48223 64.2548 126.857 179.936 236.314 295.156
3.48223 65.2548 128.959 182.918  240.23 300.156
 3.5383 66.2548 131.035 185.918 244.098 305.156
3.59492  67.315 133.035 188.918 248.098 310.039
3.65098  68.315  135.11 191.918 251.967 315.039
3.70818  69.315  137.11 194.925 255.967 319.975
3.76341  70.315 139.152 197.828 259.967 324.975
3.81974 71.3675 141.152 200.828 263.858 329.975
3.81974 72.3675 143.152  203.86 267.843 334.958
3.81974 73.3675 145.251  206.85 271.843 339.869
3.87446 74.4185 147.251  209.85 275.737 344.869
3.92987 75.4185 149.251 212.851  279.68 349.869
3.98355 76.4185  151.29 215.758  283.68 354.869
3.98355 77.4679 153.367 218.758  287.68 359.743
4.03651 78.4679 155.406 221.666  291.68 364.743
4.03651 79.5301 157.406 224.667  295.68  369.68
4.03651 80.5638 159.452 227.587  299.68  374.68
4.03651  81.631 161.452 230.587  303.65 379.643
4.03651 82.6797 163.526 233.587  307.65  384.52
4.08769 83.6797   165.6 236.587  311.65 389.396
4.13986 84.6797   167.6 239.587 315.628 394.366
4.19083 85.6797 169.663 242.587 319.514 399.366
4.19083 86.6797  171.75 245.571 323.443 404.366
  4.242 87.6797  173.75  248.57 327.393 409.366
4.29173 88.6797 175.786 251.483 331.393 414.366
4.34289 89.6797 177.786 254.482 335.344 419.366
4.39439 90.6797 179.786 257.482  339.32 424.338
4.39439 91.7411 181.786 260.482 343.292 429.305
4.44456 92.7887 183.786 263.482 347.292 434.207
4.44456   93.85 185.786 266.482 351.264 439.174
4.44456 94.9065 187.786 269.481 355.264 444.117
4.49327 95.9065 189.844 272.481 359.157 449.117
4.49327 96.9065 191.924 275.467 363.092 454.117
4.54224 97.9065 193.924 278.469 367.092 459.066
4.59115 98.9065 195.924 281.467 371.045 464.066
4.59115 99.9065 198.002 284.453 374.981 469.066
4.63903 100.948 200.002 287.453 378.891 474.066
4.68771 101.948 202.002 290.453 382.867 479.041
4.68771 102.948 204.082 293.443 386.867 483.972
4.68771 104.005 206.082 296.443  390.84 488.942
4.68771 105.005 208.158 299.429 394.778 493.942
4.68771 106.046 210.221 302.429 398.778 498.838
4.68771 107.046 212.221 305.453 402.765 503.826
4.68771 108.084 214.279 308.453  406.67 508.826
4.68771 109.084 216.354  311.44 410.608 513.826
4.68771 110.122 218.411  314.44 414.513 518.826
4.68771 111.122 220.488  317.43 418.513  523.76
4.68771 112.161  222.55  320.43 422.513 528.658
4.73163 113.161  224.55 323.432 426.513 533.612
4.73163 114.161 226.624  326.42 430.452 538.612
4.73163 115.161   228.7  329.41 434.452 543.546
4.77431   116.2   230.7  332.41 438.371 548.546
4.81635   117.2 232.731 335.336 442.371 553.546
4.85838   118.2 234.762 338.263 446.371 558.546
4.85838   119.2 236.837 341.252 450.371 563.482
4.85838   120.2 238.837 344.274 454.359 568.472
4.85838 121.236 240.897 347.274 458.359 573.375
4.90057 122.236 242.897 350.274 462.339 578.353
4.94224 123.276 244.897 353.274 466.339 583.272
4.94224 124.322 246.897 356.272 470.295 588.272
4.98288 125.322 248.927 359.201 474.295 593.272
5.02469 126.322 250.927 362.201 478.275  598.25
5.06587 127.322 252.983 365.201 482.275 603.153
5.10708 128.358 254.983 368.201 486.198 608.153
5.10708 129.391 257.036 371.201 490.112 613.153
5.14796 130.427 259.036 374.201 494.036 618.153
5.14796 131.427 261.114 377.201 497.999 623.112
5.14796 132.476 263.114 380.201 501.975 628.086
5.18816 133.476 265.169 383.201 505.975 632.991
5.22793 134.499 267.169 386.138 509.975 637.991
5.26802 135.499 269.218 389.138 513.886 642.991
5.26802 136.547 271.218 392.138 517.862 647.967
5.30795 137.582 273.218 395.138 521.787 652.967
5.34843 138.582 275.218 398.138 525.767 657.947
5.38823 139.582 277.266 401.138 529.679 662.947
5.38823 140.582 279.266 404.159 533.667 667.938
5.38823 141.582  281.34 407.159 537.631   672.9
5.38823 142.616 283.394 410.159 541.631 677.812
5.42766 143.616 285.394  413.16 545.631 682.772
5.46621 144.616 287.421 416.094 549.631 687.772
5.50535 145.652 289.421 419.094 553.631 692.697
5.54428 146.652 291.467 422.094 557.546 697.697
5.54428 147.674   293.5 425.038 561.546 702.697
5.54428 148.707 295.553 428.038 565.546 707.611
5.58275 149.707 297.604 431.038 569.546 712.522
5.58275  150.74 299.657 434.038 573.546 717.437
5.58275  151.74 301.722 437.029 577.546 722.381
5.61924 152.732 303.694 440.029 581.546 727.381
5.61924 153.772 305.694 443.027 585.508 732.381
5.65683 154.772 307.739 446.027 589.425 737.381
5.65683 155.772 309.739 449.046 593.415 742.372
5.69464 156.772 311.739 452.047 597.415 747.333
5.73259 157.772 313.739 455.047 601.396 752.314
5.73259 158.816 315.739 458.047 605.375 757.291
 5.7699  159.85 317.739 461.047 609.375  762.22
5.80746  160.85 319.739 464.048 613.375 767.181
5.84468 161.881 321.739 467.048 617.307 772.181
5.88146 162.881 323.763 469.987 621.307 777.181
5.91901 163.881 325.763 472.987 625.307 782.143
5.95612 164.881 327.806 475.987 629.227 787.143
5.99366 165.881 329.806 478.988 633.227 792.105
6.03045 166.881  331.83 481.927 637.227 797.105
6.03045 167.881 333.896 484.927 641.196  802.07
6.03045 168.881 335.955 487.916 645.148  807.07
6.06684   169.9 337.955 490.861 649.148  812.07
 6.1036 170.929 339.955 493.861 653.082  817.07
6.14044 171.961 341.955 496.861 657.082 822.001
6.14044 172.961  344.02 499.861 661.051 826.966
6.17727 173.961  346.02 502.859 665.016 831.966
6.17727 174.961  348.02 505.877 669.007 836.959
6.21318 175.961 350.043 508.817 673.007 841.959
 6.2494 176.961 352.084 511.817  676.93 846.959
 6.2494 177.998 354.084 514.816 680.895 851.959
 6.2494 179.018 356.113 517.766 684.895 856.959
 6.2494 180.038 358.143 520.717 688.895 861.959
 6.2494 181.038 360.143 523.733 692.886 866.952
6.28365  182.03 362.116 526.733 696.886 871.952
6.31941  183.03 364.116 529.731 700.852 876.952
6.35367 184.022  366.09 532.731 704.852 881.952
6.35367 185.061  368.09 535.731 708.832 886.932
6.38773 186.054 370.063 538.731 712.832 891.932
6.38773 187.054 372.125 541.731 716.803   896.9
6.42244 188.054 374.147 544.674 720.803   901.9
6.45779 189.054 376.147 547.672  724.77   906.9
6.45779 190.054 378.207 550.672 728.741 911.869
6.45779 191.054 380.268 553.672 732.711 916.837
 6.4925  192.08 382.268 556.672  736.65 921.837
6.52711  193.08 384.306 559.672 740.577 926.837
6.56208  194.08 386.306 562.671 744.577 931.804
6.56208 195.118 388.306 565.671 748.558 936.785
6.56208 196.137 390.334 568.624 752.558 941.785
6.59634 197.137 392.371 571.624 756.486 946.785
6.59634 198.137 394.431 574.624 760.457 951.755
6.63076 199.137 396.431 577.623 764.457 956.722
6.63076 200.137 398.484 580.615 768.457 961.677
 6.6644 201.137 400.505  583.56 772.457 966.677
 6.6644 202.163 402.548  586.56 776.457 971.608
6.69858 203.163 404.548  589.56 780.439 976.591
6.73236 204.163 406.589  592.56 784.439 981.517
6.73236 205.189 408.632  595.56 788.439 986.448
6.73236 206.214 410.674  598.56 792.439  991.38
 6.7655 207.214 412.695 601.506 796.439  996.38
 6.7655 208.247 414.695 604.503 800.409 1001.38
6.79847 209.247 416.716  607.45 804.409 1006.38
6.83144 210.247 418.737 610.396 808.409 1011.38
6.86472 211.247 420.777 613.396 812.409 1016.31
6.86472 212.279 422.777 616.393 816.379 1021.31
6.86472 213.279 424.777 619.407 820.371  1026.3
6.89771 214.304 426.777 622.407 824.313  1031.3
6.89771 215.337 428.777 625.405 828.283  1036.3
6.93054 216.361 430.777 628.405 832.225  1041.3
6.93054 217.379 432.804 631.361 836.225  1046.3
6.93054 218.404 434.845 634.361 840.225 1051.23
6.93054 219.404 436.845 637.375 844.217 1056.23
6.96288 220.404 438.883 640.375 848.217 1061.16
6.96288 221.404 440.934 643.366 852.217 1066.12
6.96288 222.404 442.934  646.38 856.209 1071.11
6.96288 223.422  444.96 649.337 860.209 1076.11
6.96288 224.453  446.96 652.336 864.209 1081.08
6.96288 225.485  448.96 655.334 868.209 1086.05
6.99483 226.485  450.96 658.334 872.193 1091.03
6.99483 227.516  452.96 661.332 876.165 1096.03
 7.0263 228.516 454.997 664.332 880.165 1100.96
7.05753 229.532 456.997 667.285 884.165 1105.96
7.08876 230.548 458.997 670.238 888.165 1110.96
7.08876 231.548 461.051 673.238 892.139 1115.94
7.12011 232.572 463.051 676.238 896.084 1120.94
7.12011 233.572   465.1  679.23 900.084 1125.89
7.12011 234.594 467.137  682.23 904.025 1130.89
7.12011 235.625 469.137 685.228 908.025 1135.86
7.12011 236.656 471.137 688.225 911.997 1140.86
7.15089 237.656 473.173 691.225 915.997  1145.8
7.15089 238.656 475.173 694.238 919.989 1150.79
7.18065 239.649 477.151 697.238 923.989 1155.79
7.21151 240.649 479.151 700.236 927.961 1160.79
7.21151 241.649 481.151 703.249 931.954 1165.79
7.21151 242.649 483.197 706.239 935.917 1170.79
7.24197 243.674 485.197 709.239 939.917 1175.73
7.24197 244.704 487.197 712.237  943.89 1180.73
7.27201 245.719 489.197 715.191  947.89 1185.73
7.30249 246.719 491.197 718.189 951.862 1190.73
7.30249 247.741 493.232 721.189 955.805 1195.73
7.33264 248.764 495.232 724.189 959.752 1200.73
 7.3628 249.787 497.232 727.189 963.699 1205.73
7.39272 250.802 499.232 730.144 967.699 1210.73
7.42264 251.817 501.232 733.099 971.699 1215.73
7.45277 252.817 503.266 736.099 975.699 1220.67
7.45277 253.847 505.266 739.097 979.699 1225.64
7.48254 254.847 507.284 742.049 983.699 1230.64
7.51277 255.847 509.284 745.047 987.699 1235.61
7.51277 256.847 511.334 748.047 991.675 1240.58
7.54245 257.862 513.334 751.003 995.675 1245.58
7.57234 258.862 515.369 754.003 999.675 1250.52
7.60202 259.876 517.369 756.958 1003.67 1255.52
7.63191 260.876 519.403 759.958 1007.67 1260.46
7.63191 261.898 521.436 762.958 1011.62 1265.46
7.66174 262.922 523.436 765.958 1015.62  1270.4
7.69151 263.922  525.47 768.958 1019.62 1275.34
7.69151 264.922  527.47  771.97 1023.61 1280.33
7.72118 265.943  529.47  774.97 1027.56 1285.33
7.75002 266.937 531.448  777.97 1031.56 1290.33
7.75002 267.968 533.448  780.97 1035.55 1295.32
7.77957  268.99 535.448  783.97  1039.5 1300.32
7.80932  269.99 537.448 786.968  1043.5 1305.29
7.83806 270.983 539.426 789.968  1047.5 1310.29
7.86765 272.006 541.426 792.968  1051.5 1315.24
7.86765 273.022 543.448 795.929  1055.5 1320.24
7.86765 274.022 545.491 798.922  1059.5  1325.2
7.89725 275.022 547.491 801.922 1063.48 1330.19
7.89725 276.038 549.513 804.884 1067.48 1335.19
7.89725 277.038 551.555 807.875 1071.45 1340.19
7.89725 278.059 553.587 810.875 1075.39 1345.19
 7.9262 279.059 555.617 813.875 1079.34 1350.19
7.95546 280.059 557.617 816.875 1083.32 1355.17
7.95546 281.089 559.617 819.875 1087.31 1360.16
7.95546  282.11 561.648 822.875 1091.25 1365.16
7.95546  283.11 563.648 825.886 1095.25 1370.15
7.98393  284.11 565.665 828.841 1099.25 1375.15
 8.0128  285.11 567.665 831.839 1103.25 1380.13
 8.0128 286.125 569.687 834.802 1107.25 1385.13
 8.0128 287.125 571.733 837.802 1111.23  1390.1
 8.0128  288.14 573.755 840.764 1115.23  1395.1
8.04113  289.14 575.784 843.764 1119.17  1400.1
8.04113 290.162 577.818 846.764 1123.17 1405.05
 8.0692 291.162 579.834  849.72 1127.17 1410.05
 8.0692 292.162 581.834  852.73 1131.16 1415.04
8.09738 293.182 583.834  855.73 1135.11 1420.04
8.09738 294.182  585.88  858.73 1139.09 1425.02
8.12547 295.203  587.88  861.73 1143.04 1430.02
8.12547 296.224 589.913  864.73 1147.04 1434.96
8.12547 297.224 591.955 867.723 1151.04 1439.93
8.15361 298.224 593.955 870.723 1155.03 1444.92
8.15361 299.224 595.995 873.714    1159 1449.92
8.15361 300.224 597.995 876.725 1162.99 1454.91
 8.1813 301.224 600.026 879.725 1166.99 1459.85
8.20917 302.224 602.026 882.721 1170.97 1464.85
8.23682 303.224 604.054 885.721 1174.91 1469.85
8.23682 304.243 606.085 888.721 1178.86 1474.85
8.26442 305.243 608.116 891.721 1182.86  1479.8
 8.2922 306.243 610.116 894.719 1186.86 1484.77
 8.2922 307.258 612.137 897.683 1190.86 1489.77
 8.2922 308.258 614.182 900.683 1194.84 1494.75
 8.2922 309.284 616.182 903.681 1198.84 1499.72
 8.2922 310.312 618.182 906.681 1202.82 1504.71
 8.2922 311.312 620.227 909.681  1206.8 1509.69
8.31867 312.306 622.206 912.681  1210.8 1514.69
8.34578 313.306 624.234 915.681 1214.75 1519.69
8.34578 314.306 626.234 918.692 1218.74 1524.68
8.37307 315.306 628.234 921.692 1222.73 1529.67
8.37307  316.32 630.255 924.657 1226.73 1534.67
8.37307  317.32 632.295 927.649 1230.73 1539.64
8.37307  318.34 634.327 930.649 1234.73 1544.58
8.39987  319.34 636.357 933.649 1238.73 1549.53
8.39987 320.365 638.357 936.648 1242.73  1554.5
8.39987 321.385 640.389 939.648 1246.73 1559.45
8.39987 322.385 642.389 942.658 1250.72 1564.45
8.42665 323.385 644.389 945.658 1254.71 1569.43
8.45254 324.379 646.369 948.658 1258.71 1574.43
8.45254 325.393  648.39 951.624 1262.71 1579.43
8.45254 326.407  650.41 954.589 1266.71 1584.43
8.47914 327.407  652.41 957.589 1270.69 1589.42
8.47914 328.407  654.41 960.599 1274.69 1594.42
8.47914 329.434  656.41 963.599 1278.68  1599.4
8.50558 330.434  658.41 966.599 1282.66 1604.39
8.53184 331.454  660.41 969.599 1286.66 1609.34
8.53184 332.472 662.439 972.599 1290.61 1614.34
8.53184 333.492  664.47 975.599 1294.61 1619.29
 8.5579 334.492 666.499 978.599 1298.61 1624.24
8.58417 335.492 668.499 981.599  1302.6 1629.22
8.58417 336.511  670.53 984.599  1306.6 1634.17
8.61037 337.511  672.53 987.599 1310.59 1639.16
8.63649 338.511  674.53 990.596 1314.57 1644.16
8.63649 339.511 676.572 993.596 1318.55 1649.14
 8.6624  340.53 678.572 996.596  1322.5 1654.14
 8.6624 341.548 680.601 999.596 1326.45 1659.14
 8.6624 342.548 682.639 1002.59 1330.45 1664.11
 8.6883 343.548 684.639 1005.59 1334.43 1669.11
8.71343 344.542  686.62 1008.59 1338.43 1674.11
8.71343  345.56  688.65 1011.59 1342.43 1679.06
8.71343  346.56  690.65  1014.6 1346.43 1684.05
8.71343  347.56 692.688 1017.59 1350.43 1689.02
  8.739  348.58 694.688 1020.59 1354.43 1693.98
8.76472  349.58 696.688 1023.59 1358.41 1698.96
8.79039  350.58 698.688 1026.59 1362.41 1703.94
8.79039 351.606 700.688 1029.59  1366.4 1708.93
8.81525   352.6 702.669 1032.59  1370.4 1713.93
 8.8409   353.6 704.669 1035.59 1374.39 1718.91
 8.8409   354.6  706.71 1038.59 1378.37 1723.89
 8.8409 355.613 708.729 1041.56 1382.37 1728.89
 8.8409 356.639 710.729 1044.56 1386.36 1733.88
8.86609 357.639 712.754 1047.56 1390.31 1738.88
8.86609 358.639 714.791 1050.55 1394.31 1743.85
8.89128 359.658 716.791 1053.55 1398.31  1748.8
8.89128 360.658 718.827 1056.54 1402.28  1753.8
 8.9162 361.658 720.842  1059.5 1406.28  1758.8
8.94142 362.658 722.842  1062.5 1410.26  1763.8
8.96651 363.676 724.842  1065.5 1414.21  1768.8
8.96651 364.676 726.878 1068.49 1418.21 1773.77
8.96651 365.676 728.915 1071.49 1422.21 1778.74
8.96651 366.676 730.955 1074.49 1426.19 1783.72
8.99152 367.676 732.955 1077.48 1430.17 1788.72
8.99152 368.676 734.955 1080.49 1434.17 1793.72
9.01633 369.693 736.955 1083.49 1438.12 1798.72
9.04058 370.687 738.937 1086.49 1442.12 1803.72
9.06539 371.705 740.937 1089.49 1446.08 1808.72
9.09015 372.705 742.961 1092.49 1450.03 1813.72
9.09015 373.705 744.996 1095.49    1454 1818.72
9.11503 374.705 746.996 1098.48    1458  1823.7
9.11503 375.705 749.036 1101.48 1461.99 1828.68
9.13956 376.716 751.036 1104.45 1465.99 1833.68
9.13956 377.716 753.072 1107.44 1469.99 1838.65
 9.1643 378.716 755.072 1110.44 1473.96 1843.65
 9.1643 379.716 757.072 1113.45 1477.96 1848.64
 9.1643 380.738 759.072 1116.45 1481.96 1853.62
 9.1889 381.738 761.072 1119.44 1485.96  1858.6
9.21283 382.733 763.054 1122.44 1489.96  1863.6
9.21283 383.733 765.089 1125.44 1493.96 1868.57
9.21283 384.733 767.124 1128.43 1497.96 1873.54
9.21283 385.757 769.124 1131.43 1501.95 1878.53
9.21283 386.769 771.143  1134.4 1505.95 1883.53
9.21283 387.792 773.143  1137.4 1509.95 1888.51
9.21283 388.814 775.143  1140.4 1513.95 1893.49
9.21283 389.838 777.143  1143.4 1517.93 1898.47
9.21283 390.862 779.143  1146.4 1521.92 1903.46
9.21283 391.879 781.169  1149.4 1525.88 1908.46
9.21283 392.879 783.203 1152.39 1529.85 1913.46
9.23654  393.89 785.203 1155.36 1533.85 1918.46
9.26025 394.901 787.203 1158.32 1537.85 1923.46
9.26025 395.925 789.203 1161.32 1541.84 1928.45
9.28406 396.943 791.203 1164.32 1545.84 1933.41
9.30787 397.961 793.203 1167.32 1549.84 1938.37
9.33164 398.961 795.228 1170.32 1553.84 1943.32
9.33164 399.983 797.228 1173.32 1557.82 1948.32
9.33164 401.007 799.228 1176.32 1561.81  1953.3
9.33164 402.031 801.228 1179.32  1565.8 1958.29
9.35472 403.025 803.211 1182.32  1569.8 1963.29
9.37819 404.036 805.211 1185.29  1573.8 1968.29
 9.4019 405.036 807.211 1188.28 1577.78 1973.29
 9.4019 406.036 809.211 1191.29 1581.77 1978.29
 9.4019 407.058 811.211 1194.29 1585.77 1983.27
9.42555 408.058 813.211 1197.29 1589.76 1988.26
9.44914 409.058 815.211 1200.29 1593.74 1993.26
9.47274 410.058 817.211 1203.29 1597.74 1998.23
9.49607 411.058 819.224 1206.25 1601.74 2003.23
9.49607 412.075  821.25 1209.25 1605.74 2008.19
9.49607 413.075 823.283 1212.24 1609.71 2013.19
9.51947 414.093 825.283 1215.24 1613.71 2018.15
 9.5427 415.103 827.283 1218.21 1617.71 2023.15
 9.5427 416.103 829.316  1221.2 1621.71 2028.12
 9.5427 417.119 831.341  1224.2 1625.67 2033.12
 9.5427 418.131 833.358 1227.17 1629.67 2038.12
 9.5427 419.155 835.358 1230.17 1633.66 2043.11
 9.5427 420.155 837.392 1233.17 1637.66 2048.08
 9.5427 421.176 839.392 1236.17 1641.66 2053.06
9.56524 422.171 841.374 1239.17 1645.66 2058.06
9.58778 423.166 843.357 1242.17 1649.66 2063.06
9.58778 424.183 845.383 1245.17 1653.66 2068.02
9.61062 425.193 847.383 1248.13 1657.66 2073.02
 9.6337 426.193 849.383 1251.13 1661.64 2078.02
 9.6337 427.215 851.383 1254.13 1665.62 2083.02
9.65664 428.232 853.383 1257.13 1669.62 2087.98
9.65664 429.232 855.416 1260.12 1673.62 2092.95
9.67952 430.249 857.416 1263.12 1677.62 2097.91
9.67952 431.265  859.44 1266.12 1681.58 2102.91
9.67952  432.28 861.464 1269.12 1685.54 2107.91
9.67952  433.28   863.5 1272.12 1689.53 2112.89
9.70237  434.28   865.5 1275.12 1693.52 2117.88
9.70237 435.296 867.524 1278.12 1697.48 2122.88
9.72513 436.296 869.524 1281.12 1701.48 2127.86
9.74789 437.296 871.524 1284.12 1705.48 2132.84
9.74789 438.317 873.524 1287.11 1709.46 2137.84
9.77059 439.317 875.524 1290.11 1713.44 2142.84
9.79271 440.312 877.507 1293.11 1717.44 2147.84
 9.8153 441.327 879.507 1296.11  1721.4 2152.84
 9.8153 442.344 881.532 1299.11  1725.4  2157.8
 9.8153 443.356 883.549 1302.08  1729.4  2162.8
9.83794 444.356 885.549 1305.08 1733.39 2167.79
9.83794 445.372 887.574 1308.08 1737.39 2172.75
9.86035 446.372 889.595 1311.08 1741.34 2177.75
9.88278 447.372 891.619 1314.08 1745.34  2182.7
9.90524 448.389 893.619 1317.08 1749.34 2187.66
9.92767 449.404 895.619 1320.08 1753.31 2192.66
9.92767 450.425 897.619 1323.08 1757.29 2197.66
9.94994 451.435 899.619 1326.05 1761.29 2202.66
9.97229 452.435  901.64 1329.05 1765.24 2207.66
9.97229 453.435  903.64 1332.06 1769.24 2212.66
9.97229  454.45 905.663 1335.06  1773.2 2217.66
9.99444  455.45 907.675 1338.02  1777.2 2222.66
10.0169  456.45 909.675 1341.02 1781.19 2227.65
10.0387 457.445 911.658 1344.02 1785.19 2232.65
10.0387 458.461 913.681 1347.02 1789.15 2237.65
10.0387 459.481 915.681 1350.02 1793.13 2242.65
10.0387 460.496 917.704 1353.02  1797.1 2247.65
 10.061 461.496 919.704 1356.02  1801.1 2252.63
 10.061 462.516 921.704 1359.02 1805.08 2257.63
 10.061 463.537 923.704 1362.01 1809.06 2262.63
10.0831 464.537 925.704 1365.01 1813.06 2267.61
10.0831 465.557 927.704 1368.01 1817.04 2272.61
10.1052 466.557 929.704 1371.01 1821.04 2277.59
10.1052 467.568  931.72 1373.98 1825.04 2282.59
10.1271 468.584  933.72 1376.98    1829 2287.59
10.1492 469.584  935.72 1379.98 1832.99 2292.59
10.1711 470.599  937.72 1382.98 1836.95 2297.59
10.1931 471.614  939.72 1385.98 1840.91 2302.59
10.1931 472.636  941.72 1388.98  1844.9 2307.57
10.2145 473.631 943.703 1391.98  1848.9 2312.57
10.2364 474.648 945.703 1394.98  1852.9 2317.54
10.2364 475.648 947.703 1397.98 1856.89 2322.53
10.2364 476.668 949.703 1400.98 1860.89 2327.51
10.2364 477.684 951.727 1403.98 1864.89 2332.47
10.2582 478.684 953.747 1406.98 1868.85 2337.47
10.2582 479.699 955.771 1409.98 1872.85 2342.44
10.2582 480.699 957.801 1412.98 1876.85 2347.41
10.2582 481.719 959.801 1415.98 1880.84 2352.41
10.2799 482.719 961.801 1418.97 1884.82 2357.41
10.2799 483.719 963.834 1421.97  1888.8 2362.39
10.3013 484.729 965.834 1424.94  1892.8 2367.39
 10.323 485.729 967.834 1427.94 1896.78 2372.39
10.3447 486.729 969.834 1430.94 1900.77 2377.38
10.3664 487.729 971.834 1433.94 1904.76 2382.37
10.3876 488.725 973.818 1436.94 1908.76 2387.37
10.3876 489.725 975.847 1439.93 1912.76 2392.35
10.4091 490.725 977.867 1442.93 1916.72 2397.35
10.4307 491.725 979.867 1445.93  1920.7 2402.35
10.4307  492.74 981.891 1448.93  1924.7 2407.31
10.4307 493.761 983.891 1451.93 1928.69  2412.3
10.4307 494.781 985.891 1454.93 1932.67  2417.3
10.4517 495.776 987.874 1457.93 1936.67  2422.3
10.4517 496.776 989.906 1460.93 1940.66 2427.28
10.4517 497.796 991.906 1463.93 1944.64 2432.28
10.4517 498.815 993.906 1466.92 1948.64 2437.26
10.4517  499.83 995.928 1469.92  1952.6 2442.26
 10.473  500.83 997.928 1472.92 1956.58 2447.26
 10.473  501.83 999.928 1475.93 1960.58 2452.26
10.4942 502.845 1001.93 1478.93 1964.54 2457.26
10.5154 503.845 1003.95 1481.93 1968.54 2462.22
10.5154 504.845 1005.95 1484.94 1972.54 2467.22
10.5361  505.84 1007.93 1487.94 1976.54 2472.22
10.5361  506.84 1009.96 1490.93 1980.52 2477.22
10.5572 507.855 1011.96 1493.93 1984.48 2482.22
10.5779  508.85 1013.95 1496.93 1988.48 2487.22
10.5779  509.85 1015.97 1499.93 1992.46 2492.22
10.5988  510.85 1017.98 1502.89 1996.46 2497.22
10.6199 511.866 1019.98 1505.89 2000.46 2502.18
10.6199 512.866 1022.01 1508.89 2004.43 2507.18
 10.641 513.866 1024.01 1511.89 2008.42 2512.17
10.6621 514.866 1026.01 1514.89 2012.41 2517.16
10.6621 515.886 1028.01 1517.89  2016.4 2522.15
10.6621 516.886 1030.04 1520.88 2020.38 2527.15
10.6827 517.882 1032.02 1523.88 2024.38 2532.15
10.6827 518.901 1034.02 1526.88 2028.38 2537.13
10.6827 519.915 1036.05 1529.88 2032.35 2542.13
10.7034 520.915 1038.06 1532.85 2036.35 2547.13
10.7242 521.915 1040.07 1535.85 2040.31 2552.13
10.7242  522.93  1042.1 1538.85 2044.31 2557.09
10.7452  523.93  1044.1 1541.85 2048.29 2562.08
10.7452  524.93  1046.1 1544.86 2052.29 2567.08
10.7452  525.93 1048.13 1547.86 2056.27 2572.06
10.7659 526.944 1050.13 1550.86 2060.24 2577.06
10.7865 527.953 1052.13 1553.83 2064.24 2582.06
10.8071 528.953 1054.14  1556.8 2068.24 2587.06
10.8278 529.953 1056.16  1559.8  2072.2 2592.06
10.8278 530.968 1058.18  1562.8  2076.2 2597.03
10.8485 531.968  1060.2  1565.8  2080.2 2601.99
10.8485 532.987  1062.2 1568.79 2084.18 2606.99
10.8485 534.005  1064.2 1571.79 2088.17 2611.99
10.8485 535.016 1066.21 1574.77 2092.17 2616.99
10.8485 536.016 1068.24 1577.76 2096.14 2621.99
 10.869 537.016 1070.26 1580.76 2100.11 2626.99
 10.869 538.031 1072.28 1583.76 2104.11 2631.95
 10.869 539.049 1074.28 1586.76 2108.11 2636.93
 10.869 540.049 1076.31 1589.76 2112.08 2641.93
10.8895 541.049 1078.31 1592.76 2116.07 2646.92
  10.91 542.049 1080.31 1595.75 2120.06 2651.92
10.9305 543.049 1082.31 1598.75 2124.04 2656.92
10.9305  544.06 1084.32 1601.73 2128.04 2661.92
10.9505 545.056 1086.31 1604.73 2132.04 2666.92
10.9709 546.056 1088.31 1607.72 2136.04  2671.9
10.9913 547.056 1090.33 1610.72    2140  2676.9
10.9913 548.056 1092.36 1613.72 2143.98 2681.89
10.9913 549.056 1094.39 1616.72 2147.97 2686.87
11.0116  550.07 1096.39 1619.72 2151.97 2691.84
 11.032  551.07 1098.39 1622.72 2155.95 2696.84
 11.032  552.09 1100.39 1625.72 2159.94 2701.83
 11.032 553.104 1102.41 1628.72 2163.91 2706.83
 11.032 554.118 1104.43 1631.72 2167.91 2711.79
 11.032 555.118 1106.43 1634.73  2171.9 2716.79
 11.032 556.118 1108.43 1637.73  2175.9 2721.79
11.0521 557.118 1110.45 1640.73  2179.9 2726.75
11.0521 558.118 1112.45 1643.74 2183.89 2731.75
11.0521 559.118 1114.48 1646.74 2187.87 2736.75
11.0521 560.118 1116.48 1649.74 2191.87 2741.74
11.0521 561.118  1118.5 1652.74 2195.87 2746.72
11.0521 562.118 1120.53 1655.73 2199.85 2751.72
 11.072 563.118 1122.55 1658.73 2203.85 2756.68
11.0921 564.118 1124.55 1661.73 2207.83 2761.67
11.0921 565.128 1126.56 1664.71 2211.83 2766.67
11.0921 566.138 1128.58 1667.69 2215.83 2771.67
11.0921 567.158 1130.58 1670.69 2219.82 2776.66
11.0921 568.177 1132.58 1673.69 2223.81 2781.65
11.0921 569.177  1134.6 1676.68 2227.81 2786.63
11.1119 570.177  1136.6 1679.68  2231.8 2791.63
11.1119 571.177 1138.63 1682.68 2235.78 2796.62
11.1119 572.197 1140.63 1685.68 2239.77 2801.61
11.1315 573.197 1142.64 1688.65 2243.77 2806.61
11.1511 574.205 1144.64 1691.62 2247.77 2811.61
11.1511 575.205 1146.67 1694.61 2251.75 2816.61
11.1707 576.205 1148.69 1697.61 2255.71 2821.61
11.1707 577.205 1150.71 1700.61 2259.71 2826.59
11.1707 578.205 1152.74  1703.6 2263.69 2831.59
11.1903 579.205 1154.74  1706.6 2267.69 2836.57
11.2099 580.205 1156.76  1709.6 2271.66 2841.57
11.2099 581.205 1158.79  1712.6 2275.64 2846.55
11.2099 582.205 1160.81  1715.6 2279.62 2851.55
11.2293 583.205 1162.82 1718.57 2283.62 2856.55
11.2485 584.201 1164.81 1721.57 2287.62 2861.55
11.2485 585.201 1166.84 1724.57 2291.61 2866.54
11.2485 586.201 1168.86 1727.56 2295.59 2871.54
11.2678 587.209 1170.86 1730.53 2299.59 2876.54
11.2678 588.228 1172.86 1733.53 2303.58 2881.53
11.2678 589.246 1174.86 1736.53 2307.56 2886.53
11.2678 590.246 1176.89 1739.53 2311.54 2891.52
11.2678 591.265 1178.89 1742.53 2315.53 2896.51
11.2868  592.26 1180.88 1745.53 2319.53 2901.51
11.2868 593.278 1182.88 1748.53 2323.53 2906.49
11.3057 594.273 1184.86 1751.53 2327.53 2911.49
11.3057 595.291 1186.86 1754.53 2331.52 2916.49
 11.325 596.304 1188.86 1757.53 2335.49 2921.49
 11.325 597.304 1190.86 1760.54 2339.48 2926.49
11.3442 598.304 1192.88 1763.54 2343.45 2931.49
11.3633 599.312 1194.88 1766.51 2347.45 2936.49
11.3633 600.331 1196.88 1769.51 2351.44 2941.48
11.3825 601.331 1198.88 1772.51 2355.44 2946.46
11.4014 602.327 1200.87 1775.51 2359.44 2951.46
11.4014 603.327 1202.89  1778.5 2363.42 2956.46
11.4014 604.344 1204.89  1781.5 2367.42 2961.45
11.4014 605.344 1206.89 1784.51 2371.41 2966.45
11.4205 606.357 1208.89 1787.51 2375.38 2971.45
11.4205  607.37 1210.91 1790.51 2379.38 2976.41
11.4395  608.37 1212.93 1793.51 2383.34 2981.41
11.4395  609.37 1214.96  1796.5 2387.34 2986.39
11.4395 610.387 1216.96  1799.5 2391.33 2991.39
11.4582 611.383 1218.94  1802.5 2395.33 2996.39
11.4582 612.396 1220.96  1805.5  2399.3 3001.39
11.4768 613.392 1222.95  1808.5  2403.3 3006.39
11.4957 614.405 1224.95  1811.5  2407.3 3011.36
11.4957 615.405 1226.97 1814.49 2411.28 3016.36
11.5147 616.419 1228.97 1817.49 2415.28 3021.33
11.5336 617.419 1230.99 1820.49 2419.28 3026.29
11.5336 618.419 1233.02 1823.49 2423.28 3031.27
11.5526 619.419 1235.02 1826.49 2427.27 3036.26
11.5526 620.419 1237.04 1829.48 2431.25 3041.26
11.5526 621.428 1239.05 1832.46 2435.25 3046.26
11.5711 622.424 1241.04 1835.46 2439.25 3051.26
11.5899 623.437 1243.04 1838.46 2443.21 3056.26
11.5899 624.455 1245.04 1841.46  2447.2 3061.25
11.6088 625.455 1247.04 1844.46  2451.2 3066.23
11.6276 626.468 1249.04 1847.46  2455.2  3071.2
11.6276 627.485 1251.04 1850.46  2459.2 3076.19
11.6465 628.485 1253.04 1853.46 2463.19 3081.18
11.6652 629.485 1255.06 1856.46 2467.16 3086.18
11.6652 630.503 1257.06 1859.46 2471.15 3091.17
11.6652  631.52 1259.06 1862.46 2475.15 3096.15
11.6652  632.52 1261.08 1865.45 2479.13 3101.15
11.6652  633.52 1263.08 1868.46 2483.12 3106.15
11.6652 634.533  1265.1 1871.46 2487.12 3111.12
11.6838 635.546  1267.1 1874.46 2491.09 3116.12
11.6838 636.546 1269.13 1877.45 2495.09  3121.1
11.7024 637.546 1271.14 1880.45 2499.09 3126.06
11.7209 638.554 1273.14 1883.43 2503.09 3131.06
11.7209 639.563 1275.16  1886.4 2507.09 3136.06
11.7209 640.576 1277.18  1889.4 2511.09 3141.03
11.7394 641.576 1279.19  1892.4 2515.06 3146.03
11.7394 642.593 1281.19  1895.4 2519.04 3151.03
 11.758 643.593 1283.19  1898.4 2523.03 3156.02
 11.758 644.609 1285.19  1901.4 2527.03 3161.01
 11.758 645.626 1287.19  1904.4 2531.02 3166.01
 11.758 646.643 1289.19  1907.4 2535.02 3170.99
 11.758 647.643 1291.19  1910.4 2539.01 3175.99
11.7761 648.639 1293.18  1913.4 2543.01 3180.99
11.7944 649.647 1295.18 1916.38 2547.01 3185.99
11.7944 650.659  1297.2 1919.38 2550.98 3190.99
11.7944 651.672 1299.22 1922.38 2554.98 3195.96
11.8128 652.672 1301.22 1925.38 2558.97 3200.95
11.8311 653.672 1303.23 1928.38 2562.94 3205.95
11.8494 654.672 1305.25 1931.38  2566.9 3210.95
11.8678 655.672 1307.25 1934.38 2570.89 3215.94
11.8678 656.688 1309.25 1937.38 2574.88 3220.94
11.8678 657.688 1311.28 1940.38 2578.87 3225.93
11.8678 658.705 1313.28 1943.38 2582.85 3230.93
11.8862 659.705 1315.28 1946.37 2586.85 3235.91
11.9044 660.718 1317.28 1949.37 2590.85 3240.88
11.9226  661.73 1319.28 1952.37 2594.82 3245.88
11.9226  662.73  1321.3 1955.37 2598.82 3250.86
11.9408 663.738  1323.3 1958.34 2602.82 3255.86
11.9408 664.756  1325.3 1961.34 2606.81 3260.85
 11.959 665.768  1327.3 1964.34 2610.78 3265.85
11.9772 666.768  1329.3 1967.34 2614.77 3270.85
11.9772 667.768 1331.32 1970.34 2618.77 3275.83
11.9772 668.785 1333.32 1973.34 2622.76 3280.82
 11.995 669.782 1335.31 1976.34 2626.76 3285.82
 11.995 670.782 1337.31 1979.34 2630.75 3290.82
12.0131 671.789 1339.31 1982.32 2634.75 3295.82
12.0312 672.789 1341.33 1985.32 2638.75 3300.78
12.0312 673.807 1343.33 1988.32 2642.74 3305.78
12.0492 674.807 1345.34 1991.32 2646.74 3310.74
12.0672 675.807 1347.35 1994.29 2650.74 3315.74
12.0672 676.807 1349.38 1997.29 2654.73 3320.73
12.0852 677.815 1351.38 2000.26 2658.73 3325.73
12.1033 678.815 1353.38 2003.26 2662.72 3330.72
12.1033 679.832 1355.38 2006.26 2666.71 3335.71
12.1213 680.844 1357.38 2009.26 2670.68 3340.71
12.1395 681.844 1359.38 2012.26 2674.67  3345.7
12.1575 682.844  1361.4 2015.26 2678.67 3350.67
12.1575  683.86  1363.4 2018.26 2682.66 3355.67
12.1756  684.86  1365.4 2021.26 2686.65 3360.66
12.1936 685.873  1367.4 2024.26 2690.65 3365.63
12.2115 686.873 1369.41 2027.24 2694.65 3370.63
12.2115 687.873 1371.43 2030.23 2698.65 3375.61
12.2115 688.873 1373.45 2033.23 2702.63 3380.61
12.2115 689.885 1375.47 2036.23 2706.63 3385.58
12.2115 690.903 1377.47 2039.23 2710.62 3390.57
12.2115 691.915 1379.49 2042.23 2714.62 3395.54
12.2115 692.932 1381.49 2045.23 2718.61 3400.53
12.2115 693.941  1383.5 2048.21 2722.61 3405.53
12.2115 694.959  1385.5 2051.21  2726.6 3410.52
 12.229 695.955 1387.49 2054.21  2730.6 3415.52
 12.229 696.955 1389.51  2057.2  2734.6  3420.5
 12.229 697.971 1391.51  2060.2 2738.59  3425.5
 12.229 698.988 1393.51  2063.2 2742.58  3430.5
12.2467 700.001 1395.51  2066.2 2746.58 3435.47
12.2644 701.013 1397.51  2069.2 2750.58 3440.43
12.2821 702.025 1399.51  2072.2 2754.55 3445.43
12.2821 703.037 1401.53  2075.2 2758.52 3450.43
12.2997 704.037 1403.54 2078.17 2762.52 3455.43
12.2997 705.037 1405.56 2081.17  2766.5 3460.42
12.3171 706.033 1407.55 2084.17  2770.5 3465.42
12.3171 707.033 1409.57 2087.17 2774.49 3470.42
12.3171 708.049 1411.57 2090.17 2778.49 3475.41
12.3171 709.049  1413.6 2093.16 2782.49 3480.39
12.3171 710.049 1415.62 2096.16 2786.47 3485.39
12.3171 711.061 1417.64 2099.16 2790.47 3490.36
12.3171 712.061 1419.66 2102.15 2794.47 3495.34
12.3346 713.074 1421.66 2105.15 2798.47 3500.31
12.3518  714.07 1423.65 2108.15 2802.47 3505.31
12.3693 715.078 1425.65 2111.13 2806.47 3510.31
12.3693 716.078 1427.67 2114.12 2810.45 3515.31
12.3868 717.078 1429.67 2117.12 2814.44  3520.3
12.3868 718.078 1431.69 2120.12 2818.43 3525.29
12.4043  719.09 1433.69 2123.12 2822.43 3530.26
12.4043  720.09 1435.69 2126.13 2826.42 3535.26
12.4217 721.098 1437.69 2129.11 2830.42 3540.26
 12.439 722.098  1439.7 2132.08 2834.42 3545.26
 12.439 723.098 1441.73 2135.08 2838.42 3550.24
12.4564 724.098 1443.74 2138.08 2842.39 3555.24
12.4739 725.098 1445.74 2141.07 2846.39 3560.22
12.4739 726.098 1447.77 2144.07 2850.38 3565.21
12.4739 727.098 1449.79 2147.07 2854.38 3570.19
12.4739  728.11 1451.81 2150.07 2858.35 3575.19
12.4909 729.106 1453.79 2153.07 2862.35 3580.19
12.4909 730.106 1455.82 2156.06 2866.33 3585.19
12.5083 731.106 1457.82 2159.06 2870.32 3590.19
12.5083 732.117 1459.83 2162.06 2874.29 3595.19
12.5083 733.117 1461.86 2165.06 2878.28 3600.18
12.5255 734.125 1463.86 2168.04 2882.28 3605.18
12.5427 735.136 1465.86 2171.04 2886.25 3610.18
12.5427 736.145 1467.87 2174.02 2890.25 3615.18
12.5427 737.161 1469.87 2177.01 2894.25 3620.17
12.5427 738.176 1471.87 2180.01 2898.23 3625.17
12.5427 739.192 1473.87 2183.01 2902.23 3630.16
12.5599 740.204 1475.87 2186.01  2906.2 3635.16
12.5599  741.22 1477.87 2189.01 2910.19 3640.15
12.5599  742.22 1479.89 2192.01 2914.17 3645.15
 12.577  743.22  1481.9 2194.98 2918.17 3650.15
 12.577 744.237  1483.9 2197.98 2922.16 3655.14
 12.577 745.237 1485.92 2200.98 2926.14 3660.14
 12.577 746.252 1487.92 2203.98 2930.13 3665.14
 12.577 747.264 1489.94 2206.98  2934.1 3670.14
 12.577 748.275 1491.96 2209.98 2938.07 3675.14
 12.594 749.287 1493.96 2212.98 2942.04 3680.14
12.6109 750.287 1495.96 2215.95 2946.04 3685.14
12.6109 751.298 1497.98 2218.95 2950.02 3690.14
12.6109  752.31    1500 2221.95 2953.99 3695.14
12.6109  753.31 1502.02 2224.95 2957.99 3700.12
12.6109  754.31 1504.04 2227.94 2961.99 3705.11
12.6109  755.31 1506.06 2230.94 2965.99 3710.09
12.6278 756.322 1508.06 2233.94 2969.99 3715.06
12.6444 757.318 1510.05 2236.94 2973.99 3720.06
12.6444 758.318 1512.05 2239.94 2977.98 3725.06
12.6444  759.33 1514.07 2242.94 2981.96 3730.06
12.6444 760.338 1516.08 2245.92 2985.96 3735.06
12.6444 761.347 1518.09  2248.9 2989.96 3740.06
12.6444 762.347 1520.11  2251.9 2993.96 3745.04
12.6613 763.347 1522.11  2254.9 2997.94 3750.04
12.6613 764.347 1524.11  2257.9 3001.94 3755.04
12.6613 765.347 1526.14  2260.9 3005.94 3760.02
12.6781 766.347 1528.14  2263.9 3009.93 3765.01
12.6945 767.344 1530.12  2266.9 3013.93 3770.01
12.7112 768.351 1532.12 2269.87 3017.93 3775.01
12.7112 769.351 1534.14 2272.87 3021.91 3780.01
12.7112 770.367 1536.14 2275.87  3025.9    3785
12.7277 771.364 1538.13 2278.87  3029.9    3790
12.7277 772.364 1540.13 2281.88  3033.9    3795
12.7443 773.364 1542.15 2284.88 3037.87    3800
12.7443 774.364 1544.17 2287.87 3041.85    3805
12.7609 775.371 1546.17 2290.85 3045.85    3810
12.7775 776.371 1548.18 2293.82 3049.85    3815
12.7775 777.383 1550.19 2296.82 3053.85 3819.97
12.7938 778.379 1552.18 2299.82 3057.85 3824.97
12.7938 779.394 1554.18 2302.82 3061.85 3829.96
12.7938 780.403 1556.19  2305.8 3065.85 3834.96
12.7938 781.403 1558.21  2308.8 3069.83 3839.96
12.8104 782.403 1560.23  2311.8 3073.83 3844.93
12.8104 783.403 1562.25 2314.79 3077.82 3849.93
12.8104 784.411 1564.26 2317.77 3081.82 3854.93
12.8104 785.411 1566.29 2320.77  3085.8 3859.92
12.8268 786.411 1568.29 2323.75  3089.8 3864.92
12.8268 787.426 1570.29 2326.75 3093.79 3869.92
12.8434 788.426 1572.29 2329.75 3097.78 3874.91
12.8598 789.437 1574.29 2332.75 3101.78 3879.88
12.8762 790.445 1576.29 2335.72 3105.78 3884.88
12.8762 791.456 1578.31 2338.72 3109.78 3889.85
12.8762 792.456 1580.31 2341.73 3113.78 3894.85
12.8762 793.456 1582.33 2344.72 3117.76 3899.85
12.8762 794.456 1584.35 2347.72 3121.76 3904.83
12.8926 795.456 1586.36 2350.69 3125.76 3909.83
12.8926 796.467 1588.38 2353.69 3129.73 3914.83
12.9089 797.467 1590.39 2356.69 3133.73  3919.8
12.9253 798.467 1592.39 2359.69 3137.73 3924.79
12.9253 799.467 1594.42 2362.69 3141.73 3929.77
12.9417 800.467 1596.42 2365.69 3145.73 3934.76
12.9417 801.467 1598.44 2368.68 3149.72 3939.76
12.9417 802.483 1600.44 2371.68 3153.71 3944.75
12.9581 803.483 1602.44 2374.68  3157.7 3949.74
12.9581 804.494 1604.45 2377.68  3161.7 3954.71
12.9581 805.509 1606.45 2380.68  3165.7  3959.7
12.9744  806.52 1608.45 2383.68 3169.67  3964.7
12.9744  807.52 1610.48 2386.68 3173.66 3969.69
12.9744 808.528 1612.49 2389.66 3177.66 3974.69
12.9744 809.539 1614.51 2392.66 3181.66 3979.66
12.9905 810.547 1616.51 2395.64 3185.66 3984.66
12.9905 811.547 1618.51 2398.64 3189.66 3989.66
12.9905 812.557 1620.52 2401.64 3193.63 3994.66
12.9905 813.566 1622.53 2404.62 3197.63 3999.66
12.9905 814.566 1624.53 2407.63 3201.63 4004.66
13.0066 815.566 1626.54  2410.6 3205.63 4009.66
13.0226 816.573 1628.54 2413.58 3209.63 4014.66
13.0226 817.573 1630.56 2416.58 3213.61 4019.66
13.0385  818.57 1632.55 2419.58 3217.61 4024.66
13.0385  819.57 1634.57 2422.57 3221.59 4029.66
13.0547  820.57 1636.57 2425.57 3225.58 4034.66
13.0705 821.566 1638.56 2428.57 3229.58 4039.66
13.0864 822.563 1640.55 2431.57 3233.58 4044.66
13.1022 823.559 1642.53 2434.57 3237.58 4049.66
13.1183 824.559 1644.53 2437.57 3241.58 4054.64
13.1183  825.57 1646.55 2440.57 3245.58 4059.62
13.1344  826.57 1648.57 2443.57 3249.55 4064.62
13.1502 827.567 1650.55 2446.57 3253.55 4069.62
13.1661 828.563 1652.54 2449.57 3257.55 4074.62
13.1821 829.574 1654.54 2452.57 3261.52 4079.62
13.1982 830.585 1656.54 2455.57 3265.52 4084.59
13.1982 831.585 1658.56 2458.56 3269.52 4089.57
13.2143 832.585 1660.56 2461.56 3273.51 4094.56
13.2143 833.585 1662.56 2464.57 3277.51 4099.56
13.2303 834.585 1664.58 2467.57 3281.48 4104.56
13.2463 835.585 1666.59 2470.57 3285.45 4109.56
13.2463 836.599 1668.59 2473.57 3289.45 4114.55
13.2624 837.599 1670.59 2476.56 3293.45 4119.54
13.2784 838.599 1672.59 2479.56 3297.45 4124.52
13.2784 839.599 1674.59 2482.57 3301.45 4129.52
13.2784 840.608  1676.6 2485.55 3305.45 4134.52
13.2944 841.608 1678.61 2488.55 3309.42 4139.52
13.2944 842.608 1680.61 2491.55 3313.41 4144.52
13.3104 843.608 1682.61 2494.55  3317.4 4149.52
13.3104 844.608 1684.63 2497.55  3321.4  4154.5
13.3104 845.608 1686.66 2500.55 3325.39 4159.49
13.3263 846.608 1688.67 2503.55 3329.36 4164.49
13.3263 847.622 1690.67 2506.54 3333.35 4169.49
13.3263 848.622 1692.67 2509.55 3337.34 4174.49
13.3421 849.632 1694.67 2512.55 3341.32 4179.49
13.3581 850.632 1696.67 2515.55 3345.31 4184.48
13.3739 851.632 1698.68 2518.55 3349.28 4189.48
13.3739 852.632 1700.71 2521.54 3353.26 4194.48
13.3739 853.646 1702.71 2524.54 3357.25 4199.48
13.3897 854.656 1704.71 2527.54 3361.22 4204.48
13.3897 855.667 1706.72 2530.54 3365.22 4209.46
13.4055 856.667 1708.73 2533.52 3369.22 4214.46
13.4055 857.681 1710.73 2536.52 3373.21 4219.46
13.4055 858.695 1712.73 2539.52  3377.2 4224.46
13.4213 859.695 1714.73 2542.52 3381.19 4229.45
13.4371 860.702 1716.73 2545.49 3385.19 4234.45
13.4529 861.702 1718.73 2548.49 3389.18 4239.45
13.4529 862.702 1720.75 2551.49 3393.18 4244.43
13.4529  863.71 1722.76 2554.47 3397.18 4249.43
13.4687  864.71 1724.76 2557.47 3401.17 4254.43
13.4845  865.71 1726.76 2560.47 3405.15 4259.43
   13.5 866.706 1728.75 2563.47 3409.15 4264.43
   13.5  867.72 1730.75 2566.47 3413.14 4269.43
13.5157  868.72 1732.76 2569.47 3417.11 4274.43
13.5157 869.734 1734.76 2572.46  3421.1 4279.43
13.5314 870.741 1736.76 2575.44  3425.1 4284.43
 13.547 871.741 1738.77 2578.42  3429.1 4289.43
 13.547 872.741 1740.77 2581.42  3433.1 4294.42
 13.547 873.741 1742.77 2584.43 3437.09 4299.42
13.5624 874.737 1744.76 2587.43 3441.09 4304.42
13.5781 875.737 1746.77 2590.43 3445.06 4309.42
13.5938 876.737 1748.77 2593.43 3449.05 4314.42
13.6095 877.737 1750.78 2596.43 3453.05 4319.39
13.6251 878.748 1752.78 2599.43 3457.03 4324.39
13.6409 879.748 1754.78 2602.43 3461.01 4329.39
13.6409 880.748  1756.8 2605.42 3465.01 4334.37
13.6409 881.762  1758.8 2608.42 3469.01 4339.36
13.6409 882.776  1760.8 2611.42 3473.01 4344.35
13.6564 883.782  1762.8  2614.4 3477.01 4349.35
13.6564 884.797  1764.8  2617.4    3481 4354.34
13.6564 885.811  1766.8  2620.4    3485 4359.33
13.6719 886.811 1768.81 2623.37    3489 4364.33
13.6719 887.825 1770.81 2626.37 3492.99 4369.33
13.6719  888.84 1772.81 2629.37 3496.98 4374.32
13.6874  889.84 1774.82 2632.35 3500.98 4379.32
13.7029  890.84 1776.83 2635.35 3504.98 4384.29
13.7185  891.84 1778.83 2638.35 3508.98 4389.28
13.7185  892.85 1780.85 2641.35 3512.98 4394.25
 13.734 893.857 1782.85 2644.33 3516.98 4399.25
 13.734 894.857 1784.87 2647.32 3520.97 4404.25
 13.734 895.857 1786.89 2650.32 3524.96 4409.24
13.7495 896.857  1788.9 2653.32 3528.93 4414.24
13.7649 897.857 1790.91  2656.3 3532.93 4419.24
13.7649 898.865 1792.92 2659.28 3536.93 4424.24
13.7802 899.862 1794.91 2662.28 3540.93 4429.24
13.7954 900.858  1796.9 2665.28 3544.93 4434.24
13.8109 901.858 1798.91 2668.28  3548.9 4439.24
13.8264 902.858 1800.91 2671.28 3552.89 4444.24
13.8419 903.858 1802.93 2674.28 3556.89 4449.21
13.8573 904.869 1804.93 2677.28 3560.89 4454.18
13.8728 905.869 1806.94 2680.28 3564.89 4459.15
13.8728 906.869 1808.96 2683.28 3568.87 4464.14
13.8728 907.882 1810.96 2686.28 3572.87 4469.13
 13.888 908.879 1812.95 2689.28 3576.87 4474.13
 13.888 909.879 1814.97 2692.27 3580.87 4479.12
 13.888 910.889 1816.98 2695.27 3584.87 4484.09
13.9034   911.9 1818.98 2698.27 3588.87 4489.06
13.9186 912.896 1820.97 2701.27 3592.87 4494.06
13.9186 913.896 1822.99 2704.27 3596.86 4499.06
13.9186 914.911 1824.99 2707.27 3600.85 4504.06
 13.934 915.911 1827.01 2710.27 3604.85 4509.03
13.9494 916.911 1829.02 2713.27 3608.85    4514
13.9647 917.911 1831.03 2716.27 3612.82    4519
13.9647 918.925 1833.03 2719.27 3616.81 4523.99
13.9801 919.925 1835.03 2722.27 3620.81 4528.99
13.9955 920.925 1837.03 2725.27 3624.81 4533.97
14.0109 921.925 1839.03 2728.26 3628.81 4538.96
14.0109 922.925 1841.03 2731.27  3632.8 4543.96
14.0109 923.938 1843.03 2734.27  3636.8 4548.95
14.0262 924.945 1845.03 2737.25  3640.8 4553.95
14.0262 925.955 1847.05 2740.25 3644.78 4558.95
14.0262 926.962 1849.06 2743.23 3648.78 4563.95
14.0414 927.969 1851.06 2746.21 3652.78 4568.95
14.0414 928.979 1853.07 2749.21 3656.78 4573.92
14.0567 929.979 1855.07  2752.2 3660.78 4578.91
14.0719 930.979 1857.08 2755.18 3664.78 4583.91
14.0719 931.992 1859.08 2758.18 3668.77 4588.91
14.0719 932.992 1861.08 2761.18 3672.76 4593.91
14.0719 933.992  1863.1 2764.18 3676.76 4598.89
14.0719 934.992 1865.12 2767.18 3680.75 4603.89
14.0719 936.002 1867.13 2770.18 3684.75 4608.87
14.0871 937.002 1869.13 2773.17 3688.75 4613.85
14.0871 938.002 1871.13 2776.18 3692.74 4618.85
14.1024 939.002 1873.13 2779.18 3696.74 4623.85
14.1024 940.002 1875.15 2782.17 3700.74 4628.83
14.1175 941.002 1877.16 2785.15 3704.74 4633.83
14.1175 942.002 1879.16 2788.16 3708.73 4638.83
14.1326 943.012 1881.16 2791.16 3712.71 4643.83
14.1478 944.012 1883.16 2794.15 3716.71 4648.82
14.1628 945.012 1885.17 2797.13 3720.71 4653.82
 14.178 946.012 1887.17 2800.13  3724.7 4658.81
 14.193 947.009 1889.16 2803.13  3728.7 4663.81
14.2082 948.009 1891.16 2806.13  3732.7  4668.8
14.2082 949.009 1893.18 2809.13 3736.69 4673.79
14.2082 950.023 1895.18 2812.13 3740.68 4678.78
14.2082  951.03 1897.19 2815.11 3744.68 4683.78
14.2232  952.03  1899.2 2818.11 3748.65 4688.78
14.2384  953.03  1901.2 2821.11 3752.65 4693.77
14.2384 954.038 1903.21 2824.09 3756.65 4698.77
14.2534 955.038 1905.22 2827.09 3760.65 4703.74
14.2534 956.038 1907.24 2830.09 3764.64 4708.73
14.2684 957.044 1909.24 2833.07 3768.64 4713.73
14.2684 958.052 1911.25 2836.05 3772.64 4718.73
14.2834 959.052 1913.27 2839.05 3776.62 4723.73
14.2984 960.052 1915.27 2842.03 3780.62 4728.73
14.2984 961.065 1917.27 2845.03 3784.62 4733.72
14.2984 962.078 1919.27 2848.03 3788.61 4738.71
14.2984 963.091 1921.27 2851.03 3792.61  4743.7
14.2984 964.105 1923.27 2854.03  3796.6 4748.69
14.3134 965.105 1925.28 2857.01  3800.6 4753.69
14.3283 966.105 1927.29 2860.01  3804.6 4758.67
14.3283 967.105 1929.29 2863.01  3808.6 4763.66
14.3283 968.105 1931.32 2866.01 3812.59 4768.65
14.3433 969.115 1933.32 2869.01 3816.59 4773.63
14.3582 970.115 1935.33 2872.01 3820.56 4778.63
14.3582 971.129 1937.33 2875.01 3824.55 4783.62
14.3582 972.143 1939.33 2878.01 3828.54 4788.62
14.3582 973.143 1941.35 2881.01 3832.53 4793.62
14.3582 974.143 1943.37    2884 3836.53  4798.6
14.3582 975.152 1945.38    2887 3840.51  4803.6
14.3731 976.162 1947.38    2890 3844.48  4808.6
14.3731 977.162  1949.4    2893 3848.47  4813.6
14.3731 978.162 1951.42 2895.99 3852.47 4818.59
14.3879 979.171 1953.42 2898.99 3856.44 4823.59
14.4028 980.171 1955.42 2901.99 3860.44 4828.58
14.4028 981.181 1957.43 2904.99 3864.44 4833.55
14.4028 982.181 1959.45 2907.99 3868.42 4838.55
14.4028 983.181 1961.47 2910.99 3872.41 4843.55
14.4176 984.181 1963.48 2913.99 3876.38 4848.55
14.4176 985.194 1965.48 2916.99 3880.37 4853.55
14.4322 986.191 1967.47 2919.99 3884.37 4858.55
14.4469 987.191 1969.48 2922.96 3888.37 4863.55
14.4615 988.187 1971.47 2925.96 3892.37 4868.55
14.4615 989.187 1973.48 2928.96 3896.37 4873.54
14.4615 990.195 1975.49 2931.94 3900.37 4878.54
14.4762 991.195  1977.5 2934.92 3904.37 4883.54
14.4909 992.204  1979.5 2937.92 3908.34 4888.54
14.4909 993.214 1981.52 2940.92 3912.34 4893.52
14.4909 994.214 1983.52 2943.93 3916.34 4898.51
14.5056 995.214 1985.52  2946.9 3920.34 4903.51
14.5203 996.214 1987.52  2949.9 3924.33 4908.51
14.5203 997.227 1989.52  2952.9 3928.33  4913.5
14.5351 998.227 1991.52  2955.9 3932.32  4918.5
14.5351 999.227 1993.54 2958.89 3936.32 4923.49
14.5497 1000.24 1995.54 2961.89 3940.32 4928.46
14.5497 1001.25 1997.54 2964.89  3944.3 4933.46
14.5497 1002.26 1999.54 2967.89 3948.29 4938.46
14.5644 1003.26 2001.55 2970.89 3952.29 4943.44
14.5791 1004.26 2003.55 2973.89 3956.29 4948.42
14.5937 1005.26 2005.57 2976.89 3960.29  4953.4
14.6084 1006.26 2007.57 2979.89 3964.29 4958.38
14.6084 1007.26 2009.59 2982.88 3968.29 4963.37
14.6084 1008.27 2011.59 2985.88 3972.29 4968.36
14.6229 1009.27 2013.57 2988.88 3976.29 4973.36
14.6229 1010.28 2015.57 2991.88 3980.29 4978.35
14.6229 1011.28 2017.59 2994.87 3984.28 4983.35