2.33333 2.33333       3 2.33333       5       6
3.54023 3.54023       5 5.33333 7.58621      11
5.04582 4.54023       7 7.60149 10.8125      16
5.04582 5.54023 9.27727 10.6015   14.33 21.2052
6.10242 6.54023 11.2199 13.6015 17.3307 26.2052
7.20886 7.54023 13.2199 16.6015  20.473 30.9565
7.20886 8.82031 15.4642 19.6015 23.9486 35.9565
8.17557 9.82031 17.4642 22.6015 27.1601 40.7783
8.17557 11.0832 19.4642 25.6015  30.653 46.0225
8.99518 12.0832 21.4642 28.1681  34.653 50.6363
 9.7258 13.0647 23.4642  30.456  38.653 55.6363
10.4699 14.0642 25.4642  33.456  42.653 59.8927
10.4699 15.1959 27.5132  36.456  46.653  64.712
10.4699 16.1959 29.7517  39.422 50.4486  69.712
10.4699 17.1959 31.9347  42.422 54.1503 74.8272
10.4699 18.3228 34.0276 45.2022 58.1503 79.8272
11.0482 19.3349 36.0276 48.2022 62.1503 84.2367
11.6106 20.3191 38.0276 50.6556 66.1503 89.2367
11.6106 21.4605 40.0276 53.5013 70.1503 94.2497
11.6106 22.5629 42.0838 56.5013 74.1503 99.0911
11.6106 23.5629 44.0838 59.4525 78.0234 104.267
11.6106 24.6953 46.0838 62.3095 82.0234 109.278
12.1092 25.6953 48.0628 65.3095 85.5458 114.278
12.5917 26.6953 49.9779 67.9119 89.5458 119.278
12.5917 27.8195 52.0826 70.9119 93.3168 124.278
12.5917 28.8195 54.2071 73.9119 97.1232 129.347
 13.041 29.8195 56.1416 76.9119 101.123 133.963
13.5141 30.8195 58.1416 79.9119 104.791 138.822
13.9736 31.8195 60.1187 82.9119 108.354 143.822
13.9736 32.8992 62.1587 85.9119 112.354 148.702
14.4048 33.8992 64.0766 88.5627 116.354 153.702
14.8645 34.8992 66.0766 91.3893 120.068 158.702
15.3201 35.8992 68.0766 94.3893 123.748 163.566
15.7639 36.8992 70.0485 97.3893 127.333 168.566
16.2076 37.8992 72.0203 100.389 130.917 173.566
16.5931 38.8007 73.7334 103.389 134.917 178.566
16.5931 39.9208 75.7334 106.374 138.812 183.566
17.0239 40.9208 77.6993 109.374 142.415 188.566
17.0239 42.0182 79.7829 112.374 146.234 193.566
17.0239 43.0841 81.8068 115.374 150.234 198.477
17.4119 44.0661 83.8068 118.004 154.234 203.477
17.4119 45.0661 85.9252 120.987 158.133 208.477
17.4119 46.1282 87.9501 123.987 162.133  213.39
17.4119 47.2389 89.9501 126.972 166.037  218.39
17.4119 48.3118 91.9932 129.856 170.037  223.39
17.4119 49.3118 94.1059 132.839 173.942  228.39
17.4119 50.3118 96.1911 135.839 177.796  233.45
17.7588 51.3141 98.1911 138.839 181.796 238.101
17.7588 52.3925 100.191 141.756 185.796 243.105
17.7588 53.3925 102.191 144.737 189.703 248.217
17.7588 54.4592 104.233 147.629 193.703 253.217
17.7588 55.4592 106.313 150.629 197.569 258.271
18.0555  56.386  108.09 153.629 201.569 263.271
18.3722 57.3749  110.09 156.323 205.569 268.271
18.7022 58.3749 112.067 159.323 209.262 273.271
19.0187 59.3626 114.067 162.019 213.262 278.271
19.3409 60.3626     116 164.764 217.262 283.271
19.3409 61.3626     118 167.736  221.18  288.38
19.6725 62.3626     120 170.612 224.973  293.38
19.9895 63.3626 121.933 173.361 228.973  298.38
20.3065 64.3626 123.867 176.111 232.973  303.38
20.6235 65.3626 125.801  178.86 236.973  308.38
20.9406 66.3626 127.734 181.609 240.973  313.38
20.9406 67.4317 129.734 184.609 244.855 318.429
20.9406 68.4956 131.734 187.522 248.855 323.453
21.2555 69.4956 133.734 190.342 252.855 328.317
21.5634 70.4956 135.671 193.342 256.855 333.073
21.8833 71.4956 137.671 196.211 260.666 338.073
22.1909 72.4956 139.606 198.968 264.666 343.073
22.1909 73.4956 141.654 201.887 268.666 348.106
22.1909 74.5589 143.704 204.887 272.553 353.106
22.1909 75.6395 145.704 207.857 276.503 358.106
22.1909 76.6395 147.751 210.777 280.503 363.137
22.1909 77.6395 149.832 213.746 284.454 368.137
22.4796 78.6497 151.832 216.746 288.155 373.137
 22.767 79.6497 153.774 219.746 292.155 377.909
23.0651 80.6497 155.774 222.623  295.98 382.909
23.3525 81.6497 157.715 225.623  299.98  387.68
23.6399 82.6497 159.656 228.623  303.98 392.452
23.9223 83.6368 161.656 231.354  307.98 397.452
23.9223 84.6368 163.701  234.28  311.98  402.48
24.2058 85.6368 165.641 237.057  315.98  407.48
24.2058 86.6368 167.715 240.025 319.937  412.48
24.4817 87.6245 169.715 242.762 323.937  417.48
24.4817 88.6245  171.76 245.687 327.937  422.51
24.4817 89.6245 173.834 248.653 331.897  427.51
24.7556 90.6245 175.778 251.653 335.897 432.292
24.7556 91.6245 177.823  254.58 339.897  437.32
25.0269 92.6285 179.823  257.58 343.621  442.32
25.2936  93.616 181.823 260.326 347.621  447.32
25.2936 94.6675 183.823  263.25 351.621 452.344
25.5702 95.6675 185.823 266.129 355.466 457.344
25.5702 96.7186 187.823 269.053 359.466 462.369
25.8316 97.7072 189.823 271.803 363.466 467.369
26.1017 98.7072 191.823 274.645 367.466 472.257
26.3664 99.7072 193.768 277.645 371.466 477.046
26.6312 100.707 195.714 280.645 375.466 481.836
26.6312 101.707 197.714 283.605 379.426 486.917
26.8909 102.699 199.714 286.605 383.426 491.666
26.8909 103.748 201.714 289.533 387.426 496.689
27.1583 104.748 203.714 292.412 391.279 501.689
27.4178 105.748  205.66 295.206 395.279 506.689
27.6852 106.748  207.66 298.085 399.133 511.689
 27.947 107.748 209.624 301.085 402.907 516.689
 27.947 108.797 211.624 304.085 406.829 521.718
 28.204 109.798 213.624 307.085 410.571 526.718
 28.204 110.846 215.624 310.085 414.492 531.748
 28.204 111.846 217.688 313.053  418.46 536.748
 28.204 112.846 219.752 316.021 422.428 541.748
 28.204 113.893 221.752 318.952 426.428 546.772
28.4497 114.885 223.752 321.952 430.428 551.534
28.6822 115.824 225.581 324.952 434.428 556.534
28.9298 116.824 227.528 327.757 438.428 561.534
28.9298 117.824 229.565 330.691 442.428 566.562
28.9298 118.855 231.575 333.691 446.428 571.521
28.9298 119.899 233.609 336.691 450.349 576.521
28.9298 120.899 235.646 339.627 454.349 581.548
29.1691 121.899 237.596 342.627 458.349 586.359
29.1691 122.942 239.629 345.627 462.273 591.359
29.4085 123.942 241.596 348.627 466.066 596.359
29.6439 124.934 243.596 351.627 470.066 601.132
29.6439 125.934 245.654 354.598 474.038 606.132
29.8763 126.922 247.654 357.378 478.038 611.132
29.8763 127.964 249.654 360.314 482.038 616.153
30.1117 128.964 251.621 363.314 485.836 621.153
30.3451 129.964 253.571  366.13 489.836 626.153
30.3451 131.006 255.604  369.13 493.762 631.153
30.5786 132.006 257.571  372.13 497.561 636.153
30.8121 133.006 259.537  375.13 501.361 641.153
31.0408 133.993 261.537 377.915 505.361 646.153
31.2723 134.993 263.537 380.915  509.13 651.153
31.2723 136.032 265.566 383.847  513.13 656.153
31.2723 137.032   267.6 386.787  517.13 661.179
31.4985 138.023   269.6 389.787  521.13 665.962
31.7284 139.023 271.568 392.787 524.933 670.962
31.7284 140.023 273.603 395.787 528.867 675.991
31.7284 141.051 275.612 398.787 532.867 680.954
31.7284 142.051 277.612 401.754 536.833 686.021
31.9551 143.051 279.612 404.625 540.833 690.924
31.9551  144.09 281.643 407.625 544.762 695.924
31.9551  145.09 283.679 410.625 548.698 700.952
31.9551 146.129 285.679 413.566 552.698 705.972
31.9551 147.129 287.712 416.509 556.698 710.996
32.1764 148.129 289.712 419.509 560.553  715.92
32.3951 149.129 291.681 422.509 564.365  720.92
32.6122 150.129 293.635 425.509 568.365 725.749
32.6122 151.169 295.635 428.509   572.3 730.774
32.6122 152.219 297.635 431.485 576.275 735.774
32.8264 153.219 299.635 434.485  580.06 740.774
33.0404 154.219 301.589 437.318  584.06 745.774
33.2432 155.165 303.439 440.318  588.06 750.774
33.2432 156.165  305.47 443.264  592.06 755.798
33.4575 157.165 307.439 446.264 595.877 760.798
33.6702 158.164 309.439 449.264 599.665 765.798
33.6702 159.213 311.439 452.241 603.639 770.798
33.8789   160.2 313.439 455.045 607.639 775.798
33.8789   161.2 315.439 458.016 611.605 780.861
33.8789 162.236 317.439  460.96 615.605 785.881
33.8789 163.284 319.439 463.937 619.581 790.881
33.8789 164.284 321.468 466.884 623.581 795.905
34.0745 165.232 323.324 469.884 627.581 800.905
34.0745 166.232 325.324 472.854 631.548 805.967
34.2777 167.223 327.324 475.854 635.548 810.773
34.4721 168.172 329.181 478.854 639.548 815.773
34.4721 169.172  331.21 481.854  643.49 820.802
34.4721 170.205 333.233 484.797  647.49 825.802
34.4721 171.205 335.233 487.768 651.458 830.863
34.4721 172.229 337.239 490.768 655.458 835.833
34.6705 173.221 339.239 493.768 659.458 840.643
34.6705 174.256 341.239 496.768 663.399 845.667
34.6705 175.291 343.265 499.768 667.339 850.667
34.6705 176.291 345.294 502.768 671.282 855.695
34.6705 177.324 347.294 505.717 675.282 860.712
34.6705 178.357 349.316 508.662 679.282 865.712
34.6705 179.357 351.344 511.662 683.227  870.74
 34.867 180.357 353.344 514.662 687.098 875.672
35.0615 181.357 355.316 517.662 690.931 880.672
35.0615 182.401 357.316 520.641 694.908 885.672
35.0615 183.435 359.316 523.641  698.85 890.696
35.2512 184.428 361.316 526.641  702.85 895.514
35.2512 185.428  363.36  529.62 706.826 900.514
35.4443 186.428  365.36  532.62 710.699 905.448
 35.633  187.42  367.36  535.62 714.699 910.267
35.8208 188.408  369.36 538.444 718.699 915.267
35.8208 189.408 371.404 541.424 722.676 920.267
 36.011 190.408 373.376 544.424 726.513 925.267
36.1979 191.396 375.376 547.249 730.513 930.267
36.3881 192.396 377.348 550.249 734.351 935.267
36.5782 193.396  379.32 553.249 738.189 940.267
36.5782 194.428  381.32 556.201 742.189 945.284
36.5782 195.428  383.32 559.175 746.158  950.34
36.5782  196.47  385.32 562.156 750.136  955.34
36.7665  197.47  387.32  565.05 754.136 960.258
 36.944 198.423  389.19  568.05 758.136 965.258
 36.944 199.423 391.216  571.05 762.084 970.284
37.1289 200.423 393.174 573.908 766.084 975.284
37.3125 201.414 395.174 576.908 770.084 980.108
37.3125 202.446 397.174 579.908 774.029  985.13
37.4883   203.4 399.045 582.908 778.029  990.13
37.6735   204.4 401.016 585.908 781.873  995.13
37.6735 205.431 403.039 588.908 785.818 1000.13
37.6735 206.431 405.062 591.864 789.818 1005.15
37.8557  207.43 407.062 594.864 793.638 1010.15
38.0359 208.417 409.062 597.696 797.638 1015.15
 38.218 209.417 411.021 600.696 801.638 1020.01
38.3921 210.371 412.893 603.696 805.638 1025.01
38.3921 211.392 414.897 606.696 809.638 1029.99
38.3921 212.392 416.921 609.696 813.588 1035.01
38.3921 213.392 418.945 612.696 817.538 1040.04
38.3921  214.42 420.964 615.649 821.538 1045.04
38.5707  215.42 422.923 618.649 825.538  1049.9
38.5707  216.42 424.962 621.631 829.518  1054.9
38.5707 217.449 426.962 624.586 833.518 1059.91
38.7476 218.449  428.92 627.451 837.518 1064.91
38.7476 219.479 430.942 630.451 841.466 1069.91
38.7476 220.509 432.964 633.451 845.414 1074.91
38.9219 221.501 434.964 636.451 849.414 1079.75
38.9219 222.501 436.988 639.451 853.366 1084.77
38.9219 223.501 438.988 642.428 857.339 1089.82
39.0956 224.501 440.947 645.295 861.339 1094.82
39.2683 225.492 442.947 648.295 865.339 1099.66
39.4431 226.492 444.919 651.295 869.192 1104.66
39.4431 227.492 446.943 654.295 873.145 1109.68
39.6181 228.492 448.943 657.198 877.145  1114.6
 39.793 229.492 450.943   660.1 881.145 1119.53
 39.793 230.512 452.947   663.1 885.145  1124.5
 39.793 231.549 454.947 666.082 889.126  1129.5
39.9656 232.549 456.919 669.082 892.981  1134.5
40.1402 233.549 458.919 672.006 896.883  1139.5
40.3142 234.549 460.919 675.006  900.77 1144.44
40.3142 235.576 462.937 677.961  904.77 1149.44
40.4779 236.532 464.817 680.961  908.77 1154.44
40.4779 237.532 466.817 683.939 912.744 1159.49
40.4779 238.532 468.838 686.899 916.744 1164.51
40.4779 239.532 470.838 689.877 920.718 1169.56
40.4779 240.552 472.841 692.877 924.718 1174.53
40.4779 241.587 474.841  695.86 928.699 1179.53
 40.645 242.587 476.802 698.733 932.699 1184.53
40.8054 243.545 478.684 701.733 936.699 1189.53
40.8054 244.573 480.704 704.733 940.652 1194.53
40.8054 245.608 482.704 707.716 944.633 1199.53
40.8054 246.608 484.725 710.716 948.589 1204.56
40.8054 247.608  486.76 713.699 952.571 1209.56
40.8054 248.634 488.776 716.656 956.571 1214.56
40.8054  249.66 490.793 719.614 960.571 1219.56
40.8054  250.66 492.793 722.592 964.546  1224.6
40.8054 251.687 494.813 725.592 968.499  1229.6
40.9657 252.676 496.813 728.442 972.499  1234.6
40.9657 253.676 498.834 731.442 976.455 1239.63
40.9657 254.702 500.834 734.401 980.455 1244.64
41.1272 255.702 502.808 737.401  984.32 1249.64
41.1272 256.728 504.808  740.36  988.32 1254.66
41.2809 257.688 506.695  743.36  992.32 1259.66
41.2809 258.714 508.695  746.32  996.32 1264.67
41.4423 259.714 510.695  749.32 1000.21 1269.61
41.6015 260.711 512.695  752.32 1004.06 1274.61
41.7624 261.711 514.695 755.229 1008.06 1279.54
41.7624 262.711 516.714 758.192 1012.06 1284.56
41.7624 263.737  518.73  761.15 1016.06 1289.56
41.7624 264.737 520.763 764.134 1020.04 1294.56
41.9138 265.697 522.652 767.134 1024.04 1299.56
41.9138 266.722 524.652 770.094 1028.04 1304.58
41.9138 267.755 526.652 773.078 1032.02 1309.58
41.9138  268.78 528.668 776.037 1036.02 1314.58
41.9138 269.814 530.668  779.02 1040.01 1319.58
42.0689 270.812 532.668  782.02 1043.85 1324.58
42.2226 271.801 534.668 784.877 1047.85 1329.58
42.3796 272.801 536.668 787.877 1051.75 1334.52
42.5346 273.801 538.631 790.759 1055.75 1339.52
42.6917 274.801 540.631 793.759 1059.65 1344.47
42.6917 275.826 542.647 796.719 1063.65 1349.47
42.8461 276.823 544.647 799.719  1067.5 1354.47
42.8461 277.823 546.647 802.698 1071.47 1359.51
42.9987 278.813 548.647 805.556 1075.47 1364.51
43.1512 279.802 550.647 808.414 1079.47 1369.51
43.1512 280.827 552.665 811.414 1083.43 1374.51
43.1512  281.86 554.665 814.398 1087.41 1379.51
 43.306  282.86 556.665 817.398 1091.31 1384.46
 43.306 283.877 558.667 820.398 1095.31 1389.44
43.4597 284.877 560.667 823.311 1099.31 1394.37
43.6119 285.877 562.631 826.194 1103.31 1399.37
43.7629 286.867 564.631 829.054 1107.31 1404.37
43.9151 287.864 566.631 832.054 1111.16 1409.37
43.9151 288.864 568.663 835.038 1115.15 1414.37
44.0667 289.864 570.627 838.038 1119.15 1419.26
44.0667 290.864 572.627 841.016 1123.12  1424.3
44.0667 291.888 574.627 843.977 1127.12 1429.32
44.0667 292.888 576.627 846.956  1131.1 1434.36
44.2177 293.888 578.602 849.956 1134.98 1439.36
44.3677 294.886 580.602 852.956 1138.83 1444.36
44.5197 295.886 582.602 855.956 1142.73 1449.31
44.5197 296.886 584.633  858.94 1146.71 1454.31
44.5197  297.91 586.633  861.94 1150.67 1459.33
44.5197 298.935 588.651  864.94 1154.63 1464.33
44.5197 299.967 590.651 867.924 1158.61 1469.33
 44.667 300.959 592.651 870.924 1162.61 1474.19
 44.667 301.959 594.668 873.889 1166.61 1479.21
 44.667  302.99 596.668 876.874  1170.6 1484.21
44.8159  303.99 598.668 879.874  1174.5 1489.15
44.8159  304.99 600.685 882.838  1178.5 1494.17
44.8159 306.014 602.703 885.838 1182.46 1499.17
 44.962 307.012 604.703 888.838 1186.31 1504.17
 44.962 308.037 606.721 891.838 1190.27 1509.17
 44.962  309.06 608.736   894.8 1194.27 1514.17
 44.962  310.06 610.753 897.765 1198.27 1519.19
45.1068  311.06 612.719 900.655 1202.27 1524.19
45.1068  312.06 614.749  903.64 1206.26 1529.19
45.1068 313.076 616.752  906.64 1210.26 1534.17
45.2505 314.076 618.718  909.64 1214.26 1539.06
45.3966 315.076 620.718 912.575 1218.17 1544.06
45.3966 316.099 622.732 915.538 1222.17 1549.06
45.3966 317.115 624.735 918.538 1226.17 1554.04
45.5408 318.115 626.735 921.456 1230.17 1558.98
45.6844 319.115 628.712 924.456 1234.05 1563.98
45.8273 320.115 630.678 927.456 1238.05 1568.87
45.9719 321.115 632.678 930.456 1241.96 1573.82
45.9719 322.115 634.678 933.436 1245.94 1578.86
46.1165 323.115 636.678 936.373 1249.86 1583.86
46.1165 324.146 638.678 939.358 1253.84 1588.86
46.2577 325.138 640.678 942.358 1257.84 1593.73
46.2577 326.168 642.678 945.343 1261.83 1598.73
46.4009 327.168 644.678 948.343 1265.73 1603.68
46.5432 328.168 646.654 951.343 1269.61 1608.68
46.5432 329.192 648.654 954.343 1273.57 1613.69
46.5432 330.214 650.654 957.308 1277.57 1618.71
46.5432 331.231 652.657 960.308 1281.57 1623.69
46.5432 332.253 654.657 963.273 1285.57  1628.7
46.6847 333.253 656.657 966.273 1289.48 1633.65
46.6847 334.277 658.657 969.273 1293.44 1638.67
46.6847 335.293 660.659 972.273 1297.44 1643.65
46.6847 336.293 662.677 975.273  1301.4 1648.67
46.6847 337.293 664.706 978.259 1305.39 1653.67
46.6847 338.293 666.706  981.24 1309.37 1658.71
46.6847 339.293 668.706 984.222 1313.35 1663.75
46.8175 340.258 670.608 987.222 1317.35 1668.75
46.8175 341.281 672.608 990.222 1321.31 1673.77
 46.956 342.281 674.608 993.222 1325.22 1678.72
47.0929 343.279 676.608 996.222 1329.08 1683.72
47.2299 344.279 678.575 999.222 1333.08 1688.61
47.3684 345.279 680.575 1002.22 1336.99 1693.57
47.3684 346.308 682.575 1005.21 1340.97 1698.57
47.5061 347.308 684.575 1008.13 1344.97 1703.51
 47.642 348.301 686.575 1011.13 1348.97 1708.38
 47.774 349.266 688.478 1014.13 1352.97 1713.38
 47.774 350.282  690.48 1017.13 1356.97 1718.36
47.9117 351.282  692.48 1020.13 1360.88 1723.31
48.0478 352.282 694.447 1023.13 1364.88 1728.21
48.0478 353.282 696.475 1026.12 1368.87 1733.21
48.1829 354.275 698.475 1029.12 1372.87 1738.08
48.1829 355.303 700.475 1032.11 1376.85 1743.08
48.3138 356.269 702.379 1035.11 1380.85 1748.08
48.4491 357.266 704.379 1038.11 1384.72 1753.08
48.4491 358.287 706.391 1041.07 1388.72 1758.08
48.4491  359.31 708.391 1044.07 1392.68 1763.09
48.5836 360.307 710.391 1047.07 1396.55 1768.09
48.7171 361.297 712.391 1049.95 1400.55 1773.09
48.8473 362.263 714.295 1052.95 1404.55 1778.09
 48.983 363.263 716.295 1055.87 1408.55 1783.03
 48.983 364.291 718.295 1058.86 1412.54 1788.03
49.1191 365.291 720.295  1061.8 1416.46 1793.03
49.2489 366.256   722.2  1064.8 1420.46 1798.03
49.2489 367.272 724.201  1067.8 1424.46 1803.02
49.2489 368.293 726.216  1070.8 1428.42 1808.02
49.3781 369.259 728.121  1073.8 1432.42 1813.02
49.5115 370.259 730.089  1076.8 1436.42 1817.92
49.5115 371.259 732.103 1079.77 1440.42 1822.93
49.5115 372.259 734.103 1082.76  1444.4 1827.97
49.5115 373.274 736.104 1085.76  1448.4 1832.95
49.6397 374.241  738.01 1088.76  1452.4 1837.95
 49.772 375.241 739.976 1091.66  1456.4 1842.95
49.9054 376.241 741.976 1094.58  1460.4 1847.89
49.9054 377.261 743.976 1097.55  1464.4  1852.9
49.9054 378.261  745.99 1100.52  1468.4 1857.92
50.0381 379.261  747.99 1103.45  1472.4 1862.86
50.0381 380.288  749.99 1106.44 1476.39 1867.86
50.1694 381.288 751.958 1109.44 1480.39 1872.76
50.1694 382.302 753.959 1112.44 1484.39 1877.74
50.1694 383.302 755.973 1115.41 1488.39 1882.76
50.3006 384.302  757.95 1118.41 1492.28 1887.76
50.4311 385.302 759.917 1121.31 1496.28 1892.76
50.5617 386.302 761.884 1124.21 1500.28 1897.76
50.5617 387.302 763.884  1127.2 1504.26  1902.8
50.6909 388.292 765.884 1130.08 1508.26  1907.8
50.8211 389.292 767.851 1132.98 1512.26  1912.8
50.8211 390.292 769.851 1135.96 1516.24 1917.83
50.8211 391.307 771.852 1138.96 1520.24 1922.82
50.9506 392.307 773.819 1141.86 1524.24 1927.82
50.9506 393.307 775.833 1144.86 1528.21 1932.83
51.0792 394.299 777.833 1147.86 1532.21 1937.71
51.2098 395.299 779.833 1150.86 1536.13 1942.67
51.2098 396.314 781.834 1153.86 1540.13 1947.65
  51.34 397.314 783.834 1156.86 1544.04  1952.6
51.4706 398.314 785.834 1159.81 1547.97  1957.6
51.5994 399.311 787.834 1162.81 1551.84  1962.6
51.5994 400.325 789.835 1165.81 1555.84 1967.59
51.7241 401.292 791.744 1168.81 1559.84 1972.59
51.7241 402.311 793.755 1171.78 1563.84 1977.59
51.7241 403.331 795.766 1174.75 1567.84 1982.59
51.8526 404.331 797.743 1177.75 1571.74 1987.59
51.8526  405.35 799.743 1180.72 1575.74  1992.6
51.9812  406.35 801.743 1183.64 1579.74 1997.54
51.9812  407.37 803.743 1186.64 1583.71 2002.56
51.9812 408.391 805.756 1189.64 1587.67 2007.56
52.1098 409.391 807.756 1192.59  1591.6 2012.56
52.1098 410.416 809.756 1195.57 1595.59 2017.56
52.1098 411.436 811.767 1198.54 1599.59 2022.56
52.2362 412.436 813.736 1201.54 1603.59 2027.46
52.3587 413.403 815.646 1204.54 1607.59 2032.46
52.3587 414.403 817.658 1207.52 1611.59 2037.48
52.4861 415.403 819.658 1210.52 1615.51 2042.43
 52.612   416.4 821.658 1213.52 1619.38 2047.43
52.7343 417.368 823.568 1216.52 1623.38 2052.43
52.8609 418.368 825.545 1219.52 1627.28 2057.43
52.9868 419.365 827.545 1222.52 1631.16 2062.43
53.1134 420.365 829.522 1225.52 1635.05 2067.43
53.1134 421.385 831.534 1228.52 1639.02 2072.43
53.2385 422.378 833.534 1231.52 1643.02 2077.31
53.2385 423.378 835.558 1234.51 1647.01 2082.31
53.2385 424.378  837.57 1237.48 1651.01 2087.33
53.3646 425.378  839.57 1240.41 1655.01 2092.27
53.3646 426.397 841.582 1243.41 1658.98 2097.27
53.3646 427.417 843.582 1246.41 1662.94 2102.29
53.4855 428.385 845.493 1249.41 1666.94 2107.29
53.6116 429.385 847.493 1252.35 1670.87 2112.29
53.7351 430.375 849.493 1255.24 1674.87 2117.29
53.8612 431.375 851.493 1258.19  1678.8 2122.29
53.9863 432.375  853.47 1261.19  1682.7 2127.29
54.1108 433.375 855.439 1264.19  1686.7 2132.19
54.1108 434.375 857.451 1267.16  1690.7 2137.21
54.2344 435.367 859.451 1270.16  1694.7 2142.09
54.3602 436.367 861.451  1273.1 1698.63 2147.09
54.4843 437.364 863.451  1276.1 1702.51 2152.09
54.6101 438.364 865.451 1279.05 1706.44 2157.09
54.7342 439.361 867.451 1282.05 1710.32 2162.09
54.8594 440.361 869.451 1284.98 1714.32 2167.03
54.9836 441.361  871.42 1287.98 1718.32 2171.94
54.9836 442.361 873.433 1290.98 1722.28 2176.96
55.1085 443.361 875.433 1293.91 1726.28  2181.9
55.2324 444.361 877.402 1296.91 1730.28 2186.81
55.2324 445.361 879.402  1299.9 1734.27 2191.84
 55.357 446.361 881.402 1302.83 1738.27 2196.79
 55.357 447.361 883.424 1305.82 1742.26 2201.79
55.4815 448.361 885.424 1308.82 1746.18 2206.74
55.4815 449.384 887.424 1311.81 1750.16 2211.74
55.4815 450.402 889.424 1314.78 1754.16 2216.75
55.4815 451.402 891.436 1317.75 1758.16 2221.76
55.4815 452.402 893.458 1320.74 1762.15 2226.76
55.4815 453.415 895.459 1323.74 1766.15 2231.75
55.4815 454.434 897.471 1326.74 1770.12 2236.75
55.4815 455.434 899.483 1329.72 1774.12 2241.77
55.4815 456.434 901.495 1332.69 1778.12 2246.78
55.6022 457.427 903.495 1335.69 1782.12 2251.67
55.6022 458.451 905.495 1338.68 1786.11 2256.67
55.7226 459.443 907.495 1341.68 1790.11 2261.55
55.7226 460.443 909.508 1344.68 1794.08 2266.57
55.7226 461.461 911.508 1347.65 1798.08 2271.58
55.7226 462.461 913.519 1350.63 1802.08 2276.59
55.7226  463.48 915.532 1353.63 1806.05 2281.59
55.7226 464.493 917.532 1356.63 1810.05 2286.58
55.8423 465.493 919.503 1359.63 1814.05 2291.49
55.9585 466.462 921.417 1362.63 1818.05 2296.49
55.9585 467.462  923.43 1365.63 1822.02 2301.51
56.0774 468.455  925.43 1368.63 1826.02 2306.39
56.0774 469.455 927.441  1371.6 1830.02 2311.41
56.1964 470.451 929.441  1374.6  1833.9 2316.41
56.1964 471.464 931.442  1377.6  1837.9 2321.39
56.1964 472.464 933.454 1380.58  1841.9 2326.41
56.3142 473.454 935.454 1383.47  1845.9 2331.41
56.4319 474.444 937.454 1386.36  1849.9 2336.41
  56.55 475.436 939.454 1389.36  1853.9  2341.3
  56.55 476.459 941.454 1392.35 1857.89  2346.3
  56.55 477.477 943.466 1395.35 1861.86  2351.3
56.6681 478.477 945.436 1398.35 1865.86 2356.21
56.6681 479.477 947.458 1401.34 1869.85 2361.21
56.6681 480.477 949.458 1404.32 1873.84 2366.24
56.6681 481.477 951.469  1407.3 1877.84 2371.25
56.7868 482.477 953.469 1410.25 1881.77 2376.25
56.9053 483.477 955.469 1413.25 1885.69 2381.21
56.9053 484.477 957.469 1416.23 1889.68 2386.24
56.9053   485.5 959.469 1419.22 1893.67 2391.24
57.0213  486.49 961.469 1422.12 1897.67 2396.24
57.1377 487.483 963.469 1425.12 1901.67 2401.13
57.1377   488.5 965.469 1428.09 1905.67 2406.14
57.2551   489.5 967.469 1431.03 1909.67 2411.09
57.2551 490.517 969.469    1434 1913.67 2416.09
57.3728 491.517 971.469 1436.95  1917.6 2421.09
57.4892 492.517 973.439 1439.86  1921.6 2426.09
57.6051  493.51 975.439 1442.86  1925.6 2430.99
57.7214  494.51 977.409 1445.77  1929.6 2435.99
57.7214  495.51 979.421 1448.77 1933.57    2441
57.7214  496.51 981.433 1451.75 1937.57 2446.01
57.8372 497.506 983.433 1454.75 1941.46 2451.01
 57.954 498.506 985.433 1457.69 1945.46 2455.96
58.0691 499.496 987.433 1460.58 1949.46 2460.96
58.0691 500.508 989.434 1463.58 1953.46 2465.95
58.0691 501.525 991.444 1466.55 1957.46 2470.95
58.0691 502.537 993.444 1469.55 1961.46 2475.93
58.0691 503.537 995.444 1472.54 1965.45 2480.96
 58.181 504.508 997.362 1475.54 1969.45 2485.96
 58.181 505.525 999.362 1478.54 1973.42 2490.98
58.2961 506.525 1001.34 1481.54 1977.32 2495.98
58.4119 507.525 1003.34 1484.54 1981.25 2500.93
58.4119 508.547 1005.34 1487.53 1985.24 2505.93
58.4119 509.547 1007.34 1490.51 1989.22 2510.96
58.5275 510.547 1009.34 1493.46 1993.16 2515.96
58.6426 511.547 1011.34  1496.4 1997.16 2520.91
58.6426 512.568 1013.34 1499.39 2001.15 2525.91
58.7566 513.568 1015.31  1502.3 2005.15 2530.91
58.7566 514.568 1017.31 1505.29 2009.13 2535.94
58.7566  515.58 1019.31 1508.29 2013.13 2540.93
 58.871  516.58 1021.31 1511.23 2017.13 2545.88
 58.871  517.58 1023.32  1514.2 2021.13 2550.89
 58.871 518.597 1025.33 1517.18 2025.13 2555.89
58.9842 519.597  1027.3 1520.09 2029.13 2560.89
58.9842 520.614 1029.31 1523.09  2033.1 2565.89
58.9842  521.63 1031.32 1526.07  2037.1 2570.89
58.9842 522.647 1033.32 1529.04  2041.1  2575.9
59.0967 523.647  1035.3 1531.96  2045.1  2580.9
59.0967 524.663  1037.3 1534.93  2049.1  2585.9
 59.206 525.634 1039.22 1537.93  2053.1  2590.9
 59.206 526.656 1041.22 1540.92 2057.09  2595.9
 59.206 527.656 1043.24  1543.9 2061.09 2600.91
 59.206 528.668 1045.24  1546.9 2065.09  2605.9
 59.206 529.689 1047.24 1549.88 2069.08  2610.9
59.3175 530.689 1049.21 1552.88 2073.08 2615.82
59.4289 531.685 1051.21 1555.88 2076.98 2620.82
59.5416 532.685 1053.21 1558.83 2080.91 2625.82
 59.653 533.685 1055.18 1561.75 2084.91 2630.82
59.7644 534.685 1057.15 1564.67 2088.91 2635.82
59.7644 535.702 1059.15 1567.67 2092.89 2640.83
59.8728 536.673 1061.07 1570.67 2096.89 2645.83
59.8728 537.673 1063.09 1573.66 2100.88 2650.83
59.8728 538.673  1065.1 1576.66 2104.85 2655.84
59.9844 539.673  1067.1  1579.6 2108.85 2660.79
59.9844  540.69 1069.11  1582.6 2112.82 2665.79
60.0943 541.681 1071.11  1585.5 2116.82 2670.79
60.0943 542.697 1073.12 1588.47 2120.82 2675.79
60.0943 543.697 1075.13 1591.47  2124.8 2680.81
60.0943 544.713 1077.13 1594.47 2128.77 2685.82
60.2015 545.685 1079.05 1597.47 2132.77 2690.82
60.2015 546.696 1081.05 1600.47 2136.77 2695.81
60.3113 547.696 1083.03 1603.47 2140.77 2700.73
60.4204 548.687 1085.03 1606.37 2144.77 2705.73
60.5311 549.687 1087.03 1609.37  2148.7 2710.68
60.5311 550.687 1089.04 1612.37 2152.68  2715.7
60.6415 551.687 1091.04 1615.31 2156.68 2720.65
60.7506  552.68 1093.04 1618.31 2160.68 2725.55
60.8612  553.68 1095.04 1621.31 2164.61 2730.51
60.8612  554.68 1097.06  1624.3  2168.6 2735.51
60.9698 555.671 1099.06  1627.2  2172.6 2740.51
60.9698 556.687 1101.06  1630.2 2176.57 2745.52
60.9698 557.687 1103.06 1633.19 2180.56 2750.54
61.0787 558.683 1105.06 1636.19 2184.45 2755.54
61.0787 559.704 1107.06 1639.17 2188.44 2760.54
61.1883 560.704 1109.06 1642.11 2192.44  2765.5
61.1883 561.719 1111.06 1645.09 2196.44  2770.5
61.1883 562.735 1113.06 1648.09 2200.42 2775.51
61.2967 563.735 1115.04 1651.01 2204.42 2780.51
61.4044 564.726 1117.04 1653.91 2208.42 2785.51
61.4044 565.726 1119.05 1656.91 2212.39 2790.52
 61.513 566.726 1121.03 1659.91  2216.3 2795.52
61.6212 567.726    1123 1662.91  2220.3 2800.44
61.6212 568.747    1125  1665.9 2224.29 2805.44
61.6212 569.762    1127  1668.9 2228.27 2810.45
61.6212 570.762 1129.01 1671.88 2232.27 2815.46
61.7296 571.762 1131.01 1674.82 2236.27 2820.42
61.7296 572.762 1133.02 1677.82 2240.24 2825.43
61.7296 573.778 1135.03 1680.79 2244.24 2830.43
61.7296 574.778 1137.04 1683.79 2248.22 2835.44
61.7296 575.778 1139.05 1686.77 2252.22 2840.46
61.8339  576.75 1140.97 1689.77 2256.22 2845.46
61.9401 577.741 1142.97 1692.67 2260.22 2850.46
61.9401 578.741 1144.98 1695.65 2264.22 2855.47
62.0471 579.741 1146.96 1698.65 2268.13 2860.47
62.0471 580.757 1148.97 1701.65 2272.11 2865.47
 62.151 581.729  1150.9 1704.65 2276.11 2870.47
62.2575 582.726  1152.9 1707.65    2280 2875.47
62.3636 583.719  1154.9 1710.65    2284 2880.37
62.3636 584.719  1156.9 1713.63 2287.99  2885.4
 62.471 585.719  1158.9 1716.59 2291.93  2890.4
62.5784 586.719  1160.9 1719.54 2295.87  2895.4
62.5784 587.734  1162.9 1722.51 2299.87  2900.4
62.5784 588.749  1164.9 1725.49 2303.87 2905.41
62.6851 589.749  1166.9 1728.43 2307.87 2910.36
62.7919 590.749  1168.9 1731.43 2311.81 2915.32
62.7919 591.764 1170.91 1734.41 2315.81 2920.32
62.8977 592.764 1172.89 1737.33 2319.81 2925.32
63.0028 593.755 1174.89 1740.23 2323.81 2930.32
63.1079 594.746 1176.89 1743.13 2327.81 2935.32
63.1079 595.746  1178.9 1746.13 2331.78 2940.33
 63.211 596.719 1180.82 1749.13 2335.78 2945.33
 63.211 597.734 1182.82 1752.11 2339.78 2950.34
63.3164 598.734 1184.79 1755.11 2343.78 2955.26
63.4193 599.706 1186.72 1758.11 2347.78 2960.26
63.4193 600.717 1188.72 1761.11 2351.78 2965.25
63.5244 601.713 1190.72 1764.11 2355.68 2970.25
63.5244 602.732 1192.72  1767.1 2359.67 2975.25
63.5244 603.748 1194.73 1770.08 2363.67 2980.25
63.6292 604.743 1196.73 1773.08 2367.57 2985.25
63.7341 605.743  1198.7 1776.08 2371.57 2990.18
63.7341 606.743 1200.71 1779.05 2375.57 2995.19
63.8399 607.743 1202.71 1782.01 2379.51 3000.19
63.8399 608.754 1204.71 1785.01 2383.51 3005.18
63.9447 609.754 1206.69 1788.01 2387.43 3010.18
63.9447 610.754  1208.7 1791.01 2391.41 3015.19
64.0491 611.754 1210.67 1794.01 2395.41 3020.11
64.1542 612.754 1212.67 1796.95 2399.41 3025.07
 64.256 613.727  1214.6 1799.95 2403.41 3030.07
 64.256 614.742  1216.6 1802.92 2407.41 3035.08
64.3601 615.738  1218.6 1805.92 2411.31 3040.08
64.4647 616.738 1220.58 1808.92 2415.22 3045.08
64.4647 617.738 1222.59 1811.91 2419.21 3050.08
64.5687 618.738 1224.57 1814.84 2423.21 3055.08
64.5687 619.752 1226.57 1817.81 2427.21 3060.09
64.5687 620.767 1228.58 1820.81 2431.19 3065.09
64.6699  621.74  1230.5 1823.81 2435.19 3070.09
64.6699  622.74  1232.5  1826.8 2439.18 3075.11
64.7733 623.736  1234.5  1829.8 2443.08 3080.11
64.7733 624.736  1236.5 1832.78 2447.06 3085.14
64.7733 625.751 1238.51 1835.78 2451.04 3090.14
64.8768 626.751 1240.49 1838.78 2454.96 3095.14
64.9796 627.744 1242.49 1841.78 2458.96 3100.04
64.9796 628.759  1244.5 1844.76 2462.96 3105.04
65.0833 629.759  1246.5  1847.7 2466.96    3110
65.0833 630.759 1248.51 1850.68 2470.96 3115.01
65.1855  631.75 1250.51 1853.59 2474.96 3120.01
65.2891  632.75 1252.51 1856.59 2478.89 3124.97
65.3896 633.723 1254.43 1859.59 2482.89 3129.97
65.3896 634.723 1256.45 1862.58 2486.89 3134.97
65.3896 635.742 1258.45 1865.57 2490.88 3139.97
65.4931 636.742 1260.45 1868.52 2494.82 3144.97
65.4931 637.742 1262.45 1871.51 2498.81    3150
65.5953 638.738 1264.45 1874.51 2502.71    3155
65.6987 639.738 1266.45 1877.46 2506.65    3160
65.8007 640.731 1268.45 1880.46 2510.65  3164.9
65.8007 641.731 1270.46 1883.44 2514.65 3169.91
65.9005 642.704 1272.39 1886.44 2518.65 3174.91
65.9005 643.718 1274.39 1889.44 2522.63 3179.92
65.9005 644.732 1276.39 1892.42 2526.63 3184.93
66.0031 645.732 1278.39 1895.42 2530.56  3189.9
66.0031 646.751 1280.39 1898.41 2534.56  3194.9
66.1049 647.751 1282.36 1901.41 2538.56 3199.82
66.1049 648.751 1284.38  1904.4 2542.55 3204.82
66.2041 649.724 1286.31  1907.4 2546.55 3209.82
66.2041 650.738 1288.31 1910.37 2550.55 3214.83
66.2041 651.753 1290.31 1913.37 2554.52 3219.83
66.3063 652.753 1292.31 1916.33 2558.47 3224.83
66.4083 653.753 1294.31 1919.33 2562.41 3229.79
66.4083 654.767 1296.31 1922.31 2566.41  3234.8
66.4083 655.781 1298.31 1925.31 2570.38 3239.81
66.5089 656.774 1300.31 1928.31 2574.38 3244.72
66.5089 657.788 1302.31 1931.28 2578.38 3249.73
66.5089 658.798 1304.31 1934.28 2582.38 3254.72
66.5089 659.798 1306.31 1937.27 2586.37 3259.74
66.5089 660.816 1308.31 1940.26 2590.36 3264.74
66.5089 661.827 1310.31 1943.26 2594.36 3269.73
66.6096 662.827 1312.31  1946.2 2598.36 3274.69
66.6096  663.84 1314.31 1949.18 2602.36  3279.7
66.6096 664.855 1316.32 1952.16 2606.36  3284.7
66.7103 665.855 1318.32 1955.16  2610.3 3289.66
66.7103 666.868 1320.32 1958.14  2614.3 3294.67
66.8107 667.868 1322.32 1961.14 2618.23 3299.63
66.9104 668.864 1324.32 1964.14 2622.14 3304.63
66.9104 669.879 1326.32 1967.14 2626.11 3309.64
66.9104 670.879 1328.34 1970.13 2630.11 3314.64
67.0075 671.853 1330.27 1973.13 2634.11 3319.64
67.1073 672.853 1332.25 1976.13 2638.03 3324.64
67.1073 673.853 1334.25 1979.11 2642.03 3329.65
67.2062 674.846 1336.25 1982.11 2646.03 3334.56
67.2062  675.86 1338.25 1985.11    2650 3339.57
67.2062 676.874 1340.25 1988.08    2654 3344.58
67.3052 677.874 1342.23 1991.08    2658 3349.51
67.3052 678.874 1344.24 1994.06    2662 3354.52
67.3052 679.874 1346.24 1997.05 2665.99 3359.54
67.4039 680.874 1348.21 2000.05 2669.99 3364.47
67.4039 681.887 1350.21 2003.03 2673.99 3369.48
67.5018 682.878 1352.21 2005.94 2677.99 3374.48
67.6007 683.878 1354.19 2008.94 2681.91 3379.48
67.6999 684.878 1356.19 2011.94 2685.85 3384.44
67.7991 685.878 1358.19 2014.88 2689.85  3389.4
67.8979 686.878 1360.17 2017.88 2693.77  3394.4
67.9964 687.878 1362.15 2020.88 2697.77 3399.32
67.9964 688.892 1364.15 2023.88 2701.75 3404.33
68.0954 689.892 1366.15 2026.83 2705.75 3409.29
68.0954 690.906 1368.15 2029.83 2709.72  3414.3
68.1944 691.906 1370.15 2032.83 2713.66 3419.26
68.1944 692.906 1372.16 2035.83 2717.64 3424.27
68.2922 693.899 1374.16 2038.83 2721.64 3429.18
68.3912 694.899 1376.16 2041.79 2725.59 3434.18
68.4898 695.899 1378.16 2044.73 2729.59 3439.14
68.4898 696.899 1380.16 2047.73 2733.56 3444.15
68.4898 697.909 1382.16 2050.73 2737.56 3449.14
68.5873 698.902 1384.16 2053.73 2741.56 3454.05
68.5873 699.916 1386.17 2056.73 2745.54 3459.05
68.5873  700.93 1388.17 2059.71 2749.54 3464.06
68.5873 701.943 1390.18 2062.69 2753.54 3469.06
68.5873 702.957 1392.19 2065.69 2757.52 3474.06
68.5873 703.967 1394.19 2068.69 2761.52 3479.05
68.5873 704.981  1396.2 2071.67 2765.52 3484.05
68.5873 705.995  1398.2 2074.65 2769.52 3489.05
68.5873 707.009 1400.21 2077.65  2773.5 3494.05
68.6841 708.009 1402.19 2080.65  2777.5 3498.98
68.7816 709.009 1404.19  2083.6 2781.44 3503.98
68.8789 710.009 1406.19 2086.55 2785.44 3508.93
68.8789 711.018 1408.19 2089.55 2789.44 3513.92
68.8789 712.018 1410.19 2092.53 2793.44 3518.94
 68.975 713.012 1412.19 2095.53 2797.44 3523.85
 68.975 714.012  1414.2 2098.53 2801.42 3528.86
69.0716 715.012 1416.18 2101.53 2805.35 3533.86
69.1676 716.005 1418.18 2104.53 2809.35 3538.77
69.2618  716.98 1420.11 2107.53 2813.35 3543.77
69.3575 717.971 1422.11 2110.44 2817.35 3548.77
69.3575 718.971 1424.12 2113.44 2821.33 3553.78
69.3575 719.971 1426.14 2116.43 2825.32 3558.78
69.4542 720.971 1428.14 2119.43 2829.26 3563.74
69.4542 721.989 1430.14 2122.42 2833.25 3568.74
69.4542 722.989 1432.15 2125.42 2837.24 3573.74
69.5497 723.982 1434.15 2128.42 2841.24 3578.66
69.5497 724.982 1436.17 2131.41 2845.24 3583.66
69.5497 725.996 1438.18 2134.41 2849.22 3588.66
69.5497 727.005 1440.18 2137.41 2853.22 3593.65
69.6447 727.999 1442.18 2140.41 2857.22 3598.56
69.7408 728.999 1444.18 2143.41 2861.16 3603.52
69.7408 730.013 1446.19 2146.41 2865.13 3608.52
69.8363 731.013 1448.17 2149.41 2869.06 3613.52
69.8363 732.026 1450.17 2152.39 2873.06 3618.52
69.8363 733.039 1452.17 2155.39 2877.04 3623.53
69.9318 734.039 1454.17 2158.33 2881.04 3628.49
70.0268 735.039 1456.15 2161.26 2885.04 3633.49
70.0268 736.039 1458.16 2164.25 2889.04  3638.5
70.1222 737.039 1460.16 2167.19 2893.04 3643.45
70.1222 738.039 1462.16 2170.17 2897.04 3648.46
70.1222 739.039 1464.18 2173.17 2901.03 3653.46
70.2167 740.039 1466.15  2176.1 2905.03 3658.46
70.2167 741.056 1468.15 2179.09 2909.02 3663.46
70.2167  742.07 1470.16 2182.07 2913.02 3668.46
 70.309 743.045 1472.09 2185.07 2917.02 3673.46
70.4033 744.041 1474.09 2188.07 2920.93 3678.46
70.4973 745.035 1476.09 2191.07 2924.93 3683.38
70.4973 746.035  1478.1 2194.07 2928.91 3688.39
70.4973 747.044  1480.1 2197.07 2932.91 3693.38
70.5916 748.044 1482.08 2200.07 2936.84 3698.38
70.5916 749.044 1484.09 2203.07 2940.82 3703.39
70.5916 750.057  1486.1 2206.05 2944.82 3708.39
70.5916 751.057 1488.11 2209.05  2948.8  3713.4
70.6833 752.033 1490.04 2212.05  2952.8  3718.4
70.6833 753.042 1492.04 2215.05  2956.8 3723.39
70.7774 754.042 1494.04 2217.99  2960.8 3728.35
70.8709 755.038 1496.04 2220.99 2964.71 3733.35
70.8709 756.051 1498.04 2223.97 2968.71 3738.36
70.9643 757.051 1500.01 2226.91 2972.71 3743.36
 71.058 758.051    1502 2229.91 2976.63 3748.36
71.1521 759.051    1504 2232.91 2980.57 3753.32
71.1521 760.064    1506 2235.91 2984.55 3758.32
71.1521 761.081    1508  2238.9 2988.54 3763.32
71.2461 762.081    1510 2241.85 2992.49 3768.32
71.3393 763.081 1511.98 2244.79 2996.49 3773.32
71.4326 764.081 1513.95 2247.79 3000.49 3778.25
71.5257 765.081 1515.93 2250.72 3004.49 3783.25
71.5257 766.094 1517.94 2253.72 3008.47 3788.25
71.5257 767.107 1519.94  2256.7 3012.47 3793.26
71.6167 768.082 1521.87  2259.7 3016.47 3798.26
71.7077 769.058  1523.8  2262.7 3020.47 3803.26
71.7987 770.034 1525.74  2265.7 3024.47 3808.26
71.8896  771.01 1527.67  2268.7 3028.47 3813.26
71.9826  772.01 1529.65  2271.7 3032.47 3818.19
71.9826 773.022 1531.65 2274.68 3036.47 3823.19
72.0755 774.022 1533.63 2277.68 3040.47 3828.12
72.1691 775.022 1535.63 2280.64 3044.42 3833.12
72.1691 776.035 1537.63 2283.62 3048.42 3838.12
72.2625 777.035 1539.63 2286.57 3052.37 3843.12
72.2625 778.035 1541.64 2289.56 3056.37 3848.14
72.2625 779.048 1543.65 2292.56 3060.35 3853.14
72.3545  780.04 1545.65 2295.47 3064.35 3858.14
 72.445 781.015 1547.58 2298.47 3068.35 3863.14
 72.445 782.015  1549.6 2301.46 3072.34 3868.14
 72.537 783.009  1551.6 2304.46 3076.34 3873.05
 72.537 784.022  1553.6 2307.46 3080.32 3878.05
 72.537 785.038  1555.6 2310.46 3084.31 3883.05
 72.537 786.038 1557.61 2313.44 3088.31 3888.06
 72.537 787.038 1559.63 2316.43 3092.31 3893.06
72.6295 788.038 1561.63 2319.43 3096.25 3898.02
72.6295 789.051 1563.63 2322.43 3100.23 3903.03
72.6295 790.064 1565.63 2325.43 3104.21 3908.03
72.7217 791.064 1567.63 2328.38 3108.21 3912.99
72.8133 792.064 1569.61 2331.38 3112.21 3917.92
72.9047 793.057 1571.61 2334.38 3116.21 3922.84
72.9047 794.057 1573.61 2337.37  3120.2 3927.86
72.9959 795.051 1575.61 2340.37  3124.2 3932.78
73.0874 796.051 1577.58  2343.3  3128.2 3937.78
73.0874 797.051 1579.58 2346.29 3132.19  3942.8
73.1783 798.042 1581.58 2349.21 3136.19  3947.8
73.2694 799.036 1583.58 2352.21 3140.19 3952.71
73.2694 800.036 1585.58  2355.2 3144.18 3957.74
73.3602 801.027 1587.58 2358.11 3148.18 3962.74
73.4496 802.003 1589.52 2361.11 3152.18 3967.74
73.4496 803.003 1591.53  2364.1 3156.18 3972.75
73.4496 804.012 1593.53  2367.1 3160.18 3977.74
73.4496 805.024 1595.53 2370.08 3164.18 3982.74
73.5402 806.018 1597.53 2373.08 3168.18 3987.65
73.5402 807.031 1599.54 2376.08 3172.16 3992.65
73.5402 808.047 1601.54 2379.07 3176.15 3997.65
73.5402 809.047 1603.54 2382.06 3180.14 4002.68
 73.629 810.023 1605.48 2385.06 3184.14 4007.68
 73.629 811.035 1607.48 2388.04 3188.14 4012.68
 73.629 812.035 1609.48 2391.02 3192.13  4017.7
 73.629 813.047 1611.48    2394 3196.13 4022.71
73.7174 814.024 1613.41    2397 3200.13 4027.71
73.8058     815 1615.35    2400 3204.13 4032.71
73.8058 816.012 1617.35 2402.99 3208.13 4037.72
73.8957 817.006 1619.35 2405.99 3212.13 4042.64
73.9866 818.006 1621.35 2408.94 3216.08 4047.64
73.9866 819.021 1623.35 2411.94 3220.08 4052.64
74.0763 820.015 1625.35 2414.94 3224.08 4057.55
74.0763 821.027 1627.35 2417.94 3228.06 4062.55
74.0763 822.027 1629.37 2420.93 3232.05 4067.55
74.1669 823.027 1631.37 2423.89    3236 4072.55
74.1669 824.043 1633.37 2426.88 3239.99 4077.55
74.2568 825.043 1635.35 2429.88 3243.92 4082.55
 74.346 826.034 1637.35  2432.8 3247.92 4087.55
74.4339 827.011 1639.28  2435.8 3251.92 4092.55
74.5243 828.011 1641.28 2438.76 3255.87 4097.55
74.5243 829.023 1643.28 2441.76 3259.85 4102.56
74.5243 830.023 1645.29 2444.76 3263.84 4107.57
74.5243 831.038 1647.29 2447.75 3267.83 4112.57
74.6132  832.03 1649.29 2450.67 3271.83 4117.57
74.7023 833.023 1651.29 2453.67 3275.83 4122.49
74.7923 834.023 1653.29 2456.67 3279.77 4127.45
74.7923 835.023  1655.3 2459.67 3283.76 4132.47
74.7923 836.032  1657.3 2462.67 3287.76 4137.46
74.7923 837.032  1659.3 2465.67 3291.74 4142.47
74.8814 838.032 1661.28 2468.67 3295.74  4147.4
74.8814 839.041 1663.28 2471.67 3299.74 4152.39
74.9704 840.041 1665.26 2474.67 3303.74 4157.33
  75.06 841.041 1667.26 2477.63 3307.69 4162.33
  75.06 842.041 1669.27 2480.62 3311.68 4167.33
75.1488 843.036 1671.27 2483.62  3315.6 4172.33
75.1488 844.048 1673.27 2486.62 3319.58 4177.34
75.2378 845.048 1675.25 2489.62 3323.51 4182.34
75.3272 846.048 1677.25 2492.58 3327.46 4187.34
75.4166 847.048 1679.25 2495.54 3331.41 4192.34
75.5051 848.042 1681.25 2498.54 3335.41 4197.25
75.5051 849.057 1683.25 2501.53  3339.4 4202.25
75.5935 850.051 1685.25 2504.53  3343.4 4207.17
75.6821 851.051 1687.23 2507.46  3347.4 4212.17
75.6821 852.062 1689.23 2510.45  3351.4 4217.18
75.7712 853.062 1691.23 2513.45 3355.35 4222.15
75.8604 854.062 1693.23 2516.41  3359.3 4227.15
75.9489 855.058 1695.23 2519.41 3363.22 4232.15
75.9489 856.058 1697.23 2522.39 3367.21 4237.17
 76.038 857.058 1699.23 2525.35 3371.16 4242.17
 76.038 858.058 1701.23 2528.35 3375.14 4247.18
76.1245 859.035 1703.17 2531.35 3379.14 4252.18
76.2133 860.035 1705.17 2534.31 3383.14 4257.14
76.3017 861.035 1707.15 2537.31 3387.14 4262.07
76.3899  862.03 1709.15 2540.31 3391.06 4267.07
76.4782  863.03 1711.12 2543.31 3395.06 4272.01
76.4782 864.039 1713.12 2546.31 3399.06    4277
76.5665 865.039  1715.1 2549.31 3403.06 4281.93
76.5665 866.051  1717.1 2552.31 3407.04 4286.94
76.5665 867.051  1719.1  2555.3 3411.03 4291.96
76.6547 868.051 1721.08  2558.3 3414.96 4296.96
76.7424 869.044 1723.08  2561.3 3418.96 4301.88
76.7424 870.044 1725.09 2564.29 3422.95 4306.88
 76.831 871.044 1727.09 2567.25  3426.9 4311.88
 76.919 872.044 1729.07 2570.25  3430.9 4316.82
77.0073 873.044 1731.07  2573.2  3434.9 4321.78
77.0073 874.044 1733.08 2576.19  3438.9 4326.78
77.0073 875.044 1735.09 2579.18  3442.9 4331.79
77.0073 876.056  1737.1 2582.16  3446.9 4336.79
77.0949 877.056 1739.07 2585.09  3450.9 4341.79
77.1825 878.056 1741.05 2588.03  3454.9 4346.79
77.2703 879.056 1743.03 2591.03 3458.83 4351.79
77.2703 880.071 1745.03 2594.02 3462.82 4356.79
77.2703 881.079 1747.03 2597.02 3466.82 4361.78
77.2703 882.091 1749.03 2600.02  3470.8 4366.78
77.3559 883.068 1750.97 2603.02  3474.8 4371.78
77.3559 884.068 1752.98 2606.01  3478.8 4376.79
 77.443 885.064 1754.98 2609.01 3482.72 4381.79
77.5302 886.064 1756.95 2611.94 3486.72 4386.79
77.5302 887.064 1758.96 2614.94  3490.7  4391.8
77.5302 888.076 1760.97 2617.93  3494.7  4396.8
77.5302 889.087 1762.97 2620.93 3498.68 4401.81
77.5302 890.098 1764.97 2623.91 3502.68 4406.81
77.6176 891.098 1766.97 2626.91 3506.63 4411.78
77.6176  892.11 1768.97 2629.91 3510.61 4416.78
77.7026 893.087 1770.91 2632.91 3514.61 4421.78
77.7026 894.087 1772.92 2635.89 3518.61 4426.79
77.7026 895.087 1774.93 2638.88 3522.61 4431.79
77.7889 896.081 1776.93 2641.88 3526.61 4436.71
77.8754 897.081 1778.91 2644.88 3530.61 4441.65
77.9618 898.077 1780.91 2647.88 3534.53 4446.65
78.0483 899.077 1782.88 2650.82 3538.53 4451.65
78.0483 900.091 1784.88 2653.81 3542.52 4456.65
78.0483 901.103 1786.88 2656.81  3546.5 4461.65
78.1351 902.103 1788.88 2659.77  3550.5 4466.61
78.2216 903.103 1790.86 2662.77 3554.43 4471.61
78.3077 904.097 1792.86 2665.77 3558.43 4476.53
78.3077 905.105 1794.86 2668.77 3562.43 4481.53
78.3077 906.105 1796.88 2671.76 3566.43 4486.53
78.3077 907.119 1798.88 2674.75 3570.42 4491.53
78.3938 908.119 1800.85 2677.75 3574.42 4496.46
78.3938 909.119 1802.87 2680.74 3578.42 4501.46
78.3938 910.134 1804.87 2683.73 3582.41 4506.46
78.4791 911.125 1806.87 2686.66 3586.41 4511.46
78.5633 912.103  1808.8 2689.66 3590.41 4516.46
78.6475  913.08 1810.74 2692.66 3594.41 4521.46
78.7329 914.072 1812.74 2695.58 3598.41 4526.46
78.8193 915.072 1814.74 2698.58 3602.36 4531.43
78.9058 916.072 1816.74 2701.54 3606.31 4536.43
78.9058 917.083 1818.75 2704.52 3610.31 4541.43
78.9058 918.094 1820.76 2707.51 3614.31 4546.43
78.9058 919.094 1822.76 2710.49 3618.31 4551.44
78.9909 920.086 1824.76 2713.41 3622.31 4556.44
78.9909 921.097 1826.76 2716.41 3626.29 4561.45
79.0762 922.092 1828.76 2719.41 3630.21 4566.45
79.0762 923.092 1830.76  2722.4  3634.2 4571.47
79.1617 924.092 1832.74  2725.4  3638.2  4576.4
79.1617 925.092 1834.75  2728.4 3642.18 4581.41
79.1617 926.092 1836.75  2731.4 3646.17 4586.42
79.1617 927.103 1838.75 2734.39 3650.17 4591.43
79.2451 928.081 1840.69 2737.39 3654.17 4596.43
79.2451 929.081  1842.7 2740.38 3658.16 4601.43
79.2451 930.089  1844.7 2743.38 3662.16 4606.42
79.3305 931.089  1846.7 2746.33 3666.16 4611.38
79.3305   932.1 1848.71 2749.32 3670.16 4616.38
79.4153   933.1 1850.68 2752.25 3674.16 4621.38
79.5001   934.1 1852.66 2755.19 3678.16 4626.38
79.5849   935.1 1854.64 2758.13 3682.16 4631.38
79.6696 936.096 1856.64 2761.13 3686.08 4636.38
79.6696 937.107 1858.64 2764.11 3690.08 4641.39
79.6696 938.115 1860.64 2767.11 3694.08 4646.38
79.7544 939.115 1862.62 2770.11 3698.01 4651.38
79.8393 940.115  1864.6 2773.11 3701.95 4656.38
79.9244 941.115  1866.6 2776.11  3705.9 4661.35
79.9244 942.126  1868.6  2779.1  3709.9 4666.35
79.9244 943.137 1870.61 2782.08  3713.9 4671.35
80.0095 944.137 1872.61 2785.04 3717.85 4676.35
80.0095 945.145 1874.61 2788.04 3721.85 4681.34
80.0939 946.145 1876.59 2791.04 3725.85 4686.28
80.0939 947.145 1878.59 2794.03 3729.85 4691.29
80.0939 948.145 1880.59 2797.02 3733.84 4696.31
80.1781 949.145 1882.57 2799.95 3737.84 4701.31
80.2627 950.145 1884.57 2802.91 3741.84 4706.27
80.3471 951.145 1886.55 2805.91 3745.78 4711.27
80.3471 952.156 1888.55 2808.91 3749.76 4716.28
80.4311 953.152 1890.55 2811.91 3753.68 4721.28
80.5156 954.152 1892.55 2814.86 3757.68 4726.24
80.5993 955.143 1894.55 2817.79 3761.68 4731.24
80.5993 956.143 1896.56 2820.78 3765.67 4736.24
80.5993 957.154 1898.56 2823.76 3769.67 4741.25
80.5993 958.154 1900.58 2826.76 3773.67 4746.25
80.6831 959.154 1902.55 2829.76 3777.67 4751.19
80.6831 960.165 1904.56 2832.76 3781.65 4756.19
80.7669 961.165 1906.54 2835.76 3785.65 4761.12
80.7669 962.176 1908.54 2838.74 3789.65 4766.13
80.7669 963.184 1910.54 2841.74 3793.65 4771.12
80.7669 964.198 1912.54 2844.73 3797.64 4776.12
  80.85  965.19 1914.54 2847.66 3801.64 4781.12
 80.933 966.181 1916.54 2850.58 3805.64 4786.12
81.0171 967.181 1918.54 2853.54  3809.6 4791.12
81.1006 968.181 1920.51 2856.48  3813.6 4796.12
81.1006 969.195 1922.51 2859.47 3817.59 4801.12
 81.184 970.195 1924.49 2862.47 3821.59 4806.06
 81.184 971.209 1926.49 2865.47 3825.59 4811.06
81.2672 972.205 1928.49 2868.47 3829.51 4816.06
81.2672 973.216 1930.49 2871.45 3833.51 4821.07
81.3505 974.216 1932.47 2874.45 3837.51 4826.01
81.3505 975.226 1934.47 2877.43 3841.51 4831.02
81.3505 976.237 1936.47 2880.41 3845.51 4836.02
81.3505 977.237 1938.48 2883.41  3849.5 4841.02
 81.434 978.237 1940.48 2886.37 3853.46 4846.02
81.5168 979.231 1942.48 2889.37 3857.46 4850.95
81.5996 980.226 1944.48 2892.37 3861.38 4855.95
81.6822 981.218 1946.48 2895.29 3865.38 4860.95
81.7649 982.212 1948.48 2898.29 3869.38 4865.87
81.7649 983.223 1950.48 2901.28 3873.38 4870.88
81.8482 984.223 1952.48 2904.23 3877.38 4875.84
81.8482 985.234 1954.49 2907.23 3881.36 4880.84
81.8482 986.234 1956.49 2910.22 3885.35 4885.86
81.9315 987.234 1958.49 2913.18 3889.31 4890.86
82.0138 988.225 1960.49 2916.11 3893.31 4895.86
82.0965 989.225 1962.46 2919.11 3897.31  4900.8
82.0965 990.236 1964.47 2922.09 3901.31  4905.8
82.1791 991.232 1966.47 2925.09 3905.23  4910.8
82.2616 992.227 1968.47 2928.09 3909.15  4915.8
82.3448 993.227 1970.47 2931.05 3913.11  4920.8
82.3448 994.227 1972.47 2934.04  3917.1 4925.82
82.3448 995.238 1974.47 2937.04 3921.08 4930.82
82.4272 996.234 1976.47 2940.04    3925 4935.82
82.4272 997.245 1978.48 2943.03    3929 4940.82
82.5101 998.245 1980.48 2946.03 3932.95 4945.78
82.5101 999.252 1982.48 2949.03 3936.95 4950.78
82.5101 1000.25 1984.48 2952.02 3940.95  4955.8
82.5908 1001.23 1986.42 2955.02 3944.95  4960.8
82.5908 1002.24 1988.42 2958.01 3948.94  4965.8
82.5908 1003.26 1990.42    2961 3952.93  4970.8
82.6727 1004.25 1992.42    2964 3956.86  4975.8
82.7548 1005.25  1994.4    2967 3960.86 4980.73
82.8353 1006.23 1996.34    2970 3964.86 4985.73