      1       2 4.33333 4.33333       5 4.33333
1.58065       3 6.84946 7.33333 7.90323 9.33333
2.20353       4 9.54861 10.3333 11.9032 13.0113
2.20353 5.31653 11.5486 13.7344 15.9032 17.2937
 2.5502 6.15296 13.3655 16.7344 19.9032 22.2937
 2.5502  7.3033 15.3655  19.863 23.6243 27.2937
 2.5502 8.40763 17.6889  22.863 27.1965 32.2937
2.87277 9.40763 19.9264  25.863 30.6365 37.2937
3.23793 10.4076 21.9264  28.863 34.5308 42.0343
3.57809 11.4076 23.9264 31.8952 38.1585 47.0343
3.87928 12.4076 25.9404   34.58 42.1585 52.0343
3.87928 13.5059 28.2364   37.58 46.1585   56.64
4.19371 14.6006 30.2364   40.58 50.1585 61.2308
4.19371 15.7018  32.517   43.58 54.1585 65.8491
4.19371 16.7754 34.7403   46.58 57.8615 70.8491
 4.4777 17.7754 36.7403   49.58 61.7798 75.6468
 4.4777 18.9207 38.7403   52.58 65.7604 80.5209
4.73807 19.9207 40.7403 55.6374 69.7604 85.2031
4.95542 20.8345 42.6092 58.6374 73.7604 90.2031
4.95542 21.8345 44.8348 61.7002 77.7604 94.9147
5.18852 22.8345 46.9438 64.7002 81.4183 99.9147
5.18852 23.8533 49.0383  67.587 85.4183 104.915
5.18852 24.9265 51.2446  70.587 89.4183 109.635
5.18852 26.0048 53.2446 73.6405 93.2864 114.635
5.18852 27.0971 55.2446 76.7335 97.2864  119.45
5.36635 28.0258 57.1381 79.7335 101.286  124.45
5.57123 29.0258 59.1381 82.7775 105.286 129.201
 5.7753  30.089 61.1381 85.7775 109.286 133.934
 5.7753 31.1731 63.1381 88.8679 113.286 138.759
 5.7753 32.1731   65.28 91.8827  117.13 143.759
5.94314 33.1081 67.1772 94.8827  121.13 148.759
5.94314 34.1081 69.1772 98.0041 125.114 153.653
5.94314 35.1081 71.3642 101.004  129.07 158.511
6.10175  36.045 73.2687 104.004  133.07 163.511
6.10175 37.1008 75.2687 107.051 136.968 168.511
6.26418 38.0885 77.2687   109.9 140.968 173.511
6.26418 39.0885 79.2687 113.008 144.954 178.417
6.26418 40.0885 81.4343 116.008 148.914 183.291
6.26418 41.0885 83.5999 119.008 152.874 188.165
6.26418 42.1001 85.6582 121.938 156.874 193.165
6.26418 43.1355 87.7648 124.938 160.732 198.165
6.41324 44.1619 89.7648 127.938 164.557 203.165
6.56082 45.1619 91.8304 130.938 168.343 208.165
6.71063 46.1619 93.9273 133.938 172.343 212.919
6.85961 47.1867 95.9273 136.938 176.169 217.919
7.01133 48.1867 97.9273 139.967 180.169 222.738
7.16268  49.227 99.9273 142.967 184.169 227.547
7.30015 50.1717 101.845 145.967 188.169 232.547
7.30015  51.182 103.896 148.906 192.169 237.547
7.30015  52.182 105.896 151.994 196.155 242.473
7.30015  53.182 108.012 155.032 200.155 247.319
7.43564  54.169 110.012 157.909 204.155 252.319
7.57436  55.169 112.065 160.909 207.964 257.319
7.71521  56.169 114.065 163.901 211.831 262.319
7.71521  57.169 116.176 166.935 215.831 267.174
7.71521 58.2073 118.286 169.935 219.831 272.026
7.71521 59.2073 120.397 172.968 223.831 276.882
7.71521 60.2346 122.486 175.968 227.714 281.882
7.84944 61.2346 124.486 178.968 231.676 286.786
7.97551 62.2346 126.485 181.842 235.676 291.786
8.10799 63.2346 128.485 184.863 239.676 296.633
8.10799 64.2346 130.485 187.939 243.664 301.569
8.23214 65.2346 132.483 190.817 247.664 306.569
8.23214 66.2419 134.529 193.764 251.664 311.569
8.23214 67.2419 136.617 196.771  255.57 316.569
8.35726 68.2419 138.617 199.761 259.454 321.569
8.48064 69.2419 140.663 202.761 263.284 326.569
8.60158 70.2294 142.663 205.653 267.284 331.569
8.60158 71.2294 144.762 208.678 271.284 336.446
8.72084  72.217 146.762 211.571 275.284 341.446
 8.8423  73.217 148.806 214.571 279.119 346.446
8.96108  74.217 150.805 217.453 283.119 351.446
9.08031 75.2044 152.805 220.346 287.119 356.446
9.08031 76.2426 154.805 223.388 291.119 361.366
9.08031 77.2426 156.805 226.449 295.107 366.317
9.19644 78.2304 158.805 229.345 299.107 371.317
 9.3158 79.2304 160.866 232.345 303.107 376.136
 9.3158  80.259 162.954 235.345 307.107 381.019
 9.4324  81.259 164.994 238.345 310.951 386.019
9.55021  82.259 167.055 241.345 314.951 390.841
9.66761 83.2701 169.055 244.345 318.822 395.841
9.66761 84.2701 171.055 247.402 322.812 400.794
9.78281 85.2701 173.093 250.402 326.658 405.794
9.78281 86.3051 175.093 253.441 330.658 410.719
9.89778 87.3051 177.151 256.441 334.658 415.547
9.89778   88.34 179.151 259.481 338.658 420.472
10.0136   89.34 181.151 262.481 342.622 425.393
10.1207 90.2955 183.088 265.481 346.622 430.393
10.1207 91.2955 185.186 268.481 350.593 435.324
10.2333 92.2955 187.186 271.468 354.493 440.324
10.3464 93.3156 189.186 274.468 358.493 445.191
10.4524 94.2715 191.124 277.468 362.493 450.191
10.4524 95.2715 193.218 280.468 366.466 455.124
10.5573 96.2276 195.157 283.468 370.466 460.124
10.5573 97.2589 197.157 286.506 374.466 465.055
10.5573 98.2767 199.221 289.506 378.385 470.055
10.5573 99.2945 201.284 292.506 382.303 475.055
10.5573 100.295 203.352 295.511 386.231 480.055
10.5573 101.295 205.429 298.529 390.231 484.959
10.5573 102.299 207.465 301.489 394.231 489.959
10.6592 103.286 209.465 304.399 398.231 494.959
10.6592 104.303 211.528 307.399 402.152 499.959
10.7628 105.303 213.528 310.387  406.06 504.959
10.8653 106.303  215.56 313.387 409.925 509.959
10.8653 107.328  217.56 316.409 413.878 514.959
10.9668 108.328 219.593 319.409 417.744 519.959
10.9668 109.332 221.628  322.37 421.744 524.959
11.0687 110.349 223.628  325.37 425.744  529.84
11.1718 111.349 225.628  328.37 429.708 534.773
11.1718 112.371 227.698  331.37 433.708 539.681
11.2739 113.371 229.698  334.37 437.673 544.614
 11.376 114.371 231.698  337.37 441.637 549.548
11.4768 115.371 233.698 340.358 445.549 554.548
11.5781 116.371 235.698 343.362 449.549 559.442
11.5781 117.395 237.698 346.383 453.504 564.442
11.6755 118.383 239.698 349.297 457.504 569.442
11.6755 119.404 241.766 352.297 461.504 574.354
11.6755 120.437 243.766 355.297 465.499 579.325
11.7687 121.398 245.711 358.297 469.499 584.325
11.7687 122.398 247.779 361.312 473.499 589.243
11.7687 123.431 249.779 364.312 477.494 594.214
11.7687 124.431 251.779 367.357 481.484  599.18
11.7687 125.431 253.838 370.361 485.421  604.18
11.7687 126.447 255.893 373.361 489.351  609.18
11.7687 127.447 257.893 376.405 493.341 614.146
11.8598 128.447 259.889 379.318 497.341 619.146
11.9544 129.447 261.889 382.318 501.308 624.085
12.0483 130.447 263.889 385.321 505.308 628.988
12.0483 131.466 265.952 388.321 509.308 633.905
12.1406 132.473 267.952 391.321 513.208 638.905
12.1406 133.473 270.027 394.321 517.184 643.854
12.2328 134.488 272.027 397.321 521.184 648.747
 12.324 135.488 274.054 400.321 525.066 653.747
 12.324 136.509 276.054  403.34 529.026 658.747
12.4144 137.509  278.08  406.34 532.909 663.747
12.4144  138.54  280.08  409.34 536.903 668.722
12.4144 139.555 282.132  412.34 540.837 673.722
12.4144 140.555 284.132 415.381 544.826 678.692
12.5038 141.555 286.132 418.371 548.747 683.692
12.5038 142.585 288.132 421.371 552.741 688.668
12.5921 143.592 290.132 424.371 556.645 693.668
12.5921 144.611 292.191 427.371 560.645  698.59
12.5921 145.636 294.191 430.398 564.645 703.538
12.6796 146.636 296.191 433.388 568.568 708.538
12.7631 147.601 298.141 436.388 572.568 713.538
12.7631 148.605 300.169 439.356 576.568 718.538
12.7631 149.635 302.169 442.356 580.561 723.515
12.7631 150.649 304.218 445.356 584.498 728.515
12.8488 151.649 306.218 448.346 588.422 733.515
12.9345 152.649 308.218 451.336 592.346 738.515
12.9345 153.664 310.267 454.336 596.283 743.515
12.9345 154.664 312.335 457.336 600.258 748.472
13.0187 155.671 314.335 460.336 604.167 753.472
13.0187 156.671 316.335 463.375 608.155 758.445
13.0187 157.671 318.403 466.375  612.13 763.403
13.1031 158.671 320.403 469.375 616.098 768.351
13.1031 159.694 322.403   472.4 620.098 773.303
13.1031 160.714 324.403 475.418 624.059 778.303
13.1031 161.714 326.469 478.418 628.035 783.261
13.1031 162.714 328.469 481.456 632.023 788.235
13.1031 163.718 330.496 484.426 636.023 793.235
13.1805 164.686  332.45 487.426 640.023 798.235
13.1805 165.686 334.515 490.426 643.999 803.193
13.2592 166.686 336.511 493.352 647.999 808.193
13.2592 167.708 338.511 496.376 651.999 813.148
13.2592 168.708 340.565 499.388 655.999 818.082
13.2592 169.711 342.591 502.359 659.999 823.082
13.2592 170.738 344.591 505.359 663.992 828.062
13.3374 171.738 346.625 508.359 667.992 832.949
13.4167 172.738 348.625 511.359 671.962   837.9
 13.492 173.707  350.58 514.359 675.962   842.9
13.5672 174.676 352.536 517.359 679.962   847.9
13.5672 175.679 354.561  520.33 683.962   852.9
13.6454 176.691 356.561  523.33 687.962  857.81
13.7236 177.691 358.561 526.332 691.962  862.73
13.8017 178.702 360.561 529.332 695.962 867.641
13.8782 179.692 362.561 532.265 699.962 872.641
13.8782 180.692 364.612 535.277 703.962 877.578
13.9542 181.692 366.607 538.206 707.962 882.578
13.9542 182.708 368.657 541.206 711.962 887.513
14.0306 183.708 370.678 544.206 715.865 892.513
14.1071 184.708 372.699 547.206 719.768 897.513
14.1071 185.726 374.699 550.221 723.734 902.513
14.1845 186.726 376.699 553.221 727.705 907.464
14.1845 187.738 378.741 556.221  731.65 912.464
14.1845 188.754  380.79 559.221  735.65   917.4
14.1845 189.772  382.79 562.237 739.617   922.4
14.1845 190.772  384.79  565.27 743.607 927.377
14.2567 191.742 386.747  568.27 747.607 932.377
14.3324 192.742 388.747  571.27 751.579 937.329
14.3324 193.767 390.747  574.27 755.573 942.311
14.3324 194.791 392.747  577.27 759.567 947.292
14.4074 195.791 394.747  580.27 763.539 952.246
14.4074 196.808 396.747 583.285 767.506 957.246
14.4074 197.826 398.747   586.3 771.474 962.246
14.4809 198.826 400.747 589.291 775.409 967.246
14.4809 199.841 402.793 592.291 779.409 972.184
14.4809 200.858 404.793 595.306 783.377 977.184
14.4809 201.858 406.793 598.339 787.367 982.162
14.4809 202.862 408.816 601.313 791.367 987.162
14.4809 203.874 410.855 604.313 795.316 992.162
14.5525 204.874 412.855 607.304 799.252 997.162
14.6249 205.874 414.855 610.304 803.225 1002.12
14.6939 206.846 416.814 613.304 807.225 1007.12
14.6939 207.863 418.814 616.319 811.193 1012.12
14.7653 208.873 420.814 619.319 815.193 1017.04
14.8367 209.883 422.814 622.319 819.193 1021.95
14.8367 210.883 424.859  625.33 823.193  1026.9
14.9072 211.883 426.878  628.33 827.104  1031.9
14.9788 212.883 428.878  631.33 831.076 1036.85
15.0485 213.883 430.872 634.266 835.076 1041.85
15.0485 214.883 432.913  637.27 839.031 1046.85
15.0485 215.883 434.967  640.27 843.012 1051.82
15.1183 216.883 436.985  643.27 846.923 1056.82
15.1888 217.883 438.985  646.27 850.923 1061.75
15.2589 218.888 440.985  649.27 854.848 1066.75
15.2589 219.899 443.023  652.27 858.799 1071.75
15.3286 220.904 445.023  655.27 862.724 1076.75
15.3973 221.904 447.018 658.207 866.724 1081.75
15.3973 222.918  449.06 661.207 870.724 1086.69
15.3973  223.93 451.098 664.207 874.675 1091.69
15.3973  224.93 453.142 667.217 878.675 1096.64
15.4664 225.939 455.142 670.217 882.675 1101.56
15.5343 226.931 457.142 673.157 886.675 1106.56
15.5343 227.931 459.186 676.167 890.675 1111.51
15.5343 228.945 461.228 679.167 894.675 1116.45
15.5343 229.967 463.228 682.167 898.669 1121.44
   15.6  230.94 465.189 685.167 902.669 1126.44
15.6682 231.949 467.189 688.167 906.669 1131.36
 15.734 232.923  469.15 691.167 910.669 1136.36
 15.734 233.923  471.15 694.196  914.66 1141.34
 15.734 234.923 473.192 697.205  918.66 1146.29
 15.734 235.936 475.233 700.205  922.66 1151.23
 15.734 236.936 477.233 703.234 926.651 1156.21
15.8008 237.936 479.259 706.234 930.651 1161.12
15.8682 238.936 481.259 709.234 934.625 1166.08
15.9352 239.945 483.259 712.234 938.625    1171
 16.002 240.945 485.285 715.234 942.625 1175.91
16.0678 241.945 487.279 718.174 946.625 1180.91
16.1343 242.945 489.295 721.174 950.542 1185.91
16.2012 243.945 491.295 724.165 954.485 1190.91
 16.267 244.945  493.29 727.105 958.485 1195.91
 16.334 245.954  495.29 730.105 962.485 1200.83
16.3997 246.954 497.284 733.044 966.485 1205.83
16.3997 247.971 499.284 736.063 970.485  1210.8
16.4653 248.962 501.284 739.006 974.485  1215.8
16.5297 249.936 503.246 742.006 978.485  1220.8
16.5297 250.936 505.286 745.015 982.485 1225.75
16.5297 251.953 507.286 748.033 986.485 1230.71
16.5959 252.961 509.286 751.033 990.485 1235.64
16.6598 253.935 511.248 754.033 994.485 1240.64
16.6598 254.935 513.284 757.036 998.445 1245.64
16.6598 255.952 515.284 760.054 1002.45 1250.61
16.7249 256.952 517.299 763.054 1006.37 1255.61
16.7905 257.952 519.299 766.044 1010.31 1260.61
16.7905 258.952 521.335 769.047 1014.27 1265.61
16.7905 259.968 523.335 772.065 1018.27 1270.57
16.7905 260.968 525.382 775.065 1022.25 1275.54
16.7905 261.968 527.429 778.065 1026.24 1280.51
16.7905 262.971 529.448 781.043 1030.24 1285.51
16.8548 263.971 531.448 784.034 1034.18 1290.51
16.8548 264.971 533.484 787.037 1038.14 1295.51
16.9188 265.971 535.484 790.028 1042.09 1300.51
16.9188 266.981 537.517 793.028 1046.04 1305.51
16.9188 267.983 539.536 796.006 1050.04 1310.51
16.9814 268.975 541.536 798.952 1054.04 1315.51
16.9814 269.975 543.571 801.955 1058.01 1320.51
17.0438 270.967 545.571 804.901 1062.01 1325.51
17.1052 271.942 547.535 807.901 1066.01 1330.51
17.1683 272.942 549.557 810.901 1070.01 1335.43
17.1683 273.942 551.596 813.909 1074.01 1340.38
17.1683 274.942 553.596 816.934    1078 1345.36
17.1683 275.942  555.63 819.937 1081.96 1350.36
  17.23 276.942 557.625 822.881 1085.96 1355.36
17.2927 277.949 559.625 825.881 1089.96 1360.29
17.3543 278.941 561.625 828.827 1093.96 1365.29
 17.417 279.941 563.625 831.818 1097.91 1370.29
 17.417 280.956 565.625 834.834 1101.91 1375.26
17.4792 281.956 567.647 837.834 1105.91 1380.18
17.5421 282.956 569.647 840.834 1109.88 1385.14
17.5421 283.959 571.665 843.813 1113.88 1390.14
17.6047 284.959 573.665 846.813 1117.86  1395.1
17.6665 285.959 575.679 849.813 1121.78  1400.1
17.6665 286.961 577.697 852.792 1125.78  1405.1
17.6665 287.961 579.735   855.8 1129.78 1410.05
17.6665 288.972 581.771   858.8 1133.78 1415.01
 17.728  289.98 583.771   861.8 1137.78 1419.94
 17.728 290.993 585.771 864.811 1141.76 1424.94
 17.728 291.993 587.808 867.819 1145.76 1429.89
 17.789 292.993 589.829 870.819 1149.76 1434.81
 17.789 293.993 591.863 873.821 1153.72 1439.81
 17.789 295.006 593.863 876.832  1157.7 1444.81
17.8496 296.006 595.885 879.832  1161.7 1449.73
17.9093 297.006 597.879 882.777  1165.7 1454.73
17.9093 298.006 599.879 885.801 1169.69 1459.71
17.9698 299.013 601.879 888.801 1173.69 1464.65
17.9698 300.013 603.912 891.804 1177.66 1469.65
17.9698 301.015  605.93 894.783 1181.66 1474.65
17.9698 302.015 607.973 897.783 1185.64 1479.62
18.0296 303.015 609.995 900.783 1189.64 1484.54
18.0296 304.015 612.038 903.783 1193.63 1489.51
18.0894 305.015 614.038 906.782 1197.63 1494.45
18.1489 306.018 616.038 909.782 1201.56 1499.45
18.1489  307.02 618.056 912.762 1205.56 1504.45
18.2085  308.02 620.056  915.76 1209.56 1509.39
18.2085 309.038 622.056  918.76 1213.56 1514.38
18.2085 310.049  624.09  921.76 1217.56 1519.33
18.2085 311.051 626.108  924.74 1221.56 1524.33
18.2085  312.06 628.138  927.74 1225.52 1529.33
18.2672 313.067 630.138  930.74 1229.52 1534.27
18.2672 314.067 632.138 933.763 1233.51 1539.25
18.3257 315.067 634.138 936.754 1237.46 1544.25
18.3841  316.07 636.138 939.754  1241.4 1549.25
18.3841 317.082 638.138 942.764 1245.38 1554.25
18.3841 318.082  640.18 945.764 1249.36 1559.22
18.3841 319.095  642.18 948.775 1253.34 1564.22
18.3841 320.106 644.215 951.775 1257.34 1569.18
18.3841 321.106  646.25 954.782 1261.34 1574.14
18.3841  322.12  648.25 957.797 1265.34 1579.11
18.3841  323.12 650.285 960.804 1269.34 1584.07
18.4397 324.097 652.252 963.804 1273.34 1589.07
18.4967   325.1 654.252 966.804 1277.28 1594.07
18.5541   326.1 656.252 969.803 1281.28 1599.01
 18.611   327.1 658.265 972.803 1285.21 1604.01
 18.611 328.114 660.265 975.818 1289.21 1608.98
 18.611 329.114   662.3 978.825 1293.21 1613.94
 18.611 330.124 664.333 981.825 1297.21 1618.89
 18.611 331.141 666.333 984.825 1301.21 1623.88
18.6677 332.141 668.333 987.824 1305.21 1628.83
18.7243 333.148 670.333 990.824 1309.21 1633.76
18.7806 334.151 672.333 993.824 1313.15 1638.76
18.7806 335.153  674.35 996.805 1317.15 1643.76
18.7806 336.153 676.381 999.807 1321.12 1648.76
18.7806 337.166 678.381 1002.82 1325.12 1653.73
18.7806 338.179 680.381 1005.83 1329.09 1658.73
18.8362 339.179 682.394 1008.83 1333.03 1663.73
18.8924 340.179 684.394 1011.83    1337  1668.7
18.8924 341.179 686.394 1014.85    1341 1673.68
18.9482 342.179 688.394 1017.85    1345 1678.63
18.9482 343.192 690.394 1020.87    1349  1683.6
18.9482 344.206 692.394 1023.88    1353 1688.57
18.9482 345.219 694.394  1026.9    1357 1693.55
18.9482 346.236 696.394  1029.9 1360.99 1698.53
18.9482 347.252 698.394  1032.9 1364.99 1703.52
18.9482 348.266 700.394 1035.91 1368.99 1708.49
18.9482 349.266 702.424 1038.91 1372.96 1713.49
18.9482 350.276 704.456 1041.91 1376.96 1718.45
18.9482 351.288 706.456 1044.92 1380.94 1723.45
18.9482 352.299 708.488 1047.92 1384.94 1728.41
19.0025 353.299 710.488 1050.92 1388.94 1733.35
19.0025 354.309  712.52 1053.92 1392.94 1738.31
19.0564 355.316  714.52 1056.92 1396.94 1743.25
19.0564 356.332  716.52 1059.92 1400.93 1748.24
19.1101 357.335  718.52 1062.92 1404.87 1753.24
19.1632 358.328  720.52 1065.88 1408.87 1758.24
19.1632 359.331 722.536 1068.86 1412.87 1763.24
19.2161 360.331 724.531 1071.81 1416.87 1768.24
19.2161 361.339 726.558 1074.81 1420.84 1773.24
19.2161 362.339 728.591 1077.82 1424.84  1778.2
19.2161 363.352 730.591 1080.83 1428.84 1783.17
19.2161 364.352 732.591 1083.85 1432.83 1788.15
19.2161 365.352 734.629 1086.85 1436.82 1793.13
19.2161 366.352 736.667 1089.85 1440.81 1798.11
19.2161 367.352   738.7 1092.86 1444.81 1803.07
19.2161 368.368   740.7 1095.86  1448.8 1808.05
19.2684 369.371   742.7 1098.86 1452.75 1813.05
19.2684 370.371   744.7 1101.88 1456.74 1818.04
19.2684 371.374 746.715 1104.86 1460.74 1823.04
19.3204 372.374 748.727 1107.86 1464.68 1828.04
19.3719 373.367 750.727 1110.82 1468.68 1833.04
19.3719  374.38 752.727 1113.83 1472.68 1838.01
19.4233 375.373 754.727 1116.79 1476.68 1843.01
19.4233 376.373 756.756 1119.79 1480.65 1848.01
19.4233 377.373 758.756 1122.81 1484.64    1853
19.4233 378.373 760.788 1125.82 1488.64 1857.96
19.4747 379.373   762.8 1128.82 1492.58 1862.96
19.4747 380.373 764.831 1131.82 1496.58 1867.92
19.4747 381.389 766.831 1134.82 1500.57 1872.91
19.5259 382.389  768.85 1137.82 1504.57 1877.84
19.5259 383.389  770.85 1140.84 1508.57 1882.82
19.5758 384.369  772.82 1143.84 1512.57 1887.82
19.5758 385.369  774.82 1146.86 1516.56 1892.81
19.5758 386.377 776.846 1149.86 1520.53 1897.81
19.6261 387.377 778.842 1152.82 1524.53 1902.81
19.6768 388.377 780.854 1155.82 1528.47 1907.81
19.6768 389.379 782.869  1158.8 1532.47 1912.81
19.6768 390.387 784.895  1161.8 1536.43 1917.81
19.6768 391.387 786.895 1164.82 1540.43 1922.79
19.6768 392.387 788.923 1167.82  1544.4 1927.79
19.7271 393.387 790.941 1170.82  1548.4 1932.73
19.7271 394.394 792.967 1173.82 1552.36 1937.73
19.7777 395.394 794.967 1176.82 1556.34 1942.69
19.7777 396.394 796.967 1179.84 1560.34 1947.68
19.7777 397.404 798.997 1182.84 1564.34 1952.64
19.8279 398.404 800.997 1185.84 1568.34 1957.59
19.8279 399.404 803.028 1188.85 1572.34 1962.55
19.8279 400.414 805.057 1191.85 1576.34 1967.51
19.8774 401.414 807.069 1194.85 1580.28 1972.51
19.8774 402.424 809.069 1197.86 1584.26 1977.51
19.8774 403.432 811.095 1200.86 1588.22 1982.51
19.9272 404.432 813.095 1203.86  1592.2 1987.48
19.9767 405.432 815.113 1206.86  1596.2 1992.42
19.9767 406.432 817.143 1209.86  1600.2 1997.38
19.9767 407.447 819.143 1212.86  1604.2 2002.37
19.9767 408.457 821.173 1215.86  1608.2 2007.33
19.9767 409.469 823.173 1218.88  1612.2  2012.3
20.0245  410.45 825.144 1221.88  1616.2  2017.3
20.0245 411.462 827.144 1224.89  1620.2 2022.28
20.0245 412.469 829.169 1227.89 1624.17 2027.28
20.0736 413.469 831.169 1230.89 1628.15 2032.25
20.0736 414.469   833.2  1233.9 1632.15 2037.21
20.1211  415.45 835.171  1236.9 1636.15 2042.21
20.1699 416.456 837.171  1239.9 1640.15 2047.16
20.1699 417.467 839.171 1242.91 1644.13 2052.16
20.2183 418.469 841.171 1245.91 1648.08 2057.16
20.2663 419.463 843.171 1248.86 1652.08 2062.16
20.3143 420.457 845.171 1251.82 1656.08 2067.16
20.3143 421.457 847.171 1254.84 1660.07 2072.14
20.3626 422.459 849.171 1257.84 1664.02 2077.14
 20.411 423.459 851.188 1260.84 1668.02 2082.08
 20.411 424.468 853.217 1263.84 1672.02 2087.04
 20.411 425.471 855.231 1266.83 1676.02 2092.04
20.4592 426.471 857.249 1269.83 1680.02 2096.97
20.4592 427.471 859.278 1272.83 1684.02 2101.94
20.5067 428.464 861.278 1275.79 1688.02 2106.94
20.5547 429.464 863.295 1278.79 1692.02 2111.87
20.5547 430.471  865.32 1281.79 1695.99 2116.87
20.5547 431.471 867.355 1284.79 1699.98 2121.85
20.6027 432.471 869.355 1287.79 1703.98  2126.8
20.6027 433.483 871.355  1290.8 1707.98 2131.78
20.6027 434.483 873.381  1293.8 1711.95 2136.78
20.6503 435.486 875.381  1296.8  1715.9 2141.78
 20.698 436.486 877.381  1299.8  1719.9 2146.73
 20.698 437.486 879.381 1302.82 1723.89 2151.72
 20.698 438.495 881.409 1305.82 1727.89 2156.68
 20.698 439.495 883.409 1308.84 1731.89 2161.67
 20.698 440.495 885.443 1311.84 1735.88 2166.65
20.7452 441.495 887.443 1314.83 1739.84 2171.65
20.7452 442.509 889.443 1317.83 1743.83 2176.63
20.7452 443.511 891.457 1320.82 1747.83 2181.63
20.7925 444.511 893.457 1323.82 1751.82  2186.6
20.7925 445.511 895.491 1326.82  1755.8 2191.58
20.7925  446.52 897.519 1329.82  1759.8 2196.55
20.8392  447.52 899.536 1332.82  1763.8 2201.48
20.8392 448.531 901.536 1335.83  1767.8 2206.46
20.8392 449.538  903.56 1338.83 1771.77 2211.46
20.8392 450.552  905.56 1341.83 1775.77 2216.45
20.8392 451.554 907.574 1344.81 1779.77 2221.45
20.8392 452.565 909.574 1347.82 1783.75 2226.45
20.8392 453.565   911.6 1350.82 1787.72 2231.45
20.8392 454.565   913.6 1353.84 1791.72 2236.43
20.8392 455.573 915.628 1356.84 1795.72  2241.4
20.8392 456.585 917.628 1359.86 1799.72 2246.37
20.8852 457.585 919.628 1362.85 1803.72 2251.33
20.9313 458.585 921.628 1365.85  1807.7  2256.3
20.9774 459.585 923.628 1368.85 1811.69 2261.27
20.9774 460.585 925.628 1371.87 1815.68 2266.26
21.0234 461.585 927.628 1374.87 1819.66 2271.23
21.0692 462.591 929.628 1377.87 1823.66 2276.18
21.1153 463.591 931.628 1380.87 1827.65 2281.15
21.1153 464.602 933.628 1383.89 1831.65 2286.12
21.1153 465.611 935.655 1386.89 1835.65 2291.09
21.1606 466.611 937.665 1389.89 1839.59 2296.09
21.1606 467.619 939.692 1392.89 1843.59 2301.05
 21.206 468.622 941.692 1395.89 1847.54 2306.05
 21.206 469.633 943.692  1398.9 1851.54 2311.03
21.2513 470.633 945.709  1401.9 1855.54 2315.97
21.2513  471.64 947.732  1404.9 1859.51 2320.97
21.2961 472.634 949.732 1407.86 1863.51 2325.97
21.3403 473.616 951.706 1410.86 1867.51 2330.97
21.3403  474.63 953.706 1413.86 1871.51 2335.96
21.3403 475.637 955.729 1416.86 1875.48 2340.96
21.3854 476.637 957.745 1419.86 1879.48 2345.89
21.4305 477.637 959.745 1422.85 1883.44 2350.89
21.4751 478.631 961.745 1425.81 1887.44 2355.89
  21.52 479.633 963.745 1428.81 1891.39 2360.89
21.5646 480.627 965.745 1431.77 1895.39 2365.89
21.6096  481.63 967.745 1434.77 1899.35 2370.89
21.6549  482.63 969.745 1437.77 1903.33 2375.87
21.6549  483.63 971.777 1440.77 1907.32 2380.84
21.6989 484.612 973.751 1443.77 1911.32 2385.84
21.6989 485.619 975.774 1446.77 1915.29 2390.84
21.6989  486.63 977.774 1449.79 1919.29 2395.82
21.6989  487.63 979.798 1452.79 1923.26 2400.82
21.7431 488.624 981.798 1455.75 1927.26 2405.82
21.7878 489.624 983.814 1458.75 1931.26 2410.76
21.7878 490.624 985.846 1461.75 1935.25 2415.74
21.8325 491.624 987.846 1464.75 1939.25  2420.7
21.8766 492.618 989.846 1467.71 1943.25  2425.7
21.9212 493.618 991.862 1470.71 1947.25 2430.64
 21.966 494.618 993.862 1473.71 1951.23 2435.61
 21.966 495.618 995.886 1476.71 1955.21 2440.61
22.0106 496.623 997.886 1479.71 1959.21 2445.56
22.0106 497.631 999.912 1482.71 1963.21 2450.52
22.0106 498.633 1001.93  1485.7 1967.21 2455.52
22.0106 499.633 1003.93 1488.71  1971.2 2460.51
22.0106  500.64 1005.95 1491.71 1975.18 2465.51
22.0543 501.634 1007.95 1494.68 1979.18 2470.51
22.0984 502.634 1009.95 1497.67 1983.14 2475.51
22.0984 503.634 1011.97 1500.67 1987.11 2480.51
22.1415 504.617 1013.95 1503.67 1991.11 2485.51
22.1415 505.617 1015.95 1506.69 1995.11  2490.5
22.1851 506.611 1017.95 1509.65 1999.11  2495.5
22.1851 507.624 1019.95 1512.65 2003.11 2500.49
22.2289 508.626 1021.95 1515.65 2007.06 2505.49
22.2718 509.608 1023.92 1518.65 2011.06 2510.49
22.2718 510.615 1025.94 1521.65 2015.03 2515.49
22.3152 511.609 1027.94 1524.61 2019.03 2520.49
22.3589 512.611 1029.94 1527.61 2022.99 2525.49
22.3589 513.611 1031.97 1530.62 2026.99 2530.46
22.4026 514.616 1033.97 1533.62 2030.99 2535.41
22.4026 515.629 1035.97 1536.62 2034.98  2540.4
22.4026 516.629 1037.99 1539.62 2038.96  2545.4
22.4464 517.629 1039.99 1542.62 2042.94 2550.37
22.4464  518.63 1042.01 1545.61 2046.94 2555.37
22.4464  519.63 1044.03 1548.61 2050.94 2560.34
  22.49  520.63 1046.03 1551.61 2054.92 2565.31
  22.49 521.643 1048.03 1554.61 2058.92  2570.3
22.5333 522.648 1050.03 1557.61 2062.92 2575.25
22.5333 523.648 1052.06 1560.61 2066.91 2580.23
22.5765 524.648 1054.08 1563.61 2070.91 2585.18
22.5765 525.661 1056.08 1566.61 2074.91 2590.17
22.6195 526.663 1058.08 1569.61 2078.86 2595.17
22.6195 527.663  1060.1 1572.61 2082.84 2600.17
22.6626 528.668  1062.1 1575.61 2086.84 2605.12
22.7056 529.668  1064.1 1578.61  2090.8 2610.12
22.7486 530.668 1066.11 1581.61  2094.8 2615.06
22.7908 531.651 1068.09 1584.61  2098.8 2620.06
22.7908 532.657 1070.11 1587.61 2102.77 2625.06
22.8338 533.657 1072.11  1590.6 2106.77 2630.02
22.8768 534.662 1074.11  1593.6 2110.77 2634.97
22.9197 535.662 1076.13  1596.6 2114.77 2639.91
22.9628 536.662 1078.13  1599.6 2118.77 2644.87
23.0057 537.662 1080.13  1602.6 2122.74 2649.87
23.0487 538.662 1082.13 1605.59  2126.7 2654.87
23.0487  539.67 1084.15 1608.59  2130.7 2659.84
23.0907 540.653 1086.13 1611.59  2134.7 2664.84
23.0907 541.665 1088.13 1614.59  2138.7 2669.83
23.1333 542.665 1090.13 1617.59 2142.65 2674.83
23.1762 543.665 1092.13 1620.59 2146.65 2679.79
23.2191 544.665 1094.13 1623.59 2150.65 2684.75
23.2619 545.665 1096.13 1626.58 2154.61 2689.75
23.2619 546.665 1098.16 1629.58  2158.6 2694.73
23.3046 547.665 1100.16 1632.57 2162.57 2699.73
23.3046 548.665 1102.19 1635.57 2166.54 2704.73
23.3046 549.677 1104.19 1638.57 2170.54 2709.72
23.3046 550.677 1106.21 1641.58 2174.54 2714.69
23.3471 551.682 1108.21 1644.58 2178.54 2719.64
23.3895 552.684 1110.21 1647.58  2182.5 2724.64
23.3895 553.692 1112.24 1650.58  2186.5 2729.61
23.4315 554.686 1114.24 1653.54  2190.5 2734.61
23.4315 555.686 1116.26 1656.55  2194.5 2739.58
23.4739 556.686 1118.26 1659.55  2198.5 2744.54
23.5159  557.68 1120.26 1662.51  2202.5 2749.54
23.5159 558.688 1122.29 1665.51  2206.5  2754.5
23.5577 559.688 1124.28 1668.47  2210.5  2759.5
23.5577 560.688  1126.3 1671.47 2214.47  2764.5
23.5999 561.688  1128.3 1674.47 2218.44  2769.5
 23.642 562.688 1130.32 1677.47 2222.44 2774.45
 23.642 563.688 1132.34 1680.47 2226.41 2779.45
 23.642 564.688 1134.36 1683.47 2230.39 2784.45
 23.642 565.688 1136.39 1686.47 2234.38 2789.43
23.6835 566.688 1138.39 1689.43 2238.38 2794.43
23.7257 567.688 1140.39 1692.43 2242.36  2799.4
23.7678 568.688 1142.39 1695.43 2246.35 2804.38
23.7678 569.697 1144.39 1698.44 2250.35 2809.36
23.8095 570.697  1146.4 1701.44  2254.3 2814.36
 23.851 571.692  1148.4 1704.41  2258.3 2819.36
 23.851 572.692 1150.42 1707.41 2262.28 2824.36
 23.851 573.692 1152.45 1710.41 2266.26 2829.34
 23.851 574.701 1154.45 1713.42 2270.26 2834.32
23.8927 575.706 1156.45 1716.42 2274.26 2839.27
 23.934   576.7 1158.45 1719.38 2278.26 2844.27
23.9755 577.702 1160.45 1722.38 2282.22 2849.27
23.9755 578.714 1162.45 1725.38 2286.22 2854.26
24.0172 579.718 1164.45 1728.38 2290.22 2859.22
24.0172 580.724 1166.47 1731.38 2294.19 2864.22
24.0172 581.724 1168.49 1734.39 2298.19 2869.19
24.0172 582.724 1170.52 1737.39 2302.18 2874.17
24.0172 583.733 1172.52 1740.39 2306.17 2879.17
24.0585 584.737 1174.52 1743.39 2310.17 2884.12
24.0994 585.737 1176.52 1746.36 2314.17 2889.12
24.1407 586.741 1178.52 1749.36 2318.17 2894.08
24.1407 587.749 1180.54 1752.36 2322.17 2899.05
24.1819 588.753 1182.54 1755.36 2326.17    2904
24.2234 589.753 1184.54 1758.36 2330.15 2908.97
24.2234 590.761 1186.56 1761.36 2334.15 2913.94
24.2644 591.762 1188.56 1764.36 2338.11 2918.94
24.2644 592.768 1190.58 1767.36 2342.08 2923.94
24.3047 593.752 1192.56 1770.36 2346.08 2928.94
24.3047 594.752 1194.56 1773.37 2350.08 2933.93
24.3457 595.752 1196.57 1776.37 2354.08 2938.88
24.3457 596.752  1198.6 1779.37 2358.06 2943.88
24.3457 597.759 1200.62 1782.37 2362.06 2948.85
24.3866 598.759 1202.62 1785.37 2366.02 2953.85
24.4275 599.764 1204.62 1788.37 2370.02  2958.8
24.4675 600.747  1206.6 1791.37 2374.02  2963.8
24.4675 601.755 1208.62 1794.37 2378.02 2968.77
24.4675 602.763 1210.62 1797.37 2382.01 2973.77
24.4675  603.77 1212.64 1800.37 2386.01 2978.74
24.4675 604.772 1214.65 1803.36 2390.01 2983.74
24.4675 605.772 1216.67 1806.36 2393.98 2988.74
24.4675 606.781 1218.67 1809.37 2397.98 2993.72
 24.508 607.786 1220.67 1812.37 2401.98 2998.68
 24.508 608.786 1222.67 1815.39 2405.98 3003.67
 24.508 609.797 1224.67 1818.39 2409.98 3008.66
24.5484 610.797 1226.67 1821.38 2413.98 3013.62
24.5884 611.792 1228.67 1824.35 2417.98 3018.62
24.5884 612.803 1230.67 1827.35 2421.98 3023.61
24.5884 613.803  1232.7 1830.35 2425.95 3028.61
24.5884 614.803 1234.72 1833.35 2429.93 3033.61
24.6286 615.803 1236.72 1836.34  2433.9 3038.61
24.6286 616.813 1238.72 1839.35  2437.9 3043.59
24.6286 617.818 1240.74 1842.35 2441.87 3048.59
24.6286 618.824 1242.76 1845.35 2445.85 3053.59
24.6677 619.808 1244.73 1848.35 2449.85 3058.59
24.6677  620.81 1246.74 1851.34 2453.85 3063.59
24.6677 621.819 1248.74 1854.35 2457.85 3068.57
24.7072 622.819 1250.74 1857.32 2461.85 3073.57
24.7072 623.827 1252.74 1860.32 2465.83 3078.57
24.7072 624.827 1254.77 1863.32 2469.82 3083.55
 24.747 625.827 1256.77 1866.32 2473.81 3088.53
24.7867 626.827 1258.78 1869.32 2477.81 3093.47
24.8264 627.832 1260.78 1872.32 2481.81 3098.43
24.8264  628.84 1262.78 1875.33 2485.79 3103.43
 24.866  629.84 1264.79 1878.33 2489.79 3108.38
24.9055 630.841 1266.79 1881.33 2493.75 3113.38
24.9055 631.843 1268.81 1884.32 2497.75 3118.38
24.9447 632.843  1270.8 1887.28 2501.75 3123.38
24.9447 633.844 1272.81 1890.27 2505.75 3128.38
24.9842 634.849 1274.81 1893.27 2509.75 3133.33
24.9842 635.849 1276.84 1896.27 2513.74 3138.32
24.9842 636.849 1278.87 1899.27 2517.73  3143.3
25.0236 637.853 1280.87 1902.27 2521.73 3148.25
25.0629 638.854 1282.87 1905.27 2525.69 3153.25
25.1024 639.854 1284.87 1908.27 2529.68 3158.23
25.1024 640.862 1286.87 1911.27 2533.66 3163.23
25.1419 641.862 1288.87 1914.27 2537.65 3168.21
25.1419  642.87 1290.87 1917.28 2541.63 3173.21
25.1812  643.87 1292.87 1920.27  2545.6 3178.21
  25.22  644.87 1294.86 1923.24  2549.6 3183.21
  25.22  645.87 1296.88 1926.24 2553.58 3188.21
25.2589  646.87 1298.88  1929.2 2557.58 3193.21
25.2979  647.87 1300.89  1932.2 2561.53 3198.21
25.2979 648.882 1302.89  1935.2 2565.53  3203.2
25.2979 649.882 1304.91 1938.21 2569.53 3208.17
 25.337 650.886 1306.91 1941.21 2573.53 3213.13
 25.337 651.894 1308.91 1944.22 2577.52 3218.13
 25.337 652.899 1310.93 1947.22 2581.49 3223.13
25.3752 653.884 1312.91 1950.22 2585.49 3228.13
25.4141 654.884 1314.91 1953.21 2589.46 3233.13
25.4531 655.888 1316.91 1956.21 2593.46 3238.08
 25.492 656.888 1318.92 1959.21 2597.46 3243.03
 25.531 657.892 1320.92 1962.21 2601.46 3247.99
25.5696 658.887 1322.92 1965.18 2605.46 3252.99
25.6084 659.888 1324.92 1968.18 2609.42 3257.99
25.6475 660.888 1326.92 1971.18 2613.41 3262.96
25.6475 661.893 1328.94 1974.18 2617.38 3267.96
25.6864 662.893 1330.94 1977.17 2621.35 3272.96
25.6864 663.893 1332.96 1980.17 2625.33 3277.96
25.7251 664.893 1334.96 1983.17 2629.28 3282.96
25.7638 665.893 1336.97 1986.17 2633.24 3287.96
25.8025 666.893 1338.98 1989.17 2637.19 3292.96
25.8412 667.895 1340.98 1992.17 2641.15 3297.96
25.8797 668.895 1342.98 1995.13 2645.15 3302.96
25.9184 669.896 1344.98 1998.13 2649.11 3307.96
25.9569 670.891 1346.98  2001.1 2653.11 3312.96
25.9569 671.902 1348.98  2004.1 2657.11 3317.96
25.9569 672.902    1351  2007.1  2661.1 3322.94
25.9569 673.911    1353 2010.11  2665.1 3327.92
25.9954 674.911 1355.01 2013.11 2669.05 3332.92
25.9954 675.911 1357.03 2016.11 2673.05  3337.9
25.9954 676.912 1359.04  2019.1 2677.05  3342.9
26.0341 677.912 1361.04  2022.1 2681.04 3347.87
26.0341 678.912 1363.07  2025.1 2685.03 3352.85
26.0341 679.912 1365.09 2028.11 2689.03 3357.83
26.0341 680.914  1367.1 2031.09 2693.03 3362.83
26.0341  681.92 1369.12 2034.09 2697.03  3367.8
26.0717 682.905  1371.1 2037.09 2701.03  3372.8
26.0717 683.913  1373.1  2040.1 2705.01  3377.8
26.0717 684.913 1375.12  2043.1 2708.99  3382.8
26.1099 685.917 1377.12  2046.1 2712.99 3387.76
 26.148 686.917 1379.13  2049.1 2716.95 3392.76
26.1861 687.917 1381.14  2052.1 2720.95 3397.71
26.1861 688.917 1383.14 2055.11 2724.94  3402.7
26.1861 689.917 1385.14 2058.13 2728.94 3407.69
26.2244 690.917 1387.14 2061.13 2732.93 3412.66
26.2244 691.917 1389.16 2064.13  2736.9 3417.66
26.2625 692.917 1391.16 2067.13  2740.9 3422.63
26.2625 693.925 1393.16 2070.13 2744.89 3427.63
26.2625 694.925 1395.18 2073.14 2748.87 3432.63
26.2625 695.926 1397.19 2076.12 2752.87 3437.63
26.3004  696.93 1399.19 2079.12 2756.87 3442.59
26.3004 697.939 1401.19 2082.13 2760.87 3447.57
26.3004 698.939 1403.21 2085.13 2764.85 3452.57
26.3004 699.945 1405.23 2088.13 2768.85 3457.54
26.3381 700.949 1407.23 2091.13 2772.85  3462.5
26.3754 701.944 1409.23  2094.1 2776.85  3467.5
26.4128 702.939 1411.23 2097.07 2780.85  3472.5
26.4128 703.939 1413.23 2100.08 2784.85 3477.49
26.4128 704.939 1415.26 2103.08 2788.84 3482.47
26.4501 705.939 1417.25 2106.05 2792.84 3487.47
26.4501 706.939 1419.27 2109.05 2796.82 3492.47
26.4876 707.939 1421.28 2112.05 2800.82 3497.42
26.4876  708.94 1423.29 2115.04 2804.82 3502.42
26.4876 709.948 1425.29 2118.04  2808.8 3507.42
26.4876 710.953 1427.31 2121.04 2812.78 3512.42
26.5248 711.953 1429.32 2124.04 2816.74 3517.42
26.5622 712.953 1431.32 2127.04  2820.7 3522.42
26.5622 713.953 1433.34 2130.04  2824.7  3527.4
26.5995 714.953 1435.34 2133.03 2828.67  3532.4
26.6369 715.953 1437.34 2136.03 2832.67 3537.36
26.6739 716.948 1439.34    2139 2836.67 3542.36
26.6739 717.949 1441.35 2141.99 2840.67 3547.36
26.6739 718.957 1443.35 2144.99 2844.66 3552.36
26.7108 719.952 1445.35 2147.96 2848.66 3557.36
26.7481 720.952 1447.35 2150.96 2852.63 3562.36
26.7481 721.962 1449.35 2153.96 2856.63 3567.36
26.7481 722.962 1451.37 2156.96 2860.61 3572.36
26.7851 723.963 1453.37 2159.96 2864.57 3577.36
26.7851  724.97 1455.39 2162.96 2868.57 3582.33
26.7851  725.97 1457.41 2165.96 2872.55 3587.33
26.7851  726.98 1459.41 2168.96 2876.55 3592.32
26.7851  727.99 1461.41 2171.96 2880.54 3597.31
26.7851 728.995 1463.43 2174.96 2884.52 3602.31
26.7851 729.995 1465.45 2177.96  2888.5 3607.31
26.8218 730.995 1467.45 2180.96 2892.46 3612.31
26.8583 731.995 1469.45 2183.93 2896.46 3617.31
26.8583 732.995 1471.47 2186.93 2900.45  3622.3
26.8583 733.997 1473.49 2189.91 2904.45  3627.3
26.8951 734.997 1475.49 2192.91 2908.43 3632.28
26.9312 735.982 1477.46 2195.91 2912.43 3637.28
26.9676 736.982 1479.46 2198.88 2916.43 3642.28
26.9676 737.991 1481.46 2201.89 2920.43 3647.26
26.9676 739.001 1483.46 2204.89 2924.43 3652.25
26.9676 740.001 1485.46  2207.9 2928.43 3657.24
26.9676 741.001 1487.46 2210.91 2932.42 3662.23
27.0041 742.001 1489.46 2213.91 2936.39 3667.23
27.0403 743.001 1491.46 2216.88 2940.39 3672.23
27.0403 744.008 1493.46 2219.88 2944.38 3677.23
27.0403 745.017 1495.46 2222.89 2948.38 3682.22
27.0761 746.002 1497.43 2225.89 2952.38 3687.22
27.1125 747.002 1499.43 2228.88 2956.35 3692.22
27.1125 748.011 1501.43 2231.89 2960.35  3697.2
27.1488 749.011 1503.45 2234.89 2964.35 3702.15
 27.185 750.011 1505.45 2237.89 2968.31 3707.15
 27.185 751.012 1507.46 2240.88 2972.31 3712.15
 27.185 752.012 1509.48 2243.88 2976.31 3717.13
27.2213 753.012  1511.5 2246.88 2980.31 3722.08
27.2213 754.017 1513.51 2249.88 2984.29 3727.08
27.2575 755.017 1515.51 2252.88 2988.26 3732.08
27.2936 756.018 1517.51 2255.88 2992.22 3737.08
27.3299 757.018 1519.51 2258.87 2996.22 3742.05
27.3658 758.013 1521.51 2261.84 3000.22 3747.05
27.3658 759.013 1523.54 2264.84 3004.21 3752.03
27.3658 760.019 1525.56 2267.84 3008.21 3757.01
27.3658 761.019 1527.56 2270.86 3012.21    3762
27.4018 762.021 1529.56 2273.86 3016.17    3767
27.4018 763.031 1531.56 2276.86 3020.17 3771.99
27.4018 764.039 1533.56 2279.86 3024.17 3776.97
27.4372 765.025 1535.53 2282.86 3028.17 3781.97
27.4372 766.025 1537.53 2285.88 3032.16 3786.96
27.4372 767.032 1539.53 2288.88 3036.15 3791.96
27.4372 768.032 1541.56 2291.89 3040.15 3796.94
 27.473 769.035 1543.56 2294.89 3044.15  3801.9
27.5086 770.035 1545.55 2297.85 3048.15  3806.9
27.5086 771.035 1547.58 2300.85 3052.14 3811.89
27.5441  772.03 1549.58 2303.82 3056.14 3816.89
27.5792 773.016 1551.55 2306.82 3060.14 3821.89
27.5792 774.016 1553.58 2309.82 3064.13 3826.87
 27.615 775.016 1555.58 2312.82 3068.13 3831.84
27.6508  776.02 1557.58 2315.82 3072.13  3836.8
27.6508 777.029 1559.58 2318.82 3076.13 3841.79
27.6862 778.029 1561.57 2321.79 3080.13 3846.79
27.6862 779.037 1563.57  2324.8 3084.12 3851.79
27.6862 780.038 1565.58 2327.78 3088.12 3856.79
27.7218 781.038 1567.58 2330.78 3092.12 3861.76
27.7568 782.024 1569.56 2333.78 3096.12 3866.76
27.7568 783.024 1571.59 2336.78 3100.11 3871.74
27.7568 784.032 1573.59 2339.79 3104.11 3876.73
27.7923 785.035 1575.59 2342.79 3108.11 3881.69
27.8279 786.039 1577.59 2345.79 3112.11 3886.65
27.8633 787.039  1579.6 2348.79 3116.11  3891.6
27.8633 788.045 1581.62 2351.79 3120.11 3896.58
27.8989 789.045 1583.62 2354.79  3124.1 3901.55
27.9341 790.045 1585.61 2357.76  3128.1 3906.55
27.9696 791.048 1587.61 2360.76  3132.1 3911.52
27.9696 792.054 1589.63 2363.76  3136.1 3916.49
28.0051 793.054 1591.63 2366.76 3140.08 3921.47
28.0051 794.054 1593.66 2369.76 3144.07 3926.45
28.0051 795.059 1595.67 2372.76 3148.05 3931.45
28.0051 796.065 1597.69 2375.76 3152.05 3936.43
28.0051 797.065 1599.71 2378.76 3156.04 3941.41
28.0051 798.065 1601.73 2381.76 3160.02 3946.41
28.0051 799.075 1603.73 2384.76 3164.02 3951.41
28.0051 800.083 1605.73 2387.77 3168.02 3956.39
28.0403 801.083 1607.73 2390.76 3172.02 3961.36
28.0753 802.083 1609.74 2393.76 3175.98 3966.36
28.1098 803.069 1611.72 2396.76 3179.98 3971.36
28.1098 804.069 1613.74 2399.76 3183.97 3976.34
28.1447 805.069 1615.75 2402.76 3187.93 3981.34
28.1447 806.074 1617.76 2405.76 3191.91 3986.34
28.1797 807.074 1619.78 2408.76 3195.91  3991.3
28.2145 808.069 1621.78 2411.73 3199.91  3996.3
28.2489 809.055 1623.75 2414.73 3203.91  4001.3
28.2839 810.058 1625.75 2417.73 3207.91 4006.26
28.2839 811.058 1627.77 2420.74 3211.89 4011.26
28.3188 812.058 1629.78 2423.74 3215.85 4016.26
28.3188 813.065 1631.78 2426.74 3219.84 4021.26
28.3188 814.071  1633.8 2429.74 3223.84 4026.23
28.3536 815.071 1635.81 2432.74 3227.84 4031.19
28.3536 816.071 1637.83 2435.74 3231.82 4036.19
28.3884 817.071 1639.83 2438.74 3235.78 4041.19
28.3884 818.076 1641.85 2441.74 3239.76 4046.19
28.4232 819.076 1643.85 2444.74 3243.76 4051.16
28.4578 820.076 1645.84 2447.71 3247.76 4056.16
28.4578 821.082 1647.86 2450.71 3251.76 4061.13
28.4925 822.085 1649.86 2453.71 3255.76 4066.09
28.5273 823.085 1651.86 2456.71 3259.76 4071.06
28.5273 824.085 1653.86 2459.72 3263.75 4076.05
28.5273 825.093 1655.86 2462.73 3267.75 4081.04
28.5273 826.093 1657.86 2465.74 3271.75 4086.03
 28.562 827.093 1659.86 2468.74 3275.75    4091
28.5964 828.093 1661.86 2471.71 3279.75    4096
28.6309 829.093 1663.87 2474.71 3283.71    4101
 28.665 830.079 1665.85 2477.71 3287.71    4106
28.6996 831.082 1667.85 2480.71 3291.71 4110.96
28.7342 832.085 1669.85 2483.71 3295.71 4115.92
28.7342  833.09 1671.86 2486.71 3299.69 4120.92
28.7342 834.096 1673.88 2489.71 3303.69  4125.9
28.7342 835.102  1675.9 2492.71 3307.69 4130.87
28.7687 836.102  1677.9  2495.7 3311.66 4135.87
28.7687 837.106 1679.92  2498.7 3315.64 4140.87
28.8029 838.102 1681.92 2501.67 3319.64 4145.87
28.8373 839.102 1683.92 2504.67  3323.6 4150.87
28.8373 840.102 1685.94 2507.67  3327.6 4155.85
28.8716 841.102 1687.95 2510.67 3331.56 4160.85
 28.906 842.105 1689.95 2513.67 3335.56 4165.81
 28.906 843.109 1691.96 2516.67 3339.54 4170.81
 28.906 844.115 1693.98 2519.67 3343.54 4175.79
 28.906 845.123 1695.98 2522.68 3347.54 4180.77
28.9403 846.124 1697.98 2525.68  3351.5 4185.77
28.9747 847.124 1699.98 2528.68 3355.49 4190.75
28.9747 848.125 1701.99 2531.67 3359.49 4195.75
28.9747 849.134 1703.99 2534.67 3363.49 4200.74
28.9747 850.134 1705.99 2537.68 3367.48 4205.73
28.9747 851.134 1707.99 2540.69 3371.48 4210.73
28.9747 852.134 1710.01 2543.69 3375.47 4215.71
28.9747 853.136 1712.02 2546.68 3379.47 4220.71
28.9747 854.143 1714.02 2549.69 3383.47  4225.7
29.0088 855.143 1716.02 2552.69 3387.47 4230.66
29.0088 856.145 1718.03 2555.68 3391.47 4235.66
29.0088 857.145 1720.05 2558.68 3395.46 4240.66
29.0427 858.145 1722.06 2561.68 3399.46 4245.62
29.0767 859.145 1724.06 2564.68 3403.46 4250.59
29.0767 860.151 1726.08 2567.68 3407.46 4255.56
29.0767 861.151  1728.1 2570.68 3411.45 4260.55
29.1106 862.151  1730.1 2573.67 3415.45 4265.52
29.1106 863.151 1732.12 2576.67 3419.44  4270.5
29.1444 864.151 1734.12 2579.67 3423.41  4275.5
29.1777 865.137  1736.1 2582.67 3427.41  4280.5
29.1777 866.137 1738.12 2585.67  3431.4 4285.49
29.1777 867.144 1740.12 2588.67 3435.39 4290.49
29.2113 868.145 1742.12 2591.67 3439.36 4295.49
29.2445 869.132  1744.1 2594.67 3443.36 4300.49
 29.278 870.127  1746.1 2597.64 3447.36 4305.49
29.3117 871.128  1748.1 2600.64 3451.32 4310.49
29.3454 872.129  1750.1 2603.64 3455.29 4315.49
 29.379 873.129 1752.11 2606.64 3459.25 4320.49
29.4127 874.129 1754.11 2609.64 3463.21 4325.49
29.4127 875.134 1756.13 2612.64 3467.19 4330.49
29.4127  876.14 1758.14 2615.64 3471.19 4335.47
29.4464  877.14 1760.14 2618.64 3475.17 4340.47
29.4464  878.14 1762.16 2621.64 3479.17 4345.44
29.4464 879.149 1764.16 2624.64 3483.16 4350.44
29.4799 880.149 1766.17 2627.64 3487.16 4355.39
29.4799  881.15 1768.18 2630.63 3491.16 4360.39
29.4799 882.151 1770.19 2633.62 3495.16 4365.39
29.4799 883.156 1772.21 2636.62 3499.14 4370.39
29.5131 884.151 1774.21 2639.59 3503.14 4375.39
29.5466 885.151 1776.21 2642.58 3507.12 4380.39
29.5466 886.152 1778.22 2645.57 3511.12 4385.39
29.5466 887.152 1780.23 2648.57  3515.1 4390.39
  29.58 888.152 1782.24 2651.57  3519.1 4395.35
29.6133 889.153 1784.24 2654.57 3523.07 4400.35
29.6464 890.153 1786.24 2657.54 3527.07 4405.35
29.6798 891.153 1788.24 2660.54 3531.04 4410.35
29.7127  892.14 1790.22 2663.54 3535.04 4415.35
29.7459 893.135 1792.22 2666.51 3539.04 4420.35
29.7792 894.136 1794.22 2669.51    3543 4425.35
29.8123 895.132 1796.22 2672.48    3547 4430.35
29.8123 896.138 1798.22 2675.49 3550.99 4435.35
29.8457 897.138 1800.22 2678.48 3554.99 4440.32
29.8457 898.139 1802.23 2681.47 3558.99 4445.32
29.8457 899.144 1804.24 2684.47 3562.97 4450.32
29.8788 900.144 1806.24 2687.44 3566.97 4455.32
29.8788 901.144 1808.26 2690.44 3570.97 4460.31
29.8788 902.144 1810.26 2693.45 3574.96  4465.3
29.8788 903.153 1812.26 2696.45 3578.96 4470.29
29.9114  904.14 1814.24 2699.45 3582.96 4475.29
29.9441 905.127 1816.22 2702.45 3586.96 4480.29
29.9441 906.134 1818.22 2705.46 3590.96 4485.28
29.9772 907.137 1820.22 2708.46 3594.96 4490.24
29.9772 908.145 1822.22 2711.46 3598.96 4495.24
30.0101 909.141 1824.22 2714.43 3602.96 4500.24
30.0101 910.145 1826.24 2717.43 3606.94 4505.24
30.0431 911.146 1828.24 2720.43  3610.9 4510.24
30.0756 912.133 1830.22 2723.43  3614.9 4515.24
30.1087 913.133 1832.22 2726.43 3618.88 4520.24
30.1087 914.134 1834.23 2729.42 3622.88 4525.24
30.1087 915.134 1836.25 2732.42 3626.87 4530.22
30.1416 916.134 1838.26 2735.42 3630.87 4535.18
30.1416 917.139 1840.27 2738.42 3634.85 4540.18
30.1746 918.139 1842.27 2741.41 3638.85 4545.15
30.1746 919.146 1844.27 2744.42 3642.85 4550.13
 30.207 920.133 1846.25 2747.42 3646.85 4555.13
30.2399 921.133 1848.26 2750.42 3650.85 4560.09
30.2723  922.12 1850.24 2753.42 3654.85 4565.09
30.2723 923.125 1852.26 2756.42 3658.85 4570.07
30.2723 924.125 1854.26 2759.43 3662.85 4575.06
30.3049  925.12 1856.26  2762.4 3666.85 4580.06
30.3376  926.12 1858.27  2765.4 3670.81 4585.06
30.3706  927.12 1860.27  2768.4  3674.8 4590.04
30.4035  928.12 1862.27  2771.4  3678.8 4595.01
30.4362  929.12 1864.27  2774.4 3682.76 4600.01
30.4362 930.127 1866.27 2777.41 3686.75 4605.01
30.4688 931.122 1868.27 2780.38 3690.75 4610.01
30.5017 932.122 1870.27 2783.38 3694.73 4614.99
30.5343 933.117 1872.27 2786.35 3698.73 4619.99
 30.567 934.118 1874.27 2789.35  3702.7 4624.99
30.5998 935.118 1876.27 2792.34 3706.67 4629.99
30.5998 936.118 1878.29 2795.35 3710.67 4634.97
30.6323 937.118 1880.29 2798.32 3714.67 4639.97
30.6323 938.125 1882.29 2801.33 3718.67 4644.96
30.6323 939.129  1884.3 2804.33 3722.65 4649.96
30.6323 940.135 1886.32 2807.33 3726.65 4654.93
30.6323 941.143 1888.32 2810.33 3730.65 4659.93
30.6323 942.149 1890.34 2813.33 3734.65 4664.91
30.6323 943.154 1892.35 2816.33 3738.65 4669.88
30.6647 944.149 1894.35  2819.3 3742.65 4674.88
30.6647 945.149 1896.37  2822.3 3746.65 4679.86
30.6972 946.149 1898.37 2825.29 3750.63 4684.86
30.6972 947.149 1900.37  2828.3 3754.62 4689.86
30.6972 948.149 1902.39  2831.3 3758.62 4694.84
30.6972 949.149 1904.41 2834.31 3762.62 4699.82
30.6972 950.158 1906.41 2837.31 3766.61 4704.81
30.6972 951.163 1908.43 2840.31 3770.61 4709.79
30.6972 952.163 1910.44 2843.31  3774.6 4714.79
30.6972 953.163 1912.46 2846.31 3778.58 4719.79
30.7295 954.163 1914.46  2849.3 3782.55 4724.79
30.7619 955.163 1916.46  2852.3 3786.54 4729.77
30.7941 956.163 1918.47  2855.3 3790.54 4734.73
30.7941 957.168 1920.48  2858.3 3794.54 4739.71
30.8263 958.168 1922.49  2861.3  3798.5 4744.71
30.8585 959.168  1924.5  2864.3  3802.5 4749.67
30.8907 960.168 1926.51  2867.3  3806.5 4754.63
 30.923 961.168 1928.51  2870.3  3810.5  4759.6
30.9554 962.168 1930.51  2873.3 3814.49 4764.58
30.9554 963.172 1932.52  2876.3 3818.47 4769.58
30.9875 964.172 1934.53  2879.3 3822.43 4774.58
30.9875 965.177 1936.54  2882.3 3826.42 4779.58
30.9875 966.177 1938.56  2885.3  3830.4 4784.58
30.9875 967.177 1940.58  2888.3  3834.4 4789.56
30.9875 968.182 1942.59  2891.3  3838.4 4794.53
31.0193 969.182 1944.59 2894.27  3842.4 4799.53
31.0193  970.19 1946.59 2897.27  3846.4 4804.53
31.0193 971.196 1948.59 2900.28 3850.39 4809.53
31.0193 972.201 1950.61 2903.28 3854.37 4814.53
31.0513 973.201 1952.61 2906.28 3858.37 4819.49
31.0513 974.201 1954.63 2909.28 3862.35 4824.49
31.0513 975.207 1956.63 2912.29 3866.35 4829.47
 31.083 976.207 1958.63 2915.26 3870.35 4834.47
 31.115 977.207 1960.63 2918.26 3874.34 4839.45
 31.115 978.212 1962.64 2921.26 3878.32 4844.45
31.1468 979.212 1964.65 2924.26 3882.28 4849.45
31.1468 980.212 1966.65 2927.27 3886.28 4854.45
31.1468  981.22 1968.65 2930.27 3890.28 4859.44
31.1468 982.227 1970.65 2933.28 3894.28 4864.43
31.1786 983.229 1972.65 2936.28 3898.28 4869.39
31.1786 984.238 1974.65 2939.28 3902.27 4874.39
31.1786 985.246 1976.65 2942.28 3906.27 4879.38
31.1786 986.246 1978.66 2945.28 3910.27 4884.36
31.1786 987.252 1980.66 2948.28 3914.26 4889.36
31.1786 988.252 1982.68 2951.28 3918.24 4894.36
31.2102 989.252 1984.68 2954.28 3922.22 4899.36
31.2414  990.24 1986.66 2957.28 3926.22 4904.36
31.2414  991.24 1988.68 2960.28 3930.22 4909.34
31.2729 992.241 1990.68 2963.28 3934.19 4914.34
31.2729 993.241  1992.7 2966.28 3938.19 4919.32
31.2729 994.246 1994.71 2969.28 3942.19  4924.3
31.2729 995.251 1996.73 2972.28 3946.19 4929.28
31.2729 996.252 1998.74 2975.27 3950.19 4934.28
31.3043 997.252 2000.75 2978.27 3954.19 4939.24
31.3043 998.252 2002.77 2981.27 3958.18 4944.22
31.3358 999.252 2004.77 2984.27 3962.18 4949.19
31.3358 1000.26 2006.77 2987.28 3966.18 4954.18
31.3358 1001.26 2008.78 2990.28 3970.18 4959.16
31.3358 1002.26  2010.8 2993.28 3974.17 4964.15
31.3358 1003.26 2012.82 2996.28 3978.17 4969.13
31.3671 1004.26 2014.82 2999.27 3982.15 4974.13