      1 3.66667       3 3.66667 3.66667       6
      1 5.98246 4.89474 6.66667 7.66667 9.78947
1.48764 6.98246 6.89474 9.66667 11.4053 14.5632
1.48764 7.98246 8.89474 12.9219 15.2459 19.4674
1.48764 8.98246 11.1384 15.9219 19.0917 24.3779
1.77293 9.98246 13.1384 18.9753  22.753 29.3779
2.00371 11.2818 15.1384 21.4452  26.753 34.3779
2.26334 12.2818    17.1  24.224  30.753 39.3779
2.54013 13.2818    19.1 27.1863 34.5138 44.3779
2.79244 14.6011    21.1 30.1863 37.9422 49.3779
2.79244 15.9966    23.1 33.0714 41.9422 54.0973
2.79244 17.4028    25.1 35.9785  45.629 59.0973
2.79244 18.4028  27.217  39.013 49.4774 64.0973
2.97796 19.6254  29.217 41.6049 53.4774 69.0973
3.17367 20.9152  31.217 44.6049  56.992 74.0973
3.17367 22.2407 33.1954 47.6049  60.992 78.7933
3.17367 23.2407 35.2754 50.5878  64.992 83.7305
3.17367 24.5922 37.2754 53.5878 68.7714 88.5996
3.17367 25.9193 39.2754 56.4796 72.7714 93.3807
3.33407 26.9193 41.2605 59.3341 76.7714 98.3807
3.48294 28.1212 43.2605 61.9833 80.7714 103.381
3.48294 29.1212 45.3535 64.9823 84.6793 108.381
3.63594 30.1212 47.3459 67.8369 88.6793 113.381
3.78895 31.1212 49.3382 70.6916 92.6793 118.381
3.93743 32.3408 51.3382 73.6916 96.3113 123.381
4.09588 33.3408 53.3382 76.6572 100.187 128.381
4.23125 34.4427  55.101 79.6572 104.187 133.381
4.23125 35.6952  57.101  82.554 108.187 138.231
4.38316 36.6952  59.101 85.5179 112.071 143.231
4.38316 37.9095 61.0568 88.3479 116.071 148.231
4.38316 39.1525 63.0568 91.2446 120.071 153.092
4.38316 40.1525 65.0568 94.2493 124.025 158.133
4.38316 41.1525 67.1062 97.2184 128.025 163.114
4.51665 42.1525 69.1062 100.218 131.924 168.082
4.51665 43.3485 71.0669 103.062 135.924 173.082
 4.6393 44.5256 73.0669 106.062 139.924 177.782
4.76198  45.703 75.0669 109.062 143.624 182.782
4.76198  46.913 77.0543 112.062 147.427 187.782
4.76198  48.123 79.0417 115.062 151.229 192.782
4.76198  49.123 81.1017  118.06 155.171 197.782
4.88179  50.123 83.1017  121.06 159.075 202.758
4.88179 51.3234 85.0918  124.06 162.884 207.758
4.99878 52.3234 87.0918  127.06 166.788 212.738
5.11283 53.3234 89.0789 129.959 170.788 217.738
5.22877 54.3234 91.0789 132.906 174.788 222.675
5.22877 55.3234 93.1296 135.906 178.724 227.688
5.22877 56.5215 95.1296 138.906 182.594  232.62
5.22877 57.5215 97.1681 141.883 186.594 237.604
5.33579 58.5215  99.157 144.787 190.594 242.604
5.44026 59.6673 101.157 147.787 194.594 247.354
5.54974 60.6673 103.157 150.761  198.51 252.354
5.65734 61.6673 105.157 153.761  202.51 257.247
5.65734 62.8361  107.15 156.761 206.349 262.247
5.65734 63.8361  109.15 159.769 210.308 267.279
5.75813 64.9734  111.15 162.769 214.308 272.041
5.86107 65.9734 113.137 165.679 218.308 277.041
5.96631 66.9734 115.137 168.654 222.228 282.041
 6.0651 68.0822 117.137 171.447 226.228 287.041
6.16858 69.0822 119.136 174.447 230.228 291.939
 6.2674 70.1889 121.136 177.241 234.228 296.939
6.37027 71.1889 123.124  180.15 238.228 301.939
6.47517 72.1889 125.124  183.15 242.151 306.911
6.47517 73.1889 127.124 186.152  246.12 311.941
6.57438 74.3103 129.124 189.152  250.12  316.72
6.57438 75.4532  131.11 192.152  254.12 321.591
6.57438 76.6057  133.11 195.087  258.12 326.504
6.57438 77.7583  135.11 198.022  262.12 331.416
6.67298 78.7583  137.11 200.992 266.051 336.416
6.67298 79.7583  139.11 203.994 270.025  341.44
6.67298 80.7583 141.149 206.994 273.982 346.444
 6.7679 81.7583 143.156 209.994 277.879 351.444
6.86026 82.8739 145.156 212.994 281.671 356.444
6.86026 83.8739 147.195 215.994 285.627  361.45
6.94676 84.9315 149.051 218.994 289.627  366.45
7.03983 85.9315 151.048 221.994 293.627  371.36
7.13364 86.9315 153.048 224.952 297.627 376.308
7.13364 87.9315 155.048 227.955   301.6 381.332
7.22356 89.0399 157.048 230.955 305.402 386.332
7.30911 90.0944 158.908 233.955 309.402 391.332
7.40131 91.0944 160.913 236.955 313.305 396.332
7.49263 92.0944 162.898 239.878 317.305 401.332
7.49263 93.2208  164.89 242.878 321.186 406.332
7.49263 94.2208  166.89 245.882 325.158 411.357
7.49263 95.3458 168.883 248.882  329.04 416.357
7.49263 96.4799 170.883 251.882 332.954 421.309
7.49263 97.5947 172.857 254.792 336.954 426.309
7.49263 98.7273 174.857 257.749 340.864 431.309
7.57626 99.8294 176.857 260.749 344.864 436.123
7.57626 100.944 178.832  263.66 348.864 441.123
7.65536 101.998 180.699  266.66 352.864 446.123
  7.738 103.099 182.699  269.66 356.864 450.939
7.81935 104.183 184.699 272.495 360.864 455.939
7.81935 105.183 186.699 275.497  364.84 460.962
7.90285 106.183 188.693 278.497  368.84 465.885
7.90285 107.183 190.693 281.499 372.816 470.907
7.98377  108.28 192.693 284.499 376.816 475.729
8.06346 109.361 194.693 287.339 380.816 480.729
8.06346 110.486 196.693 290.295 384.734 485.729
8.06346 111.596 198.668  293.21 388.734 490.729
8.14158 112.677 200.668 296.051 392.734 495.729
8.22335 113.677 202.668 299.025 396.679 500.729
8.30264 114.773 204.668 302.025 400.503 505.729
8.30264 115.896 206.668 304.981 404.424 510.729
8.38272 116.896 208.662 307.981 408.424 515.655
8.46256 117.896 210.649 310.914 412.424 520.655
 8.5435 118.896 212.649 313.888 416.369 525.655
 8.5435 119.896 214.674 316.888 420.335 530.663
 8.5435 121.012 216.674 319.836 424.335 535.599
 8.5435 122.131 218.674 322.836 428.261 540.554
8.61687  123.18 220.552 325.836 432.261 545.554
8.69504  124.18 222.553 328.836 436.182 550.554
8.69504 125.294 224.553 331.785 440.182 555.492
8.77198 126.294  226.54 334.721 444.182 560.492
8.77198 127.294  228.56 337.705 448.182 565.488
8.84847 128.294 230.552 340.705 452.182 570.419
8.92572 129.294 232.552  343.68  456.13 575.419
8.92572 130.294 234.572 346.664  460.13 580.415
8.92572 131.406 236.572 349.623 464.058 585.415
9.00168 132.406 238.572 352.598 468.007 590.415
9.00168 133.511 240.562 355.598 471.912 595.415
9.00168 134.511 242.581 358.583 475.912 600.412
9.00168 135.511 244.581 361.581 479.892 605.433
9.00168 136.617 246.581 364.533 483.892 610.375
9.00168 137.713  248.56 367.458 487.892 615.375
9.00168 138.822  250.56 370.418 491.822 620.375
9.00168 139.822 252.586 373.414   495.8 625.375
9.06895 140.867 254.474 376.414   499.8 630.375
9.06895 141.867 256.492 379.399   503.8 635.373
9.13735 142.938 258.492  382.26   507.8 640.373
9.13735 143.938 260.517 385.256 511.779 645.373
9.13735 145.044 262.517 388.216 515.712 650.373
9.13735 146.137 264.496 391.143 519.712 655.373
9.20688 147.137 266.496 394.119 523.666 660.373
9.20688  148.23 268.476 397.047 527.666 665.373
9.27401 149.311 270.476 400.047 531.666 670.225
9.34042  150.38 272.476 402.911 535.666 675.225
9.34042 151.485 274.476 405.911 539.602 680.186
9.34042 152.578 276.456 408.839 543.602 685.186
9.40434 153.622 278.348 411.839 547.602 690.186
9.47229 154.622 280.348 414.815 551.558 695.186
9.47229 155.725 282.348 417.815 555.494 700.146
9.47229 156.725 284.348 420.811 559.477 705.167
9.47229 157.725 286.348 423.807 563.461 710.188
9.47229 158.815 288.327 426.737 567.461 715.188
9.47229 159.815 290.346 429.737 571.434 720.195
9.53623 160.894 292.346 432.737 575.291 725.195
9.53623 161.995 294.346 435.698 579.228 730.195
9.53623  163.09 296.336 438.698 583.144 735.195
9.53623  164.09 298.355 441.698 587.116 740.204
9.53623  165.09 300.373 444.698 591.089 745.212
9.59843 166.167 302.373 447.698 595.089 750.073
9.59843 167.267 304.373 450.698 599.027 755.036
9.66119 168.267 306.364 453.645 603.027 760.036
9.72437 169.267 308.364 456.612 607.027 765.007
9.78623 170.344 310.364 459.612 610.888 770.007
9.78623  171.43 312.344 462.545 614.888 775.007
9.84867  172.43 314.337 465.545 618.888 779.951
9.84867 173.528 316.337 468.508 622.827 784.951
9.90779  174.57 318.236 471.508 626.827 789.951
9.90779 175.664 320.236 474.463 630.827 794.902
9.90779 176.761 322.236 477.463 634.767 799.866
9.90779 177.761 324.253 480.463 638.741 804.874
 9.9689 178.761 326.253 483.463  642.68 809.874
10.0302 179.761 328.253 486.463 646.635 814.858
10.0302 180.851 330.243 489.463 650.555 819.858
10.0302 181.851 332.265 492.459 654.537 824.858
10.0302 182.851 334.286 495.455  658.52 829.858
10.0302 183.851   336.3 498.441  662.52 834.858
10.0302 184.944   338.3 501.406 666.461 839.858
10.0899 185.944   340.3 504.386 670.422 844.858
10.0899 187.027 342.282 507.322 674.422 849.858
10.0899  188.12 344.282 510.287 678.363 854.858
10.1485  189.12 346.282 513.287 682.304 859.858
10.1485  190.12 348.296 516.272 686.304 864.859
10.1485  191.12  350.31 519.258 690.304  869.86
10.1485  192.12 352.331 522.254 694.287  874.86
10.1485  193.12 354.331  525.25 698.271  879.88
10.1485  194.12 356.345 528.235 702.271  884.88
10.1485  195.12 358.362 531.235 706.246 889.889
10.2053  196.12 360.362 534.235 710.203 894.875
10.2053  197.12 362.383 537.232 714.186 899.875
10.2053 198.203 364.374 540.232 718.111 904.875
10.2614 199.203 366.375 543.232 722.054 909.875
10.3171 200.203 368.366 546.184 726.054 914.875
10.3706 201.241 370.275 549.184 730.054 919.875
10.3706  202.32 372.262 552.184 734.054 924.809
10.3706 203.402 374.253 555.184 737.981 929.809
10.3706 204.402 376.253 558.181 741.964 934.828
10.4247 205.469 378.253 561.181 745.964 939.708
10.4797 206.469 380.246 564.181 749.964 944.659
10.5348 207.469 382.246 567.181 753.909 949.659
10.5885 208.526 384.246 570.071 757.909 954.659
10.5885 209.526 386.259 573.057 761.909  959.66
10.5885 210.526 388.279 576.053 765.893  964.66
10.5885 211.526 390.294 579.053 769.869 969.668
10.6403 212.562 392.206 582.053 773.869 974.668
10.6403 213.562 394.226  585.05 777.853 979.668
10.6941 214.562 396.219  588.05 781.853 984.621
10.6941 215.646 398.219 591.019 785.801 989.621
10.7476 216.646  400.21 593.974 789.801 994.621
10.8014 217.646  402.21 596.945 793.801 999.597
10.8552 218.646  404.21 599.945 797.761 1004.58
10.9091 219.646  406.21 602.945  801.72 1009.57
10.9605 220.681 408.124 605.945  805.72 1014.57
11.0144 221.681 410.124 608.945  809.68 1019.56
11.0144 222.757 412.115 611.945 813.612 1024.56
11.0144 223.838 414.115 614.945  817.56 1029.53
11.0677 224.838 416.115 617.945  821.52 1034.51
11.0677 225.914 418.107 620.945 825.452 1039.51
11.1198 226.976 420.107 623.945 829.452  1044.4
11.1727 227.976 422.107 626.945   833.4  1049.4
11.2257 228.976 424.107 629.918   837.4 1054.37
11.2786 229.976 426.106 632.918 841.347 1059.37
11.3302 231.028 428.106 635.814 845.347 1064.37
11.3302 232.028  430.12 638.814 849.325 1069.38
11.3302 233.028 432.132 641.801 853.325 1074.38
11.3302 234.028 434.143 644.789 857.325 1079.38
11.3302 235.106 436.143 647.789 861.274 1084.36
 11.382 236.106 438.136 650.789 865.274 1089.31
 11.382 237.177 440.124 653.789 869.274 1094.25
11.4334 238.177 442.115 656.746 873.274 1099.25
11.4851 239.177 444.114 659.746 877.224 1104.25
11.5356 240.228 446.114 662.645 881.224 1109.25
11.5865 241.287 448.114 665.645 885.224 1114.14
11.5865 242.287 450.125 668.633 889.224 1119.14
11.5865 243.364 452.125 671.604 893.175 1124.14
11.5865 244.436 454.118 674.604 897.111 1129.14
11.5865  245.51 456.118 677.568 901.111 1134.11
 11.636 246.561 458.118 680.468 905.111 1139.11
 11.636 247.629 460.102 683.416 909.111 1144.11
 11.636 248.629 462.102 686.412 913.097 1149.12
 11.636 249.697 464.086  689.36 917.097 1154.12
 11.636 250.773 466.086  692.36 921.049  1159.1
11.6848 251.823 468.086 695.261 925.049  1164.1
11.7345 252.823 470.078 698.219 929.049  1169.1
11.7345 253.897 472.078 701.183 933.049 1174.06
11.7843 254.897 474.078 704.156 937.049 1179.04
11.7843 255.897 476.089 707.143 941.049 1184.04
11.7843 256.963 478.074 710.091 945.049 1189.04
11.8334 257.963 480.068 713.091 949.049    1194
11.8334 258.963 482.079 716.079 953.049    1199
11.8334 260.036 484.079 719.043 957.049 1203.96
11.8804 261.067     486 722.043 961.049 1208.96
11.8804 262.067 488.012 725.043 965.029 1213.97
11.8804 263.137 490.004 728.043 968.968 1218.97
11.8804 264.209 492.004 731.008 972.968 1223.93
11.8804 265.209 494.017 734.008 976.948 1228.94
11.8804 266.209 496.033 737.004 980.935 1233.94
11.8804 267.282 498.033 740.004 984.889 1238.91
11.8804 268.351 500.025 743.004 988.828 1243.91
11.9271 269.407 502.025 746.004 992.828 1248.81
11.9739 270.463 504.025 749.004 996.828 1253.71
12.0207  271.52 506.025 752.004 1000.72 1258.71
12.0681  272.52 508.019 755.004 1004.72 1263.66
12.1156  273.52 510.019 757.978 1008.72 1268.64
12.1624 274.576 512.019 760.978 1012.72 1273.54
12.1624 275.647 514.019 763.944 1016.72  1278.5
12.1624 276.647  516.03 766.932 1020.72 1283.51
12.1624 277.713 518.018 769.932 1024.72 1288.45
12.2094 278.713 520.018 772.932 1028.69 1293.44
12.2094 279.713 522.034 775.929 1032.68 1298.44
12.2094 280.782 524.034 778.895 1036.68  1303.4
12.2094 281.853 526.034 781.867 1040.63  1308.4
12.2094 282.853  528.05 784.864 1044.62  1313.4
12.2094 283.917 530.035 787.815 1048.62  1318.4
12.2094 284.917 532.046 790.803 1052.62  1323.4
12.2543 285.964 534.046 793.711 1056.62  1328.4
12.2995 287.019 536.046 796.711 1060.62  1333.3
12.2995 288.019 538.061 799.707 1064.61  1338.3
12.2995 289.084  540.05 802.707 1068.61 1343.25
12.2995 290.148 542.039 805.707 1072.61  1348.2
12.2995 291.148 544.051 808.707 1076.59  1353.2
12.3438 292.196 546.051 811.615 1080.59  1358.2
12.3438 293.262 548.043 814.615 1084.53  1363.2
12.3438 294.326 550.032 817.615 1088.53 1368.15
 12.388 295.381 552.032 820.615 1092.44 1373.15
 12.388 296.449 554.032 823.582 1096.44 1378.11
12.4321 297.503 556.032 826.582 1100.34 1383.11
12.4762 298.558 558.032 829.582 1104.24 1388.11
12.4762 299.622 560.021 832.582 1108.24 1393.06
12.4762 300.688 562.013 835.582 1112.18 1398.06
12.4762 301.754 564.005 838.582 1116.12 1403.06
12.4762 302.821 566.005  841.55 1120.12 1408.03
12.5196 303.876 568.005  844.55 1124.12 1412.93
 12.563  304.93 570.005  847.55 1128.12 1417.83
12.6071  305.93 572.004  850.55 1132.08 1422.83
 12.651  306.93 573.997 853.513 1136.08 1427.83
12.6951  307.93 575.996 856.513 1140.04 1432.83
12.7393  308.93 577.996 859.513    1144 1437.82
12.7393 309.999 579.996 862.486 1147.96 1442.82
12.7832 310.999 581.996 865.463 1151.96  1447.8
12.7832 311.999 584.007 868.452 1155.96  1452.8
12.7832 313.062 585.996 871.452 1159.96 1457.75
12.7832 314.128 587.996 874.421 1163.96 1462.71
12.8266 315.128 589.989 877.384 1167.96 1467.71
12.8266 316.196 591.989 880.384 1171.92 1472.68
12.8266 317.257 593.974 883.338 1175.92 1477.68
12.8699 318.257 595.974 886.322 1179.89 1482.68
12.8699 319.322 597.974  889.29 1183.89 1487.65
12.8699 320.322 599.986  892.29 1187.88 1492.66
12.9119 321.368 601.986 895.203 1191.88 1497.66
12.9548 322.368 603.986  898.18 1195.88 1502.64
12.9548 323.431 605.979  901.18 1199.82 1507.64
 12.997 324.484 607.979  904.18 1203.73 1512.64
13.0399 325.484 609.979 907.164  1207.7 1517.64
13.0399 326.551 611.979 910.164 1211.66 1522.61
13.0825 327.551 613.978 913.164 1215.62 1527.61
 13.125 328.551 615.972 916.164 1219.62 1532.57
 13.125 329.551 617.982 919.153 1223.62 1537.57
13.1675 330.551 619.982  922.13 1227.62 1542.55
13.2099 331.551 621.977  925.13 1231.62 1547.52
13.2099 332.551 623.987  928.12 1235.62 1552.52
13.2523 333.551 625.987  931.12 1239.58 1557.51
13.2523 334.551 627.998  934.12 1243.57 1562.51
13.2523 335.551 629.998 937.117 1247.56 1567.52
13.2935 336.595 631.998 940.032 1251.56 1572.52
13.2935 337.595  634.01 943.032 1255.54 1577.53
13.2935 338.659  636.01 946.032  1259.5  1582.5
13.3352 339.659 638.005 949.032  1263.5 1587.47
13.3771 340.659 640.005 952.009  1267.5 1592.45
13.3771  341.72 641.998 955.009 1271.45 1597.45
13.3771 342.783 643.998 957.979 1275.45 1602.42
13.4178 343.826 645.998 960.895 1279.45 1607.42
13.4178  344.89 647.998  963.87 1283.41 1612.42
13.4178 345.948 649.984 966.825 1287.41 1617.42
13.4585 346.998 651.984 969.825 1291.32 1622.42
 13.499 348.042 653.984 972.742 1295.32 1627.42
13.5395 349.085 655.984 975.658 1299.32 1632.42
13.5793 350.113 657.916 978.658 1303.32 1637.42
13.6208 351.113 659.916 981.642 1307.29 1642.42
13.6208 352.172 661.906 984.642 1311.29 1647.37
13.6605   353.2 663.838 987.642 1315.29 1652.37
13.7011  354.25 665.838 990.642  1319.2 1657.37
13.7417   355.3 667.838 993.642 1323.11 1662.37
13.7828   356.3 669.833 996.642 1327.11 1667.33
13.7828 357.363 671.833 999.617 1331.07 1672.33
13.8232 358.412 673.833 1002.62 1335.07 1677.24
13.8232 359.412 675.847 1005.61 1339.06 1682.24
13.8232 360.476 677.847 1008.61 1343.02 1687.22
13.8635 361.525 679.847 1011.61 1347.02 1692.13
13.9034 362.567 681.847 1014.53 1351.02 1697.13
13.9034 363.624 683.833 1017.49 1355.02 1702.13
13.9034 364.624 685.847 1020.48 1359.01 1707.13
13.9034  365.68 687.834 1023.44 1363.01 1712.13
13.9034  366.68 689.843 1026.43 1367.01 1717.13
13.9432 367.729 691.843 1029.43 1370.92 1722.13
13.9836 368.729 693.843 1032.41 1374.92 1727.11
13.9836 369.792 695.843 1035.38 1378.89 1732.11
14.0238 370.792 697.843 1038.36 1382.89 1737.09
14.0639 371.792 699.842 1041.36 1386.85 1742.09
14.0639 372.849 701.832 1044.36 1390.85 1747.05
14.1041 373.849 703.832 1047.35 1394.82 1752.05
14.1041 374.911 705.832 1050.32 1398.79 1757.05
14.1441 375.911 707.832  1053.3 1402.79 1762.03
14.1441 376.911 709.832  1056.3 1406.78 1767.04
14.1441 377.911 711.846 1059.29 1410.77 1772.04
14.1834 378.959 713.846 1062.29 1414.68 1777.04
14.2226 380.007 715.846 1065.29 1418.59 1782.04
14.2226 381.007 717.855 1068.28 1422.59 1787.04
14.2621 382.007 719.848 1071.25 1426.59 1792.04
14.2621 383.067 721.848 1074.22 1430.59 1797.01
14.3003 384.094 723.783 1077.22 1434.59 1802.01
14.3003 385.094 725.796 1080.22 1438.58 1807.01
14.3003 386.094 727.807 1083.22 1442.57 1812.02
14.3003 387.094 729.817 1086.22 1446.55 1817.02
14.3003 388.154 731.817 1089.19 1450.51 1822.02
14.3387 389.195 733.817 1092.11 1454.51 1827.02
14.3776 390.195 735.811 1095.08 1458.51 1832.02
14.3776 391.195 737.811 1098.08 1462.51 1837.04
14.4167 392.195 739.811 1101.06 1466.48 1842.04
14.4558 393.195 741.811 1104.06 1470.45 1847.02
14.4942 394.241 743.811 1107.06 1474.45 1851.94
14.4942 395.301 745.811 1110.06 1478.42 1856.92
14.5332 396.301 747.811 1113.05 1482.39 1861.92
14.5332 397.301 749.824 1116.04 1486.38 1866.92
14.5715 398.347 751.824 1119.04  1490.3 1871.92
14.5715 399.347 753.833 1122.03  1494.3 1876.92
  14.61 400.347 755.826    1125  1498.3 1881.92
14.6482 401.393 757.826    1128  1502.3 1886.83
14.6867 402.393 759.821    1131  1506.3  1891.8
14.7255 403.393 761.821    1134 1510.27 1896.79
14.7642 404.393 763.821 1136.99 1514.25 1901.79
14.8024 405.439 765.821 1139.99 1518.16 1906.79
14.8024 406.439 767.821 1142.98 1522.15  1911.8
14.8024 407.496 769.821 1145.95 1526.15 1916.77
14.8024 408.496 771.821 1148.95 1530.14 1921.79
14.8024 409.496 773.834 1151.95 1534.13 1926.79
14.8024 410.496 775.847 1154.94 1538.12 1931.79
14.8024 411.496 777.857 1157.94 1542.11 1936.79
14.8024 412.496 779.867 1160.94 1546.09  1941.8
14.8397 413.535 781.867 1163.87 1550.09  1946.8
14.8397 414.535 783.877 1166.87 1554.08  1951.8
14.8397 415.591 785.877 1169.84 1558.08 1956.77
14.8775 416.591 787.877 1172.84 1562.05 1961.76
14.8775 417.642 789.866  1175.8 1566.05 1966.76
14.9151 418.642 791.861  1178.8 1570.05 1971.73
14.9151 419.642 793.871  1181.8 1574.04 1976.73
14.9151 420.642 795.871  1184.8 1578.03 1981.75
14.9151 421.696 797.864  1187.8 1581.98 1986.75
14.9526 422.696 799.864  1190.8 1585.95 1991.74
14.9526 423.752 801.864  1193.8 1589.92 1996.71
14.9526 424.808 803.864 1196.77 1593.92 2001.69
14.9526 425.859 805.853 1199.73 1597.92 2006.69
14.9526 426.911 807.844 1202.73 1601.92 2011.64
14.9897 427.911 809.844 1205.73 1605.89 2016.63
14.9897 428.967 811.844 1208.73 1609.86 2021.61
15.0267 429.967 813.844 1211.73 1613.83  2026.6
15.0267 431.023 815.844 1214.73  1617.8 2031.58
15.0636 432.023 817.844 1217.72 1621.77 2036.58
15.0636 433.023 819.853 1220.72 1625.76 2041.59
15.0999 434.067 821.853 1223.72 1629.76 2046.51
15.0999 435.067 823.862 1226.71 1633.76 2051.51
15.1367 436.067 825.862 1229.69 1637.74 2056.51
15.1722 437.091 827.802 1232.69 1641.74 2061.51
15.1722 438.091  829.81 1235.68 1645.74 2066.51
15.1722 439.147  831.81 1238.68  1649.7 2071.49
15.1722 440.199 833.804 1241.68 1653.65 2076.49
15.1722 441.199 835.813 1244.68 1657.64 2081.49
15.2081 442.242 837.813 1247.68 1661.64 2086.41
 15.244 443.286 839.813 1250.68 1665.56 2091.41
15.2798 444.329 841.813 1253.68 1669.56 2096.33
15.2798 445.329 843.826 1256.68 1673.55 2101.33
15.2798 446.329 845.838 1259.68 1677.54 2106.33
15.3154 447.366 847.838  1262.6 1681.54 2111.33
15.3154 448.416 849.827 1265.57 1685.54 2116.33
15.3515 449.416 851.827 1268.55 1689.52 2121.33
15.3876 450.416 853.827 1271.55 1693.49 2126.32
15.4237 451.416 855.827 1274.53 1697.49 2131.31
15.4237 452.416 857.839 1277.53 1701.49 2136.31
15.4596 453.416 859.838 1280.53 1705.45 2141.31
15.4955 454.416 861.833 1283.53 1709.45 2146.28
15.5315 455.416 863.833 1286.51 1713.45 2151.26
 15.567 456.458 865.833 1289.51 1717.45 2156.18
 15.567 457.512 867.833 1292.49 1721.42 2161.18
 15.567 458.512 869.845 1295.48 1725.41 2166.18
15.6018 459.536 871.787 1298.48 1729.41 2171.18
15.6371 460.578 873.787 1301.48 1733.33 2176.18
15.6371  461.63 875.787 1304.46 1737.33 2181.16
15.6718 462.654 877.729 1307.46 1741.33 2186.16
15.6718 463.654 879.737 1310.45 1745.33 2191.16
15.7075 464.654 881.737 1313.44 1749.31 2196.16
15.7075 465.705 883.731 1316.44 1753.26 2201.16
15.7075 466.755 885.724 1319.44 1757.22 2206.16
15.7075 467.806 887.718 1322.44 1761.17 2211.16
15.7075 468.806 889.718 1325.43 1765.17 2216.17
15.7424 469.848 891.718 1328.43 1769.09 2221.17
15.7424 470.848 893.718 1331.43 1773.08 2226.18
15.7424 471.897 895.709 1334.43 1777.08 2231.14
15.7424 472.946   897.7 1337.43 1781.08  2236.1
15.7774 473.946 899.696 1340.43 1785.08 2241.07
15.8119 474.982 901.696 1343.36 1789.08 2246.07
15.8119 476.035 903.696 1346.36 1793.05 2251.05
15.8459 477.058 905.638 1349.36 1797.05 2256.05
 15.881 478.058 907.638 1352.35 1801.03 2261.05
 15.915 479.081 909.581 1355.35 1805.03 2266.05
  15.95 480.081 911.581 1358.33    1809 2271.05
 15.985 481.081  913.58 1361.33 1812.97 2276.05
16.0201 482.081  915.58 1364.32 1816.95 2281.05
16.0201 483.133  917.58  1367.3 1820.95 2286.02
16.0551 484.133  919.58  1370.3 1824.92 2291.01
16.0896 485.174  921.58  1373.3 1828.85 2296.01
16.0896 486.174  923.58 1376.29 1832.84 2301.02
16.0896 487.223 925.573 1379.29  1836.8 2306.02
16.1244 488.223 927.573 1382.29 1840.77 2311.01
16.1592 489.223 929.573 1385.27 1844.77    2316
16.1935 490.264 931.573 1388.27 1848.77 2320.92
16.1935 491.264 933.573 1391.27 1852.76 2325.94
16.2283 492.264 935.573 1394.27 1856.74 2330.93
16.2283 493.314 937.573 1397.25 1860.74  2335.9
16.2283 494.314 939.582 1400.25 1864.72  2340.9
16.2283 495.314  941.59 1403.24 1868.72 2345.91
16.2283 496.314  943.59 1406.24 1872.72 2350.92
16.2623 497.354  945.59 1409.24 1876.72 2355.84
16.2623 498.406  947.59 1412.22 1880.68 2360.84
16.2962 499.446  949.59 1415.22 1884.68 2365.77
16.3304 500.446 951.584 1418.19 1888.68 2370.77
16.3304 501.493 953.575 1421.19 1892.68 2375.73
16.3304 502.493 955.586 1424.19 1896.68 2380.73
16.3304 503.544 957.586 1427.19 1900.64 2385.71
16.3304 504.596 959.586 1430.17 1904.61 2390.71
16.3644 505.596 961.581 1433.17 1908.61 2395.68
16.3644 506.647 963.581 1436.17 1912.58 2400.66
16.3644 507.647 965.592 1439.16 1916.57 2405.66
16.3644 508.698 967.592 1442.14 1920.54 2410.66
16.3644 509.745 969.584 1445.14 1924.54 2415.62
16.3982 510.745 971.584 1448.14 1928.52 2420.61
16.3982 511.796 973.584 1451.14 1932.48 2425.59
16.4315 512.836 975.584 1454.14 1936.41 2430.59
16.4653 513.836 977.584 1457.14 1940.39 2435.59
 16.498 514.858 979.529 1460.14 1944.39 2440.59
 16.498 515.858  981.54 1463.14 1948.38 2445.59
 16.498 516.858 983.547 1466.13 1952.38 2450.59
 16.498 517.905 985.538 1469.13 1956.38 2455.55
16.5314 518.905 987.533 1472.13 1960.38 2460.52
16.5649 519.905 989.532 1475.13 1964.35 2465.52
 16.598 520.944 991.532 1478.13 1968.27 2470.52
 16.598 521.995 993.532 1481.13 1972.24  2475.5
16.6315 522.995 995.532 1484.13 1976.22 2480.49
16.6315 524.041 997.524 1487.13 1980.22 2485.45
16.6315 525.041 999.532 1490.13 1984.21 2490.46
16.6642 526.074 1001.53 1493.07 1988.21 2495.46
16.6642 527.122 1003.53 1496.07 1992.16 2500.46
16.6642 528.122 1005.53 1499.07 1996.15 2505.46
16.6974 529.122 1007.53 1502.05 2000.13 2510.46
16.7305 530.122 1009.53 1505.05  2004.1 2515.46
16.7305 531.122 1011.54 1508.05 2008.09 2520.47
16.7305 532.122 1013.55 1511.05 2012.07 2525.47
16.7305  533.17 1015.55 1514.03 2016.07 2530.45
16.7634  534.17 1017.54    1517 2020.07 2535.45
16.7634  535.17 1019.55    1520 2024.06 2540.45
16.7634  536.17 1021.55    1523 2028.05 2545.46
16.7634  537.17 1023.56    1526 2032.04 2550.46
16.7634 538.217 1025.56    1529    2036 2555.46
16.7952 539.238  1027.5    1532    2040 2560.46
 16.828 540.238  1029.5 1534.99 2043.98 2565.46
 16.828 541.286  1031.5 1537.96 2047.98 2570.44
16.8597 542.308 1033.45 1540.96 2051.98 2575.44
16.8597 543.308 1035.46 1543.96 2055.98 2580.44
16.8597 544.357 1037.46 1546.96 2059.95 2585.42
16.8597 545.404 1039.46 1549.93 2063.95 2590.39
16.8597  546.45 1041.45 1552.93 2067.91 2595.39
16.8922  547.45 1043.45 1555.92 2071.89 2600.39
16.8922  548.45 1045.46 1558.92 2075.88  2605.4
16.9246  549.45 1047.46 1561.91 2079.86  2610.4
16.9569  550.45 1049.46 1564.91 2083.83 2615.39
16.9569 551.495 1051.45 1567.91 2087.83 2620.35
16.9569 552.495 1053.46 1570.91 2091.82 2625.35
16.9569 553.495 1055.46 1573.91 2095.82 2630.36
16.9569 554.495 1057.46  1576.9 2099.81 2635.37
16.9569 555.495 1059.47  1579.9 2103.81 2640.37
16.9889 556.495 1061.47 1582.88 2107.81 2645.36
17.0209 557.495 1063.46 1585.88 2111.81 2650.33
17.0209 558.495 1065.46 1588.88  2115.8 2655.34
17.0529 559.495 1067.46 1591.86 2119.78 2660.34
17.0843 560.527 1069.46  1594.8 2123.78 2665.34
17.0843 561.527 1071.47 1597.79 2127.78 2670.34
17.1162 562.527 1073.47 1600.78 2131.78 2675.33
17.1481 563.527 1075.47 1603.78 2135.75 2680.33
17.1796 564.564 1077.47 1606.78 2139.75 2685.26
17.2112 565.601 1079.47 1609.78 2143.68 2690.26
17.2112 566.601 1081.48 1612.78 2147.67 2695.26
17.2112 567.649 1083.48 1615.76 2151.64 2700.26
 17.243 568.649 1085.48 1618.74 2155.64 2705.25
 17.243 569.696 1087.48 1621.74 2159.61 2710.23
17.2747 570.696 1089.48 1624.74 2163.59 2715.22
17.3061 571.733 1091.48 1627.74 2167.52 2720.22
17.3061 572.781 1093.48 1630.72 2171.49 2725.22
17.3061 573.781 1095.49 1633.72 2175.48 2730.22
17.3374 574.817 1097.49 1636.72 2179.48 2735.16
17.3691 575.817 1099.49 1639.71 2183.46 2740.16
17.3691 576.863 1101.49 1642.69 2187.46 2745.13
17.3691 577.863  1103.5 1645.69 2191.45 2750.14
17.4002 578.899  1105.5 1648.69 2195.45 2755.07
17.4002 579.941 1107.49 1651.66 2199.45 2760.07
17.4316 580.941 1109.48 1654.66 2203.45 2765.04
17.4625 581.973 1111.48 1657.59 2207.45 2770.04
17.4625 582.973 1113.49 1660.59 2211.44 2775.05
17.4938 583.973 1115.48 1663.59 2215.44 2780.02
17.5251 584.973 1117.48 1666.59 2219.44 2784.99
17.5251 585.973 1119.48 1669.59 2223.43    2790
17.5251 586.973 1121.48 1672.59 2227.42 2795.01
 17.556 588.009 1123.48 1675.59 2231.42 2799.95
17.5873 589.009 1125.48 1678.58  2235.4 2804.95
17.6181  590.04 1127.48 1681.52  2239.4 2809.95
17.6181  591.04 1129.49 1684.51 2243.39 2814.95
17.6493  592.04 1131.49 1687.51 2247.39 2819.92
17.6493 593.085 1133.49 1690.49 2251.39  2824.9
17.6493 594.085 1135.49 1693.49 2255.39 2829.91
17.6803 595.085 1137.48 1696.46 2259.39 2834.91
17.6803 596.128 1139.48 1699.46 2263.35 2839.91
17.6803 597.128 1141.48 1702.46 2267.34 2844.91
17.6803  598.17 1143.47 1705.46 2271.34 2849.88
17.6803  599.17 1145.47 1708.46 2275.33 2854.89
17.7112  600.17 1147.47 1711.45 2279.31 2859.89
17.7421  601.17 1149.47 1714.45 2283.29 2864.88
17.7725 602.201 1151.47 1717.39 2287.29 2869.88
17.7725 603.244 1153.46 1720.39 2291.25 2874.88
17.8034 604.244 1155.46 1723.38 2295.23 2879.88
17.8034 605.286 1157.45 1726.38 2299.23 2884.85
17.8034  606.33 1159.45 1729.35 2303.23 2889.82
17.8341  607.33 1161.45 1732.35  2307.2 2894.82
17.8341  608.33 1163.46 1735.35 2311.19 2899.83
17.8341 609.376 1165.46 1738.34 2315.16 2904.83
17.8341 610.376 1167.47 1741.33 2319.16 2909.83
17.8643 611.411 1169.47 1744.33 2323.16 2914.76
17.8949 612.411 1171.47 1747.32 2327.14 2919.76
17.8949 613.451 1173.46 1750.29 2331.14 2924.76
17.9247 614.471 1175.41 1753.29 2335.14 2929.76
17.9551 615.471  1177.4 1756.29 2339.14 2934.74
17.9857 616.471  1179.4 1759.28 2343.13 2939.74
17.9857 617.513  1181.4 1762.28 2347.13  2944.7
 18.016 618.513 1183.39 1765.28 2351.13 2949.68
18.0465 619.513 1185.39 1768.27 2355.11 2954.68
18.0465 620.557 1187.39 1771.27 2359.08 2959.66
18.0762 621.577 1189.34 1774.27 2363.08 2964.66
18.1058 622.596 1191.29 1777.27 2367.08 2969.66
18.1359 623.631 1193.29 1780.27 2371.01 2974.66
18.1663 624.631 1195.29 1783.27 2374.98 2979.66
18.1663 625.631  1197.3 1786.26 2378.98 2984.66
18.1967 626.631  1199.3 1789.26 2382.96 2989.65
 18.227 627.631 1201.29 1792.26 2386.96 2994.63
 18.227 628.631  1203.3 1795.26 2390.95 2999.63
 18.227 629.631 1205.31 1798.25 2394.95 3004.63
18.2572 630.631 1207.31 1801.25 2398.92 3009.63
18.2875 631.631 1209.31 1804.25  2402.9 3014.62
18.2875 632.631 1211.31 1807.25 2406.89 3019.63
18.3176 633.631 1213.31 1810.25 2410.86 3024.63
18.3176 634.676 1215.31 1813.23 2414.83 3029.63
18.3471 635.695 1217.26 1816.23 2418.83 3034.63
18.3471 636.737 1219.26 1819.21 2422.83 3039.61
18.3471 637.737 1221.26 1822.21 2426.83 3044.61
18.3764 638.757 1223.21 1825.21 2430.83 3049.61
18.4061  639.79 1225.21 1828.21 2434.83 3054.55
18.4362  640.79 1227.21 1831.21  2438.8 3059.54
18.4362 641.831 1229.21 1834.21  2442.8 3064.51
18.4662 642.831 1231.21  1837.2 2446.79 3069.51
18.4662 643.831 1233.22  1840.2 2450.78 3074.51
18.4662 644.875 1235.22 1843.18 2454.75 3079.51
18.4958 645.908 1237.22 1846.18 2458.75 3084.45
18.5258 646.908 1239.22 1849.17 2462.73 3089.45
18.5554 647.942 1241.22 1852.17 2466.73 3094.38
18.5554 648.942 1243.22 1855.17 2470.72 3099.39
 18.585 649.976 1245.22 1858.17 2474.66 3104.39
 18.585 650.976 1247.22 1861.17 2478.65  3109.4
18.6145  652.01 1249.22 1864.17 2482.65 3114.33
18.6145 653.053 1251.22 1867.15 2486.62 3119.33
18.6145 654.095 1253.22 1870.13 2490.62 3124.31
18.6145 655.136 1255.22 1873.13 2494.59 3129.31
18.6442 656.136 1257.22 1876.13 2498.57  3134.3
18.6442 657.175 1259.21  1879.1 2502.57  3139.3
18.6735 658.209 1261.21  1882.1  2506.5  3144.3
18.7028 659.243 1263.21  1885.1  2510.5 3149.24
18.7324 660.243  1265.2  1888.1  2514.5 3154.21
18.7324 661.283  1267.2  1891.1 2518.47 3159.21
18.7615 662.312  1269.2 1894.04 2522.47 3164.21
18.7911 663.312  1271.2 1897.03 2526.47  3169.2
18.7911 664.351 1273.19    1900 2530.47  3174.2
18.8206 665.351 1275.19    1903 2534.45 3179.19
18.8206 666.394 1277.19    1906 2538.42 3184.18
18.8501 667.394 1279.19    1909  2542.4 3189.17
18.8789 668.413 1281.14    1912  2546.4 3194.17
18.8789 669.454 1283.14 1914.98  2550.4 3199.14
18.8789 670.454 1285.15 1917.98 2554.39 3204.15
18.9076 671.473  1287.1 1920.98 2558.39 3209.15
18.9362 672.492 1289.05 1923.98 2562.39 3214.15
18.9362 673.492 1291.06 1926.98 2566.38 3219.15
18.9655 674.492 1293.06 1929.95 2570.38 3224.15
18.9948 675.492 1295.06 1932.95 2574.35 3229.15
18.9948 676.492 1297.06 1935.95 2578.35 3234.16
19.0238 677.525 1299.06 1938.95 2582.28 3239.16
19.0531 678.525 1301.06 1941.95 2586.26 3244.15
19.0825 679.525 1303.06 1944.94 2590.25 3249.15
19.0825 680.565 1305.05 1947.94 2594.21 3254.15
19.0825 681.606 1307.05 1950.92 2598.21 3259.13
19.1116 682.606 1309.04  1953.9 2602.21 3264.13
19.1116 683.647 1311.04  1956.9 2606.18 3269.13
19.1116 684.688 1313.04 1959.88 2610.18 3274.11
19.1404  685.72 1315.04 1962.88 2614.18 3279.04
19.1404  686.72 1317.05 1965.88 2618.17 3284.04
19.1404 687.758 1319.04 1968.85 2622.17 3289.04
19.1695 688.758 1321.04 1971.85 2626.15 3294.04
19.1695 689.796 1323.03 1974.82 2630.15 3299.04
19.1695 690.835 1325.02 1977.82 2634.15    3304
19.1695 691.875 1327.02 1980.82 2638.11    3309
19.1695 692.875 1329.02 1983.82 2642.11 3314.01
19.1695 693.913 1331.01 1986.79 2646.11 3319.01
19.1695 694.954 1333.01 1989.77 2650.11 3323.99
19.1695 695.954 1335.01 1992.76 2654.11 3328.99
19.1982 696.954 1337.01 1995.75 2658.11 3333.98
19.2262 697.972 1338.97 1998.75 2662.11 3338.98
19.2262 699.011 1340.96 2001.75 2666.11 3343.95
19.2549 700.011 1342.96 2004.75 2670.09 3348.94
19.2549 701.051 1344.95 2007.75 2674.05 3353.94
19.2833 702.083 1346.95 2010.75 2677.99 3358.94
19.3113 703.102 1348.91 2013.75 2681.99 3363.94
19.3398 704.102  1350.9 2016.75 2685.99 3368.92
19.3682 705.134  1352.9 2019.75 2689.93 3373.92
19.3961 706.152 1354.86 2022.75 2693.93 3378.92
19.3961 707.194 1356.86 2025.73  2697.9 3383.92
19.3961 708.234 1358.85 2028.73 2701.87 3388.92
19.4247 709.234 1360.85 2031.72 2705.85 3393.92
19.4533 710.234 1362.85 2034.71 2709.83 3398.92
19.4816 711.266 1364.85 2037.71 2713.83 3403.86
19.5101 712.266 1366.85 2040.71 2717.83 3408.83
19.5386 713.266 1368.85  2043.7 2721.83 3413.82
19.5386 714.307 1370.85  2046.7 2725.81  3418.8
 19.567 715.307 1372.84  2049.7 2729.81 3423.78
 19.567 716.348 1374.84 2052.68 2733.81 3428.76
 19.567 717.386 1376.83 2055.68 2737.81 3433.73
19.5951 718.413 1378.83 2058.62 2741.81 3438.73
19.5951 719.455 1380.83 2061.62 2745.78 3443.71
19.5951 720.455 1382.84 2064.62 2749.77 3448.72
19.6233 721.455 1384.84 2067.62 2753.77 3453.69
19.6514 722.487 1386.84 2070.62 2757.71 3458.69
19.6514 723.487 1388.84 2073.62 2761.71 3463.69
19.6514 724.528 1390.84  2076.6 2765.69 3468.69
19.6514 725.566 1392.83  2079.6 2769.69 3473.66
19.6514 726.566 1394.84 2082.59 2773.69 3478.66
19.6796 727.566 1396.84 2085.59 2777.67 3483.65
19.6796 728.605 1398.83 2088.59 2781.63 3488.65
19.7077 729.605 1400.83 2091.59 2785.61 3493.65
19.7077 730.645 1402.83 2094.58 2789.61 3498.63
19.7077 731.686 1404.83 2097.58 2793.58 3503.62
19.7077 732.686 1406.84 2100.57 2797.57 3508.62
19.7077 733.727 1408.84 2103.57 2801.55  3513.6
19.7357 734.727 1410.84 2106.56 2805.53  3518.6
19.7637 735.727 1412.84 2109.56 2809.53 3523.58
19.7637 736.727 1414.84 2112.56 2813.52 3528.58
19.7637 737.727 1416.85 2115.56 2817.51 3533.58
19.7637 738.765 1418.84 2118.56 2821.48 3538.58
19.7637 739.806 1420.84 2121.56 2825.45 3543.57
19.7637 740.847 1422.84 2124.55 2829.43 3548.57
19.7915 741.847 1424.84 2127.55 2833.41 3553.56
19.7915 742.884 1426.84 2130.55 2837.41 3558.53
19.8189 743.916 1428.84 2133.55 2841.35 3563.53
19.8461 744.934 1430.79 2136.55 2845.35 3568.53
19.8461  745.97 1432.78 2139.52 2849.35 3573.53
19.8461  746.97 1434.78 2142.52 2853.34 3578.54
19.8461 748.011 1436.78  2145.5 2857.32 3583.54
19.8461 749.051 1438.78  2148.5 2861.29 3588.52
19.8461 750.051 1440.79  2151.5 2865.29 3593.52
19.8461 751.092 1442.79 2154.49 2869.26 3598.52
19.8461 752.092  1444.8 2157.48 2873.26 3603.52
19.8461 753.092 1446.81 2160.48 2877.24 3608.53
19.8732 754.123 1448.81 2163.48 2881.24 3613.47
19.9007 755.123  1450.8 2166.48 2885.22 3618.47
19.9281 756.123  1452.8 2169.47 2889.22 3623.46
19.9555 757.123  1454.8 2172.46  2893.2 3628.46
19.9829 758.123  1456.8 2175.44  2897.2 3633.46
20.0101 759.155  1458.8 2178.44 2901.14 3638.46
20.0101 760.155  1460.8 2181.44 2905.13 3643.46
20.0371 761.181  1462.8 2184.39 2909.13 3648.46
20.0644 762.181  1464.8 2187.36 2913.13 3653.46
20.0919 763.181  1466.8 2190.36 2917.11 3658.45
20.1192 764.181 1468.79 2193.34 2921.11 3663.45
20.1462 765.208 1470.79 2196.29 2925.11 3668.45
20.1462 766.247 1472.79 2199.27 2929.11 3673.43
20.1462 767.286 1474.79 2202.27 2933.09 3678.42
20.1733 768.318 1476.79 2205.27 2937.03 3683.42
20.2006 769.318 1478.79 2208.26 2941.01 3688.42
 20.228 770.318 1480.79 2211.25 2944.99 3693.42
 20.255 771.348 1482.79 2214.25 2948.99 3698.36
 20.255 772.348 1484.79 2217.25 2952.99 3703.37
 20.255 773.348  1486.8 2220.25 2956.98 3708.37
20.2822 774.348 1488.79 2223.23 2960.98 3713.37
20.2822 775.384 1490.79  2226.2 2964.98 3718.37
20.3092 776.415 1492.79  2229.2 2968.98 3723.31
20.3092 777.415 1494.79  2232.2 2972.97 3728.31
20.3363 778.415 1496.79 2235.18 2976.97 3733.31
20.3363 779.454 1498.79 2238.16 2980.95 3738.31
20.3634 780.454 1500.79 2241.15 2984.95  3743.3
20.3902  781.48 1502.79 2244.09 2988.95  3748.3
20.3902 782.516 1504.78 2247.07 2992.95  3753.3
20.3902 783.554 1506.78 2250.05 2996.95 3758.28
20.3902 784.593 1508.78 2253.05 3000.92 3763.27
20.3902 785.593 1510.79 2256.05 3004.92 3768.27
20.3902 786.593 1512.79 2259.05 3008.91 3773.27
20.3902 787.632 1514.79 2262.03 3012.91 3778.25
20.3902 788.669 1516.79 2265.03 3016.88 3783.25
20.3902 789.708 1518.79 2268.01 3020.85 3788.25
20.4168 790.739 1520.79 2271.01 3024.85 3793.19
20.4431 791.756 1522.75 2274.01 3028.85 3798.19
20.4431 792.795 1524.75 2277.01 3032.83 3803.17
20.4696 793.826 1526.75 2280.01 3036.77 3808.17
20.4965 794.826 1528.75 2283.01 3040.75 3813.17
20.5232 795.826 1530.74 2286.01 3044.75 3818.14
20.5497 796.852 1532.74 2288.96 3048.75 3823.14
20.5759 797.869  1534.7 2291.96 3052.75 3828.14
20.5759 798.908  1536.7 2294.96 3056.73 3833.13
20.6027 799.908  1538.7 2297.96  3060.7 3838.13
20.6294 800.908  1540.7 2300.95  3064.7 3843.12
20.6294 801.908  1542.7 2303.95 3068.69 3848.12
20.6562 802.908  1544.7 2306.95 3072.67 3853.11
20.6562 803.908 1546.71 2309.94 3076.67 3858.11
20.6827 804.938 1548.71 2312.94 3080.67 3863.06
20.6827 805.977 1550.71 2315.93 3084.65 3868.06
20.7094 806.977 1552.71 2318.92 3088.63 3873.06
20.7094 808.016 1554.71  2321.9 3092.61 3878.06
20.7358 809.046 1556.71  2324.9 3096.61    3883
20.7358 810.046 1558.71  2327.9  3100.6 3888.01
20.7358 811.083  1560.7  2330.9 3104.57 3893.01
20.7624 812.083  1562.7  2333.9 3108.55    3898
20.7624 813.117 1564.69 2336.87 3112.55    3903
20.7624 814.153 1566.69 2339.87 3116.55 3907.97
20.7624 815.153 1568.69 2342.87 3120.55 3912.97
20.7624  816.19 1570.69 2345.87 3124.52 3917.97
20.7624 817.228 1572.69 2348.87 3128.49 3922.96
20.7624 818.266 1574.69 2351.85 3132.49 3927.94
20.7882 819.283 1576.65 2354.85 3136.49 3932.94
20.7882 820.319 1578.64 2357.85 3140.49 3937.91
20.7882 821.354 1580.63 2360.85 3144.49 3942.88
20.7882 822.354 1582.64 2363.85 3148.49 3947.88
20.8144 823.354 1584.64 2366.83 3152.49 3952.87
20.8405 824.384 1586.64 2369.83 3156.49 3957.81
20.8667 825.384 1588.64 2372.82 3160.49  3962.8
20.8928 826.414 1590.64 2375.82 3164.43  3967.8
 20.919 827.414 1592.63  2378.8 3168.43  3972.8
 20.919 828.452 1594.63  2381.8 3172.41 3977.79
 20.919 829.452 1596.63  2384.8  3176.4 3982.79
 20.919 830.452 1598.64  2387.8  3180.4  3987.8
 20.919 831.487 1600.63 2390.77  3184.4  3992.8
 20.945 832.487 1602.62 2393.75  3188.4  3997.8
 20.945 833.525 1604.62 2396.74 3192.37  4002.8
 20.945 834.525 1606.62 2399.74 3196.37  4007.8
20.9711 835.525 1608.62 2402.72 3200.37 4012.79
20.9711 836.563 1610.62 2405.72 3204.34 4017.78
20.9711 837.601 1612.62 2408.71 3208.32 4022.78
20.9971 838.601 1614.62 2411.71 3212.32 4027.76
 21.023 839.601 1616.61 2414.71 3216.32 4032.73
 21.023 840.639 1618.61 2417.69 3220.29 4037.73
21.0487 841.665 1620.61 2420.64 3224.29 4042.73
21.0747 842.665 1622.61 2423.63 3228.28 4047.73
21.1006 843.665 1624.61 2426.63 3232.28 4052.71
21.1006 844.665 1626.62 2429.63 3236.28 4057.71
21.1006   845.7 1628.61 2432.63 3240.28 4062.69
21.1006 846.736  1630.6 2435.63 3244.25 4067.69
21.1006 847.771  1632.6 2438.63 3248.22 4072.69
21.1006 848.771  1634.6 2441.63 3252.21 4077.69
21.1006 849.806  1636.6 2444.63 3256.21 4082.66
21.1006 850.806  1638.6 2447.63  3260.2 4087.66
21.1261 851.836  1640.6 2450.63 3264.15 4092.66
21.1518 852.836  1642.6 2453.63 3268.12 4097.66
21.1518  853.87 1644.59  2456.6 3272.12 4102.66
21.1518 854.907 1646.59  2459.6  3276.1 4107.65
21.1775 855.907 1648.59 2462.59  3280.1 4112.63
21.1775 856.907  1650.6 2465.59 3284.09 4117.63
 21.203 857.937  1652.6 2468.59 3288.04 4122.63
21.2281 858.953 1654.56 2471.59 3292.04 4127.63
21.2537 859.953 1656.55 2474.57 3296.04 4132.63
21.2791 860.983 1658.55 2477.57 3300.04 4137.58
21.3044 862.008 1660.55 2480.52 3304.04 4142.58
21.3044 863.008 1662.55 2483.51 3308.03 4147.59
21.3299 864.037 1664.55 2486.51 3312.03 4152.53
21.3299 865.037 1666.56 2489.51 3316.03 4157.53
21.3554 866.037 1668.55 2492.49 3320.03 4162.53
21.3808 867.066 1670.55 2495.49 3323.98 4167.53
21.3808 868.102 1672.55 2498.47 3327.98 4172.52
21.3808 869.137 1674.55 2501.47 3331.98 4177.49
21.4062 870.137 1676.54 2504.47 3335.98 4182.47
21.4062 871.174 1678.54 2507.47 3339.95 4187.45
21.4062 872.208 1680.53 2510.45 3343.95 4192.45
21.4317 873.208 1682.53 2513.43 3347.95 4197.45
21.4317 874.242 1684.52 2516.43 3351.95 4202.42
 21.457 875.242 1686.52 2519.43 3355.95  4207.4
21.4822 876.267 1688.52 2522.38 3359.95  4212.4
21.5073 877.292 1690.52 2525.33 3363.95  4217.4
21.5073 878.325 1692.51  2528.3 3367.95  4222.4
21.5327 879.325 1694.51  2531.3 3371.94  4227.4
21.5581 880.325 1696.51 2534.29 3375.94 4232.38
21.5581 881.361 1698.51 2537.27 3379.94 4237.37
21.5833  882.39 1700.51 2540.27 3383.88 4242.37
21.6087  883.39 1702.51 2543.26 3387.88 4247.35
 21.634  884.39 1704.51 2546.24 3391.88 4252.34
21.6594  885.39  1706.5 2549.22 3395.88 4257.34
21.6842 886.406 1708.46 2552.22 3399.88 4262.34
21.6842 887.441 1710.46 2555.22 3403.88 4267.31
21.7096 888.441 1712.46 2558.21 3407.88  4272.3
21.7347 889.469 1714.46 2561.21 3411.88 4277.25
21.7347 890.504 1716.45 2564.21 3415.85 4282.25
  21.76 891.504 1718.45  2567.2 3419.85 4287.24
21.7851 892.533 1720.45  2570.2 3423.85 4292.18
21.8104 893.533 1722.45  2573.2 3427.85 4297.16
21.8357 894.533 1724.45  2576.2 3431.83 4302.16
21.8611 895.533 1726.45 2579.19 3435.81 4307.16
21.8611 896.533 1728.45 2582.18 3439.81 4312.16
21.8611 897.533 1730.45 2585.18 3443.81 4317.16
21.8611 898.533 1732.46 2588.18  3447.8 4322.17
21.8611 899.566 1734.45 2591.15  3451.8 4327.17
21.8863 900.566 1736.45 2594.15 3455.79 4332.16
21.8863 901.566 1738.45 2597.15 3459.78 4337.17
21.8863 902.601 1740.45 2600.13 3463.78 4342.15
21.9114 903.601 1742.45 2603.11 3467.78 4347.15
21.9114 904.638 1744.45 2606.11 3471.76 4352.13
21.9362 905.662 1746.45 2609.06 3475.76 4357.13
21.9612 906.662 1748.44 2612.06 3479.76 4362.11
21.9863 907.662 1750.44 2615.05 3483.76  4367.1
21.9863 908.695 1752.43 2618.03 3487.76  4372.1
21.9863 909.695 1754.44 2621.03 3491.75  4377.1
22.0111 910.719 1756.44 2623.98 3495.75  4382.1
22.0111 911.755 1758.44 2626.98 3499.73 4387.09
22.0111 912.791 1760.44 2629.96 3503.73 4392.07
22.0361 913.791 1762.44 2632.95 3507.73 4397.06
22.0361 914.791 1764.44 2635.94 3511.73 4402.06
22.0361 915.791 1766.45 2638.94 3515.73 4407.06
22.0361 916.791 1768.45 2641.93 3519.73 4412.06
22.0361 917.825 1770.45 2644.93  3523.7 4417.06
 22.061 918.825 1772.45 2647.93 3527.67 4422.06
22.0856 919.849 1774.45 2650.88 3531.67 4427.06
22.0856 920.885 1776.45 2653.87 3535.65 4432.06
22.0856 921.885 1778.45 2656.87 3539.65 4437.06
22.0856 922.885 1780.46 2659.87 3543.64 4442.06
22.0856 923.919 1782.45 2662.87 3547.61 4447.06
22.0856 924.952 1784.45 2665.87 3551.61 4452.04
22.0856 925.986 1786.44 2668.87 3555.61 4457.01
22.0856 927.022 1788.44 2671.87 3559.59    4462
22.1102 928.022 1790.44 2674.85 3563.59    4467
22.1102 929.058 1792.44 2677.83 3567.57    4472
22.1346 930.082 1794.44 2680.78 3571.57    4477
22.1593 931.082 1796.44 2683.77 3575.55    4482
22.1593 932.082 1798.44 2686.77 3579.54    4487
22.1593 933.082 1800.45 2689.77 3583.54    4492
22.1593 934.082 1802.45 2692.77 3587.54    4497
22.1593 935.115 1804.45 2695.77 3591.51    4502
22.1836 936.143 1806.45 2698.77 3595.45    4507
22.1836 937.176 1808.44 2701.74 3599.45    4512
22.1836 938.211 1810.44 2704.73 3603.43    4517
22.2079 939.239 1812.44 2707.73 3607.43 4521.95
22.2079 940.239 1814.45 2710.73 3611.43 4526.95
22.2323 941.239 1816.44 2713.71 3615.43 4531.95
22.2566 942.267 1818.44 2716.71 3619.43  4536.9
22.2566 943.267 1820.45  2719.7 3623.43  4541.9
22.2808 944.291 1822.45 2722.66 3627.43  4546.9
22.2808 945.324 1824.44 2725.66 3631.43 4551.87
22.2808 946.356 1826.43 2728.66 3635.43 4556.85
22.2808 947.356 1828.43 2731.65 3639.42 4561.85
22.2808 948.356 1830.44 2734.65 3643.41 4566.86
22.3051 949.356 1832.44 2737.64  3647.4 4571.86
 22.329 950.372  1834.4 2740.64  3651.4 4576.86
 22.329 951.372  1836.4 2743.64 3655.39 4581.86
 22.329 952.407  1838.4 2746.64 3659.37 4586.84
22.3528 953.423 1840.37 2749.64 3663.37 4591.84
22.3528 954.423 1842.37 2752.64 3667.36 4596.85
22.3528 955.455 1844.36 2755.62 3671.36 4601.85
22.3528 956.455 1846.37 2758.62 3675.36 4606.85
 22.377 957.455 1848.37 2761.62 3679.34 4611.84
22.4013 958.455 1850.37 2764.62 3683.32 4616.83
22.4013 959.487 1852.36 2767.59 3687.32 4621.83
22.4254 960.487 1854.36 2770.57 3691.32 4626.83
22.4254 961.487 1856.36 2773.57 3695.32 4631.84
22.4495 962.487 1858.35 2776.57  3699.3 4636.84
22.4737 963.487 1860.35 2779.57 3703.28 4641.83
22.4979 964.487 1862.35 2782.56 3707.28 4646.82
22.4979 965.519 1864.35 2785.56 3711.28  4651.8
22.5219 966.519 1866.34 2788.54 3715.28  4656.8
22.5461 967.519 1868.34 2791.53 3719.26  4661.8
22.5461 968.554 1870.34 2794.52 3723.24  4666.8
22.5461 969.554 1872.34 2797.52 3727.24  4671.8
22.5701 970.554 1874.34 2800.52 3731.24 4676.78
22.5701 971.554 1876.34 2803.52 3735.23 4681.79
22.5701 972.554 1878.35 2806.52 3739.22 4686.79
22.5942 973.554 1880.35 2809.52  3743.2 4691.78
22.6181 974.554 1882.35 2812.52  3747.2 4696.76
 22.642 975.581 1884.35 2815.52  3751.2 4701.71
22.6658 976.608 1886.35 2818.52  3755.2 4706.66
22.6658 977.643 1888.35 2821.52 3759.18 4711.65
22.6658 978.643 1890.35 2824.51 3763.18 4716.65
22.6896  979.67 1892.35 2827.51 3767.13 4721.65
22.6896 980.702 1894.35 2830.51 3771.13 4726.62
22.6896 981.737 1896.35  2833.5 3775.11 4731.62
22.6896 982.737 1898.35  2836.5  3779.1 4736.62
22.7135 983.737 1900.35  2839.5 3783.08 4741.62
22.7373 984.737 1902.34  2842.5 3787.08  4746.6
22.7613 985.737 1904.34  2845.5 3791.06  4751.6
22.7613 986.771 1906.34 2848.49 3795.04  4756.6
22.7851 987.771 1908.34 2851.48 3799.04 4761.59
22.7851 988.802 1910.34 2854.45 3803.04 4766.59
22.7851 989.837 1912.34 2857.44 3807.02 4771.59
22.8089 990.837 1914.34 2860.43 3811.02 4776.57
22.8326 991.864 1916.34 2863.43 3814.97 4781.57
22.8564 992.864 1918.33 2866.43 3818.97 4786.55
22.8564 993.897 1920.33 2869.41 3822.97 4791.54
22.8564 994.931 1922.33 2872.39 3826.97 4796.52
22.8564 995.965 1924.33 2875.39 3830.95 4801.51
22.8801 996.965 1926.33 2878.37 3834.95 4806.51
22.8801     998 1928.33 2881.37 3838.92 4811.49
22.8801     999 1930.33 2884.37 3842.92  4816.5
22.9036 1000.03 1932.33 2887.37 3846.87  4821.5
22.9272 1001.03 1934.32 2890.35 3850.87  4826.5
22.9509 1002.03 1936.32 2893.35 3854.85 4831.49
22.9744 1003.05 1938.32 2896.31 3858.85 4836.49
22.9744 1004.08 1940.32 2899.31 3862.85 4841.47
22.9981 1005.08 1942.32 2902.31 3866.84 4846.46
23.0217 1006.08 1944.31 2905.29 3870.84 4851.46
23.0454 1007.08 1946.31 2908.29 3874.82 4856.45
 23.069 1008.08 1948.31 2911.29 3878.82 4861.43
23.0922  1009.1 1950.27 2914.29 3882.82 4866.43
23.0922 1010.13 1952.27 2917.29  3886.8 4871.42
23.0922 1011.16 1954.26 2920.29  3890.8  4876.4
23.0922 1012.16 1956.27 2923.29 3894.79  4881.4
23.1158 1013.16 1958.27 2926.28 3898.79 4886.38
 23.139 1014.18 1960.23 2929.28 3902.79 4891.38
23.1623  1015.2 1962.23 2932.23 3906.79 4896.38
23.1623 1016.23 1964.23 2935.22 3910.77 4901.38
23.1855 1017.25 1966.19 2938.22 3914.77 4906.38
23.1855 1018.28 1968.19  2941.2 3918.75 4911.38
23.1855 1019.32 1970.19  2944.2 3922.73 4916.37
23.1855 1020.35 1972.19  2947.2  3926.7 4921.37
23.1855 1021.38 1974.19 2950.19 3930.68 4926.37
23.1855 1022.42 1976.19 2953.19 3934.66 4931.36
23.1855 1023.45 1978.19 2956.18 3938.64 4936.36
23.1855 1024.48 1980.19 2959.16 3942.62 4941.36
23.2087 1025.51 1982.19 2962.16 3946.62 4946.31
23.2087 1026.55 1984.19 2965.15  3950.6 4951.31
23.2087 1027.55  1986.2 2968.15 3954.59 4956.31
23.2087 1028.58  1988.2 2971.15 3958.57  4961.3
23.2316 1029.59 1990.16 2974.15 3962.57  4966.3
23.2316 1030.63 1992.16 2977.13 3966.57 4971.28
23.2316 1031.63 1994.16 2980.13 3970.57 4976.28
23.2549 1032.63 1996.16 2983.13 3974.57 4981.26
 23.278 1033.65 1998.16 2986.13 3978.57 4986.21