      2       2       2       4       5       6
      2       3       4     7.2       9    10.8
      2 4.31579       6    10.2 12.9474 15.5368
      2 5.31579 7.91392    13.2 17.0774 20.4929
2.44459 6.31579 9.67313    16.2 20.8736 25.4929
2.88917 7.31579 11.4323    19.2 24.6698 30.4929
2.88917 8.47074 13.4323 22.2311 28.6698 35.3068
2.88917 9.47074 15.4323 25.3257 32.6606 40.2215
2.88917 10.6021 17.2758 28.3509 36.6606 45.2215
3.18443 11.6855 19.2758 31.3509 40.6606 49.8428
3.46421 12.7122 20.9693 34.3509 44.6606 54.8428
3.76503 13.7122 22.7903 37.3509 48.5388 59.8428
4.03971 14.7126 24.7903 40.0758 52.5388 64.8428
4.03971 15.7126 26.6906  43.148 56.5663 69.8428
4.30437  16.742 28.6906  46.148 60.2723 74.8428
4.30437  17.742 30.6018  49.222 64.2871 79.8428
4.54596 18.7377 32.6018 51.9846 68.2871 84.8428
4.78999 19.7436 34.3519 54.9846 72.2871 89.8428
5.04826 20.7436 36.3519 57.9846 76.1847 94.6869
5.30209 21.7436 38.3519 60.9001 80.0154 99.6869
5.55592 22.7436 40.3519 63.8157  83.846 104.687
5.55592 23.8189 42.2596 66.8327  87.846 109.687
5.79822 24.8189 44.1026 69.7474  91.846 114.687
6.04053 25.8189 45.9456  72.662  95.846 119.687
6.04053 26.8189 47.8785  75.662 99.8781 124.722
6.27463 27.8189 49.8785 78.5943 103.878 129.556
6.27463 28.8189 51.8151 81.5943 107.911 134.586
6.50163 29.8189 53.8151 84.5943 111.815 139.455
6.72945 30.8189 55.7008 87.5943 115.815 144.341
6.95143 31.8355 57.7008 90.5943 119.815 149.103
6.95143 32.8959 59.6228  93.612 123.815 154.103
 7.1683 33.8959 61.6228 96.5324 127.678 159.103
 7.1683 34.9549 63.5479 99.5482 131.678 164.103
7.38005 35.9549 65.5479 102.489 135.678  168.95
7.38005 37.0124 67.4759 105.503 139.678  173.95
7.58768 38.0124 69.3743 108.503 143.678 178.844
7.58768 39.0124 71.3743 111.524 147.678 183.823
7.78526 40.0282 73.3743 114.524 151.678  188.61
7.78526 41.0282 75.3255 117.524 155.711 193.625
7.78526 42.0871 77.2695 120.524 159.711 198.623
7.96801 43.0751 79.2695 123.353 163.711 203.623
7.96801  44.127 81.2052 126.366 167.711 208.623
8.15531  45.127 83.1141 129.366 171.711 213.526
8.33391 46.1153 85.1141 132.199 175.711 218.526
8.33391 47.1153 87.0672 135.199 179.744 223.541
8.51461 48.1153 88.9551  138.13 183.744 228.541
8.69672 49.1153 90.9551  141.13 187.674 233.429
8.69672 50.1153 92.9551 144.143 191.679 238.411
8.87461 51.1153 94.8564 147.143   195.6 243.411
8.87461 52.1628 96.8004 150.143 199.608 248.411
8.87461 53.1628 98.7548 153.143 203.639 253.427
 9.0434 54.1739 100.755 156.143 207.639 258.247
 9.2132 55.1739 102.755 159.074 211.537 263.247
 9.2132 56.2139 104.755 162.073 215.537 268.209
 9.2132 57.2139 106.713 165.073 219.566 273.222
9.37797 58.2139 108.621 168.073 223.493 278.222
9.54274 59.2139  110.53 171.073 227.419 283.222
9.70242 60.2047 112.379 174.073 231.419 288.222
9.86149 61.1917 114.379 176.926 235.419 293.222
9.86149  62.236 116.331 179.926 239.419 298.226
9.86149  63.236 118.288 182.953 243.419 303.242
9.86149 64.2777 120.237 185.953 247.429 308.242
9.86149 65.3109 122.237 188.942 251.407 313.242
9.86149 66.3477 124.237 191.942 255.397 318.215
10.0125 67.3477 126.237 194.881 259.308 323.215
10.0125 68.3879 128.186 197.891 263.308 328.215
10.1614 69.3879 130.093 200.835 267.308 333.215
10.1614 70.4279 132.043 203.845 271.308 338.215
10.1614   71.47 133.997 206.845 275.308 343.219
10.3059   72.47 135.997 209.786 279.222 348.219
10.4494 73.4788 137.997 212.786 283.222 353.067
10.4494 74.4788 139.997 215.794 287.225 358.056
 10.592 75.4788 141.908  218.74 291.225 363.056
10.7335 76.4872 143.908  221.74 295.225 367.907
10.7335 77.5183 145.908 224.729 299.205 372.907
10.8732 78.5268 147.908 227.729 303.205 377.758
11.0106 79.5195 149.778 230.729 307.205 382.758
11.0106 80.5522 151.778 233.725 311.205 387.729
11.0106 81.5522 153.778 236.732 315.209 392.718
11.1444 82.5429 155.778 239.608 319.209 397.718
11.1444 83.5429  157.74 242.626 323.229 402.718
11.1444 84.5787 159.696 245.634 327.229 407.718
11.1444 85.6079 161.696 248.623 331.211 412.718
11.2764 86.6079 163.696 251.568 335.134 417.718
11.2764  87.637 165.696 254.557 339.116 422.718
11.2764  88.666 167.696 257.546 343.098 427.718
11.4062  89.666 169.696 260.546 347.046  432.64
11.4062  90.666 171.662 263.546 351.067 437.653
11.4062 91.6965 173.662 266.541 355.067 442.627
11.4062 92.6965 175.629 269.561 359.067 447.641
11.5311 93.6965 177.552 272.512 363.067 452.641
11.6551 94.7042 179.552 275.512 367.067 457.509
11.7803 95.7042 181.552 278.472 371.067 462.424
11.7803 96.7042 183.518 281.488 375.086 467.424
11.7803 97.7042 185.518 284.493  379.09 472.414
11.7803 98.7042 187.518 287.498 383.094 477.404
11.7803 99.7328 189.518 290.494 387.094  482.38
11.7803 100.733 191.487 293.494 391.115  487.39
11.8992 101.733 193.487 296.456 395.115 492.309
11.8992 102.764 195.449 299.463 399.115 497.309
12.0164 103.764 197.449 302.413 403.048 502.309
12.0164  104.79 199.449 305.403 407.032 507.309
12.0164 105.822 201.412 308.403 411.038 512.309
12.0164 106.822 203.412 311.407 415.042   517.3
12.1305 107.822 205.342 314.363 419.042   522.3
12.2452 108.822 207.285 317.363 423.042 527.242
12.3596 109.822 209.285 320.326 427.042 532.165
12.3596 110.852 211.249 323.332 431.042 537.165
12.3596 111.852 213.219 326.332 435.062 542.175
12.3596 112.877 215.219 329.321 439.048 547.175
12.3596 113.907 217.184 332.327 443.048 552.175
12.3596 114.939 219.151 335.327 447.048 557.176
 12.469 115.939 221.151 338.327 451.006 562.109
12.5766 116.939 223.151 341.327 454.898 567.109
12.6856 117.939 225.084 344.284 458.898 572.109
12.7932 118.939 227.084 347.284  462.79 577.109
12.9001 119.934 228.983 350.284  466.79 582.109
13.0071 120.928 230.881 353.284  470.79 587.109
 13.116 121.928 232.815 356.242  474.79 592.109
13.2228 122.921 234.815 359.143  478.79 597.109
13.2228 123.946 236.815 362.138  482.79 602.089
13.3306 124.946 238.815 365.092 486.728 607.089
13.3306 125.946 240.785 368.105 490.745 612.089
13.4359  126.94 242.686 371.105 494.745 617.089
13.4359  127.94 244.658  374.12 498.745 622.102
13.4359 128.968 246.623 377.126 502.745 627.102
13.4359 129.968 248.594 380.139 506.761 632.102
13.4359 130.992 250.594 383.134 510.761 637.083
13.4359 132.017 252.594 386.134 514.755 642.064
13.5389 133.017  254.53 389.094 518.755 647.064
13.5389 134.039  256.53 392.085 522.742 652.064
13.5389 135.039  258.53 395.088 526.746 657.058
13.5389 136.039 260.502 398.088 530.763 662.069
13.5389 137.063 262.502 401.088 534.757 667.051
13.5389 138.085 264.502 404.078 538.744 672.051
13.5389 139.112 266.469 407.084 542.744 677.051
13.5389 140.135 268.469 410.079 546.744 682.033
13.5389 141.162 270.437 413.084 550.744 687.033
13.6365 142.162 272.387 416.084 554.744 691.986
13.7339 143.162 274.387 419.084 558.706 696.927
13.8294 144.158 276.295 422.084 562.706 701.927
13.9267 145.158 278.239 425.084 566.665 706.927
13.9267 146.158 280.239 428.087 570.668 711.921
14.0231 147.158 282.179 431.051 574.668 716.921
14.0231 148.184 284.147 434.057 578.668 721.921
14.1187 149.184 286.147 437.016 582.613 726.921
14.1187 150.211 288.115 440.022 586.613 731.921
14.1187 151.233 290.115 443.017 590.613 736.903
14.2115 152.227 292.115  445.93 594.613 741.903
14.3049 153.227 294.115  448.93 598.519 746.903
14.3049 154.227 296.089 451.943 602.519 751.916
14.3973 155.223 298.001 454.943 606.519 756.916
14.3973 156.245 300.001 457.943 610.513   761.9
14.4906 157.245 302.001 460.911 614.513 766.839
 14.584 158.245 303.947 463.911 618.473 771.839
14.6766 159.251 305.947 466.911 622.473 776.741
14.6766 160.272 307.947 469.907 626.473 781.724
14.7686 161.277 309.947 472.907 630.473 786.627
14.7686 162.277 311.922  475.92 634.473 791.639
14.8596 163.277 313.922  478.92 638.383 796.639
14.8596 164.303 315.893  481.92 642.383 801.642
14.8596 165.303 317.868 484.933 646.383 806.654
14.8596 166.303 319.843 487.933 650.398 811.664
14.8596 167.303 321.818 490.946 654.398 816.676
14.9481 168.298 323.734 493.946 658.398 821.676
14.9481 169.298 325.708 496.958 662.412 826.676
14.9481 170.323 327.679 499.958 666.412  831.68
14.9481 171.323 329.654 502.971 670.412 836.692
15.0348 172.317 331.654  505.89 674.412 841.692
15.0348 173.342 333.625  508.89 678.412 846.696
15.0348 174.342   335.6 511.902 682.412 851.709
15.0348 175.342 337.575 514.902 686.427 856.719
15.1201 176.336 339.575 517.822 690.427 861.719
15.1201 177.336 341.575 520.824 694.429 866.715
15.1201 178.336 343.575 523.826 698.432  871.71
15.2046 179.333 345.494 526.826 702.432  876.71
 15.289 180.329 347.414 529.826 706.432  881.71
 15.289 181.329 349.414 532.828 710.434 886.706
 15.289 182.329 351.388 535.828 714.449 891.717
 15.289 183.329 353.363  538.84 718.449 896.729
15.3733 184.329 355.363 541.811 722.449 901.674
15.4574 185.329 357.363 544.775 726.401 906.674
15.4574 186.329 359.338 547.775 730.416 911.685
15.5407 187.333 361.338 550.775 734.416 916.597
15.5407 188.355  363.31 553.781 738.416 921.597
15.5407 189.355 365.285 556.781  742.43 926.608
15.6239 190.355 367.241 559.781  746.43 931.569
15.6239 191.377 369.213 562.787  750.43 936.569
15.7065 192.377 371.213 565.787 754.397 941.519
15.7885 193.381 373.213 568.787 758.397 946.433
15.8708 194.381 375.213 571.752  762.35 951.433
15.8708 195.381 377.189 574.762 766.364 956.433
15.9527 196.381 379.189 577.727 770.317 961.433
16.0347 197.381 381.189 580.699 774.317 966.379
16.1156 198.377 383.112 583.699 778.317 971.379
16.1965 199.373 385.035 586.699 782.317 976.379
16.1965 200.373 387.011 589.699 786.331 981.389
16.1965 201.373 388.987 592.699 790.345 986.399
16.1965 202.391 390.987 595.695 794.345 991.385
16.2762 203.387 392.911 598.695 798.345 996.385
 16.357 204.387 394.911 601.667 802.345 1001.33
16.4379 205.387 396.863 604.667 806.312 1006.33
16.5182 206.391 398.863 607.667 810.312 1011.25
16.5182 207.391 400.863 610.669 814.315 1016.24
16.5984 208.391 402.863 613.634 818.269 1021.24
16.5984 209.391  404.84 616.646 822.269 1026.26
16.6785 210.391 406.793 619.646 826.236 1031.26
16.7585 211.391 408.743 622.616 830.236 1036.26
16.8387 212.391 410.701 625.616 834.236 1041.22
16.9176 213.386 412.626 628.616 838.236 1046.22
16.9972 214.389 414.626 631.616 842.236 1051.14
17.0761 215.385 416.551 634.616 846.236 1056.14
17.0761 216.402 418.551 637.616 850.232 1061.12
17.0761 217.418 420.551 640.609 854.223 1066.12
17.1545 218.416 422.551 643.609 858.146 1071.12
17.1545 219.436 424.524 646.609 862.153 1076.12
17.1545 220.436 426.501 649.619 866.167 1081.12
17.2333 221.436 428.459 652.619 870.167 1086.09
17.3117 222.436 430.409  655.59 874.167 1091.09
17.3117 223.456 432.382  658.59 878.174 1096.09
  17.39 224.456 434.382  661.59 882.143 1101.04
  17.39 225.456 436.359   664.6 886.156 1106.04
17.4668 226.452 438.286   667.6 890.156 1111.04
17.4668 227.452 440.286 670.602 894.159 1116.03
17.4668 228.467 442.286 673.596  898.15 1121.03
17.4668 229.483 444.286 676.596 902.146 1126.02
17.4668   230.5 446.286 679.596 906.142 1131.01
17.5433   231.5 448.241 682.596 910.111 1136.01
17.5433 232.516 450.241 685.596 914.107    1141
17.5433 233.535 452.214 688.596 918.114    1146
17.5433 234.555 454.189 691.596 922.114    1151
17.5433 235.572 456.189 694.592 926.114 1155.99
17.6185 236.572 458.145 697.592 930.083 1160.99
17.6935 237.572 460.097 700.565 934.083 1165.99
17.6935 238.572 462.097 703.566 938.086 1170.99
17.6935 239.591 464.071 706.573 942.086 1175.99
17.6935 240.591 466.048 709.573 946.099    1181
17.7679 241.591 468.008 712.573 950.099 1185.96
17.8422 242.591 469.964 715.573 954.069 1190.96
17.8422  243.61 471.938 718.579 958.069 1195.96
17.8422 244.625 473.938 721.573  962.06 1200.96
17.8422  245.64 475.938 724.566 966.052 1205.96
17.8422 246.656 477.938 727.563 970.052 1210.95
17.8422 247.671 479.938 730.557 974.043 1215.95
17.8422 248.671 481.916 733.567 978.043 1220.96
17.9136 249.665 483.916 736.501 982.043 1225.96
 17.986 250.665 485.916 739.501 986.014 1230.92
 17.986 251.665 487.894 742.511 990.027 1235.92
18.0572 252.662 489.826 745.511 994.027 1240.92
18.1284 253.659 491.758 748.511 998.027 1245.92
18.1284 254.659 493.736 751.522 1002.03 1250.93
18.1284 255.673 495.736 754.516 1006.02 1255.93
18.1999 256.673 497.736 757.491 1010.02 1260.88
18.1999 257.689 499.736 760.491 1014.01 1265.87
18.1999 258.704 501.736 763.488 1018.01 1270.86
18.2708 259.704 503.691 766.462 1022.01 1275.86
18.2708 260.719 505.691 769.459 1026.01 1280.85
18.2708 261.735 507.691 772.459 1030.01 1285.83
18.2708 262.735 509.668 775.468 1034.02 1290.83
 18.341 263.735 511.626 778.468    1038 1295.83
 18.341 264.735 513.604 781.478 1042.01 1300.83
 18.341 265.753  515.58 784.478 1046.01 1305.84
 18.341 266.769  517.58 787.478    1050 1310.83
18.4104 267.769  519.58 790.478 1053.98 1315.79
18.4104 268.769 521.558 793.487 1057.99 1320.79
18.4791 269.772 523.558 796.487 1061.99 1325.72
18.4791  270.79 525.534 799.493 1065.99 1330.72
18.4791  271.79 527.512 802.502    1070 1335.72
18.4791  272.79 529.491 805.512 1074.01 1340.72
18.4791 273.807 531.466 808.512 1078.02 1345.72
18.4791 274.825 533.441 811.512 1082.03 1350.72
 18.547 275.825   535.4 814.512    1086 1355.72
 18.547  276.84   537.4 817.508    1090  1360.7
 18.547  277.84 539.379 820.519    1094 1365.71
18.6143  278.84 541.338 823.519 1097.97 1370.71
18.6143 279.858 543.315 826.519 1101.97 1375.72
18.6814 280.858 545.272 829.495 1105.97 1380.72
18.6814 281.873 547.272 832.492 1109.97 1385.71
18.7481 282.873 549.228 835.469 1113.97 1390.71
18.7481 283.888 551.228 838.466 1117.97  1395.7
18.8147 284.888 553.228 841.443 1121.97 1400.65
18.8812 285.888 555.228 844.414 1125.94 1405.65
18.9477 286.888 557.228 847.392 1129.94 1410.61
18.9477 287.888 559.208 850.402 1133.94 1415.62
18.9477 288.902 561.208 853.402 1137.93 1420.61
18.9477 289.902 563.208 856.403 1141.93  1425.6
19.0133 290.905 565.208 859.403 1145.93 1430.54
19.0133  291.92 567.208 862.403 1149.93 1435.53
19.0133 292.933 569.208 865.397 1153.92 1440.53
19.0788 293.933 571.168 868.397  1157.9 1445.53
19.0788 294.947 573.168 871.394  1161.9 1450.51
19.0788 295.962 575.168 874.394 1165.89  1455.5
19.0788 296.962 577.168 877.396  1169.9  1460.5
19.0788 297.979 579.145 880.401  1173.9  1465.5
19.1433 298.979 581.145 883.379  1177.9 1470.46
19.1433 299.994 583.145 886.376  1181.9 1475.45
19.1433 301.008 585.145 889.373  1185.9 1480.43
19.1433 302.025 587.123 892.373  1189.9 1485.44
19.1433 303.043 589.101 895.373  1193.9 1490.44
19.1433  304.06 591.078 898.379  1197.9 1495.44
19.1433 305.073 593.078 901.373 1201.89 1500.44
19.2066 306.073 595.078 904.373 1205.86 1505.41
19.2699 307.073 597.078 907.373 1209.84 1510.37
19.3324 308.069 599.078 910.315 1213.84 1515.37
19.3953 309.072 601.078 913.315 1217.84  1520.3
19.3953 310.086 603.078 916.312 1221.84 1525.29
19.4583 311.086 605.078 919.285  1225.8 1530.29
19.5205 312.082 607.078 922.227  1229.8 1535.29
19.5205 313.082 609.059 925.227 1233.81  1540.3
19.5205 314.096 611.059 928.224 1237.81 1545.29
19.5832 315.096 613.059 931.224 1241.79 1550.25
19.6452 316.093 614.999 934.224 1245.79 1555.25
19.7077 317.093 616.999 937.197 1249.75 1560.25
19.7704 318.093 618.962 940.197 1253.73 1565.25
19.7704 319.107 620.962 943.194 1257.73 1570.24
19.8328 320.107 622.922 946.171 1261.73 1575.24
19.8328 321.124   624.9 949.171 1265.73 1580.24
19.8948 322.127   626.9 952.171 1269.73 1585.17
19.8948 323.127   628.9 955.172 1273.74 1590.17
19.8948  324.14   630.9 958.172 1277.73 1595.16
19.8948 325.157 632.878 961.177 1281.73 1600.16
19.8948 326.174 634.857 964.177 1285.73 1605.16
19.9561 327.174 636.857 967.151  1289.7 1610.16
20.0176 328.174  638.82 970.151 1293.67 1615.16
20.0785 329.171 640.762 973.151 1297.67 1620.16
20.0785 330.171 642.743 976.159 1301.68 1625.16
20.1395 331.174 644.743 979.159 1305.68  1630.1
20.2008 332.174 646.743 982.159 1309.66 1635.06
20.2618 333.177 648.743 985.159 1313.66    1640
20.2618 334.177 650.743  988.16 1317.66    1645
20.2618  335.19 652.743 991.155 1321.66    1650
20.2618 336.203 654.743 994.152 1325.66 1654.99
 20.322 337.203 656.743 997.152  1329.6 1659.99
20.3826 338.203 658.743 1000.13 1333.56 1664.99
20.4428 339.202 660.743 1003.13  1337.5 1669.99
20.4428 340.215 662.743 1006.13  1341.5 1674.98
20.4428 341.215 664.724 1009.13 1345.51 1679.98
20.5033 342.215 666.692 1012.13 1349.51 1684.95
20.5638 343.215 668.659 1015.13 1353.51 1689.92
20.5638 344.232 670.639 1018.13 1357.51 1694.92
20.6234 345.229 672.582 1021.13 1361.51 1699.92
20.6836 346.229 674.582 1024.11 1365.51 1704.88
20.7433 347.228 676.582 1027.11 1369.45 1709.88
20.7433 348.244 678.561 1030.11 1373.46 1714.88
20.8033 349.244 680.561 1033.11 1377.43 1719.85
20.8033  350.26 682.541 1036.11 1381.43 1724.85
20.8633  351.26 684.508 1039.11 1385.43 1729.82
20.8633  352.26 686.508 1042.11 1389.43 1734.82
20.8633 353.276 688.488 1045.12 1393.43 1739.82
20.9221 354.271 690.488 1048.07 1397.43 1744.82
20.9221 355.284 692.488 1051.06 1401.43 1749.82
20.9815 356.284 694.453 1054.06  1405.4 1754.82
21.0401 357.279 696.453 1057.01  1409.4 1759.82
21.0401 358.292 698.453    1060  1413.4 1764.82
21.0401 359.305 700.453    1063  1417.4 1769.81
21.0991 360.305 702.418    1066 1421.37 1774.81
21.0991 361.305 704.399    1069 1425.38 1779.82
21.0991  362.32  706.38    1072 1429.38 1784.82
21.1575 363.323  708.38    1075 1433.38 1789.76
21.2163 364.323 710.348    1078 1437.38 1794.73
21.2749 365.323 712.348 1080.98 1441.38  1799.7
21.2749 366.323 714.331 1083.99 1445.38  1804.7
21.2749 367.336 716.331 1086.99 1449.38 1809.69
21.2749 368.352 718.311 1089.99 1453.38  1814.7
21.3332 369.352 720.311 1092.99 1457.35 1819.66
21.3908 370.349 722.256 1095.99 1461.35 1824.66
21.3908 371.364 724.236 1098.99 1465.36 1829.66
21.4488 372.364 726.201 1101.99 1469.34 1834.66
21.5063 373.361 728.146 1104.99 1473.34 1839.66
21.5063 374.373 730.146 1107.98 1477.33 1844.66
21.5063 375.385 732.146 1110.98 1481.32 1849.66
21.5633 376.381 734.146 1113.92 1485.32 1854.66
 21.621 377.381 736.146 1116.92  1489.3 1859.63
21.6789 378.381 738.115 1119.92  1493.3  1864.6
21.7366 379.381 740.115  1122.9  1497.3 1869.56
21.7937 380.378 742.061  1125.9  1501.3 1874.56
21.7937 381.391 744.061  1128.9  1505.3 1879.55
21.7937 382.406 746.041  1131.9  1509.3 1884.55
21.8508 383.408 748.041  1134.9  1513.3  1889.5
21.8508 384.423  750.02  1137.9 1517.31  1894.5
21.9074 385.419  752.02 1140.85 1521.31  1899.5
21.9074 386.419  754.02 1143.85 1525.31 1904.49
21.9074 387.432  756.02 1146.85 1529.31 1909.48
21.9074 388.443  758.02 1149.85  1533.3 1914.48
21.9074 389.443 760.004 1152.85  1537.3 1919.49
21.9641 390.443 762.004 1155.84  1541.3 1924.45
22.0206 391.443 764.004 1158.81 1545.27 1929.45
22.0206 392.443 766.004 1161.81 1549.27 1934.45
22.0767 393.442 768.004 1164.81 1553.21 1939.45
22.0767 394.442 769.986 1167.81 1557.22 1944.46
22.1325  395.44 771.933 1170.81 1561.22 1949.46
22.1888  396.44 773.933 1173.79 1565.22 1954.42
22.1888  397.44 775.916  1176.8 1569.23 1959.42
22.2444 398.436 777.916 1179.75 1573.23 1964.42
22.2444 399.436 779.899 1182.75 1577.24 1969.43
22.2444  400.45  781.88 1185.75 1581.24 1974.43
22.2999  401.45  783.88 1188.75 1585.19 1979.43
22.3559  402.45 785.847 1191.75 1589.17 1984.43
22.3559  403.45  787.83 1194.76 1593.18 1989.43
22.3559  404.45  789.83 1197.76 1597.18 1994.43
22.4117  405.45   791.8 1200.76 1601.18  1999.4
22.4673  406.45 793.767 1203.76 1605.16  2004.4
22.4673  407.45 795.767 1206.76 1609.16  2009.4
22.5227  408.45 797.767 1209.73 1613.13  2014.4
22.5777 409.447 799.715 1212.73 1617.13  2019.4
22.5777 410.459 801.715 1215.73 1621.13 2024.39
22.5777  411.47 803.715 1218.73 1625.12 2029.39
22.6329  412.47 805.715 1221.71 1629.12 2034.36
22.6882  413.47 807.715 1224.71  1633.1 2039.32
22.6882 414.484 809.695 1227.71  1637.1 2044.32
22.6882 415.484 811.679 1230.71 1641.11 2049.32
22.7432 416.484 813.679 1233.71 1645.09 2054.29
22.7983 417.484 815.649 1236.71 1649.09 2059.26
22.7983 418.484 817.633 1239.72 1653.09 2064.27
22.7983 419.498 819.614 1242.73 1657.09 2069.27
22.7983 420.498 821.598 1245.73 1661.09 2074.28
22.8526   421.5 823.598 1248.73 1665.09 2079.22
22.9072   422.5 825.566 1251.73 1669.07 2084.22
22.9072 423.514 827.547 1254.73 1673.07 2089.22
22.9072 424.525 829.547 1257.73 1677.07 2094.22
 22.961 425.522 831.495 1260.73 1681.07 2099.22
23.0152 426.522 833.495 1263.71 1685.04 2104.22
23.0696 427.522 835.463 1266.71 1689.01 2109.22
23.1239 428.522 837.463 1269.69 1693.01 2114.19
23.1782 429.522 839.463 1272.67 1697.01 2119.15
23.1782 430.534 841.463 1275.67 1701.01 2124.14
23.2323 431.534 843.463 1278.65 1705.01 2129.11
23.2859  432.53 845.463  1281.6 1709.01 2134.11
23.2859 433.544 847.445  1284.6 1713.02 2139.11
23.3401 434.544 849.415  1287.6 1717.02 2144.08
23.3401 435.554 851.415  1290.6 1721.01 2149.08
23.3941 436.554 853.415  1293.6 1724.99 2154.05
23.4479 437.554 855.415 1296.57 1728.96 2159.05
23.4479 438.554 857.399 1299.57 1732.97 2164.06
23.4479 439.566 859.399 1302.57 1736.97 2169.05
23.5013 440.568 861.399 1305.57 1740.97 2173.99
 23.555 441.568 863.399 1308.57 1744.95 2178.96
 23.555 442.568 865.383 1311.58 1748.96 2183.96
23.6086 443.568 867.383 1314.58 1752.93 2188.93
23.6617 444.565 869.333 1317.58 1756.93 2193.93
23.6617 445.565 871.317 1320.58 1760.94 2198.93
23.6617 446.576 873.317 1323.58 1764.94 2203.92
23.6617 447.587 875.317 1326.58 1768.93 2208.92
23.7149 448.587 877.285 1329.58 1772.91 2213.92
23.7677 449.586 879.285 1332.58 1776.86 2218.92
23.7677 450.586  881.27 1335.59 1780.86 2223.93
23.7677 451.586  883.27 1338.59 1784.86 2228.93
23.7677   452.6 885.252 1341.59 1788.86 2233.93
23.7677   453.6 887.252 1344.59 1792.86 2238.93
23.8204   454.6 889.219 1347.57 1796.86 2243.93
23.8731   455.6 891.188 1350.57 1800.84 2248.93
23.8731 456.613 893.171 1353.57 1804.84 2253.93
23.8731 457.613 895.155 1356.57 1808.85 2258.94
23.9257 458.613 897.155 1359.57 1812.83 2263.91
23.9778 459.612 899.155 1362.57 1816.78 2268.91
24.0302 460.612 901.155 1365.55 1820.78 2273.87
24.0827 461.612 903.155 1368.53 1824.78 2278.84
24.1351 462.612 905.155 1371.51 1828.75 2283.84
24.1876 463.612 907.124 1374.51 1832.73 2288.84
24.2401 464.612 909.124 1377.49 1836.73  2293.8
24.2921 465.608 911.124 1380.44 1840.73  2298.8
24.2921 466.621 913.106 1383.44 1844.73  2303.8
24.2921 467.621 915.091 1386.45 1848.74  2308.8
24.2921 468.634 917.073 1389.45 1852.75  2313.8
24.2921 469.634 919.057 1392.45 1856.76 2318.81
24.3442 470.634 921.029 1395.45 1860.76 2323.79
24.3961 471.634 923.029 1398.43 1864.73 2328.79
24.4479 472.636 925.029 1401.43 1868.73 2333.73
24.4479 473.649 927.013 1404.43 1872.73 2338.74
24.4479  474.66 929.013 1407.43 1876.73 2343.73
24.4994 475.659 931.013 1410.43 1880.68 2348.73
24.4994  476.67 933.013 1413.42 1884.68 2353.72
24.5511  477.67 935.013 1416.41 1888.68 2358.68
24.6028  478.67 937.013 1419.41 1892.65 2363.65
24.6546  479.67 938.985 1422.41 1896.65 2368.63
24.7063  480.67 940.985 1425.39 1900.65  2373.6
24.7579  481.67 942.985 1428.37 1904.63  2378.6
24.8091 482.667 944.937 1431.37 1908.63  2383.6
24.8091  483.68  946.92 1434.37 1912.63  2388.6
24.8608  484.68 948.893 1437.37 1916.63 2393.57
24.9121 485.679 950.893 1440.37 1920.58 2398.57
24.9637 486.679 952.862 1443.37 1924.55 2403.57
24.9637 487.692 954.846 1446.37 1928.55 2408.57
25.0151 488.692 956.846 1449.35 1932.52 2413.57
25.0663 489.693 958.846 1452.35 1936.52 2418.52
25.1176 490.695 960.846 1455.35 1940.52 2423.47
 25.169 491.695 962.846 1458.33  1944.5 2428.47
25.2203 492.697 964.846 1461.33  1948.5 2433.41
25.2203 493.697 966.831 1464.34  1952.5 2438.42
25.2717 494.697 968.831 1467.34 1956.47 2443.39
25.3225 495.692 970.831 1470.29 1960.47 2448.39
25.3225 496.692 972.816  1473.3 1964.48 2453.39
25.3225 497.703 974.816 1476.29 1968.48 2458.38
25.3736 498.703 976.816 1479.27 1972.45 2463.38
25.4248 499.703 978.816 1482.25 1976.45 2468.35
25.4754 500.699 980.816 1485.21 1980.45 2473.35
25.4754 501.711   982.8 1488.21 1984.45 2478.35
25.5261 502.708 984.752 1491.21 1988.45 2483.35
25.5261 503.708 986.738 1494.22 1992.45 2488.36
 25.577 504.708 988.738 1497.22 1996.43 2493.32
25.6281 505.708 990.711 1500.22 2000.43  2498.3
 25.679 506.708 992.711  1503.2  2004.4  2503.3
 25.679  507.72 994.694  1506.2 2008.41  2508.3
 25.679  508.72  996.68  1509.2 2012.41 2513.31
25.7297  509.72  998.68 1512.19 2016.41 2518.27
25.7297 510.733 1000.66 1515.19 2020.41 2523.27
25.7804 511.733 1002.63 1518.19 2024.39 2528.27
25.8305 512.728 1004.63 1521.14 2028.39 2533.27
25.8812 513.728  1006.6 1524.12 2032.39 2538.27
25.8812 514.741 1008.59 1527.12 2036.39 2543.27
25.9317 515.741 1010.56 1530.11 2040.39 2548.27
25.9317 516.751 1012.56 1533.11 2044.39 2553.27
25.9317 517.751 1014.56 1536.11 2048.39 2558.26
25.9317 518.761 1016.56 1539.11 2052.39 2563.26
25.9818 519.761 1018.56 1542.08 2056.36 2568.26
25.9818 520.774 1020.54 1545.08 2060.36 2573.26
 26.032 521.774 1022.54 1548.08 2064.34 2578.23
 26.032 522.774 1024.54 1551.09 2068.35 2583.22
 26.032 523.784 1026.54 1554.09 2072.34 2588.22
 26.032 524.784 1028.54 1557.09 2076.34 2593.21
 26.082 525.784 1030.51 1560.09 2080.34 2598.19
 26.082 526.784  1032.5 1563.09 2084.35 2603.19
 26.082 527.784 1034.48 1566.09 2088.36  2608.2
 26.082 528.784 1036.47  1569.1 2092.36  2613.2
 26.082 529.784 1038.46 1572.11 2096.36 2618.21
 26.082 530.794 1040.46 1575.11 2100.36  2623.2
26.1309  531.79 1042.46 1578.06 2104.36  2628.2
26.1309 532.802 1044.44 1581.06 2108.36  2633.2
26.1802 533.802 1046.41 1584.06 2112.34  2638.2
26.1802 534.814 1048.39 1587.06 2116.34  2643.2
26.2293 535.816 1050.39 1590.06 2120.34 2648.15
26.2785 536.816 1052.39 1593.05 2124.34 2653.12
26.3277 537.816 1054.37 1596.05 2128.32 2658.12
26.3769 538.816 1056.34 1599.05  2132.3 2663.12
26.4261 539.816 1058.34 1602.03 2136.27 2668.12
26.4261 540.816 1060.32 1605.03 2140.28 2673.13
26.4752 541.816 1062.32 1608.03 2144.26  2678.1
 26.524 542.814 1064.32 1611.03 2148.21  2683.1
 26.524 543.824 1066.32 1614.02 2152.21  2688.1
 26.524 544.824 1068.32 1617.02 2156.21  2693.1
 26.524 545.834 1070.32 1620.02 2160.21 2698.09
 26.524 546.844 1072.32 1623.02 2164.21 2703.08
 26.524 547.844 1074.31 1626.02 2168.22 2708.09
 26.524 548.855 1076.29 1629.02 2172.22 2713.09
26.5726 549.855 1078.29 1632.02  2176.2 2718.06
26.5726 550.865 1080.29 1635.02  2180.2 2723.05
26.5726 551.865 1082.29 1638.02  2184.2 2728.05
26.5726 552.877 1084.28 1641.02  2188.2 2733.05
26.6209 553.877 1086.28 1644.02 2192.18 2738.02
26.6693 554.877 1088.28 1647.02 2196.16 2742.99
26.6693 555.877 1090.26 1650.03 2200.16    2748
26.6693 556.889 1092.25 1653.03 2204.16    2753
26.7174 557.889 1094.22 1656.03 2208.14    2758
26.7656 558.889 1096.22 1659.03 2212.12 2762.97
26.8137 559.889 1098.22 1662.01 2216.09 2767.97
26.8618 560.889 1100.19 1665.01 2220.07 2772.97
26.9095 561.885 1102.19 1667.96 2224.07 2777.97
26.9576 562.885 1104.19 1670.94 2228.05 2782.97
27.0057 563.885 1106.17 1673.94 2232.03 2787.97
27.0535 564.884 1108.17 1676.94 2235.98 2792.97
27.0535 565.884 1110.15 1679.95 2239.98 2797.98
27.0535 566.893 1112.15 1682.95 2243.97 2802.98
27.1015 567.893 1114.12 1685.93 2247.97 2807.98
27.1015 568.893 1116.11 1688.93 2251.97 2812.99
27.1494 569.893 1118.08 1691.93 2255.95 2817.99
 27.197 570.892 1120.08 1694.93 2259.91 2822.99
 27.197 571.902 1122.08 1697.93 2263.91 2827.98
27.2447 572.902 1124.08 1700.92 2267.91 2832.95
27.2447 573.902 1126.08 1703.92 2271.91 2837.95
27.2925 574.902 1128.08 1706.92 2275.89 2842.92
27.2925 575.902 1130.07 1709.92  2279.9 2847.92
27.2925 576.902 1132.05 1712.92  2283.9 2852.92
27.2925 577.913 1134.04 1715.92 2287.91 2857.92
27.2925 578.925 1136.02 1718.93 2291.91 2862.92
27.2925 579.925 1138.01 1721.93 2295.91 2867.93
27.2925 580.934 1140.01 1724.93  2299.9 2872.93
27.2925 581.934    1142 1727.93 2303.91 2877.94
27.2925 582.934 1143.98 1730.93 2307.91 2882.94
27.3395 583.934 1145.98 1733.93 2311.89 2887.92
27.3867 584.934 1147.96 1736.93 2315.89 2892.89
27.4333 585.931 1149.92 1739.93 2319.89 2897.89
  27.48 586.927 1151.87 1742.93 2323.89 2902.89
27.5266 587.923 1153.87 1745.89 2327.89 2907.89
27.5266 588.923 1155.86  1748.9 2331.89  2912.9
27.5736 589.923 1157.86  1751.9 2335.87 2917.87
27.6206 590.923 1159.83 1754.88 2339.87 2922.87
27.6206 591.935 1161.82 1757.88 2343.87 2927.88
27.6206 592.935 1163.82 1760.88 2347.87 2932.88
 27.667 593.931 1165.82 1763.84 2351.87 2937.88
 27.667 594.931 1167.82 1766.84 2355.87 2942.87
 27.667  595.94 1169.82 1769.84 2359.87 2947.87
27.7136  596.94 1171.79 1772.84 2363.85 2952.87
27.7602  597.94 1173.79 1775.82 2367.82 2957.87
27.7602  598.94 1175.78 1778.82 2371.82 2962.88
27.7602 599.949 1177.78 1781.82 2375.82 2967.87
27.8064 600.948 1179.78 1784.82 2379.78 2972.87
27.8064 601.959 1181.76 1787.82 2383.78 2977.87
27.8529 602.959 1183.74 1790.82 2387.78 2982.85
27.8529 603.959 1185.72 1793.83 2391.79 2987.85
27.8529 604.968 1187.72 1796.82 2395.79 2992.84
 27.899 605.969 1189.72 1799.82 2399.79  2997.8
 27.899 606.978 1191.72 1802.82 2403.78  3002.8
27.9448 607.975 1193.68 1805.82 2407.78  3007.8
27.9448 608.984 1195.68 1808.82 2411.78 3012.79
27.9448 609.995 1197.67 1811.82 2415.79 3017.79
27.9448 611.004 1199.67 1814.82 2419.79 3022.78
27.9904 612.001 1201.67 1817.77 2423.79 3027.78
28.0361 612.999 1203.67 1820.77 2427.74 3032.78
28.0817 613.998 1205.67 1823.77  2431.7 3037.78
28.1274 614.997 1207.67 1826.77 2435.65 3042.78
28.1731 615.996 1209.67 1829.77 2439.61 3047.78
 28.219 616.996 1211.64 1832.76 2443.61 3052.78
 28.265 617.996 1213.64 1835.74 2447.61 3057.75
 28.265 619.007 1215.62 1838.74 2451.61 3062.75
 28.265 620.018 1217.61 1841.74 2455.61 3067.75
28.3108 621.018 1219.58 1844.74 2459.61 3072.73
28.3108 622.028 1221.57 1847.74 2463.62 3077.73
28.3108 623.028 1223.56 1850.75 2467.62 3082.74
28.3565 624.028 1225.53 1853.75 2471.62 3087.72
28.3565 625.028 1227.52 1856.75 2475.62 3092.72
28.4021 626.028 1229.52 1859.73 2479.62 3097.69
28.4021 627.028 1231.51 1862.73 2483.63  3102.7
28.4476 628.028 1233.48 1865.72 2487.63  3107.7
 28.493 629.028 1235.48  1868.7  2491.6  3112.7
28.5382 630.025 1237.44  1871.7  2495.6  3117.7
28.5382 631.036 1239.42  1874.7  2499.6  3122.7
28.5836 632.036  1241.4  1877.7 2503.58  3127.7
28.6289 633.037  1243.4  1880.7 2507.58 3132.65
28.6289 634.037  1245.4  1883.7 2511.59 3137.65
28.6289 635.037 1247.38 1886.71 2515.59 3142.65
28.6289 636.046 1249.38  1889.7 2519.59 3147.64
28.6741 637.046 1251.36  1892.7 2523.57 3152.64
28.7193 638.046 1253.36 1895.69 2527.55 3157.64
28.7193 639.046 1255.34 1898.69 2531.56 3162.64
28.7193 640.046 1257.34 1901.69 2535.56 3167.64
28.7193 641.057 1259.33 1904.69 2539.56 3172.65
28.7642 642.057 1261.33 1907.67 2543.53 3177.65
28.8089 643.054 1263.29 1910.67 2547.53 3182.65
28.8089 644.054 1265.27 1913.68 2551.53 3187.65
28.8538 645.054 1267.25 1916.66 2555.53 3192.65
28.8538 646.054 1269.25 1919.66 2559.53 3197.65
28.8987 647.054 1271.25 1922.65 2563.53 3202.62
28.9433 648.053 1273.25 1925.65 2567.49 3207.62
28.9433 649.062 1275.25 1928.65 2571.49 3212.62
28.9433 650.072 1277.23 1931.65 2575.49 3217.62
28.9433 651.072 1279.22 1934.65  2579.5 3222.62
28.9879 652.072 1281.22 1937.63 2583.47 3227.62
28.9879 653.072 1283.22 1940.63 2587.47 3232.62
28.9879 654.083 1285.21 1943.63 2591.47 3237.62
28.9879 655.094 1287.19 1946.63 2595.47 3242.62
28.9879 656.094 1289.18 1949.64 2599.48 3247.62
29.0322 657.094 1291.15 1952.62 2603.48 3252.62
29.0764 658.095 1293.15 1955.62 2607.48 3257.58
29.0764 659.106 1295.14 1958.62 2611.48 3262.58
29.0764 660.106 1297.13 1961.63 2615.48 3267.59
29.1207 661.106 1299.13 1964.61 2619.48 3272.56
 29.165 662.106  1301.1 1967.61 2623.48 3277.54
29.2092 663.106 1303.07 1970.59 2627.48 3282.54
29.2092 664.114 1305.07 1973.59 2631.47 3287.54
29.2534 665.114 1307.07 1976.59 2635.46 3292.51
29.2534 666.124 1309.06 1979.59 2639.46 3297.51
29.2534 667.135 1311.05 1982.59 2643.46 3302.51
29.2975 668.135 1313.02 1985.59 2647.46 3307.49
29.3413 669.134 1315.02 1988.59 2651.42 3312.49
29.3413 670.134 1317.01 1991.59 2655.42  3317.5
29.3851 671.135 1319.01 1994.59 2659.42 3322.45
 29.429 672.136 1321.01 1997.59 2663.42 3327.41
29.4729 673.136 1323.01 2000.58 2667.42 3332.38
29.4729 674.146    1325 2003.58 2671.42 3337.38
29.4729 675.157 1326.98 2006.58 2675.42 3342.38
29.4729 676.167 1328.97 2009.58 2679.43 3347.38
29.5165 677.166 1330.97 2012.58 2683.39 3352.38
29.5165 678.174 1332.97 2015.58 2687.38 3357.38
29.5601 679.174 1334.97 2018.56 2691.36 3362.38
29.5601 680.184 1336.95 2021.56 2695.36 3367.38
29.5601 681.184 1338.94 2024.57 2699.36 3372.39
29.6036 682.184 1340.94 2027.55 2703.33 3377.39
29.6036 683.184 1342.93 2030.55 2707.33 3382.39
29.6472 684.184 1344.93 2033.55 2711.32 3387.37
29.6907 685.184 1346.93 2036.55  2715.3 3392.34
29.7342 686.184 1348.93 2039.54 2719.27 3397.34
29.7342 687.184 1350.92 2042.54 2723.28 3402.34
29.7773 688.181 1352.88 2045.54 2727.28 3407.34
29.7773 689.181 1354.87 2048.55 2731.29 3412.34
29.8204 690.178 1356.83 2051.55 2735.29 3417.34
29.8638 691.178 1358.83 2054.53 2739.29 3422.31
29.8638 692.189 1360.81 2057.53 2743.29 3427.31
29.8638 693.189 1362.81 2060.53 2747.29 3432.31
29.8638 694.199  1364.8 2063.53  2751.3 3437.31
29.8638 695.207  1366.8 2066.53  2755.3 3442.31
29.8638 696.218 1368.78 2069.53  2759.3 3447.31
29.8638 697.228 1370.77 2072.53  2763.3 3452.31
29.8638 698.228 1372.77 2075.53  2767.3 3457.31
29.9065 699.227 1374.77 2078.53 2771.25 3462.31
29.9492 700.224 1376.73 2081.53 2775.25 3467.31
29.9492 701.234 1378.72 2084.53 2779.25 3472.31
29.9917  702.23 1380.72  2087.5 2783.25 3477.31
30.0344 703.229 1382.72  2090.5 2787.21 3482.31
30.0772 704.229 1384.69 2093.48 2791.21 3487.31
30.0772 705.237 1386.69 2096.48 2795.21 3492.31
30.0772 706.245 1388.69 2099.47  2799.2 3497.31
30.0772 707.254 1390.69 2102.47  2803.2 3502.31
  30.12 708.254 1392.67 2105.47  2807.2 3507.29
  30.12 709.254 1394.66 2108.47 2811.21 3512.29
30.1626 710.254 1396.66 2111.45 2815.21 3517.26
30.1626 711.262 1398.66 2114.45 2819.21 3522.26
30.1626 712.262 1400.64 2117.45 2823.21 3527.26
 30.205 713.263 1402.64 2120.45 2827.21 3532.22
30.2472 714.259 1404.64 2123.42 2831.21 3537.22
30.2472 715.259 1406.63 2126.42 2835.22 3542.22
30.2896 716.259  1408.6 2129.41 2839.22 3547.22
30.2896 717.259  1410.6 2132.41 2843.22 3552.22
30.2896 718.269 1412.59 2135.41 2847.22 3557.22
30.2896 719.269 1414.58 2138.41 2851.23 3562.22
30.2896  720.28 1416.57 2141.41 2855.23 3567.22
30.3319  721.28 1418.57 2144.41 2859.21  3572.2
30.3739 722.278 1420.57 2147.41 2863.17  3577.2
30.4158 723.275 1422.57 2150.38 2867.17  3582.2
30.4158 724.285 1424.55 2153.38 2871.17  3587.2
30.4158 725.285 1426.54 2156.38 2875.18  3592.2
30.4158 726.285 1428.53 2159.38 2879.18 3597.21
30.4158 727.285 1430.52 2162.39 2883.18 3602.22
30.4578 728.285 1432.52 2165.37 2887.18 3607.19
30.4578 729.294  1434.5 2168.37 2891.18 3612.19
30.4578 730.304 1436.49 2171.37 2895.19 3617.19
30.4578 731.304 1438.48 2174.38 2899.19 3622.19
30.4994 732.303 1440.48 2177.38 2903.15 3627.19
30.4994 733.313 1442.46 2180.38 2907.16 3632.19
 30.541 734.314 1444.46 2183.38 2911.16 3637.15
 30.541 735.314 1446.45 2186.38 2915.16 3642.15
 30.541 736.324 1448.44 2189.38 2919.17 3647.15
 30.541 737.324 1450.43 2192.38 2923.17 3652.15
30.5825 738.324 1452.43 2195.36 2927.15 3657.15
30.5825 739.324 1454.42 2198.37 2931.16 3662.15
30.5825 740.332 1456.42 2201.37 2935.16 3667.15
30.6237 741.329 1458.38 2204.37 2939.16 3672.15
30.6237 742.337 1460.38 2207.36 2943.15 3677.15
30.6237 743.347 1462.36 2210.36 2947.15 3682.15
30.6648 744.344 1464.33 2213.36 2951.15 3687.15
30.7062 745.344  1466.3 2216.35 2955.15 3692.15
30.7475 746.344  1468.3 2219.33 2959.13 3697.15
30.7889 747.344 1470.28 2222.33 2963.13 3702.13
30.8303 748.344 1472.25 2225.31 2967.13 3707.13
30.8713 749.341 1474.21 2228.31 2971.13 3712.13
30.8713 750.341 1476.21 2231.32 2975.13 3717.13
30.9123 751.338 1478.21 2234.28 2979.13 3722.13
30.9536 752.338 1480.21 2237.28 2983.11  3727.1
30.9948 753.338 1482.21 2240.28 2987.11 3732.06
30.9948 754.348  1484.2 2243.28 2991.12 3737.06
30.9948 755.348 1486.19 2246.28 2995.12 3742.07
30.9948 756.356 1488.19 2249.28 2999.11 3747.07
30.9948 757.356 1490.18 2252.29 3003.11 3752.07
31.0358 758.357 1492.18 2255.29 3007.11 3757.03
31.0358 759.366 1494.16 2258.29 3011.12 3762.03
31.0768 760.366 1496.14 2261.27 3015.12 3767.03
31.1178 761.366 1498.11 2264.25 3019.12 3772.03
31.1586 762.363 1500.08 2267.25 3023.12 3777.03
31.1586 763.373 1502.06 2270.26 3027.12 3782.03
31.1586 764.381 1504.06 2273.26 3031.11 3787.03
31.1586 765.389 1506.06 2276.26 3035.11 3792.02
31.1995 766.389 1508.04 2279.26 3039.11    3797
31.2401 767.387    1510 2282.26 3043.11    3802
31.2401 768.395    1512 2285.26 3047.11    3807
31.2807 769.393    1514 2288.26 3051.07    3812
31.3214 770.394    1516 2291.26 3055.07 3816.95
31.3214 771.404 1517.99 2294.26 3059.07 3821.96
31.3618   772.4 1519.99 2297.22 3063.07 3826.96
31.4026   773.4 1521.99  2300.2 3067.07 3831.93
31.4431 774.397 1523.99 2303.17 3071.07 3836.93
31.4431 775.397 1525.98 2306.17 3075.07 3841.94
31.4837 776.397 1527.98 2309.15 3079.05 3846.94
31.4837 777.405 1529.98 2312.15 3083.05 3851.93
31.4837 778.405 1531.97 2315.16 3087.05 3856.94
 31.524 779.401 1533.97 2318.12 3091.05 3861.94
 31.524 780.408 1535.97 2321.12 3095.04 3866.94
31.5644 781.407 1537.97 2324.12 3099.01 3871.94
31.5644 782.415 1539.97 2327.12 3103.01 3876.93
31.5644 783.425 1541.95 2330.12 3107.01 3881.93
31.5644 784.425 1543.94 2333.12 3111.01 3886.93
31.5644 785.434 1545.93 2336.12 3115.01 3891.94
31.5644 786.442 1547.93 2339.12 3119.01 3896.94
31.6044 787.439 1549.89 2342.12 3123.01 3901.94
31.6445  788.44 1551.89 2345.12 3127.01 3906.89
31.6445  789.44 1553.88 2348.12 3131.01 3911.89
31.6848  790.44 1555.86 2351.12 3135.01 3916.88
31.7251  791.44 1557.84 2354.12 3139.01 3921.86
31.7251 792.448 1559.84 2357.12 3143.01 3926.85
31.7251 793.457 1561.83 2360.12 3147.01 3931.85
31.7651 794.458 1563.83 2363.12 3151.01 3936.81
31.8053 795.458  1565.8 2366.11 3155.01 3941.81
31.8053 796.468 1567.79 2369.11 3159.01 3946.82
31.8454 797.468 1569.77 2372.11 3163.01  3951.8
31.8454 798.477 1571.75 2375.11 3167.01  3956.8
31.8454 799.485 1573.75 2378.11 3171.01 3961.79
31.8454 800.495 1575.74 2381.11 3175.01  3966.8
31.8454 801.505 1577.73 2384.12 3179.01  3971.8
31.8851 802.503 1579.73 2387.12 3182.97  3976.8
31.8851 803.503 1581.72 2390.12 3186.98  3981.8
31.9249 804.503 1583.72  2393.1 3190.96  3986.8
31.9645 805.502 1585.72  2396.1 3194.92  3991.8
31.9645 806.512  1587.7  2399.1 3198.92  3996.8
31.9645 807.521 1589.69 2402.11 3202.92  4001.8
 32.004 808.518 1591.69 2405.07 3206.92  4006.8
 32.004 809.525 1593.69 2408.07 3210.92 4011.79
 32.004 810.533 1595.69 2411.07 3214.92 4016.78
 32.004 811.541 1597.69 2414.07 3218.92 4021.78
32.0433 812.538 1599.66 2417.07 3222.92 4026.78
32.0829 813.538 1601.63 2420.07 3226.92 4031.76
32.1225 814.538 1603.63 2423.07  3230.9 4036.74
32.1225 815.538 1605.62 2426.07 3234.91 4041.74
32.1619 816.537 1607.62 2429.07 3238.87 4046.74
32.1619 817.545 1609.62 2432.07 3242.87 4051.73
32.2013 818.546 1611.62 2435.07 3246.87 4056.69
32.2408 819.546 1613.62 2438.07 3250.85 4061.67
32.2408 820.555 1615.61 2441.07 3254.85 4066.67
32.2802 821.555 1617.59 2444.07 3258.84 4071.67
32.3197 822.555 1619.59 2447.06 3262.84 4076.65
32.3197 823.565 1621.57 2450.06 3266.84 4081.65
32.3197 824.565 1623.56 2453.06 3270.84 4086.66
 32.359 825.565 1625.56 2456.04 3274.81 4091.66
 32.359 826.572 1627.56 2459.04 3278.81 4096.65
32.3983 827.572 1629.56 2462.04  3282.8 4101.63
32.4373 828.569 1631.56 2465.01  3286.8 4106.63
32.4373 829.569 1633.55 2468.01  3290.8 4111.63
32.4373 830.576 1635.55 2471.01  3294.8 4116.63
32.4765 831.576 1637.53 2474.01 3298.78 4121.63
32.5157 832.576 1639.53 2476.99 3302.78  4126.6
32.5157 833.585 1641.52    2480 3306.78  4131.6
32.5548 834.585 1643.52 2482.98 3310.78 4136.58
32.5937 835.582 1645.52 2485.95 3314.78 4141.58
32.5937 836.582 1647.51 2488.95 3318.79 4146.58
32.6327 837.583 1649.51 2491.95 3322.79 4151.54
32.6718 838.583 1651.48 2494.94 3326.79 4156.54
32.6718 839.592 1653.47 2497.94 3330.79 4161.54
32.6718   840.6 1655.47 2500.94 3334.79 4166.53
32.6718 841.609 1657.46 2503.94 3338.79 4171.53
32.7106  842.61 1659.46 2506.94 3342.79 4176.49
32.7496  843.61 1661.44 2509.94 3346.77 4181.49
32.7884 844.608 1663.44 2512.94 3350.73 4186.49
32.8273 845.608 1665.41 2515.93 3354.73 4191.49
32.8273 846.618  1667.4 2518.93 3358.74 4196.49
 32.866 847.615 1669.36 2521.93 3362.74 4201.49
32.9047 848.614 1671.36 2524.93  3366.7 4206.49
32.9437 849.614 1673.36 2527.93 3370.68 4211.47
32.9826 850.614 1675.34 2530.91 3374.68 4216.47
33.0215 851.614 1677.31  2533.9 3378.68 4221.47
33.0215 852.614  1679.3  2536.9 3382.69 4226.47
33.0215 853.621  1681.3 2539.89 3386.69 4231.47
33.0603 854.621  1683.3 2542.89 3390.67 4236.45
33.0603 855.621 1685.29 2545.89 3394.67 4241.46
33.0603 856.628 1687.29 2548.89 3398.67 4246.46
33.0991 857.628 1689.29 2551.89 3402.65 4251.43
33.0991 858.637 1691.28 2554.89 3406.66 4256.43
33.1378 859.637 1693.26 2557.89 3410.66 4261.42
33.1378 860.646 1695.25 2560.89 3414.66 4266.42
33.1764 861.646 1697.22 2563.88 3418.66 4271.42
33.2151 862.646  1699.2 2566.88 3422.66  4276.4
33.2537 863.647  1701.2 2569.88 3426.66 4281.36
33.2924 864.647 1703.18 2572.88 3430.66 4286.34
 33.331 865.647 1705.18 2575.88 3434.64 4291.32
33.3696 866.648 1707.18 2578.88 3438.64 4296.28
33.3696 867.648 1709.17 2581.88 3442.64 4301.29
 33.408 868.648 1711.17 2584.88 3446.64 4306.25
 33.408 869.648 1713.16 2587.88 3450.65 4311.25
33.4466 870.648 1715.14 2590.87 3454.65 4316.25
33.4466 871.658 1717.12 2593.87 3458.65 4321.26
33.4466 872.665 1719.12 2596.87 3462.65 4326.25
33.4466 873.665 1721.11 2599.87 3466.65 4331.26
33.4466 874.673 1723.11 2602.87 3470.64 4336.25
33.4848 875.671 1725.11 2605.87 3474.61 4341.25
33.5232 876.671 1727.11 2608.87 3478.59 4346.23
33.5615 877.671 1729.11 2611.86 3482.57 4351.23
33.5998 878.671 1731.11 2614.84 3486.55 4356.23
33.5998 879.678 1733.11 2617.84 3490.54 4361.23
33.5998 880.687  1735.1 2620.84 3494.55 4366.23
33.6381 881.687  1737.1 2623.82 3498.55  4371.2
33.6761 882.684  1739.1 2626.79 3502.55  4376.2
33.7144 883.684 1741.08 2629.77 3506.55  4381.2
33.7528 884.684 1743.06 2632.77 3510.55 4386.19
33.7528 885.684 1745.05 2635.77 3514.55 4391.19
33.7908 886.683 1747.05 2638.77 3518.51 4396.19
33.7908 887.692 1749.04 2641.78 3522.51 4401.19
33.7908 888.701 1751.02 2644.78 3526.51 4406.19
33.7908 889.709 1753.01 2647.78 3530.52 4411.19
33.7908 890.718    1755 2650.78 3534.52 4416.19
33.8289 891.718    1757 2653.77 3538.52 4421.17
33.8667 892.716 1758.96 2656.77 3542.52 4426.17
33.8667 893.723 1760.96 2659.76 3546.52 4431.16
33.8667 894.732 1762.95 2662.77 3550.52 4436.16
33.8667 895.741 1764.94 2665.77 3554.52 4441.17
33.8667 896.741 1766.94 2668.77 3558.52 4446.17
33.9046 897.741 1768.94 2671.77  3562.5 4451.14
33.9424  898.74 1770.94 2674.77 3566.47 4456.14
33.9424 899.747 1772.94 2677.76 3570.47 4461.14
  33.98 900.746 1774.94 2680.76 3574.43 4466.14
34.0179 901.746 1776.94 2683.75 3578.41 4471.14
34.0555 902.743 1778.91 2686.75 3582.41 4476.14
34.0555 903.752 1780.89 2689.75 3586.41 4481.14
34.0933 904.752 1782.87 2692.73 3590.41 4486.14
34.1309 905.751 1784.87 2695.73 3594.37 4491.14
34.1685 906.748 1786.87  2698.7 3598.37 4496.14
34.1685 907.748 1788.86  2701.7 3602.38 4501.15
34.1685 908.757 1790.85  2704.7 3606.38 4506.15
34.1685 909.757 1792.84 2707.71 3610.38 4511.15
 34.206 910.757 1794.84 2710.71 3614.38 4516.11
34.2436 911.758 1796.84 2713.71 3618.38 4521.08
34.2811 912.757 1798.84 2716.71 3622.34 4526.08
34.2811 913.757 1800.83 2719.71 3626.35 4531.08
34.3188 914.757  1802.8  2722.7 3630.35 4536.08
34.3188 915.764  1804.8  2725.7 3634.35 4541.07
34.3564 916.764  1806.8 2728.68 3638.35 4546.05
34.3564 917.764 1808.79 2731.68 3642.35 4551.05
34.3564 918.773 1810.78 2734.69 3646.35 4556.05
34.3564  919.78 1812.78 2737.68 3650.35 4561.05
34.3938  920.78 1814.76 2740.67 3654.35 4566.05
34.3938 921.788 1816.75 2743.67 3658.35 4571.06
34.4313 922.788 1818.73 2746.67 3662.35 4576.04
34.4313 923.788 1820.73 2749.67 3666.35 4581.04
34.4687 924.788 1822.73 2752.66 3670.35 4586.01
34.4687 925.796 1824.73 2755.65 3674.35 4591.01
34.5058 926.792 1826.73 2758.62 3678.35 4596.01
34.5058 927.799 1828.73 2761.62 3682.34 4601.01
34.5429 928.796 1830.73 2764.58 3686.34 4606.01
34.5429 929.803 1832.73 2767.58 3690.34    4611
34.5802 930.803 1834.73 2770.57 3694.34 4615.98
34.5802 931.803 1836.72 2773.57 3698.35 4620.98
34.5802 932.812  1838.7 2776.57 3702.35 4625.98
34.5802 933.812 1840.69 2779.57 3706.36 4630.98
34.5802 934.812 1842.68 2782.58 3710.36 4635.99
34.6172 935.812 1844.68 2785.58 3714.36 4640.95
34.6543 936.812 1846.68 2788.56 3718.36 4645.93
34.6914 937.812 1848.68 2791.55 3722.36  4650.9
34.7286 938.812 1850.66 2794.55 3726.36 4655.89
34.7657 939.812 1852.64 2797.54 3730.36 4660.89
34.8026 940.809 1854.61 2800.54 3734.36 4665.89
34.8026 941.818  1856.6 2803.54 3738.36 4670.89
34.8396 942.819  1858.6 2806.54 3742.36 4675.85
34.8396 943.827 1860.58 2809.54 3746.36 4680.85
34.8766 944.827 1862.56 2812.52 3750.36 4685.85
34.9137 945.827 1864.54 2815.52 3754.36 4690.84
34.9507 946.827 1866.52 2818.52 3758.34 4695.84
34.9507 947.836 1868.51 2821.53 3762.34 4700.84
34.9877 948.836 1870.49 2824.53 3766.33 4705.84
34.9877 949.845 1872.48 2827.53 3770.33 4710.84
35.0245 950.842 1874.44 2830.53 3774.33 4715.84
35.0612 951.839 1876.41 2833.53 3778.33 4720.84
35.0612 952.846 1878.41 2836.52 3782.32 4725.84
35.0979 953.843 1880.37 2839.52 3786.32 4730.84
35.1346  954.84 1882.37 2842.49 3790.32 4735.84
35.1346  955.84 1884.36  2845.5 3794.32 4740.84
35.1346 956.847 1886.36 2848.49 3798.32 4745.84
35.1714 957.847 1888.36 2851.48  3802.3 4750.84
35.1714 958.854 1890.36 2854.48  3806.3 4755.83
35.1714 959.863 1892.35 2857.48  3810.3 4760.83
35.1714  960.87 1894.35 2860.48  3814.3 4765.83
35.2081  961.87 1896.35 2863.46  3818.3 4770.81
35.2448  962.87 1898.35 2866.46 3822.28 4775.79
35.2816  963.87 1900.35 2869.46 3826.27 4780.77
35.2816  964.87 1902.34 2872.47 3830.27 4785.77
35.2816 965.878 1904.33 2875.47 3834.27 4790.77
35.3182 966.878 1906.33 2878.45 3838.27 4795.75
35.3548 967.878 1908.33 2881.44 3842.25 4800.75
35.3915 968.878 1910.31 2884.42 3846.25 4805.75
35.3915 969.886  1912.3 2887.42 3850.25 4810.75
35.3915 970.886 1914.29 2890.43 3854.25 4815.76
35.4278 971.884 1916.25 2893.43 3858.25 4820.76
35.4643 972.884 1918.25 2896.43 3862.25 4825.72
35.4643 973.884 1920.25 2899.43 3866.25 4830.72
35.4643 974.884 1922.25 2902.43 3870.25 4835.72
35.5009 975.884 1924.23 2905.43 3874.25  4840.7
35.5009 976.893 1926.22 2908.43 3878.25  4845.7
35.5374 977.893  1928.2 2911.43 3882.25 4850.68
35.5738 978.893  1930.2 2914.42 3886.23 4855.68
35.5738 979.893 1932.19 2917.42 3890.24 4860.68
35.5738 980.893 1934.19 2920.42 3894.24 4865.68
35.5738 981.893 1936.19 2923.42 3898.24 4870.68
35.6099  982.89 1938.16 2926.42 3902.24 4875.68
35.6463  983.89 1940.14 2929.41 3906.24 4880.68
35.6826  984.89 1942.14 2932.39 3910.22 4885.68
35.7187 985.889 1944.14 2935.39 3914.19 4890.68
35.7187 986.889 1946.13 2938.39 3918.19 4895.68
35.7187 987.889 1948.12 2941.39  3922.2 4900.69
35.7551 988.889  1950.1 2944.39  3926.2 4905.67
35.7914 989.889 1952.08 2947.39  3930.2 4910.66
35.7914 990.897 1954.07 2950.39  3934.2 4915.66
35.7914 991.906 1956.05 2953.39  3938.2 4920.66
35.8273 992.902 1958.05 2956.36  3942.2 4925.66
35.8273 993.911 1960.04 2959.36  3946.2 4930.66
35.8635 994.911 1962.04 2962.34 3950.18 4935.66
35.8994 995.908 1964.01 2965.34 3954.18 4940.66
35.9356 996.908 1966.01 2968.34 3958.17 4945.64
35.9356 997.914 1968.01 2971.34 3962.16 4950.64
35.9717 998.914 1970.01 2974.32 3966.14 4955.64
35.9717 999.914    1972 2977.33 3970.14 4960.64
36.0075 1000.91    1974  2980.3 3974.14 4965.64
36.0434 1001.91 1975.97  2983.3 3978.14 4970.64
36.0794 1002.91 1977.97  2986.3 3982.14 4975.61
36.0794 1003.91 1979.96  2989.3 3986.14 4980.61
36.1155 1004.91 1981.96  2992.3 3990.13 4985.59
36.1155 1005.91 1983.95  2995.3 3994.13 4990.59