2.66667       2 2.66667 2.66667       5       6
2.66667  3.6875 4.66667 4.91667       9 11.0625
2.66667 5.17489 6.54902 7.91667 12.6303 16.0625
3.31797  6.4388 8.54902 10.9167  15.715 21.0625
3.31797 7.94719  10.549 13.4741  19.715 25.9967
3.31797 9.45558  12.549 16.0315  23.715 30.9309
3.31797 10.9033 14.4704 19.0315  27.346 35.9309
3.31797 12.3765 16.4256  21.603  31.346 40.9309
3.67381 13.7039 18.4256 23.9198  35.346 45.9309
3.67381 15.1083 20.3139 26.9198  39.346 50.6381
3.67381 16.1083 22.3398 29.9198 43.2699 55.6883
3.67381 17.1083 24.3398 32.7057 47.2989 60.8735
3.67381 18.4994 26.3398  35.365 51.2989 65.8231
3.92382 19.7583 28.3398  38.365 54.7899 70.8231
 4.2016 20.7583 30.3461 41.0809 58.7899 75.8231
4.45608 22.0156 32.3461 43.5692 62.7899 80.8231
4.45608 23.0156 34.3461 46.3623 66.8153 86.0046
4.45608 24.0156 36.4063 49.1433 70.8153 91.1634
4.70234 25.0156 38.4063 51.8591 74.8153 96.2014
 4.9486 26.0156 40.4063 54.5749 78.8153 101.239
 4.9486 27.2695 42.3538 57.5749  82.614 106.239
 4.9486 28.2695 44.3538 60.3785 86.6369 111.413
5.16413 29.2695 46.2856 63.3785 90.6369 116.265
5.16413 30.4902  48.216 66.3785 94.6369 121.114
5.38166 31.4902  50.216 69.1746 98.6233 126.114
5.59214 32.4902  52.216 72.1746  102.48 131.047
5.59214 33.4902 54.2601 75.0001  106.48 136.177
5.59214 34.4902 56.3317 77.8635 110.546 141.177
5.59214 35.6892 58.2899 80.8635 114.388 146.177
5.59214 36.8939 60.2899 83.8635  118.25 151.111
5.59214 37.8939 62.3577 86.7398 122.305 156.111
5.59214 38.8939 64.3577 89.5903 126.325 161.241
5.75897 40.0542 66.3577 92.2632 130.325 166.241
5.75897 41.2441 68.3577 95.2632 134.196  171.18
5.93036 42.2441 70.3577 98.0981  138.19  176.18
6.10174 43.2441 72.3577 100.933 142.183  181.18
6.25215 44.3101 74.1414 103.933 146.183  186.18
6.40256  45.376  75.925 106.933 150.183  191.18
6.40256 46.5377 77.8688 109.933 154.183 196.074
6.40256 47.7071 79.8253 112.933 158.058 201.074
6.40256 48.7071 81.8257 115.933 162.018 206.113
6.40256 49.8725 83.7836 118.933 165.895 211.113
6.40256 51.0645 85.7836 121.776  169.86 216.113
6.40256 52.2219 87.7279 124.776  173.86 221.011
 6.5488 53.2219 89.7317 127.626  177.86 226.011
 6.5488 54.2219 91.7556 130.504  181.86 231.109
 6.6911 55.2219 93.7556  133.34  185.86 236.131
 6.6911 56.3791 95.7556  136.34 189.755 241.079
 6.6911 57.3791 97.7985 139.249 193.803 246.079
 6.6911 58.5456 99.7985  142.08 197.803 251.082
 6.6911 59.6896 101.748  145.08 201.803 255.988
6.81585 60.8024 103.748  148.08 205.566 260.988
6.81585 61.9524 105.711  151.08 209.454 265.988
6.93802 63.0628 107.711  154.08 213.454 270.755
6.93802 64.0628 109.733 156.973 217.454 275.839
7.06284 65.0628 111.733 159.973 221.366 280.802
7.18901 66.0628 113.733 162.831 225.366 285.818
7.18901 67.1978 115.687 165.831 229.366 290.729
7.31407 68.1978 117.687 168.716 233.356 295.729
7.43386 69.3148 119.687 171.479 237.356 300.729
7.43386 70.4528 121.652 174.479 241.253 305.729
7.43386 71.4528 123.674 177.378 245.253 310.809
7.54396 72.5111 125.505 180.378 249.253 315.809
7.66161 73.5111 127.463 183.378 253.253 320.734
7.66161 74.6464 129.463 186.378 257.164 325.687
7.77838 75.6464 131.463 189.378 261.084 330.651
7.89673 76.6464 133.463 192.259 265.084 335.651
8.00966 77.7425 135.463 195.259 268.875 340.651
8.00966 78.8737 137.463 198.259 272.787 345.608
8.00966 80.0024  139.43 201.259 276.691 350.608
8.00966 81.1312 141.397 204.259 280.595 355.608
8.11389  82.187 143.237 207.259 284.595 360.608
8.22186 83.2806 145.237 210.259 288.595 365.406
8.22186 84.2806 147.252 213.176 292.595 370.475
8.22186 85.4083 149.252 216.176  296.51 375.432
8.22186 86.5283 151.209 219.176  300.51 380.355
8.22186 87.5283 153.223 222.095  304.51 385.421
8.22186 88.6629  155.21 224.974  308.51 390.421
8.22186 89.7976 157.196 227.854  312.51 395.421
8.32278 90.8998 159.196  230.65  316.51 400.421
8.32278  92.033 161.196 233.526  320.51 405.413
8.42468  93.033  163.17 236.526 324.434 410.413
8.52359 94.1252  165.17 239.526 328.243 415.413
8.52359 95.1252 167.198 242.467 332.274 420.413
8.52359 96.2612 169.198 245.363 336.242 425.413
8.62397 97.2612 171.198 248.252 340.242 430.423
8.62397 98.3818 173.198 251.252 344.162 435.382
8.62397 99.3818 175.198 254.177 348.169 440.451
8.72067 100.382 177.162 257.177 352.169  445.39
8.72067 101.498 179.132 260.177 356.083  450.39
8.72067 102.623 181.132 263.061 360.083 455.381
8.72067 103.747 183.132 265.944 364.083 460.373
8.81201 104.834 185.132 268.944 368.083 465.195
8.90336 105.921 187.132 271.944 372.083 470.017
8.90336 107.045 189.132 274.831 376.083 475.006
8.99596 108.045 191.099 277.831 380.083 479.946
9.08981 109.045 193.099 280.729 384.083 484.954
9.08981 110.045 195.113 283.657 388.083 490.012
9.08981 111.166 197.113 286.546 392.083 495.002
9.18097 112.166 199.089 289.546 396.016 500.002
9.18097 113.166 201.115 292.492 400.044 505.002
9.27123 114.166 203.092 295.492 403.977 510.002
9.27123 115.166 205.117 298.438 408.005 515.002
9.36138 116.166 207.117  301.34 412.005  520.01
9.45153 117.166 209.117 304.242 416.005 525.018
9.45153 118.166 211.142 307.189 420.034 530.018
9.53782 119.245 213.142 310.189 423.869 535.018
9.62151 120.291 215.012 313.189 427.869 540.018
9.62151 121.291 217.012 316.122 431.877 545.076
9.62151 122.291 219.025 319.054 435.877 550.131
9.70909 123.291 221.025 321.959 439.877 555.139
9.70909 124.388 222.991 324.959 443.877 560.077
9.70909 125.388  224.99 327.959 447.856 565.098
9.70909 126.388 227.013 330.908 451.884 570.098
9.79485 127.388 229.013 333.831 455.875 575.098
9.79485 128.388 231.037  336.78 459.903 580.098
9.87667  129.46 233.037  339.78 463.903 584.944
9.96063  130.46 235.037  342.78 467.846 589.917
10.0441  131.46 237.007  345.78 471.846 594.862
10.0441 132.564 239.007 348.683 475.846 599.856
10.1282 133.564 241.006   351.6 479.846 604.856
10.1282 134.654 242.975   354.6 483.846 609.797
10.2065 135.696 244.855   357.6 487.846 614.797
10.2898 136.696 246.853 360.518 491.846 619.797
10.2898 137.799 248.844 363.425 495.846 624.797
10.2898 138.901 250.834 366.332 499.846 629.797
10.3691 139.971 252.834 369.332 503.846 634.648
10.3691 140.971 254.855 372.284 507.873 639.648
10.3691 141.971 256.876 375.236   511.9 644.648
10.4496 142.971 258.876  378.15   515.9 649.653
10.5277 144.039 260.876  381.15 519.754 654.653
10.6081 145.039 262.876 384.064 523.754 659.659
10.6081 146.128 264.851 387.064  527.69 664.659
10.6081 147.128  266.85 390.064 531.673 669.676
10.6081 148.218 268.826 393.064 535.609 674.676
 10.686 149.218 270.798 396.064 539.609 679.626
10.7641 150.218 272.777 399.064 543.552 684.626
10.8385 151.257 274.663 402.064 547.552 689.626
10.9173 152.257 276.661 404.988 551.552 694.626
10.9173 153.257 278.671 407.931 555.552 699.673
10.9173 154.345 280.671 410.931 559.496 704.641
10.9952 155.345 282.671 413.862 563.487 709.641
10.9952 156.442 284.671 416.785 567.467 714.641
11.0722 157.442 286.671 419.703 571.467 719.645
11.0722 158.442  288.69  422.66 575.492 724.645
 11.147 159.512  290.69 425.514 579.492 729.645
11.2213 160.575  292.69 428.514 583.492 734.508
 11.296 161.645  294.69  431.37 587.492 739.508
 11.296  162.74  296.69 434.293 591.473 744.508
11.3721  163.74 298.688 437.218 595.473 749.508
11.3721  164.74 300.708 440.174 599.498 754.508
11.4476  165.74 302.708 443.094 603.498 759.512
11.4476 166.825 304.708 446.094 607.446 764.481
11.5217 167.825 306.681 449.094 611.446 769.433
11.5217 168.906 308.658 452.094 615.387 774.433
11.5954 169.906 310.632 455.094 619.387 779.385
11.5954 170.999 312.632  458.02 623.369 784.385
11.6678 172.066 314.632 460.879 627.369 789.385
11.6678 173.066 316.631 463.879 631.355   794.4
11.6678 174.145 318.604 466.879 635.355 799.349
11.7372  175.18 320.499 469.879 639.355 804.349
11.8097  176.18 322.478 472.879 643.303 809.349
11.8828  177.18 324.475 475.809 647.303 814.349
11.9543 178.246 326.475 478.671 651.303 819.349
12.0258 179.312 328.475 481.534 655.303 824.349
12.0969 180.372 330.475 484.534 659.303 829.219
12.0969 181.458 332.475 487.452 663.303 834.214
 12.169 182.458 334.475 490.452 667.258 839.187
 12.169 183.534 336.448 493.452 671.258 844.138
12.2376 184.569 338.345 496.452 675.258 849.138
12.3097 185.569 340.345 499.377 679.258 854.141
12.3097 186.569 342.343 502.377 683.245 859.155
12.3794 187.627 344.343 505.377 687.118 864.155
12.4511 188.627 346.343 508.303 691.118 869.158
12.5221 189.627 348.318 511.303 695.118 874.113
12.5903  190.66 350.216 514.303 699.118 879.113
12.6615  191.66 352.195 517.303 703.068 884.113
12.7324  192.66 354.169 520.303 707.068 889.068
12.8007 193.693 356.067 523.303 711.068 894.068
12.8007 194.768 358.044 526.303 715.016 899.068
12.8007 195.844 360.021 529.303 718.964 904.068
12.8716 196.844 362.016 532.237 722.964 909.068
12.8716 197.925 364.016 535.161 726.964 914.062
12.9407 198.986 366.016  538.03 730.964 919.062
12.9407 200.059  367.99  541.03 734.964 924.016
13.0108 201.059 369.985 543.965 738.964 929.016
13.0795  202.12 371.985 546.835 742.964 934.016
13.0795 203.196 373.985 549.835 746.918 938.987
13.1487 204.196 375.964 552.835  750.87 943.987
13.1487 205.271 377.964 555.835 754.824 948.958
13.1487 206.271 379.964 558.787 758.832 953.997
13.2179 207.271 381.964 561.726 762.824 958.997
 13.287 208.271 383.964 564.665 766.815 963.997
13.3546  209.33 385.964 567.538 770.815 968.997
13.4231  210.33 387.943 570.538 774.768 973.997
13.4904 211.384 389.943 573.538 778.768 978.876
13.4904 212.454 391.917 576.538 782.768 983.832
13.4904 213.454 393.925 579.491 786.768 988.872
13.5581 214.454 395.904 582.491 790.721 993.872
13.5581 215.454 397.901 585.491  794.71 998.885
13.5581 216.532 399.901 588.419  798.71 1003.88
13.6253 217.532 401.901 591.419 802.668 1008.86
13.6253 218.532 403.908 594.373 806.668 1013.89
13.6253 219.608 405.908 597.301 810.668 1018.89
13.6253 220.688 407.908 600.237 814.652 1023.89
13.6906 221.745 409.908 603.114 818.652 1028.89
13.6906 222.817 411.908 606.114 822.609 1033.86
13.6906 223.894 413.908 609.042 826.609 1038.86
13.6906 224.894 415.916 611.996 830.609 1043.89
13.7557 225.894 417.892 614.996 834.609 1048.85
13.7557  226.97 419.884 617.928 838.609 1053.85
13.8204  227.97  421.86 620.928 842.609 1058.81
13.8204  229.04 423.838 623.928 846.561 1063.81
13.8839 230.091 425.838 626.928 850.561  1068.7
13.9489 231.091 427.834 629.867 854.561  1073.7
14.0139 232.091 429.834   632.8 858.561  1078.7
14.0791 233.091 431.834 635.743 862.553  1083.7
14.0791 234.091 433.832 638.743 866.543 1088.71
14.1439 235.091 435.832 641.686 870.535 1093.71
14.2082 236.091 437.812 644.686 874.491 1098.71
14.2725 237.091 439.812 647.686 878.451 1103.69
14.2725  238.16 441.812 650.686 882.409 1108.66
14.3365  239.16 443.793 653.686 886.365 1113.66
14.3365 240.226 445.772 656.686 890.318 1118.66
14.3365 241.226 447.779 659.642 894.318  1123.7
14.3365 242.299 449.779 662.575 898.318 1128.69
   14.4 243.299 451.779  665.51 902.318 1133.69
   14.4 244.299 453.786 668.467 906.318 1138.73
   14.4 245.371 455.786 671.399 910.318 1143.73
 14.463 246.371 457.786 674.335 914.318 1148.73
 14.463 247.371 459.784 677.335 918.308 1153.74
 14.463 248.436 461.764 680.335 922.263 1158.74
14.5229 249.464 463.676 683.335 926.263 1163.74
14.5839 250.513 465.676 686.335 930.263 1168.63
 14.645 251.561 467.676 689.335 934.263 1173.52
14.7048 252.589 469.587 692.335 938.263 1178.52
14.7048 253.662 471.587 695.276 942.249 1183.52
14.7666 254.662 473.568 698.276 946.206 1188.52
14.8288 255.662 475.564 701.219 950.206 1193.52
14.8911 256.662 477.564 704.165 954.198 1198.52
14.8911 257.735 479.564 707.106 958.184 1203.52
14.8911 258.807 481.564 710.048  962.17 1208.52
14.9516 259.859 483.564 712.935  966.17 1213.52
14.9516 260.859  485.57 715.893  970.17 1218.56
 15.013 261.859  487.57 718.831  974.17 1223.56
15.0739 262.859 489.547 721.831  978.17 1228.52
15.1339 263.906 491.547 724.831  982.17 1233.41
15.1339 264.968 493.524 727.831  986.17 1238.37
15.1339 265.968 495.524 730.789 990.179 1243.41
15.1938 267.019 497.524 733.678 994.179 1248.41
15.2541 268.019 499.502 736.678 998.179 1253.37
15.2541 269.088 501.494 739.617 1002.18 1258.37
15.2541 270.088 503.501 742.576 1006.18  1263.4
15.3132 271.134 505.501 745.576 1010.18  1268.3
15.3732 272.134 507.479 748.576 1014.18 1273.26
15.3732 273.134  509.49 751.543  1018.2 1278.26
15.3732 274.134 511.488 754.543 1022.19 1283.27
15.3732 275.134   513.5 757.511 1026.21 1288.27
 15.433 276.134   515.5 760.458  1030.2 1293.27
 15.433 277.134   517.5 763.418 1034.21  1298.3
 15.433 278.203   519.5 766.361  1038.2  1303.3
 15.433 279.265   521.5 769.361 1042.16 1308.28
 15.433 280.326  523.48 772.361 1046.12 1313.28
 15.433 281.385 525.458 775.361 1050.12 1318.24
15.4905 282.435 527.458 778.254 1054.12 1323.24
15.5486 283.435 529.437 781.254 1058.12  1328.2
15.5486 284.502  531.43 784.194 1062.12  1333.2
15.6057 285.546  533.43 787.194 1066.02  1338.2
15.6628  286.59  535.43 790.194 1069.92  1343.2
15.7189 287.617 537.347 793.194 1073.92  1348.2
15.7189 288.677 539.328 796.194 1077.88  1353.2
15.7748 289.703 541.246 799.194 1081.88  1358.2
15.8317 290.748 543.246 802.194 1085.88  1363.1
15.8893 291.748 545.224 805.194 1089.88 1368.07
15.8893 292.748 547.235 808.164  1093.9 1373.07
15.8893 293.748 549.235 811.125 1097.91  1378.1
15.8893 294.748 551.241 814.087 1101.91 1383.13
15.9464 295.748 553.219 817.087 1105.91 1388.09
15.9464 296.813 555.211  820.03 1109.91 1393.09
16.0024 297.856 557.211  823.03 1113.81 1398.09
16.0584 298.899 559.211  826.03 1117.71 1403.09
16.1145 299.943 561.211  829.03 1121.71 1407.99
16.1145 301.008 563.204 831.973 1125.71 1412.99
16.1704 302.051 565.204 834.973 1129.61 1417.99
16.1704 303.051 567.204 837.935 1133.62 1423.02
16.2251 304.077 569.123 840.935 1137.62 1428.02
16.2251 305.143 571.123 843.882  1141.6 1433.02
16.2251 306.208 573.123 846.829 1145.59 1438.02
16.2811 307.208 575.102 849.829 1149.59 1442.99
16.3355 308.234 577.022 852.829 1153.59 1447.99
16.3355 309.291 579.001 855.829 1157.59 1452.95
16.3914 310.291 581.001 858.829 1161.56 1457.93
16.3914 311.291 583.006 861.793 1165.56 1462.96
16.3914 312.354 585.006 864.735 1169.56 1467.96
16.3914 313.416 587.006 867.678 1173.56 1472.95
16.3914  314.48 588.998 870.622 1177.56 1477.95
16.3914 315.545 590.998  873.57 1181.54 1482.95
16.4467 316.545 592.998 876.515 1185.54 1487.95
16.5021 317.545 594.998 879.467 1189.54 1492.95
 16.557 318.545 596.977 882.467 1193.54 1497.92
 16.557 319.609 598.977 885.415 1197.52 1502.92
16.6122 320.609 600.977 888.367 1201.52 1507.92
16.6673 321.609 602.977 891.313 1205.52 1512.92
16.6673 322.665 604.956 894.313 1209.52 1517.88
16.7219 323.665 606.938 897.313 1213.48 1522.88
16.7757 324.707 608.938 900.313 1217.48 1527.79
16.8303 325.707  610.92 903.313 1221.44 1532.79
16.8303 326.763 612.902 906.313  1225.4 1537.79
16.8303 327.821 614.902 909.313 1229.37 1542.76
16.8303 328.821 616.912 912.285 1233.39 1547.76
16.8303 329.821 618.916  915.25 1237.39 1552.79
16.8303 330.821 620.921 918.215 1241.39 1557.82
16.8841 331.821 622.904 921.215 1245.35 1562.82
16.9372 332.866 624.904 924.116 1249.35 1567.82
 16.991 333.866 626.904 927.116 1253.32  1572.8
 16.991 334.922 628.904 930.116 1257.29 1577.78
17.0445 335.922 630.884 933.116 1261.29 1582.75
17.0445 336.978 632.866 936.116 1265.25 1587.75
17.0445 338.033 634.848 939.116 1269.21 1592.75
 17.097 339.074 636.848 942.116 1273.21 1597.65
 17.097 340.134 638.848 945.062 1277.21 1602.65
 17.097  341.19  640.83 948.062 1281.17 1607.65
17.1492  342.23  642.83 951.062 1285.08 1612.65
17.2013 343.272  644.83 954.062 1289.08 1617.56
17.2543 344.272  646.83 957.062 1293.05 1622.53
17.3076 345.272  648.83 960.016 1297.04 1627.53
17.3076 346.326 650.812 963.016    1301 1632.53
17.3602 347.326 652.792 966.016    1305  1637.5
17.4132 348.326 654.792 968.965    1309  1642.5
17.4654  349.37 656.792 971.869    1313  1647.5
17.4654  350.37  658.79 974.869    1317 1652.51
17.4654 351.423  660.77 977.869    1321 1657.48
17.5163 352.447 662.695 980.869    1325 1662.48
17.5163 353.447 664.692 983.869 1328.99 1667.49
17.5163 354.502 666.692 986.869 1332.96 1672.46
17.5684 355.502 668.692 989.869 1336.92 1677.44
17.6198 356.542 670.692 992.869 1340.83 1682.44
17.6198 357.601 672.684 995.818 1344.83 1687.44
17.6198 358.601 674.689 998.785 1348.83 1692.47
17.6715 359.601 676.669 1001.79 1352.83 1697.44
17.7237 360.601 678.669 1004.74 1356.83 1702.44
17.7758 361.601 680.664 1007.69 1360.83 1707.44
17.7758 362.653 682.644 1010.69 1364.83 1712.41
17.8269 363.696 684.644  1013.6 1368.83 1717.41
17.8789 364.696 686.644 1016.56 1372.82 1722.41
17.8789 365.696 688.644 1019.52 1376.82 1727.43
17.8789 366.696 690.653  1022.5 1380.84 1732.43
17.9297 367.738 692.653  1025.4 1384.84 1737.43
17.9297 368.738 694.658 1028.37 1388.84 1742.46
17.9297 369.797 696.658 1031.32 1392.83 1747.46
17.9297 370.797 698.655 1034.32 1396.82 1752.47
17.9297 371.855 700.647 1037.27 1400.82 1757.47
17.9805 372.855 702.647 1040.27 1404.79 1762.45
17.9805 373.855 704.645 1043.27 1408.78 1767.46
 18.031 374.855 706.625 1046.27 1412.78 1772.43
 18.081 375.893 708.625 1049.27  1416.7 1777.43
 18.081 376.943 710.606 1052.27  1420.7  1782.4
 18.081 377.996 712.606 1055.27 1424.66 1787.38
18.1299 379.019 714.534 1058.27 1428.66 1792.38
18.1797 380.061 716.534 1061.18 1432.66 1797.38
18.2301 381.061 718.534 1064.18 1436.63 1802.36
18.2301 382.117 720.527 1067.13 1440.63 1807.36
18.2301 383.168 722.508 1070.13 1444.63 1812.33
18.2301 384.168 724.508  1073.1 1448.64 1817.35
18.2301 385.218 726.489  1076.1 1452.64 1822.32
18.2792 386.257 728.489  1079.1 1456.64 1827.23
18.3283 387.294 730.489  1082.1 1460.55 1832.23
18.3781 388.294 732.472  1085.1 1464.52 1837.23
18.3781  389.35 734.472 1088.05 1468.52 1842.23
18.4277  390.35 736.454 1091.05 1472.52  1847.2
18.4773  391.35 738.437 1094.05 1476.49  1852.2
18.5263 392.388 740.437 1097.05 1480.49 1857.11
18.5263 393.388 742.435 1100.05 1484.48 1862.12
18.5754 394.429 744.435 1102.96 1488.48 1867.12
18.6252 395.429 746.435 1105.92 1492.47 1872.12
18.6742 396.469 748.435 1108.83 1496.47 1877.12
18.6742 397.526 750.435 1111.79 1500.46 1882.12
18.7238 398.526 752.435 1114.74 1504.46 1887.12
18.7238 399.577 754.435 1117.74 1508.43  1892.1
18.7238 400.629 756.435 1120.74  1512.4 1897.08
18.7732 401.629 758.435  1123.7 1516.39 1902.08
18.7732 402.685 760.435 1126.65 1520.38 1907.08
18.7732 403.685 762.435 1129.62 1524.39  1912.1
18.7732 404.734 764.416 1132.62 1528.39 1917.07
18.7732 405.734 766.413 1135.62 1532.38 1922.08
18.7732 406.734 768.418 1138.59 1536.38  1927.1
18.7732 407.734 770.415 1141.59 1540.37 1932.11
18.7732 408.784 772.399 1144.59 1544.34 1937.11
18.7732 409.833  774.38 1147.59 1548.34 1942.08
  18.82 410.855 776.311 1150.59 1552.34 1947.08
18.8683 411.855 778.311 1153.54 1556.34 1952.08
18.9158 412.891 780.311 1156.54 1560.26 1957.08
18.9158 413.947 782.311  1159.5 1564.24 1962.08
18.9632 414.984 784.311  1162.5 1568.24    1967
19.0112 415.984 786.296  1165.5 1572.21    1972
19.0591 416.984 788.278  1168.5 1576.21 1976.97
19.0591 417.984 790.286 1171.48 1580.23 1981.97
19.0591 419.033  792.27 1174.48 1584.19 1986.97
19.1068 420.033 794.251 1177.48 1588.19 1991.94
19.1532 421.055 796.183 1180.48 1592.19 1996.94
19.1532 422.103 798.165 1183.48 1596.19 2001.91
19.1532 423.103 800.173 1186.45 1600.21 2006.91
19.2007 424.103 802.157 1189.45 1604.18 2011.91
19.2007 425.156 804.149 1192.41 1608.18 2016.91
19.2007 426.156 806.149 1195.38 1612.18 2021.93
19.2482 427.156 808.144 1198.34 1616.18 2026.93
19.2955 428.156 810.126 1201.34 1620.18  2031.9
19.2955 429.156 812.123 1204.34 1624.18 2036.91
19.3414 430.177 814.056 1207.34 1628.18 2041.91
19.3414 431.177 816.056 1210.31 1632.18 2046.94
19.3884 432.177 818.056 1213.31 1636.15 2051.92
19.4349 433.213 820.056 1216.31 1640.15 2056.83
19.4349 434.262 822.056 1219.31 1644.13 2061.81
19.4812 435.297 824.056 1222.31 1648.04 2066.81
19.5284 436.297  826.05 1225.26 1652.04 2071.81
19.5753 437.297  828.05 1228.26 1656.02  2076.8
 19.621 438.318 829.984 1231.26 1660.02  2081.8
19.6681 439.318 831.984 1234.22 1664.02 2086.79
19.6681 440.366 833.968 1237.22 1667.98 2091.79
19.7149 441.366 835.952 1240.22 1671.95 2096.79
19.7149 442.417 837.952 1243.17 1675.95 2101.79
19.7616 443.417 839.936 1246.17 1679.92 2106.79
19.8079 444.455 841.936 1249.09 1683.92 2111.79
 19.854 445.489 843.936 1252.09 1687.84 2116.79
 19.854 446.542 845.936 1255.05 1691.83 2121.79
 19.854 447.542  847.94 1258.02 1695.83 2126.81
19.9007 448.542 849.934 1260.98 1699.83 2131.81
19.9467 449.579 851.934  1263.9 1703.83 2136.81
19.9931 450.579 853.916  1266.9 1707.83 2141.78
19.9931 451.579 855.916 1269.87 1711.84 2146.81
19.9931 452.627 857.916 1272.87 1715.81 2151.79
20.0388 453.661 859.916 1275.87 1719.73 2156.79
 20.085 454.661 861.898 1278.87 1723.73 2161.76
20.1314 455.661 863.893 1281.83 1727.73 2166.76
20.1779 456.661 865.893 1284.78 1731.73 2171.76
20.2237 457.698 867.893  1287.7 1735.73 2176.76
20.2237  458.75 869.893 1290.66 1739.72 2181.76
20.2701  459.75 871.887 1293.62 1743.72 2186.76
20.3164  460.75 873.882 1296.58 1747.72 2191.76
20.3164   461.8 875.882 1299.53 1751.72 2196.75
20.3164   462.8 877.885 1302.51 1755.72 2201.78
20.3618 463.834 879.885 1305.51 1759.72  2206.7
20.3618 464.879 881.868 1308.51 1763.72 2211.67
20.3618 465.879 883.871 1311.48 1767.72 2216.69
20.3618 466.931 885.871 1314.44 1771.71 2221.69
20.4075 467.931 887.871 1317.44 1775.68 2226.67
20.4075 468.931 889.874 1320.41 1779.68  2231.7
20.4075 469.981 891.867 1323.37 1783.68  2236.7
20.4075 470.981 893.864 1326.37 1787.67 2241.71
20.4523 472.014 895.864 1329.37 1791.59 2246.71
20.4523 473.061 897.864 1332.37 1795.57 2251.69
20.4523 474.105 899.847 1335.37 1799.57 2256.66
20.4963 475.125 901.783 1338.37 1803.57 2261.66
20.5409 476.159 903.783 1341.37 1807.57 2266.58
20.5856 477.195 905.783 1344.29 1811.57 2271.58
20.6306 478.195 907.766 1347.29 1815.57 2276.55
20.6759 479.195  909.76 1350.25 1819.57 2281.55
20.6759 480.195 911.757 1353.25 1823.56 2286.56
20.7209 481.195  913.74 1356.25 1827.56 2291.54
20.7209  482.24 915.723 1359.25 1831.56 2296.51
20.7658  483.24 917.706 1362.25 1835.56 2301.48
20.8109  484.24 919.706 1365.21 1839.55 2306.48
20.8558  485.24 921.688 1368.21 1843.55 2311.45
20.8558 486.284 923.671 1371.21 1847.55 2316.43
20.9002 487.319 925.671 1374.13 1851.55 2321.43
20.9002 488.364 927.656 1377.13 1855.52 2326.43
20.9002  489.41 929.656 1380.13  1859.5 2331.41
20.9443 490.443 931.656 1383.13  1863.5 2336.33
20.9443 491.492 933.656 1386.09  1867.5 2341.33
20.9443 492.492 935.656 1389.06  1871.5 2346.35
 20.989 493.492 937.656 1392.02  1875.5 2351.34
 20.989 494.492 939.663    1395 1879.52 2356.34
 20.989  495.54 941.663 1397.95 1883.52 2361.34
21.0332  496.54 943.646 1400.95 1887.52 2366.31
21.0774  497.54 945.629 1403.95 1891.52 2371.28
21.0774  498.54 947.636 1406.93 1895.53 2376.28
21.0774 499.583 949.619 1409.93 1899.53 2381.26
21.1216 500.583 951.619 1412.89 1903.53 2386.25
21.1653 501.618 953.619 1415.81 1907.53 2391.25
21.2088  502.65 955.619 1418.81 1911.45 2396.25
21.2518 503.669 957.557 1421.81 1915.45 2401.25
21.2518 504.669  959.56 1424.79 1919.45 2406.28
21.2518 505.713 961.543 1427.79 1923.45 2411.25
21.2518 506.713 963.543 1430.76 1927.46 2416.27
21.2518 507.713  965.54 1433.76 1931.45 2421.28
21.2957 508.713  967.54 1436.72 1935.45 2426.28
21.2957  509.76 969.533 1439.68 1939.45 2431.28
21.2957 510.803 971.517 1442.68 1943.45 2436.25
21.2957 511.803 973.523 1445.66 1947.47 2441.25
21.2957 512.848 975.523 1448.66 1951.44 2446.23
 21.339 513.848 977.523 1451.66 1955.42 2451.21
 21.339  514.89 979.507 1454.66 1959.42 2456.19
21.3813 515.909 981.445 1457.66 1963.42 2461.19
21.4245 516.909 983.429 1460.66 1967.42 2466.16
21.4245 517.909 985.431 1463.63 1971.42 2471.18
21.4678 518.909 987.426  1466.6 1975.42 2476.18
 21.511 519.909 989.409  1469.6 1979.42 2481.16
 21.511 520.952 991.393  1472.6 1983.42 2486.13
21.5537 521.986 993.393 1475.52 1987.42 2491.13
21.5962 523.017 995.393 1478.52 1991.34 2496.13
21.5962 524.065 997.393 1481.48 1995.33 2501.13
21.6392 525.065 999.378 1484.48  1999.3 2506.13
21.6817 526.096 1001.38 1487.48 2003.23 2511.13
21.7242 527.127 1003.38 1490.48 2007.16 2516.13
21.7242 528.127 1005.37 1493.48 2011.15 2521.14
21.7242 529.127 1007.37 1496.48 2015.15 2526.15
21.7242 530.127 1009.38 1499.46 2019.16 2531.15
21.7242 531.127 1011.38 1502.46 2023.16 2536.16
21.7671 532.127 1013.37 1505.42 2027.16 2541.16
21.7671 533.127 1015.37  1508.4 2031.16 2546.18
21.7671 534.127 1017.38 1511.37 2035.16  2551.2
21.7671 535.174 1019.38 1514.34 2039.15  2556.2
21.7671 536.174 1021.38 1517.31 2043.15 2561.22
21.8096 537.174 1023.38 1520.28 2047.14 2566.22
21.8521 538.174 1025.37 1523.24 2051.14 2571.22
21.8521 539.174 1027.38 1526.22 2055.16 2576.22
21.8943 540.174 1029.36 1529.22 2059.16  2581.2
21.8943 541.216 1031.35 1532.22 2063.13  2586.2
21.9366 542.216 1033.35 1535.18 2067.13 2591.19
21.9778 543.235 1035.29 1538.18 2071.13 2596.19
22.0201 544.235 1037.28 1541.14 2075.13 2601.19
22.0201 545.235 1039.28 1544.12 2079.13 2606.21
22.0201 546.277 1041.28 1547.12 2083.11  2611.2
22.0201 547.277 1043.29  1550.1 2087.12  2616.2
22.0617  548.31 1045.29 1553.02 2091.12  2621.2
22.0617  549.31 1047.29    1556 2095.13 2626.22
22.1035  550.31 1049.29    1559  2099.1  2631.2
22.1035 551.352 1051.29    1562 2103.08 2636.18
22.1035 552.394 1053.27    1565 2107.05 2641.18
22.1035 553.438 1055.27 1567.96 2111.05 2646.18
22.1035 554.484 1057.27 1570.92 2115.04 2651.18
22.1451 555.484 1059.27 1573.92 2119.02 2656.16
22.1451  556.53 1061.27 1576.88 2123.02 2661.16
22.1856 557.548 1063.21 1579.88 2127.02 2666.16
22.1856 558.548 1065.21 1582.87 2131.03 2671.16
22.2266  559.58 1067.21 1585.79 2135.03 2676.16
 22.268  560.58  1069.2 1588.79    2139 2681.16
22.3095  561.58  1071.2 1591.76 2142.99 2686.16
22.3509  562.58 1073.18 1594.76 2146.97 2691.16
22.3919 563.613 1075.18 1597.68 2150.97 2696.16
22.4335 564.613 1077.18 1600.65 2154.96 2701.16
22.4335 565.657 1079.18 1603.61 2158.96 2706.16
22.4335 566.657 1081.18 1606.61 2162.95 2711.16
22.4335 567.698 1083.17 1609.61 2166.93 2716.16
22.4335 568.698 1085.17 1612.59 2170.93 2721.18
22.4335 569.739 1087.17 1615.59  2174.9 2726.17
22.4335 570.784 1089.16 1618.55  2178.9 2731.17
22.4744 571.784 1091.15 1621.55 2182.88 2736.17
22.4744 572.784 1093.15 1624.52 2186.88 2741.19
22.4744 573.784 1095.16  1627.5 2190.89 2746.19
22.4744 574.828 1097.15 1630.47 2194.89 2751.19
22.5151 575.828 1099.15 1633.47 2198.87 2756.17
22.5549 576.846 1101.09 1636.47 2202.87 2761.17
22.5956 577.846 1103.08 1639.47 2206.84 2766.17
22.5956 578.887 1105.08 1642.47 2210.81 2771.16
22.5956 579.887 1107.08 1645.47 2214.81 2776.16
22.5956 580.887 1109.08 1648.45 2218.82 2781.16
22.5956 581.887 1111.09 1651.42 2222.82 2786.19
22.6356 582.917 1113.09 1654.42 2226.82 2791.12
22.6356 583.961 1115.09 1657.39 2230.81 2796.12
22.6761 584.961 1117.09 1660.36 2234.81 2801.12
22.6761 585.961 1119.08 1663.36  2238.8 2806.12
22.7163 586.961 1121.07 1666.36 2242.77 2811.12
22.7163 587.961 1123.07 1669.33 2246.77 2816.14
22.7565 588.961 1125.06 1672.33 2250.75 2821.14
22.7565 589.961 1127.05 1675.33 2254.74 2826.15
22.7968 590.961 1129.05  1678.3 2258.74 2831.15
22.8369 591.961 1131.04  1681.3 2262.71 2836.15
22.8369 592.961 1133.05 1684.28 2266.72 2841.15
22.8769 593.961 1135.03 1687.28  2270.7 2846.15
22.8769 595.004 1137.03 1690.24  2274.7 2851.15
22.8769 596.004 1139.04 1693.22 2278.71 2856.15
22.9169 597.004 1141.04 1696.22 2282.69 2861.13
22.9169 598.004 1143.04 1699.21  2286.7 2866.13
22.9563 599.033 1145.04 1702.21  2290.7 2871.06
22.9563 600.076 1147.04 1705.17 2294.69 2876.06
22.9563 601.116 1149.03 1708.17 2298.66 2881.06
22.9563 602.116 1151.03 1711.15 2302.66 2886.08
22.9563 603.154 1153.02 1714.15 2306.66 2891.06
 22.996 604.154 1155.02 1717.12 2310.66 2896.06
23.0357 605.154 1157.01 1720.08 2314.66 2901.06
23.0749 606.182 1159.01 1723.08 2318.59 2906.06
23.0749 607.221    1161 1726.08 2322.56 2911.06
23.1145 608.221 1162.99 1729.05 2326.56 2916.06
23.1145 609.221 1164.99 1732.02 2330.57 2921.08
23.1145 610.259 1166.98 1735.02 2334.57 2926.06
23.1145 611.259 1168.98 1738.02 2338.56 2931.07
 23.153 612.276 1170.92 1741.02 2342.56 2936.07
23.1919 613.305 1172.92 1744.02 2346.56    2941
23.1919 614.348 1174.92 1746.99 2350.55    2946
23.1919 615.386 1176.91 1749.99 2354.55 2950.97
23.1919 616.386 1178.91 1752.97 2358.55    2956
23.1919 617.386 1180.91 1755.94 2362.56 2961.01
23.1919 618.386 1182.91 1758.92 2366.57 2966.01
23.1919 619.425 1184.91 1761.92 2370.55    2971
23.2307 620.425  1186.9 1764.92 2374.55 2975.97
23.2698 621.425 1188.89 1767.89 2378.55 2980.97
23.2698 622.467 1190.89 1770.86 2382.55 2985.97
23.2698 623.467 1192.88 1773.86 2386.54 2990.98
23.2698 624.467 1194.89 1776.83 2390.54    2996
23.2698 625.509 1196.89  1779.8 2394.53    3001
23.2698 626.509 1198.89 1782.78 2398.53 3006.02
23.3083 627.509 1200.87 1785.78 2402.53    3011
23.3083 628.509 1202.87 1788.75 2406.54 3016.02
 23.347 629.509 1204.87 1791.72 2410.53 3021.02
23.3855 630.509 1206.86 1794.72 2414.51 3026.02
23.3855 631.546 1208.84 1797.72 2418.51    3031
23.4239 632.546 1210.83 1800.72 2422.48    3036
23.4239 633.584 1212.82 1803.72 2426.46    3041
23.4624 634.584 1214.81 1806.69 2430.46    3046
23.5009 635.584 1216.81 1809.65 2434.46    3051
23.5009 636.625 1218.81 1812.62 2438.46 3055.99
23.5394 637.625 1220.81 1815.58 2442.46 3060.99
23.5394 638.662 1222.79 1818.58 2446.46 3065.97
23.5394 639.662 1224.79 1821.58 2450.45 3070.97
23.5777 640.662 1226.79 1824.55 2454.45 3075.97
23.5777 641.662 1228.79 1827.53 2458.46 3080.97
23.5777 642.703 1230.78  1830.5 2462.46 3085.97
23.5777 643.744 1232.78 1833.46 2466.46 3090.97
23.5777 644.744 1234.79 1836.44 2470.46 3095.99
23.6149  645.76 1236.73 1839.44 2474.46 3100.99
 23.653  646.76 1238.73  1842.4 2478.46 3105.99
23.6905 647.787 1240.73  1845.4  2482.4 3110.99
23.7285 648.787 1242.71  1848.4 2486.37 3115.99
23.7664 649.787 1244.71  1851.4 2490.35 3120.98
23.8036 650.803 1246.66  1854.4 2494.35 3125.98
23.8036 651.841 1248.66  1857.4 2498.33 3130.96
23.8416 652.841 1250.66 1860.37 2502.33 3135.96
23.8797 653.841 1252.66 1863.34 2506.32 3140.96
23.8797 654.841 1254.66 1866.32 2510.33 3145.96
23.9171 655.868 1256.66 1869.32 2514.27 3150.96
23.9542 656.884 1258.61 1872.32 2518.27 3155.96
23.9542 657.884 1260.61  1875.3 2522.27 3160.98
23.9916 658.911 1262.61  1878.3 2526.27 3165.92
24.0295 659.911  1264.6 1881.27 2530.27 3170.92
24.0295 660.951  1266.6 1884.23 2534.27 3175.92
24.0295 661.951  1268.6 1887.22 2538.28 3180.92
24.0295 662.951  1270.6 1890.22 2542.28 3185.92
24.0672 663.951  1272.6 1893.19 2546.27 3190.92
24.1044 664.978  1274.6 1896.19 2550.21 3195.92
 24.142 665.978 1276.59 1899.19 2554.21  3200.9
 24.142 666.978 1278.59 1902.16 2558.21 3205.92
 24.142 667.978 1280.59 1905.14 2562.21 3210.94
24.1787 668.994 1282.54 1908.14 2566.21 3215.94
24.2161 669.994 1284.52 1911.14 2570.19 3220.94
24.2532  671.02 1286.52 1914.14 2574.12 3225.94
24.2532 672.057 1288.52 1917.14  2578.1 3230.92
24.2532 673.057 1290.52 1920.12 2582.11 3235.94
24.2532 674.057 1292.52  1923.1 2586.11 3240.96
24.2905 675.057 1294.52  1926.1 2590.08 3245.95
24.2905 676.096 1296.52 1929.07 2594.08 3250.95
24.3278 677.096 1298.52 1932.07 2598.06 3255.93
24.3278 678.137 1300.52 1935.03 2602.05 3260.93
24.3278 679.173 1302.52 1938.03 2606.03 3265.92
24.3278 680.173 1304.51 1941.03 2610.03 3270.92
24.3649 681.173 1306.51    1944 2614.03 3275.92
 24.402 682.173  1308.5    1947    2618 3280.92
 24.402  683.21 1310.49    1950 2621.98 3285.92
 24.402  684.25 1312.49 1952.97 2625.97 3290.92
 24.402 685.289 1314.48 1955.93 2629.97 3295.92
 24.402 686.328 1316.48  1958.9 2633.97 3300.92
 24.402 687.364 1318.46  1961.9 2637.97  3305.9
 24.402 688.399 1320.45  1964.9 2641.97 3310.88
 24.402 689.435 1322.44  1967.9 2645.95 3315.88
24.4383 690.462 1324.44  1970.9 2649.95 3320.82
24.4747  691.49 1326.44 1973.84 2653.95 3325.82
 24.511 692.516 1328.44 1976.84 2657.89 3330.82
 24.511 693.516 1330.44 1979.82  2661.9 3335.82
 24.511 694.516 1332.44 1982.82 2665.89 3340.82
 24.511 695.516 1334.44  1985.8  2669.9 3345.84
24.5475 696.516 1336.42  1988.8  2673.9 3350.82
 24.584 697.516 1338.41  1991.8 2677.87 3355.82
24.6205 698.516  1340.4  1994.8 2681.87  3360.8
24.6205 699.516  1342.4 1997.78 2685.88 3365.81
24.6205 700.555 1344.39 2000.74 2689.88 3370.81
24.6565 701.581 1346.39 2003.74 2693.88 3375.75
24.6926 702.607 1348.39 2006.74 2697.88 3380.69
24.7291 703.607 1350.38 2009.71 2701.88 3385.69
24.7657 704.607 1352.38 2012.68 2705.87 3390.69
24.8018 705.635 1354.38 2015.62 2709.87 3395.69
24.8018 706.635 1356.39  2018.6 2713.88 3400.69
24.8383 707.635 1358.38 2021.57 2717.88 3405.69
24.8744 708.663 1360.38 2024.51 2721.88 3410.69
24.9104 709.688 1362.38 2027.51 2725.82 3415.69
24.9467 710.688 1364.37 2030.51  2729.8 3420.69
24.9831 711.688 1366.37 2033.51 2733.77 3425.68
24.9831 712.728 1368.37 2036.48 2737.77 3430.68
24.9831 713.728 1370.38 2039.46 2741.78 3435.68
24.9831 714.763 1372.38 2042.46 2745.76 3440.66
24.9831 715.798 1374.36 2045.46 2749.76 3445.64
24.9831 716.836 1376.36 2048.43 2753.76 3450.64
25.0191 717.836 1378.35 2051.43 2757.76 3455.61
25.0191 718.836 1380.35 2054.43 2761.75 3460.62
25.0549 719.863 1382.35 2057.36 2765.75 3465.62
25.0549 720.899 1384.35 2060.36 2769.73 3470.61
25.0909 721.899 1386.35 2063.36 2773.71 3475.59
25.1261 722.914  1388.3 2066.36 2777.71 3480.59
25.1261 723.948 1390.28 2069.36 2781.71 3485.57
25.1622 724.948 1392.28 2072.33 2785.71 3490.57
25.1622 725.983 1394.27 2075.33 2789.69 3495.57
25.1622 726.983 1396.27 2078.31 2793.69 3500.59
25.1976 728.008 1398.27 2081.31 2797.63 3505.59
25.1976 729.046 1400.26 2084.28 2801.63 3510.59
25.2335 730.046 1402.26 2087.25 2805.63 3515.59
25.2693 731.046 1404.26 2090.25  2809.6 3520.57
25.3052 732.046 1406.26 2093.21  2813.6 3525.57
 25.341 733.046 1408.26 2096.21 2817.58 3530.56
25.3765 734.074 1410.26 2099.15 2821.58 3535.56
25.3765 735.074 1412.26 2102.13 2825.59 3540.57
25.3765 736.074 1414.26 2105.13 2829.58 3545.58
25.3765 737.111 1416.25  2108.1 2833.58 3550.58
25.4118 738.139 1418.25 2111.03 2837.58 3555.58
25.4468 739.153  1420.2 2114.03 2841.58 3560.58
25.4825 740.153  1422.2    2117 2845.58 3565.58
25.4825 741.191  1424.2 2119.97 2849.58 3570.58
 25.518 742.191 1426.18 2122.97 2853.58 3575.56
 25.518 743.229 1428.18 2125.94 2857.58 3580.56
 25.518 744.267 1430.17 2128.91 2861.58 3585.56
 25.518 745.302 1432.16 2131.91 2865.55 3590.56
25.5528 746.317 1434.11 2134.91 2869.55 3595.56
25.5883 747.317 1436.11 2137.88 2873.55 3600.56
25.6238 748.317 1438.11 2140.88 2877.53 3605.54
25.6238 749.354 1440.11 2143.85 2881.53 3610.54
25.6593 750.354 1442.11 2146.82 2885.53 3615.54
25.6946 751.354  1444.1 2149.82  2889.5 3620.54
  25.73 752.354 1446.08 2152.82  2893.5 3625.52
25.7647 753.368 1448.03 2155.82  2897.5 3630.52
25.8001 754.368 1450.03 2158.82 2901.48  3635.5
25.8356 755.368 1452.03 2161.79 2905.47  3640.5
25.8706 756.393 1454.03 2164.79 2909.41  3645.5
25.8706 757.393 1456.03 2167.77 2913.41 3650.52
 25.906 758.393 1458.03 2170.74 2917.41 3655.52
 25.906 759.429 1460.03  2173.7 2921.41 3660.52
25.9413 760.429 1462.01  2176.7 2925.41  3665.5
25.9766 761.429 1464.01  2179.7 2929.39 3670.48
26.0116 762.456 1466.01 2182.64 2933.39 3675.48
26.0468 763.456    1468 2185.64 2937.39 3680.46
26.0822 764.456 1469.99 2188.61 2941.39 3685.46
26.0822 765.456    1472  2191.6  2945.4 3690.46
26.1176 766.456    1474 2194.57  2949.4 3695.46
26.1176 767.493    1476 2197.54 2953.39 3700.46
26.1176 768.493    1478 2200.54 2957.39 3705.47
26.1176 769.493    1480 2203.52  2961.4 3710.47
26.1176 770.527    1482 2206.52 2965.38 3715.45
26.1176 771.564    1484 2209.49 2969.38 3720.45
26.1176 772.601    1486 2212.46 2973.37 3725.45
26.1176 773.601    1488 2215.44 2977.37 3730.47
26.1518 774.615 1489.95 2218.44 2981.37 3735.47
26.1518 775.615 1491.96 2221.42 2985.37 3740.49
 26.186  776.63 1493.91 2224.42 2989.37 3745.49
 26.186  777.63  1495.9 2227.42 2993.37 3750.49
26.2205 778.654  1497.9 2230.42 2997.37 3755.44
26.2555 779.654  1499.9 2233.39 3001.36 3760.44
  26.29  780.68  1501.9 2236.33 3005.36 3765.44
  26.29 781.714 1503.89 2239.33 3009.34 3770.44
26.3244 782.738 1505.89 2242.33 3013.28 3775.44
26.3244 783.771 1507.88 2245.33 3017.26 3780.44
26.3593 784.771 1509.88  2248.3 3021.26 3785.44
26.3937 785.796 1511.88  2251.3 3025.26 3790.38
26.4281 786.822 1513.88 2254.24 3029.26 3795.38
26.4628 787.822 1515.86 2257.24 3033.26 3800.36
26.4628 788.858 1517.86 2260.21 3037.25 3805.36
26.4628 789.858 1519.87  2263.2 3041.26 3810.36
26.4971 790.882 1521.87  2266.2  3045.2 3815.36
26.5319 791.882 1523.87 2269.17  3049.2 3820.36
26.5666 792.882 1525.87 2272.14 3053.19 3825.36
26.5666 793.915 1527.85 2275.14 3057.19 3830.34
26.6005 794.929  1529.8 2278.14 3061.19 3835.34
26.6005 795.961 1531.79 2281.14 3065.19 3840.32
26.6005 796.995 1533.79 2284.14 3069.17  3845.3
26.6347 798.019 1535.79 2287.14 3073.17 3850.25
26.6693 799.019 1537.79 2290.11 3077.17 3855.24
26.6693 800.051 1539.78 2293.11 3081.17 3860.22
26.6693 801.051 1541.78 2296.09 3085.17 3865.24
26.7034 802.075 1543.78 2299.09 3089.17 3870.18
26.7034 803.075 1545.77 2302.09 3093.17 3875.19
26.7034 804.109 1547.77 2305.09 3097.15 3880.17
26.7371 805.123 1549.73 2308.09 3101.15 3885.17
26.7371 806.123 1551.72 2311.09 3105.15 3890.18
 26.771 807.147 1553.72 2314.09 3109.15 3895.12
 26.771 808.147 1555.73 2317.07 3113.15 3900.14
 26.771 809.147 1557.73 2320.06 3117.16 3905.14
26.8049 810.171 1559.73 2323.06 3121.16 3910.08
26.8385 811.185 1561.68 2326.06 3125.16 3915.08
26.8727 812.185 1563.68 2329.06 3129.14 3920.07
26.8727 813.218 1565.67 2332.06 3133.12 3925.07
26.9067 814.218 1567.66 2335.06 3137.12 3930.05
26.9067 815.218 1569.66 2338.04 3141.12 3935.07
26.9408 816.218 1571.65 2341.04 3145.09 3940.07
26.9749 817.218 1573.63 2344.04 3149.09 3945.05
27.0089 818.218 1575.62 2347.04 3153.07 3950.05
27.0089  819.25 1577.61 2350.04 3157.05 3955.05
27.0089  820.25 1579.61 2353.02 3161.05 3960.06
27.0426 821.274 1581.61 2356.02 3164.99 3965.06
27.0764 822.299 1583.61 2358.96 3168.99 3970.06
27.1101 823.322 1585.61 2361.96 3172.94 3975.06
27.1442 824.322 1587.61 2364.93 3176.94 3980.06
27.1779 825.346 1589.61 2367.93 3180.94    3985
 27.212 826.346 1591.61  2370.9 3184.93    3990
27.2461 827.346 1593.61 2373.87 3188.93    3995
27.2461 828.346 1595.61 2376.87 3192.93 4000.01
  27.28 829.346 1597.59 2379.87 3196.93 4004.99
  27.28 830.346  1599.6 2382.86 3200.94 4009.99
  27.28  831.38  1601.6 2385.82 3204.94 4014.98
  27.28  832.38 1603.59 2388.82 3208.93 4019.99
27.3138  833.38 1605.59 2391.82 3212.91 4024.97
27.3138  834.38  1607.6 2394.81 3216.92 4029.97
27.3138  835.38  1609.6 2397.79 3220.93 4034.99
27.3138 836.412 1611.59 2400.79 3224.93 4039.97
27.3476 837.412 1613.58 2403.76 3228.93 4044.97
27.3476 838.412 1615.58 2406.75 3232.94 4049.97
27.3813 839.412 1617.57 2409.75 3236.92 4054.97
27.4149 840.412 1619.56 2412.75 3240.89 4059.97
27.4483 841.434 1621.56 2415.75 3244.84 4064.97
27.4483 842.434 1623.56 2418.75 3248.83 4069.98
27.4816 843.457 1625.56 2421.75 3252.78 4074.98
27.5149  844.48 1627.56 2424.75 3256.72 4079.98
27.5149 845.512 1629.55 2427.75  3260.7 4084.98
27.5485 846.512 1631.55 2430.75 3264.68 4089.96
27.5821 847.512 1633.53 2433.75 3268.66 4094.96
27.6154 848.536 1635.53 2436.69 3272.66 4099.96
 27.649 849.536 1637.53 2439.69 3276.64 4104.95
27.6827 850.536 1639.53 2442.66 3280.64 4109.95
27.6827 851.536 1641.53 2445.66 3284.64 4114.96
27.7163 852.536 1643.53 2448.66 3288.62 4119.94
27.7163 853.536 1645.53 2451.64 3292.62 4124.96
27.7495 854.561 1647.53 2454.58 3296.62 4129.96
 27.783 855.561 1649.53 2457.58  3300.6 4134.94
 27.783 856.561 1651.53 2460.57 3304.61 4139.94
27.8162 857.585 1653.53 2463.51 3308.61 4144.94
27.8162 858.617 1655.53 2466.51 3312.59 4149.93
27.8162 859.648 1657.52 2469.51 3316.57 4154.93
27.8496 860.648 1659.52 2472.51 3320.55 4159.92
27.8496  861.68 1661.51 2475.51 3324.53 4164.92
27.8496 862.711  1663.5 2478.51 3328.51 4169.92
27.8496 863.743  1665.5 2481.51 3332.49 4174.91
27.8496 864.774 1667.48 2484.51 3336.49 4179.89
27.8826 865.798 1669.48 2487.46 3340.49 4184.89
27.8826 866.833 1671.48 2490.43 3344.48 4189.89
27.9155 867.856 1673.48 2493.43 3348.48 4194.83
27.9484 868.878 1675.48 2496.43 3352.48 4199.78
27.9816 869.878 1677.47 2499.43 3356.46 4204.78
28.0147 870.878 1679.46 2502.43 3360.46 4209.76
28.0147  871.91 1681.46 2505.43 3364.44 4214.74
28.0147  872.91 1683.46 2508.41 3368.45 4219.76
28.0147 873.941 1685.45 2511.41 3372.45 4224.74
28.0479 874.941 1687.45 2514.38 3376.44 4229.74
28.0479 875.941 1689.45 2517.37 3380.44 4234.76
28.0479 876.941 1691.45 2520.37 3384.44 4239.76
28.0809 877.941 1693.45 2523.34 3388.44 4244.76
28.1137 878.965 1695.45 2526.28 3392.44 4249.76
28.1137 879.965 1697.45 2529.26 3396.44 4254.78
28.1466 880.965 1699.43 2532.26 3400.44 4259.76
28.1466 881.998 1701.43 2535.23 3404.44 4264.75
28.1795 882.998 1703.43 2538.23 3408.42 4269.74
28.1795 884.032 1705.43  2541.2 3412.42 4274.74
28.2118 885.045 1707.38  2544.2 3416.42 4279.74
28.2118 886.045 1709.38  2547.2 3420.41 4284.75
28.2446 887.045 1711.37  2550.2 3424.41 4289.73
28.2772 888.069 1713.37 2553.15 3428.41 4294.73
  28.31 889.069 1715.36 2556.15 3432.39 4299.73
28.3423 890.082 1717.31 2559.15 3436.39 4304.73
28.3423 891.082 1719.31 2562.13 3440.39 4309.74
28.3752 892.082 1721.31  2565.1 3444.39 4314.74
28.3752 893.082 1723.31  2568.1 3448.38 4319.75
 28.408 894.082 1725.31 2571.07 3452.38 4324.75
 28.408 895.113  1727.3 2574.07 3456.36 4329.75
28.4408 896.113  1729.3 2577.04 3460.36 4334.74
28.4408 897.146  1731.3 2580.01 3464.36 4339.74
28.4408 898.176 1733.29 2583.01 3468.34 4344.74
28.4408 899.176 1735.29    2586 3472.35 4349.74
28.4735 900.176 1737.29 2588.97 3476.35 4354.74
28.5058 901.198 1739.29 2591.97 3480.29 4359.74
28.5058 902.198 1741.29 2594.97 3484.29 4364.75
28.5058 903.198 1743.29 2597.96  3488.3 4369.75
28.5058 904.228 1745.28 2600.96  3492.3 4374.73
28.5058 905.258 1747.27 2603.96  3496.3 4379.71
28.5383 906.258 1749.27 2606.96 3500.28  4384.7
28.5383 907.258 1751.27 2609.94 3504.28 4389.71
28.5708 908.258 1753.27 2612.92 3508.27 4394.71
28.6027 909.271 1755.22 2615.92 3512.27 4399.71
28.6351 910.271 1757.22 2618.92 3516.25  4404.7
28.6672 911.293 1759.22 2621.92 3520.25 4409.65
28.6672 912.293 1761.22  2624.9 3524.26 4414.66
28.6672 913.293 1763.22 2627.88 3528.26 4419.68
28.6993 914.316 1765.22 2630.83 3532.26 4424.68
28.7311 915.329 1767.18 2633.83 3536.26 4429.68
28.7311 916.329 1769.18 2636.81 3540.27 4434.68
28.7311 917.359 1771.17 2639.81 3544.25 4439.68
28.7629 918.372 1773.13 2642.81 3548.25 4444.68
28.7946 919.385 1775.08 2645.81 3552.25 4449.68
28.8269 920.385 1777.08 2648.79 3556.24 4454.68
28.8592 921.385 1779.07 2651.79 3560.24 4459.66
28.8592 922.415 1781.06 2654.79 3564.22 4464.66
28.8915 923.415 1783.06 2657.76 3568.22 4469.66
28.9238 924.415 1785.06 2660.73 3572.21 4474.66
28.9561 925.415 1787.05 2663.73 3576.19 4479.66
28.9561 926.447 1789.05 2666.71 3580.19 4484.65
 28.988  927.47 1791.05 2669.65 3584.19 4489.65
 28.988 928.503 1793.04 2672.62 3588.19 4494.65
 28.988 929.534 1795.04 2675.62 3592.17 4499.64
29.0199 930.555 1797.04 2678.62 3596.17 4504.59
29.0199 931.588 1799.04  2681.6 3600.17 4509.59
29.0199 932.619 1801.04  2684.6 3604.15 4514.57
29.0521 933.619 1803.04 2687.57 3608.15 4519.57
29.0841 934.619 1805.04 2690.57 3612.13 4524.56
29.0841 935.649 1807.04 2693.57 3616.11 4529.55
29.0841 936.678 1809.02 2696.57 3620.11 4534.53
29.1161 937.678 1811.01 2699.57 3624.11 4539.51
29.1478   938.7 1813.01 2702.57 3628.11 4544.46
29.1799   939.7 1815.01 2705.55  3632.1 4549.46
29.1799 940.732 1817.01 2708.52  3636.1 4554.46
29.2118 941.732    1819 2711.52 3640.08 4559.46
29.2435 942.755    1821 2714.46 3644.08 4564.46
29.2756 943.755    1823 2717.43 3648.08 4569.45
29.3075 944.755    1825 2720.43 3652.06 4574.44
29.3075 945.785 1826.99 2723.43 3656.04 4579.44
29.3075 946.815 1828.98 2726.43 3660.03 4584.44
29.3392 947.837 1830.98 2729.38 3664.03 4589.44
29.3705  948.85 1832.94 2732.38 3668.03 4594.44
29.4025  949.85 1834.94 2735.35 3672.02 4599.44
29.4345  950.85 1836.94 2738.33 3676.01 4604.44
29.4661 951.873 1838.94 2741.27 3680.01 4609.44
29.4661 952.903 1840.94 2744.27 3683.99 4614.43
29.4661 953.903 1842.94 2747.26    3688 4619.43
29.4979 954.903 1844.94 2750.26 3691.99 4624.41
29.4979 955.936 1846.94 2753.24 3695.98 4629.41
29.4979 956.936 1848.94 2756.22 3699.98 4634.43
29.5297 957.936 1850.94 2759.19 3703.98 4639.43
29.5616 958.936 1852.94 2762.16 3707.97 4644.43
29.5616 959.936 1854.94 2765.15 3711.98 4649.43
29.5927 960.948  1856.9 2768.15 3715.98 4654.43
29.5927 961.948  1858.9 2771.13 3719.98 4659.44
29.5927 962.948  1860.9 2774.13 3723.98 4664.45
29.5927 963.977 1862.89 2777.13 3727.98 4669.43
29.5927 965.005 1864.87 2780.13 3731.98 4674.41
29.6244 966.005 1866.87 2783.11 3735.98 4679.41
29.6557 967.026 1868.87 2786.11 3739.93 4684.41
29.6557 968.026 1870.88 2789.09 3743.94 4689.41
29.6557 969.058 1872.87 2792.07 3747.94 4694.41
29.6557 970.058 1874.87 2795.07 3751.94 4699.42
29.6557 971.091 1876.87 2798.04 3755.93 4704.42
29.6557 972.091 1878.87 2801.02 3759.93 4709.43
29.6557 973.122 1880.87    2804 3763.93 4714.43
29.6871 974.122 1882.86 2806.97 3767.93 4719.43
29.7185 975.122 1884.85 2809.97 3771.93 4724.41
29.7496 976.143 1886.85 2812.97 3775.88 4729.41
 29.781 977.143 1888.85 2815.94 3779.87 4734.41
29.8125 978.143 1890.85 2818.92 3783.87 4739.41
29.8438 979.143 1892.83 2821.92 3787.87 4744.39
29.8438 980.175 1894.83 2824.89 3791.86 4749.39
29.8752 981.175 1896.83 2827.87 3795.86 4754.39
29.8752 982.207 1898.83 2830.84 3799.86 4759.39
29.9065 983.207 1900.82 2833.84 3803.86 4764.37
29.9065 984.207 1902.82 2836.83 3807.87 4769.37
29.9065 985.235 1904.81 2839.83 3811.87 4774.36
29.9375 986.256 1906.81 2842.83 3815.87  4779.3
29.9375 987.256 1908.81 2845.82 3819.87  4784.3
29.9687 988.256  1910.8 2848.82 3823.87 4789.29
29.9687 989.256  1912.8  2851.8 3827.88 4794.29
29.9999 990.256  1914.8 2854.78 3831.88 4799.29
29.9999 991.288 1916.79 2857.75 3835.88 4804.29
29.9999 992.317 1918.79 2860.75 3839.87 4809.27
29.9999 993.317 1920.79 2863.75 3843.86 4814.28
 30.031 994.317 1922.79 2866.75 3847.85 4819.27
30.0621 995.317 1924.78 2869.75 3851.83 4824.27
30.0926 996.329 1926.73 2872.75 3855.83 4829.27
30.0926  997.36 1928.73 2875.72 3859.83 4834.26
30.0926 998.391 1930.73  2878.7 3863.83 4839.26
30.0926 999.423 1932.73 2881.67 3867.82 4844.26
30.0926 1000.42 1934.74 2884.65 3871.82 4849.28
30.0926 1001.42 1936.74 2887.64 3875.82 4854.29
30.1233 1002.44 1938.74 2890.64 3879.77 4859.29
30.1543 1003.44 1940.73 2893.61 3883.77 4864.29
30.1543 1004.44 1942.73  2896.6 3887.77 4869.31
30.1852 1005.44 1944.72  2899.6 3891.75 4874.31
 30.216 1006.44 1946.71  2902.6 3895.75 4879.29
 30.247 1007.44  1948.7 2905.57 3899.75 4884.29
30.2777 1008.47  1950.7 2908.52 3903.75 4889.29
30.2777 1009.49 1952.69 2911.52 3907.75 4894.27
30.2777 1010.52 1954.68 2914.52 3911.75 4899.26
30.2777 1011.55 1956.68 2917.49 3915.75 4904.26
30.3084 1012.55 1958.68 2920.49 3919.73 4909.24
30.3393 1013.55 1960.68 2923.46 3923.73 4914.24
30.3696 1014.56 1962.63 2926.46 3927.73 4919.24
30.4002 1015.59 1964.63 2929.41 3931.73 4924.24
30.4307 1016.61 1966.63 2932.41 3935.73 4929.19
30.4616 1017.61 1968.63 2935.39 3939.73 4934.19
30.4921 1018.63 1970.63 2938.39 3943.73 4939.14
30.4921 1019.66 1972.62 2941.39 3947.73 4944.12
30.4921 1020.66 1974.61 2944.39 3951.73 4949.13
30.4921 1021.68 1976.61 2947.39 3955.71 4954.11
30.5228 1022.68 1978.61 2950.39 3959.69  4959.1
30.5536 1023.68 1980.61 2953.36 3963.69  4964.1
30.5841  1024.7 1982.61 2956.36 3967.64  4969.1
30.5841 1025.73 1984.61 2959.34 3971.64  4974.1
30.5841 1026.76  1986.6 2962.34 3975.64 4979.09
30.6147 1027.76 1988.58 2965.34 3979.64 4984.07
30.6448 1028.77 1990.54 2968.34 3983.64 4989.07
30.6448 1029.81 1992.54 2971.31 3987.63 4994.07