      1 3.33333 3.33333       4 3.33333       6
      1 4.33333 5.83333       7 7.33333    10.5
      1 5.33333  8.5446      10 10.7418 15.3803
      1 6.33333 11.1704 13.0731 14.0428 20.3803
1.23391 7.81473 13.1704 16.0731 17.3275 25.3803
1.46515 8.81473 15.1704 19.0854 21.3275 30.1368
1.46515 10.0427 17.2838 21.7441 25.3275 35.1368
1.64606 11.0427  19.418  24.429 29.3275 40.1368
1.64606 12.3571  21.418 27.3369 33.3275 44.9144
1.64606 13.7109  23.418 30.3318 36.9788 49.9144
1.64606 14.7109 25.7409 33.3406  40.647 54.9144
1.64606 15.9968 27.7409 36.2548  44.647 59.7144
1.78565 16.9968 29.7409 39.3292  48.433 64.7144
1.89605 18.0476 31.5797 42.3292  52.433 69.7144
1.89605 19.0476 33.7785 45.2765  56.433 74.5683
1.89605 20.3171 35.7785 48.2765  60.194 79.5379
2.00635 21.3171 37.8598 51.0848  64.194 84.5379
2.12097 22.5349 39.8598 54.0848 67.8615 89.5379
2.12097 23.5349 41.8598 57.1537 71.7121 94.6185
2.23432 24.5349 43.8598  60.208 75.5444 99.6185
2.34767 25.5349 45.8598  63.208  79.377 104.672
2.34767   26.75 47.8598 66.2158 83.1542 109.672
2.34767 27.9381 49.8598 69.1567 87.1542 114.544
2.44763 29.1276 51.8598 72.1567 90.8648 119.544
2.54879 30.1276 54.0032 75.1567 94.6202 124.544
2.54879 31.2826 56.0735 78.1567 98.6202 129.318
2.64372 32.2826  58.162 81.1567  102.62 134.135
2.64372 33.4113 60.1957 83.9943  106.62 139.135
2.73426 34.5556 62.1957 86.9943  110.62   143.9
2.73426 35.7272 64.1957 89.9439  114.62 148.779
2.82463 36.7272 66.3172 92.9439 118.408 153.779
2.82463 37.7272 68.3172 95.9984   122.3 158.833
2.82463 38.7272 70.3172  99.053 126.191 163.887
2.82463 39.9009 72.3172 102.055 130.016 168.887
2.82463 41.0562 74.3172  105.01 134.016 173.777
2.82463 42.1921 76.3734  108.01 138.016 178.584
2.82463 43.1921 78.5112  111.01 141.879 183.583
2.82463 44.1921 80.6155 113.985 145.879 188.504
2.82463 45.3393 82.6155 116.944 149.879 193.397
2.89795 46.3393 84.6155  119.98  153.77 198.397
2.89795 47.3393 86.7152 122.957  157.77  203.32
2.89795 48.3393 88.8391 125.969 161.634  208.32
2.96337 49.4305 90.8391 128.812 165.634  213.32
3.02543 50.4658 92.7418 131.812 169.634  218.32
3.09383 51.4658 94.8384 134.812 173.469  223.32
3.09383 52.5797  96.891 137.812 177.469 228.154
 3.1609 53.5797  98.891   140.8 181.469   233.1
 3.1609 54.6759 100.914  143.68 185.469   238.1
 3.1609 55.6759 103.005 146.657 189.469 243.032
3.22619 56.6759 105.005 149.657 193.383 248.053
3.22619 57.7825 107.055 152.657 197.383 252.896
3.28911 58.7825 109.143 155.657 201.232 257.896
3.35157 59.8987 111.143 158.657 205.054 262.896
3.35157 60.9888 113.165 161.544 209.054 267.896
3.41334 61.9888 115.251 164.544 212.906 272.896
3.41334  63.101 117.319 167.544 216.726 277.896
3.47502  64.101 119.319 170.544 220.643 282.918
3.53451 65.1983 121.319 173.544 224.643 287.761
3.59373 66.1983 123.352 176.452 228.643 292.761
3.59373 67.1983 125.453 179.457 232.537 297.761
3.65224 68.2923 127.453 182.457 236.537 302.609
3.65224 69.2923 129.533 185.436 240.537 307.549
3.71049 70.3975 131.533 188.436 244.373 312.549
3.71049 71.5063 133.533 191.404 248.373 317.472
3.71049 72.6103 135.595 194.404 252.208 322.472
3.71049 73.6103 137.691 197.409 256.107 327.472
3.71049 74.7304 139.691 200.409 260.004 332.455
3.71049 75.7304 141.691 203.443 263.939 337.487
3.76083 76.7578 143.613 206.443 267.939 342.487
3.76083 77.7578 145.708 209.443 271.848 347.483
3.76083 78.8604 147.708 212.413 275.848  352.41
3.76083 79.8604 149.802 215.413 279.758 357.406
3.76083 80.9742 151.802 218.413  283.66 362.391
 3.8123 81.9742 153.802 221.402  287.66  367.35
3.86367 82.9742 155.875 224.402 291.536  372.35
3.86367 84.0693 157.932 227.402 295.383  377.35
3.91502 85.0693 159.932 230.424  299.31  382.35
3.96405 86.1346 161.932  233.31  303.31  387.35
3.96405 87.2411 163.932 236.307 307.206  392.35
3.96405 88.2411  166.02 239.307 311.119 397.348
4.01319  89.335  168.02 242.307 314.976 402.348
4.06102 90.3996  170.02 245.195 318.976 407.348
4.06102 91.4826 172.057 248.195 322.976 412.228
4.06102 92.4826 174.057 251.223 326.918 417.259
4.06102  93.588 176.057 254.223 330.825 422.246
4.06102 94.6599 178.073 257.135 334.825 427.246
4.06102 95.7648 180.073 260.135 338.733 432.233
4.06102 96.7648 182.137 263.117 342.733 437.187
4.10565 97.8283 184.137 266.008 346.733 442.187
4.15176 98.8283 186.137 268.996 350.733 447.153
4.19835 99.8283 188.137 271.996 354.669 452.171
4.19835 100.916 190.187 274.996 358.532 457.171
4.19835 101.916 192.187 278.022 362.477 462.201
4.19835 103.005 194.187 280.993 366.477  467.14
4.19835 104.005 196.248 283.975 370.477 472.098
4.23972  105.03 198.181 286.975 374.477 477.098
4.28252  106.09 200.181 289.872 378.477 482.098
4.32618  107.09 202.222 292.872 382.477 487.013
4.32618 108.157 204.237  295.79 386.477 492.013
 4.3698 109.157 206.297  298.79 390.374 497.013
 4.3698  110.24 208.343  301.79 394.245 502.013
4.41347  111.24 210.343  304.79 398.185  507.03
4.45595  112.24 212.367 307.723 402.185  512.03
4.45595 113.332 214.367 310.717 406.098  517.03
4.49878 114.332 216.367 313.704 410.098     522
4.54201 115.332 218.367 316.704 414.039 527.016
4.58441 116.332 220.405 319.704 418.039 531.935
4.62718 117.332 222.462 322.704  421.94 536.935
4.62718 118.394 224.476 325.627  425.94 541.935
4.62718 119.484 226.476 328.627 429.861 546.924
4.62718 120.573 228.476 331.621 433.778 551.924
4.62718 121.663 230.476 334.621 437.699 556.913
4.66821 122.741 232.476 337.621 441.579 561.913
4.66821 123.804  234.49 340.545 445.579 566.913
4.66821 124.804 236.557 343.548 449.508 571.913
4.66821 125.867 238.571 346.472 453.508 576.913
4.70735 126.922 240.571 349.378 457.508 581.913
4.70735 127.984 242.584 352.302 461.508 586.913
 4.7466 129.052 244.584 355.302 465.508 591.807
4.78644 130.052 246.637 358.302 469.416 596.807
4.78644 131.052  248.69 361.283 473.416 601.773
4.78644 132.052 250.756 364.285 477.348 606.773
4.78644 133.129 252.756 367.257 481.348 611.724
4.82531 134.129 254.808 370.257 485.257 616.724
4.82531 135.214 256.808 373.257 489.183 621.713
4.82531 136.214 258.873 376.258 493.116 626.713
4.82531 137.299 260.873 379.258 497.042 631.702
4.82531 138.372 262.913 382.258 500.929 636.702
4.82531 139.372 264.913 385.276 504.884 641.729
4.82531 140.456 266.913 388.276  508.81  646.72
 4.8624 141.456 268.965 391.276 512.721  651.72
4.89896 142.519 270.965 394.276 516.721  656.62
4.89896 143.519 273.015 397.259 520.721 661.587
4.89896 144.594 275.015 400.233 524.721 666.539
4.93529 145.666 277.015 403.233 528.613 671.539
4.93529 146.666 279.015  406.25 532.569 676.565
4.97126 147.666 281.048  409.25 536.569 681.496
5.00665 148.717 283.048 412.164 540.569 686.496
5.00665 149.717  285.11 415.164 544.506 691.496
5.00665 150.717  287.11 418.181 548.464 696.522
5.04242 151.717  289.11 421.169 552.464 701.498
5.04242 152.717 291.158 424.152 556.464 706.467
5.04242 153.788 293.158 427.127 560.464 711.421
5.07798 154.788 295.158 430.139 564.416 716.421
5.07798 155.788 297.158 433.155 568.375 721.446
5.07798 156.788 299.158 436.172 572.333 726.471
5.11102 157.809 301.104 439.172 576.333 731.471
5.14497 158.857 303.104  442.09 580.333 736.471
5.14497 159.924  305.14  445.09 584.231 741.471
5.14497 160.991 307.176  448.09 588.128 746.471
5.17954 161.991 309.176  451.09 592.079 751.485
5.21337 163.049 311.176  454.09 596.079 756.394
5.21337 164.103 313.187 457.025 600.079 761.394
5.24698  165.16 315.187 460.025 604.079 766.302
 5.2813  166.16 317.187 463.025 608.031 771.315
5.31536  167.16 319.232 466.025 611.952 776.315
5.34897 168.218 321.232 469.025 615.952 781.225
5.34897 169.218 323.232 472.041 619.912 786.248
5.34897 170.218 325.288 475.041 623.855 791.249
5.38235 171.218 327.318 478.041 627.855 796.186
5.41439 172.237 329.266 481.041 631.855 801.186
5.41439  173.31 331.266 484.041 635.792 806.177
5.44755  174.31 333.295 487.041 639.792 811.115
5.48054 175.365 335.295 490.041 643.792 816.027
5.51322 176.411 337.295 492.963 647.792 821.027
5.51322 177.411 339.338 495.948 651.792 825.999
5.51322 178.411 341.381 498.933 655.792 830.971
5.51322 179.462 343.391 501.872 659.792 835.971
5.51322 180.462 345.434 504.857 663.792 840.943
5.51322 181.462 347.434 507.872 667.755 845.965
5.51322 182.462 349.476 510.857 671.755 850.937
5.51322 183.462 351.529 513.857 675.702 855.937
5.51322 184.462 353.571 516.842 679.702 860.909
5.51322 185.462 355.571 519.857 683.667 865.931
5.54467 186.462   357.6 522.857 687.667 870.871
5.54467 187.529   359.6 525.851 691.605 875.871
5.54467 188.578 361.611 528.791 695.605 880.871
5.57561 189.631 363.611 531.791 699.605 885.787
5.60692 190.631 365.652 534.791 703.532 890.787
5.63759 191.674 367.652 537.717 707.532 895.787
5.63759 192.741 369.652 540.711 711.471 900.787
5.66737 193.759 371.604 543.711 715.471 905.787
5.69834 194.818 373.604 546.711 719.381 910.787
5.69834 195.877 375.635 549.711 723.292 915.787
5.72929 196.877 377.675 552.711  727.22 920.787
5.75989 197.877 379.693 555.663  731.22 925.787
5.79024 198.919 381.693 558.591  735.22 930.787
5.79024 199.919 383.693 561.604 739.186 935.808
5.79024 200.972 385.713 564.604 743.186 940.735
5.81956 201.989 387.666 567.604 747.186 945.735
5.81956 203.037 389.676 570.547 751.186 950.735
5.81956 204.037 391.725 573.547 755.137 955.735
5.81956 205.037 393.774 576.547 759.087 960.735
5.84991 206.037 395.774 579.547 763.046 965.746
5.84991 207.037 397.774  582.56 767.013 970.766
5.88012 208.037 399.774 585.568 770.974 975.766
5.91032 209.037 401.774 588.568 774.933 980.777
5.93907 210.053 403.729 591.568 778.933 985.777
5.96907 211.053 405.729 594.557 782.933 990.758
5.99928 212.053 407.729 597.566 786.895 995.758
5.99928 213.116 409.729  600.56 790.838 1000.76
5.99928 214.179 411.729  603.56 794.783 1005.75
6.02916 215.179 413.729  606.56 798.742 1010.76
6.05907 216.179 415.729 609.569 802.704 1015.76
6.05907 217.242 417.729 612.569 806.649 1020.75
6.05907 218.296 419.757 615.569 810.566 1025.75
6.05907 219.341 421.766 618.515 814.566 1030.75
6.08802 220.341 423.782  621.47 818.566 1035.75
6.08802 221.341 425.828 624.471 822.518 1040.75
6.11661  222.38 427.828 627.403 826.518 1045.75
6.14575  223.38 429.828 630.392 830.518 1050.73
6.14575 224.441 431.828 633.387 834.463 1055.73
6.14575 225.497 433.828 636.366 838.463  1060.7
6.17478 226.497 435.828 639.366 842.424 1065.71
6.20381 227.497 437.828 642.366 846.384 1070.72
6.20381 228.497 439.873 645.366 850.338 1075.72
 6.2324  229.55 441.873 648.366 854.257 1080.72
6.26131  230.55 443.873 651.374  858.22 1085.72
6.26131  231.61 445.873 654.369 862.165 1090.72
6.26131  232.67 447.873 657.369 866.112 1095.71
6.28948  233.67 449.888 660.326 870.112 1100.71
6.31764  234.67 451.903 663.283 874.112 1105.71
6.31764  235.67 453.903 666.295 878.081 1110.73
6.31764 236.722  455.93 669.295 882.002 1115.73
6.34476 237.739 457.886 672.295 886.002 1120.73
6.34476 238.739  459.93 675.295 889.956 1125.74
6.37255 239.739 461.945 678.252 893.956 1130.74
6.37255 240.739 463.945 681.263 897.925 1135.76
    6.4 241.776 465.945 684.199 901.925 1140.76
6.42765  242.82 467.945 687.199 905.925 1145.68
6.42765 243.873 469.945 690.178 909.925 1150.65
6.42765 244.926 471.945 693.158 913.925 1155.62
6.42765 245.977  473.97 696.158 917.848 1160.62
6.45494 247.022  475.97 699.158 921.848 1165.55
6.45494 248.064 477.978 702.108 925.848 1170.55
6.48242 249.064 479.978 705.097 929.848 1175.53
6.51007 250.064 481.978 708.104 933.813 1180.53
6.53755 251.064 483.978 711.093 937.813 1185.51
6.56455 252.101 485.978 714.029 941.813 1190.51
6.56455 253.142 487.986  716.98 945.813 1195.51
6.59161 254.186 489.986  719.98 949.813 1200.44
 6.6187 255.186     492 722.939 953.813 1205.44
6.64623 256.186     494 725.945 957.779 1210.44
6.64623 257.231 496.016 728.945 961.779 1215.38
6.67348 258.231 498.016 731.934 965.779 1220.37
6.70073 259.231 500.016 734.923 969.779 1225.35
6.70073 260.231 502.048  737.91 973.779 1230.33
6.72687 261.246 504.007  740.91 977.779 1235.33
6.72687 262.287 506.015 743.862 981.779 1240.33
6.72687 263.343 508.015 746.862 985.731 1245.32
6.75377 264.343 510.046 749.862 989.673 1250.32
6.75377 265.392  512.07 752.862   993.6 1255.32
6.75377 266.447  514.07 755.855 997.551 1260.32
6.78035 267.496  516.07 758.855 1001.48 1265.32
6.80608 268.511 518.029 761.855 1005.48 1270.32
6.80608 269.555 520.044 764.855 1009.48 1275.26
6.83266 270.555 522.075 767.855 1013.42 1280.26
6.83266 271.596 524.082 770.808 1017.42 1285.26
6.85871 272.631 526.082 773.746 1021.42 1290.26
6.85871 273.631 528.121 776.746 1025.38 1295.27
6.88523 274.631 530.121 779.746 1029.34 1300.27
6.91147 275.631 532.141 782.746 1033.34 1305.23
6.91147 276.685 534.141  785.74 1037.29 1310.23
6.91147 277.725 536.148 788.693 1041.29 1315.23
6.91147 278.768 538.163 791.693 1045.29 1320.17
 6.9377 279.768 540.163 794.698 1049.26 1325.17
 6.9377 280.768 542.163 797.707 1053.24 1330.19
6.96368 281.768 544.193 800.707 1057.18 1335.19
6.98982 282.768 546.193 803.713 1061.15 1340.19
6.98982 283.768 548.231 806.713 1065.11 1345.19
6.98982 284.768  550.27 809.713 1069.07 1350.19
7.01577 285.768  552.27 812.719 1073.04 1355.19
7.04142 286.768 554.289 815.719 1077.04 1360.15
7.04142 287.821 556.289 818.713 1080.99 1365.15
7.04142  288.86 558.296 821.667 1084.99 1370.15
7.04142  289.86 560.296 824.676 1088.96 1375.16
7.06606 290.874 562.257 827.676 1092.96 1380.16
7.06606 291.916 564.271 830.676 1096.96 1385.11
7.09062 292.931 566.232 833.676 1100.96 1390.11
7.09062 293.983 568.232 836.676 1104.92  1395.1
7.09062 294.983 570.232 839.685 1108.89 1400.12
7.09062 296.029 572.254 842.685 1112.82 1405.12
7.11563 297.029 574.273 845.685 1116.82 1410.07
7.11563  298.08 576.273 848.679 1120.78 1415.07
7.14068  299.08 578.302 851.679 1124.72 1420.07
7.14068 300.118 580.309 854.635 1128.72 1425.07
7.14068  301.17 582.309 857.635 1132.68 1430.07
7.14068 302.217 584.309 860.616 1136.68 1435.04
7.14068 303.217 586.345 863.616 1140.64 1440.04
7.16457 304.231 588.307 866.616 1144.64 1445.04
7.18907 305.231 590.319  869.58 1148.64 1450.04
7.21358 306.231 592.331 872.543 1152.64 1455.04
7.21358 307.276 594.352 875.543 1156.57 1460.04
7.23809 308.321 596.352 878.543 1160.51 1465.04
7.23809 309.321 598.388 881.543 1164.47 1470.04
 7.2625 310.321 600.406 884.543 1168.47    1475
 7.2625 311.321 602.406 887.552 1172.44 1480.02
 7.2625 312.371 604.406 890.546  1176.4 1485.02
7.28665 313.409 606.406 893.546  1180.4 1489.95
7.31102 314.409 608.434 896.546 1184.35 1494.95
7.31102 315.455 610.434 899.528 1188.35 1499.93
7.31102 316.505 612.434 902.522  1192.3 1504.93
7.33536 317.505 614.434 905.528 1196.27 1509.93
7.35958 318.505 616.434 908.518 1200.27 1514.91
7.35958 319.505 618.469 911.518 1204.23 1519.91
7.35958 320.549  620.49 914.518 1208.17 1524.91
7.35958 321.599  622.49 917.518 1212.13 1529.91
7.38368 322.599  624.49 920.518 1216.09 1534.92
7.40765 323.599 626.518 923.518 1220.04 1539.92
7.40765 324.599 628.518 926.526 1224.02 1544.93
7.40765 325.648 630.518 929.521 1227.97 1549.93
7.43159 326.648 632.518 932.521 1231.94 1554.94
7.43159 327.693 634.518 935.504 1235.94 1559.91
7.45546 328.693 636.518 938.509 1239.91 1564.91
7.45546 329.693 638.545 941.498 1243.91  1569.9
7.45546 330.693 640.572 944.487 1247.91 1574.88
7.47906 331.693 642.572 947.477 1251.91 1579.87
7.47906 332.741 644.572 950.472 1255.87 1584.87
7.47906 333.777 646.578  953.43 1259.87 1589.87
7.47906 334.777 648.605 956.419 1263.87 1594.85
7.50244 335.777 650.632 959.419 1267.82 1599.85
 7.5257 336.777 652.649 962.419 1271.82 1604.81
 7.5257 337.825 654.649 965.414 1275.78 1609.81
7.54911 338.825 656.649 968.414 1279.74 1614.82
7.57253 339.825 658.649 971.419 1283.72 1619.82
7.59595 340.825 660.649 974.419 1287.68 1624.83
7.59595 341.825 662.676 977.408 1291.68 1629.81
7.61918 342.825 664.676 980.398 1295.68  1634.8
7.64221 343.861 666.676 983.398 1299.68 1639.74
7.66524 344.897 668.676 986.398 1303.68 1644.68
7.66524 345.944 670.676 989.393 1307.64 1649.68
7.68769 346.957  672.64 992.393 1311.64 1654.68
7.71014 347.971 674.605 995.393 1315.64 1659.68
7.71014 348.971 676.605 998.401 1319.62  1664.7
7.73335 349.971 678.605 1001.41 1323.59  1669.7
7.73335 350.971  680.63  1004.4 1327.59 1674.68
7.73335 352.013  682.63 1007.38 1331.59 1679.65
7.73335 353.013 684.656 1010.37 1335.59 1684.64
7.73335 354.047 686.662 1013.33 1339.59 1689.64
7.75547  355.06 688.627 1016.33 1343.59 1694.64
7.75547 356.107 690.627 1019.33 1347.55 1699.63
7.77803 357.142 692.627 1022.33 1351.55 1704.57
7.80009 358.155 694.592 1025.33 1355.55 1709.57
7.80009 359.155 696.592 1028.34 1359.53 1714.59
7.82288 360.155 698.592 1031.34  1363.5 1719.59
7.84547 361.195 700.592 1034.34 1367.44 1724.59
7.84547 362.241 702.592 1037.34  1371.4 1729.58
7.86792 363.241 704.602 1040.31  1375.4 1734.58
7.89036 364.241 706.612 1043.28  1379.4 1739.58
7.89036 365.241 708.637 1046.27  1383.4 1744.57
7.91224 366.254 710.602 1049.27  1387.4 1749.57
 7.9346 367.289 712.602 1052.27  1391.4 1754.51
 7.9346  368.33 714.602 1055.25  1395.4 1759.49
 7.9346 369.372 716.602 1058.23  1399.4 1764.46
 7.9346 370.413 718.602 1061.22  1403.4 1769.44
 7.9346 371.413 720.633 1064.22 1407.36 1774.44
 7.9346 372.455 722.633  1067.2 1411.36 1779.41
7.95692 373.455 724.633  1070.2 1415.33 1784.42
7.95692 374.455 726.665  1073.2  1419.3 1789.42
7.95692 375.488  728.67 1076.16  1423.3 1794.42
7.95692 376.524 730.681 1079.16  1427.3 1799.37
7.95692 377.524 732.681 1082.17 1431.28 1804.39
7.97875 378.524 734.691 1085.14 1435.28 1809.39
7.97875 379.524 736.722 1088.14 1439.25 1814.39
8.00004 380.537 738.688 1091.14 1443.25 1819.39
8.02206 381.537 740.688 1094.14 1447.22 1824.39
8.02206  382.57 742.693 1097.11 1451.22 1829.39
 8.0433 383.583 744.659 1100.11 1455.22 1834.39
 8.0433 384.622 746.677 1103.11 1459.16 1839.39
 8.0433 385.662 748.677 1106.09 1463.16 1844.36
8.06504 386.662   750.7 1109.09 1467.12 1849.36
8.06504 387.662 752.724 1112.08 1471.12 1854.35
8.06504 388.695 754.729 1115.04 1475.12 1859.35
8.06504 389.734 756.747 1118.04 1479.06 1864.35
8.08632 390.762 758.747 1120.99 1483.06 1869.35
8.08632 391.806 760.747 1123.99 1487.02 1874.35
8.08632  392.85 762.747 1126.98 1490.99 1879.35
8.08632 393.894 764.747 1129.98 1494.95 1884.34
8.08632 394.894 766.777 1132.98 1498.92 1889.34
8.10767 395.894 768.777 1135.97 1502.92 1894.33
8.10767 396.938 770.777 1138.97 1506.88 1899.32
8.12904 397.938 772.777 1141.97 1510.85 1904.33
8.12904  398.97 774.782 1144.94 1514.85 1909.33
8.14967 399.983 776.749 1147.94 1518.85 1914.33
8.17073 401.016 778.749 1150.94 1522.85 1919.28
8.17073  402.06 780.749 1153.93 1526.81 1924.28
8.19181  403.06 782.763 1156.93 1530.81 1929.24
8.21281 404.093 784.763 1159.93 1534.81 1934.19
8.21281 405.136 786.763 1162.93 1538.78 1939.18
8.21281 406.171 788.773 1165.93 1542.78 1944.14
8.23378 407.171 790.788 1168.93 1546.78  1949.1
8.23378 408.211 792.788 1171.91 1550.78 1954.08
8.23378 409.211 794.817 1174.91 1554.75 1959.08
8.23378 410.249 796.834 1177.91 1558.69 1964.08
8.23378 411.292 798.834 1180.91 1562.65 1969.07
8.25463 412.292 800.856 1183.91 1566.61 1974.07
8.25463 413.292 802.885 1186.91 1570.58 1979.07
8.25463  414.33 804.902 1189.91 1574.52 1984.07
8.27547  415.33 806.902 1192.92  1578.5 1989.07
8.27547  416.33 808.932 1195.92 1582.47 1994.07
8.27547 417.369 810.932  1198.9 1586.47 1999.05
8.29612 418.369 812.932 1201.89 1590.47 2004.04
8.29612 419.369 814.961 1204.89 1594.44 2009.04
8.29612 420.369 816.984 1207.89 1598.44 2014.02
8.29612 421.412 818.984 1210.89  1602.4 2019.02
8.31661 422.412 821.006 1213.89 1606.36 2024.02
8.31661 423.454 823.006 1216.89 1610.32 2029.01
8.33697 424.491 825.006 1219.89 1614.27 2034.01
8.35733 425.528 827.006 1222.89 1618.21 2039.01
8.37777 426.528 829.029 1225.89 1622.17 2044.01
8.37777 427.528 831.058 1228.89 1626.14 2049.01
 8.3979 428.555 833.058 1231.84 1630.14 2054.01
 8.3979 429.592 835.074 1234.84 1634.08 2059.01
 8.3979  430.63 837.091 1237.84 1638.03 2064.01
 8.3979 431.672 839.091 1240.83 1641.99 2069.01
8.41814 432.672 841.113 1243.83 1645.95 2074.01
8.41814 433.709  843.13 1246.83  1649.9 2079.01
8.41814 434.746 845.146 1249.83 1653.84 2084.01
8.41814  435.78 847.156 1252.83 1657.84 2088.97
8.43769 436.793 849.124 1255.83 1661.84 2093.97
8.43769 437.834 851.124 1258.83 1665.81 2098.96
8.45749 438.861 853.124 1261.79 1669.81 2103.96
8.45749 439.861 855.153 1264.79 1673.78 2108.96
8.45749 440.861 857.175 1267.78 1677.78 2113.95
8.45749 441.895 859.185 1270.78 1681.78 2118.91
8.47714 442.922 861.185 1273.73 1685.78 2123.91
8.49697 443.922 863.199 1276.73 1689.78 2128.87
8.49697 444.959 865.215 1279.73 1693.72 2133.87
8.49697     446 867.215 1282.73 1697.69 2138.87
8.51685     447 869.215 1285.73 1701.66 2143.87
8.51685 448.034 871.225 1288.73 1705.66 2148.83
8.51685 449.065 873.229  1291.7 1709.66 2153.83
8.53666 450.065 875.229  1294.7 1713.64 2158.83
8.55631 451.101 877.229  1297.7 1717.58 2163.83
8.55631 452.142 879.229  1300.7 1721.55 2168.83
8.57586 453.142 881.238 1303.67 1725.55 2173.83
8.59538 454.173 883.238 1306.67 1729.55 2178.78
8.59538 455.204 885.242 1309.63 1733.55 2183.78
8.59538 456.204  887.27 1312.63 1737.52 2188.78
8.59538 457.245  889.27 1315.63 1741.48 2193.77
8.59538 458.278  891.28 1318.63 1745.48 2198.73
8.59538 459.278 893.301 1321.62 1749.48 2203.72
8.59538 460.278 895.323 1324.61 1753.48 2208.71
8.61488 461.278 897.323 1327.62 1757.46 2213.71
8.61488 462.278 899.323 1330.62 1761.44 2218.72
8.63412 463.278 901.332  1333.6 1765.44 2223.72
8.63412 464.278 903.353 1336.59 1769.44 2228.71
8.63412 465.318 905.353 1339.58  1773.4 2233.71
8.63412 466.355 907.353 1342.57  1777.4 2238.68
8.65344 467.355 909.353 1345.57 1781.38 2243.68
8.67275 468.355 911.353 1348.58 1785.36 2248.68
8.67275 469.392 913.353 1351.56 1789.36 2253.66
8.69187 470.392 915.366 1354.56 1793.36 2258.63
8.71057 471.404 917.336 1357.56 1797.36 2263.63
8.72976 472.404 919.357 1360.56 1801.32 2268.63
8.74902 473.404 921.357 1363.56 1805.29 2273.64
8.76807 474.435 923.357 1366.56 1809.29 2278.59
8.76807  475.47 925.372 1369.56 1813.24 2283.59
8.78715  476.47 927.385 1372.56 1817.24 2288.55
8.80622  477.47 929.398 1375.56 1821.24 2293.52
8.82488 478.482 931.368 1378.56 1825.24 2298.52
8.82488 479.482 933.389 1381.55 1829.24 2303.51
8.84376 480.508 935.389 1384.51 1833.24 2308.51
8.86275 481.508 937.397 1387.48 1837.24 2313.51
8.88194 482.508 939.397 1390.48 1841.22 2318.51
8.88194  483.54 941.406 1393.48 1845.22 2323.47
8.90107  484.54 943.406 1396.48 1849.19 2328.47
8.92006  485.54 945.419 1399.48 1853.19 2333.44
8.92006 486.579 947.419 1402.48 1857.16 2338.44
8.93895 487.609 949.419 1405.48 1861.16 2343.39
8.93895 488.609  951.44 1408.48 1865.16 2348.38
8.95771 489.635  953.44 1411.43 1869.16 2353.38
8.95771 490.635 955.466 1414.43 1873.13 2358.38
8.95771 491.664  957.47  1417.4 1877.13 2363.38
8.97662 492.664  959.47 1420.39 1881.13 2368.37
8.97662   493.7  961.47 1423.38 1885.13 2373.34
8.97662 494.734 963.485 1426.38 1889.08 2378.34
8.97662 495.773 965.485 1429.38 1893.05 2383.34
8.97662 496.773 967.485 1432.38 1897.03 2388.35
 8.9949 497.785 969.455 1435.38 1901.03 2393.35
 8.9949 498.785 971.455 1438.39 1905.01 2398.36
 8.9949 499.823 973.455 1441.38 1908.98 2403.36
 8.9949 500.823 975.481 1444.38 1912.95 2408.37
 9.0136 501.823 977.481 1447.39 1916.93 2413.37
 9.0323 502.823 979.481 1450.39 1920.91 2418.37
9.05086 503.823 981.494 1453.39 1924.91 2423.33
 9.0695 504.823 983.494 1456.38 1928.91 2428.32
9.08806 505.823 985.506 1459.38 1932.91 2433.29
9.10676 506.823 987.506 1462.39 1936.89 2438.29
9.10676 507.823 989.532 1465.39 1940.86 2443.29
9.10676 508.823 991.558 1468.39 1944.83 2448.29
9.10676 509.861 993.558 1471.39  1948.8 2453.29
9.10676 510.899 995.558 1474.38 1952.77 2458.29
9.10676 511.899 997.584 1477.38 1956.74 2463.29
9.12499 512.924 999.584 1480.34 1960.74 2468.29
9.12499 513.961 1001.58 1483.33 1964.71 2473.29
9.12499 514.961  1003.6 1486.33 1968.71 2478.28
9.14324 515.961 1005.61  1489.3 1972.71 2483.28
9.16168 516.961 1007.61  1492.3 1976.69 2488.28
9.16168 517.961 1009.64  1495.3 1980.66 2493.28
9.16168 518.996 1011.64 1498.29 1984.66 2498.26
9.17977  520.02 1013.64 1501.25 1988.66 2503.26
9.19799  521.02 1015.65 1504.25 1992.66 2508.23
9.21607 522.045 1017.65  1507.2 1996.66 2513.23
9.21607 523.078 1019.66  1510.2 2000.61 2518.23
9.23426 524.078 1021.68  1513.2 2004.61 2523.19
9.25231 525.102 1023.68 1516.16 2008.61 2528.19
 9.2705 526.102 1025.69 1519.16 2012.61 2533.16
9.28875 527.102 1027.71 1522.16 2016.57 2538.16
9.30707 528.102 1029.71 1525.16 2020.55 2543.17
9.30707  529.13 1031.71 1528.13 2024.55 2548.17
9.32528  530.13 1033.73 1531.13 2028.51 2553.17
9.34343  531.13 1035.74 1534.13 2032.51 2558.14
9.34343 532.167 1037.74 1537.13 2036.48 2563.13
9.34343 533.167 1039.77 1540.13 2040.46 2568.13
9.34343 534.167 1041.79 1543.13 2044.43 2573.13
9.36162 535.167 1043.79 1546.13 2048.41 2578.13
9.36162 536.167 1045.82 1549.13 2052.38 2583.14
9.37976 537.167 1047.82 1552.13 2056.36 2588.14
9.39783 538.167 1049.84 1555.13 2060.32 2593.14
9.39783 539.167 1051.86 1558.13  2064.3 2598.14
9.41588 540.167 1053.86 1561.13  2068.3 2603.13
9.41588 541.194 1055.87 1564.09  2072.3 2608.13
9.43396 542.194 1057.87  1567.1 2076.28 2613.13
9.45197 543.194 1059.87 1570.09 2080.28 2618.12
9.45197 544.194 1061.89 1573.09 2084.25 2623.12
9.46952 545.205 1063.86 1576.09 2088.25 2628.12
9.46952 546.237 1065.88 1579.09  2092.2 2633.12
9.48746 547.237  1067.9 1582.09 2096.17 2638.12
9.50547 548.237  1069.9 1585.09 2100.15 2643.12
9.50547 549.237 1071.92 1588.09 2104.12 2648.12
9.50547 550.269 1073.94 1591.09 2108.07 2653.12
9.50547 551.298 1075.94 1594.09 2112.07 2658.08
9.52331 552.298 1077.94 1597.09 2116.07 2663.07
9.52331  553.33 1079.96 1600.09 2120.03 2668.07
9.54112  554.33 1081.98 1603.09 2123.99 2673.07
 9.5588 555.358 1083.98 1606.09 2127.99 2678.03
 9.5588 556.387 1085.99 1609.09 2131.99 2682.99
9.57638  557.41 1087.99 1612.04 2135.99 2687.99
9.59421  558.41 1089.99 1615.04 2139.97    2693
9.61188  559.41 1091.99 1618.02 2143.97    2698
9.61188  560.41 1094.02 1621.02 2147.94    2703
9.62962  561.41 1096.04 1624.02 2151.91    2708
9.64742  562.41 1098.04 1627.02 2155.88    2713
9.64742 563.439 1100.05 1630.02 2159.88 2717.96
9.64742 564.474 1102.05 1633.02 2163.85 2722.96
 9.6649 565.497 1104.05 1635.98 2167.85 2727.96
 9.6649 566.526 1106.05 1638.98 2171.85 2732.92
 9.6649 567.526 1108.08 1641.98 2175.83 2737.92
 9.6649 568.562 1110.08 1644.98  2179.8 2742.92
9.68242 569.592 1112.08 1647.98 2183.75 2747.92
 9.6999 570.592 1114.09 1650.95 2187.75 2752.92
9.71708 571.603 1116.06 1653.95 2191.75 2757.92
9.71708 572.629 1118.06 1656.92 2195.75 2762.92
9.73456 573.629 1120.07 1659.92 2199.75 2767.89
9.75216 574.629 1122.07 1662.92 2203.73 2772.89
9.76977 575.629 1124.07 1665.93 2207.71 2777.89
9.76977 576.629  1126.1 1668.93 2211.68 2782.89
9.78722 577.629 1128.11 1671.93 2215.68 2787.87
9.78722 578.629 1130.13 1674.92 2219.68 2792.85
9.80459 579.656 1132.13 1677.92 2223.68 2797.81
9.82207 580.656 1134.15 1680.92 2227.65 2802.81
9.82207 581.656 1136.17 1683.91 2231.65  2807.8
9.82207 582.687 1138.17  1686.9 2235.65 2812.78
9.82207 583.713 1140.17 1689.87 2239.65 2817.78
9.82207 584.742 1142.18 1692.87 2243.65 2822.74
9.82207 585.742 1144.18 1695.87 2247.63 2827.75
9.83945 586.742 1146.18 1698.87 2251.61 2832.76
9.85684 587.742 1148.18 1701.88 2255.59 2837.76
9.87399 588.764 1150.18 1704.84 2259.59 2842.76
9.89093 589.774 1152.15 1707.84 2263.59 2847.76
9.89093 590.806 1154.15 1710.82 2267.59 2852.74
9.89093  591.84 1156.15 1713.82 2271.56 2857.74
9.89093 592.875 1158.15 1716.82 2275.53 2862.73
9.90807 593.875 1160.16  1719.8 2279.53 2867.73
9.92513 594.897 1162.16 1722.76 2283.53 2872.73
9.94225 595.923 1164.16 1725.76 2287.53 2877.69
9.95943 596.923 1166.17 1728.76 2291.53 2882.66
9.97657 597.923 1168.18 1731.74 2295.53 2887.66
9.97657 598.955 1170.18 1734.72 2299.53 2892.64
9.97657 599.955  1172.2 1737.72 2303.53 2897.63
9.99337 600.965 1174.17 1740.72 2307.53 2902.63
9.99337 601.996 1176.17  1743.7 2311.53 2907.61
10.0105 602.996 1178.17  1746.7 2315.53  2912.6
10.0105  604.03 1180.17 1749.69  2319.5  2917.6
10.0105 605.056 1182.17 1752.66  2323.5  2922.6
10.0277 606.056 1184.17 1755.66 2327.48  2927.6
10.0277  607.09 1186.17 1758.66 2331.45  2932.6
10.0277  608.09 1188.17 1761.67 2335.43 2937.61
10.0277  609.09 1190.19 1764.66 2339.43  2942.6
10.0277  610.12  1192.2 1767.66 2343.39  2947.6
10.0446  611.12 1194.21 1770.66 2347.39 2952.57
10.0446  612.15 1196.23 1773.66 2351.35 2957.57
10.0615  613.15 1198.24 1776.66 2355.35 2962.54
10.0783 614.176 1200.24 1779.66 2359.35  2967.5
10.0952 615.176 1202.26 1782.66 2363.31  2972.5
10.0952 616.206 1204.27 1785.66 2367.27  2977.5
10.0952 617.206 1206.29 1788.66 2371.25  2982.5
10.0952  618.24 1208.29 1791.66 2375.22 2987.49
10.0952 619.271 1210.29 1794.65 2379.22 2992.48
10.0952 620.301 1212.29 1797.64 2383.22 2997.46
10.1121 621.301 1214.29 1800.64  2387.2 3002.46
10.1288 622.301  1216.3 1803.64  2391.2 3007.43
10.1453 623.311 1218.28 1806.64  2395.2 3012.43
10.1617 624.321 1220.25 1809.64  2399.2 3017.43
10.1617 625.348 1222.26 1812.64  2403.2  3022.4
10.1785 626.348 1224.26 1815.64 2407.18  3027.4
10.1953 627.377 1226.26 1818.64 2411.13  3032.4
10.1953 628.377 1228.28 1821.64 2415.11  3037.4
10.1953 629.377  1230.3 1824.63 2419.11 3042.39
10.1953 630.407 1232.31 1827.63 2423.06 3047.39
10.1953 631.407 1234.33 1830.62 2427.06 3052.38
10.1953 632.437 1236.33 1833.61 2431.06 3057.37
10.1953 633.437 1238.33 1836.61 2435.05 3062.38
10.1953 634.471 1240.33 1839.61 2439.02 3067.37
10.1953 635.471 1242.33 1842.62    2443 3072.38
10.2117 636.492 1244.33 1845.58    2447 3077.38
10.2283 637.492 1246.33 1848.58 2450.98 3082.39
10.2449 638.492 1248.33 1851.58 2454.96 3087.39
10.2614 639.521 1250.33 1854.58 2458.92 3092.39
 10.278 640.521 1252.33 1857.58  2462.9 3097.39
10.2946 641.521 1254.33 1860.59 2466.88 3102.39
10.2946 642.521 1256.35 1863.59 2470.86 3107.39
10.3112 643.521 1258.35 1866.59 2474.84 3112.39
10.3112 644.545 1260.35 1869.56 2478.84 3117.39
10.3277 645.545 1262.35 1872.55 2482.84 3122.39
10.3277 646.578 1264.35 1875.55 2486.81 3127.39
10.3277 647.611 1266.35 1878.55 2490.78 3132.38
10.3277 648.611 1268.38 1881.55 2494.76 3137.38
10.3277 649.643 1270.38 1884.54 2498.73 3142.38
10.3277 650.643  1272.4 1887.54 2502.71 3147.38
10.3277 651.643 1274.42 1890.53 2506.71 3152.37
10.3277 652.672 1276.43 1893.53 2510.67 3157.37
10.3277 653.705 1278.43 1896.53 2514.64 3162.37
10.3277 654.705 1280.45 1899.53 2518.61 3167.37
 10.344 655.705 1282.45 1902.52 2522.61 3172.36
10.3602 656.733 1284.45 1905.52 2526.57 3177.36
10.3764 657.761 1286.45 1908.52 2530.53 3182.36
10.3764 658.794 1288.45 1911.52  2534.5 3187.36
10.3764  659.82 1290.46 1914.52  2538.5 3192.33
10.3764 660.847 1292.47 1917.52  2542.5 3197.29
10.3925 661.872 1294.47 1920.52  2546.5 3202.25
10.3925 662.904 1296.47 1923.51 2550.47 3207.25
10.3925 663.933 1298.48 1926.51 2554.43 3212.25
10.3925 664.933  1300.5 1929.51 2558.43 3217.24
10.3925 665.933  1302.5 1932.51 2562.41 3222.25
10.4085 666.933  1304.5 1935.49 2566.41 3227.25
10.4246 667.933  1306.5 1938.49 2570.39 3232.25
10.4407 668.933 1308.52 1941.49 2574.36 3237.25
10.4567 669.954 1310.52 1944.45 2578.36 3242.25
10.4567 670.986 1312.52 1947.45 2582.33 3247.25
10.4727 671.986 1314.52 1950.45 2586.33 3252.24
10.4885 672.996 1316.49 1953.45 2590.33 3257.24
10.5042 674.005 1318.47 1956.45 2594.33 3262.24
10.5203 675.005 1320.48 1959.45  2598.3 3267.24
10.5203 676.005  1322.5 1962.44  2602.3 3272.23
10.5203 677.005 1324.52 1965.44 2606.28 3277.23
10.5362 678.005 1326.53 1968.44 2610.28 3282.21
10.5362 679.037 1328.53 1971.44 2614.25  3287.2
10.5521 680.058 1330.53  1974.4 2618.25  3292.2
 10.568 681.082 1332.53  1977.4 2622.25 3297.16
10.5839 682.107 1334.53  1980.4 2626.25 3302.12
10.5998 683.131 1336.53  1983.4 2630.25 3307.08
10.6157 684.131 1338.54 1986.38 2634.25 3312.08
10.6157 685.163 1340.54 1989.38 2638.22 3317.08
10.6317 686.163 1342.54 1992.38 2642.21 3322.08
10.6475 687.183 1344.54 1995.34 2646.21 3327.08
10.6635 688.183 1346.54 1998.34 2650.21 3332.07
10.6635 689.183 1348.56 2001.34 2654.18 3337.07
10.6635 690.215 1350.56 2004.33 2658.16 3342.07
10.6635 691.215 1352.56 2007.34 2662.14 3347.08
10.6635 692.215 1354.58 2010.34 2666.12 3352.08
10.6635 693.215  1356.6 2013.33 2670.12 3357.07
10.6635 694.241 1358.61 2016.33 2674.12 3362.04
10.6635 695.272 1360.61 2019.33 2678.09 3367.03
10.6792 696.296 1362.61 2022.33 2682.09 3371.99
10.6792 697.296 1364.63 2025.33 2686.07    3377
 10.695 698.296 1366.63 2028.33 2690.05    3382
 10.695 699.296 1368.64 2031.32 2694.05 3386.99
 10.695 700.296 1370.66 2034.32 2698.03 3391.99
 10.695 701.324 1372.68 2037.32 2701.99 3396.99
 10.695 702.348 1374.68  2040.3 2705.99 3401.99
10.7106 703.368 1376.68 2043.26 2709.99 3406.99
10.7106   704.4 1378.68 2046.26 2713.96 3411.99
10.7106 705.431 1380.68 2049.26 2717.94 3416.99
10.7262 706.431 1382.68 2052.25 2721.94 3421.98
10.7262 707.431  1384.7 2055.25 2725.92 3426.98
10.7262 708.462  1386.7 2058.25 2729.89 3431.97
10.7262 709.487 1388.71 2061.25 2733.89 3436.94
10.7262 710.487 1390.73 2064.25 2737.87 3441.94
10.7262 711.518 1392.73 2067.25 2741.84 3446.94
10.7262 712.542 1394.73 2070.22 2745.84 3451.94
10.7417 713.542 1396.73 2073.22 2749.82 3456.94
10.7417 714.567 1398.74 2076.22 2753.82 3461.91
10.7572 715.567 1400.75  2079.2 2757.82 3466.91
10.7572 716.591 1402.75 2082.17 2761.82 3471.91
10.7572 717.591 1404.75 2085.18 2765.81 3476.92
10.7723   718.6 1406.72 2088.18 2769.81 3481.92
10.7723 719.627 1408.74 2091.18 2773.77 3486.92
10.7877 720.654 1410.74 2094.18 2777.73 3491.92
10.7877 721.654 1412.75 2097.17 2781.73 3496.91
10.8031 722.654 1414.75 2100.17 2785.71 3501.91
10.8182 723.663 1416.73 2103.17 2789.71 3506.91
10.8182 724.663 1418.73 2106.18 2793.69 3511.92
10.8332 725.673  1420.7 2109.18 2797.69 3516.92
10.8485 726.673 1422.71 2112.15 2801.69 3521.92
10.8485 727.696 1424.71 2115.13 2805.69 3526.92
10.8636 728.705 1426.69 2118.13 2809.69 3531.92
10.8788 729.728 1428.69 2121.13 2813.69 3536.88
10.8942 730.728  1430.7 2124.13 2817.66 3541.88
10.8942 731.756 1432.72 2127.13 2821.62 3546.88
10.8942 732.756 1434.72 2130.13 2825.61 3551.89
10.9094 733.776 1436.72  2133.1 2829.61 3556.89
10.9244 734.785 1438.69  2136.1 2833.61 3561.89
10.9244 735.808 1440.69 2139.07 2837.61 3566.89
10.9396 736.831 1442.69 2142.07 2841.61 3571.86
10.9548 737.831  1444.7 2145.07 2845.61 3576.83
10.9548 738.856 1446.71 2148.07 2849.61  3581.8
10.9548 739.887 1448.71 2151.07 2853.58  3586.8
10.9699  740.91 1450.71 2154.07 2857.58 3591.76
10.9851  741.91 1452.72 2157.05 2861.58 3596.76
10.9851 742.937 1454.73 2160.05 2865.54 3601.76
10.9851 743.937 1456.75 2163.05 2869.52 3606.76
11.0002  744.96 1458.75 2166.05 2873.52 3611.72
11.0151  745.97 1460.72 2169.05 2877.52 3616.72
11.0304  746.97 1462.72 2172.05  2881.5 3621.72
11.0454 747.989 1464.72 2175.01  2885.5 3626.72
11.0606 748.989 1466.72 2178.01  2889.5 3631.71
11.0759 749.989 1468.72 2181.01 2893.49 3636.72
11.0759 750.989 1470.74    2184 2897.49 3641.71
 11.091 752.013 1472.74    2187 2901.49 3646.67
11.1062 753.013 1474.74    2190 2905.47 3651.67
11.1211 754.022 1476.72    2193 2909.47 3656.67
11.1211 755.044 1478.72 2195.97 2913.47 3661.67
11.1211 756.074 1480.72 2198.97 2917.44 3666.67
11.1362 757.074 1482.72 2201.97 2921.42 3671.68
11.1514 758.074 1484.72 2204.96 2925.42 3676.67
11.1664 759.094 1486.72 2207.93 2929.42 3681.67
11.1816 760.094 1488.72 2210.93  2933.4 3686.67
11.1816 761.094 1490.73 2213.92  2937.4 3691.66
11.1816  762.12 1492.74 2216.92 2941.37 3696.66
11.1816  763.15 1494.74 2219.92 2945.34 3701.66
11.1816  764.18 1496.74 2222.91 2949.32 3706.66
11.1816  765.18 1498.76 2225.91 2953.29 3711.67
11.1816  766.18 1500.78 2228.91 2957.27 3716.67
11.1816 767.207 1502.78  2231.9 2961.27 3721.65
11.1816 768.207  1504.8  2234.9 2965.27 3726.64
11.1816 769.235  1506.8 2237.88 2969.27 3731.63
11.1816 770.262  1508.8 2240.87 2973.27 3736.61
11.1816 771.262 1510.81 2243.87 2977.27  3741.6
11.1965 772.262 1512.81 2246.87 2981.26  3746.6
11.2114 773.262 1514.83 2249.87 2985.23  3751.6
11.2114 774.262 1516.85 2252.87 2989.21 3756.61
11.2114 775.285 1518.85 2255.84 2993.21 3761.61
11.2114 776.285 1520.87 2258.84 2997.19 3766.61
11.2263 777.285 1522.87 2261.84 3001.17 3771.61
11.2263 778.309 1524.88 2264.84 3005.17 3776.58
11.2411 779.334 1526.88 2267.84 3009.13 3781.58
11.2558 780.353 1528.88 2270.81 3013.13 3786.58
11.2558 781.381 1530.88  2273.8 3017.13 3791.56
11.2558 782.381 1532.88  2276.8 3021.11 3796.57
11.2703 783.389 1534.85  2279.8 3025.11 3801.57
11.2703 784.389 1536.87  2282.8 3029.09 3806.57
11.2851 785.389 1538.87  2285.8 3033.08 3811.57
11.2999 786.389 1540.89  2288.8 3037.05 3816.57
11.3147 787.389 1542.89  2291.8 3041.03 3821.58
11.3292 788.398 1544.87  2294.8 3045.03 3826.58
11.3439 789.421 1546.87  2297.8 3049.03 3831.54
11.3586 790.421 1548.87 2300.78 3053.03 3836.54
11.3586 791.421 1550.89 2303.78 3057.01 3841.54
11.3586 792.421 1552.91 2306.78 3061.01 3846.53
11.3586 793.421 1554.92 2309.78 3064.99 3851.53
11.3731 794.429  1556.9 2312.78 3068.99 3856.53
11.3877 795.429 1558.91 2315.78 3072.99 3861.51
11.4024 796.429 1560.92 2318.75 3076.99 3866.51
11.4024 797.429 1562.94 2321.75 3080.97 3871.51
11.4171 798.429 1564.94 2324.75 3084.95 3876.51
11.4318 799.454 1566.94 2327.75 3088.91 3881.51
11.4464 800.454 1568.94 2330.75 3092.91 3886.49
11.4609 801.463 1570.92 2333.75 3096.91 3891.49
11.4609 802.489 1572.93 2336.75 3100.87 3896.49
11.4609 803.489 1574.95 2339.75 3104.86 3901.49
11.4609 804.515 1576.95 2342.74 3108.86 3906.47
11.4755 805.515 1578.97 2345.74 3112.83 3911.47
11.4902 806.515 1580.97 2348.75 3116.81 3916.47
11.4902 807.544 1582.97 2351.74 3120.79 3921.47
11.5047 808.566 1584.97 2354.74 3124.79 3926.44
11.5047 809.566 1586.97 2357.75 3128.77 3931.45
11.5047 810.595 1588.97 2360.74 3132.75 3936.45
 11.519 811.603 1590.94 2363.74 3136.75 3941.45
 11.519 812.629 1592.95 2366.74 3140.71 3946.45
 11.519 813.655 1594.95 2369.73 3144.71 3951.43
 11.519 814.682 1596.95 2372.72 3148.71 3956.41
11.5335 815.707 1598.95 2375.72 3152.67 3961.41
11.5335 816.733 1600.95 2378.71 3156.67  3966.4
11.5335 817.733 1602.97 2381.71 3160.65  3971.4
 11.548 818.733 1604.98 2384.69 3164.65  3976.4
11.5625 819.733 1606.98 2387.69 3168.64  3981.4
11.5625 820.733    1609 2390.69 3172.62  3986.4
 11.577 821.733 1611.01 2393.69 3176.59  3991.4
 11.577 822.758 1613.02 2396.69 3180.55  3996.4
 11.577 823.758 1615.02  2399.7 3184.54 4001.41
11.5914 824.758 1617.02 2402.69 3188.54  4006.4
11.6059 825.758 1619.03 2405.69 3192.51  4011.4
11.6059 826.758 1621.03 2408.69  3196.5 4016.41
11.6202 827.783 1623.03 2411.69 3200.46 4021.41
11.6345 828.801 1625.03 2414.66 3204.46 4026.41
11.6489 829.826 1627.03 2417.66 3208.42 4031.41
11.6489 830.851 1629.05 2420.66 3212.38 4036.41
11.6633 831.876 1631.05 2423.66 3216.35 4041.41
11.6777 832.876 1633.05 2426.66 3220.33 4046.41
 11.692 833.897 1635.05 2429.66 3224.33 4051.38
 11.692 834.919 1637.05 2432.64 3228.33 4056.38
 11.692 835.947 1639.05 2435.64  3232.3 4061.37
11.7064 836.947 1641.05 2438.62  3236.3 4066.37
11.7064 837.947 1643.07 2441.62 3240.28 4071.37
11.7207 838.947 1645.09 2444.62 3244.26 4076.37
11.7207 839.947  1647.1 2447.61 3248.26 4081.37
11.7349 840.965  1649.1 2450.58 3252.26 4086.37
11.7349 841.965 1651.12 2453.58 3256.24 4091.37
11.7349 842.965 1653.13 2456.57 3260.24 4096.36
11.7492 843.965 1655.13 2459.57 3264.22 4101.36
11.7492  844.99 1657.14 2462.57 3268.18 4106.36
11.7635  845.99 1659.15 2465.55 3272.18 4111.36
11.7635 847.018 1661.15 2468.55 3276.16 4116.36
11.7635 848.046 1663.15 2471.55 3280.14 4121.36
11.7635 849.071 1665.16 2474.55  3284.1 4126.36
11.7776 850.071 1667.16 2477.53  3288.1 4131.36
11.7916  851.08 1669.14 2480.53  3292.1 4136.36
11.8058  852.08 1671.16 2483.53 3296.07 4141.36
11.8058 853.108 1673.16 2486.52 3300.05 4146.36
11.8201 854.108 1675.16 2489.53 3304.03 4151.36
11.8343 855.108 1677.16 2492.53 3308.03 4156.34
11.8484 856.108 1679.17 2495.51 3312.03 4161.34
11.8484 857.108 1681.19 2498.51 3316.01 4166.34
11.8625 858.129 1683.19 2501.51 3320.01  4171.3
11.8625 859.129 1685.19 2504.51    3324 4176.31
11.8767 860.129 1687.19 2507.51 3327.98 4181.31
11.8767 861.129 1689.21 2510.51 3331.96 4186.31
11.8767 862.129 1691.22  2513.5 3335.96 4191.31
11.8908 863.129 1693.23  2516.5 3339.96 4196.28
11.9049 864.153 1695.23  2519.5 3343.93 4201.28
11.9188 865.161 1697.21  2522.5 3347.93 4206.28
11.9188 866.161 1699.23  2525.5 3351.91 4211.28
11.9188 867.161 1701.24  2528.5 3355.91 4216.28
11.9188 868.186 1703.24 2531.49 3359.91 4221.26
 11.933 869.186 1705.24 2534.49 3363.89 4226.26
 11.933 870.212 1707.24 2537.48 3367.89 4231.25
 11.933 871.212 1709.26 2540.48 3371.87 4236.25
 11.947 872.212 1711.26 2543.47 3375.87 4241.24
11.9611 873.212 1713.26 2546.47 3379.85 4246.24
11.9752 874.212 1715.27 2549.47 3383.83 4251.24
11.9752 875.234 1717.28 2552.47 3387.83 4256.21
11.9893 876.234 1719.28 2555.47 3391.81 4261.22
11.9893 877.234  1721.3 2558.47 3395.79 4266.22
 12.003 878.242 1723.27 2561.47 3399.79 4271.22
 12.017 879.242 1725.28 2564.47 3403.79  4276.2
 12.017 880.267 1727.29 2567.47 3407.76  4281.2
 12.031 881.267  1729.3 2570.47 3411.76 4286.17
 12.045 882.267 1731.31 2573.47 3415.73 4291.17
 12.045 883.289 1733.32 2576.47 3419.73 4296.15
12.0589  884.31 1735.32 2579.47 3423.73 4301.11
 12.073  885.31 1737.32 2582.47 3427.71 4306.11
 12.087  886.31 1739.32 2585.47  3431.7 4311.12
 12.101  887.31 1741.32 2588.47  3435.7 4316.11
 12.101  888.33 1743.32 2591.44  3439.7 4321.11
 12.101 889.352 1745.33 2594.44  3443.7 4326.08
 12.101 890.377 1747.33 2597.43  3447.7 4331.06
 12.115 891.377 1749.33 2600.43 3451.68 4336.07
12.1289 892.377 1751.33 2603.44 3455.66 4341.07
12.1428 893.398 1753.33 2606.44 3459.66 4346.03
12.1428  894.42 1755.33 2609.44 3463.66 4351.01
12.1568  895.42 1757.33 2612.44 3467.65 4356.01
12.1707  896.42 1759.34 2615.42 3471.65 4361.01
12.1707  897.42 1761.34 2618.42 3475.63 4366.02
12.1707  898.42 1763.35 2621.41 3479.63 4371.01
12.1707  899.42 1765.37 2624.41 3483.63    4376
12.1707  900.42 1767.39 2627.41 3487.61    4381
12.1707 901.444 1769.39 2630.41 3491.58    4386
12.1845 902.467 1771.39 2633.41 3495.54    4391
12.1982 903.484 1773.39 2636.38 3499.54    4396
12.2121 904.484 1775.39 2639.37 3503.54 4400.99
12.2259 905.484 1777.39 2642.37 3507.53    4406
12.2397 906.505 1779.39 2645.37 3511.53 4410.96
12.2536 907.505 1781.39 2648.37 3515.51 4415.97
12.2674 908.505  1783.4 2651.35 3519.51 4420.97
12.2674 909.529 1785.41 2654.35 3523.48 4425.97
12.2674 910.529 1787.43 2657.35 3527.46 4430.97
12.2812 911.529 1789.44 2660.35 3531.43 4435.97
 12.295 912.549 1791.44 2663.35 3535.43 4440.93
12.3085 913.557 1793.42 2666.35 3539.43 4445.93
12.3221 914.565  1795.4 2669.35 3543.43 4450.93
12.3221 915.585  1797.4 2672.33 3547.43 4455.93
12.3358 916.602  1799.4  2675.3 3551.43 4460.93
12.3358 917.626 1801.41  2678.3  3555.4 4465.93
12.3494 918.634 1803.39  2681.3  3559.4 4470.93
 12.363 919.651 1805.39 2684.27  3563.4 4475.93
 12.363 920.651 1807.39 2687.27 3567.38 4480.94
 12.363 921.678 1809.39 2690.27 3571.36 4485.94
 12.363 922.699 1811.39 2693.27 3575.36 4490.91
 12.363 923.699 1813.41 2696.27 3579.34 4495.92
 12.363 924.721 1815.42 2699.27 3583.34 4500.89
12.3767 925.741 1817.42 2702.27 3587.34 4505.85
12.3904 926.741 1819.43 2705.27 3591.34 4510.83
12.3904 927.741 1821.44 2708.26 3595.34 4515.82
12.3904 928.741 1823.44 2711.27 3599.33 4520.83
12.4038 929.749 1825.42 2714.27 3603.33 4525.83
12.4038 930.769 1827.42 2717.24 3607.33 4530.83
12.4038 931.795 1829.42 2720.24 3611.31 4535.83
12.4038 932.822 1831.42 2723.24 3615.29 4540.83
12.4174 933.842 1833.42 2726.24 3619.29  4545.8
 12.431 934.842 1835.43 2729.24 3623.26  4550.8
12.4446 935.842 1837.43 2732.23 3627.26 4555.79
12.4446 936.863 1839.44 2735.23 3631.26 4560.76
 12.458 937.871 1841.42 2738.23 3635.26 4565.76
 12.458 938.895 1843.42 2741.22 3639.26 4570.75
12.4714 939.903  1845.4 2744.22 3643.26 4575.75
12.4714 940.903 1847.41 2747.22 3647.24 4580.75
 12.485 941.903 1849.41 2750.22 3651.23 4585.75
12.4985 942.923 1851.41 2753.22 3655.23 4590.72
12.4985 943.943 1853.42  2756.2 3659.23 4595.72
12.4985 944.969 1855.42  2759.2  3663.2 4600.72
12.5121 945.969 1857.42  2762.2  3667.2  4605.7
12.5121 946.995 1859.42 2765.19 3671.18  4610.7
12.5121 948.015 1861.43 2768.17 3675.18  4615.7
12.5256 949.038 1863.43 2771.17 3679.15  4620.7
12.5391 950.038 1865.43 2774.17 3683.13  4625.7
12.5391 951.038 1867.44 2777.17 3687.11  4630.7
12.5527 952.038 1869.44 2780.17  3691.1  4635.7
12.5661  953.06 1871.44 2783.17 3695.06  4640.7
12.5796 954.077 1873.44 2786.14 3699.06  4645.7
 12.593 955.077 1875.45 2789.12 3703.06  4650.7
 12.593 956.097 1877.45  2792.1 3707.06  4655.7
12.6065 957.097 1879.46 2795.08 3711.06  4660.7
12.6065 958.118 1881.46 2798.08 3715.06 4665.67
12.6065 959.141 1883.47 2801.08 3719.03 4670.67
12.6199 960.161 1885.47 2804.08 3723.03 4675.64
12.6333 961.161 1887.48 2807.08 3727.03 4680.62
12.6333 962.161 1889.49 2810.08 3731.03 4685.61
12.6468 963.161  1891.5 2813.08    3735 4690.61
12.6468 964.184 1893.51 2816.08 3738.97 4695.61
12.6468 965.184 1895.53 2819.08 3742.95 4700.61
12.6468 966.184 1897.55 2822.08 3746.94 4705.61
12.6468 967.184 1899.56 2825.07 3750.94  4710.6
12.6468 968.184 1901.58 2828.07 3754.92  4715.6
12.6602 969.184 1903.58 2831.07  3758.9  4720.6
12.6735 970.184 1905.58 2834.05  3762.9  4725.6
12.6869 971.206 1907.58 2837.05 3766.87  4730.6
12.6869 972.232 1909.58 2840.05 3770.85  4735.6
12.7002 973.254 1911.58 2843.05 3774.81  4740.6
12.7136 974.254 1913.59 2846.05 3778.78  4745.6
12.7136 975.254 1915.61 2849.04 3782.78  4750.6
12.7269 976.254 1917.61 2852.03 3786.78  4755.6
  12.74 977.262 1919.59 2855.03 3790.78  4760.6
12.7534 978.284 1921.59 2858.03 3794.75  4765.6
12.7534 979.284 1923.61 2861.03 3798.73  4770.6
12.7534 980.284 1925.61 2864.03 3802.72 4775.61
12.7667 981.284 1927.61 2867.02 3806.72  4780.6
  12.78 982.284 1929.61 2870.02  3810.7  4785.6
12.7933 983.303 1931.61 2873.02  3814.7 4790.57
12.8066 984.323 1933.61 2876.02  3818.7 4795.54
12.8199 985.323 1935.61 2879.01  3822.7 4800.54
12.8331  986.34 1937.61 2881.98  3826.7 4805.54
12.8331 987.363 1939.61 2884.97  3830.7 4810.52
12.8331 988.388 1941.61 2887.96 3834.68 4815.52
12.8464 989.388 1943.61 2890.96 3838.67 4820.52
12.8597 990.388 1945.61 2893.96 3842.67 4825.51
12.8729 991.405 1947.61 2896.93 3846.67 4830.51
 12.886 992.413 1949.59 2899.93 3850.67 4835.51
12.8993 993.434 1951.59 2902.93 3854.63 4840.51
12.8993  994.46 1953.59 2905.93 3858.61 4845.51
12.9125 995.479 1955.59 2908.93 3862.61 4850.48
12.9257 996.501 1957.59 2911.93 3866.57 4855.48
12.9388 997.509 1959.57 2914.93 3870.57 4860.48
12.9521 998.509 1961.57 2917.93 3874.56 4865.48
12.9654 999.509 1963.58 2920.91 3878.56 4870.48
12.9654 1000.51 1965.59 2923.91 3882.56 4875.47
12.9786 1001.53 1967.59 2926.91 3886.52 4880.47
12.9786 1002.55 1969.59  2929.9 3890.52 4885.46
12.9786 1003.58 1971.59 2932.89 3894.52 4890.45
12.9786  1004.6 1973.59 2935.89  3898.5 4895.44
12.9919  1005.6 1975.59 2938.89 3902.49 4900.44
 13.005 1006.62 1977.59 2941.89 3906.49 4905.41
 13.005 1007.64  1979.6 2944.89 3910.46 4910.41
13.0182 1008.64 1981.61 2947.89 3914.46 4915.39
13.0314 1009.64 1983.61 2950.89 3918.46 4920.37
13.0444 1010.65 1985.59 2953.89 3922.46 4925.37
13.0577 1011.65 1987.59 2956.89 3926.44 4930.37
13.0708 1012.65  1989.6 2959.87 3930.44 4935.37
13.0841 1013.65 1991.61 2962.87 3934.41 4940.37
13.0841 1014.65 1993.63 2965.87  3938.4 4945.37
13.0971 1015.66 1995.61 2968.87  3942.4 4950.37
13.1103 1016.66 1997.61 2971.87 3946.38 4955.37
13.1233 1017.67 1999.58 2974.87 3950.38 4960.37
13.1364 1018.68 2001.58 2977.84 3954.38 4965.37
13.1495  1019.7 2003.58 2980.81 3958.38 4970.37
13.1627  1020.7 2005.58 2983.81 3962.37 4975.37
13.1759  1021.7 2007.59 2986.81 3966.37 4980.35
13.1891  1022.7  2009.6 2989.81 3970.37 4985.33
13.1891 1023.72  2011.6 2992.81 3974.35 4990.33