      1       2       4       4       4       6
1.72727       3       6 6.90909       8 10.3636
1.72727 4.33184       8 9.97636      12 14.9645
2.24543 5.33184      10 12.9691      16 19.4536
2.24543 6.33184      12 16.1831 19.9651 24.2746
2.24543 7.43255 14.0861 18.9963 23.9651 29.2746
2.24543 8.60319 16.3046 21.9963 27.9651 33.8854
2.54518 9.60319 18.4813 24.9963 31.9651  38.409
 2.8217 10.6032 20.4891 27.7119 35.9651  43.409
 2.8217 11.6032 22.7257 30.7369 39.9651 48.1475
3.08013 12.6032  24.807 33.7369 43.6253 53.1475
 3.3462 13.6032 26.9499 36.7369 47.6253 57.7385
 3.3462 14.6032 29.1904 39.7369 51.5847 62.5386
 3.3462 15.6032 31.4309 42.7369  55.544 67.3387
 3.3462 16.6946 33.6294 45.7369  59.544 72.0489
 3.3462 17.6946 35.6294  48.832 63.5734 76.9245
3.55355 18.6946 37.6294 51.8579 67.5734 81.6912
3.55355 19.8076 39.6294 54.8579 71.5966 86.5549
3.72279  20.751 41.5168 57.8579 75.5966 91.5549
3.91887  21.751 43.5168 60.8579 79.5783 96.3771
3.91887  22.751 45.6979 63.8579 83.5668 101.208
4.10439  23.751 47.6979  66.881 87.5668 105.999
4.28109  24.751 49.7513  69.881 91.3367 110.999
4.45384  25.751 51.7588 72.7008 95.3367 115.999
4.45384  26.751 53.7588 75.7723 99.3644   120.9
4.45384 27.8135 55.8941 78.7723 103.364 125.702
4.45384 28.8912 57.8941 81.8243 107.364 130.572
4.61921 29.8912 59.8941 84.8243 111.351  135.42
4.78355 30.8912 61.8941 87.8421 115.351 140.238
4.78355 31.9647 63.8941 90.8949 119.351 145.112
4.78355 32.9647 65.8941 93.9643 123.381 150.012
4.93641 34.0181 67.8941 96.9643 127.381 154.806
4.93641 35.0181 70.0274 99.9643 131.384  159.67
5.08265 36.0181 72.0274 102.926 135.276  164.67
5.08265 37.0902 74.0274 105.926 139.303 169.571
5.21387 38.0478 75.9386 108.926 143.303 174.571
5.34509 39.0054 77.8498 111.926 147.303 179.571
5.48454  40.023 79.8498 114.926 151.145 184.571
 5.6237  41.023 81.8758 117.926  154.98 189.571
 5.6237  42.023 83.9786 120.954  158.98  194.44
5.76466  43.023 85.9786 123.954 162.965 199.314
5.76466  44.023 88.0884 126.954 166.965 204.205
5.76466 45.0534 90.1502 129.954 170.872 209.205
5.89768  46.093 92.1502 132.954 174.872 214.032
6.02043 47.0523 94.0681 135.954 178.872 219.032
6.15249 48.0523 96.1315 138.954 182.872 223.837
6.15249 49.1089 98.1315 141.954 186.894 228.759
6.15249 50.1617 100.131 144.998 190.894 233.663
6.15249 51.1617 102.223 148.026 194.894 238.543
6.15249 52.1617 104.314 151.054 198.894 243.424
6.27343 53.1617 106.314 154.024 202.803 248.424
6.39622 54.1617 108.314 157.038 206.803 253.286
6.50985 55.1239 110.238 160.038 210.803 258.286
6.63061 56.1239 112.238 163.007 214.714 263.286
6.63061 57.1239 114.323 166.034 218.714 268.175
6.63061 58.1239 116.407 169.061 222.714 273.064
6.63061 59.1481 118.458 172.061 226.638 278.064
6.74574 60.1481 120.515 175.061 230.638 282.892
6.74574 61.1481 122.598 178.087 234.638 287.782
6.85545 62.1481 124.592 180.984 238.638 292.782
6.85545 63.1481 126.652 183.977 242.585 297.782
6.85545 64.1481 128.652 187.025 246.604 302.716
6.96551  65.178 130.652 190.025 250.604 307.576
6.96551 66.2089 132.652  193.03 254.567 312.576
7.07278 67.2089 134.652 196.003 258.488 317.576
7.07278 68.2309   136.7 199.003 262.418 322.576
7.07278 69.2614   138.7 202.008 266.382 327.576
7.07278 70.2614 140.782 205.008 270.381 332.494
7.17714 71.2614 142.782 208.008 274.371   337.4
7.27739 72.2614 144.777 210.914 278.371   342.4
7.38124 73.2614 146.777 213.924 282.371 347.286
7.38124 74.2945 148.846 216.924 286.371 352.183
7.48242 75.2945 150.846 219.897 290.296 357.183
7.48242 76.3271 152.915 222.897 294.296 362.082
7.48242 77.3689 154.915 225.897 298.313 367.024
7.48242 78.3689 156.915 228.939 302.329 371.966
7.48242 79.3893 158.958 231.939 306.266 376.966
7.48242 80.4097 161.001 234.939 310.202 381.966
7.48242 81.4097 163.077 237.939 314.202  386.89
7.48242 82.4097 165.153 240.939 318.201 391.815
7.57043  83.379 167.096 243.939 322.201 396.815
7.57043  84.379  169.17 246.939 326.201 401.741
7.66272  85.379  171.17 249.949 330.201 406.638
7.66272  86.379 173.244 252.949 334.201 411.565
7.66272  87.379 175.312 255.968 338.201 416.477
7.75286  88.379 177.312 258.979 342.201 421.376
7.84015  89.379 179.308 261.895 346.201 426.376
7.92961  90.379 181.354 264.895 350.201 431.241
8.02001  91.379 183.354 267.895 354.194 436.158
8.02001  92.379  185.42 270.914 358.194 441.073
8.10419 93.3486 187.366 273.914 362.194 446.073
8.19052 94.3486 189.362 276.832 366.194 451.073
8.19052 95.3486 191.362 279.868  370.21  456.02
8.19052 96.3646 193.401 282.868 374.155  461.02
8.27299 97.3349 195.349 285.868 378.155  466.02
8.27299 98.3349 197.411 288.886 382.155  470.94
8.27299 99.3441 199.437 291.851 386.155  475.94
8.27299 100.366 201.437 294.855 390.129  480.94
8.35303 101.338 203.386 297.855 394.129  485.94
8.43765 102.338 205.386 300.855 398.122 490.863
8.52227 103.338 207.386 303.855 402.115 495.785
8.52227 104.338 209.386 306.889  406.13 500.736
8.52227 105.362 211.442 309.889  410.13 505.654
8.52227 106.387 213.499 312.889  414.13 510.573
8.60421 107.387 215.499 315.897  418.13 515.482
 8.6846 108.387 217.512 318.897 422.036 520.482
 8.7657 109.387 219.512 321.875 425.977 525.482
 8.7657 110.411 221.568 324.875 429.977 530.403
 8.7657 111.411  223.61  327.87  433.94 535.403
 8.7657 112.411 225.652 330.864 437.904 540.403
8.84152 113.384 227.604 333.864 441.904 545.403
 8.9204 114.384 229.604 336.843 445.846 550.403
8.99955 115.384 231.641 339.843 449.846 555.286
8.99955 116.384 233.641 342.875  453.86 560.241
9.07642 117.378 235.641 345.804  457.86 565.241
9.07642 118.401 237.694 348.804  461.86 570.165
9.07642  119.42 239.694 351.807 465.837 575.165
9.15328  120.42 241.694 354.786 469.781 580.165
9.15328  121.44 243.694  357.79 473.758 585.165
9.22664 122.413 245.648  360.79 477.758 590.165
9.22664 123.439 247.648 363.815 481.758 595.113
9.22664 124.453  249.68 366.815 485.712 600.113
9.30038 125.447  251.68 369.746 489.712 605.113
9.30038  126.46 253.713 372.746 493.667 610.113
9.30038  127.46 255.751 375.741 497.633 615.113
9.37297 128.455 257.751 378.674 501.633 620.113
9.37297 129.455 259.751 381.703 505.645 625.073
9.37297 130.463 261.773 384.673 509.645 630.073
9.44445 131.457 263.773 387.607 513.645 635.073
9.51704 132.457 265.773 390.586 517.593 640.073
9.51704 133.476 267.773 393.589 521.572 645.073
9.58865  134.48 269.773 396.589 525.497 650.073
9.66127  135.48 271.773 399.593 529.497 654.997
9.66127  136.48  273.81 402.587 533.465 659.997
9.66127 137.498  275.81  405.59 537.444 664.997
9.73117 138.498 277.805 408.525 541.444 669.997
9.73117 139.498 279.857 411.525 545.443 674.945
9.73117 140.522 281.857 414.546 549.443   679.9
9.79873 141.498 283.814 417.546 553.443   684.9
9.79873 142.515 285.814 420.549 557.423   689.9
9.86888 143.515 287.814 423.549 561.414 694.839
9.86888 144.515 289.861 426.561 565.414 699.781
9.86888 145.515 291.908 429.573 569.414 704.722
9.86888 146.527 293.937 432.573 573.373 709.722
9.86888 147.527 295.984 435.584 577.373 714.663
9.93544 148.527  297.98 438.522 581.373 719.663
9.93544 149.534     300 441.495 585.373 724.663
9.93544 150.534 302.046 444.506 589.373 729.606
10.0026 151.534 304.046 447.509 593.373 734.536
10.0697 152.534 306.046 450.513 597.373 739.465
10.1354 153.534 308.042 453.451 601.373 744.465
10.2011 154.529 310.042  456.39 605.373 749.465
10.2011 155.551 312.042 459.409 609.373 754.423
10.2668 156.551 314.052 462.409 613.297 759.423
10.3331 157.551  316.08 465.409 617.297 764.329
10.3331 158.575  318.08 468.409 621.308 769.294
10.3331 159.575 320.114 471.404  625.28 774.294
10.3963 160.552 322.073 474.404  629.28 779.294
10.3963 161.558 324.093 477.378  633.28 784.294
10.4619 162.558 326.093 480.378 637.271 789.238
10.4619 163.574 328.093  483.38 641.254 794.238
10.5259 164.574 330.102  486.38  645.18 799.238
 10.591 165.574 332.102  489.38 649.171 804.182
10.6547 166.574 334.097 492.321 653.171 809.182
10.7196 167.574 336.097 495.322 657.171 814.115
10.7847 168.574 338.097 498.322 661.162 819.059
10.7847  169.59 340.097 501.324 665.145 824.059
10.7847 170.596 342.116 504.299 669.145 829.059
10.8476 171.596 344.111 507.241 673.145 834.059
10.9106 172.596 346.107 510.182 677.145 839.059
10.9106 173.596 348.151 513.182 681.145 844.015
10.9742 174.609 350.151 516.182 685.145 848.939
10.9742 175.615 352.169 519.158 689.145 853.939
11.0378 176.615 354.169 522.158 693.136 858.884
11.0378  177.63 356.169 525.159  697.12 863.884
11.1008  178.63 358.169  528.16  701.12  868.82
11.1639  179.63 360.169  531.16  705.12 873.756
11.2267  180.63 362.194  534.16  709.12 878.669
11.2267 181.645 364.194 537.161 713.104 883.669
11.2267 182.652 366.212 540.137 717.104 888.669
11.2887 183.652 368.237 543.137 721.104 893.582
11.3508 184.652 370.261 546.137 725.104 898.495
 11.412 185.652 372.257 549.081 729.104 903.495
11.4735 186.652 374.264 552.081 733.035 908.495
 11.535 187.652 376.271 555.081 736.966 913.495
 11.535 188.672 378.271 558.081 740.976 918.465
 11.535 189.672 380.271 561.101 744.985 923.435
11.5959 190.672 382.278 564.101 748.917 928.435
11.5959 191.687 384.278 567.102 752.902 933.435
11.5959 192.687  386.32 570.102 756.901 938.394
11.6562 193.689  388.32 573.102 760.839 943.394
11.7161 194.685  390.32 576.047 764.839 948.394
11.7161 195.694 392.344 579.047 768.805 953.394
11.7161 196.708 394.344 582.048  772.79 958.394
11.7766 197.708 396.344 585.048  776.78 963.343
11.8369  198.72 398.344 588.048  780.78 968.271
11.8369  199.72 400.344 591.067 784.789 973.243
11.8369  200.72 402.382 594.076 788.789 978.197
11.8369 201.726 404.398 597.053 792.789 983.197
11.8956 202.726 406.405 600.053 796.724 988.197
11.9531 203.705 408.368 603.053 800.724 993.197
12.0124 204.716 410.368 606.053 804.724 998.126
12.0715 205.716 412.368 609.035 808.683 1003.13
12.0715 206.716 414.405 612.043 812.683 1008.08
12.1287 207.696 416.369 615.043 816.683 1013.08
12.1287 208.696 418.408 618.043 820.682 1018.04
12.1287 209.715 420.408 621.043 824.691 1023.01
12.1866 210.715 422.414 624.043 828.626 1028.01
12.2452 211.715 424.414 627.043 832.626 1032.96
12.3034 212.715 426.414 630.025 836.586 1037.96
12.3614 213.717 428.414 633.025 840.526 1042.96
12.3614 214.726 430.437 636.025 844.495 1047.96
12.3614 215.735 432.459 639.025 848.463 1052.96
12.4194 216.735 434.459 642.024 852.463  1057.9
12.4194 217.749 436.493 645.024 856.463 1062.85
12.4194 218.768 438.493 648.024 860.471 1067.82
12.4769 219.768 440.493 651.024 864.471 1072.77
12.5325 220.748 442.457 654.024 868.471 1077.77
 12.589 221.743 444.457 656.972 872.471 1082.77
 12.589 222.758  446.49 659.972 876.471 1087.72
 12.589 223.776  448.49 662.972 880.478 1092.69
 12.589 224.794  450.49 665.987 884.478 1097.66
12.6457 225.794  452.49 668.986 888.478 1102.61
12.6457 226.807  454.49 671.988 892.464 1107.61
12.7004 227.787 456.455 674.988 896.464 1112.61
12.7566 228.787 458.475 677.988 900.464 1117.53
12.7566 229.787 460.509 680.995 904.464 1122.49
 12.811 230.768 462.474 683.995 908.464 1127.49
12.8673 231.768 464.474 686.995 912.455 1132.44
12.8673 232.785 466.474  690.01 916.455 1137.41
12.9223 233.785 468.469  692.96 920.455 1142.41
12.9773  234.78 470.469  695.91 924.455 1147.41
13.0332  235.78 472.469 698.909 928.455 1152.35
13.0883  236.78 474.463  701.86 932.455 1157.35
 13.144  237.78 476.483  704.86 936.455 1162.28
 13.144 238.796 478.483 707.873 940.455 1167.25
13.1993 239.796 480.483 710.856 944.417 1172.25
13.1993 240.814 482.483 713.856 948.425 1177.22
13.1993 241.831 484.483 716.869 952.425 1182.19
13.1993 242.839 486.503 719.869 956.397 1187.19
13.1993 243.856 488.503 722.883 960.397 1192.16
13.1993 244.856 490.535  725.89 964.397 1197.12
13.2539 245.856 492.535  728.89 968.397 1202.07
13.3078 246.856  494.54  731.89 972.338 1207.07
13.3078 247.856 496.574  734.89 976.338 1212.03
13.3078 248.868 498.574 737.891 980.325 1217.03
13.3614 249.869 500.574 740.891  984.27 1222.03
13.3614 250.881 502.574 743.892 988.257 1227.03
13.3614 251.881 504.598 746.888 992.237 1232.03
13.4151 252.881 506.598 749.888 996.228 1236.99
13.4151 253.897 508.598 752.901 1000.23 1241.96
13.4151 254.915 510.598 755.901 1004.23 1246.94
13.4675 255.915 512.593 758.854 1008.23 1251.94
13.4675 256.931 514.593 761.867 1012.23 1256.91
13.4675 257.944 516.622 764.867 1016.23 1261.86
13.4675 258.944 518.654 767.874 1020.23 1266.83
13.5201 259.944 520.654 770.873 1024.23 1271.77
13.5712 260.926 522.621 773.873 1028.23 1276.77
13.5712 261.938 524.621 776.874 1032.22 1281.77
13.6231 262.939 526.621 779.874 1036.17 1286.77
13.6231 263.952  528.65 782.874 1040.17 1291.73
13.6747 264.952 530.654 785.874 1044.11 1296.73
13.7264 265.952 532.659 788.874 1048.06 1301.73
13.7778 266.948 534.659 791.827 1052.06 1306.73
13.8292 267.944 536.659  794.78 1056.06 1311.73
13.8292 268.949 538.672 797.762 1060.06 1316.73
13.8807  269.95 540.672 800.762    1064 1321.73
13.9321 270.952 542.672 803.762 1067.95 1326.73
13.9321 271.952 544.695 806.758 1071.93 1331.73
13.9838  272.96 546.695 809.758 1075.93 1336.67
13.9838 273.977 548.695 812.758 1079.94 1341.65
13.9838 274.988 550.695 815.759 1083.93 1346.65
14.0345 275.988 552.689 818.714 1087.93 1351.65
14.0345 276.996 554.708 821.714  1091.9 1356.65
14.0852 277.996 556.712 824.714 1095.84 1361.65
14.0852 279.012 558.712 827.726 1099.84 1366.62
14.1348 279.994  560.68 830.726 1103.84 1371.62
14.1853 280.996  562.68 833.726 1107.79 1376.62
14.1853 282.012  564.68 836.726  1111.8  1381.6
14.1853  283.02 566.698 839.726 1115.77  1386.6
14.1853  284.02  568.72 842.722 1119.75  1391.6
14.2344 285.003 570.688 845.722 1123.75  1396.6
14.2844 286.003 572.692 848.722  1127.7  1401.6
14.2844 287.003 574.723 851.722  1131.7 1406.57
14.3342 288.003 576.727 854.722 1135.64 1411.57
 14.384 289.003 578.731 857.722 1139.59 1416.57
 14.384 290.003  580.76 860.728 1143.59 1421.53
 14.434 291.011  582.76 863.728 1147.59 1426.48
14.4842 292.011  584.76 866.728 1151.58 1431.44
 14.533 292.994 586.728 869.728 1155.58 1436.44
 14.533 293.999  588.74 872.711 1159.58 1441.44
14.5822 294.999 590.735 875.668 1163.58 1446.44
14.5822 296.003 592.747 878.651 1167.58 1451.44
 14.632 297.003 594.747 881.648 1171.58 1456.39
14.6815 298.003 596.747 884.633 1175.55 1461.39
14.6815 299.015 598.773 887.633 1179.55 1466.35
14.6815 300.026 600.773 890.634 1183.53 1471.35
14.6815 301.026 602.773 893.648 1187.54 1476.33
14.6815 302.034 604.791 896.648 1191.52 1481.33
14.7299 303.034 606.785 899.605 1195.52 1486.33
 14.779 304.034 608.785 902.603 1199.52 1491.28
 14.779 305.046 610.811 905.603 1203.52 1496.25
14.8278 306.053 612.811 908.603 1207.52 1501.19
14.8763 307.055 614.811 911.603 1211.47 1506.19
 14.925 308.055 616.811 914.588 1215.43 1511.19
 14.925 309.055 618.838 917.594 1219.43 1516.16
 14.925 310.059  620.85 920.577 1223.43 1521.16
 14.925 311.064 622.862 923.561 1227.43 1526.16
 14.973 312.064 624.866 926.561 1231.38 1531.16
15.0215 313.064 626.866 929.558 1235.38 1536.11
15.0215 314.075 628.866 932.559 1239.37 1541.11
15.0215 315.082 630.883 935.559 1243.34 1546.11
15.0694 316.082 632.883 938.544 1247.31 1551.11
15.1169 317.082 634.878 941.502 1251.31 1556.11
15.1649 318.082 636.892 944.502 1255.31 1561.05
15.1649 319.096 638.892 947.513 1259.31 1566.02
15.2122 320.096 640.887 950.471 1263.31 1571.02
15.2602 321.096 642.887 953.468 1267.31 1575.98
15.3078 322.097 644.887 956.468 1271.26 1580.98
15.3557 323.105 646.887 959.468 1275.26 1585.92
15.3557 324.118 648.887 962.479 1279.26  1590.9
15.3557 325.132 650.887 965.489 1283.26 1595.87
15.4029 326.133 652.887 968.489 1287.21 1600.87
15.4506 327.133 654.887 971.487 1291.21 1605.83
15.4979 328.133  656.89 974.487 1295.16 1610.83
15.4979 329.133 658.916 977.492 1299.16  1615.8
15.4979 330.133 660.942 980.498 1303.16 1620.77
15.5449 331.134 662.942 983.498 1307.12 1625.77
15.5922 332.142 664.942 986.498 1311.12 1630.71
15.5922 333.142 666.962 989.495  1315.1 1635.71
15.6395 334.142 668.962 992.495 1319.09 1640.67
15.6395 335.155 670.962 995.505 1323.09 1645.65
15.6854 336.139 672.932 998.505 1327.09 1650.65
15.6854 337.154 674.932  1001.5 1331.09 1655.63
15.7322 338.161 676.932  1004.5 1335.09 1660.58
15.7793 339.161 678.932  1007.5 1339.08 1665.54
15.8263 340.161 680.932  1010.5 1343.07  1670.5
15.8733 341.161 682.932  1013.5 1347.06 1675.47
15.9198 342.161 684.935  1016.5 1351.01 1680.47
15.9198 343.161  686.96 1019.51 1355.01 1685.43
15.9198 344.161 688.987 1022.51 1359.01 1690.41
15.9198 345.161 691.013 1025.52 1363.01 1695.38
15.9664 346.161 693.013 1028.51 1367.01 1700.33
15.9664 347.165 695.024  1031.5 1371.01 1705.33
15.9664 348.178 697.024 1034.51 1375.01 1710.31
15.9664 349.193 699.024 1037.51 1379.02 1715.29
16.0126 350.193 701.024 1040.51 1383.01 1720.25
16.0126 351.207 703.024 1043.51 1387.01 1725.24
 16.058 352.207 705.018 1046.47 1391.01 1730.24
 16.058 353.217 707.041 1049.47 1395.01  1735.2
16.1033 354.217 709.036 1052.43 1399.01  1740.2
16.1492 355.217 711.036 1055.43    1403 1745.17
16.1492 356.217 713.036 1058.44 1407.01 1750.15
16.1944 357.213 715.036  1061.4 1411.01 1755.15
  16.24  358.22 717.036  1064.4 1415.01 1760.09
  16.24 359.227 719.051  1067.4 1418.99 1765.09
16.2851 360.227 721.046 1070.36 1422.99 1770.09
16.2851 361.238 723.069 1073.36 1426.99 1775.06
16.2851 362.252 725.069 1076.36 1430.99 1780.04
16.3301 363.252 727.069 1079.36 1434.94 1785.04
16.3749 364.252 729.063 1082.32 1438.94 1790.04
16.3749 365.252 731.063 1085.34 1442.95 1795.02
 16.419 366.237 733.034 1088.34 1446.95 1800.02
 16.419 367.237 735.058 1091.34 1450.95    1805
 16.419 368.237 737.058 1094.35 1454.95 1809.98
 16.419 369.237 739.077 1097.35 1458.94 1814.98
16.4635 370.237 741.079 1100.35 1462.89 1819.98
16.4635 371.247 743.079 1103.35 1466.88 1824.98
16.4635 372.247 745.105 1106.35 1470.88 1829.95
16.4635  373.26 747.105 1109.35 1474.88 1834.94
16.5077 374.261 749.105 1112.35 1478.84 1839.94
16.5521 375.268 751.105 1115.35 1482.84 1844.88
16.5964 376.268 753.105 1118.34 1486.81 1849.88
16.5964 377.278 755.105 1121.34  1490.8 1854.88
16.5964 378.278 757.131 1124.34  1494.8 1859.86
16.6403 379.278 759.133 1127.34 1498.75 1864.86
16.6403 380.282 761.144 1130.32 1502.75 1869.86
16.6403 381.289 763.159 1133.32 1506.73 1874.86
16.6403 382.293 765.169 1136.31 1510.73 1879.86
16.6838 383.293 767.171 1139.31 1514.68 1884.86
16.6838 384.303 769.193 1142.31 1518.68 1889.83
16.7266 385.289 771.165 1145.31 1522.68 1894.83
  16.77 386.289 773.165 1148.31 1526.64 1899.83
16.8135 387.289 775.168 1151.31 1530.59 1904.83
16.8135 388.289 777.168 1154.32  1534.6 1909.81
16.8135 389.289 779.191 1157.33  1538.6 1914.78
16.8135 390.289 781.216 1160.33  1542.6 1919.76
16.8564 391.289 783.211 1163.29  1546.6 1924.76
16.8999 392.289 785.211 1166.29 1550.59 1929.73
16.9432 393.296 787.211 1169.29 1554.59 1934.68
16.9865 394.296 789.223 1172.29 1558.59 1939.62
  17.03 395.296 791.223 1175.29 1562.58 1944.59
  17.03 396.305 793.223 1178.29 1566.57 1949.59
  17.03 397.315 795.244 1181.29 1570.57 1954.55
  17.03 398.315 797.269 1184.29 1574.57 1959.53
17.0722 399.301 799.241 1187.29 1578.57 1964.53
17.1153 400.301 801.241 1190.29 1582.56  1969.5
17.1153 401.301 803.241  1193.3 1586.56 1974.48
17.1153 402.301 805.241 1196.31 1590.57 1979.46
17.1583 403.301 807.241 1199.31 1594.56 1984.43
17.2011 404.307 809.241 1202.31 1598.56 1989.38
17.2011 405.316 811.241 1205.31 1602.55 1994.38
17.2011 406.326 813.263 1208.31 1606.55 1999.35
17.2436 407.326 815.263  1211.3 1610.52 2004.35
17.2863 408.326 817.263  1214.3 1614.51 2009.32
17.3285 409.322 819.263 1217.26 1618.51 2014.32
17.3285 410.326 821.272 1220.25 1622.51 2019.32
17.3285 411.335 823.272 1223.25  1626.5 2024.32
17.3706 412.335 825.275 1226.25 1630.45 2029.32
17.4131 413.335 827.275 1229.25 1634.44 2034.28
17.4131 414.335 829.275 1232.26 1638.45 2039.27
17.4131 415.347 831.275 1235.27 1642.45 2044.25
17.4131 416.358 833.275 1238.28 1646.45 2049.23
17.4131 417.365 835.289 1241.28 1650.43 2054.23
17.4543  418.35 837.262 1244.28 1654.43 2059.23
17.4962 419.357 839.262 1247.28 1658.43 2064.18
17.5378 420.353 841.262 1250.24 1662.43 2069.18
17.5789 421.338 843.235 1253.24 1666.43 2074.18
17.5789 422.348 845.255 1256.24 1670.43 2079.15
17.5789 423.358 847.276 1259.24 1674.43 2084.12
17.5789 424.362 849.285 1262.23 1678.43 2089.12
17.5789 425.362 851.285 1265.24 1682.43  2094.1
17.6203 426.362 853.285 1268.24 1686.39  2099.1
17.6618 427.362 855.285 1271.23 1690.36  2104.1
17.7034 428.362 857.285 1274.22 1694.36 2109.06
17.7034 429.362 859.307 1277.23 1698.36 2114.04
17.7034 430.366 861.316 1280.21 1702.36 2119.04
 17.744 431.352 863.289 1283.21 1706.36 2124.04
17.7854 432.358 865.289 1286.21 1710.36 2128.99
17.8269 433.358 867.289 1289.21 1714.35 2133.96
17.8269 434.358 869.311 1292.22 1718.35 2138.93
17.8269 435.368 871.331 1295.22 1722.35  2143.9
 17.868 436.368 873.342 1298.22 1726.35 2148.85
17.9084 437.354 875.316 1301.22 1730.35 2153.85
17.9084 438.362 877.316 1304.22 1734.34 2158.85
17.9084 439.366 879.325 1307.21 1738.34 2163.85
17.9084 440.366 881.341  1310.2 1742.33 2168.85
17.9084 441.366 883.357  1313.2 1746.32 2173.85
17.9491 442.366 885.357 1316.19 1750.29 2178.85
17.9491 443.366  887.38 1319.19 1754.29 2183.83
17.9899 444.366  889.38 1322.19 1758.29 2188.79
17.9899  445.37 891.389 1325.17 1762.29 2193.79
17.9899 446.381 893.389 1328.18 1766.29 2198.77
17.9899 447.393 895.389 1331.18 1770.29 2203.76
18.0303 448.393   897.4 1334.18 1774.29  2208.7
18.0303 449.404   899.4 1337.19 1778.29 2213.68
18.0699  450.39 901.374 1340.19 1782.29 2218.68
18.1102 451.396 903.374 1343.19 1786.29 2223.64
18.1507 452.396 905.374 1346.19 1790.28 2228.61
18.1507 453.405 907.374 1349.19 1794.27 2233.61
18.1907 454.405 909.374 1352.19 1798.23 2238.61
 18.231 455.411 911.374 1355.19 1802.23 2243.56
18.2714 456.411 913.374 1358.19 1806.22 2248.53
18.2714 457.411  915.39 1361.19 1810.21 2253.53
18.3117 458.411  917.39 1364.19  1814.2  2258.5
18.3117 459.411 919.406 1367.19 1818.19  2263.5
18.3517 460.411 921.416 1370.19 1822.19 2268.45
 18.391 461.397 923.391 1373.19 1826.19 2273.45
18.4311 462.397 925.401 1376.19 1830.19  2278.4
18.4711 463.403 927.401 1379.19 1834.19 2283.35
18.4711 464.406  929.41 1382.17 1838.19 2288.35
18.4711 465.418  931.41 1385.17 1842.19 2293.34
18.4711  466.43  933.41 1388.17  1846.2 2298.32
18.5106  467.43 935.404 1391.14  1850.2 2303.32
18.5106 468.441 937.404 1394.14  1854.2 2308.31
  18.55 469.437 939.404  1397.1  1858.2 2313.31
  18.55 470.437  941.42  1400.1 1862.19 2318.31
  18.55 471.437  943.44 1403.11 1866.19 2323.28
  18.55 472.437  945.44 1406.12 1870.19 2328.27
18.5894 473.443  947.44 1409.12 1874.19 2333.22
18.6289 474.443  949.45 1412.12 1878.19 2338.17
18.6683 475.443  951.46 1415.12 1882.19 2343.12
18.7078 476.448  953.46 1418.12 1886.19 2348.08
18.7471 477.448  955.46 1421.12 1890.15 2353.08
18.7865 478.448  957.46  1424.1 1894.12 2358.08
18.8258 479.448 959.462  1427.1 1898.08 2363.08
18.8258  480.46 961.462  1430.1 1902.09 2368.06
 18.865  481.46 963.463  1433.1 1906.05 2373.06
 18.865 482.468 965.463 1436.11 1910.04 2378.06
18.9035 483.455 967.438 1439.11 1914.04 2383.06
18.9035 484.464 969.457 1442.11 1918.04 2388.03
18.9424 485.464 971.451 1445.07 1922.04 2393.03
18.9816 486.469 973.451 1448.07 1926.04 2397.99
18.9816  487.48 975.451 1451.07 1930.04 2402.97
19.0208 488.485 977.451 1454.07 1934.04 2407.93
19.0599 489.491 979.451 1457.07 1938.04 2412.88
19.0599 490.491 981.451 1460.08 1942.05 2417.87
19.0988 491.491 983.451 1463.08 1946.01 2422.87
19.0988 492.495 985.459 1466.07 1950.01 2427.87
19.0988 493.495 987.474 1469.07 1953.99 2432.87
19.1377 494.495 989.474 1472.06 1957.97 2437.87
19.1377 495.495 991.494 1475.06 1961.97 2442.85
19.1761 496.495 993.488 1478.03 1965.97 2447.85
19.1761 497.503 995.507 1481.03 1969.97 2452.82
19.2147 498.503 997.508 1484.03 1973.93 2457.82
19.2147 499.503 999.523 1487.02 1977.91 2462.82
19.2534 500.509 1001.52 1490.02 1981.91 2467.78
19.2917 501.505 1003.52 1492.99 1985.91 2472.78
19.3303 502.505 1005.52 1495.98 1989.89 2477.78
19.3303 503.505 1007.54 1498.98 1993.89 2482.75
19.3682 504.492 1009.52 1501.98 1997.89 2487.75
19.4066 505.492 1011.52 1504.98 2001.85 2492.75
 19.445 506.492 1013.52 1507.98 2005.81 2497.75
 19.445 507.492 1015.52 1510.99 2009.81 2502.74
 19.445 508.501 1017.54 1513.99 2013.81 2507.71
19.4834 509.501 1019.55 1516.99 2017.81 2512.66
19.4834 510.508 1021.55 1519.99 2021.81 2517.66
19.5217 511.508 1023.55 1522.98 2025.78 2522.66
19.5217 512.508 1025.57 1525.98 2029.78 2527.64
19.5217 513.517 1027.58 1528.98 2033.78 2532.62
19.5217 514.525  1029.6 1531.98 2037.78 2537.59
19.5599 515.525  1031.6 1534.98 2041.78 2542.55
19.5599 516.525 1033.62 1537.98 2045.78 2547.53
19.5599 517.529 1035.63 1540.97 2049.78 2552.53
19.5979 518.529 1037.63 1543.97 2053.78  2557.5
19.5979 519.537 1039.65 1546.97 2057.78 2562.47
19.5979 520.546 1041.67 1549.97 2061.78 2567.44
19.6358 521.546 1043.67 1552.97 2065.78 2572.41
19.6358 522.551 1045.68 1555.97 2069.76 2577.41
19.6358 523.555 1047.69 1558.95 2073.76 2582.41
19.6734 524.555 1049.69 1561.94 2077.74 2587.41
19.7112 525.555 1051.69 1564.94 2081.74 2592.37
19.7489 526.555  1053.7 1567.94 2085.74 2597.33
19.7489  527.56 1055.71 1570.94 2089.72 2602.33
19.7489  528.57 1057.71 1573.95 2093.72 2607.31
19.7861  529.57  1059.7 1576.91 2097.72 2612.31
19.7861  530.58  1061.7 1579.92 2101.72 2617.29
19.8236  531.58  1063.7 1582.92 2105.72 2622.26
19.8608  532.58  1065.7 1585.89 2109.72 2627.26
19.8608  533.58 1067.72 1588.89 2113.72 2632.24
19.8608 534.586 1069.73 1591.89  2117.7 2637.24
19.8608 535.596 1071.73 1594.89  2121.7 2642.22
19.8608 536.596 1073.75  1597.9  2125.7  2647.2
19.8608 537.603 1075.75  1600.9 2129.69  2652.2
19.8977 538.603 1077.75  1603.9 2133.65  2657.2
19.8977 539.614 1079.75  1606.9 2137.66 2662.18
19.9345 540.614 1081.74 1609.87 2141.66 2667.18
19.9345 541.617 1083.75 1612.86 2145.66 2672.18
19.9712 542.617 1085.75 1615.83 2149.66 2677.18
 20.008 543.617 1087.75 1618.83 2153.62 2682.18
20.0449 544.617 1089.75 1621.81  2157.6 2687.18
20.0449 545.625 1091.75 1624.81 2161.59 2692.18
20.0449 546.633 1093.75 1627.81 2165.58 2697.18
20.0449 547.633 1095.77 1630.81 2169.58 2702.16
20.0817 548.637 1097.77 1633.81 2173.58 2707.12
20.1179 549.625 1099.74 1636.81 2177.58 2712.12
20.1546 550.625 1101.74  1639.8 2181.55 2717.12
20.1546 551.625 1103.76  1642.8 2185.54 2722.12
20.1546 552.625 1105.78  1645.8 2189.54  2727.1
20.1546 553.633 1107.78  1648.8 2193.53  2732.1
20.1906  554.62 1109.75  1651.8 2197.53  2737.1
20.1906  555.62 1111.77  1654.8 2201.53 2742.08
20.2271 556.625 1113.77  1657.8 2205.53 2747.04
20.2271 557.625 1115.79  1660.8 2209.52 2752.04
20.2271 558.629 1117.79 1663.79 2213.52 2757.04
20.2634 559.629  1119.8 1666.79 2217.52 2761.99
20.2634 560.629  1121.8  1669.8 2221.52 2766.98
20.2996 561.629  1123.8  1672.8 2225.49 2771.98
20.3358 562.629  1125.8 1675.79 2229.46 2776.98
20.3358 563.638  1127.8  1678.8 2233.46 2781.96
20.3358 564.649  1129.8  1681.8 2237.47 2786.95
20.3358 565.658  1131.8  1684.8 2241.47 2791.93
20.3358 566.658 1133.82  1687.8 2245.47 2796.91
20.3719 567.658 1135.83  1690.8 2249.47 2801.87
20.4076 568.655 1137.83 1693.77 2253.47 2806.87
20.4435 569.655 1139.83 1696.77 2257.43 2811.87
20.4797 570.655 1141.83 1699.77 2261.42 2816.84
20.5156 571.655 1143.83 1702.77 2265.38 2821.84
20.5513 572.655 1145.83 1705.74 2269.38 2826.84
20.5513 573.655 1147.85 1708.74 2273.38 2831.82
20.5513 574.655 1149.85 1711.75 2277.39 2836.81
20.5872 575.655 1151.85 1714.75 2281.39 2841.77
 20.623 576.655 1153.85 1717.75 2285.35 2846.77
20.6588 577.656 1155.85 1720.75 2289.32 2851.77
20.6588 578.666 1157.85 1723.75 2293.32 2856.75
20.6946 579.666 1159.85 1726.74 2297.29 2861.75
20.7299 580.654 1161.83 1729.74 2301.29 2866.75
20.7299 581.654 1163.83 1732.75  2305.3 2871.74
20.7299 582.664 1165.83 1735.75  2309.3 2876.73
20.7299 583.664 1167.85 1738.75  2313.3 2881.71
20.7299 584.669 1169.86 1741.75 2317.28 2886.71
20.7299 585.678 1171.86 1744.75 2321.28 2891.69
20.7651 586.678 1173.86 1747.72 2325.28 2896.69
20.7651 587.678 1175.87 1750.72 2329.28 2901.67
20.7651 588.683 1177.89 1753.72 2333.27 2906.67
20.8004 589.683 1179.89 1756.72 2337.23 2911.67
20.8359 590.688 1181.89 1759.72 2341.23 2916.63
20.8713 591.688 1183.89 1762.72 2345.23 2921.59
20.8713 592.693 1185.91 1765.72 2349.22 2926.59
20.8713 593.701 1187.92 1768.72 2353.22 2931.57
20.9064 594.701 1189.92 1771.72 2357.18 2936.57
20.9415 595.697 1191.92 1774.69 2361.18 2941.57
20.9768 596.702 1193.92 1777.69 2365.18 2946.53
21.0121 597.706 1195.92 1780.69 2369.18 2951.49
21.0472 598.706 1197.92 1783.69 2373.14 2956.49
21.0824 599.706 1199.92 1786.69 2377.11 2961.49
21.0824 600.706 1201.94  1789.7 2381.11 2966.47
21.0824 601.716 1203.94  1792.7 2385.11 2971.45
21.0824 602.716 1205.96  1795.7 2389.11 2976.43
21.0824 603.719 1207.97 1798.69 2393.11 2981.43
21.0824 604.719 1209.98  1801.7 2397.11 2986.41
21.1174 605.719 1211.98 1804.69 2401.08 2991.41
21.1522 606.719 1213.99 1807.69 2405.05 2996.41
21.1522 607.728 1215.99 1810.69 2409.05  3001.4
21.1871 608.728 1217.99 1813.68 2413.02  3006.4
21.2221 609.728 1219.99 1816.68 2417.02 3011.35
21.2569 610.728 1221.99 1819.68 2420.99 3016.35
21.2569 611.731    1224 1822.67 2424.99 3021.35
21.2569 612.735 1226.01 1825.66 2428.99 3026.35
21.2916 613.735 1228.01 1828.66 2432.95 3031.35
21.3262 614.735 1230.01 1831.63 2436.95 3036.35
21.3608 615.735    1232  1834.6 2440.95 3041.35
21.3953 616.731    1234 1837.57 2444.95 3046.35
21.3953 617.741    1236 1840.57 2448.96 3051.34
21.4301 618.741 1238.01 1843.57 2452.96  3056.3
21.4301 619.746 1240.02 1846.57 2456.94  3061.3
21.4646 620.746 1242.01 1849.54 2460.94  3066.3
21.4993 621.746 1244.02 1852.54 2464.94 3071.25
21.5338 622.746 1246.02 1855.54  2468.9 3076.25
21.5338 623.755 1248.02 1858.55  2472.9 3081.24
21.5686 624.755 1250.02 1861.54  2476.9 3086.21
21.5686 625.762 1252.04 1864.54  2480.9 3091.18
21.5686 626.772 1254.04 1867.54 2484.91 3096.17
21.6029 627.772 1256.03 1870.51 2488.91 3101.17
21.6369  628.76 1258.01 1873.51 2492.91 3106.17
21.6369  629.76 1260.01 1876.52 2496.91 3111.16
21.6369 630.769 1262.01 1879.53 2500.91 3116.14
21.6369 631.769 1264.03 1882.53 2504.91 3121.13
21.6369 632.777 1266.04 1885.53 2508.91  3126.1
21.6712 633.781 1268.04 1888.53 2512.91 3131.06
21.7056 634.781 1270.04 1891.53 2516.91 3136.03
21.7056 635.786 1272.05 1894.53 2520.89 3141.03
21.7399 636.786 1274.06 1897.53 2524.89 3145.99
21.7399 637.793 1276.06 1900.53 2528.89 3150.99
21.7399 638.793 1278.08 1903.53 2532.89 3155.97
21.7739 639.793 1280.08 1906.53 2536.85 3160.97
21.7739 640.793  1282.1 1909.53 2540.85 3165.96
21.7739 641.796 1284.11 1912.52 2544.85 3170.96
21.8078 642.796 1286.11 1915.52 2548.82 3175.96
21.8078 643.796 1288.12 1918.51  2552.8 3180.96
21.8078 644.796 1290.13 1921.51 2556.79 3185.96
21.8078 645.796 1292.15 1924.51 2560.78 3190.96
21.8418 646.796 1294.15 1927.51 2564.77 3195.93
21.8418 647.796 1296.15 1930.52 2568.78 3200.92
21.8418 648.801 1298.16 1933.52 2572.76 3205.92
21.8756 649.801 1300.16 1936.51 2576.74 3210.92
21.8756 650.801 1302.17 1939.51 2580.74  3215.9
21.9091 651.798 1304.17 1942.48 2584.74  3220.9
21.9091 652.806 1306.17 1945.49 2588.74 3225.88
21.9428 653.806 1308.17 1948.48 2592.74 3230.85
21.9428  654.81 1310.18 1951.47 2596.74 3235.85
21.9428 655.817 1312.19 1954.47 2600.74 3240.83
21.9428 656.824 1314.21 1957.47 2604.74 3245.81
21.9428 657.824 1316.22 1960.47 2608.73 3250.81
21.9761 658.824 1318.22 1963.44 2612.73 3255.81
21.9761 659.831 1320.22 1966.44 2616.72 3260.81
21.9761 660.831 1322.22 1969.45 2620.73  3265.8
22.0095 661.831 1324.22 1972.45 2624.73 3270.77
 22.043 662.831 1326.22 1975.45 2628.73 3275.74
 22.043  663.84 1328.22 1978.45 2632.73 3280.72
22.0763  664.84 1330.22 1981.44 2636.71 3285.72
22.1094  665.84 1332.21 1984.41 2640.71 3290.72
22.1094 666.843 1334.22  1987.4 2644.71 3295.72
22.1094 667.847 1336.23 1990.39 2648.71 3300.72
22.1094  668.85 1338.23 1993.38 2652.71 3305.72
22.1094  669.85 1340.25 1996.38  2656.7 3310.71
22.1426  670.85 1342.25 1999.37  2660.7 3315.68
22.1426  671.85 1344.26 2002.37 2664.69 3320.68
22.1757 672.854 1346.26 2005.37 2668.69 3325.64
22.2085  673.85 1348.26 2008.34 2672.69 3330.64
22.2415 674.851 1350.26 2011.34 2676.66 3335.64
22.2415 675.854 1352.27 2014.33 2680.66 3340.64
22.2744 676.854 1354.27 2017.33 2684.63 3345.64
22.3075 677.854 1356.27 2020.33 2688.63 3350.61
22.3404 678.854 1358.27 2023.33 2692.59 3355.61
22.3404 679.854 1360.29 2026.33 2696.59 3360.59
22.3404 680.854 1362.29 2029.34  2700.6 3365.58
22.3404 681.854 1364.29 2032.35  2704.6 3370.57
22.3404 682.857  1366.3 2035.34  2708.6 3375.57
22.3404 683.864 1368.31 2038.34  2712.6 3380.55
22.3404 684.869 1370.32 2041.34 2716.58 3385.55
 22.373 685.869 1372.32 2044.34 2720.55 3390.55
 22.373 686.876 1374.34 2047.34 2724.55 3395.53
 22.373 687.876 1376.35 2050.34 2728.54 3400.53
22.4058 688.876 1378.35 2053.34 2732.53  3405.5
22.4058 689.882 1380.35 2056.34 2736.53  3410.5
22.4382 690.882 1382.35 2059.34 2740.49  3415.5
22.4382 691.882 1384.35 2062.34  2744.5 3420.49
22.4382 692.882 1386.37 2065.34 2748.49 3425.47
22.4707 693.882 1388.37 2068.33 2752.47 3430.47
22.5032 694.886 1390.37 2071.33 2756.47 3435.44
22.5358 695.886 1392.37 2074.33 2760.46 3440.41
22.5358 696.886 1394.38 2077.33 2764.46  3445.4
22.5358 697.893 1396.38 2080.33 2768.46  3450.4
22.5683 698.893 1398.38 2083.33 2772.46 3455.37
22.5683 699.893  1400.4 2086.33 2776.45 3460.37
22.5683 700.893 1402.41 2089.33 2780.45 3465.35
22.6006 701.893 1404.42 2092.33 2784.45 3470.31
22.6006 702.902 1406.42 2095.33 2788.45  3475.3
22.6006 703.908 1408.42 2098.33 2792.44  3480.3
22.6326 704.905 1410.42  2101.3 2796.44  3485.3
22.6326 705.913 1412.42 2104.31 2800.44 3490.28
22.6648 706.913 1414.43 2107.31 2804.44 3495.24
22.6648 707.913 1416.44 2110.31 2808.44 3500.23
22.6969 708.913 1418.44 2113.31 2812.44  3505.2
22.7286 709.902 1420.42 2116.31 2816.44  3510.2
22.7286 710.911 1422.42 2119.31 2820.44 3515.19
22.7286  711.92 1424.42 2122.31 2824.44 3520.17
22.7604  712.92 1426.42 2125.29 2828.44 3525.17
22.7604 713.929 1428.42 2128.29 2832.45 3530.16
22.7604 714.933 1430.43 2131.29 2836.43 3535.16
22.7925 715.933 1432.43 2134.29 2840.42 3540.14
22.8244 716.933 1434.43 2137.27  2844.4 3545.14
22.8244 717.936 1436.44 2140.26  2848.4 3550.14
22.8244 718.941 1438.45 2143.26 2852.39 3555.14
22.8562 719.941 1440.45 2146.26 2856.36 3560.14
22.8562 720.947 1442.45 2149.27 2860.35 3565.14
 22.888 721.947 1444.45 2152.26 2864.35 3570.11
 22.888 722.947 1446.46 2155.26 2868.34 3575.11
22.9199 723.947 1448.46 2158.26 2872.33 3580.08
22.9514 724.944 1450.46 2161.23 2876.33 3585.08
22.9831 725.944 1452.46 2164.23  2880.3 3590.08
23.0148 726.944 1454.46 2167.23 2884.27 3595.08
23.0463 727.944 1456.45  2170.2 2888.27 3600.08
23.0782 728.944 1458.45  2173.2 2892.27 3605.05
23.0782 729.944 1460.47  2176.2 2896.27 3610.04
23.1099 730.948 1462.47  2179.2 2900.27    3615
23.1412 731.937 1464.45  2182.2 2904.27    3620
23.1729 732.937 1466.45 2185.19 2908.24    3625
23.1729 733.944 1468.45 2188.19 2912.24    3630
23.1729  734.95 1470.45 2191.19 2916.23    3635
23.2043 735.947 1472.45 2194.16 2920.23    3640
23.2358 736.947 1474.45 2197.16  2924.2    3645
23.2358 737.947 1476.46 2200.17  2928.2 3649.99
23.2673 738.947 1478.46 2203.17 2932.17 3654.99
23.2988 739.947 1480.47 2206.17 2936.14 3659.99
23.2988 740.947 1482.47 2209.17 2940.14 3664.98
23.3303 741.947 1484.47 2212.16 2944.12 3669.98
23.3303 742.956 1486.47 2215.16 2948.12 3674.96
23.3617 743.956 1488.46 2218.14 2952.12 3679.96
23.3927 744.945 1490.44 2221.14 2956.12 3684.96
23.4243 745.945 1492.44 2224.13 2960.12 3689.94
23.4243 746.945 1494.46 2227.14 2964.12 3694.92
23.4243 747.949 1496.47 2230.14 2968.11 3699.92
23.4557 748.949 1498.47 2233.14 2972.11 3704.88
23.4557 749.958 1500.47 2236.14 2976.11 3709.87
23.4869 750.955 1502.47 2239.11 2980.11 3714.87
23.5183 751.955 1504.47 2242.11 2984.11 3719.84
23.5493 752.944 1506.45 2245.11 2988.11 3724.84
23.5493 753.953 1508.45 2248.11 2992.11 3729.83
23.5806 754.956 1510.45 2251.11 2996.11 3734.79
23.6118 755.956 1512.45 2254.08 3000.11 3739.79
23.6118 756.956 1514.46 2257.08 3004.11 3744.78
23.6118 757.963 1516.46 2260.08  3008.1 3749.78
23.6118 758.969 1518.46 2263.08  3012.1 3754.78
23.6429 759.969 1520.46 2266.08 3016.07 3759.78
23.6741 760.969 1522.46 2269.08 3020.07 3764.75
23.6741 761.969 1524.48 2272.08 3024.06 3769.73
23.7051 762.969 1526.47 2275.05 3028.06 3774.73
23.7051 763.977 1528.47 2278.05 3032.07 3779.72
23.7051 764.977 1530.47 2281.06 3036.07 3784.71
23.7361 765.977 1532.47 2284.06 3040.04 3789.71
23.7361 766.985 1534.47 2287.07 3044.04  3794.7
23.7361 767.992 1536.49 2290.07 3048.04 3799.68
23.7672 768.992 1538.49 2293.06 3052.04 3804.65
23.7983 769.992 1540.49 2296.06 3056.03 3809.63
23.8293 770.992 1542.49 2299.06 3060.03 3814.59
23.8603 771.995 1544.49 2302.06 3064.03 3819.56
23.8913 772.999 1546.49 2305.06 3068.03 3824.52
23.9223 773.999 1548.49 2308.05 3072.01 3829.52
23.9534 774.999 1550.49 2311.05    3076  3834.5
23.9845 775.999 1552.49 2314.05 3079.99 3839.48
 24.015 776.989 1554.47 2317.05 3083.99 3844.48
24.0459 777.988 1556.47 2320.05 3087.96 3849.48
24.0459 778.996 1558.47 2323.06 3091.96 3854.46
24.0769     780 1560.47 2326.06 3095.96 3859.43
24.0769     781 1562.49 2329.06 3099.96 3864.41
24.0769     782  1564.5 2332.06 3103.96  3869.4
24.1079     783  1566.5 2335.06 3107.95 3874.37
24.1388     784  1568.5 2338.05 3111.93 3879.37
24.1388 785.006 1570.52 2341.05 3115.93 3884.35
24.1694 786.006 1572.51 2344.03 3119.93 3889.35
24.2001 787.006 1574.51    2347 3123.93 3894.35
24.2001 788.014 1576.51    2350 3127.93 3899.34
24.2307 789.011 1578.51 2352.98 3131.93 3904.34
24.2307 790.011 1580.52 2355.98 3135.93 3909.32
24.2613 791.008 1582.52 2358.95 3139.93 3914.32
24.2919 792.008 1584.52 2361.95  3143.9 3919.32
24.3227 793.011 1586.52 2364.95  3147.9 3924.29
24.3227 794.018 1588.54 2367.95  3151.9 3929.27
24.3227 795.024 1590.54 2370.95  3155.9 3934.27
24.3227 796.024 1592.55 2373.95 3159.89 3939.27
24.3227 797.024 1594.56 2376.95 3163.88 3944.27
24.3534 798.024 1596.56 2379.94 3167.88 3949.24
24.3534 799.028 1598.57 2382.94 3171.86 3954.24
24.3839 800.028 1600.57 2385.94 3175.83 3959.24
24.4145 801.028 1602.57 2388.94 3179.83 3964.22
 24.445 802.028 1604.57 2391.94  3183.8 3969.22
 24.445 803.034 1606.58 2394.94  3187.8  3974.2
24.4754 804.034 1608.58 2397.94 3191.77  3979.2
24.5057 805.031 1610.58 2400.91 3195.77  3984.2
24.5057 806.031  1612.6 2403.91 3199.77 3989.18
24.5057 807.039  1614.6 2406.91 3203.77 3994.17
24.5057 808.042  1616.6  2409.9 3207.77 3999.17
24.5362 809.042 1618.61  2412.9 3211.77 4004.13
24.5665 810.042 1620.61  2415.9 3215.74 4009.13
24.5665 811.042 1622.61 2418.91 3219.75 4014.12
24.5665 812.046 1624.62 2421.91 3223.73 4019.12
24.5665 813.046 1626.63 2424.91 3227.72 4024.12
24.5665 814.046 1628.64 2427.91 3231.71 4029.12
24.5964 815.036 1630.62 2430.91 3235.71 4034.12
24.6266 816.039 1632.62 2433.91 3239.71 4039.09
24.6569 817.039 1634.63 2436.91 3243.71 4044.05
24.6569 818.045 1636.63 2439.91 3247.71 4049.05
24.6872 819.045 1638.63 2442.91  3251.7 4054.03
24.7175 820.049 1640.63 2445.91  3255.7    4059
24.7175 821.056 1642.63 2448.91  3259.7 4063.99
24.7175 822.056 1644.64 2451.91 3263.69 4068.99
24.7474 823.053 1646.64 2454.88 3267.69 4073.99
24.7474 824.061 1648.64 2457.89 3271.69 4078.97
24.7474 825.069 1650.64 2460.89 3275.69 4083.96
24.7474 826.071 1652.65 2463.88 3279.69 4088.96
24.7474 827.079 1654.65 2466.89 3283.69 4093.95
24.7775 828.079 1656.65 2469.89 3287.69 4098.93
24.7775 829.083 1658.66 2472.89 3291.67 4103.93
24.7775 830.089 1660.66 2475.89 3295.67 4108.93
24.8075 831.092 1662.66 2478.89 3299.67 4113.89
24.8075   832.1 1664.66 2481.89 3303.67 4118.88
24.8374   833.1 1666.66 2484.89 3307.66 4123.86
24.8374   834.1 1668.66  2487.9 3311.66 4128.85
24.8374   835.1 1670.67  2490.9 3315.66 4133.83
24.8374   836.1 1672.69  2493.9 3319.66 4138.82
24.8671 837.097 1674.69 2496.87 3323.66 4143.82
24.8969 838.097 1676.69 2499.87 3327.65  4148.8
24.8969 839.104 1678.69 2502.88 3331.65 4153.79
24.9267 840.104 1680.69 2505.87 3335.63 4158.79
24.9267 841.104  1682.7 2508.87 3339.63 4163.77
24.9267 842.112  1684.7 2511.87 3343.63 4168.76
24.9267  843.12  1686.7 2514.87 3347.63 4173.75
24.9267 844.128  1688.7 2517.87 3351.64 4178.74
24.9561 845.125  1690.7 2520.84 3355.64 4183.74
24.9858 846.125  1692.7 2523.84 3359.63 4188.72
25.0154 847.129  1694.7 2526.84 3363.63 4193.69
 25.045 848.129  1696.7 2529.83 3367.61 4198.69
 25.045 849.137  1698.7 2532.83 3371.61 4203.68
 25.045 850.144  1700.7 2535.84 3375.61 4208.66
25.0747 851.144  1702.7 2538.84  3379.6 4213.64
25.0747 852.152  1704.7 2541.84 3383.61 4218.63
25.0747 853.158  1706.7 2544.84  3387.6 4223.63
 25.104 854.155  1708.7 2547.81  3391.6 4228.63
 25.104 855.159 1710.71 2550.81 3395.59 4233.63
25.1334 856.159 1712.71 2553.81 3399.59  4238.6
25.1629 857.159 1714.71  2556.8 3403.59 4243.58
25.1924 858.159 1716.71 2559.79 3407.57 4248.58
25.1924 859.159 1718.71  2562.8 3411.57 4253.57
25.2217 860.159 1720.71  2565.8 3415.54 4258.57
25.2509 861.159  1722.7 2568.78 3419.54 4263.57
25.2804 862.162  1724.7 2571.78 3423.54 4268.54
25.2804 863.162  1726.7 2574.78 3427.54 4273.53
25.2804 864.162 1728.72 2577.78 3431.54 4278.51
25.2804 865.165 1730.72 2580.77 3435.54 4283.51
25.2804 866.171 1732.72 2583.77 3439.54 4288.51
25.3097 867.171 1734.72 2586.77 3443.53 4293.49
25.3097 868.171 1736.74 2589.78 3447.53 4298.47
25.3097 869.171 1738.75 2592.77 3451.52 4303.47
25.3387 870.171 1740.74 2595.75 3455.52 4308.47
 25.368 871.174 1742.74 2598.75 3459.52 4313.44
25.3972 872.177 1744.74 2601.75 3463.52 4318.41
25.4264 873.177 1746.74 2604.75 3467.52 4323.38
25.4555 874.177 1748.74 2607.72 3471.52 4328.38
25.4555 875.185 1750.74 2610.73 3475.52 4333.37
25.4843 876.175 1752.72 2613.73 3479.52 4338.37
25.5131 877.165  1754.7 2616.73 3483.52 4343.37
25.5131 878.168 1756.71 2619.72 3487.52 4348.37
25.5131 879.171 1758.71 2622.71 3491.52 4353.37
25.5131 880.171 1760.73 2625.71 3495.52 4358.36
25.5131 881.177 1762.74 2628.71 3499.52 4363.34
 25.542 882.177 1764.74 2631.71 3503.49 4368.34
 25.571 883.176 1766.74 2634.71 3507.46 4373.34
   25.6 884.176 1768.75 2637.71 3511.46  4378.3
   25.6 885.184 1770.75 2640.72 3515.46 4383.29
25.6289 886.184 1772.74 2643.69 3519.46 4388.29
25.6579 887.184 1774.74 2646.68 3523.44 4393.29
25.6867 888.184 1776.74 2649.66 3527.44 4398.29
25.6867 889.184 1778.75 2652.66 3531.44 4403.29
25.7157 890.184 1780.75 2655.65 3535.44 4408.26
25.7157 891.184 1782.75 2658.66 3539.44 4413.26
25.7446 892.184 1784.75 2661.66 3543.44 4418.22
25.7732 893.174 1786.73 2664.66 3547.44 4423.22
25.7732 894.182 1788.73 2667.66 3551.44 4428.21
25.7732 895.187 1790.73 2670.66 3555.43 4433.21
25.7732 896.187 1792.75 2673.66 3559.43  4438.2
25.7732  897.19 1794.75 2676.65 3563.43  4443.2
25.7732 898.193 1796.76 2679.64 3567.43  4448.2
25.8018 899.193 1798.75 2682.62 3571.43  4453.2
25.8305 900.193 1800.75 2685.62 3575.41  4458.2
25.8305 901.195 1802.76 2688.61 3579.41  4463.2
25.8593 902.195 1804.76  2691.6 3583.39  4468.2
25.8593 903.201 1806.77  2694.6 3587.39 4473.18
25.8593 904.204 1808.78 2697.59 3591.39 4478.18
25.8593 905.204 1810.79 2700.59 3595.38 4483.18
25.8876 906.195 1812.77 2703.59 3599.38 4488.18
25.8876   907.2 1814.77 2706.59 3603.37 4493.18
25.9162   908.2 1816.77 2709.58 3607.35 4498.18
25.9162   909.2 1818.78 2712.58 3611.34 4503.18
25.9162   910.2 1820.79 2715.58 3615.34 4508.16
25.9162   911.2 1822.81 2718.58 3619.34 4513.15
25.9162   912.2 1824.81 2721.59 3623.35 4518.14
25.9445   913.2  1826.8 2724.56 3627.35 4523.14
25.9445 914.206  1828.8 2727.56 3631.34 4528.14
 25.973 915.206  1830.8 2730.56 3635.33 4533.12
26.0013 916.203  1832.8 2733.54 3639.33 4538.12
26.0298 917.206  1834.8 2736.54 3643.33 4543.09
26.0583 918.206  1836.8 2739.54 3647.33 4548.06
26.0583 919.206 1838.82 2742.54 3651.33 4553.05
26.0583 920.206 1840.83 2745.54 3655.33 4558.03
26.0863 921.196 1842.81 2748.54 3659.33 4563.03
26.0863 922.204 1844.81 2751.54 3663.33 4568.03
26.0863 923.211 1846.81 2754.54 3667.34 4573.02
26.0863 924.218 1848.81 2757.54 3671.34    4578
26.0863 925.224 1850.81 2760.54 3675.33    4583
26.0863 926.224 1852.82 2763.54 3679.32    4588
26.0863 927.231 1854.82 2766.55 3683.32 4592.99
26.1144 928.231 1856.82 2769.52 3687.32 4597.99
26.1144 929.236 1858.82 2772.52 3691.32 4602.99
26.1422 930.227  1860.8 2775.52 3695.32 4607.99
26.1422 931.233 1862.81 2778.52 3699.32 4612.97
26.1703 932.233 1864.81 2781.52 3703.29 4617.97
26.1985 933.233 1866.81 2784.52 3707.28 4622.95
26.1985 934.233 1868.82 2787.52 3711.28 4627.94
26.2265  935.23 1870.82  2790.5 3715.28 4632.94
26.2265 936.235 1872.82  2793.5 3719.28 4637.94
26.2546 937.238 1874.82  2796.5 3723.28 4642.91
26.2823 938.229 1876.81  2799.5 3727.28 4647.91
26.3104 939.229 1878.81  2802.5 3731.28 4652.87
26.3384 940.229 1880.81  2805.5 3735.25 4657.87
26.3664 941.229 1882.81  2808.5 3739.22 4662.87
26.3664 942.233 1884.82  2811.5 3743.21 4667.87
26.3664 943.235 1886.82 2814.49 3747.21 4672.87
26.3944 944.235 1888.82 2817.49 3751.18 4677.87
26.3944 945.238 1890.83 2820.48 3755.18 4682.87
26.4224 946.238 1892.83 2823.48 3759.18 4687.85
26.4224 947.244 1894.84 2826.48 3763.18 4692.83
26.4502 948.241 1896.84 2829.46 3767.18 4697.83
26.4783 949.241 1898.84 2832.46 3771.17 4702.81
26.5062 950.241 1900.84 2835.45 3775.15 4707.81
26.5062 951.241 1902.86 2838.45 3779.15  4712.8
26.5341 952.241 1904.86 2841.45 3783.13  4717.8
26.5341 953.241 1906.87 2844.45 3787.13 4722.78
26.5619 954.241 1908.87 2847.45  3791.1 4727.78
26.5619 955.247 1910.87 2850.46  3795.1 4732.77
26.5898 956.247 1912.87 2853.46  3799.1 4737.74
26.5898 957.254 1914.87 2856.46  3803.1 4742.72
26.6175 958.251 1916.87 2859.43  3807.1 4747.72
26.6452 959.248 1918.87 2862.41  3811.1 4752.72
26.6452 960.255 1920.87 2865.41  3815.1 4757.71
26.6729 961.252 1922.87 2868.39  3819.1 4762.71
26.6729 962.252 1924.87  2871.4  3823.1  4767.7
26.6729 963.252 1926.87  2874.4  3827.1  4772.7
26.7006 964.252 1928.88  2877.4  3831.1 4777.66
26.7006 965.252 1930.89  2880.4  3835.1 4782.66
26.7006 966.258  1932.9  2883.4  3839.1 4787.65
26.7006 967.258 1934.91  2886.4  3843.1 4792.63
26.7006 968.258 1936.93  2889.4  3847.1 4797.62
26.7006 969.261 1938.93  2892.4  3851.1 4802.62
26.7006 970.267 1940.93  2895.4  3855.1  4807.6
26.7282  971.27 1942.93  2898.4  3859.1 4812.57
26.7282  972.27 1944.94  2901.4 3863.09 4817.57
26.7558  973.27 1946.94  2904.4 3867.08 4822.55
26.7833 974.267 1948.94 2907.37 3871.08 4827.55
26.7833 975.273 1950.95 2910.37 3875.08 4832.54
26.8108 976.276 1952.95 2913.37 3879.08 4837.51
 26.838 977.267 1954.93 2916.37 3883.08 4842.51
 26.838 978.271 1956.94 2919.37 3887.07 4847.51
26.8654  979.27 1958.94 2922.37 3891.04 4852.51
26.8654 980.276 1960.95 2925.37 3895.04 4857.49
26.8929 981.279 1962.95 2928.37 3899.04 4862.46
26.9204 982.279 1964.95 2931.37 3903.04 4867.43
26.9204 983.284 1966.97 2934.37 3907.04 4872.42
26.9204 984.284 1968.98 2937.37 3911.03 4877.42
26.9204 985.284 1970.99 2940.37 3915.03  4882.4
26.9204 986.284 1972.99 2943.38 3919.04 4887.39
26.9204 987.287 1974.99 2946.37 3923.04 4892.39
26.9204 988.287 1976.99 2949.38 3927.04 4897.38
26.9204 989.293    1979 2952.38 3931.04 4902.37
26.9204 990.298    1981 2955.38 3935.03 4907.37
26.9204 991.298 1983.02 2958.38 3939.03 4912.36
26.9204 992.305 1985.02 2961.38 3943.03 4917.35
26.9204 993.309 1987.03 2964.38 3947.02 4922.35
26.9477 994.309 1989.03 2967.38 3951.02 4927.33
26.9477 995.309 1991.04 2970.37 3955.01 4932.33
26.9748 996.309 1993.04 2973.37 3958.99 4937.33
27.0018 997.309 1995.03 2976.34 3962.99 4942.33
27.0018 998.309 1997.03 2979.35 3966.99 4947.32
27.0289 999.309 1999.03 2982.35 3970.97 4952.32
27.0557  1000.3 2001.01 2985.35 3974.97 4957.32
27.0828  1001.3 2003.02 2988.35 3978.97 4962.28
27.1096 1002.29    2005 2991.35 3982.97 4967.28
27.1368 1003.29    2007 2994.35 3986.96 4972.26
27.1638 1004.29    2009 2997.35 3990.93 4977.26