2.66667       2 2.66667 2.66667       5       6
4.04598 3.03448 4.66667 5.66667 7.58621      11
4.04598 4.03448 6.85417 8.32292 11.5862 16.1562
4.04598 5.38248 8.85417 11.1038 15.4574 21.1562
4.70988 6.26569  10.307 14.1038 19.4574 26.1562
4.70988 7.26569 12.3345 17.1038 23.2848 31.3014
4.70988 8.40761 14.2731 20.1038 27.2848 36.2209
5.22574 9.32847 15.8364 23.1038 31.2848 41.2209
5.22574  10.488 17.8049 25.9757 35.2848 46.2209
5.22574  11.488 19.7832 28.8618 39.2848 51.3565
5.71633  12.488 21.7832 31.8618 42.9728 56.1778
5.71633 13.5926 23.7099 34.8618 46.9728 61.1466
6.16827 14.5926 25.7099 37.8618 50.6866 65.9809
6.16827 15.5926 27.6962 40.8618 54.6026 71.0786
6.57972 16.5926 29.5436 43.8618 58.6026 75.8197
6.57972 17.5926 31.5256 46.8618 62.5341 80.9062
6.95914 18.6071 33.5256 49.8618 66.1401 85.9062
6.95914 19.7083 35.5098 52.8618 70.0547 90.9062
6.95914 20.7083 37.5098 55.8285 73.9862  96.008
7.30592 21.7083 39.3789 58.8285 77.9862 100.792
7.30592 22.8039 41.3789 61.7973 81.9219 105.792
7.63655 23.8039 43.2516  64.594 85.9219 110.792
7.96718 24.8039 45.1242  67.594 89.9219 115.589
7.96718 25.8735 47.0701  70.594 93.9219 120.573
7.96718 26.9431  49.016  73.594 97.9219 125.558
7.96718 28.0156  51.016 76.5235 101.922 130.556
7.96718 29.0156 52.9955 79.5235 105.877 135.622
8.25286 30.0156 54.9955 82.3749 109.877 140.485
8.53887 31.0156 56.9014 85.3749 113.685 145.485
8.53887 32.0815 58.9014 88.3091 117.685 150.485
8.53887 33.0815 60.9027 91.3094 121.683 155.485
8.80786 34.0815 62.9027 94.3094 125.516 160.382
9.07684 35.0815 64.9027 97.3094 129.349  165.28
9.07684 36.0815 66.9061 100.313 133.342  170.28
9.07684 37.1464 68.8807 103.274 137.342  175.28
9.07684 38.1464 70.8807 106.254 141.305 180.338
9.07684 39.2095 72.8562 109.215 145.305 185.338
9.30162 40.1805 74.6604 112.215 149.305 190.338
9.30162 41.1805 76.6604 115.195  153.27 195.393
9.52988 42.1911 78.6604 118.195 157.031 200.393
9.75668 43.1952 80.6604 121.195 161.031 205.162
9.75668 44.2503 82.6604 124.195 164.965 210.173
9.75668 45.3054 84.6604 127.195 168.898 215.185
9.97329 46.3113 86.6604 130.195 172.898 219.962
10.1931 47.3113 88.5707 133.065 176.898 224.962
10.1931 48.3113 90.5708  136.07 180.893 229.962
10.1931 49.3634 92.5708  139.07 184.832  234.97
10.1931 50.4214 94.5708  142.05 188.794  239.97
10.3966 51.4279 96.5708  145.05 192.794  244.76
10.3966 52.4796 98.5708  148.05 196.737 249.766
10.3966 53.5364 100.571 151.032 200.698 254.766
10.3966 54.5364 102.571  154.02 204.669 259.807
10.5887 55.5441 104.571  157.02 208.669 264.607
10.7856 56.5441 106.571  160.02 212.551 269.529
10.9778 57.5512 108.571  163.02 216.551 274.329
10.9778 58.5512 110.573 166.026 220.543 279.329
11.1711 59.5512 112.573 168.949 224.427 284.329
11.1711 60.5991 114.573 171.949 228.376 289.332
11.3594 61.5991 116.505 174.949 232.376 294.212
11.3594 62.6459 118.485 177.922 236.376 299.212
11.3594 63.6928 120.465 180.896 240.376 304.212
11.3594 64.6928 122.466 183.901 244.369 309.212
11.5342 65.6882 124.466 186.731 248.369 314.212
11.5342 66.6882 126.466 189.721 252.347 319.244
11.7122 67.6882 128.466 192.649 256.241 324.244
11.8867 68.6966 130.466 195.649 260.058 329.244
12.0647 69.6966 132.466 198.578 263.951 334.244
12.0647 70.7442 134.466 201.563 267.919 339.244
12.0647 71.7853 136.466 204.529 271.919 344.236
12.2375 72.7853 138.466  207.46 275.815 349.236
12.4089 73.7853 140.405  210.46 279.815 354.126
12.5784 74.7933 142.405  213.46 283.638 359.126
12.7497 75.7933 144.344  216.46 287.638 364.016
12.9217 76.7933 146.291  219.46 291.518 369.016
13.0923 77.7933 148.223 222.357 295.518 374.016
13.2595 78.7867 150.223 225.197 299.518 379.016
13.4306 79.7867 152.161 228.197 303.518 383.907
13.4306 80.8267 154.161 231.197 307.474 388.911
13.4306 81.8666 156.161 234.197  311.43 393.915
13.5957  82.873 158.161 237.197 315.259 398.915
13.7619  83.873 160.095 240.097 319.259 403.915
  13.93  84.873 162.095 243.097 323.158 408.847
14.0973  85.873 164.095 246.017 327.158 413.759
14.2647  86.873 166.043 249.017 331.042 418.759
14.4314  87.873 167.983 252.017 335.042 423.653
14.4314 88.9076 169.961 255.017 339.042  428.64
14.5898 89.8835 171.827 258.017 343.042  433.64
14.7551 90.8835 173.774 261.017  346.93  438.64
14.9136 91.8593  175.64 264.017  350.93  443.64
15.0794 92.8593  177.64 267.017 354.831 448.573
15.2445 93.8593  179.64 269.941 358.831 453.484
15.2445 94.8922 181.616 272.941 362.831 458.474
15.2445 95.9284   183.6 275.922 366.831 463.474
15.2445 96.9284   185.6 278.915 370.811 468.502
15.4044 97.9284   187.6  281.84 374.811 473.416
15.5648 98.9284   189.6 284.776 378.715 478.416
15.7242 99.9284 191.541 287.776 382.715 483.316
15.7242 100.928 193.531 290.765 386.715 488.336
15.8804 101.931 195.531 293.765 390.556 493.336
15.8804 102.965 197.515 296.747 394.556 498.336
16.0371 103.965 199.515 299.674 398.556 503.252
16.0371 105.002 201.515 302.663 402.531 508.252
16.1902 106.005 203.515 305.663 406.375 513.252
16.1902 107.005 205.509 308.663 410.355 518.279
16.3416 108.006 207.509 311.663 414.355 523.127
16.4953 109.006 209.459 314.663  418.25 528.127
16.4953 110.036 211.439 317.663  422.25 533.117
16.4953 111.036 213.439 320.668 426.245 538.117
16.4953 112.071 215.439 323.658 430.219 543.117
16.4953 113.107 217.429 326.658 434.194 548.117
16.4953 114.107 219.429 329.652 438.174 553.142
16.6425 115.107 221.429 332.595 442.085 558.142
16.6425 116.136 223.409 335.595 446.085 563.133
16.7885 117.136 225.409 338.595 449.999 568.073
16.7885 118.136  227.41   341.6 453.993 573.073
16.7885 119.165  229.39   344.6 457.993 578.064
16.7885 120.165 231.391 347.605 461.987 583.064
16.9271 121.157 233.391 350.475 465.987 588.064
17.0693 122.157 235.391 353.418 469.901 593.064
17.0693 123.157 237.385 356.418 473.882 598.089
17.2099 124.157 239.341 359.418 477.786 603.089
17.2099 125.157 241.335 362.418 481.767 608.114
17.3489 126.157 243.284 365.418 485.767 613.025
17.3489 127.189 245.275 368.418 489.743 618.025
17.4872 128.189 247.275 371.355 493.743 622.951
 17.625 129.189 249.225 374.355 497.743 627.863
 17.625 130.189 251.217 377.346 501.743  632.88
 17.625 131.219 253.203  380.33 505.743  637.88
17.7597 132.221 255.203  383.33 509.606  642.88
17.7597 133.253 257.203 386.321 513.583  647.88
17.7597 134.285 259.195 389.321 517.559  652.88
17.7597 135.311 261.177 392.321 521.559 657.872
 17.892 136.311 263.122 395.244 525.559 662.872
18.0206 137.291 265.014 398.244 529.559 667.872
18.0206  138.32     267 401.228 533.559 672.872
18.1483   139.3 268.892 404.228 537.559 677.872
18.2775 140.292 270.892 407.107 541.559 682.872
18.2775  141.32 272.892 410.107 545.528 687.876
18.2775  142.32 274.885 413.107 549.511 692.899
 18.408  143.32 276.885 416.107 553.434 697.846
 18.408 144.351 278.875 419.107 557.413 702.846
 18.408 145.351 280.868 422.107 561.397 707.869
18.5366 146.351 282.868 425.056 565.319 712.869
18.6645 147.351 284.821 428.056 569.319 717.789
18.6645 148.351 286.821 431.051 573.302 722.811
18.6645 149.351 288.812 434.043 577.302 727.828
18.7914 150.351 290.812 437.043 581.227 732.776
18.9176 151.351 292.764 440.043 585.227 737.697
18.9176 152.375 294.746 443.043 589.227 742.691
 19.043 153.375 296.699 446.043 593.227 747.612
 19.043 154.402 298.686  449.03 597.227 752.612
19.1679 155.402 300.645  452.03 601.144 757.612
19.2902 156.394 302.645 454.915 605.144 762.612
19.2902 157.394 304.643  457.92  609.14 767.612
19.2902 158.423 306.643 460.911  613.12 772.612
19.2902 159.447 308.643 463.892  617.12 777.608
19.2902 160.471 310.626 466.892  621.12 782.601
19.4096 161.464 312.626  469.78  625.12 787.601
19.4096 162.489 314.626  472.78 629.091 792.605
19.4096 163.489 316.619  475.78 633.077 797.626
19.4096 164.513 318.619  478.76 637.077 802.622
19.4096 165.537 320.601  481.76 641.077 807.616
19.4096 166.562 322.601  484.76 645.048 812.619
19.5253 167.556 324.601 487.651 649.048 817.619
19.5253 168.579 326.584 490.651 653.048 822.613
19.6412  169.58 328.584 493.651 657.048 827.496
19.7579  170.58 330.535 496.582 661.048 832.496
19.7579 171.603 332.518 499.582 665.048  837.49
19.7579 172.626 334.501 502.582 669.048 842.484
19.7579 173.652 336.489 505.569 673.048 847.484
19.7579 174.675 338.472 508.569 677.048 852.478
19.7579 175.675 340.463 511.561 681.048 857.494
19.7579 176.675 342.463 514.556 685.035 862.513
19.8679 177.659  344.37 517.556 689.035 867.513
19.8679 178.686  346.36 520.556 693.017 872.513
19.9784  179.68  348.36 523.451 697.017 877.513
20.0897 180.681  350.36 526.451 701.017 882.401
20.0897 181.705  352.36 529.451 704.991 887.403
20.1984 182.688 354.268 532.451 708.991 892.403
20.1984 183.715 356.258 535.451 712.974 897.403
20.1984  184.74 358.246 538.439 716.974 902.403
20.1984 185.766 360.236 541.439 720.958 907.403
20.1984 186.766 362.234 544.442 724.956 912.403
20.1984 187.789 364.217 547.442 728.956 917.398
20.1984 188.815 366.217 550.433 732.939 922.398
20.3067 189.815  368.18 553.433 736.868 927.398
20.3067 190.841  370.18 556.424 740.851 932.398
20.4146 191.841  372.18  559.38 744.787 937.398
20.4146 192.841  374.18 562.375 748.774 942.416
20.4146 193.841 376.171 565.368 752.774 947.432
20.5213 194.841 378.171 568.325 756.711 952.432
20.6261 195.835 380.171 571.225 760.711 957.432
20.7298  196.82 382.083 574.225 764.711 962.432
20.8353 197.822 384.083 577.225 768.603 967.432
20.8353 198.843 386.083 580.207 772.603 972.428
20.8353 199.869 388.083 583.198 776.587 977.428
20.8353 200.869 390.081 586.201 780.585 982.428
  20.94 201.869 392.041 589.201 784.585 987.364
21.0421 202.854 393.954 592.201 788.585 992.364
21.0421 203.877 395.942 595.189 792.585 997.364
21.0421 204.902 397.932 598.189  796.57 1002.36
 21.145 205.904 399.932 601.189 800.465 1007.36
 21.145 206.929 401.932 604.181 804.448 1012.36
 21.145 207.953 403.932 607.173 808.432 1017.36
 21.145 208.953 405.925 610.173  812.42 1022.38
 21.145 209.953 407.923 613.176 816.419 1027.38
 21.145 210.978 409.914 616.176 820.404 1032.38
 21.145 212.003 411.914 619.168 824.387 1037.38
 21.145 213.003 413.912 622.172 828.386 1042.38
 21.145 214.003 415.903 625.165 832.386  1047.4
 21.244 215.004 417.903 628.165 836.386  1052.3
 21.244 216.028 419.903 631.157  840.37  1057.3
 21.244 217.028 421.901  634.16 844.368  1062.3
21.3414 218.023 423.901 637.068 848.368  1067.3
21.4395 219.025 425.901 640.068 852.268  1072.3
 21.538 220.025  427.86 643.011 856.268  1077.3
 21.538 221.025  429.86 646.006 860.256 1082.32
21.6366 222.025 431.826 649.006 864.191 1087.32
21.7342 223.027 433.826 652.006 868.091 1092.32
21.7342 224.027 435.824 655.009  872.09 1097.32
21.7342 225.027 437.822 658.012 876.089 1102.32
 21.832 226.027 439.822 661.012 880.031 1107.28
21.9287 227.028 441.822 664.012 884.031 1112.18
22.0265 228.028 443.822 667.012 887.973 1117.14
22.1217 229.014 445.741 670.012 891.973 1122.14
22.1217 230.037 447.733 673.012 895.958 1127.14
 22.219 231.037 449.733 675.973   899.9 1132.14
22.3164 232.037 451.733 678.934 903.842 1137.14
22.4126 233.037 453.733 681.934 907.842 1142.04
22.4126 234.037 455.725 684.928 911.842 1147.06
22.4126 235.057 457.725 687.912 915.842 1152.05
22.4126 236.077 459.725 690.895 919.842 1157.05
22.5087 237.077 461.725 693.895 923.785 1162.01
22.5087 238.077 463.725 696.891 927.773 1167.03
22.6041 239.077 465.725 699.846 931.773 1171.97
22.6041 240.096  467.71 702.846 935.773 1176.97
22.6988 241.096  469.67 705.792 939.773 1181.97
22.7939 242.096  471.67 708.747 943.773 1186.92
22.8881 243.096  473.67 711.747 947.773 1191.83
22.9834 244.096  475.67 714.747 951.718 1196.79
22.9834 245.118  477.67  717.74 955.703 1201.79
22.9834 246.118 479.669 720.743 959.701 1206.79
22.9834 247.138 481.669 723.743 963.679 1211.79
22.9834 248.138 483.661 726.737 967.679  1216.8
23.0765 249.138 485.622 729.683 971.679  1221.8
23.1693  250.14 487.622 732.683 975.585  1226.8
 23.262 251.141 489.622 735.683 979.491  1231.8
 23.262 252.141 491.616 738.683  983.48 1236.82
 23.353 253.127 493.539 741.683  987.48 1241.82
 23.444 254.114 495.462 744.683  991.48 1246.82
23.5371 255.114  497.43 747.683 995.419 1251.82
23.6281   256.1 499.353 750.683 999.419 1256.82
23.6281   257.1 501.345 753.678 1003.42 1261.83
  23.72   258.1 503.345 756.678 1007.42 1266.74
23.8114 259.094 505.345 759.592 1011.42 1271.74
23.9043 260.094 507.345 762.592 1015.36  1276.7
 23.997 261.094 509.345 765.549 1019.36 1281.65
 23.997 262.115 511.345 768.542 1023.35 1286.65
 23.997 263.115 513.337 771.537 1027.35 1291.66
 23.997 264.115 515.331 774.537 1031.34 1296.68
 23.997 265.115 517.323 777.531 1035.34 1301.69
24.0875 266.115 519.323 780.531 1039.34  1306.6
24.0875 267.132 521.309 783.531 1043.34  1311.6
24.0875 268.152 523.299 786.522 1047.34  1316.6
24.0875 269.152 525.293 789.522 1051.33 1321.62
24.0875  270.17 527.278 792.522 1055.33 1326.61
24.0875 271.188 529.278 795.522 1059.31 1331.61
24.1764 272.189 531.278 798.522 1063.22 1336.61
24.2647 273.184 533.278 801.439 1067.22 1341.61
24.2647 274.184 535.271 804.434 1071.22 1346.63
24.2647 275.204 537.263 807.434 1075.21 1351.63
24.2647 276.204 539.263  810.43  1079.2 1356.64
24.3527 277.205 541.263  813.43 1083.11 1361.64
 24.441 278.205 543.226 816.379 1087.11 1366.64
 24.441 279.223 545.226 819.379 1091.09 1371.64
24.5289 280.223 547.188 822.328 1095.09 1376.64
24.6174 281.223 549.188 825.328 1099.03 1381.61
24.6174 282.243 551.178 828.319 1103.03 1386.61
24.6174 283.263 553.178 831.313 1107.02 1391.61
24.6174 284.263 555.177 834.316 1111.02 1396.61
24.7028  285.25 557.104 837.316 1115.02 1401.61
24.7028 286.267  559.09 840.316 1119.02  1406.6
24.7892 287.267  561.09 843.316 1122.93  1411.6
24.7892 288.284 563.077 846.316 1126.93  1416.6
24.8761 289.284 565.077 849.281 1130.88  1421.6
24.8761 290.304 567.077 852.274 1134.87  1426.6
24.8761 291.304 569.075 855.277 1138.87  1431.6
24.9615 292.305 571.075 858.277 1142.78  1436.6
25.0465   293.3 573.075 861.198 1146.78  1441.6
25.1326   294.3 575.075 864.157 1150.78 1446.56
25.2185   295.3 577.042 867.157 1154.78  1451.5
25.2185 296.319 579.042 870.151 1158.77  1456.5
25.2185 297.336 581.042 873.137 1162.77  1461.5
 25.304 298.336 583.042 876.097 1166.77 1466.46
 25.304 299.336 585.034 879.091 1170.77 1471.47
25.3892 300.336 587.034 882.052 1174.77 1476.42
25.4738 301.337 589.034 885.052 1178.68 1481.42
25.5589 302.337 591.002 888.052 1182.68 1486.37
25.5589 303.337     593 891.054 1186.68 1491.37
25.5589 304.356 594.993 894.054 1190.67 1496.37
25.6429 305.356 596.993 897.054 1194.67 1501.29
25.7268 306.356 598.993 900.054 1198.67  1506.2
25.8116 307.356 600.993  903.02 1202.62  1511.2
25.8956 308.357 602.993  906.02 1206.53  1516.2
25.8956 309.374 604.993  909.02 1210.51  1521.2
  25.98 310.374 606.993 911.981 1214.51 1526.16
26.0645 311.374 608.993 914.947 1218.46 1531.16
26.1485 312.374 610.957 917.898 1222.46 1536.16
26.2322 313.374 612.957 920.898 1226.46 1541.08
26.3166 314.374 614.957 923.859 1230.46 1546.03
26.3166 315.374 616.952 926.859 1234.45 1551.05
26.3166 316.391 618.952 929.859 1238.43 1556.05
26.4003 317.391  620.92 932.859 1242.43    1561
26.4838 318.391 622.885 935.811 1246.43    1566
26.5678 319.391 624.885 938.811 1250.39 1570.96
26.5678 320.408 626.876 941.802 1254.39 1575.96
26.6513 321.408 628.847 944.802 1258.33 1580.96
26.7331 322.395 630.778 947.802 1262.33 1585.96
26.7331 323.413 632.769 950.793 1266.33 1590.96
26.8163 324.413 634.738 953.793 1270.33 1595.91
 26.899 325.413 636.738 956.793 1274.25 1600.91
26.9824 326.413 638.738 959.793  1278.2 1605.87
 27.065 327.413 640.738 962.793  1282.2 1610.79
 27.065 328.413 642.736 965.796  1286.2 1615.79
27.1474 329.412 644.736 968.796  1290.2 1620.71
27.1474 330.412 646.731 971.796 1294.19 1625.72
27.1474 331.431 648.724 974.796 1298.18 1630.72
  27.23 332.431 650.724 977.763 1302.13 1635.72
  27.23 333.431 652.722 980.766 1306.13 1640.72
27.3117 334.431 654.722 983.766 1310.05 1645.72
27.3941 335.431 656.722 986.766    1314 1650.69
27.4753 336.425 658.722  989.69    1318 1655.69
27.4753 337.442 660.713 992.682    1322 1660.69
27.5557 338.429 662.646 995.682    1326 1665.69
27.5557 339.447 664.646 998.676 1329.99 1670.69
27.6374 340.447 666.618 1001.68 1333.93 1675.69
27.6374 341.447 668.616 1004.68 1337.93 1680.69
27.6374 342.465 670.616 1007.67 1341.92 1685.69
27.6374 343.465 672.611 1010.67 1345.91  1690.7
27.6374 344.465 674.606 1013.67  1349.9 1695.72
27.7176 345.464 676.606 1016.67  1353.9 1700.64
27.7982 346.464 678.571 1019.63  1357.9 1705.64
27.8783 347.464 680.571 1022.63  1361.9 1710.56
27.8783  348.48 682.563 1025.62  1365.9 1715.56
27.8783 349.498 684.556 1028.62 1369.89 1720.56
27.9586 350.498 686.526 1031.62 1373.89 1725.51
28.0388 351.498 688.495 1034.62 1377.89 1730.46
28.1191 352.498 690.468 1037.62 1381.84 1735.46
28.1191 353.515 692.468 1040.61 1385.83 1740.46
28.1989 354.515 694.433 1043.57 1389.83 1745.46
28.1989  355.53 696.422 1046.57 1393.83 1750.45
28.1989 356.547 698.413 1049.56 1397.83 1755.45
28.2783 357.547 700.379 1052.52 1401.83 1760.45
28.2783 358.562 702.379  1055.5 1405.83 1765.45
28.3562 359.549 704.313  1058.5 1409.83 1770.45
28.3562 360.549 706.313  1061.5 1413.82 1775.46
28.3562 361.566 708.313 1064.49 1417.81 1780.46
28.3562 362.581 710.301 1067.49 1421.81 1785.46
28.3562 363.599 712.294 1070.49  1425.8 1790.46
28.4342 364.599 714.294 1073.49 1429.72 1795.46
28.4342 365.616 716.294 1076.49 1433.71 1800.46
28.4342 366.633 718.288 1079.49  1437.7 1805.46
28.4342 367.651 720.281 1082.49 1441.69 1810.46
28.5122 368.651 722.281 1085.46 1445.64 1815.46
28.5895  369.65 724.281 1088.46 1449.64 1820.38
28.6659 370.638 726.216 1091.46 1453.64 1825.38
28.7423 371.626 728.152 1094.46 1457.64 1830.38
28.8192  372.62 730.152 1097.39 1461.64 1835.38
28.8965  373.62 732.152 1100.39 1465.64 1840.31
28.9745  374.62 734.152 1103.39 1469.59 1845.27
28.9745 375.637 736.152 1106.38 1473.58 1850.27
29.0521 376.637 738.125 1109.38 1477.53 1855.27
29.0521 377.651 740.113 1112.38 1481.53 1860.27
29.0521 378.668 742.106 1115.38 1485.52 1865.27
29.1289 379.668 744.106 1118.38 1489.44 1870.27
29.1289 380.668 746.106 1121.38 1493.44 1875.28
29.2058 381.668 748.077 1124.38 1497.44 1880.24
 29.283 382.668 750.077 1127.38 1501.39  1885.2
29.3595 383.668 752.077 1130.38 1505.32  1890.2
29.3595 384.668 754.077 1133.37 1509.31 1895.21
29.4363 385.668 756.077 1136.34 1513.31 1900.17
29.5129 386.668 758.044  1139.3 1517.31 1905.17
29.5898 387.668 760.044  1142.3 1521.26 1910.14
29.6661 388.668 762.044  1145.3 1525.26 1915.06
29.6661 389.683 764.044  1148.3 1529.25 1920.07
29.7413 390.671 765.981  1151.3 1533.25 1925.07
29.7413 391.687 767.974  1154.3 1537.24 1930.07
29.7413 392.704 769.968  1157.3 1541.23 1935.07
29.7413 393.718 771.968 1160.28 1545.23 1940.06
29.7413 394.735 773.961 1163.28 1549.22 1945.06
29.7413 395.749 775.961 1166.27 1553.22 1950.06
29.8169 396.749 777.932 1169.27 1557.22 1955.01
29.8926 397.749 779.932 1172.24 1561.17 1960.01
29.9668 398.737  781.87 1175.24 1565.17 1965.01
29.9668 399.737 783.864 1178.24 1569.16 1970.03
30.0421 400.737 785.832  1181.2 1573.16 1975.03
30.1176 401.737 787.832 1184.17 1577.12 1980.03
30.1176 402.752 789.823 1187.16 1581.12 1985.03
30.1176 403.752 791.821 1190.17 1585.12 1990.03
30.1924 404.752 793.788 1193.12 1589.12 1995.03
30.1924 405.752 795.783 1196.12 1593.11 2000.04
30.2672 406.752 797.754 1199.12 1597.11 2004.99
30.3422 407.752 799.754 1202.09 1601.07 2009.99
30.4157 408.741 801.692 1205.09 1605.07 2014.99
30.4157 409.741  803.69  1208.1 1609.07 2019.99
30.4903 410.741 805.661  1211.1 1613.07 2024.95
30.4903 411.757 807.654  1214.1 1617.06 2029.95
30.5639 412.751 809.654 1217.03 1621.06 2034.95
30.5639 413.765 811.643 1220.03 1625.06 2039.94
30.5639 414.779 813.643 1223.03 1629.04 2044.95
30.6372 415.774 815.643 1225.96 1633.04 2049.95
30.7114 416.774 817.617 1228.96 1636.99 2054.95
30.7114 417.789 819.608 1231.95 1640.99 2059.95
 30.784 418.777 821.547 1234.95 1644.99 2064.95
 30.858 419.777 823.521 1237.95 1648.94 2069.95
 30.858 420.793 825.514 1240.95 1652.94 2074.95
 30.858 421.808 827.514 1243.95 1656.92 2079.95
 30.858 422.823 829.505 1246.95 1660.92 2084.95
 30.858 423.836 831.505 1249.94 1664.92 2089.94
 30.858 424.836   833.5 1252.94 1668.91 2094.96
 30.858 425.851 835.491 1255.93 1672.91 2099.96
 30.858 426.867 837.491 1258.92  1676.9 2104.96
 30.858 427.867 839.491 1261.92 1680.89 2109.97
 30.858 428.867 841.489 1264.92 1684.89 2114.97
30.9305 429.867 843.489 1267.92 1688.85 2119.94
30.9305 430.867 845.486 1270.93 1692.85 2124.94
31.0025 431.867 847.455 1273.89 1696.85 2129.94
31.0025 432.867 849.449 1276.89 1700.85 2134.95
31.0745 433.867 851.424 1279.89  1704.8 2139.95
31.0745 434.882 853.415 1282.88  1708.8 2144.95
31.0745 435.882 855.409 1285.88  1712.8 2149.96
31.0745 436.896   857.4 1288.87  1716.8 2154.96
31.0745  437.91   859.4 1291.87 1720.78 2159.96
31.1455  438.91   861.4 1294.87 1724.71 2164.96
31.2169  439.91 863.375 1297.87 1728.67 2169.96
31.2169  440.91 865.368 1300.87 1732.67 2174.97
 31.288  441.91  867.34 1303.87 1736.67 2179.93
31.3581 442.899 869.281 1306.87 1740.67 2184.93
31.3581 443.912  871.27 1309.87 1744.67 2189.93
31.3581 444.926 873.259 1312.87 1748.67 2194.92
31.3581 445.941 875.259 1315.86 1752.66 2199.92
31.4288 446.941 877.233 1318.86 1756.61 2204.92
31.4288 447.941 879.227 1321.86 1760.61 2209.93
31.4288 448.941 881.224 1324.86 1764.61 2214.93
31.4985 449.935 883.224  1327.8 1768.61 2219.93
31.4985 450.948 885.224 1330.79 1772.61 2224.93
31.4985 451.948 887.217 1333.78 1776.61 2229.94
31.5686 452.948 889.192 1336.78 1780.57 2234.94
31.6385 453.948 891.162 1339.74 1784.57 2239.94
31.6385 454.948 893.159 1342.75 1788.56 2244.94
31.6385 455.948 895.156 1345.75 1792.56 2249.94
31.6385 456.961 897.145 1348.75 1796.56 2254.94
31.6385 457.974 899.145 1351.74 1800.56 2259.94
31.6385 458.989 901.145 1354.73 1804.55 2264.94
31.6385 459.989 903.139 1357.73 1808.55 2269.95
31.7078 460.989 905.139 1360.73 1812.51 2274.92
31.7769 461.989 907.139  1363.7 1816.51 2279.88
31.8457 462.989 909.139  1366.7 1820.44 2284.88
31.9149 463.989 911.115  1369.7 1824.39 2289.88
31.9149 464.989 913.115  1372.7 1828.39 2294.89
31.9149 465.989 915.109  1375.7 1832.38 2299.91
31.9149 467.001 917.098  1378.7 1836.38 2304.91
31.9835 468.001 919.068 1381.66 1840.38 2309.91
32.0521 469.001 921.041 1384.66 1844.38 2314.86
32.1201 469.996 923.041  1387.6 1848.38 2319.86
32.1201 470.996 925.034 1390.59 1852.38 2324.87
32.1887 471.996  927.01 1393.59 1856.34 2329.87
32.2572 472.996 928.983 1396.59 1860.34 2334.83
32.3258 473.996 930.958 1399.59 1864.29 2339.83
32.3942 474.996 932.928 1402.56 1868.29 2344.83
32.3942 475.996 934.921 1405.55 1872.29 2349.84
32.3942  477.01 936.913 1408.55 1876.29 2354.84
32.4626  478.01 938.913 1411.55 1880.25 2359.81
32.4626 479.025 940.906 1414.55 1884.24 2364.81
32.4626 480.038 942.906 1417.55 1888.23 2369.82
32.5305 481.038 944.879 1420.55 1892.23 2374.77
32.5305 482.051 946.879 1423.54 1896.23 2379.77
32.5305 483.065 948.879 1426.53 1900.22 2384.77
32.5305 484.077 950.879 1429.52 1904.22 2389.77
 32.597 485.067 952.823 1432.52 1908.22 2394.77
 32.597 486.067 954.817 1435.52 1912.22 2399.78
 32.597 487.067 956.817 1438.52 1916.21 2404.79
 32.597 488.079 958.817 1441.51 1920.21 2409.79
32.6638 489.079 960.817 1444.51 1924.15 2414.79
32.6638 490.079  962.81  1447.5 1928.15  2419.8
32.7304 491.078  964.81  1450.5 1932.15 2424.73
32.7974 492.078  966.81 1453.47 1936.15  2429.7
 32.864 493.078  968.81 1456.47 1940.08  2434.7
 32.864 494.078 970.803 1459.47 1944.08 2439.71
 32.864  495.09 972.803 1462.46 1948.08  2444.7
32.9308  496.09 974.803 1465.43 1952.04  2449.7
32.9976  497.09 976.803  1468.4    1956  2454.7
33.0642  498.09 978.774 1471.37    1960  2459.7
 33.131  499.09 980.774 1474.34 1963.96  2464.7
33.1978  500.09 982.774 1477.31 1967.96 2469.67
33.1978 501.103 984.774 1480.31 1971.95 2474.67
33.1978 502.103 986.772 1483.31 1975.95 2479.67
33.1978 503.103 988.765 1486.31 1979.95 2484.68
33.1978 504.118 990.759 1489.31 1983.94 2489.68
33.1978 505.118 992.759 1492.31 1987.93 2494.69
33.1978  506.13 994.748 1495.31 1991.93 2499.69
33.2637  507.13 996.724 1498.31 1995.89 2504.69
33.3293 508.129 998.724 1501.31 1999.89 2509.62
33.3948 509.128 1000.72 1504.31 2003.89 2514.56
33.3948 510.128 1002.72  1507.3 2007.88 2519.57
33.4599 511.123 1004.72 1510.24 2011.88 2524.57
33.5247 512.113 1006.67 1513.24 2015.88 2529.57
33.5247 513.126 1008.66 1516.24 2019.88 2534.57
33.5247 514.126 1010.66 1519.24 2023.87 2539.58
33.5247 515.126 1012.66 1522.24 2027.87 2544.59
33.5247 516.139 1014.66 1525.24 2031.85 2549.59
  33.59 517.139 1016.63 1528.24 2035.85 2554.55
33.6552 518.139  1018.6 1531.24 2039.85 2559.51
33.7203 519.139 1020.58  1534.2 2043.85 2564.51
33.7852 520.138 1022.58  1537.2 2047.79 2569.51
33.8506 521.138 1024.58 1540.17 2051.75 2574.51
33.8506 522.152 1026.58 1543.17 2055.74 2579.51
33.9156 523.152 1028.55 1546.13 2059.74 2584.51
33.9808 524.152 1030.52 1549.13  2063.7 2589.51
34.0458 525.152  1032.5  1552.1  2067.7 2594.51
34.1109 526.152  1034.5 1555.07  2071.7 2599.48
34.1761 527.152  1036.5 1558.04  2075.7 2604.44
34.1761 528.164  1038.5 1561.04 2079.68 2609.44
34.1761 529.177  1040.5 1564.04 2083.67 2614.45
34.2406 530.176  1042.5 1567.04 2087.67 2619.38
34.3055 531.176 1044.47 1570.04 2091.67 2624.34
  34.37 532.175 1046.47 1573.04 2095.67 2629.28
  34.37 533.175 1048.46 1576.04 2099.67 2634.29
34.4344 534.174 1050.46 1579.04  2103.6 2639.29
34.4344 535.187 1052.46 1582.04 2107.59 2644.29
34.4344   536.2 1054.46 1585.03 2111.58 2649.29
34.4344 537.214 1056.46 1588.03 2115.57 2654.29
34.4344 538.227 1058.45 1591.03 2119.57 2659.29
34.4987 539.227 1060.43 1594.03 2123.53 2664.29
34.4987 540.239 1062.43 1597.02 2127.53 2669.29
 34.563 541.239 1064.43 1599.99 2131.49 2674.29
 34.563 542.252 1066.42 1602.99 2135.48 2679.29
 34.627 543.252  1068.4 1605.99 2139.48 2684.25
 34.627 544.266  1070.4 1608.99 2143.48 2689.25
34.6909 545.266  1072.4 1611.96 2147.48 2694.22
34.7545 546.265  1074.4 1614.96 2151.48 2699.15
34.8185 547.265  1076.4 1617.96 2155.44 2704.13
34.8185 548.265 1078.39 1620.96 2159.43 2709.14
34.8822 549.265 1080.36 1623.92 2163.43 2714.14
34.9456 550.264 1082.36 1626.92 2167.43 2719.07
35.0095 551.264 1084.34 1629.92 2171.39 2724.07
35.0731 552.264 1086.31 1632.88 2175.39 2729.07
35.1369 553.264 1088.29 1635.88 2179.39 2734.04
35.2007 554.264 1090.26 1638.88 2183.39    2739
35.2007 555.277 1092.26 1641.88 2187.38    2744
35.2007  556.29 1094.25 1644.88 2191.38    2749
35.2007 557.302 1096.24 1647.88 2195.38    2754
35.2642 558.302 1098.24 1650.88 2199.35 2758.97
35.2642 559.313 1100.23 1653.88 2203.35 2763.97
35.2642 560.326 1102.23 1656.87 2207.34 2768.97
35.2642  561.34 1104.23 1659.87 2211.33 2773.97
35.3273  562.34 1106.23 1662.84 2215.33 2778.93
35.3273 563.351 1108.22 1665.84 2219.33 2783.93
35.3897 564.346 1110.22 1668.78 2223.33 2788.93
35.4524 565.346 1112.22 1671.78 2227.27 2793.93
35.4524 566.357 1114.22 1674.78 2231.27 2798.93
 35.515 567.357 1116.22 1677.78 2235.21 2803.93
 35.515 568.357 1118.21 1680.78  2239.2 2808.94
35.5772 569.352 1120.21 1683.72  2243.2 2813.94
35.6396 570.351 1122.21 1686.72 2247.14 2818.94
35.6396 571.364  1124.2 1689.71 2251.14 2823.94
35.7024 572.364  1126.2 1692.71  2255.1 2828.91
35.7024 573.375 1128.19 1695.71  2259.1 2833.91
35.7024 574.387 1130.19 1698.71 2263.09 2838.91
35.7024 575.387 1132.19 1701.71 2267.08 2843.92
35.7644 576.387 1134.19 1704.71 2271.08 2848.86
35.7644   577.4 1136.18 1707.71 2275.08 2853.86
35.8266   578.4 1138.16 1710.71 2279.08 2858.82
35.8885 579.399 1140.16 1713.71 2283.02 2863.82
35.9508 580.399 1142.16 1716.71 2286.98  2868.8
 36.013 581.399 1144.16 1719.68 2290.98 2873.76
 36.013 582.411 1146.15 1722.68 2294.98 2878.76
36.0752 583.411 1148.13 1725.68 2298.94 2883.76
36.1372 584.411  1150.1 1728.65 2302.94 2888.76
36.1372 585.411  1152.1 1731.65 2306.93 2893.77
36.1993 586.411  1154.1 1734.62  2310.9 2898.77
36.2604 587.401 1156.05 1737.62  2314.9 2903.77
36.3225 588.401 1158.05  1740.6 2318.86 2908.77
36.3841   589.4 1160.05  1743.6 2322.86 2913.71
36.3841   590.4 1162.05  1746.6 2326.86 2918.71
36.4452  591.39 1163.99  1749.6 2330.86 2923.71
36.5071  592.39 1165.99 1752.57 2334.86 2928.68
36.5071  593.39 1167.99 1755.57 2338.85 2933.69
36.5689  594.39 1169.99 1758.57 2342.82 2938.66
36.6308  595.39 1171.97 1761.57 2346.78 2943.66
36.6308 596.403 1173.97 1764.57 2350.77 2948.66
36.6308 597.414 1175.97 1767.56 2354.77 2953.66
36.6308 598.414 1177.97 1770.56 2358.76 2958.67
36.6923 599.414 1179.94 1773.56 2362.72 2963.67
36.7537 600.414 1181.92 1776.56 2366.72 2968.63
36.8151 601.414 1183.89 1779.52 2370.72 2973.63
36.8766 602.414 1185.89  1782.5 2374.69 2978.63
36.8766 603.427 1187.89  1785.5 2378.68 2983.63
 36.938 604.427 1189.89 1788.47 2382.68  2988.6
36.9988 605.422 1191.89 1791.41 2386.68  2993.6
37.0599 606.421 1193.89 1794.41 2390.68 2998.54
37.1209  607.42 1195.89 1797.41 2394.68 3003.48
37.1209 608.431 1197.89  1800.4 2398.68 3008.48
37.1822 609.431 1199.86  1803.4 2402.68 3013.44
37.1822 610.443 1201.86  1806.4 2406.67 3018.44
37.2425 611.434 1203.81  1809.4 2410.67 3023.44
37.2425 612.446 1205.81  1812.4 2414.67 3028.44
37.3035 613.446 1207.78  1815.4 2418.67  3033.4
37.3644 614.446 1209.76 1818.37 2422.67  3038.4
37.3644 615.459 1211.75 1821.37 2426.66  3043.4
37.3644 616.471 1213.74 1824.36 2430.66  3048.4
37.4253 617.471 1215.74 1827.33 2434.66 3053.37
37.4859  618.47 1217.74 1830.33 2438.66 3058.31
37.5467  619.47 1219.72 1833.33 2442.66 3063.27
 37.607 620.465 1221.72 1836.28 2446.66 3068.27
37.6676 621.464 1223.72 1839.28  2450.6 3073.27
37.7281 622.463 1225.72 1842.28  2454.6 3078.21
37.7891 623.463 1227.72 1845.25 2458.56 3083.21
37.7891 624.474 1229.71 1848.25 2462.56 3088.21
37.8495 625.473 1231.71 1851.25 2466.56 3093.15
37.8495 626.485  1233.7 1854.25 2470.56 3098.15
37.8495 627.485  1235.7 1857.25 2474.56 3103.15
37.8495 628.485  1237.7 1860.25 2478.56 3108.16
37.8495 629.485 1239.69 1863.25 2482.56 3113.16
37.9099 630.485 1241.69 1866.23 2486.56 3118.13
37.9099 631.497 1243.69 1869.22 2490.55 3123.13
37.9099 632.497 1245.69 1872.22 2494.54 3128.14
37.9099 633.509 1247.69 1875.22 2498.54 3133.14
37.9699 634.509 1249.67 1878.18 2502.54 3138.14
37.9699 635.521 1251.66 1881.18 2506.54 3143.14
38.0299 636.521 1253.66 1884.15  2510.5 3148.14
38.0891 637.512 1255.61 1887.15  2514.5 3153.14
38.0891 638.524  1257.6 1890.15 2518.49 3158.14
38.1482 639.514 1259.55 1893.15 2522.49 3163.14
38.1482 640.514 1261.55 1896.15 2526.49 3168.15
38.1482 641.526 1263.55 1899.15 2530.48 3173.15
38.1482 642.538 1265.54 1902.14 2534.48 3178.15
38.1482 643.549 1267.53 1905.14 2538.48 3183.14
38.2077 644.549 1269.53 1908.12 2542.48 3188.11
38.2077 645.561 1271.53 1911.12 2546.48 3193.11
38.2663 646.552 1273.48 1914.12 2550.48 3198.11
38.3256 647.552 1275.45 1917.08 2554.48 3203.11
38.3256 648.562 1277.45 1920.08 2558.48 3208.11
 38.385 649.562 1279.45 1923.05 2562.44 3213.11
 38.385 650.574 1281.45 1926.05 2566.43 3218.11
 38.385 651.574 1283.45 1929.04 2570.43 3223.12
38.4434 652.565  1285.4 1932.04 2574.43 3228.12
38.4434 653.565  1287.4 1935.04 2578.43 3233.13
38.4434 654.576  1289.4 1938.04 2582.41 3238.13
38.4434 655.576  1291.4 1941.04 2586.41 3243.14
 38.502 656.575  1293.4 1944.04 2590.35 3248.14
 38.502 657.587 1295.39 1947.04 2594.34 3253.14
38.5606 658.587 1297.37 1950.01 2598.34 3258.14
38.6195 659.587 1299.37 1953.01 2602.31 3263.11
38.6775 660.578 1301.32 1956.01 2606.31 3268.11
38.6775 661.578 1303.31 1959.01 2610.31 3273.11
38.7361 662.578 1305.29 1961.98 2614.31 3278.11
38.7945 663.577 1307.29 1964.98 2618.31 3283.05
38.8533 664.577 1309.29 1967.95 2622.28 3288.05
38.8533 665.587 1311.29 1970.95 2626.27 3293.05
38.9116 666.586 1313.29 1973.95 2630.27    3298
38.9699 667.585 1315.29 1976.95 2634.27 3302.94
39.0284 668.585 1317.26 1979.92 2638.27 3307.94
39.0284 669.596 1319.26 1982.91 2642.27 3312.94
 39.087 670.596 1321.26 1985.89 2646.23 3317.94
 39.087 671.596 1323.26 1988.89 2650.23 3322.94
39.1453 672.596 1325.23 1991.86 2654.23 3327.94
39.2032 673.591 1327.23  1994.8 2658.23 3332.94
39.2615 674.591 1329.21 1997.77 2662.23 3337.94
39.2615 675.601 1331.21 2000.76 2666.23 3342.94
39.3197 676.601 1333.18 2003.73 2670.23 3347.94
39.3197 677.601 1335.18 2006.73 2674.23 3352.94
39.3197 678.601 1337.18 2009.73 2678.23 3357.94
39.3197 679.612 1339.18 2012.73 2682.22 3362.94
39.3775 680.611 1341.18 2015.73 2686.16 3367.94
39.4357 681.611 1343.18 2018.73 2690.13 3372.92
39.4938 682.611 1345.18  2021.7 2694.09 3377.92
39.5514 683.606 1347.18 2024.65 2698.09 3382.92
39.6095 684.606 1349.16 2027.65 2702.09 3387.88
39.6095 685.606 1351.15 2030.65 2706.09 3392.88
 39.667 686.601 1353.15  2033.6 2710.09 3397.88
39.7244 687.596 1355.15 2036.55 2714.09 3402.88
39.7824 688.596 1357.15 2039.52 2718.09 3407.85
39.7824 689.596 1359.15 2042.52 2722.09 3412.85
39.7824 690.596 1361.15 2045.53 2726.09 3417.85
39.7824 691.596 1363.15 2048.52 2730.09 3422.86
39.7824 692.607 1365.15 2051.52 2734.08 3427.86
39.7824 693.619 1367.15 2054.52 2738.07 3432.86
  39.84 694.619 1369.13 2057.52 2742.07 3437.83
39.8976 695.619 1371.13 2060.49 2746.04 3442.83
39.9549 696.618 1373.13 2063.49 2749.98 3447.83
40.0124 697.618  1375.1 2066.46 2753.98 3452.83
40.0124 698.618  1377.1 2069.46 2757.98 3457.83
40.0124 699.628  1379.1 2072.45 2761.98 3462.83
40.0699 700.628  1381.1 2075.45 2765.95 3467.81
40.1273 701.628  1383.1 2078.43 2769.91 3472.81
40.1847 702.628 1385.07 2081.43 2773.91 3477.77
40.2421 703.628 1387.07  2084.4 2777.88 3482.77
40.2421 704.628 1389.07  2087.4 2781.88 3487.78
40.2995 705.628 1391.07 2090.37 2785.88 3492.75
40.3565 706.627 1393.07 2093.37 2789.82 3497.75
40.4137 707.627 1395.04 2096.34 2793.82 3502.75
40.4137 708.638 1397.04 2099.34 2797.82 3507.75
40.4709 709.638 1399.02 2102.31 2801.82 3512.75
40.5274 710.629 1400.97 2105.31 2805.82 3517.75
40.5846 711.629 1402.95 2108.31 2809.78 3522.75
40.6416 712.627 1404.95 2111.31 2813.78 3527.69
40.6416 713.637 1406.94 2114.31 2817.78 3532.69
40.6986 714.637 1408.92 2117.27 2821.78 3537.69
40.6986 715.637 1410.92 2120.27 2825.77  3542.7
40.7554 716.636 1412.92 2123.27 2829.72  3547.7
40.8122 717.635 1414.92 2126.27 2833.66  3552.7
40.8692 718.635 1416.89 2129.24 2837.66  3557.7
40.8692 719.646 1418.89 2132.23 2841.66  3562.7
40.8692 720.646 1420.89 2135.23 2845.66 3567.71
40.8692 721.646 1422.88 2138.23 2849.66 3572.72
40.8692 722.656 1424.88 2141.23 2853.65 3577.72
40.8692 723.667 1426.87 2144.22 2857.65 3582.72
 40.926 724.667 1428.87 2147.22 2861.61 3587.69
 40.926 725.677 1430.86 2150.22 2865.61 3592.69
40.9826 726.677 1432.84 2153.22 2869.58 3597.69
40.9826 727.677 1434.84 2156.22 2873.58  3602.7
40.9826 728.688 1436.84 2159.22 2877.57  3607.7
40.9826 729.688 1438.84 2162.22 2881.57 3612.71
 41.039 730.688 1440.82 2165.22 2885.53 3617.71
 41.039 731.698 1442.82 2168.22 2889.52 3622.71
41.0951 732.698 1444.79 2171.18 2893.52 3627.71
41.1513 733.698 1446.77 2174.15 2897.52 3632.71
41.2076 734.698 1448.75 2177.15 2901.52 3637.68
41.2638 735.698 1450.72 2180.12 2905.52 3642.68
  41.32 736.698  1452.7 2183.09 2909.52 3647.68
41.3755 737.689 1454.65 2186.09 2913.52 3652.68
41.3755 738.699 1456.65 2189.09 2917.51 3657.68
 41.431  739.69  1458.6 2192.09 2921.51 3662.68
 41.431  740.69  1460.6 2195.09  2925.5 3667.69
41.4872  741.69  1462.6 2198.06  2929.5 3672.66
41.5433  742.69 1464.58 2201.06  2933.5 3677.62
41.5433 743.701 1466.58 2204.06  2937.5 3682.62
41.5433  744.71 1468.57 2207.06  2941.5 3687.62
41.5433  745.71 1470.57 2210.06 2945.49 3692.63
41.5433  746.72 1472.57 2213.06 2949.48 3697.63
41.5433  747.73 1474.56 2216.06 2953.48 3702.63
41.5433  748.73 1476.55 2219.06 2957.48 3707.64
 41.599  749.73 1478.55 2222.03 2961.44 3712.64
 41.599 750.741 1480.55 2225.03 2965.44 3717.64
41.6539 751.732 1482.51 2228.03 2969.44 3722.64
41.6539 752.741  1484.5 2231.03 2973.44 3727.64
41.7094 753.741 1486.48 2234.03  2977.4 3732.64
41.7094 754.752 1488.48 2237.03 2981.39 3737.64
 41.765 755.752 1490.48 2240.03 2985.36 3742.61
41.8204 756.752 1492.46 2243.03 2989.33 3747.61
41.8204 757.752 1494.45 2246.03 2993.32 3752.62
41.8204 758.763 1496.45 2249.02 2997.32 3757.62
41.8204 759.772 1498.45 2252.01 3001.32 3762.62
41.8204 760.782 1500.45 2255.01 3005.32 3767.62
41.8756 761.782 1502.45 2257.98 3009.29 3772.62
41.9304 762.777 1504.45 2260.93 3013.29 3777.62
41.9304 763.788 1506.44 2263.93 3017.29 3782.62
 41.985 764.783 1508.44 2266.88 3021.29 3787.62
42.0401 765.783 1510.44 2269.86 3025.25 3792.62
42.0401 766.783 1512.44 2272.86 3029.25 3797.63
42.0401 767.793 1514.44 2275.85 3033.25 3802.63
42.0401 768.803 1516.44 2278.85 3037.24 3807.63
42.0401 769.803 1518.44 2281.85 3041.24 3812.64
42.0401 770.813 1520.44 2284.85 3045.23 3817.64
42.0401 771.813 1522.43 2287.85 3049.23 3822.64
42.0948 772.813 1524.41 2290.85 3053.19 3827.64
42.1488 773.804 1526.37 2293.85 3057.19 3832.64
42.1488 774.813 1528.37 2296.84 3061.19 3837.64
42.1488 775.823 1530.36 2299.84 3065.19 3842.64
42.1488 776.823 1532.36 2302.84 3069.19 3847.64
42.2032 777.823 1534.34 2305.84 3073.16 3852.64
42.2577 778.823 1536.31 2308.84 3077.16  3857.6
42.2577 779.832 1538.31 2311.84 3081.16  3862.6
42.3121 780.832 1540.29 2314.84 3085.13  3867.6
42.3121 781.841 1542.29 2317.83 3089.13  3872.6
42.3661  782.84 1544.29 2320.83 3093.07  3877.6
42.4205  783.84 1546.29 2323.81 3097.04  3882.6
42.4205  784.85 1548.29  2326.8 3101.04  3887.6
42.4743 785.845 1550.29 2329.75 3105.04  3892.6
42.4743 786.854 1552.28 2332.75 3109.04  3897.6
42.5282 787.853 1554.28 2335.75 3112.99  3902.6
42.5282 788.853 1556.27 2338.75 3116.99 3907.61
42.5282 789.863 1558.26 2341.75 3120.99 3912.61
42.5822 790.863 1560.24 2344.75 3124.99 3917.58
42.5822 791.863 1562.24 2347.75 3128.99 3922.58
42.6361 792.863 1564.24 2350.72 3132.99 3927.56
42.6361 793.872 1566.24 2353.71 3136.99 3932.55
  42.69 794.872 1568.21 2356.71 3140.99 3937.52
  42.69 795.881 1570.21 2359.71 3144.98 3942.52
42.7437 796.881 1572.19 2362.68 3148.98 3947.52
42.7976 797.881 1574.17 2365.68 3152.94 3952.52
42.7976 798.881 1576.17 2368.69 3156.94 3957.52
42.7976 799.881 1578.17 2371.69 3160.94 3962.52
42.7976 800.881 1580.16 2374.69 3164.94 3967.53
42.7976 801.892 1582.15 2377.68 3168.94 3972.53
 42.851 802.892 1584.13 2380.65 3172.94 3977.53
 42.851 803.902 1586.12 2383.65 3176.94 3982.53
42.9041 804.897 1588.12  2386.6 3180.94 3987.53
42.9041 805.908 1590.12  2389.6 3184.93 3992.53
42.9041 806.908 1592.12  2392.6 3188.93 3997.54
42.9041 807.917 1594.12  2395.6 3192.93 4002.54
42.9041 808.928 1596.11  2398.6 3196.92 4007.54
42.9571 809.927 1598.11  2401.6 3200.87 4012.54
43.0101 810.926 1600.11  2404.6 3204.82 4017.54
43.0101 811.926  1602.1  2407.6 3208.82 4022.55
43.0101 812.936  1604.1 2410.59 3212.82 4027.55
43.0101 813.947 1606.09 2413.59 3216.82 4032.55
43.0101 814.956 1608.09 2416.59  3220.8 4037.55
 43.063 815.956 1610.07 2419.59 3224.77 4042.55
 43.063 816.967 1612.07 2422.59 3228.77 4047.55
43.1155 817.962 1614.07 2425.54 3232.77 4052.55
43.1155 818.971 1616.06 2428.54 3236.77 4057.55
43.1155 819.982 1618.05 2431.54 3240.76 4062.55
43.1155 820.982 1620.05 2434.54 3244.76 4067.56
43.1683 821.982 1622.05 2437.54 3248.73 4072.53
43.2203 822.974 1624.01 2440.54 3252.73 4077.53
43.2203 823.983 1626.01 2443.53 3256.73 4082.53
43.2203 824.993    1628 2446.52 3260.73 4087.53
43.2727 825.992    1630 2449.52 3264.67 4092.53
43.2727 826.992    1632 2452.52 3268.67 4097.54
43.3249 827.991    1634 2455.52 3272.62 4102.54
43.3249 829.001    1636 2458.52 3276.61 4107.54
43.3249 830.001    1638 2461.52 3280.61 4112.54
43.3249  831.01 1639.99 2464.52 3284.61 4117.54
43.3773  832.01 1641.99 2467.52 3288.58 4122.52
43.3773  833.02 1643.99 2470.52 3292.57 4127.52
43.4293 834.019 1645.99 2473.52 3296.57 4132.47
43.4293 835.019 1647.99 2476.52 3300.57 4137.48
43.4293 836.029 1649.99 2479.52 3304.56 4142.48
 43.481 837.024 1651.99 2482.47 3308.56 4147.48
43.5332 838.024 1653.99 2485.45 3312.56 4152.45
43.5332 839.035 1655.98 2488.44 3316.56 4157.45
43.5332 840.044 1657.98 2491.44 3320.55 4162.45
43.5332 841.053 1659.98 2494.43 3324.55 4167.45
43.5847 842.048 1661.98 2497.39 3328.55 4172.45
43.5847 843.048 1663.98 2500.39 3332.55 4177.46
43.6366 844.048 1665.98 2503.36 3336.55 4182.43
43.6366 845.059 1667.98 2506.36 3340.54 4187.43
43.6884 846.059 1669.98 2509.33 3344.54  4192.4
43.7402 847.059 1671.96 2512.33 3348.54 4197.37
43.7402 848.069 1673.95 2515.33 3352.54 4202.37
43.7402 849.079 1675.95 2518.33 3356.53 4207.37
43.7912 850.071 1677.91 2521.33 3360.53 4212.37
43.7912 851.081  1679.9 2524.33 3364.53 4217.37
43.7912 852.091  1681.9 2527.32 3368.52 4222.37
43.8428 853.091 1683.88 2530.32 3372.52 4227.34
 43.894 854.087 1685.88 2533.28 3376.52 4232.34
 43.894 855.096 1687.88 2536.28 3380.51 4237.34
 43.894 856.096 1689.88 2539.28 3384.51 4242.35
43.9455 857.096 1691.88 2542.28 3388.48 4247.33
43.9967 858.095 1693.88 2545.28 3392.48 4252.28
43.9967 859.095 1695.87 2548.28 3396.47 4257.29
44.0481 860.095 1697.87 2551.25 3400.47 4262.26
44.0995 861.095 1699.85 2554.25 3404.44 4267.26
44.0995 862.095 1701.85 2557.25 3408.44 4272.27
44.0995 863.105 1703.84 2560.25 3412.44 4277.27
44.1506 864.105 1705.82 2563.22 3416.44 4282.27
44.2017 865.104 1707.82 2566.22 3420.44 4287.22
44.2529 866.104  1709.8 2569.22 3424.44 4292.19
44.3038   867.1  1711.8 2572.17 3428.44 4297.19
44.3544 868.091 1713.76 2575.17 3432.44 4302.19
44.3544 869.091 1715.76 2578.17 3436.44 4307.19
44.3544   870.1 1717.76 2581.17 3440.43 4312.19
44.3544 871.109 1719.76 2584.16 3444.43 4317.19
44.3544 872.118 1721.75 2587.16 3448.43 4322.19
44.4052 873.117 1723.75 2590.16 3452.38 4327.19
44.4559 874.112 1725.75 2593.11 3456.38 4332.19
44.4559 875.123 1727.74 2596.11 3460.37 4337.19
44.4559 876.133 1729.74 2599.11 3464.37 4342.19
44.5068 877.133 1731.72 2602.11 3468.37 4347.16
44.5068 878.143 1733.72 2605.11 3472.36 4352.16
44.5068 879.143 1735.71 2608.11 3476.36 4357.16
44.5575 880.143 1737.69 2611.11 3480.36 4362.13
44.6084 881.143 1739.69 2614.09 3484.33 4367.13
44.6084 882.143 1741.69 2617.09 3488.33 4372.13
44.6084 883.152 1743.68 2620.09 3492.33 4377.13
44.6084 884.152 1745.68 2623.09 3496.33 4382.13
44.6589 885.152 1747.66 2626.09 3500.33  4387.1
44.7096 886.152 1749.64 2629.09  3504.3  4392.1
44.7602 887.152 1751.62 2632.09  3508.3 4397.07
44.7602 888.152 1753.62  2635.1  3512.3 4402.07
44.8108 889.152 1755.62  2638.1 3516.27 4407.05
44.8614 890.152 1757.62 2641.07 3520.25 4412.05
44.9117 891.151 1759.62 2644.07 3524.25    4417
44.9117  892.16 1761.62 2647.07 3528.24    4422
44.9117  893.17 1763.61 2650.07 3532.24    4427
44.9622  894.17 1765.61 2653.05 3536.24 4431.97
44.9622 895.179 1767.61 2656.04 3540.24 4436.97
45.0126 896.179 1769.61 2659.04 3544.21 4441.95
45.0126 897.188  1771.6 2662.04 3548.21 4446.95
45.0627 898.187  1773.6 2665.04 3552.16 4451.95
45.0627 899.187  1775.6 2668.04 3556.15 4456.96
45.1128 900.186  1777.6 2671.04  3560.1 4461.96
45.1128 901.196 1779.59 2674.04  3564.1 4466.96
45.1628 902.195 1781.59 2677.04 3568.05 4471.96
45.2128 903.194 1783.59 2680.04 3572.05 4476.91
45.2626  904.19 1785.59    2683 3576.05 4481.91
45.2626   905.2 1787.59 2685.99 3580.04 4486.91
45.2626   906.2 1789.59 2688.99 3584.04 4491.92
45.3128   907.2 1791.59 2691.99 3588.01 4496.89
45.3128 908.208 1793.58 2694.99 3592.01 4501.89
45.3128 909.208 1795.58 2697.99 3596.01  4506.9
45.3128 910.208 1797.58 2700.98    3600 4511.91
45.3128 911.217 1799.58 2703.98    3604 4516.91
45.3128 912.217 1801.57 2706.98    3608 4521.92
45.3128 913.226 1803.57 2709.98 3611.99 4526.92
45.3626 914.226 1805.57 2712.98 3615.96  4531.9
45.3626 915.226 1807.57 2715.99 3619.96  4536.9
45.3626 916.236 1809.56 2718.99 3623.96  4541.9
45.3626 917.245 1811.56 2721.98 3627.96  4546.9
45.3626 918.254 1813.56 2724.98 3631.96 4551.89
45.3626 919.264 1815.55 2727.98 3635.95 4556.89
45.4116 920.256 1817.51 2730.98 3639.95 4561.89
45.4609 921.255 1819.51 2733.98  3643.9 4566.89
45.4609 922.264 1821.51 2736.97  3647.9 4571.89
45.4609 923.273  1823.5 2739.97  3651.9 4576.89
45.5101 924.272  1825.5 2742.97 3655.85 4581.89
45.5589 925.264 1827.46 2745.97 3659.85 4586.89
45.6083 926.264 1829.44 2748.97 3663.82 4591.89
45.6083 927.264 1831.44 2751.97 3667.82 4596.89
45.6083 928.264 1833.44 2754.97 3671.82  4601.9
45.6083 929.264 1835.43 2757.97 3675.82  4606.9
45.6572  930.26 1837.43 2760.93 3679.82  4611.9
45.6572  931.27 1839.43 2763.93 3683.81  4616.9
45.6572  932.28 1841.42 2766.93 3687.81  4621.9
45.6572 933.288 1843.42 2769.92 3691.81  4626.9
45.6572 934.298 1845.42 2772.92  3695.8  4631.9
 45.706 935.297 1847.42 2775.92  3699.8 4636.85
 45.755 936.297  1849.4 2778.89  3703.8 4641.85
 45.755 937.307  1851.4 2781.89  3707.8 4646.85
45.8037 938.306  1853.4 2784.89 3711.75 4651.85
45.8523 939.302  1855.4 2787.85 3715.75 4656.85
45.8523 940.302 1857.39 2790.85 3719.75 4661.86
45.8523 941.311 1859.39 2793.85 3723.74 4666.86
45.8523 942.311 1861.38 2796.85 3727.74 4671.87
45.9012 943.311 1863.38 2799.82 3731.71 4676.87
45.9497 944.307 1865.38 2802.78 3735.71 4681.87
45.9497 945.307 1867.38 2805.78 3739.71 4686.88
45.9497 946.307 1869.38 2808.78 3743.71 4691.88
45.9497 947.317 1871.38 2811.77  3747.7 4696.88
45.9497 948.317 1873.37 2814.77  3751.7 4701.89
45.9497 949.317 1875.37 2817.77 3755.69  4706.9
45.9497 950.317 1877.37 2820.77 3759.69 4711.91
45.9982 951.317 1879.37 2823.75 3763.66 4716.91
46.0467 952.317 1881.37 2826.73 3767.63 4721.91
46.0467 953.317 1883.36 2829.73 3771.63 4726.92
46.0951 954.317 1885.34  2832.7 3775.63 4731.92
46.1436 955.317 1887.34  2835.7  3779.6 4736.89
46.1436 956.317 1889.34  2838.7  3783.6  4741.9
46.1919 957.317 1891.32 2841.67  3787.6  4746.9
46.1919 958.326 1893.31 2844.67  3791.6  4751.9
46.2403 959.326 1895.31 2847.65  3795.6 4756.88
46.2403 960.326 1897.31 2850.65  3799.6 4761.88
46.2886 961.326 1899.31 2853.62  3803.6 4766.86
46.3369 962.326 1901.31  2856.6  3807.6 4771.83
46.3369 963.335  1903.3  2859.6  3811.6 4776.83
46.3369 964.335 1905.29  2862.6  3815.6 4781.84
46.3851 965.335 1907.29 2865.58 3819.57 4786.84
46.3851 966.343 1909.29 2868.58 3823.56 4791.84
46.4332 967.343 1911.27 2871.58 3827.56 4796.81
46.4332 968.353 1913.27 2874.58 3831.55 4801.81
46.4332 969.361 1915.26 2877.58 3835.55 4806.81
46.4332  970.37 1917.26 2880.58 3839.55 4811.81
46.4813  971.37 1919.24 2883.58 3843.52 4816.81
46.4813 972.379 1921.23 2886.58 3847.52 4821.81
46.4813 973.388 1923.22 2889.57 3851.52 4826.81
 46.529 974.387 1925.22 2892.57 3855.52 4831.76
46.5765 975.383 1927.22 2895.53 3859.52 4836.76
46.6244 976.383 1929.22 2898.51 3863.49 4841.76
46.6244 977.393 1931.22 2901.51 3867.49 4846.76
46.6244 978.402 1933.21 2904.51 3871.49 4851.76
46.6722 979.402  1935.2 2907.51 3875.49 4856.74
46.6722  980.41  1937.2  2910.5 3879.49 4861.73
46.6722  981.41 1939.19  2913.5 3883.49 4866.74
46.7199  982.41 1941.17  2916.5 3887.46 4871.74
46.7199  983.41 1943.17  2919.5 3891.46 4876.75
46.7675  984.41 1945.15 2922.47 3895.46 4881.75
46.7675  985.42 1947.15 2925.47 3899.45 4886.75
46.7675  986.42 1949.14 2928.46 3903.45 4891.76
46.8149 987.419 1951.14 2931.46 3907.45 4896.71
46.8622 988.417 1953.14 2934.46 3911.45 4901.66
46.8622 989.427 1955.14 2937.46 3915.44 4906.66
46.9097 990.427 1957.14 2940.44 3919.44 4911.64
46.9097 991.427 1959.14 2943.44 3923.44 4916.65
46.9572 992.427 1961.12 2946.44 3927.44 4921.62
46.9572 993.427 1963.12 2949.43 3931.43 4926.62
47.0044 994.426 1965.12 2952.43 3935.43 4931.58
47.0515 995.422 1967.12 2955.39 3939.43 4936.58
47.0989 996.422 1969.12 2958.39 3943.41 4941.56
47.0989  997.43 1971.12 2961.39 3947.41 4946.56
47.1458 998.422 1973.08 2964.39 3951.41 4951.56
47.1931 999.422 1975.06 2967.36 3955.41 4956.56
47.2404 1000.42 1977.04 2970.36 3959.38 4961.56
47.2404 1001.43 1979.03 2973.36 3963.38 4966.56
47.2404 1002.43 1981.03 2976.36 3967.38 4971.56
47.2875 1003.43 1983.03 2979.36 3971.38 4976.52
47.2875 1004.44 1985.03 2982.35 3975.38 4981.52
47.3344 1005.43 1987.03 2985.31 3979.38 4986.52
47.3816 1006.43 1989.01 2988.31 3983.38 4991.49