3.66667       2       3 3.66667       5 3.66667
3.66667   3.875       5 6.66667  9.6875 7.10417
3.66667    5.75       7 9.66667  14.375 10.5417
4.43724 6.95841       9 12.6667  17.396 15.5417
4.43724 8.73923      11 15.9084  21.396 19.5191
4.98785 9.82366  12.365 18.9084  25.396 24.5191
5.67562 10.8237 14.0699 21.5156  29.396 29.5191
6.29394 12.0028 16.0699 24.5156 32.5985 34.5191
6.29394 13.0028 18.0699 27.7261 36.8675 39.0397
6.29394 14.3434 20.0699 30.5846 40.6685 44.0397
6.91641 15.3434 22.0699 33.5846 44.6905 48.3951
6.91641 16.3434  24.191 36.8123 48.6905 53.0463
6.91641 17.6112 26.0676  39.668 52.6905 58.0463
6.91641 18.9856 28.0676 42.7637 56.6905 62.5762
7.36908 19.9856 29.9046 45.7637 60.4009 67.5762
7.83483 21.2487 31.9046 48.7637 64.4009 71.8473
7.83483 22.6086 33.9465 51.7637 68.4009 76.4455
7.83483 23.9588 35.9465 54.7637 72.4856 81.0106
8.27128 24.9588 37.9465 57.8144 76.4856 85.5235
8.27128  26.304 39.9917 60.8144 80.4856  90.133
8.27128 27.5584 41.8989 63.8144  84.324  95.133
8.27128 28.5584 43.8989 66.9622 88.4835 99.8257
8.27128 29.5584 45.9785 69.9622  92.675 104.555
8.56736 30.6165 47.6243 72.9622  96.675 109.555
8.56736 31.9092 49.6243 75.9622 100.757  114.18
8.89103 32.9092 51.6243  78.832 104.563  119.18
8.89103 33.9092 53.6243 81.9584  108.71 123.907
8.89103 35.1922 55.6532 84.9584  112.71 128.595
8.89103 36.4751 57.6822 87.9584  116.71 133.283
8.89103 37.6852 59.6822 90.8765 120.582 138.283
9.14977 38.7819 61.6822  93.521 124.582 143.283
9.14977 39.7819 63.7411  96.521 128.741 148.066
9.43964 40.7819 65.7604  99.521 132.741 152.756
9.70977 41.7819 67.6423 102.369 136.741 157.756
9.99887 42.7819 69.6562 105.369 140.741 162.453
10.2439 43.8301  71.363 108.369 144.741 167.453
10.2439 45.0707 73.3828 111.369 148.741 172.193
10.2439 46.2522 75.3828 114.288  152.64 177.193
10.2439 47.2522 77.4292 117.288 156.783 182.003
10.4938 48.2522  79.318  120.15 160.783 187.003
10.4938 49.2522 81.2996 123.151   164.8 192.003
 10.717 50.2998 83.0288 126.151   168.8 197.003
10.9402 51.3474  84.758 129.151   172.8 202.003
10.9402 52.3474 86.7959 132.257   176.8  206.86
10.9402  53.548 88.7959 135.257 180.855 211.604
10.9402 54.7077 90.7191 138.257 184.772 216.604
10.9402 55.8675 92.6423 141.257 188.689 221.604
11.1648 56.8675 94.6423 144.157 192.564 226.604
11.3987 57.8675 96.6423 147.177 196.564 231.351
 11.622 58.8675 98.5356  150.06 200.564 236.351
11.8568 59.8675 100.526  153.06 204.564 241.126
12.0801 60.8675  102.42 155.943 208.564 246.126
12.3146 61.8675 104.408 158.943 212.564 250.903
12.5215 62.9068 106.162 161.943 216.564 255.903
12.5215  64.091  108.16 164.943 220.564  260.72
12.7416  65.091 110.062 167.943 224.442  265.72
12.9607  66.091 111.955 170.831 228.442  270.72
13.1831 67.2247 113.955 173.831 232.442 275.364
13.1831 68.2247 115.978 176.918 236.442 280.254
13.3872 69.2811 117.978 179.658 240.442 285.254
13.5874  70.317 119.742 182.658 244.442 290.254
13.8052 71.4446 121.742 185.658 248.442 294.909
 14.021 72.4446 123.742 188.559 252.325 299.909
 14.021 73.4446 125.715 191.565 256.347 304.909
 14.021 74.6102  127.71 194.565 260.347 309.748
 14.021 75.7374  129.71 197.504  264.28 314.748
 14.021 76.8652 131.641 200.445  268.28 319.748
 14.021 78.0292 133.635 203.445  272.28  324.59
 14.021 79.1579 135.568 206.445 276.218  329.59
14.2082 80.2146 137.568 209.201 280.218  334.59
 14.405 81.2146 139.473 212.099 284.218  339.59
14.5888  82.251 141.253 215.099 288.218  344.59
14.7782  83.319 143.253 218.099 291.961  349.59
14.9619 84.3547 145.034 221.099 295.961  354.59
14.9619 85.4787 146.966 224.099 299.904  359.59
14.9619 86.4787 148.978 227.166 303.904 364.511
15.1537 87.4787 150.978 230.078   307.8 369.511
15.1537 88.6225 152.978 233.078 311.825 374.343
15.1537 89.6225  154.95 236.084 315.846 379.343
15.3415 90.7333  156.95 239.084 319.846 384.044
15.5216 91.7984  158.95 242.084 323.601 389.044
15.5216 92.9463 160.938 245.084 327.601 393.909
 15.707 94.0563 162.938 248.084 331.601 398.614
 15.707 95.1732 164.938  251.03 335.539 403.614
15.8943 96.1732 166.938  254.03 339.539 408.426
15.8943 97.3125 168.938  257.03 343.561 413.264
16.0633 98.3472 170.734  260.03 347.561 418.264
16.0633 99.3472 172.708 263.037  351.58 423.264
16.0633 100.485 174.708  266.05  355.58 428.113
16.0633 101.485 176.719 269.112  359.58  433.04
16.2378 102.485 178.639 272.112 363.486  438.04
16.2378 103.597 180.576 275.063 367.486  443.04
16.4154 104.597 182.552 278.063 371.486 447.887
16.4154 105.735 184.539 281.063 375.486 452.762
16.5862 106.735 186.539 283.986 379.392 457.762
16.5862 107.844 188.539 286.937 383.333 462.762
16.7553 108.844 190.461 289.937 387.242 467.762
16.7553 109.844 192.437 292.944 391.258 472.762
16.7553 110.972 194.437 295.944 395.276 477.616
16.7553 112.079 196.377 298.897 399.276 482.616
16.9139  113.14 198.377 301.897 403.056 487.616
17.0684 114.174 200.189 304.897 407.056 492.616
 17.236 115.174 202.189 307.891 411.056 497.454
 17.236 116.174 204.189 310.929 415.111 502.362
 17.236 117.278 206.129 313.884 419.111 507.362
 17.236 118.381 208.129 316.837 423.055 512.362
17.3989 119.381 210.129 319.837 427.051 517.202
17.5617 120.381 212.129 322.837 431.048 522.043
17.5617 121.483 214.071 325.793 435.048 527.043
17.7198 122.483 215.998 328.793 438.964 532.043
17.7198 123.604 217.998 331.793 442.978 536.908
17.7198 124.604 220.004 334.846 446.978 541.849
17.7198 125.703 222.004 337.801 450.923 546.849
17.7198 126.803 224.004 340.757 454.868 551.849
17.8754 127.803 226.004 343.757 458.864 556.697
18.0312 128.803 228.004 346.751 462.864 561.547
 18.179 129.859 230.004 349.751  466.66 566.547
18.3316 130.859 231.935 352.751 470.577 571.547
18.3316 131.859 233.941 355.802 474.577  576.49
18.3316 132.859 235.941 358.837 478.625 581.407
18.4818 133.947 237.941 361.837 482.625 586.169
18.6347 134.947 239.941 364.837  486.62 591.021
18.6347 136.065 241.928 367.837  490.62 595.916
18.7791 137.119 243.928 370.837 494.421 600.916
18.7791 138.119 245.931 373.837 498.482 605.851
18.9301 139.119 247.909 376.837 502.482 610.723
18.9301 140.119 249.888 379.846 506.494 615.723
19.0794 141.119 251.888 382.841 510.494 620.578
19.0794 142.211 253.888 385.802 514.442 625.578
19.0794 143.211 255.868  388.81 518.453 630.578
19.2264 144.211 257.868 391.805 522.453 635.436
19.2264 145.211 259.848 394.814 526.465 640.436
19.3723 146.211 261.848 397.814  530.46 645.296
19.5082 147.237 263.686 400.814  534.46 650.296
19.5082 148.325 265.635 403.777  538.46 655.296
19.6498 149.325 267.563 406.707  542.46 660.296
19.7879 150.375 269.563 409.707 546.272 665.296
19.9244 151.412 271.563 412.533 550.272 670.296
20.0694 152.412 273.539 415.533 554.272 675.174
 20.206 153.449 275.539  418.36 558.272 680.174
 20.206 154.449 277.545 421.405 562.272 685.124
 20.206 155.535 279.496 424.367 566.272 690.124
 20.206 156.535 281.496 427.397 570.315 695.051
 20.206 157.535 283.496 430.427 574.358 699.979
20.3436 158.535 285.427 433.359 578.358 704.979
20.3436 159.634 287.427 436.359 582.369 709.868
 20.477 160.681 289.427 439.359 586.189 714.868
20.6141 161.757 291.427 442.359 590.189 719.655
20.6141 162.856 293.427 445.359 594.199 724.545
20.7438 163.881 295.273 448.359 598.199 729.545
20.7438 164.881 297.273 451.388 602.241 734.474
20.7438 165.965 299.228 454.388 606.202 739.474
20.7438 167.064 301.228 457.395 610.202 744.368
20.8795 168.064 303.228 460.395 614.195  749.24
21.0095  169.11 305.228 463.395 618.018  754.24
21.0095 170.192 307.181  466.36 622.018  759.24
21.1444 171.192 309.181  469.36 626.011 764.112
21.2766 172.192 311.114 472.295 630.011 769.112
21.2766 173.273 313.067  475.26 634.011 774.112
21.2766 174.273 315.068  478.26 638.063  779.06
21.4075 175.273 317.068 481.203 641.989  784.06
21.4075 176.353 319.022 484.169 645.989  789.06
21.4075 177.353 321.026  487.21 649.989 794.015
 21.539 178.353 323.026  490.21 653.981 798.892
 21.539 179.353 325.007 493.217 657.992 803.892
21.6631 180.387 327.007 496.059 661.992 808.892
21.7872  181.42 329.007 498.901 665.992 813.892
21.9154  182.42 330.943 501.837 669.992 818.892
21.9154  183.42 332.943 504.837 674.042 823.842
21.9154  184.42 334.925 507.842 678.055 828.842
22.0444  185.42 336.925 510.842 682.046 833.721
22.1715  186.42 338.925 513.786 685.976 838.721
22.2985  187.42 340.868 516.786 689.907 843.721
22.2985  188.42 342.871 519.823 693.907  848.68
22.4267  189.42 344.871 522.823 697.898 853.561
22.4267 190.495 346.829 525.791 701.898 858.561
22.5469 191.516 348.687 528.791 705.898 863.561
22.5469 192.516 350.687 531.791 709.946 868.513
22.6715 193.516 352.624 534.729 713.946 873.513
22.6715 194.591 354.583 537.729 717.912 878.513
22.7957 195.591 356.526 540.729 721.845 883.513
22.9169 196.632 358.526 543.729 725.684 888.513
22.9169 197.632 360.528 546.765 729.684 893.475
23.0405 198.632 362.471 549.765 733.617 898.475
 23.164 199.632 364.415 552.765  737.55 903.475
 23.164 200.632 366.414 555.765 741.596 908.431
23.2886 201.632 368.414 558.754 745.596 913.317
23.2886 202.632 370.412 561.754 749.641 918.272
23.4125 203.632 372.412 564.743 753.641 923.159
23.4125 204.704 374.373 567.743 757.608 928.159
23.5358 205.704 376.373 570.733 761.608 933.046
23.5358 206.775 378.334 573.733 765.576 938.046
23.5358 207.775 380.334 576.756  769.61 942.989
23.6561 208.775 382.278 579.756 773.545 947.989
23.6561 209.775 384.277 582.756  777.59 952.946
23.6561 210.775 386.276 585.756 781.634 957.902
23.7705 211.794 388.143 588.756 785.634 962.902
23.7705 212.794 390.143 591.779 789.668 967.846
23.8889 213.854 392.143 594.779 793.668 972.668
24.0074 214.854 394.088 597.779 797.604 977.668
24.1259 215.854 396.033 600.779 801.541 982.668
24.2462 216.854 398.009 603.779 805.541 987.571
24.3647 217.854 399.954 606.779 809.477 992.571
24.4851 218.854  401.93 609.779 813.477 997.475
24.6033 219.854 403.869 612.721 817.477 1002.47
24.6033 220.854 405.867 615.721 821.521 1007.43
24.6033 221.931 407.867 618.721 825.529 1012.35
24.6033 223.013 409.854 621.721 829.529 1017.28
24.7155  224.03 411.724 624.721 833.529 1022.28
24.7155 225.108 413.724 627.726 837.529  1027.2
24.7155 226.108 415.724 630.749 841.561 1032.14
24.7155 227.173 417.724 633.719 845.525 1037.14
24.7155 228.239 419.684 636.693 849.525 1042.14
24.7155 229.306 421.646 639.693 853.496 1047.14
24.7155 230.382 423.646 642.693 857.503 1052.06
24.7155 231.449 425.608 645.693 861.475 1057.06
24.7155 232.526 427.608 648.698 865.475 1061.98
24.8295 233.526 429.608 651.688 869.475 1066.87
24.9437 234.526 431.585 654.688 873.475 1071.78
25.0559 235.526 433.527 657.634 877.475 1076.78
25.0559 236.591 435.488 660.608 881.475 1081.78
25.0559 237.657 437.448 663.582 885.475 1086.78
25.0559 238.736 439.435 666.582 889.475 1091.72
25.1667 239.736 441.377 669.529 893.475 1096.72
25.2736 240.754 443.252 672.529 897.475 1101.72
25.3822 241.789 445.252 675.529 901.331 1106.72
25.4929 242.789 447.194 678.476 905.331 1111.72
25.4929 243.789 449.193 681.508 909.331 1116.69
25.4929 244.863 451.193 684.512 913.331 1121.61
25.4929 245.937 453.193 687.512 917.338 1126.53
25.4929 246.937 455.189 690.512 921.379 1131.49
25.4929     248 457.189 693.484 925.344 1136.49
25.4929 249.063 459.189 696.456 929.309 1141.49
25.4929 250.063 461.172 699.462 933.321 1146.49
25.5984 251.097 463.172 702.462 937.181 1151.49
25.7058 252.097 465.116 705.411 941.181 1156.49
25.8133 253.097  467.06 708.359 945.181 1161.49
25.8133 254.159  469.06 711.331 949.147 1166.49
25.9217 255.159  471.06 714.321 953.147 1171.39
26.0251 256.177 472.939 717.321 957.147 1176.39
26.0251 257.252 474.924 720.321 961.147 1181.33
26.0251 258.252  476.92 723.321 965.186  1186.3
26.0251 259.313  478.92 726.293 969.153  1191.3
26.1311 260.313 480.869 729.293 973.097  1196.3
26.1311 261.313 482.868 732.324 977.097 1201.27
26.1311 262.313 484.866 735.354 981.097 1206.24
26.2361 263.313 486.816 738.354 985.043 1211.24
26.3411 264.313 488.816 741.308 988.984 1216.24
26.3411 265.374 490.816 744.281  992.95 1221.24
26.3411 266.374 492.816   747.3 996.978 1226.19
26.4417 267.391 494.698   750.3 1000.98 1231.19
26.4417 268.452  496.66 753.277 1004.98 1236.19
26.4417 269.452 498.643 756.283 1008.99 1241.19
26.5451 270.452 500.593 759.283 1012.94 1246.19
26.6485 271.452 502.543 762.283 1016.88 1251.19
26.6485 272.512 504.506 765.261 1020.88 1256.19
26.6485 273.581 506.506 768.261 1024.89 1261.12
26.7483 274.605 508.506 771.137 1028.89 1266.12
26.8474 275.622  510.39 774.137 1032.89 1271.12
26.8474 276.622  512.39 777.155 1036.91 1276.07
26.9494 277.622 514.336 780.106 1040.91 1281.07
27.0513 278.673 516.336 783.106 1044.91 1285.92
27.0513 279.673 518.336 786.124 1048.94 1290.88
27.1542 280.673 520.336 789.113 1052.94 1295.79
27.1542 281.743 522.321 792.113 1056.94 1300.73
27.1542 282.811 524.321 795.113 1060.94 1305.66
27.1542 283.879 526.321 798.115 1064.94 1310.59
27.2559 284.879 528.321 801.115 1068.93  1315.5
27.2559 285.949 530.307 804.115 1072.93 1320.44
27.2559 286.949 532.307 807.133 1076.96  1325.4
27.2559 288.008  534.27 810.111 1080.96  1330.4
27.2559 289.067 536.234 813.089 1084.96  1335.4
27.2559 290.125 538.198 816.066 1088.96  1340.4
27.3547 291.125 540.198 819.023  1092.9  1345.4
27.4547 292.125 542.175 822.023  1096.9 1350.32
27.4547 293.125  544.17 825.023 1100.94 1355.29
27.5506 294.149  546.17 827.903 1104.94 1360.29
 27.649 295.149  548.17 830.859 1108.89 1365.29
27.7455 296.179  550.17 833.859 1112.76 1370.29
27.8414 297.203  552.17  836.74 1116.76 1375.29
27.8414 298.269  554.17 839.741 1120.76 1380.22
27.9393 299.318  556.17 842.741 1124.76 1385.07
28.0384 300.318  558.17  845.73 1128.76 1389.99
28.1333 301.334 560.058  848.73 1132.76 1394.99
28.2288 302.357 562.058 851.612 1136.76 1399.99
28.2288 303.357 564.054 854.612 1140.79 1404.96
28.3275 304.357 566.054 857.612 1144.78 1409.87
 28.425 305.405 568.054 860.612 1148.78 1414.72
28.5202 306.428 570.054 863.494 1152.78 1419.72
28.6191 307.428 572.031 866.494 1156.78 1424.65
28.6191 308.428 574.031 869.509 1160.81  1429.6
28.6191 309.428 576.026 872.509 1164.84 1434.57
 28.716 310.475 578.026 875.509 1168.84 1439.43
 28.814 311.475 580.026 878.498 1172.84 1444.34
 28.911 312.475 582.026 881.454 1176.79 1449.34
 29.009 313.475 584.026 884.454 1180.78 1454.26
 29.009 314.475 586.022 887.454 1184.81 1459.23
29.1039 315.504 588.022 890.454 1188.69 1464.23
29.2016 316.504 590.022 893.443 1192.69 1469.14
29.2016  317.57 592.009 896.443 1196.69 1474.09
29.2978  318.57 593.959 899.396 1200.69 1479.09
29.3951  319.57 595.959 902.384 1204.69    1484
29.4914  320.57 597.959 905.341 1208.64    1489
29.4914 321.623 599.959 908.316 1212.61    1494
29.5884 322.623 601.959 911.304 1216.61 1498.92
29.6857 323.623 603.937 914.304 1220.61 1503.84
29.7787 324.637  605.83 917.304 1224.61 1508.84
29.8759 325.637 607.807 920.304 1228.61 1513.77
29.9719 326.637 609.807 923.261 1232.56 1518.77
29.9719 327.691 611.775 926.239 1236.56 1523.77
29.9719 328.745 613.743 929.239 1240.53 1528.77
29.9719 329.807 615.743 932.241 1244.53  1533.7
29.9719 330.807 617.727 935.245 1248.55  1538.7
30.0676 331.807 619.727 938.245 1252.53 1543.62
30.0676 332.861 621.695 941.245 1256.51 1548.62
30.0676 333.861 623.691 944.245 1260.55 1553.59
30.1628 334.861 625.691 947.245 1264.53 1558.51
30.1628 335.861 627.691  950.26 1268.56 1563.47
30.2576 336.861 629.691  953.26 1272.55 1568.38
30.3515 337.861 631.691 956.218  1276.5 1573.38
30.3515 338.861 633.676 959.222 1280.51 1578.38
30.4463 339.861 635.654 962.222 1284.51 1583.31
30.4463 340.913 637.622 965.201 1288.51 1588.31
30.4463 341.913  639.62 968.226 1292.51 1593.29
30.5377  342.94  641.62 971.226 1296.39 1598.29
30.6307  343.94  643.62 974.184 1300.34 1603.29
30.7238  344.94 645.576 977.184 1304.29 1608.29
30.7238 345.999 647.576 980.184 1308.29 1613.22
30.8164 346.999 649.528 983.139 1312.29 1618.22
30.8164 347.999 651.513 986.144  1316.3 1623.22
30.9098 348.999 653.513 989.132  1320.3 1628.14
30.9098 349.999 655.509 992.132 1324.34 1633.12
30.9998 351.018 657.509 995.022 1328.34 1638.12
31.0931 352.018 659.487 998.022 1332.34 1643.04
31.0931 353.077 661.487 1001.02 1336.34 1647.98
31.0931 354.077 663.472 1004.03 1340.35 1652.98
31.1821  355.09 665.371 1007.03 1344.35 1657.98
31.1821  356.09 667.368 1010.05 1348.35 1662.96
31.1821 357.148 669.368 1013.05 1352.35  1667.9
31.2705 358.161 671.267 1016.05 1356.35  1672.9
31.2705 359.221 673.254 1019.05 1360.35 1677.86
31.2705 360.278 675.254 1022.05 1364.35 1682.79
31.2705 361.278  677.25 1025.05 1368.38 1687.77
31.3618 362.278 679.228 1028.05 1372.38  1692.7
31.4521 363.278 681.228 1031.01 1376.33  1697.7
31.5425 364.278 683.185 1034.01 1380.29  1702.7
31.6326 365.278 685.138 1036.97 1384.29  1707.7
31.7238 366.278 687.138 1039.96 1388.29 1712.62
31.8141 367.278 689.138 1042.92 1392.24 1717.62
31.9052 368.278 691.138  1045.9 1396.24 1722.54
31.9052 369.278 693.133  1048.9 1400.27 1727.51
31.9052 370.328 695.103 1051.88 1404.27 1732.51
31.9052 371.328 697.101 1054.91 1408.27 1737.49
31.9052 372.384 699.101 1057.91 1412.27 1742.43
31.9925 373.402 701.101  1060.8 1416.27 1747.43
31.9925 374.402 703.096  1063.8  1420.3 1752.41
31.9925 375.402 705.096 1066.81 1424.32 1757.37
32.0813 376.402 707.096 1069.77 1428.28 1762.37
32.0813 377.458 709.096 1072.78 1432.28 1767.31
32.1697 378.458 711.051 1075.73 1436.28 1772.31
32.1697 379.507 713.021 1078.71 1440.28 1777.31
32.1697 380.507 715.007 1081.72 1444.29 1782.31
32.1697 381.554 717.007 1084.69 1448.26 1787.31
32.1697 382.603 718.977 1087.68 1452.26 1792.31
32.1697 383.661 720.965 1090.68 1456.26 1797.27
32.1697 384.709 722.935 1093.66 1460.26 1802.27
32.1697 385.765 724.935 1096.66 1464.26 1807.21
32.1697 386.765 726.935 1099.67 1468.28 1812.18
32.1697 387.822 728.923 1102.67 1472.28 1817.13
32.1697  388.87 730.894 1105.65 1476.28 1822.13
32.1697 389.926 732.894 1108.65 1480.28 1827.08
32.2566 390.926 734.873 1111.65 1484.28 1832.01
32.3401 391.938 736.776 1114.65 1488.28 1837.01
32.3401 392.938 738.774 1117.67 1492.28 1841.99
32.3401 393.987 740.745 1120.65 1496.28 1846.99
32.4263 394.987 742.745 1123.65 1500.27 1851.91
32.4263 395.987 744.745 1126.67  1504.3 1856.88
32.4263 396.987  746.74 1129.67 1508.33 1861.85
32.4263 397.987 748.735 1132.67 1512.36 1866.83
32.5111 398.987 750.735 1135.63 1516.31 1871.83
32.5958 400.026 752.735 1138.63 1520.31 1876.71
32.5958 401.073 754.706 1141.61 1524.31 1881.71
32.5958 402.121 756.677 1144.61 1528.29 1886.71
32.5958 403.121 758.677 1147.62 1532.31 1891.67
32.6807 404.121 760.677 1150.61 1536.31  1896.6
32.7657 405.121 762.657 1153.61 1540.31 1901.53
32.7657 406.168 764.628 1156.59 1544.31 1906.53
32.7657 407.168 766.628  1159.6 1548.34  1911.5
32.8502 408.168 768.628 1162.59 1552.34 1916.42
32.9348 409.168 770.608 1165.59 1556.34 1921.36
32.9348 410.168 772.603 1168.59 1560.37 1926.34
32.9348 411.168 774.603 1171.61 1564.39  1931.3
 33.018 412.207 776.603 1174.61 1568.39 1936.18
 33.018 413.207 778.589 1177.61  1572.4 1941.18
33.0989 414.219 780.496 1180.61  1576.4 1946.18
33.0989 415.219 782.491 1183.61 1580.43 1951.15
  33.18 416.236 784.491 1186.51 1584.43 1956.15
33.2627 417.275 786.491 1189.51 1588.43 1961.03
33.2627 418.275 788.486 1192.51 1592.46 1966.01
33.2627 419.275 790.484 1195.53 1596.46 1970.99
33.2627 420.319 792.484 1198.51 1600.44 1975.99
33.2627 421.319 794.484 1201.52 1604.46 1980.96
33.3455 422.319 796.484 1204.52 1608.45 1985.88
33.4275 423.319 798.444 1207.52 1612.41 1990.88
33.5095 424.319 800.444 1210.48 1616.36 1995.88
33.5916 425.319 802.404 1213.48 1620.32 2000.88
33.6724 426.342 804.404 1216.48 1624.22 2005.88
33.6724 427.387 806.376 1219.48  1628.2 2010.88
33.6724 428.439 808.376 1222.48  1632.2 2015.83
33.7547 429.439 810.376 1225.48 1636.19 2020.76
33.8362 430.439 812.334 1228.45 1640.19 2025.76
33.9187 431.439 814.314 1231.45 1644.19  2030.7
33.9187  432.49 816.314 1234.45 1648.19 2035.64
33.9187  433.49 818.312 1237.47 1652.19 2040.62
33.9998 434.527 820.312 1240.47 1656.19 2045.51
34.0818 435.527 822.312 1243.46 1660.19 2050.44
34.0818 436.578 824.312 1246.46 1664.19 2055.38
34.1627 437.578  826.27 1249.42 1668.19 2060.38
34.2421 438.595  828.27 1252.32 1672.19 2065.38
34.3219 439.617  830.27 1255.32 1676.09 2070.38
34.4013 440.634  832.27 1258.22 1680.09 2075.38
34.4811 441.657  834.27 1261.22 1683.98 2080.38
34.5622 442.657  836.27 1264.19 1687.94 2085.38
34.5622 443.657 838.256 1267.19 1691.95 2090.38
34.6429 444.693 840.256 1270.19 1695.95 2095.27
34.6429 445.737 842.229 1273.17 1699.95 2100.27
34.7242 446.737 844.229 1276.16 1703.95  2105.2
34.7242  447.78 846.229 1279.14 1707.93  2110.2
34.7242 448.824 848.203 1282.14 1711.91  2115.2
34.8029 449.841 850.203 1285.05 1715.91  2120.2
34.8029 450.893 852.191 1288.05 1719.91 2125.16
34.8029 451.943 854.191 1291.05 1723.91 2130.11
34.8834 452.943 856.191 1294.03 1727.91 2135.04
34.9621 453.965 858.191 1297.03 1731.81 2140.04
34.9621 454.965 860.187 1300.03 1735.84 2145.01
34.9621 455.965 862.174 1303.04 1739.85 2150.01
35.0423 456.965 864.174 1306.03 1743.85 2154.94
35.0423 457.965  866.17 1309.03 1747.87 2159.92
35.0423 458.965  868.17 1312.04  1751.9 2164.89
35.1199 459.982  870.17 1314.94  1755.9 2169.89
 35.199 460.982  872.13  1317.9  1759.9 2174.89
 35.199 461.982 874.125  1320.9 1763.92 2179.87
 35.199 462.982 876.113 1323.91 1767.93 2184.87
 35.199  464.03 878.113 1326.91 1771.94 2189.81
 35.199  465.03 880.108 1329.91 1775.96 2194.79
 35.199 466.079 882.108 1332.91 1779.96 2199.74
 35.199 467.121 884.108 1335.89 1783.94 2204.74
35.2756 468.138 886.108 1338.79 1787.94 2209.74
35.3538 469.138 888.071 1341.79  1791.9 2214.74
35.3538 470.179 890.071 1344.77 1795.88 2219.74
35.4317 471.179 892.033 1347.77 1799.84 2224.74
35.5095 472.215 894.033 1350.77 1803.84 2229.63
35.5095 473.215 896.033 1353.78 1807.86  2234.6
35.5872 474.215 897.994 1356.75 1811.86  2239.6
35.5872 475.256 899.994 1359.73 1815.84  2244.6
35.5872 476.297 901.994  1362.7 1819.82  2249.6
35.6627 477.308 903.907  1365.7 1823.82  2254.6
35.6627 478.351 905.882 1368.69 1827.82  2259.6
  35.74 479.351 907.844 1371.69 1831.78  2264.6
35.8158 480.367 909.844  1374.6 1835.78  2269.6
35.8158 481.409 911.819  1377.6 1839.76  2274.6
35.8929 482.409 913.781  1380.6 1843.72  2279.6
35.8929 483.451 915.756  1383.6 1847.71  2284.6
35.8929 484.494  917.73  1386.6 1851.69  2289.6
35.8929 485.544 919.719  1389.6 1855.69 2294.56
35.9694 486.544 921.679 1392.56 1859.69 2299.56
35.9694 487.544 923.679 1395.57 1863.71 2304.53
36.0458 488.544 925.679 1398.53 1867.67 2309.53
36.1229 489.544  927.66 1401.53 1871.67 2314.47
36.1229 490.584  929.66 1404.51 1875.65 2319.47
36.1229 491.634 931.649 1407.51 1879.65 2324.43
36.1997 492.634  933.63 1410.51 1883.65 2329.38
36.2748 493.655  935.63 1413.51 1887.55 2334.38
36.2748 494.655 937.628 1416.53 1891.55 2339.36
36.3506 495.655 939.589 1419.49 1895.55 2344.36
36.3506 496.695 941.589 1422.47 1899.53 2349.36
36.3506 497.743 943.589 1425.47 1903.53 2354.31
36.3506 498.743 945.576 1428.48 1907.54 2359.31
36.4261 499.743  947.54 1431.48  1911.5 2364.31
36.4261 500.789  949.54 1434.48  1915.5 2369.27
36.4261 501.829  951.54 1437.46 1919.48 2374.27
36.4261 502.829 953.528 1440.46 1923.49 2379.27
36.4261 503.829 955.525 1443.48 1927.49 2384.25
36.4996 504.845 957.525 1446.39 1931.49 2389.25
36.4996 505.892 959.525 1449.39 1935.49  2394.2
36.4996 506.932 961.525 1452.37 1939.47  2399.2
36.5748 507.932 963.506 1455.37 1943.47 2404.15
36.6493 508.932  965.47 1458.37 1947.43 2409.15
36.7238 509.932 967.432 1461.33 1951.43 2414.15
 36.799 510.932 969.414 1464.33 1955.43 2419.09
36.8742 511.932 971.395 1467.33 1959.43 2424.04
36.9487 512.932 973.357 1470.29 1963.43 2429.04
36.9487 513.972 975.357 1473.27 1967.41 2434.04
36.9487 514.972 977.357 1476.28 1971.43 2439.01
36.9487  516.02 979.345 1479.28 1975.43 2443.97
37.0227  517.02 981.308 1482.25 1979.43 2448.97
37.0958  518.04 983.308 1485.25 1983.34 2453.97
37.0958  519.04 985.308 1488.26 1987.36 2458.94
37.0958  520.04 987.305 1491.27 1991.36 2463.93
37.0958  521.04 989.301 1494.27 1995.38 2468.91
37.1684 522.061 991.301 1497.27 1999.29 2473.91
37.2426 523.061 993.301 1500.26 2003.29 2478.84
37.3149 524.076 995.301 1503.17 2007.29 2483.84
37.3868 525.086 997.219 1506.17 2011.29 2488.84
37.4604 526.086 999.181 1509.14 2015.29 2493.84
37.4604 527.126 1001.16 1512.14 2019.27 2498.84
37.5322 528.136 1003.07 1515.14 2023.27 2503.84
37.5322 529.183 1005.06 1518.14 2027.27 2508.81
37.5322 530.183 1007.06 1521.15 2031.29 2513.78
37.5322  531.23 1009.05 1524.15 2035.29 2518.75
37.6052  532.23 1011.02 1527.15 2039.25 2523.75
37.6052 533.275 1013.02 1530.15 2043.26  2528.7
37.6052 534.275    1015 1533.15 2047.27  2533.7
37.6052 535.319    1017 1536.15 2051.27 2538.65
37.6762 536.329 1018.92 1539.15 2055.27 2543.65
37.6762 537.369  1020.9 1542.15 2059.25 2548.65
37.6762 538.369 1022.89 1545.15 2063.26 2553.65
37.6762 539.369 1024.88 1548.17 2067.26 2558.64
 37.749 540.369 1026.87 1551.17 2071.26 2563.58
 37.749 541.369 1028.86 1554.17 2075.29 2568.57
37.8211 542.369 1030.86 1557.14 2079.25 2573.57
37.8211 543.409 1032.84 1560.14 2083.23 2578.57
37.8211 544.453 1034.84 1563.13 2087.23 2583.52
37.8912 545.463 1036.76 1566.13 2091.23 2588.52
 37.963 546.463 1038.72 1569.13  2095.2 2593.52
38.0353 547.463 1040.72 1572.12  2099.2 2598.46
38.1076 548.463 1042.72 1575.12 2103.19  2603.4
38.1076 549.463 1044.72 1578.12 2107.21 2608.38
38.1076 550.509  1046.7 1581.12 2111.21 2613.35
38.1076 551.509 1048.69 1584.13 2115.22 2618.35
38.1076 552.555 1050.68 1587.13 2119.22 2623.31
38.1789 553.555 1052.68 1590.09 2123.18 2628.31
38.2501 554.555 1054.65 1593.09 2127.14 2633.31
38.3213 555.586 1056.65 1596.09 2131.14 2638.21
 38.393 556.586 1058.65 1599.09 2135.13 2643.15
38.4642 557.586 1060.61 1602.06 2139.13 2648.15
38.5339 558.596 1062.53 1605.06 2143.13 2653.15
38.6056 559.596 1064.53 1608.05 2147.13 2658.09
38.6056 560.635 1066.51 1611.05 2151.12 2663.09
38.6056 561.678 1068.51 1614.05 2155.12 2668.04
38.6056 562.722 1070.51 1617.05 2159.12    2673
38.6056 563.765 1072.51 1620.05 2163.12 2677.95
38.6748 564.774 1074.43 1623.05 2167.12 2682.95
38.7454 565.806 1076.43 1626.05 2171.12 2687.85
38.7454 566.849 1078.43 1629.04 2175.12 2692.81
 38.816 567.849 1080.39 1632.04 2179.09 2697.81
38.8857 568.868 1082.39 1635.04    2183 2702.81
38.8857 569.907 1084.37 1638.03    2187 2707.81
38.8857 570.952 1086.36 1641.03    2191 2712.78
38.8857 571.989 1088.36 1644.01 2194.98 2717.78
38.9563 572.989 1090.36    1647 2198.98 2722.72
39.0265 573.989 1092.32 1649.97 2202.98 2727.72
39.0967 574.989 1094.28 1652.93 2206.98 2732.72
39.1675 575.989 1096.27 1655.93 2210.98 2737.66
39.2364 577.004 1098.27 1658.85 2214.98 2742.66
39.2364 578.049 1100.25 1661.85 2218.98 2747.63
39.3056 579.068 1102.25 1664.85 2222.89 2752.63
39.3757 580.068 1104.22 1667.85 2226.86 2757.63
39.4458 581.068 1106.19 1670.85 2230.82 2762.63
39.4458 582.106 1108.16 1673.85 2234.81 2767.63
39.5145  583.12 1110.16 1676.77 2238.81 2772.63
39.5844  584.12 1112.13 1679.73 2242.81 2777.63
39.6532 585.135 1114.13 1682.65 2246.81 2782.63
 39.723 586.165 1116.13 1685.65 2250.81 2787.53
 39.723 587.165 1118.11 1688.65 2254.82 2792.53
 39.723 588.165 1120.11 1691.66 2258.83 2797.51
39.7932 589.165 1122.11 1694.66 2262.82 2802.45
39.7932 590.165 1124.11 1697.66 2266.84 2807.43
39.8612 591.174 1126.03 1700.66 2270.84 2812.43
39.9307 592.204 1128.03 1703.66 2274.84 2817.33
40.0008 593.204 1130.01 1706.66 2278.84 2822.28
40.0704 594.204 1131.98 1709.66 2282.81 2827.28
40.1404 595.204 1133.98 1712.65 2286.81 2832.22
40.1404 596.204 1135.97 1715.65 2290.82 2837.22
40.2098 597.234 1137.97 1718.65 2294.82 2842.12
40.2098 598.272 1139.94 1721.64 2298.82 2847.12
40.2098 599.316 1141.93 1724.64 2302.82 2852.09
40.2789 600.346 1143.93 1727.64 2306.82 2856.99
40.3486 601.346 1145.91 1730.64 2310.82 2861.94
40.4183 602.346 1147.91 1733.64 2314.81 2866.88
40.4866 603.364 1149.91 1736.64 2318.72 2871.88
40.5563 604.364 1151.91 1739.63 2322.72 2876.82
40.6261 605.364  1153.9 1742.63 2326.72 2881.77
40.6261 606.364 1155.88 1745.63 2330.73 2886.77
40.6261 607.407 1157.87 1748.63 2334.73 2891.74
40.6261 608.407 1159.87 1751.64 2338.73 2896.72
40.6261 609.407 1161.87 1754.64 2342.75 2901.71
40.6261 610.407 1163.87 1757.65 2346.77 2906.68
40.6951 611.407 1165.87 1760.64 2350.77 2911.62
40.7642 612.407 1167.87 1763.63 2354.77 2916.57
40.8333 613.407 1169.87 1766.63 2358.76 2921.51
40.9023 614.407 1171.87 1769.63 2362.75 2926.45
40.9023 615.449 1173.87 1772.63 2366.75 2931.41
40.9707 616.478 1175.87 1775.63 2370.75 2936.31
41.0384 617.496 1177.87 1778.63 2374.66 2941.31
41.1074 618.496 1179.87 1781.62 2378.66 2946.25
41.1764 619.496 1181.85 1784.62 2382.66  2951.2
41.2434 620.504 1183.77 1787.62 2386.66  2956.2
41.3119 621.504 1185.77 1790.59 2390.63  2961.2
41.3119 622.504 1187.77 1793.59 2394.64 2966.18
41.3795 623.522 1189.77 1796.59 2398.56 2971.18
41.3795 624.565 1191.76 1799.59 2402.56 2976.14
41.4482 625.565 1193.76 1802.58 2406.56 2981.09
41.4482 626.565 1195.75 1805.58 2410.57 2986.09
41.5168 627.565 1197.75 1808.57 2414.57 2991.03
41.5168 628.601 1199.73 1811.57 2418.55 2996.03
41.5848 629.601 1201.73 1814.54 2422.52 3001.03
41.6534 630.601 1203.71 1817.54 2426.52 3005.98
41.7219 631.601 1205.71 1820.53 2430.52 3010.92
41.7899 632.601 1207.71  1823.5 2434.48 3015.92
41.7899 633.601 1209.71 1826.52 2438.48 3020.91
 41.857 634.618 1211.71 1829.52 2442.39 3025.91
 41.857 635.653 1213.71  1832.5 2446.38 3030.91
41.9249 636.653 1215.67  1835.5 2450.34 3035.91
41.9919  637.67 1217.67  1838.5 2454.26 3040.91
41.9919  638.67 1219.67  1841.5 2458.28 3045.89
42.0595 639.698 1221.67  1844.5 2462.28  3050.8
42.1261 640.711 1223.67 1847.42 2466.28  3055.8
42.1261 641.751 1225.67 1850.42 2470.28 3060.76
42.1261 642.791 1227.67 1853.42 2474.28 3065.72
42.1261 643.826 1229.67  1856.4 2478.26 3070.72
42.1261  644.86 1231.67 1859.38 2482.25 3075.72
42.1261 645.896 1233.65 1862.38 2486.23 3080.72
42.1938 646.896 1235.63 1865.38 2490.23 3085.67
42.1938 647.932 1237.61 1868.37 2494.23 3090.67
42.1938 648.973  1239.6 1871.37 2498.23 3095.63
42.1938 649.973  1241.6 1874.38 2502.25 3100.61
42.1938 650.973  1243.6 1877.39 2506.26 3105.59
 42.261 651.973 1245.58 1880.39 2510.26 3110.54
 42.261 652.973 1247.58  1883.4 2514.26 3115.52
 42.261 653.973 1249.58 1886.41 2518.28  3120.5
 42.261 655.014 1251.57 1889.41 2522.28 3125.47
42.3279 656.014 1253.57  1892.4 2526.28 3130.41
42.3943 657.014 1255.53  1895.4 2530.25 3135.41
42.4597 658.027 1257.53 1898.32 2534.25 3140.41
 42.525  659.04 1259.53 1901.24 2538.25 3145.41
 42.525  660.04 1261.53 1904.24 2542.27  3150.4
 42.525  661.04 1263.53 1907.26 2546.27 3155.39
 42.525 662.075  1265.5 1910.24 2550.27 3160.39
42.5917 663.075 1267.49 1913.24 2554.27 3165.34
42.5917 664.109 1269.49 1916.23 2558.25 3170.34
42.5917 665.109 1271.48 1919.24 2562.25 3175.32
42.5917 666.109 1273.48 1922.25 2566.26  3180.3
42.5917  667.15 1275.47 1925.25 2570.26 3185.27
42.5917  668.15 1277.46 1928.25 2574.27 3190.27
42.6565 669.167 1279.46 1931.25 2578.19 3195.27
 42.722 670.195 1281.46 1934.25 2582.19 3200.18
 42.722 671.234 1283.46 1937.25 2586.19 3205.14
42.7875 672.234 1285.46 1940.22 2590.16 3210.14
 42.853 673.234 1287.46 1943.19 2594.12 3215.14
 42.853 674.272 1289.46 1946.19 2598.12  3220.1
 42.853 675.272 1291.46 1949.19 2602.14 3225.08
42.9188 676.272 1293.44 1952.19 2606.14 3230.03
42.9188 677.306 1295.44 1955.17 2610.13 3235.03
42.9832 678.323 1297.44 1958.17 2614.05 3240.03
43.0471 679.331 1299.37 1961.17 2618.05 3245.03
43.1122 680.331 1301.34 1964.14 2622.05 3250.03
43.1122 681.331 1303.33 1967.16 2626.05 3255.02
43.1777 682.331 1305.33 1970.16 2630.03 3259.97
43.2418 683.343 1307.33 1973.08 2634.03 3264.97
43.3061  684.36 1309.33 1976.08 2637.95 3269.97
43.3712  685.36  1311.3 1979.08 2641.92 3274.97
43.3712   686.4 1313.29 1982.08 2645.92 3279.94
43.3712   687.4 1315.29 1985.09 2649.92 3284.92
43.4365   688.4 1317.29 1988.09 2653.91 3289.87
43.5014   689.4 1319.26 1991.06 2657.91 3294.87
43.5014   690.4 1321.25 1994.06 2661.93 3299.85
43.5014   691.4 1323.25 1997.07 2665.94 3304.83
43.5014 692.434 1325.23 2000.06 2669.94 3309.83
43.5014 693.434 1327.23 2003.07 2673.94 3314.82
43.5663 694.434 1329.23 2006.06 2677.94 3319.77
43.6301  695.45 1331.23 2009.06 2681.86 3324.77
43.6301  696.45 1333.22 2012.06 2685.88 3329.75
43.6932 697.458 1335.15 2015.06 2689.88 3334.75
43.6932 698.496 1337.15 2018.06 2693.89 3339.71
43.7575 699.496 1339.12 2021.03 2697.89 3344.71
43.7575 700.496 1341.12 2024.04  2701.9 3349.69
43.7575 701.533 1343.12 2027.04  2705.9 3354.65
43.8215  702.56 1345.12 2030.04  2709.9 3359.56
43.8856  703.56 1347.12 2033.01 2713.87 3364.56
43.9502  704.56  1349.1 2036.01 2717.87 3369.51
43.9502 705.592  1351.1 2038.99 2721.85 3374.51
43.9502 706.592  1353.1 2042.01 2725.85  3379.5
43.9502  707.63  1355.1 2045.01 2729.85 3384.46
43.9502 708.668  1357.1    2048 2733.85 3389.43
44.0144 709.668  1359.1    2051 2737.84 3394.37
44.0774 710.684  1361.1    2054 2741.76 3399.37
44.0774 711.684 1363.09 2057.01 2745.77 3404.37
44.1414 712.684 1365.09 2060.01 2749.76 3409.32
44.1414 713.684 1367.09 2063.02 2753.76 3414.31
44.1414 714.684 1369.08 2066.02 2757.78 3419.29
44.1414 715.723 1371.07 2069.02 2761.78 3424.26
44.2053 716.723 1373.06 2072.02 2765.78 3429.21
44.2691 717.723 1375.06 2075.01 2769.78 3434.16
44.3329 718.723 1377.04 2078.01 2773.78 3439.12
44.3963 719.723 1379.01 2080.98 2777.78 3444.12
44.4601 720.723 1380.99 2083.98 2781.78 3449.07
44.5235 721.723 1382.96 2086.98 2785.75 3454.07
44.5869 722.723 1384.93 2089.98 2789.71 3459.07
44.6503 723.723 1386.93 2092.95 2793.68 3464.07
44.7137 724.723 1388.93 2095.92 2797.64 3469.07
44.7137 725.755 1390.93 2098.91 2801.63 3474.07
 44.777 726.755 1392.93 2101.88 2805.59 3479.07
 44.777 727.755 1394.93 2104.88 2809.61 3484.05
44.8402 728.755 1396.93 2107.85 2813.57 3489.05
44.8402 729.792 1398.93 2110.85 2817.58 3494.01
44.8402 730.792 1400.93 2113.86 2821.59 3498.99
44.8402 731.824 1402.91 2116.86 2825.58 3503.99
44.8402 732.856 1404.91 2119.85 2829.56 3508.99
44.8402 733.856  1406.9 2122.85 2833.58 3513.97
44.8402 734.889 1408.88 2125.85 2837.57 3518.97
44.8402 735.889 1410.87 2128.85 2841.58 3523.97
44.9028 736.889 1412.84 2131.85 2845.54 3528.97
44.9657 737.889 1414.84 2134.84 2849.54 3533.92
45.0287 738.889 1416.84 2137.83 2853.54 3538.87
45.0287 739.927 1418.83 2140.83 2857.54 3543.84
45.0287 740.965 1420.83 2143.83 2861.54 3548.81
45.0904  741.98 1422.83 2146.83 2865.47 3553.81
45.1528  742.98 1424.79  2149.8 2869.47 3558.81
45.2151 744.006 1426.79  2152.8 2873.47 3563.72
 45.278 745.006 1428.78  2155.8 2877.47 3568.68
45.3404 746.006 1430.78 2158.77 2881.43 3573.68
45.3404 747.006 1432.77 2161.78 2885.43 3578.66
45.4018 748.017 1434.77 2164.71 2889.43 3583.66
45.4018 749.053 1436.77 2167.71 2893.43 3588.63
45.4018 750.091 1438.76 2170.71 2897.43  3593.6
45.4018 751.091 1440.75 2173.71 2901.44  3598.6
45.4018 752.123 1442.73 2176.71 2905.43  3603.6
45.4018 753.159 1444.73 2179.71 2909.43 3608.56
45.4641 754.159 1446.72 2182.71 2913.43 3613.52
45.4641 755.197 1448.71 2185.71 2917.43 3618.49
45.5263 756.197 1450.71  2188.7 2921.43 3623.44
45.5263 757.197  1452.7  2191.7 2925.45 3628.42
45.5263 758.197  1454.7 2194.71 2929.45 3633.41
45.5263 759.229 1456.68 2197.71 2933.44 3638.41
45.5883 760.229 1458.67 2200.71 2937.44 3643.37
45.5883 761.261 1460.65 2203.71 2941.42 3648.37
45.6486 762.268 1462.58 2206.71 2945.42 3653.37
45.7089 763.275 1464.51 2209.71 2949.42 3658.37
45.7703   764.3 1466.51 2212.71 2953.42 3663.28
45.7703 765.332 1468.51  2215.7 2957.41 3668.28
 45.832 766.332 1470.51 2218.69 2961.41 3673.23
 45.832 767.332 1472.51  2221.7 2965.41 3678.22
45.8933 768.357 1474.51  2224.7 2969.41 3683.13
45.8933 769.392 1476.51  2227.7 2973.41 3688.09
45.8933 770.429  1478.5  2230.7 2977.41 3693.07
45.9538 771.445  1480.5  2233.7 2981.33 3698.07
46.0138 772.452 1482.43  2236.7 2985.33 3703.07
46.0749 773.452 1484.43 2239.67  2989.3 3708.07
46.1351 774.463 1486.43  2242.6  2993.3 3713.07
46.1351 775.463 1488.43 2245.62  2997.3 3718.06
46.1351   776.5 1490.42 2248.62  3001.3 3723.03
46.1351 777.532  1492.4 2251.62 3005.29 3728.03
46.1965 778.532 1494.38 2254.62 3009.29 3732.98
46.1965 779.564 1496.36  2257.6 3013.29 3737.98
46.1965 780.601 1498.35  2260.6 3017.29 3742.96
46.1965 781.601 1500.35  2263.6 3021.31 3747.94
46.1965 782.601 1502.35 2266.61 3025.32 3752.92
46.2562 783.612 1504.35 2269.54 3029.32 3757.92
46.2562 784.647 1506.35 2272.54 3033.32 3762.88
46.2562 785.679 1508.33 2275.54 3037.31 3767.88
46.3165 786.679  1510.3 2278.51 3041.31 3772.88
 46.377 787.679 1512.27 2281.51 3045.28 3777.88
46.4365  788.69 1514.27 2284.44 3049.28 3782.88
46.4365  789.69 1516.27 2287.45 3053.29 3787.86
 46.496 790.701 1518.27 2290.38 3057.29 3792.86
 46.496 791.732 1520.27 2293.36 3061.28 3797.86
46.5562 792.732 1522.27 2296.33 3065.25 3802.86
46.5562 793.732 1524.27 2299.33 3069.26 3807.85
46.6163 794.756 1526.27 2302.33 3073.26 3812.76
46.6163 795.793 1528.26 2305.33 3077.26 3817.74
46.6768 796.793 1530.26 2308.33 3081.25 3822.69
46.7358   797.8 1532.19 2311.33 3085.25 3827.69
46.7962   798.8 1534.19 2314.33 3089.24 3832.64
46.7962 799.834 1536.19 2317.33 3093.24  3837.6
46.8562 800.859 1538.19 2320.33 3097.24 3842.52
46.8562 801.889 1540.19 2323.32 3101.23 3847.52
46.8562 802.924 1542.19 2326.32 3105.23 3852.48
46.9154 803.939 1544.19 2329.32 3109.16 3857.48
46.9756 804.939 1546.19 2332.32 3113.15 3862.43
46.9756 805.974 1548.19 2335.32 3117.15  3867.4
46.9756  807.01 1550.18 2338.32 3121.15 3872.37
46.9756  808.01 1552.18 2341.32 3125.16 3877.35
47.0346 809.025 1554.18 2344.32 3129.09 3882.35
47.0943 810.025 1556.15 2347.32 3133.05 3887.35
47.0943  811.06 1558.15 2350.32 3137.06 3892.31
47.1537 812.084 1560.15 2353.32 3141.06 3897.23
47.1537 813.084 1562.15 2356.34 3145.06 3902.22
47.1537 814.084 1564.15 2359.34 3149.07  3907.2
47.1537 815.119 1566.15 2362.34 3153.08 3912.17
47.1537 816.149 1568.15 2365.32 3157.06 3917.17
47.1537 817.183 1570.15 2368.32 3161.06 3922.13
47.1537 818.214 1572.13 2371.32 3165.05 3927.13
47.1537 819.245 1574.11 2374.31 3169.05 3932.13
47.1537 820.245 1576.11 2377.32 3173.06 3937.11
47.1537 821.275 1578.11  2380.3 3177.05 3942.11
47.1537 822.275  1580.1  2383.3 3181.07  3947.1
47.1537 823.306 1582.09  2386.3 3185.05  3952.1
47.2129 824.306 1584.07  2389.3 3189.05 3957.06
47.2129 825.306 1586.07  2392.3 3193.07 3962.04
47.2705 826.313    1588  2395.3 3197.07 3967.04
47.3292 827.313 1589.97  2398.3 3201.04 3972.04
47.3878 828.313 1591.94 2401.27 3205.04 3977.04
47.3878 829.313 1593.94 2404.28 3209.05 3982.02
47.3878 830.349 1595.93 2407.28 3213.05 3986.99
47.3878 831.349 1597.93 2410.29 3217.07 3991.97
47.3878 832.349 1599.92 2413.29 3221.07 3996.97
47.3878 833.349 1601.92 2416.29 3225.09 4001.96
47.3878 834.383 1603.92 2419.29 3229.09 4006.93
47.3878 835.412 1605.92 2422.28 3233.08 4011.93
47.4449 836.419 1607.86 2425.28 3237.08 4016.93
47.4449 837.453 1609.86 2428.28 3241.08 4021.89
 47.503 838.477 1611.86 2431.28 3245.08 4026.81
 47.503 839.513 1613.85 2434.28 3249.08 4031.78
 47.503 840.547 1615.85 2437.28 3253.08 4036.75
 47.503 841.577 1617.83 2440.28 3257.07 4041.75
 47.503 842.608 1619.81 2443.28 3261.06 4046.75
 47.503 843.637 1621.81 2446.26 3265.04 4051.75
 47.503 844.637  1623.8 2449.26 3269.06 4056.73
 47.503 845.637  1625.8 2452.27 3273.07 4061.71
47.5606 846.637  1627.8 2455.24 3277.04 4066.71
47.5606 847.668 1629.79 2458.23 3281.04 4071.71
47.5606 848.668 1631.79 2461.24 3285.06 4076.69
47.5606 849.698 1633.77 2464.22 3289.06 4081.69
47.5606 850.732 1635.77 2467.22 3293.06 4086.66
47.5606 851.763 1637.75 2470.21 3297.06 4091.66
47.6172 852.778 1639.75 2473.21 3300.98 4096.66
47.6745 853.778 1641.72 2476.21 3304.95 4101.66
 47.731 854.789 1643.72 2479.14 3308.95 4106.66
47.7881 855.812 1645.72 2482.14 3312.95 4111.58
47.8444  856.82 1647.66 2485.14 3316.95 4116.58
47.8444  857.82 1649.66 2488.15 3320.97 4121.56
47.8444 858.855 1651.65 2491.15 3324.97 4126.53
47.9015 859.855 1653.62 2494.15 3328.94 4131.53
47.9576 860.862 1655.56 2497.15 3332.94 4136.53
47.9576 861.895 1657.56 2500.15 3336.94  4141.5
47.9576 862.895 1659.55 2503.15 3340.96 4146.49
47.9576 863.929 1661.55 2506.15 3344.96 4151.45
47.9576 864.959 1663.53 2509.15 3348.95 4156.45
48.0148 865.959 1665.53 2512.14 3352.95  4161.4
 48.071 866.974 1667.53 2515.14 3356.88  4166.4
48.1279 867.974 1669.51 2518.14 3360.85  4171.4
48.1279 869.004 1671.49 2521.14 3364.84  4176.4
48.1279 870.037 1673.49 2524.14 3368.84 4181.37
48.1279 871.037 1675.49 2527.15 3372.85 4186.35
48.1837 872.048 1677.49 2530.08 3376.85 4191.35
48.2403 873.072 1679.49 2533.08 3380.85 4196.27
48.2403 874.101 1681.49 2536.07 3384.83 4201.27
48.2969 875.101 1683.49 2539.04  3388.8 4206.27
48.3529 876.116 1685.49 2542.04 3392.73 4211.27
48.3529 877.146 1687.47 2545.03 3396.73 4216.27
48.3529 878.181 1689.46 2548.03 3400.73 4221.25
48.3529 879.214 1691.46 2551.03 3404.73 4226.22
48.3529 880.214 1693.46 2554.04 3408.73 4231.21
48.3529 881.247 1695.46 2557.04 3412.73 4236.17
 48.409 882.271 1697.46 2560.04 3416.73 4241.09
48.4652 883.294 1699.46 2563.04 3420.73 4246.01
48.4652 884.294 1701.46 2566.05 3424.75 4250.99
48.4652 885.294 1703.45 2569.05 3428.75 4255.99
48.4652 886.294 1705.45 2572.05 3432.76 4260.97
48.4652 887.294 1707.45 2575.06 3436.78 4265.95
48.5211 888.318 1709.45 2578.06 3440.78 4270.88
48.5211 889.351 1711.45 2581.06 3444.78 4275.84
48.5765 890.365 1713.45 2584.06 3448.71 4280.84
48.5765 891.395 1715.43 2587.05 3452.71 4285.84
48.5765 892.428 1717.43 2590.05 3456.71 4290.81
48.6315 893.439 1719.43 2592.98 3460.71 4295.81
48.6315 894.469 1721.41 2595.97 3464.71 4300.81
48.6872 895.469 1723.41 2598.95 3468.68 4305.81
48.7432 896.469 1725.41 2601.95 3472.67 4310.76
48.7432 897.498 1727.39 2604.93 3476.67 4315.76
48.7432 898.498 1729.39 2607.95 3480.67 4320.75
48.7432 899.498 1731.39 2610.95 3484.69 4325.74
48.7432 900.498 1733.38 2613.96 3488.69 4330.73
48.7987 901.498 1735.38 2616.93 3492.66 4335.73
48.7987 902.533 1737.38 2619.93 3496.66  4340.7
48.7987 903.533 1739.37 2622.95 3500.66 4345.69
 48.854 904.533 1741.37 2625.92 3504.63 4350.69
 48.854 905.562 1743.35 2628.91 3508.63 4355.69
48.9093 906.562 1745.35 2631.88  3512.6 4360.69
48.9093 907.596 1747.35 2634.88  3516.6 4365.67
48.9093 908.625 1749.35 2637.87 3520.58 4370.67
48.9093 909.659 1751.34 2640.87 3524.58 4375.64
48.9635 910.666 1753.28 2643.87 3528.58 4380.64
49.0188 911.666 1755.28 2646.86 3532.58  4385.6
49.0742 912.666 1757.28 2649.85 3536.58 4390.55
49.1288 913.681 1759.28 2652.85 3540.51 4395.55
49.1841 914.681 1761.28 2655.84 3544.51 4400.51
49.1841 915.709 1763.28 2658.83  3548.5 4405.51
49.2392 916.709 1765.28  2661.8 3552.47 4410.51
49.2934  917.72 1767.28 2664.74 3556.47 4415.51
49.2934 918.749 1769.26 2667.74 3560.46 4420.51
49.3477  919.76 1771.26 2670.67 3564.46 4425.51
 49.403  920.76 1773.24 2673.67 3568.46 4430.47
 49.403 921.789 1775.22 2676.67 3572.45 4435.47
49.4582 922.789 1777.22 2679.66 3576.45 4440.42
49.4582 923.817 1779.22 2682.65 3580.43 4445.42
49.4582 924.847 1781.21 2685.64 3584.43 4450.42
 49.513 925.847 1783.18 2688.64  3588.4 4455.42
49.5668 926.853 1785.12 2691.64  3592.4 4460.42
49.6216 927.853 1787.12 2694.61 3596.37 4465.42
49.6216 928.853 1789.11 2697.61 3600.38 4470.42
49.6758 929.868 1791.11 2700.61 3604.31 4475.42
49.6758   930.9 1793.11 2703.61 3608.31 4480.39
49.7304   931.9 1795.11 2706.59 3612.28 4485.39
49.7304 932.932 1797.11 2709.59 3616.28 4490.36
49.7841 933.939 1799.05 2712.59 3620.28 4495.36
49.7841 934.967 1801.05 2715.57 3624.27 4500.36
49.7841 935.996 1803.03 2718.56 3628.27 4505.36
49.7841 936.996 1805.03 2721.56 3632.28 4510.34
49.8388 937.996 1807.03 2724.56 3636.28  4515.3
49.8932 938.996    1809 2727.56 3640.25  4520.3
49.8932 940.028    1811 2730.56 3644.25 4525.27
49.9479 941.028    1813 2733.56 3648.24 4530.22
49.9479 942.028    1815 2736.57 3652.25 4535.21
49.9479 943.028 1816.99 2739.57 3656.26 4540.21
49.9479  944.06 1818.99 2742.57 3660.26 4545.17
50.0023  945.06 1820.99 2745.56 3664.26 4550.13
50.0565  946.06 1822.99 2748.53 3668.23 4555.13
50.1106 947.083 1824.99 2751.53 3672.23 4560.05
50.1648 948.083 1826.97 2754.51 3676.23 4565.05
50.1648 949.083 1828.97 2757.51 3680.24 4570.03
50.2182 950.093 1830.97 2760.45 3684.24 4575.03
50.2726 951.093 1832.95 2763.45 3688.24 4579.99
50.3262 952.107 1834.95 2766.45 3692.17 4584.99
50.3798 953.121 1836.95 2769.45  3696.1 4589.99
50.4343 954.121 1838.94 2772.45  3700.1 4594.96
50.4343 955.121 1840.93 2775.46  3704.1 4599.95
50.4343 956.153 1842.93 2778.46  3708.1 4604.92
50.4343 957.182 1844.92 2781.45  3712.1 4609.92
50.4877 958.196 1846.92 2784.45 3716.04 4614.92
50.5417 959.196 1848.89 2787.45 3720.01 4619.92
50.5949 960.206 1850.89 2790.38 3724.01 4624.92
50.6489 961.206 1852.89 2793.36 3727.98 4629.92
50.6489 962.206 1854.89 2796.37 3731.98 4634.91
50.6489 963.238 1856.89 2799.37 3735.98 4639.88
50.6489 964.238 1858.89 2802.38 3739.99 4644.86
 50.703 965.238 1860.87 2805.38 3743.99 4649.82
 50.703 966.269 1862.87 2808.38 3747.99 4654.79
 50.703 967.297 1864.86 2811.38 3751.98 4659.79
50.7561 968.311 1866.86 2814.38 3755.91 4664.79
50.7561  969.34 1868.84 2817.38  3759.9 4669.79
50.8097  970.34 1870.81 2820.35  3763.9 4674.79
50.8628 971.354 1872.81 2823.35 3767.84 4679.79
50.8628 972.381 1874.81 2826.34 3771.82 4684.79
50.9156 973.392 1876.81 2829.27 3775.82 4689.79
50.9156 974.392  1878.8 2832.28 3779.83 4694.79
50.9694 975.392  1880.8 2835.28 3783.82 4699.74
51.0232 976.392 1882.79 2838.28 3787.82  4704.7
51.0232 977.424 1884.78 2841.28 3791.82 4709.68
51.0766 978.424 1886.78 2844.25 3795.79 4714.68
51.1291 979.431 1888.72 2847.25 3799.79 4719.68
51.1291 980.463 1890.71 2850.25 3803.79 4724.66
51.1291 981.492 1892.69 2853.25 3807.78 4729.66
51.1825 982.492 1894.67 2856.25 3811.75 4734.66
51.2358 983.492 1896.64 2859.25 3815.72 4739.66
51.2358 984.523 1898.64 2862.25 3819.72 4744.63
51.2884 985.533 1900.64 2865.19 3823.72 4749.63
51.3416 986.533 1902.62 2868.16 3827.72 4754.63
51.3416 987.564 1904.62 2871.16 3831.72 4759.59
51.3416 988.596 1906.62 2874.16 3835.72 4764.57
51.3941 989.606 1908.62  2877.1 3839.72 4769.57
51.3941 990.634  1910.6  2880.1 3843.71 4774.57
51.4472 991.634 1912.57 2883.07 3847.71 4779.57
51.5002 992.634 1914.54 2886.04 3851.71 4784.57
51.5533 993.634 1916.54 2889.02 3855.68 4789.57
51.5533 994.665 1918.54 2892.02 3859.68 4794.53
51.6066 995.665 1920.54 2895.02 3863.67 4799.49
51.6599 996.665 1922.54 2898.02 3867.66 4804.45
51.6599 997.665 1924.54 2901.02 3871.68 4809.44
 51.712 998.671 1926.48 2904.02 3875.68 4814.44
 51.712 999.699 1928.46 2907.01 3879.68 4819.44
51.7643 1000.71 1930.46 2909.95 3883.68 4824.44
51.8172 1001.71 1932.46 2912.92 3887.65 4829.44
51.8172 1002.71 1934.46 2915.92 3891.66 4834.44
51.8172 1003.74 1936.44 2918.91 3895.66 4839.44
  51.87 1004.76 1938.44 2921.91 3899.66 4844.36
  51.87 1005.79 1940.42 2924.91 3903.65 4849.36
51.9219 1006.79 1942.36 2927.91 3907.65 4854.36
51.9747 1007.79 1944.36 2930.89 3911.62 4859.36
51.9747 1008.82 1946.35 2933.88 3915.62 4864.36
52.0273 1009.84 1948.35 2936.88 3919.62 4869.29
52.0803 1010.84 1950.33 2939.88 3923.62 4874.25
52.1333 1011.84 1952.33 2942.88 3927.61 4879.21
52.1333 1012.87 1954.32 2945.88 3931.61 4884.18
52.1851 1013.88 1956.27 2948.88 3935.61 4889.18
 52.238 1014.88 1958.27 2951.88  3939.6 4894.14
52.2909 1015.88 1960.27 2954.87  3943.6  4899.1
52.2909 1016.88 1962.26 2957.87  3947.6  4904.1
52.3437 1017.88 1964.26 2960.86  3951.6 4909.05
52.3955 1018.89  1966.2 2963.86  3955.6 4914.05
52.3955 1019.92  1968.2 2966.86  3959.6 4919.02
52.3955 1020.95 1970.19 2969.86  3963.6    4924
 52.448 1021.95 1972.19 2972.83 3967.58    4929
 52.448 1022.98 1974.19 2975.83 3971.58 4933.97
52.5004 1023.98 1976.16 2978.83 3975.55 4938.97
52.5004 1025.01 1978.16 2981.82 3979.54 4943.97
52.5531 1026.01 1980.16 2984.81 3983.54 4948.93
52.6046 1027.01 1982.11 2987.81 3987.54 4953.93
 52.657 1028.01 1984.11 2990.79 3991.51 4958.93