      4       2       3       4       4       4
      4       3 5.72727 7.63636       8 7.63636
      4 4.46667 8.52727 10.6364      12 11.3697
      4 5.46667 10.9899 13.7081 15.4656 16.3697
4.92892  6.7362 12.9899 16.7081 19.4656 20.1712
5.83474  7.7362 15.3772 19.7081 23.4656 23.8782
6.74055  8.7362 17.7644 22.7081 27.4656 27.5852
7.64636  9.7362 20.1516 25.7081 31.4656 31.2921
 8.4721 10.7362 22.1516 28.4844 34.8636 36.2921
 8.4721 11.7362 24.4834 31.4827 38.5335 41.2921
9.29864 12.8812 26.4834 34.4827 42.5335 45.3206
9.29864 13.9278 28.6351 37.2844 46.5335 50.3206
9.29864 14.9278 31.1452 40.2844 50.6124 54.7316
9.29864 16.1689 33.1452 43.2844 54.8206 59.2822
9.87772 17.1759 35.1452 46.2844 58.2346 64.2822
9.87772  18.305 37.1452 49.3271 62.0628 69.2822
10.3875 19.2496 39.1452 51.8727 66.0628 74.2822
10.3875 20.2496  41.388 54.8447 69.8479 79.2822
10.9258 21.2496  43.388 57.6869 73.4675 84.2822
10.9258 22.3912 45.7188 60.6869 77.4675 88.8099
10.9258 23.5327 48.0496 63.6869 81.4675 93.3375
10.9258 24.5327 50.4213 66.6869 85.4887 97.9446
10.9258 25.6433 52.4213 69.7059  89.359 102.945
10.9258 26.6433 54.7776 72.7059 93.3755 107.572
10.9258 27.6433 56.7776 75.8942 97.4702 112.289
10.9258 28.6779 58.9026 78.7346  101.47 117.289
11.3481 29.6779 60.9026 81.7782  105.47 121.823
11.7481 30.6779 62.9026 84.6607 109.188 126.823
12.1691 31.6779 64.9026 87.6947 113.188 131.368
12.1691 32.7676 66.9026 90.7114 117.081 136.368
12.1691 33.8259 69.0632 93.7114 120.862 141.368
12.5629 34.8259 71.0632 96.7435 124.862 145.942
12.5629 35.8259 73.3497 99.7435  128.88 150.638
12.5629 36.8793 75.5066 102.743  132.67 155.638
12.9387 37.8793 77.5066 105.743 136.638 160.294
13.2838 38.8897 79.5066 108.743 140.283 165.294
13.6441 39.8897  81.663 111.743 144.283 169.777
13.6441 40.9401 83.8134 114.743 148.082 174.777
13.6441 42.0551 85.8134 117.869 152.082 179.537
13.6441 43.1495 88.0466 120.869 156.082 184.209
13.9513  44.121 90.0466  123.59 160.082 189.209
13.9513  45.121 92.3012  126.59  164.09 193.947
13.9513  46.121 94.5369 129.656  168.09 198.644
14.2748 47.1906 96.5369 132.656  172.09 203.251
14.2748 48.3075 98.5369 135.656 176.163 208.062
14.2748 49.3075 100.765 138.724 180.163 212.766
14.2748 50.3526 102.901 141.724 183.982 217.766
14.5781 51.4225 104.901 144.724 187.982 222.393
14.8626 52.4225 106.948 147.724  191.65 227.393
15.1709 53.4225 108.948 150.724 195.626  232.11
15.1709 54.4915 110.948  153.74  199.54  237.11
15.4419 55.4915  112.93 156.486  203.54  242.11
15.4419 56.4915 115.154 159.486 207.549 246.877
15.4419   57.59 117.154 162.588 211.549 251.678
15.4419 58.6957 119.154 165.588  215.61  256.51
15.7221 59.7609 121.154 168.588  219.61 261.165
15.7221 60.7868 123.234 171.482  223.61 266.165
16.0021 61.7868 125.234 174.482 227.592 270.904
 16.282 62.7868 127.234 177.482 231.573 275.643
16.5187 63.6998 129.084 180.482 235.573 280.643
16.7803 64.7084 131.084 183.482 239.303 285.643
17.0475 65.7084 133.084 186.404 243.114 290.643
17.3182 66.7084 135.198 189.404 247.114 295.258
17.3182 67.7084 137.379 192.459 251.114 300.022
17.5679 68.6844 139.379 195.234 255.114 305.022
17.5679 69.6844 141.558 198.286 259.114  309.79
17.8199 70.6844 143.589 201.286 262.831  314.79
18.0656 71.6844 145.568 204.061 266.831  319.79
18.3174 72.6844 147.597 207.061  270.55  324.79
18.3174 73.7049 149.669 209.968  274.55  329.79
18.3174 74.7862 151.669 213.048  278.55 334.629
18.3174 75.8072  153.74 215.957  282.55 339.629
18.5727 76.8072  155.74 218.967  286.55 344.363
18.5727 77.8429  157.84 221.967 290.414 349.363
18.5727 78.9277  159.84 224.967 294.461 354.231
18.8213 79.9277  161.84 227.978 298.461 358.972
18.8213 80.9277 163.956 230.959 302.364 363.972
19.0666 81.9277 165.956 233.969 306.364 368.716
19.2941 82.9277 167.937 236.762 310.364 373.716
19.2941 84.0089 169.937 239.762  314.41 378.589
19.2941 85.0089 172.103 242.762 318.418 383.414
19.2941 86.0428 174.196 245.762 322.291 388.414
19.2941 87.0767 176.289 248.762 326.164 393.414
19.2941 88.1562 178.289 251.762 330.207 398.292
19.2941 89.1905 180.381 254.762 334.081 403.292
19.2941 90.2695 182.381 257.762 338.123 408.171
19.2941 91.2906 184.444 260.677 342.123 413.171
19.2941 92.2906 186.444 263.756 346.164 418.051
19.5049 93.2987 188.444 266.756 349.945 423.051
19.7264 94.2987 190.444 269.756 353.919 427.855
19.9464 95.2987 192.444 272.765 357.919 432.627
20.1679 96.2987 194.444 275.765 361.894 437.431
20.3863 97.3419 196.444 278.765 365.894 442.169
20.6048  98.385 198.444 281.765 369.894 446.908
20.8147  99.385 200.466 284.765 373.662 451.908
21.0361 100.385 202.466 287.765 377.635 456.713
21.2506 101.385 204.466 290.699 381.486 461.713
21.2506 102.454 206.466 293.763 385.486  466.58
21.4542 103.435 208.466 296.578 389.486  471.58
21.4542 104.435 210.601 299.615 393.486 476.409
 21.656 105.435 212.581 302.433 397.486 481.409
 21.866 106.435 214.581 305.367 401.342 486.409
22.0761 107.435 216.581   308.3 405.198 491.409
22.2818 108.435 218.599   311.3 408.974 496.409
22.4883  109.44 220.599   314.3 412.763 501.409
  22.69  110.44 222.578  317.12 416.763 506.409
22.8814 111.371 224.455  320.12 420.763 511.409
22.8814 112.423 226.575  323.12 424.763 516.238
22.8814 113.423 228.667 326.104 428.686 521.238
22.8814 114.423 230.802 329.104 432.687 526.102
23.0855 115.423 232.802  332.04 436.547 531.102
23.0855 116.473  234.92  335.04 440.547 535.934
23.0855 117.473  236.92 338.106 444.578 540.838
23.2784 118.455  238.92 340.931 448.578 545.838
23.4713 119.437  240.92 343.756 452.578 550.838
 23.677 120.437  242.92 346.756 456.545 555.666
 23.677 121.437  244.92 349.818 460.576 560.572
23.8685 122.437   246.9 352.647 464.576 565.572
23.8685 123.437 249.019 355.673 468.576 570.426
23.8685 124.454 251.071 358.604 472.576 575.426
24.0689 125.454 253.071 361.604 476.544 580.258
24.0689 126.515 255.071 364.604 480.575 585.166
24.2652 127.547 257.071 367.604 484.575 589.938
24.2652 128.574 259.141 370.604 488.477 594.938
24.4623 129.574 261.141 373.604 492.446 599.772
24.6515 130.576 263.141 376.604 496.255 604.772
24.8407 131.578 265.141 379.604 500.064 609.772
25.0377 132.578 267.141 382.604  504.03 614.609
25.2337 133.578 269.141 385.598  508.03 619.418
25.4229  134.58 271.141 388.598 511.839 624.418
25.6161  135.58 273.202 391.598 515.839 629.164
25.6161  136.58 275.202 394.657 519.868 634.078
25.6161 137.638 277.202 397.657 523.896 638.991
25.6161 138.638 279.312 400.683 527.896 643.855
25.6161 139.638 281.312 403.741 531.925 648.768
25.8037 140.638 283.372 406.741 535.925  653.52
25.8037 141.638 285.372 409.799 539.954 658.433
25.8037 142.638 287.372 412.857 543.983 663.346
25.8037 143.682 289.475 415.857 547.983   668.2
25.8037 144.682 291.554 418.843 551.918   673.2
25.9861 145.682 293.614 421.843 555.918 677.957
25.9861 146.682 295.729 424.843 559.921  682.84
25.9861 147.719 297.729 427.847  563.88  687.84
26.1682 148.719 299.729 430.845  567.88 692.659
26.1682 149.756 301.729 433.849 571.839 697.659
26.3432 150.757 303.729 436.849 575.663 702.659
26.5249 151.757 305.729 439.849 579.634 707.507
26.7066 152.757 307.729 442.849 583.605 712.354
26.8783 153.739 309.729 445.695 587.605 717.354
27.0528 154.739 311.739 448.695  591.42 722.354
27.0528 155.763 313.802 451.695 595.333 727.354
27.2162 156.704 315.698 454.695 599.333 732.354
27.3955 157.704 317.698 457.691 603.333 737.179
27.5661 158.704 319.676 460.542 607.333 742.179
27.5661 159.739 321.676 463.545 611.295 747.179
27.5661 160.739 323.782 466.545 615.297 752.071
27.5661 161.762 325.843 469.545 619.213 757.071
27.5661 162.776 327.886 472.489 623.213 762.071
27.5661 163.776 329.984 475.513 627.213 766.948
27.5661  164.79 332.027 478.456 631.213 771.948
27.7358  165.79 334.027 481.401 635.098 776.948
27.7358 166.803  336.07 484.345 639.098 781.948
27.8926 167.746  337.97 487.345 643.098 786.948
27.8926 168.769 340.029 490.345 647.017 791.948
 28.055 169.751 342.029   493.2 651.017 796.948
28.2261 170.751 344.029   496.2 654.986 801.807
28.3971 171.751 346.029   499.2 658.956 806.667
28.5647 172.751 348.029 502.145 662.843 811.667
28.5647 173.773 350.087 505.145 666.763 816.667
28.7198 174.717 351.988 508.145 670.763 821.667
28.8889 175.717 353.988 511.137 674.763 826.505
28.8889 176.749 355.988  514.14 678.728 831.505
29.0522 177.748 357.988  517.14 682.565 836.505
29.0522 178.748 360.086  520.14 686.565 841.407
29.0522 179.748 362.086 523.188 690.588 846.337
29.0522 180.748 364.184 526.188 694.588  851.24
 29.215 181.748 366.184 529.135 698.478  856.24
 29.215  182.78 368.184 532.139 702.443  861.24
 29.215  183.78 370.251 535.127 706.388  866.24
29.3759  184.78 372.251 538.075 710.279  871.24
29.5368  185.78 374.251 541.022  714.17  876.24
29.6978  186.78 376.251  543.97 718.061  881.24
29.8567 187.779 378.251  546.97 721.903  886.24
29.8567 188.792  380.29 549.919 725.903  891.24
29.8567 189.834  382.29 552.955 729.903 896.161
30.0164 190.834 384.336 555.955 733.903 900.956
30.0164 191.865 386.336 558.959 737.868 905.956
30.1703 192.865 388.316 561.825 741.868 910.956
30.3286 193.865 390.316 564.773 745.762 915.956
30.4825 194.865 392.297 567.639 749.762 920.956
30.4825 195.885 394.351 570.639 753.687 925.956
30.4825 196.927 396.351 573.673 757.687 930.879
30.4825 197.971 398.351 576.673 761.706 935.817
30.4825 198.971 400.351 579.716 765.725 940.754
30.4825 200.016 402.351 582.716 769.744 945.692
30.4825 201.016 404.435 585.734 773.744  950.59
30.6388 202.016 406.435 588.734 777.712 955.465
30.7882 203.016 408.416 591.604 781.712 960.465
30.9398 204.015 410.416 594.604 785.561 965.465
30.9398 205.015 412.499 597.621 789.561 970.365
30.9398 206.015 414.561  600.61 793.509 975.365
31.0938 207.015 416.561   603.6 797.509  980.22
31.0938 208.035 418.613   606.6 801.438  985.22
31.0938 209.035 420.613 609.641 805.456  990.16
31.2448 210.035 422.655 612.641 809.456 994.968
31.3912 211.035 424.637 615.514 813.456 999.968
31.3912 212.035 426.637 618.554 817.475 1004.91
31.3912 213.047 428.673 621.506 821.475 1009.91
31.3912 214.047 430.734 624.495 825.425 1014.91
31.3912 215.047 432.795 627.484 829.375 1019.91
31.5371 216.046 434.795 630.484  833.23 1024.91
31.6758 216.996 436.707 633.484  837.23 1029.91
31.8253 217.996 438.707 636.473  841.23 1034.77
31.8253 218.996 440.707 639.513 845.248 1039.71
31.9684 219.996 442.688 642.389 849.248 1044.71
31.9684 221.034 444.688  645.42 853.248 1049.64
31.9684 222.034 446.767 648.437 857.248 1054.55
31.9684 223.046 448.802  651.39 861.248 1059.55
31.9684 224.046  450.88 654.406 865.248 1064.45
31.9684 225.057 452.915  657.36 869.248 1069.45
32.1035 226.008 454.829  660.36 873.248 1074.45
32.2385 226.959 456.743  663.36 877.248 1079.45
32.3844 227.959 458.743  666.36 881.217 1084.34
32.5263 228.957 460.743  669.36 885.077 1089.34
32.5263 229.957   462.8 672.349  889.03 1094.34
32.5263 230.984   464.8 675.352     893 1099.34
32.5263 231.984 466.858 678.342 896.953 1104.34
32.6644 232.984  468.84 681.221 900.953 1109.34
32.6644 234.011  470.84 684.224 904.924 1114.34
32.6644 235.011 472.915 687.239 908.924 1119.25
32.6644 236.047 474.915 690.269 912.924 1124.18
32.8045 237.047 476.952 693.269 916.924    1129
32.8045 238.065 478.999 696.269 920.859    1134
32.8045 239.065 481.078 699.269 924.857 1138.93
32.8045 240.065 483.158 702.269 928.855 1143.85
32.9407 241.065 485.164 705.269 932.712 1148.85
32.9407 242.103 487.164 708.269 936.728  1153.8
33.0748 243.103 489.147 711.151 940.728  1158.8
33.2044 244.056 491.065 714.151 944.728  1163.8
 33.344 245.056 493.065 717.151 948.698 1168.69
 33.344 246.056 495.137 720.166 952.698  1173.6
 33.344 247.081 497.137 723.168  956.67  1178.6
 33.344 248.081  499.21 726.183  960.67 1183.51
33.4721 249.035 501.128 729.183  964.67 1188.51
33.4721 250.035 503.205 732.183 968.667 1193.44
33.4721 251.062 505.273 735.183 972.667 1198.34
33.4721 252.079 507.319 738.183 976.605 1203.34
33.6065 253.079 509.355 741.183 980.605 1208.17
33.7331 254.032 511.274 744.183 984.605 1213.17
33.7331 255.032  513.35 747.183 988.603  1218.1
33.8651 256.031  515.35 750.183 992.473  1223.1
33.9972 257.029  517.35 753.183 996.343  1228.1
34.1327 258.029  519.35 756.183 1000.31 1232.99
34.2629 259.014  521.35 759.068 1004.31 1237.99
34.2629 260.014 523.404 762.058 1008.27 1242.99
34.2629 261.014 525.474 765.072 1012.27 1247.91
34.3937 262.014  527.48 768.072 1016.13 1252.91
 34.523 263.014 529.463  770.96 1020.13 1257.91
34.6568 264.014 531.463 773.949 1024.13 1262.79
34.6568 265.014 533.532 776.963 1028.13  1267.7
34.6568 266.014 535.532 779.997 1032.15 1272.65
 34.789 267.028 537.532 782.997 1036.15 1277.51
34.9218 268.028 539.532 785.986 1040.15 1282.38
35.0502 269.028 541.515 788.875 1044.15 1287.38
35.0502 270.028 543.584 791.889 1048.15  1292.3
35.1818 271.042 545.584 794.889 1052.15 1297.16
 35.313 272.042 547.617 797.889 1056.15 1301.99
 35.313 273.042  549.69 800.889 1060.15 1306.92
35.4441 274.057  551.69 803.889 1064.15 1311.77
35.4441 275.057  553.69 806.922 1068.16 1316.72
35.4441 276.065 555.721 809.882 1072.16 1321.72
35.4441 277.074 557.752 812.842 1076.16 1326.72
35.4441 278.074 559.825 815.842 1080.16 1331.65
35.5711 279.074  561.83 818.842 1084.03 1336.65
35.6998 280.074 563.863 821.842 1088.03 1341.49
35.6998 281.074 565.931 824.856 1092.03 1346.41
35.8297 282.074 567.931 827.856    1096 1351.31
 35.958 283.074 569.964 830.856    1100 1356.15
 35.958 284.074 572.031  833.87    1104 1361.07
36.0855 285.074 574.031 836.827 1107.92 1366.07
36.0855 286.097 576.031 839.829 1111.89 1371.07
36.0855 287.128 578.031 842.856 1115.89 1376.01
 36.214 288.128 580.031 845.856 1119.86 1380.91
 36.214 289.128 582.098  848.87 1123.86 1385.83
 36.214 290.153 584.161  851.87 1127.86 1390.74
36.3385 291.151 586.161  854.87 1131.74 1395.74
36.3385 292.151 588.227 857.883 1135.74 1400.66
36.3385 293.159 590.258 860.844 1139.74 1405.66
36.3385  294.19 592.258 863.871 1143.74  1410.6
36.4602  295.19 594.242 866.765 1147.74  1415.6
36.4602  296.19 596.292 869.756  1151.7  1420.6
36.5845  297.19 598.325 872.756  1155.7 1425.44
36.7088  298.19 600.358 875.756  1159.7 1430.29
36.7088 299.212 602.358 878.758 1163.68 1435.29
36.8332 300.226 604.358 881.758 1167.68 1440.15
36.8332  301.25  606.42 884.758 1171.68 1445.06
36.9551 302.248  608.42 887.758 1175.56 1450.06
37.0783 303.248  610.42 890.717 1179.48 1455.06
37.2015 304.248  612.42 893.675 1183.39 1460.06
37.2015  305.28  614.42 896.675 1187.41 1465.02
37.3231 306.278  616.42 899.675 1191.29 1470.02
37.3231 307.278  618.42 902.707  1195.3 1474.97
37.3231 308.278 620.484  905.72  1199.3 1479.89
37.4424 309.263 622.484 908.615  1203.3 1484.89
37.4424 310.271 624.513 911.578  1207.3 1489.89
37.5646 311.285 626.513 914.578  1211.3 1494.76
37.5646 312.316 628.513 917.578 1215.32 1499.71
37.5646 313.325 630.542  920.54 1219.32 1504.71
37.6828  314.31 632.542 923.436 1223.32 1509.71
37.8052  315.31 634.542 926.436 1227.29 1514.61
37.9234 316.296 636.542 929.332 1231.29 1519.61
37.9234 317.296 638.542 932.363 1235.31 1524.57
38.0379 318.254  640.47 935.363 1239.31 1529.57
38.0379 319.277 642.529 938.363 1243.31 1534.49
38.0379 320.298 644.529 941.364 1247.28 1539.49
38.1581 321.311 646.529 944.364 1251.28 1544.35
38.2784 322.324 648.529 947.364 1255.28 1549.22
38.2784 323.332 650.558 950.327 1259.28 1554.22
38.2784  324.34 652.586 953.291 1263.28 1559.22
38.3972  325.34 654.586  956.25  1267.2 1564.22
38.5147  326.34  656.59  959.25 1271.08 1569.22
38.5147 327.363 658.648  962.25 1275.08 1574.14
38.6348 328.363 660.648  965.25 1279.06 1579.05
38.6348 329.376 662.687  968.25 1283.01 1584.05
38.7518 330.374 664.687  971.25 1286.89 1589.05
38.8714 331.374 666.687  974.25 1290.86 1593.95
38.8714 332.382 668.715 977.214 1294.86 1598.95
38.8714 333.405 670.773 980.214 1298.86 1603.87
38.8714 334.413 672.801 983.178 1302.86 1608.87
38.8714 335.421 674.829 986.141 1306.86 1613.87
38.9869 336.421 676.833 989.141 1310.75 1618.87
39.1023 337.421 678.837 992.141 1314.63 1623.87
39.2166 338.421 680.822 995.042 1318.63 1628.87
39.2166 339.443 682.878 998.042 1322.63 1633.79
39.3335 340.455 684.878 1001.04 1326.63 1638.66
39.4486 341.455 686.882 1004.04 1330.51 1643.66
39.4486 342.483 688.882 1007.07 1334.51 1648.61
39.5634 343.483 690.886 1010.07 1338.39 1653.61
39.5634 344.511 692.886 1013.09 1342.39 1658.56
39.6736 345.471 694.816 1016.09 1346.39 1663.56
39.6736 346.471 696.875  1019.1 1350.39 1668.49
39.6736 347.479 698.902 1022.06 1354.39 1673.49
39.7873 348.479 700.906 1025.06 1358.27 1678.49
39.9012 349.476 702.906 1028.06 1362.16 1683.49
39.9012 350.504 704.906 1031.09 1366.16 1688.44
40.0148 351.502 706.906 1034.09 1370.05 1693.44
40.0148 352.522 708.906 1037.09 1374.03 1698.44
40.1301 353.522 710.906 1040.08 1378.03 1703.34
40.1301 354.522 712.951 1043.07 1381.99 1708.34
40.2455 355.522 714.951 1046.07 1385.96 1713.25
40.3542 356.482 716.882 1049.07 1389.96 1718.25
40.4629 357.443 718.813 1052.07 1393.96 1723.25
 40.577 358.443  720.84 1055.07 1397.96 1728.11
 40.577 359.443 722.884 1058.06 1401.93 1733.11
40.6894 360.443 724.887 1061.06 1405.81 1738.11
40.6894 361.464 726.941 1064.06 1409.81 1743.03
40.6894 362.472 728.967 1067.03 1413.81 1748.03
40.6894 363.493 731.021 1070.03 1417.81 1752.96
40.6894 364.513 733.021 1073.03 1421.79 1757.96
40.6894  365.52 735.047    1076 1425.79 1762.96
40.6894  366.52 737.108    1079 1429.79  1767.9
40.6894 367.528 739.134 1081.96 1433.79  1772.9
40.6894 368.528  741.19 1084.97 1437.79 1777.83
40.6894 369.528 743.247 1087.98 1441.79 1782.77
40.8002 370.528 745.247 1090.95 1445.71 1787.77
40.8002 371.547 747.247 1093.95 1449.69 1792.77
40.9086 372.534 749.247 1096.85 1453.69 1797.77
41.0141 373.495  751.18 1099.85 1457.69 1802.77
41.0141 374.495  753.18 1102.88  1461.7 1807.73
41.0141 375.503 755.206 1105.85  1465.7 1812.73
41.0141 376.523 757.259 1108.85  1469.7 1817.65
41.0141 377.531 759.285 1111.81  1473.7 1822.65
41.1223 378.531 761.288 1114.81 1477.59 1827.65
41.1223 379.531 763.344 1117.82 1481.59 1832.59
41.1223 380.556 765.344 1120.84 1485.59 1837.54
41.2311 381.556 767.344 1123.81 1489.52 1842.54
41.3387 382.556 769.347 1126.81 1493.41 1847.54
41.4474 383.556 771.347 1129.77 1497.34 1852.54
41.5563 384.556 773.373 1132.77 1501.34 1857.41
41.5563 385.577 775.425 1135.77 1505.34 1862.34
  41.66 386.539 777.359 1138.77 1509.34 1867.34
41.7684 387.539 779.359 1141.73 1513.26 1872.34
41.8781 388.539 781.359 1144.73 1517.24 1877.25
41.9845 389.539 783.344 1147.64 1521.24 1882.25
41.9845 390.539 785.387 1150.64  1525.2 1887.25
41.9845 391.551 787.422 1153.64 1529.16 1892.25
41.9845 392.551 789.422 1156.66 1533.17 1897.22
42.0901 393.551 791.407 1159.57 1537.17 1902.22
42.0901 394.558 793.433 1162.54 1541.17 1907.22
42.0901 395.558  795.49 1165.54 1545.16 1912.16
42.0901 396.583  797.49 1168.56 1549.16 1917.12
42.0901 397.583  799.49 1171.58 1553.17 1922.08
42.0901 398.583  801.49 1174.61 1557.19 1927.04
42.0901  399.59 803.515 1177.58 1561.19 1932.04
 42.194 400.577 805.515 1180.49 1565.19 1937.04
 42.194 401.584  807.54 1183.45 1569.19 1942.04
 42.194  402.61  809.54 1186.45  1573.2 1947.01
 42.194  403.61 811.593 1189.46  1577.2 1951.94
 42.194 404.617 813.618 1192.43  1581.2 1956.94
 42.194 405.617 815.618 1195.46 1585.21 1961.91
 42.194 406.617 817.675 1198.46  1589.2 1966.86
 42.194 407.617 819.731 1201.46  1593.2  1971.8
 42.194 408.637 821.781 1204.46  1597.2 1976.73
 42.194 409.663 823.781 1207.46 1601.21  1981.7
 42.194 410.663 825.834 1210.46 1605.21 1986.63
42.2978 411.673 827.834 1213.46 1609.21 1991.52
42.2978 412.673 829.834 1216.49 1613.22 1996.48
42.4013 413.683 831.834 1219.49 1617.22 2001.37
42.4013 414.683  833.89 1222.49 1621.22 2006.32
42.4013 415.702  835.94 1225.49 1625.22 2011.25
42.5021  416.69  837.94  1228.4 1629.22 2016.25
42.6047  417.69  839.94 1231.37 1633.15 2021.25
42.6047  418.69 841.992 1234.37 1637.15 2026.19
42.6047  419.69 844.044 1237.38 1641.15 2031.13
42.7069  420.69 846.069 1240.38 1645.15    2036
 42.809  421.69 848.069 1243.35 1649.08    2041
 42.809 422.696 850.094 1246.32 1653.08    2046
  42.91 423.694 852.094 1249.32 1656.99    2051
 43.012 424.694 854.119 1252.32 1660.99 2055.87
43.1146 425.694 856.119 1255.31 1664.99 2060.78
43.2155 426.694 858.122 1258.31 1668.88 2065.78
43.3165 427.692 860.122 1261.31 1672.78 2070.78
43.3165 428.715 862.122 1264.33 1676.78 2075.74
43.3165 429.741 864.122 1267.33 1680.79  2080.7
43.4187 430.741 866.122 1270.31 1684.79 2085.61
43.5159 431.705 868.061 1273.31 1688.79 2090.61
43.5159 432.724 870.109 1276.31 1692.79 2095.54
43.6129 433.688 872.048 1279.31 1696.79 2100.54
43.6129 434.688 874.102 1282.31 1700.79 2105.49
43.6129 435.694 876.126 1285.28 1704.79 2110.49
43.6129 436.694 878.177 1288.29 1708.79 2115.43
43.7133 437.694 880.177 1291.26 1712.72 2120.43
43.8129 438.692 882.177 1294.26 1716.63 2125.43
43.9116 439.692 884.164 1297.17 1720.63 2130.43
 44.011 440.692 886.167 1300.17 1724.53 2135.43
 44.011 441.692  888.22 1303.17 1728.52 2140.38
 44.011 442.715  890.22 1306.19 1732.52 2145.34
44.1069 443.679  892.16 1309.19 1736.52 2150.34
44.1069  444.69 894.193 1312.19 1740.48 2155.34
44.1069 445.713 896.193 1315.21 1744.48  2160.3
44.2024 446.678 898.133 1318.21 1748.48  2165.3
44.2024 447.678 900.133 1321.23 1752.49 2170.26
44.2024 448.678 902.186 1324.23 1756.49 2175.21
44.2024 449.695 904.186 1327.24 1760.47 2180.21
44.2024 450.695 906.224 1330.23 1764.44 2185.21
44.2024 451.719 908.224 1333.23 1768.45 2190.18
44.2991 452.719 910.211 1336.14 1772.45 2195.18
44.3957 453.707 912.211 1339.06 1776.45 2200.18
44.3957  454.73 914.211 1342.08 1780.45 2205.14
44.3957  455.74 916.243 1345.08  1784.4 2210.14
44.3957 456.765 918.243 1348.08 1788.41 2215.11
44.4938 457.774 920.243 1351.08 1792.41    2220
44.5898 458.762 922.243 1353.99 1796.41    2225
44.6859 459.749 924.243 1356.91 1800.41    2230
44.7819 460.749  926.23 1359.83 1804.41    2235
 44.878 461.738  928.23 1362.74 1808.41    2240
 44.878  462.76  930.23 1365.76 1812.41 2244.96
 44.878 463.777  932.23 1368.76  1816.4 2249.96
 44.878 464.787 934.261 1371.76 1820.35 2254.96
 44.878 465.787  936.31 1374.77 1824.35  2259.9
 44.971 466.753 938.251 1377.77 1828.35  2264.9
 44.971 467.753 940.299 1380.78 1832.35 2269.85
 44.971 468.753 942.299  1383.8 1836.36 2274.81
45.0667  469.75 944.299  1386.8 1840.27 2279.81
45.1622  470.75 946.301  1389.8 1844.17 2284.81
45.2587  471.75 948.323  1392.8 1848.17  2289.7
45.2587 472.768 950.368  1395.8 1852.17 2294.63
45.3512 473.734  952.31  1398.8 1856.17 2299.63
45.4474 474.734  954.31 1401.77 1860.11 2304.63
45.4474 475.734 956.347 1404.76 1864.08 2309.63
45.5425 476.734 958.349 1407.76 1867.98 2314.63
45.6385 477.734 960.349 1410.73 1871.92 2319.63
45.6385  478.75 962.349 1413.73  1875.9 2324.63
45.6385  479.75 964.399 1416.73  1879.9 2329.59
45.6385  480.75 966.436 1419.72 1883.87 2334.59
45.7342 481.758 968.436 1422.72 1887.87 2339.48
45.7342 482.768 970.467 1425.72 1891.83 2344.48
45.8258 483.735  972.41 1428.72 1895.83 2349.48
45.8258 484.735  974.41 1431.74 1899.84 2354.45
45.9207 485.735  976.41 1434.71 1903.78 2359.45
45.9207 486.751  978.41 1437.71 1907.76 2364.45
46.0148 487.748  980.41 1440.71 1911.67 2369.45
46.0148 488.748 982.459 1443.71 1915.66 2374.41
46.1095 489.748  984.48 1446.71 1919.66 2379.29
46.1095 490.748  986.48 1449.73 1923.67 2384.26
46.2032 491.745  988.48 1452.73 1927.58 2389.26
46.2968 492.745 990.482 1455.73 1931.49 2394.26
46.3905 493.742 992.482 1458.73  1935.4 2399.26
46.4842  494.74 994.482 1461.73  1939.3 2404.26
46.5789 495.747 996.482 1464.73  1943.3 2409.16
46.6717 496.747 998.469 1467.65  1947.3 2414.16
46.6717 497.747 1000.51 1470.64 1951.28 2419.16
46.6717 498.747 1002.55 1473.65 1955.28  2424.1
46.6717 499.747  1004.6 1476.65 1959.27 2429.06
46.7662 500.747  1006.6 1479.64 1963.27 2433.97
46.8585 501.747 1008.59 1482.56 1967.27 2438.97
46.9524 502.747 1010.61 1485.56 1971.27 2443.86
46.9524 503.753 1012.63 1488.53 1975.27 2448.86
47.0469 504.753 1014.63 1491.53 1979.25 2453.79
 47.139 505.741 1016.63 1494.45 1983.25 2458.79
 47.139 506.741 1018.68 1497.46 1987.25 2463.74
47.2289 507.708 1020.62 1500.46 1991.25 2468.74
47.3188 508.675 1022.56 1503.46 1995.25 2473.74
47.4116 509.672 1024.56 1506.46 1999.16 2478.74
47.5056 510.672 1026.56 1509.45 2003.16 2483.65
47.5993 511.679 1028.56 1512.45 2007.16 2488.55
47.5993 512.685 1030.58 1515.42 2011.16 2493.55
47.5993 513.707 1032.58 1518.42 2015.17 2498.52
47.5993 514.716 1034.61 1521.42 2019.13 2503.52
47.5993 515.738 1036.61 1524.42 2023.14 2508.49
47.6921 516.738 1038.63 1527.42 2027.14 2513.38
47.7856 517.738 1040.63 1530.42 2031.11 2518.31
47.7856 518.738 1042.68 1533.42 2035.11 2523.27
47.7856 519.738 1044.68 1536.44 2039.12 2528.24
47.8745 520.705 1046.62 1539.44 2043.12 2533.24
47.8745 521.727 1048.62 1542.44 2047.13 2538.21
 47.966 522.724 1050.62 1545.44 2051.04 2543.21
48.0567 523.712 1052.62 1548.36 2055.04 2548.21
48.0567 524.732 1054.62 1551.38 2059.04 2553.17
 48.148 525.729 1056.62 1554.38 2062.95 2558.17
48.2402 526.736 1058.62 1557.38 2066.95 2563.07
48.2402 527.736 1060.67 1560.38 2070.95 2568.03
48.2402 528.751 1062.67 1563.38 2074.93 2573.03
48.3318 529.751 1064.67 1566.35 2078.87 2578.03
48.3318 530.761  1066.7 1569.35 2082.83 2583.03
48.3318 531.776 1068.74 1572.35 2086.83 2587.97
48.4237 532.776 1070.74 1575.34 2090.83 2592.89
48.5136 533.776 1072.73 1578.26 2094.83 2597.89
48.6054 534.776 1074.73 1581.25 2098.83 2602.81
48.6054 535.782 1076.75 1584.22 2102.83 2607.81
48.6054 536.782  1078.8 1587.22 2106.83 2612.77
48.6054 537.803  1080.8 1590.22 2110.84 2617.74
48.6054 538.809 1082.82  1593.2 2114.84 2622.74
48.6054  539.83 1084.82  1596.2 2118.84 2627.71
48.6054 540.851 1086.82  1599.2 2122.85 2632.68
48.6949 541.851 1088.82  1602.2 2126.76 2637.68
48.7819 542.819 1090.76  1605.2 2130.76 2642.68
 48.873 543.819 1092.76  1608.2 2134.74 2647.61
 48.873 544.839 1094.76 1611.21 2138.74 2652.57
48.9617 545.839 1096.75 1614.14 2142.74 2657.57
48.9617 546.839 1098.75 1617.16 2146.75 2662.55
48.9617 547.839  1100.8 1620.16 2150.74  2667.5
48.9617 548.858  1102.8 1623.17 2154.74 2672.47
 49.048 549.827 1104.74 1626.17 2158.74 2677.47
 49.048 550.827 1106.78 1629.18 2162.74 2682.42
 49.048 551.827 1108.83 1632.19 2166.74 2687.37
49.1381 552.827 1110.83 1635.19 2170.72  2692.3
49.2274 553.827 1112.85 1638.19 2174.72 2697.19
49.3134 554.795 1114.79 1641.19 2178.72 2702.19
49.3995 555.763 1116.74 1644.19 2182.72 2707.19
49.4887 556.763 1118.74 1647.15 2186.66 2712.19
49.5772 557.763 1120.74 1650.15 2190.57 2717.19
49.5772 558.778 1122.74 1653.16 2194.56 2722.19
49.5772 559.778 1124.77 1656.15 2198.53 2727.19
49.6669 560.778 1126.77 1659.15 2202.51 2732.13
49.7566 561.778 1128.77 1662.15 2206.49 2737.06
49.7566 562.792 1130.77 1665.15 2210.47 2742.06
49.7566 563.792  1132.8 1668.14 2214.44 2747.06
49.8454 564.799  1134.8 1671.14 2218.44 2751.97
49.9342 565.805  1136.8 1674.14 2222.44 2756.87
50.0229 566.805 1138.82 1677.14 2226.44 2761.76
50.0229 567.805 1140.82 1680.16 2230.45 2766.74
50.1099 568.794 1142.82 1683.09 2234.45 2771.74
50.1971 569.794 1144.81 1686.01 2238.45 2776.74
50.2855 570.794 1146.81 1688.98 2242.39 2781.74
50.3747 571.794 1148.81 1691.98 2246.37 2786.67
  50.46 572.762 1150.75 1694.98 2250.37 2791.67
  50.46 573.776 1152.75 1697.98 2254.36 2796.67
50.5488 574.776 1154.75 1700.97 2258.36 2801.59
50.5488 575.795 1156.75 1703.99 2262.36 2806.56
50.6375 576.795 1158.75 1706.98 2266.36 2811.48
50.6375  577.81 1160.79 1709.98 2270.36 2816.43
50.6375  578.81 1162.83 1712.98 2274.36 2821.38
50.7253  579.81 1164.85 1715.98 2278.36 2826.27
50.7253 580.815 1166.87 1718.96 2282.36 2831.27
50.7253  581.83 1168.91 1721.96 2286.36 2836.22
50.7253  582.83 1170.95 1724.96 2290.35 2841.18
 50.812  583.83 1172.95 1727.96 2294.27 2846.18
50.9001  584.83 1174.95 1730.96 2298.24 2851.11
50.9867  585.83 1176.95 1733.96 2302.16 2856.11
51.0728 586.818 1178.95 1736.88 2306.16 2861.11
51.1571 587.787  1180.9 1739.88 2310.16 2866.11
51.1571 588.793 1182.92 1742.86 2314.16 2871.11
51.1571 589.793 1184.96 1745.86 2318.15 2876.07
51.1571 590.793 1186.99 1748.85 2322.13 2881.07
51.1571 591.811 1188.99 1751.87 2326.13 2886.04
51.2441 592.817 1190.99 1754.87 2330.13 2890.95
51.3296 593.817 1192.98  1757.8 2334.13 2895.95
51.3296 594.817 1194.98 1760.81 2338.14 2900.92
51.4161 595.817 1196.98 1763.78 2342.08 2905.92
51.5015 596.817 1198.97 1766.71 2346.08 2910.92
51.5015 597.817 1201.01 1769.72 2350.08 2915.87
51.5015 598.836 1203.01 1772.73 2354.08 2920.84
51.5015 599.841 1205.03 1775.71 2358.08 2925.84
51.5015 600.846 1207.05 1778.68 2362.08 2930.84
51.5868 601.846 1209.05 1781.68 2365.99 2935.84
51.6731 602.852 1211.05 1784.68 2369.99 2940.75
 51.759 603.852 1213.05 1787.65 2373.94 2945.75
 51.845 604.852 1215.05 1790.62 2377.88 2950.75
 51.845 605.866 1217.05 1793.62 2381.87 2955.75
51.9303 606.862 1219.05 1796.62 2385.79 2960.75
51.9303 607.862 1221.09 1799.62 2389.78 2965.71
51.9303 608.862 1223.12 1802.62 2393.76 2970.71
52.0146 609.851 1225.12 1805.55 2397.76 2975.71
52.0973 610.821 1227.07 1808.55 2401.76 2980.71
52.1823 611.821 1229.07 1811.55 2405.67 2985.71
52.1823 612.829  1231.1 1814.55 2409.64 2990.71
52.2664 613.818  1233.1 1817.47 2413.64 2995.71
52.3521 614.823  1235.1 1820.47 2417.64 3000.62
52.4369 615.823  1237.1 1823.47 2421.55 3005.62
52.5194 616.793 1239.04 1826.47 2425.55 3010.62
52.5194 617.801 1241.07 1829.47 2429.52 3015.62
52.6041 618.801 1243.07 1832.47 2433.44 3020.62
52.6041 619.815 1245.07 1835.47 2437.42 3025.62
52.6041 620.833 1247.07 1838.49 2441.42 3030.59
52.6891 621.833 1249.09 1841.49 2445.42 3035.48
52.6891 622.833 1251.12 1844.49 2449.42 3040.44
52.6891  623.85 1253.12 1847.51 2453.42 3045.41
52.7743  624.85 1255.12  1850.5 2457.42 3050.33
52.8591  625.85 1257.14  1853.5 2461.42 3055.23
 52.941  626.82 1259.09  1856.5 2465.42 3060.23
 52.941 627.834 1261.09  1859.5 2469.41 3065.23
53.0263 628.834 1263.09  1862.5 2473.38 3070.17
53.1115 629.834 1265.09  1865.5 2477.36 3075.11
53.1955 630.834 1267.09  1868.5 2481.28 3080.11
53.1955 631.839 1269.11 1871.47 2485.28 3085.11
53.1955 632.852 1271.14 1874.47 2489.28 3090.06
53.2792 633.852 1273.14 1877.47 2493.19 3095.06
53.2792 634.852 1275.17 1880.47 2497.17 3100.06
53.3628 635.852 1277.17 1883.47 2501.09 3105.06
53.3628 636.857 1279.19 1886.44 2505.09 3110.06
53.4463 637.854 1281.19 1889.44 2509.01 3115.06
53.5298  638.85 1283.19 1892.44 2512.93 3120.06
53.5298  639.85 1285.23 1895.44 2516.92 3125.02
53.6125  640.85 1287.22 1898.38 2520.92 3130.02
53.6937 641.821 1289.17 1901.38 2524.92 3135.02
53.7776 642.821 1291.17 1904.35 2528.87 3140.02
53.7776 643.821  1293.2 1907.34 2532.84 3145.02
53.8607 644.821  1295.2 1910.34 2536.76 3150.02
53.8607 645.838  1297.2 1913.35 2540.76 3154.99
53.9439 646.834  1299.2 1916.35 2544.68 3159.99
54.0248 647.805 1301.15 1919.35 2548.68 3164.99
54.1091 648.805 1303.15 1922.35 2552.66 3169.93
54.1934 649.805 1305.15 1925.35 2556.64 3174.87
54.1934 650.823 1307.15 1928.35 2560.64 3179.84
54.1934 651.828 1309.16 1931.33 2564.64 3184.84
54.1934 652.828  1311.2 1934.34 2568.64  3189.8
54.1934 653.841 1313.24 1937.34 2572.64 3194.75
54.2765 654.841 1315.25 1940.34 2576.64 3199.65
54.3596 655.841 1317.25 1943.31 2580.59 3204.65
54.3596 656.859 1319.25 1946.31 2584.59 3209.63
54.4431 657.859 1321.25  1949.3 2588.59 3214.56
54.5261 658.859 1323.25 1952.27 2592.54 3219.56
54.5261 659.872 1325.29 1955.27 2596.54 3224.51
54.6089 660.872 1327.29 1958.24 2600.49 3229.51
54.6918 661.872 1329.29 1961.21 2604.43 3234.51
54.6918 662.881 1331.31 1964.21  2608.4 3239.51
 54.775 663.881 1333.31  1967.2  2612.4 3244.44
 54.775 664.894 1335.35  1970.2  2616.4 3249.39
54.8565 665.894 1337.33 1973.13  2620.4 3254.39
54.8565 666.912 1339.33 1976.13  2624.4 3259.36
54.8565 667.912 1341.33 1979.15 2628.41 3264.34
54.8565 668.929 1343.33 1982.16 2632.41 3269.31
54.9392 669.929 1345.33 1985.15 2636.41 3274.24
55.0209 670.925 1347.33 1988.15 2640.33 3279.24
55.0209 671.943 1349.33 1991.15 2644.34 3284.21
55.1031 672.943 1351.35 1994.15 2648.34 3289.12
55.1847  673.94 1353.35 1997.15 2652.26 3294.12
55.2668  674.94 1355.36 2000.15 2656.26 3299.02
55.2668 675.948 1357.39 2003.15 2660.23 3304.02
55.2668 676.948 1359.42 2006.14 2664.21 3309.02
55.3487 677.948 1361.42 2009.11 2668.15 3314.02
 55.431 678.948 1363.42  2012.1 2672.15 3318.95
55.5118 679.948  1365.4 2015.04 2676.15 3323.95
55.5118 680.948 1367.44 2018.04 2680.15 3328.91
55.5118 681.953 1369.46 2021.01 2684.15 3333.91
55.5118 682.966 1371.49 2024.01 2688.15 3338.87
55.5118 683.966 1373.53 2027.02 2692.15 3343.82
55.5118 684.966 1375.53 2030.04 2696.15  3348.8
55.5926 685.962 1377.53 2033.04 2700.08  3353.8
55.5926 686.962 1379.57 2036.04 2704.07 3358.77
55.6712 687.934 1381.52 2039.04 2708.07 3363.77
55.7517 688.934 1383.52 2042.04 2711.99 3368.77
55.7517 689.934 1385.56 2045.04 2715.99 3373.73
55.8332 690.934 1387.56 2048.02 2719.99 3378.66
55.9131 691.922 1389.56 2050.95 2723.99 3383.66
55.9131 692.939 1391.56 2053.97 2727.99 3388.63
55.9131 693.939  1393.6 2056.97 2731.99 3393.59
55.9131 694.939 1395.63 2059.97 2735.99 3398.55
55.9933 695.935 1397.63 2062.97 2739.91 3403.55
55.9933 696.952 1399.63 2065.99 2743.91 3408.52
56.0743 697.952 1401.63 2068.97 2747.91 3413.45
56.1543 698.952 1403.63 2071.97 2751.83 3418.45
56.1543 699.952 1405.63 2074.99 2755.84 3423.43
56.1543 700.952 1407.66 2077.99 2759.81 3428.43
56.2336 701.952 1409.65 2080.92 2763.81 3433.43
56.3134 702.948 1411.65 2083.92 2767.74 3438.43
56.3134 703.948 1413.69 2086.92 2771.74 3443.39
56.3938 704.953 1415.69 2089.92 2775.74 3448.31
56.3938  705.97 1417.69 2092.92 2779.74 3453.28
56.3938 706.988 1419.69 2095.92 2783.75 3458.26
56.3938 708.004 1421.69 2098.94 2787.75 3463.23
56.4726 708.993 1423.69 2101.87 2791.75 3468.23
56.4726 710.009 1425.69 2104.88 2795.75  3473.2
56.4726 711.022 1427.69 2107.88 2799.74  3478.2
56.5526 712.022 1429.69 2110.87 2803.74 3483.13
56.5526 713.038 1431.69 2113.88 2807.74  3488.1
56.6311 714.027 1433.69 2116.82 2811.74  3493.1
56.7108 715.032 1435.69 2119.82 2815.74 3498.02
56.7108 716.044 1437.69 2122.82 2819.72 3503.02
56.7892 717.044 1439.67 2125.75 2823.72 3508.02
56.8686 718.044 1441.69 2128.75 2827.72 3512.93
 56.948 719.044  1443.7 2131.75 2831.72 3517.83
 56.948 720.049 1445.72 2134.73 2835.72 3522.83
57.0273 721.049 1447.72  2137.7 2839.67 3527.83
57.0273 722.065 1449.72 2140.72 2843.67  3532.8
57.1055 723.065  1451.7 2143.65 2847.67  3537.8
57.1055 724.078 1453.74 2146.65 2851.67 3542.76
 57.184 725.078 1455.74 2149.65 2855.59 3547.76
57.2607 726.049 1457.69 2152.65 2859.59 3552.76
57.3373 727.021 1459.64 2155.65 2863.59 3557.76
57.4154 728.011 1461.64 2158.58 2867.59 3562.76
57.4939 729.011 1463.64 2161.58 2871.52 3567.76
57.4939 730.015 1465.66 2164.56 2875.52 3572.76
57.4939 731.023 1467.68 2167.56 2879.48 3577.76
57.4939 732.023 1469.72 2170.56 2883.48 3582.72
57.5726 733.023 1471.72 2173.53 2887.43 3587.72
57.5726 734.023 1473.75 2176.54 2891.43 3592.68
57.5726 735.023 1475.79 2179.54 2895.43 3597.65
57.6506 736.023 1477.79 2182.54 2899.35 3602.65
57.7286 737.023 1479.79 2185.54 2903.27 3607.65
57.8072 738.023  1481.8 2188.54 2907.27 3612.56
57.8072  739.04  1483.8 2191.54 2911.28 3617.54
57.8072 740.047 1485.82 2194.54 2915.25 3622.54
57.8072 741.047 1487.85 2197.53 2919.23 3627.54
57.8072 742.063 1489.85 2200.55 2923.23 3632.51
57.8072 743.063 1491.89 2203.55 2927.22 3637.47
57.8842 744.063 1493.87 2206.48 2931.22 3642.47
57.9617  745.06 1495.87 2209.48 2935.15 3647.47
57.9617  746.06  1497.9 2212.48 2939.13 3652.47
58.0391  747.06  1499.9 2215.48 2943.05 3657.47
58.0391 748.076  1501.9 2218.48 2947.05 3662.45
58.1145 749.049 1503.85 2221.48 2951.05 3667.45
58.1145 750.065 1505.85 2224.48 2955.06 3672.43
58.1145 751.081 1507.85 2227.49 2959.06  3677.4
58.1145 752.097 1509.85  2230.5 2963.06 3682.38
58.1915 753.093 1511.85  2233.5 2966.99 3687.38
58.1915 754.093 1513.89  2236.5 2970.99 3692.34
58.1915 755.105 1515.92  2239.5 2974.99 3697.29
58.2692 756.105 1517.92 2242.49 2978.99 3702.23
58.2692 757.117 1519.95 2245.49 2982.99 3707.18
58.3463 758.117 1521.95 2248.47 2986.94 3712.18
 58.423 759.114 1523.95 2251.47 2990.86 3717.18
58.4997 760.114 1525.95 2254.47 2994.79 3722.18
58.5763 761.114 1527.95 2257.47 2998.71 3727.18
58.5763 762.114 1529.98 2260.47 3002.71 3732.14
58.6534 763.114    1532 2263.47 3006.71 3737.05
58.6534 764.114 1534.03 2266.47 3010.71 3742.02
58.6534 765.114 1536.06 2269.47 3014.69 3747.02
58.7304 766.118 1538.06 2272.47 3018.69 3751.94
58.7304 767.126 1540.08 2275.47 3022.66 3756.94
58.7304 768.126 1542.12 2278.47 3026.65 3761.91
58.8076 769.126 1544.12 2281.47 3030.63 3766.85
58.8844  770.13 1546.12 2284.47 3034.63 3771.77
58.8844 771.142 1548.15 2287.47 3038.63 3776.73
58.8844 772.142 1550.18 2290.46 3042.61 3781.73
58.8844 773.142 1552.21 2293.47 3046.61 3786.69
58.8844 774.147 1554.23 2296.45 3050.61 3791.69
58.9584 775.119 1556.18 2299.45 3054.61 3796.69
58.9584 776.131 1558.21 2302.45 3058.61 3801.64
58.9584 777.136 1560.23 2305.42 3062.61 3806.64
59.0335 778.136 1562.22 2308.36 3066.61 3811.64
59.1085 779.125 1564.22  2311.3 3070.61 3816.64
59.1841 780.125 1566.22  2314.3 3074.53 3821.64
59.2597 781.122 1568.22  2317.3 3078.46 3826.64
59.3335 782.095 1570.17  2320.3 3082.46 3831.64
59.4101 783.095 1572.17  2323.3 3086.44 3836.59
59.4101 784.095 1574.21  2326.3 3090.44 3841.56
59.4862 785.099 1576.21  2329.3 3094.44 3846.48
59.4862 786.099 1578.24  2332.3 3098.44 3851.44
59.4862 787.103 1580.25 2335.28 3102.44 3856.44
 59.561 788.103 1582.24 2338.22 3106.44 3861.44
59.6367 789.103 1584.24 2341.19 3110.39 3866.44
59.6367 790.118 1586.24  2344.2 3114.39 3871.41
59.6367  791.13 1588.27  2347.2 3118.39 3876.37
59.6367 792.141 1590.27 2350.21 3122.37 3881.37
59.7113 793.141 1592.26 2353.14 3126.37 3886.37
59.7113 794.158 1594.26 2356.14 3130.38 3891.35
59.7862 795.154 1596.26 2359.14 3134.31 3896.35
59.7862 796.154 1598.29 2362.14 3138.29 3901.35
59.7862  797.17 1600.29 2365.14 3142.29 3906.33
59.8604  798.16 1602.29 2368.07 3146.29 3911.33
59.9351  799.16 1604.29 2371.07 3150.22 3916.33
60.0107  800.16 1606.29 2374.06 3154.22 3921.26
 60.086 801.164 1608.29 2377.06 3158.22 3926.18
60.1607 802.164 1610.29 2380.06 3162.14 3931.18
60.1607 803.168  1612.3 2383.04 3166.14 3936.18
60.1607 804.168 1614.33 2386.04 3170.12 3941.18
60.2362 805.168 1616.33 2389.04  3174.1 3946.13
60.2362 806.168 1618.33 2392.05 3178.11 3951.11
60.3106 807.165 1620.33 2395.05 3182.03 3956.11
60.3106  808.18 1622.33 2398.06 3186.03 3961.08
60.3106 809.196 1624.33 2401.06 3190.04 3966.06
60.3106  810.21 1626.33 2404.07 3194.04 3971.04
60.3106 811.225 1628.33 2407.09 3198.04 3976.01
60.3847 812.222 1630.33 2410.09 3201.97 3981.01
60.4584 813.222 1632.32 2413.02 3205.97 3986.01
60.4584 814.237 1634.32 2416.03 3209.97 3990.98
60.4584 815.241 1636.33 2419.01 3213.97 3995.98
60.4584 816.253 1638.36 2422.01 3217.97 4000.94
60.5327 817.257 1640.36 2425.01 3221.97 4005.86
60.5327 818.261 1642.38 2427.99 3225.97 4010.86
60.5327 819.261 1644.38 2431.01 3229.97 4015.84
60.5327 820.272 1646.41 2434.01 3233.97  4020.8
60.6063 821.269 1648.41 2437.01  3237.9  4025.8
60.6793 822.259 1650.41 2439.95  3241.9  4030.8
60.6793 823.275 1652.41 2442.95 3245.91 4035.78
60.7537 824.275 1654.41 2445.95 3249.89 4040.73
60.7537 825.286 1656.41 2448.95 3253.88 4045.73
60.7537 826.286 1658.44 2451.95 3257.87  4050.7
60.7537 827.286 1660.48 2454.95 3261.87 4055.67
60.7537 828.286 1662.48 2457.96 3265.87 4060.65
60.7537 829.302 1664.48 2460.96 3269.88 4065.63
60.8271 830.302 1666.48 2463.94 3273.83 4070.63
60.8271 831.302  1668.5 2466.93 3277.81 4075.63
60.9001 832.299  1670.5 2469.93 3281.74 4080.63
60.9001 833.299  1672.5 2472.95 3285.75 4085.61
60.9737 834.299  1674.5 2475.93 3289.75 4090.54
61.0449 835.273 1676.46 2478.93 3293.75 4095.54
61.1177 836.269 1678.46 2481.93 3297.68 4100.54
61.1913 837.269 1680.46 2484.92 3301.68 4105.48
61.1913 838.281 1682.49 2487.92 3305.68 4110.44
61.1913 839.281 1684.49 2490.94 3309.68 4115.42
61.1913 840.292 1686.49 2493.94 3313.67 4120.42
61.2634 841.292 1688.48 2496.88 3317.67 4125.42
61.3368 842.292 1690.48 2499.87 3321.67 4130.36
61.3368 843.292  1692.5 2502.86 3325.65 4135.36
61.3368 844.292 1694.53 2505.86 3329.63 4140.36
61.3368 845.292 1696.56 2508.86 3333.62 4145.33
61.3368 846.303 1698.56 2511.86 3337.61 4150.33
61.3368 847.307 1700.58 2514.84 3341.61 4155.33
61.3368 848.323 1702.58 2517.84 3345.62 4160.31
61.3368 849.323 1704.61 2520.84 3349.61 4165.28
61.4087 850.323 1706.61 2523.84 3353.54 4170.28
61.4791 851.297 1708.56 2526.84 3357.54 4175.28
61.5519 852.297 1710.56 2529.84 3361.52 4180.23
61.5519 853.312 1712.56 2532.84 3365.53 4185.21
61.5519 854.312  1714.6 2535.84 3369.52 4190.18
61.6233 855.302  1716.6 2538.78 3373.52 4195.18
61.6955 856.302 1718.61 2541.78 3377.52 4200.09
61.7677 857.302 1720.61 2544.75 3381.48 4205.09
  61.84 858.306 1722.61 2547.75 3385.48 4210.02
  61.84 859.317 1724.61 2550.75 3389.46 4215.02
61.9122 860.321 1726.61 2553.75 3393.46 4219.94
61.9844 861.321 1728.61 2556.73 3397.42 4224.94
61.9844 862.336 1730.61 2559.73 3401.42 4229.92
 62.056 863.333 1732.61 2562.73 3405.35 4234.92
 62.056 864.344 1734.64 2565.73 3409.35 4239.88
 62.056 865.355 1736.67 2568.73 3413.35 4244.84
62.1284 866.355 1738.67 2571.73 3417.33 4249.79
62.2007 867.355 1740.67 2574.73 3421.31 4254.74
62.2007 868.355  1742.7 2577.73 3425.31 4259.71
62.2007 869.359 1744.72 2580.71 3429.31 4264.71
62.2704 870.334 1746.67 2583.71 3433.31 4269.71
62.2704 871.338 1748.69 2586.69 3437.31 4274.71
62.2704 872.338 1750.71 2589.69 3441.29 4279.71
62.3415 873.338 1752.71 2592.69 3445.22 4284.71
62.4135 874.338 1754.71 2595.69  3449.2 4289.66
62.4135 875.345 1756.73 2598.69 3453.17 4294.66
62.4135 876.349 1758.75 2601.67 3457.17 4299.66
62.4135 877.349 1760.77 2604.66 3461.15 4304.66
62.4852 878.349 1762.77 2607.65 3465.15  4309.6
62.4852 879.349  1764.8 2610.65 3469.13  4314.6
62.4852 880.353 1766.81 2613.63 3473.13  4319.6
62.5543 881.328 1768.77 2616.63 3477.13  4324.6
62.6246 882.318 1770.77 2619.57 3481.13  4329.6
62.6246 883.318  1772.8 2622.57 3485.13 4334.56
62.6952 884.318  1774.8 2625.57 3489.06 4339.56
62.6952 885.318 1776.83 2628.57 3493.06 4344.53
62.7643 886.292 1778.79 2631.57 3497.06 4349.53
62.8355 887.292 1780.79 2634.56 3501.06 4354.47
 62.907 888.292 1782.79 2637.56 3505.03 4359.42
 62.907 889.306 1784.79 2640.57 3509.03  4364.4
 62.907 890.306 1786.82 2643.57 3513.03 4369.37
 62.907  891.32 1788.82 2646.58 3517.03 4374.34
 62.907 892.335 1790.82 2649.58 3521.04 4379.32
62.9768 893.335 1792.81 2652.52 3525.04 4384.32
62.9768 894.349 1794.81 2655.53 3529.04  4389.3
63.0466 895.349  1796.8 2658.47 3533.04  4394.3
63.1163 896.339  1798.8 2661.41 3537.04  4399.3
63.1869 897.339 1800.81 2664.41 3541.04 4404.22
63.1869 898.353 1802.81 2667.42 3545.04 4409.19
63.2565 899.343 1804.81 2670.36 3549.04 4414.19
63.2565 900.343 1806.84 2673.36 3553.03 4419.16
63.2565 901.343 1808.87 2676.36 3557.03 4424.14
63.3264 902.343 1810.87 2679.36 3560.96 4429.14
63.3967 903.343 1812.88 2682.36 3564.96 4434.05
63.4671 904.343 1814.88 2685.34 3568.91 4439.05
63.5374 905.343 1816.89 2688.34 3572.91 4443.97
63.5374 906.343 1818.92 2691.33 3576.89 4448.97
63.5374 907.343 1820.94 2694.33 3580.88 4453.97
63.6077 908.347 1822.94 2697.33 3584.88  4458.9
63.6077 909.357 1824.97 2700.33 3588.88 4463.86
63.6077 910.357 1826.97 2703.34 3592.88 4468.84
63.6077 911.357 1828.99 2706.34 3596.86 4473.84
63.6077 912.372 1830.99 2709.34 3600.87 4478.82
63.6077 913.379 1833.01 2712.34 3604.84 4483.82
63.6771 914.375 1835.01 2715.34 3608.77 4488.82
63.6771  915.39 1837.01 2718.34 3612.78  4493.8
63.6771 916.394 1839.03 2721.32 3616.78  4498.8
63.6771 917.398 1841.04  2724.3 3620.78  4503.8
63.6771 918.398 1843.04 2727.31 3624.78 4508.78
63.7469 919.398 1845.04  2730.3 3628.78 4513.73
63.7469 920.398 1847.04 2733.32 3632.79 4518.71
63.7469 921.398 1849.04 2736.33 3636.79 4523.69
63.8162 922.398 1851.05 2739.33 3640.79 4528.61
63.8162 923.398 1853.08 2742.33 3644.79 4533.58
63.8857 924.398 1855.08 2745.32 3648.79 4538.52
63.8857 925.398 1857.08 2748.34  3652.8  4543.5
63.8857 926.398 1859.11 2751.34  3656.8 4548.46
63.8857 927.398 1861.15 2754.34 3660.79 4553.44
63.8857 928.398 1863.15 2757.35  3664.8 4558.42
63.8857 929.398 1865.15 2760.37  3668.8  4563.4
63.9528 930.373  1867.1 2763.37  3672.8  4568.4
63.9528  931.38 1869.12 2766.37 3676.78  4573.4
64.0219  932.38 1871.12 2769.36 3680.78 4578.34
64.0219  933.39 1873.12 2772.36 3684.77 4583.34
64.0899  934.39 1875.11  2775.3 3688.77 4588.34
64.0899 935.401 1877.14  2778.3 3692.77  4593.3
64.1588 936.401 1879.14 2781.29 3696.77 4598.24
64.2271 937.397 1881.14 2784.29  3700.7 4603.24
64.2271 938.397 1883.17 2787.29  3704.7 4608.22
64.2271 939.397  1885.2 2790.29 3708.69 4613.19
64.2271 940.397  1887.2  2793.3  3712.7 4618.17
64.2948 941.388  1889.2 2796.24  3716.7 4623.17
64.3632 942.388 1891.21 2799.24  3720.7 4628.09
64.4312 943.388 1893.21 2802.24 3724.63 4633.09
64.4993 944.388 1895.21 2805.24 3728.57 4638.09
64.4993 945.388 1897.24 2808.25 3732.57 4643.06
64.4993 946.392 1899.26 2811.23 3736.57 4648.06
64.5675 947.392 1901.26 2814.21 3740.52 4653.06
64.6351 948.392 1903.25 2817.15 3744.52 4658.06
 64.703 949.392 1905.24 2820.15 3748.45 4663.06
64.7705 950.392 1907.23 2823.09 3752.45 4668.06
64.8384 951.392 1909.23 2826.09 3756.39 4673.06
64.8384 952.392 1911.26 2829.09 3760.38 4678.03
64.8384 953.395 1913.28 2832.08 3764.38 4683.03
64.9065 954.395 1915.29 2835.08 3768.38 4687.95
64.9065 955.395 1917.29 2838.09 3772.39 4692.93
64.9749 956.395 1919.29 2841.08 3776.39 4697.87
65.0422 957.386 1921.29 2844.02 3780.39 4702.87
65.0422 958.386 1923.32 2847.02 3784.39 4707.85
65.1084 959.362 1925.28 2850.02 3788.39 4712.85
65.1756 960.352 1927.28 2852.96 3792.39 4717.85
65.2437 961.355 1929.28 2855.96 3796.39 4722.78
65.3099 962.331 1931.24 2858.96 3800.39 4727.78
65.3099 963.331 1933.27 2861.96 3804.38 4732.75
65.3099 964.337 1935.29 2864.96 3808.36 4737.75
65.3781 965.337 1937.29 2867.95 3812.36 4742.69
65.3781 966.337 1939.32 2870.96 3816.36 4747.66
65.3781 967.337 1941.34 2873.96 3820.36 4752.62
 65.444 968.313  1943.3 2876.96 3824.36 4757.62
 65.444 969.313  1945.3 2879.97 3828.36 4762.61
65.5099 970.289 1947.26 2882.97 3832.36 4767.61
65.5099 971.289 1949.29 2885.98 3836.36 4772.57
65.5767 972.289 1951.28 2888.92 3840.36 4777.57
65.5767 973.289 1953.28 2891.93 3844.37 4782.56
65.6435 974.279 1955.28 2894.88 3848.37 4787.56
 65.711 975.279 1957.29 2897.88 3852.37 4792.48
65.7784 976.279 1959.29 2900.85 3856.32 4797.48
65.7784 977.292 1961.29 2903.86 3860.32 4802.46
65.8455 978.292 1963.29 2906.86 3864.26 4807.46
65.8455 979.292 1965.32 2909.86 3868.25 4812.43
65.9132 980.292 1967.32 2912.86 3872.23 4817.38
65.9132 981.292 1969.35 2915.86 3876.23 4822.35
65.9132 982.306 1971.35 2918.86 3880.24 4827.33
65.9132  983.32 1973.35 2921.86 3884.24 4832.31
65.9132  984.32 1975.38 2924.87 3888.24 4837.28
65.9804 985.323 1977.38 2927.87 3892.24 4842.21
65.9804 986.336 1979.38 2930.88 3896.24 4847.19
65.9804 987.336 1981.41 2933.88 3900.24 4852.16
66.0466 988.326 1983.41 2936.82 3904.24 4857.16
66.1135 989.326 1985.41  2939.8  3908.2 4862.16
66.1805 990.326 1987.42  2942.8  3912.2 4867.08
66.2474 991.326 1989.43  2945.8  3916.2 4872.01
66.3146 992.326 1991.43 2948.79  3920.2 4876.95
66.3146  993.33 1993.44 2951.77  3924.2 4881.95
66.3819  994.33 1995.44 2954.77 3928.18  4886.9
66.4489 995.333 1997.44 2957.77 3932.18 4891.83
66.4489 996.333 1999.44 2960.78 3936.18 4896.81
66.5149 997.323 2001.44 2963.73 3940.18 4901.81
 66.582 998.323 2003.44 2966.71 3944.18 4906.76
 66.582 999.333 2005.44 2969.72 3948.17 4911.76
 66.649 1000.33 2007.44  2972.7 3952.17  4916.7
 66.715 1001.32 2009.44 2975.65 3956.17  4921.7
 66.715 1002.33 2011.45 2978.63 3960.17  4926.7
 66.782 1003.33 2013.45 2981.62 3964.17 4931.65
66.8483 1004.32 2015.45 2984.62 3968.11 4936.65
66.8483 1005.34 2017.45 2987.63 3972.11 4941.62
66.8483 1006.34 2019.47 2990.61 3976.11 4946.62