      3       3       3       4       5       3
      3 4.90909 4.90909       7 8.18182       8
4.40758 5.90909 6.90909      10 12.0207 11.7536
4.40758 6.90909  9.0585  13.111 15.7603 16.7536
5.22148 8.18492 11.0585  16.111 18.6706 21.7536
5.22148 9.70888 13.0585 19.1107 22.1469 26.7536
5.83503 10.8497 15.0585 21.3563 26.1469 31.7536
6.55781 12.1937 17.0585 24.3563 30.1469 35.6868
6.55781 13.6562 19.0585 27.2778 33.7629 40.6868
6.55781 15.1446 21.1357 30.2778 37.7629 45.1213
6.55781  16.633 23.2128 33.2778 41.7629 49.5557
7.12038  17.633 25.2128 36.1325 45.3455 54.5557
7.54789 18.6917 26.7266 39.1325 49.3455 59.5557
7.54789  20.087 28.7266 42.0537 53.0291 64.5557
7.54789 21.4134 30.6235 44.8305 57.0291 69.5557
7.54789 22.8222 32.6383 47.8305 61.0291  74.132
 7.9608 24.0707 34.6383 50.8305 64.3677  79.132
8.42255 25.0707 36.6383 53.7788 68.3677 83.7219
8.85368  26.354 38.6383 56.7788 72.3677 88.0075
8.85368 27.6971 40.6073 59.7788 76.0556 93.0075
9.19793  28.774 42.1862 62.7788 80.0556 98.0075
9.19793 30.1077 44.1417 65.7788 83.7664 103.007
9.61135 31.1077 46.1417 68.7354 87.7664 107.637
10.0001 32.3658 48.1417 71.7354 91.7664 111.991
10.0001 33.6809 50.0978 74.7354 95.4951 116.991
10.3593 34.8909 52.0978 77.7354 98.9259 121.991
10.3593 36.2266 54.0922 80.7354 102.926 126.661
10.7161 37.2266  55.955 83.5158 106.926 131.661
11.0956 38.2266  57.955 86.4736 110.926 136.323
11.0956 39.5446  59.955 89.4551 114.926 141.024
11.3966 40.6173 61.5813 92.4551 118.926 146.024
11.3966 41.9068 63.5813 95.3902 122.701 151.024
11.3966 43.1585 65.4804 98.2394 126.701 156.024
11.3966 44.1585  67.549 101.239 130.704 160.953
11.3966 45.1585 69.5976  104.31 134.704 165.834
11.6945  46.339 71.5976  107.31 138.225 170.834
11.6945  47.339 73.6665  110.31  142.22  175.77
11.9589 48.4092 75.3319  113.31  146.22  180.77
11.9589 49.6645 77.2853  116.31 150.011  185.77
11.9589 50.8895 79.1915 119.178 154.011  190.77
11.9589 52.1434 81.1428 122.178 157.806  195.77
11.9589 53.3973 83.0941 125.178 161.601  200.77
12.2304 54.3973 84.9806  128.02 165.601  205.77
12.2304 55.6585 86.9806 130.989 169.601 210.541
12.4879 56.8303 88.9806 133.989 173.172 215.541
12.4879 58.0774 90.9332 136.989 176.972 220.541
12.4879 59.3351 92.9332 139.955 180.972 225.317
12.4879 60.5814 94.8854 142.955 184.773 230.317
12.4879 61.8296 96.8854   145.9  188.58 235.317
12.4879 62.8296 98.9318   148.9 192.563 240.287
12.4879 63.8296 100.959 151.951 196.563  245.21
12.7318 64.8296 102.959 154.918 200.563 249.999
12.7318 66.0635 104.959 157.867 204.381 254.999
12.9711 67.0635 106.959 160.834 208.381 259.792
12.9711 68.0635  108.98 163.874 212.319 264.792
12.9711 69.0635 111.026 166.874 216.304 269.762
12.9711 70.3076 113.026 169.874   220.2 274.621
12.9711 71.5272 114.986 172.874  224.02 279.621
12.9711 72.7213 116.906  175.76  228.02 284.621
12.9711 73.9481 118.878  178.76  232.02 289.422
12.9711 75.1901 120.878  181.76 235.917 294.283
13.1633 76.3043 122.878 184.454 239.917 299.283
13.1633  77.529  124.85 187.454 243.917 304.087
13.1633 78.7222 126.772 190.339 247.917 309.087
13.1633 79.9155 128.693 193.224 251.917 314.087
13.1633 80.9155 130.731 196.224 255.906  319.06
13.1633 82.1269 132.688 199.224 259.737  324.06
 13.358 83.1269 134.651 202.224  263.58  329.06
 13.358  84.357 136.651 205.224  267.48  333.93
 13.358 85.5747 138.651 208.186  271.48  338.75
13.5477 86.5747 140.651 211.142 275.335  343.75
13.7218 87.6872 142.651 213.856 279.335  348.75
13.9108 88.6872 144.616 216.856 283.181  353.75
13.9108 89.8892 146.576 219.856 287.019  358.75
14.0887 91.0392 148.576 222.856 290.691  363.75
14.2764 92.0392 150.576 225.824 294.691 368.594
14.2764 93.0392 152.576 228.871 298.669 373.569
14.4613 94.0392 154.552 231.871 302.669 378.408
14.4613 95.0392 156.586 234.871 306.653 383.389
14.6292 96.1431 158.586   237.6 310.653 388.389
14.8028 97.2838 160.586   240.6 314.339 393.389
14.9657 98.3542 162.353   243.6 318.339 398.389
14.9657  99.548 164.324   246.6 322.339 403.224
15.1476 100.548 166.324   249.6 326.256 408.125
15.1476 101.548 168.355   252.6 330.241 413.109
15.1476 102.548 170.386   255.6 334.225 418.094
15.3232 103.548 172.362   258.6 338.225 422.942
15.4989 104.548 174.338   261.6 342.225  427.79
15.6613 105.644 176.338 264.341 346.225  432.79
15.8371 106.644 178.338 267.308 350.225 437.648
16.0116 107.644 180.304 270.308 354.085 442.648
16.0116 108.801 182.241 273.213 358.085 447.648
16.0116  109.99 184.241 276.213 362.001 452.543
16.0116 111.147 186.179 279.119 366.001 457.543
16.1818 112.147 188.179 282.085 370.001 462.406
16.3395  113.24 190.179 284.835 374.001 467.406
16.3395  114.24 192.197 287.857 378.001 472.365
16.3395  115.24 194.197 290.892 381.986 477.345
16.3395  116.41 196.197 293.845 385.863 482.345
16.3395  117.41 198.225 296.845 389.851  487.33
16.3395  118.41 200.252 299.845 393.839 492.315
16.4899   119.5 202.252 302.604 397.839 497.315
16.4899 120.648 204.196 305.512 401.839 502.315
16.4899 121.648 206.196 308.543 405.825 507.298
16.4899 122.824 208.196 311.543 409.747   512.2
16.6323 123.884 209.993 314.543 413.747   517.2
 16.784 125.014 211.993 317.543 417.747 521.919
 16.784  126.16 213.937 320.454 421.747 526.919
 16.784  127.16 215.937 323.484 425.734 531.901
 16.939  128.16 217.937 326.484 429.667 536.814
17.0827 129.247 219.937 329.253 433.667 541.814
17.2362 130.247 221.913 332.253 437.667 546.683
17.2362 131.389 223.859 335.166 441.667 551.683
17.2362 132.389 225.872  338.18 445.639 556.683
17.3776 133.475 227.872 340.953 449.639 561.683
17.3776 134.475 229.895 343.953  453.63 566.669
17.3776 135.614 231.842 346.867  457.63 571.669
17.5261 136.614 233.842 349.832  461.63 576.556
17.6755 137.614 235.842 352.832 465.566 581.471
17.6755 138.751 237.791 355.747 469.566 586.471
17.8183 139.871 239.791 358.747 473.566 591.208
17.8183 141.008 241.739 361.662 477.566 596.208
17.9552 142.092 243.739 364.441 481.566 601.208
18.0986 143.092 245.685 367.351 485.566 606.208
18.2435 144.092 247.653 370.351 489.454 611.208
18.3805 145.174 249.653 373.132 493.454 616.208
18.3805 146.174 251.668 376.144 497.454 621.181
18.5249 147.174 253.644 379.144 501.454  626.06
18.6696 148.174 255.644 382.107 505.454 630.952
18.8022 149.226  257.46 385.107 509.454 635.952
18.9444 150.226 259.406 388.018 513.454 640.952
19.0865 151.226 261.352  390.93 517.454 645.952
19.0865 152.226  263.37  393.93 521.449  650.94
19.0865 153.375  265.37  396.93 525.385 655.854
19.0865 154.517 267.346  399.93 529.385 660.736
19.0865 155.517 269.359 402.941 533.385 665.712
19.0865 156.656 271.359 405.893 537.293 670.712
19.0865 157.656 273.372 408.905 541.293 675.687
19.2249 158.656 275.372 411.868 545.293 680.585
19.2249 159.794 277.372 414.821 549.203 685.585
19.2249 160.935 279.372 417.784 553.203 690.481
19.3535 162.011 281.372 420.579 557.203 695.481
19.4845 163.108 283.372 423.579 560.975 700.481
19.4845 164.108 285.385 426.588 564.975 705.458
19.6177 165.108 287.336 429.504 568.975 710.458
19.7526 166.108 289.336 432.457 572.887 715.458
19.8773 167.157 291.163 435.457 576.887 720.458
20.0116 168.157  293.13 438.457 580.785 725.458
20.1459 169.157 295.098 441.457 584.684 730.458
20.2817 170.157 297.098 444.457 588.624 735.382
20.2817 171.157 299.109 447.467 592.624 740.361
20.2817 172.157 301.125 450.467 596.619 745.351
20.4131 173.157 303.076 453.385 600.619 750.351
 20.547 174.157 305.076 456.385  604.56 755.275
20.6733 175.227 307.076 459.189  608.56 760.275
20.7966 176.272 308.907 462.189  612.56 765.275
 20.929 177.272 310.875 465.189 616.461 770.275
 20.929 178.399 312.851 468.189 620.461 775.172
 20.929 179.399 314.851 471.203 624.456 780.163
21.0606 180.399 316.851 474.166 628.456 785.068
21.0606 181.513 318.808 477.095 632.456 790.068
21.1879  182.61 320.808 480.095 636.456 794.844
21.3182  183.61 322.808 483.048 640.371 799.844
21.4482  184.61 324.775 486.048 644.274 804.844
21.5789  185.61 326.775 489.011 648.274  809.75
21.5789 186.736 328.775 491.976 652.274  814.66
21.7043 187.821 330.775 494.976 656.064  819.66
21.8338 188.821 332.775 497.931  659.98  824.66
 21.963 189.821 334.743 500.931 663.883  829.66
 21.963 190.944 336.743 503.896 667.883 834.571
22.0918 191.944 338.719 506.896 671.883 839.467
22.0918 193.065 340.719 509.854 675.804 844.467
22.0918 194.185 342.719 512.813 679.725 849.467
22.0918 195.302  344.69 515.813 683.636 854.467
22.0918 196.302 346.704 518.813  687.63 859.459
22.0918 197.422 348.682 521.813  691.63 864.361
22.0918 198.544 350.682 524.778  695.63 869.274
22.2166 199.544 352.682 527.743  699.63 874.184
22.3382 200.636 354.682 530.743  703.63  878.97
22.3382 201.752 356.654 533.743 707.543  883.97
22.3382  202.86 358.613 536.675 711.543  888.97
22.3382  203.86 360.622 539.681 715.528  893.97
22.4568 204.943 362.622 542.681 719.327  898.97
22.4568 205.943 364.636 545.681 723.322 903.962
22.4568 207.062 366.636 548.648 727.322 908.876
22.5779 208.062 368.636 551.605 731.243 913.876
 22.699 209.062 370.613 554.605 735.243 918.778
 22.699 210.062 372.623 557.613 739.243 923.761
 22.819 211.062 374.593 560.613 743.152 928.761
 22.819 212.167 376.554 563.547 747.152 933.761
22.9388 213.167 378.554 566.506 751.074 938.761
22.9388 214.281 380.533 569.506 755.074 943.668
 23.058 215.281 382.533 572.464 758.996 948.668
 23.058 216.281 384.542 575.471 762.996 953.651
 23.058 217.394 386.542 578.432 766.922 958.651
 23.058 218.504 388.516 581.432 770.839 963.651
 23.175 219.504 390.487 584.432  774.75 968.651
23.2911 220.504 392.444  587.36  778.75 973.651
23.4072 221.504   394.4 590.288  782.75 978.651
23.4072 222.613 396.374 593.288 786.668 983.651
23.5205 223.691 398.374 596.288 790.476 988.651
23.6375 224.691 400.374 599.254 794.476 993.568
23.7468  225.73 402.225 602.254 798.476 998.568
23.7468  226.73 404.237 605.254  802.47 1003.56
23.7468  227.73 406.245  608.26  806.47 1008.55
23.7468  228.73 408.253 611.267 810.456 1013.55
23.8606  229.73  410.21 614.196 814.456 1018.55
23.9685 230.768 412.063 617.196 818.456 1023.55
24.0784 231.827 414.063 620.028 822.456 1028.55
24.1933 232.827  416.04 623.028 826.456 1033.46
24.3082 233.827 418.016 626.028 830.456 1038.37
24.3082 234.939 420.016 629.028 834.406  1043.3
24.3082 236.043  421.99 632.028 838.327  1048.3
24.4223 237.043  423.99 634.994 842.327 1053.22
24.4223 238.043  425.99 638.005 846.322 1058.22
24.5356 239.043  427.99 640.965 850.248 1063.22
24.6478 240.043 429.947 643.896 854.248 1068.22
24.6478 241.153 431.947 646.896 858.199 1073.16
24.6478 242.259 433.947 649.864 862.199 1078.08
24.6478 243.259 435.954  652.87 866.199 1083.07
24.7598 244.259 437.954 655.837 870.199 1087.99
24.7598 245.363 439.954 658.801 874.131 1092.99
24.7598 246.363 441.961 661.806 878.119 1097.99
24.8683 247.443 443.961 664.806 882.119  1102.8
24.8683 248.443 445.961 667.817 886.114  1107.8
24.9783 249.443 447.933 670.817 890.032  1112.8
24.9783  250.55 449.933 673.817 893.983 1117.74
24.9783  251.55 451.933 676.828 897.978 1122.73
25.0882  252.55 453.933 679.828 901.929 1127.67
25.0882 253.654 455.933 682.798 905.929  1132.6
25.0882 254.654  457.94 685.804 909.929 1137.58
25.0882 255.755  459.94 688.769 913.863 1142.58
25.1898 256.791 461.803 691.769 917.863 1147.58
25.1898 257.896 463.803 694.769 921.815 1152.53
25.1898 258.999 465.803 697.739 925.815 1157.45
25.1898 259.999  467.81 700.745 929.815 1162.44
25.1898 261.099  469.79 703.745 933.815 1167.36
25.1898 262.099 471.796 706.751 937.803 1172.36
25.2933 263.177 473.796 709.751 941.803 1177.18
25.3979 264.177 475.756 712.687 945.803 1182.18
25.5007 265.246 477.756 715.687 949.631 1187.18
25.6021   266.3 479.756 718.531 953.631 1192.18
25.6021   267.3 481.763 721.537 957.631 1197.17
25.6021 268.401 483.763 724.507 961.631  1202.1
25.7065 269.401 485.736 727.507 965.554  1207.1
25.8112 270.401 487.715 730.507 969.554 1212.01
25.8112 271.496 489.691 733.507 973.482 1217.01
25.8112 272.496   491.7 736.507 977.477 1222.01
25.9148 273.496 493.674 739.507   981.4 1227.01
25.9148 274.598 495.674 742.507 985.355 1231.95
25.9148 275.598 497.674 745.518  989.35 1236.95
26.0169 276.598 499.635 748.455  993.35 1241.95
 26.118 277.673 501.635 751.455  997.35 1246.77
26.2207 278.673 503.608 754.455 1001.27 1251.77
 26.318 279.707 505.477 757.455 1005.27 1256.77
26.4201 280.707 507.437 760.393 1009.27 1261.77
26.4201 281.802 509.437 763.359 1013.21 1266.77
26.4201 282.802 511.443 766.365 1017.21 1271.76
26.5228 283.802 513.443 769.365 1021.17  1276.7
26.5228 284.901 515.443 772.365 1025.12 1281.65
 26.622 285.967 517.443 775.365 1028.96 1286.65
26.7243 286.967 519.443 778.365 1032.91 1291.59
26.7243 288.063 521.443 781.338 1036.91 1296.52
26.8255 289.063 523.417 784.338 1040.83 1301.52
26.8255 290.063 525.423 787.343 1044.83 1306.51
 26.921 291.096 527.294 790.343 1048.83 1311.51
27.0195 292.161 529.294 793.343 1052.67 1316.51
27.0195 293.246 531.261 796.291 1056.67 1321.51
27.0195 294.246 533.266 799.297 1060.67  1326.5
27.0195 295.246 535.275 802.297 1064.67  1331.5
27.1156 296.296 537.275 805.151 1068.67  1336.5
27.2152 297.296 539.249 808.151 1072.59  1341.5
27.3151 298.296 541.227 811.151 1076.59 1346.42
27.4131 299.367 543.227 814.151 1080.59 1351.25
27.4131 300.463 545.227 817.151 1084.55  1356.2
27.5108 301.533 547.227 820.151 1088.55 1361.03
27.6094 302.533 549.189 823.091 1092.55 1366.03
27.7088 303.533 551.168 826.091 1096.55 1370.95
27.8059 304.596 553.168 829.091 1100.39 1375.95
27.9016 305.645 555.168 831.946 1104.39 1380.95
27.9016 306.738 557.168 834.919 1108.39 1385.89
27.9016 307.738 559.168 837.928 1112.38 1390.88
27.9967 308.786 561.168 840.784 1116.38 1395.88
28.0956 309.786 563.168 843.754 1120.38 1400.81
28.1935 310.786  565.13 846.694 1124.38 1405.81
28.1935 311.786 567.136 849.699 1128.38  1410.8
28.2919 312.786 569.115 852.699 1132.38 1415.72
28.3907 313.786 571.115 855.699 1136.34 1420.67
28.3907 314.786  573.12 858.704 1140.34 1425.66
28.4879 315.786 575.083 861.645 1144.34 1430.66
28.4879 316.786 577.088  864.65 1148.34 1435.65
28.5861 317.786 579.088  867.65  1152.3 1440.59
28.5861 318.874  581.07  870.65  1156.3 1445.52
28.6832 319.874 583.044  873.65 1160.22 1450.52
28.6832 320.961 585.044 876.619 1164.17 1455.52
28.7794 321.961 587.007  879.56 1168.17 1460.52
28.7794 323.041 588.976 882.511 1172.17 1465.52
28.7794 324.126 590.955 885.511  1176.1 1470.52
 28.876 325.126 592.955 888.481  1180.1 1475.46
28.9724 326.126 594.934 891.481  1184.1 1480.38
28.9724 327.126 596.934  894.49  1188.1 1485.38
29.0636 328.156 598.813  897.49  1192.1 1490.38
29.1594 329.156 600.787  900.49 1196.03 1495.38
29.2538 330.222 602.787  903.49 1200.03 1500.22
29.2538 331.311 604.787  906.49 1203.99 1505.17
29.2538 332.395 606.765  909.49 1207.93 1510.17
29.3444 333.425 608.645  912.49 1211.93 1515.17
29.4364  334.47 610.645 915.352 1215.93 1520.17
29.4364 335.554 612.623 918.352 1219.87 1525.17
29.4364 336.641 614.623 921.326 1223.87 1530.11
29.4364 337.719 616.592 924.278 1227.87 1535.11
29.5313 338.719 618.592 927.278 1231.82 1540.05
29.5313 339.806 620.592 930.252 1235.82 1544.99
29.6253 340.806 622.566 933.252 1239.76 1549.99
29.6253 341.806 624.571 936.257 1243.76 1554.98
29.6253 342.894 626.571 939.257 1247.72 1559.94
29.6253 343.982 628.571 942.257 1251.68 1564.89
29.7185 344.982 630.571 945.223 1255.62 1569.89
29.7185 346.067 632.553 948.223 1259.62 1574.82
29.7185 347.151 634.553 951.194 1263.56 1579.82
29.7185 348.236 636.553 954.168 1267.56 1584.76
29.8102 349.236 638.517 957.112 1271.56 1589.76
29.9024 350.236 640.492 960.112  1275.5 1594.76
29.9948 351.236 642.492 963.079 1279.44 1599.76
30.0872 352.236 644.471 966.079 1283.44 1604.69
30.0872 353.236 646.478 969.079 1287.43 1609.69
30.0872 354.319  648.46 972.079 1291.43 1614.62
30.1759 355.364  650.46 974.945 1295.43 1619.62
30.1759  356.45  652.46 977.945 1299.39 1624.57
30.1759 357.531 654.438 980.945 1303.34 1629.57
 30.267 358.531 656.414 983.945 1307.27 1634.57
30.3552 359.576 658.414 986.812 1311.27 1639.57
30.3552  360.66 660.414 989.787 1315.27 1644.52
30.4462  361.66 662.414 992.753 1319.21 1649.52
30.4462 362.736 664.384 995.707 1323.21 1654.52
30.5369 363.736 666.384 998.673 1327.15 1659.52
30.6261 364.798 668.384 1001.67 1331.15 1664.36
30.7148 365.855 670.384 1004.67 1335.01 1669.36
30.8035 366.911 672.384 1007.67 1338.86 1674.36
30.8035 367.997 674.384 1010.67 1342.82 1679.32
30.8909 369.041 676.384 1013.54 1346.82 1684.32
 30.977  370.07  678.27 1016.54 1350.82 1689.32
31.0654 371.126  680.27 1019.54 1354.68 1694.32
31.0654 372.126 682.274 1022.55 1358.68 1699.31
31.1549 373.126 684.239 1025.49 1362.68 1704.31
31.1549 374.126 686.239  1028.5 1366.68 1709.31
31.1549  375.21 688.239  1031.5 1370.64 1714.26
31.2431 376.272 690.239  1034.5 1374.64 1719.11
31.3328 377.272 692.239 1037.47 1378.64 1724.05
31.3328 378.354 694.239 1040.44 1382.64 1728.99
31.3328 379.354 696.243 1043.45 1386.63 1733.99
31.3328 380.354 698.248 1046.45 1390.62 1738.99
31.4202 381.415 700.248 1049.45 1394.62 1743.84
31.4202 382.489 702.219 1052.41 1398.62 1748.84
31.4202 383.572 704.219 1055.41 1402.58  1753.8
31.5086 384.572 706.219 1058.37 1406.53  1758.8
31.5963 385.572 708.185 1061.32 1410.53  1763.8
 31.685 386.572 710.185 1064.32 1414.49 1768.75
 31.685 387.655 712.185 1067.32 1418.45 1773.71
 31.685 388.655  714.19 1070.32 1422.45  1778.7
 31.685 389.655 716.196 1073.32 1426.44 1783.69
31.7727 390.655 718.196  1076.3 1430.44 1788.63
31.7727 391.737 720.196  1079.3 1434.41 1793.59
31.8587 392.798 722.196  1082.3 1438.41 1798.44
31.8587 393.798   724.2  1085.3  1442.4 1803.44
31.9457 394.798 726.177  1088.3 1446.34 1808.44
32.0329 395.798 728.177 1091.27 1450.34 1813.38
32.0329 396.798 730.181 1094.28 1454.33 1818.38
32.1171  397.84 732.181 1097.15 1458.33 1823.38
32.1171  398.84 734.181 1100.16 1462.32 1828.38
32.1171  399.84 736.185 1103.16 1466.32 1833.38
32.1171 400.917 738.185 1106.13 1470.27 1838.38
32.1171 401.994 740.185 1109.11 1474.22 1843.38
 32.203 402.994 742.166 1112.11 1478.22 1848.31
 32.203 403.994 744.171 1115.11 1482.21 1853.31
 32.203 404.994 746.175 1118.11  1486.2 1858.31
32.2885 405.994 748.156 1121.11  1490.2 1863.25
32.2885 406.994 750.162 1124.11  1494.2 1868.24
32.2885  408.07 752.146 1127.11  1498.2 1873.18
32.2885  409.07  754.15 1130.12 1502.19 1878.18
32.3695 410.097 756.043 1133.12 1506.19 1883.18
32.3695 411.173 758.026 1136.12 1510.19 1888.12
32.3695  412.25 760.026 1139.09 1514.19 1893.07
32.3695  413.32 761.999 1142.05 1518.19 1898.07
32.4511 414.361 763.999 1144.93 1522.19 1903.07
32.4511 415.361 766.003 1147.93 1526.18 1908.07
32.5313 416.388 767.896 1150.93 1530.18 1913.07
 32.615 417.388 769.873 1153.93 1534.12 1918.07
32.6972  418.44 771.873 1156.93 1537.99 1923.07
32.6972  419.44 773.877 1159.93 1541.98 1928.07
32.6972  420.44 775.881 1162.94 1545.98 1933.06
32.6972 421.518 777.881 1165.94 1549.95 1938.02
32.7788  422.57 779.881 1168.94 1553.81 1943.02
32.7788  423.57 781.885 1171.94 1557.81 1948.01
32.8602 424.621 783.885 1174.94 1561.68 1953.01
32.9435 425.621 785.885 1177.94 1565.64 1957.97
32.9435 426.695 787.869 1180.94 1569.64 1962.91
33.0251 427.752 789.869 1183.94 1573.64 1967.77
33.1043 428.778 791.763 1186.94 1577.64 1972.77
 33.187 429.778 793.741 1189.94 1581.58 1977.77
 33.187 430.778 795.744 1192.94 1585.57 1982.77
 33.187 431.853 797.744 1195.92 1589.57 1987.72
 33.187  432.93 799.744 1198.92 1593.54 1992.68
33.2667  433.97 801.744  1201.8 1597.54 1997.68
33.2667  434.97 803.744 1204.81 1601.54 2002.67
33.3486  435.97 805.722 1207.81 1605.48 2007.67
33.4271 436.996 807.618 1210.81 1609.48 2012.67
33.4271 438.073 809.618 1213.81 1613.44 2017.63
33.4271 439.145 811.599 1216.81 1617.39 2022.63
33.4271 440.219 813.599 1219.78 1621.39 2027.58
33.5086 441.219 815.599 1222.76 1625.39 2032.53
33.5086 442.219 817.602 1225.76 1629.39 2037.52
33.5086  443.29 819.583 1228.76 1633.34 2042.52
33.5899  444.29 821.583 1231.76  1637.3 2047.47
33.5899 445.366 823.583 1234.76 1641.27 2052.43
33.6705 446.366 825.561 1237.76 1645.21 2057.43
33.6705  447.44 827.561 1240.74 1649.21 2062.38
33.7514  448.44 829.561 1243.74 1653.17 2067.34
33.7514 449.514 831.561 1246.72 1657.17 2072.29
33.8285 450.539 833.458 1249.72 1661.17 2077.29
33.8285 451.612 835.458 1252.69 1665.12 2082.29
33.8285 452.612 837.461  1255.7 1669.12 2087.28
33.9069 453.661 839.461  1258.7 1672.99 2092.28
33.9069 454.733 841.461 1261.67 1676.95 2097.28
33.9069 455.807 843.461 1264.65 1680.95 2102.23
33.9069 456.873 845.435 1267.61 1684.95 2107.23
 33.983 457.899 847.333 1270.61 1688.95 2112.23
 33.983  458.97 849.314 1273.61  1692.9 2117.23
34.0623  459.97 851.314 1276.58 1696.85 2122.23
34.1411  460.97 853.283 1279.53 1700.85 2127.23
34.1411 462.042 855.283 1282.51 1704.85 2132.18
34.1411 463.115 857.283 1285.49 1708.85 2137.13
34.1411 464.187 859.283 1288.46 1712.85 2142.08
34.2199 465.187 861.283 1291.44 1716.85 2147.03
34.2199 466.259 863.283 1294.41  1720.8 2152.03
34.2199 467.329 865.264 1297.41 1724.75 2157.03
34.2978 468.329 867.234 1300.36 1728.75 2162.03
34.3739 469.368 869.234 1303.25 1732.75 2167.03
34.3739  470.44 871.234 1306.23 1736.75 2171.98
34.3739  471.44 873.238 1309.23 1740.75 2176.97
34.4518  472.44 875.217 1312.23 1744.69 2181.97
34.5297  473.44 877.195 1315.23 1748.63 2186.97
34.5297  474.44 879.198 1318.23 1752.63 2191.97
34.6078  475.44 881.198 1321.23 1756.59 2196.93
34.6078 476.512 883.198 1324.21 1760.59 2201.88
34.6078 477.512 885.201 1327.21 1764.59 2206.88
34.6078 478.582 887.201 1330.19 1768.55 2211.88
34.6851 479.582 889.183 1333.19 1772.55 2216.82
34.7624 480.582 891.183 1336.16  1776.5 2221.82
34.8396 481.582 893.162 1339.16 1780.44 2226.82
34.8396 482.652 895.162 1342.13  1784.4 2231.82
34.9162 483.652 897.132 1345.09  1788.4 2236.82
34.9162  484.72 899.113 1348.09 1792.35 2241.82
 34.991 485.758 901.113 1350.97 1796.35 2246.82
 34.991 486.829 903.113 1353.95 1800.35 2251.77
35.0656 487.867 905.113 1356.84 1804.35 2256.77
35.0656 488.939 907.113 1359.84 1808.31 2261.73
35.1408 489.987 909.113 1362.84 1812.19 2266.73
35.1408 490.987 911.113 1365.84 1816.19 2271.73
35.2173 491.987 913.113 1368.82 1820.19 2276.68
35.2173 492.987 915.116 1371.82 1824.19 2281.67
35.2922 494.035 917.116 1374.82 1828.06 2286.67
35.2922 495.099 919.092 1377.78 1832.06 2291.67
35.2922 496.169 921.092 1380.76 1836.06 2296.62
35.3671 497.222 923.092 1383.76 1840.06  2301.5
35.3671 498.291 925.076 1386.76 1844.06 2306.44
35.4414 499.338 927.076 1389.76 1847.94 2311.44
35.4414 500.407  929.06 1392.76 1851.94 2316.39
35.5171 501.407  931.06 1395.73 1855.89 2321.39
35.5926 502.407 933.039 1398.73 1859.84 2326.39
35.6678 503.407  935.01 1401.69 1863.84 2331.39
35.7434 504.407 936.992 1404.69 1867.84 2336.33
35.8176 505.455 938.992 1407.69 1871.72 2341.33
35.8911 506.492 940.992 1410.57 1875.72 2346.33
35.8911  507.56 942.976 1413.57 1879.72 2351.28
35.8911 508.629 944.976 1416.55 1883.72 2356.23
35.8911   509.7 946.976 1419.55 1887.68  2361.2
35.9663   510.7 948.976 1422.53 1891.68 2366.15
36.0413   511.7 950.955 1425.53 1895.63 2371.15
36.0413 512.768 952.955  1428.5 1899.59 2376.15
36.1162 513.768 954.935  1431.5 1903.53 2381.15
36.1162 514.836 956.935 1434.48 1907.49 2386.15
36.1913 515.836 958.935 1437.48 1911.45 2391.11
36.1913 516.836 960.938 1440.48 1915.45 2396.11
36.2662 517.836 962.938 1443.48 1919.41 2401.07
36.2662 518.836 964.941 1446.48 1923.41 2406.06
36.2662 519.904 966.941 1449.46 1927.37 2411.06
36.2662 520.904 968.941 1452.47 1931.36 2416.06
36.3405 521.904 970.941 1455.44 1935.36 2421.01
36.4127  522.94 972.941 1458.33 1939.36 2426.01
36.4849 523.977 974.941 1461.22 1943.36 2431.01
36.5577 525.023 976.941 1464.22 1947.25 2436.01
36.5577 526.093 978.941 1467.22 1951.21 2440.97
36.5577 527.159 980.924 1470.22 1955.16 2445.97
36.6287 528.182 982.829 1473.22 1959.16 2450.97
36.6287 529.182 984.832 1476.23 1963.16 2455.97
36.6287 530.182 986.835 1479.23 1967.16 2460.97
36.6287 531.182 988.839 1482.23 1971.15 2465.97
36.6287 532.244 990.815 1485.19 1975.15 2470.97
36.6287  533.31 992.815 1488.17 1979.11 2475.97
36.6999 534.347 994.815 1491.06 1983.11 2480.97
36.7718 535.393 996.815 1494.06 1986.99 2485.97
36.7718 536.393 998.818 1497.06 1990.99 2490.96
36.8447 537.393  1000.8 1500.06 1994.94 2495.96
36.9164 538.439  1002.8 1503.06 1998.82 2500.96
36.9164 539.503 1004.78 1506.06 2002.77 2505.96
36.9164  540.57 1006.78 1509.04 2006.73 2510.96
36.9164 541.636 1008.78 1512.02 2010.73 2515.92
36.9164 542.703 1010.78    1515 2014.73 2520.87
 36.986 543.727 1012.69    1518 2018.73 2525.87
 36.986 544.727 1014.69    1521 2022.73 2530.87
37.0583 545.727 1016.69 1523.97 2026.68 2535.87
37.1308 546.727 1018.69 1526.97 2030.65 2540.83
37.1308 547.727 1020.69 1529.98 2034.64 2545.83
37.1308 548.792 1022.68 1532.98 2038.64 2550.78
37.2001 549.815 1024.58 1535.98 2042.64 2555.78
37.2721 550.815 1026.58 1538.95 2046.59 2560.78
37.3442 551.815 1028.58 1541.93 2050.59 2565.74
37.3442 552.815 1030.59 1544.93 2054.59 2570.73
37.3442  553.88 1032.59 1547.91 2058.55 2575.73
37.3442  554.88 1034.59 1550.91 2062.55 2580.73
37.4157  555.88 1036.57 1553.91 2066.55 2585.67
37.4873  556.88 1038.57 1556.88 2070.51 2590.67
37.4873  557.94 1040.55 1559.84 2074.51 2595.67
37.5587  558.94 1042.53 1562.84 2078.46 2600.67
37.6283 559.976 1044.53 1565.74 2082.46 2605.67
37.6993 560.976  1046.5  1568.7 2086.46 2610.67
37.7707 561.976 1048.48  1571.7 2090.46 2615.62
37.7707 562.976 1050.49  1574.7 2094.45 2620.62
37.8408  564.02 1052.49  1577.7 2098.34 2625.62
37.8408 565.085 1054.49 1580.68 2102.34 2630.57
37.9116 566.085 1056.46 1583.63 2106.34 2635.57
37.9116 567.085 1058.46 1586.64 2110.34 2640.57
37.9116 568.085 1060.46 1589.64 2114.34 2645.57
37.9825 569.085 1062.45 1592.64 2118.34 2650.51
37.9825 570.151 1064.45 1595.64  2122.3 2655.48
38.0529 571.151 1066.42 1598.59  2126.3 2660.48
38.0529 572.215 1068.42 1601.57  2130.3 2665.44
38.0529 573.274  1070.4 1604.54  2134.3 2670.44
38.0529 574.274  1072.4 1607.54  2138.3 2675.44
38.1223 575.322  1074.4 1610.54  2142.3 2680.32
38.1223 576.322  1076.4 1613.54 2146.29 2685.32
38.1925 577.322 1078.38 1616.54 2150.29 2690.26
38.2618  578.37 1080.38 1619.54 2154.29 2695.15
38.2618 579.434 1082.38 1622.52 2158.29  2700.1
38.2618 580.497 1084.38  1625.5 2162.25  2705.1
38.3309 581.545 1086.38  1628.5 2166.25 2709.99
38.3309 582.545 1088.39  1631.5 2170.25 2714.99
 38.401 583.545 1090.39  1634.5 2174.22 2719.95
38.4699 584.593 1092.39  1637.5 2178.22 2724.83
38.5398 585.593 1094.39 1640.47 2182.17 2729.83
38.6085 586.636 1096.39 1643.47 2186.06 2734.83
38.6783 587.636 1098.39 1646.45 2190.02 2739.83
38.7482 588.636 1100.39 1649.42 2193.97 2744.83
38.8181 589.636 1102.39  1652.4 2197.93 2749.83
38.8867 590.679 1104.39  1655.4 2201.82 2754.83
38.8867 591.742 1106.39 1658.38 2205.82 2759.79
38.9564 592.742 1108.37 1661.38 2209.82 2764.74
39.0261 593.742 1110.35 1664.38 2213.77 2769.74
39.0261 594.742 1112.35 1667.38 2217.76 2774.74
39.0957 595.742 1114.35 1670.35 2221.72 2779.74
39.0957 596.805 1116.35 1673.33 2225.72  2784.7
39.0957 597.867 1118.35 1676.31 2229.72 2789.65
39.1625 598.889 1120.27 1679.31 2233.72 2794.65
39.2301 599.923 1122.27 1682.21 2237.72 2799.65
39.2301 600.985 1124.27 1685.18 2241.68 2804.65
39.2301 602.047 1126.27 1688.16 2245.64 2809.65
39.2988 603.047 1128.24 1691.12 2249.64 2814.65
39.2988 604.047 1130.24 1694.12 2253.64 2819.65
39.3661  605.08 1132.24 1697.02 2257.64 2824.65
39.4333 606.114 1134.24 1699.92 2261.64 2829.65
39.5025 607.114 1136.24 1702.92  2265.6 2834.62
39.5025 608.114 1138.24 1705.92  2269.6 2839.62
39.5705  609.16 1140.24 1708.92  2273.6  2844.5
39.6382 610.202 1142.24 1711.92 2277.49  2849.5
39.6382 611.202 1144.25 1714.92 2281.49  2854.5
39.7068 612.202 1146.23 1717.92 2285.44  2859.5
39.7744 613.245 1148.23 1720.92 2289.33  2864.5
39.7744 614.308 1150.23 1723.92  2293.3 2869.47
39.7744 615.371 1152.23 1726.92 2297.26 2874.44
39.8418 616.413 1154.23 1729.92 2301.16 2879.44
39.8418  617.47 1156.21 1732.89 2305.16 2884.44
39.9098  618.47 1158.18 1735.85 2309.16 2889.44
39.9783  619.47 1160.18 1738.85 2313.12  2894.4
39.9783  620.47 1162.18 1741.85 2317.12  2899.4
39.9783  621.47 1164.19 1744.85 2321.11  2904.4
39.9783 622.526 1166.17 1747.81 2325.11  2909.4
40.0464 623.526 1168.17 1750.79 2329.07  2914.4
40.1133 624.568 1170.17 1753.79 2332.96  2919.4
40.1133 625.629 1172.17 1756.77 2336.96 2924.36
40.1788  626.65 1174.08 1759.77 2340.96 2929.36
40.2466  627.65 1176.06 1762.77 2344.91 2934.36
40.3134 628.692 1178.06 1765.77 2348.81 2939.36
40.3134 629.754 1180.06 1768.77 2352.77 2944.33
40.3787 630.775 1181.98 1771.77 2356.77 2949.33
40.3787 631.835 1183.96 1774.77 2360.77 2954.28
40.3787 632.898 1185.96 1777.77 2364.74 2959.25
40.3787 633.958 1187.96 1780.75 2368.71 2964.25
40.4461 634.958 1189.94 1783.75 2372.66 2969.25
40.4461 636.014 1191.92 1786.71 2376.66 2974.25
40.5134 637.014 1193.92 1789.69 2380.61 2979.25
40.5809 638.014 1195.92 1792.69 2384.58 2984.22
40.5809 639.069  1197.9 1795.65 2388.58 2989.22
40.5809 640.069  1199.9 1798.65 2392.58 2994.22
40.5809 641.069 1201.91 1801.66 2396.57 2999.22
40.6479 642.069 1203.89 1804.66 2400.57 3004.17
40.7146 643.069 1205.86 1807.61 2404.57 3009.17
40.7146 644.069 1207.87 1810.61 2408.57 3014.17
40.7146 645.129 1209.87 1813.59 2412.53 3019.17
40.7146 646.129 1211.87 1816.59 2416.53 3024.16
40.7804 647.173 1213.87 1819.59 2420.53 3029.05
40.7804 648.173 1215.87  1822.6 2424.52 3034.05
40.7804 649.231 1217.86  1825.6 2428.48 3039.05
40.7804 650.286 1219.84 1828.56 2432.48 3044.05
40.8467 651.286 1221.82 1831.56 2436.43 3049.05
40.8467 652.286 1223.82 1834.57 2440.43 3054.05
40.9131 653.286 1225.82 1837.57  2444.4 3059.02
40.9131 654.346 1227.82 1840.55  2448.4 3063.98
40.9131 655.346 1229.83 1843.55 2452.39 3068.98
40.9788 656.346  1231.8 1846.51 2456.39 3073.98
41.0449 657.346  1233.8 1849.51 2460.36 3078.94
41.0449 658.346  1235.8 1852.51 2464.35 3083.94
41.0449 659.404  1237.8 1855.49 2468.32 3088.94
41.1097 660.445  1239.8 1858.49 2472.21 3093.94
41.1097 661.445 1241.81 1861.49 2476.21 3098.94
41.1755 662.445 1243.81 1864.47 2480.21  3103.9
41.2412 663.445 1245.81 1867.44 2484.17  3108.9
41.3069 664.445 1247.81 1870.42 2488.17 3113.85
41.3727 665.445 1249.81  1873.4 2492.17 3118.81
41.4368 666.476 1251.81  1876.3 2496.17 3123.81
41.4368 667.476 1253.81  1879.3 2500.17 3128.81
41.4368 668.534  1255.8  1882.3 2504.17 3133.77
41.4368 669.594  1257.8  1885.3 2508.14 3138.74
41.4368 670.652  1259.8 1888.28  2512.1 3143.74
 41.502 671.652 1261.78 1891.28 2516.05 3148.74
41.5673 672.652 1263.78 1894.26 2520.01 3153.74
41.5673 673.652 1265.78 1897.26 2524.01 3158.74
41.6317 674.695 1267.78 1900.26 2528.01 3163.63
41.6969 675.695 1269.78 1903.23 2531.97 3168.63
41.7623 676.695 1271.78 1906.23 2535.93  3173.6
41.8252 677.715 1273.69 1909.23 2539.93  3178.6
41.8882 678.735 1275.61 1912.23 2543.93  3183.6
41.8882 679.791  1277.6 1915.23 2547.89  3188.6
41.9524 680.834  1279.6 1918.23 2551.89 3193.49
42.0176 681.834  1281.6 1921.21 2555.89 3198.45
42.0816 682.874  1283.6 1924.21 2559.79 3203.45
42.0816 683.874  1285.6 1927.22 2563.78 3208.45
42.0816 684.933  1287.6 1930.22 2567.76 3213.42
42.0816 685.989 1289.58 1933.22 2571.71 3218.42
42.0816 686.989 1291.59 1936.22 2575.71 3223.42
42.0816 687.989 1293.59 1939.22 2579.71 3228.42
42.1459 688.989 1295.56 1942.18 2583.71 3233.42
42.1459 690.045 1297.55 1945.18 2587.71 3238.38
42.1459 691.045 1299.55 1948.18  2591.7 3243.38
42.2095 692.088 1301.55 1951.18  2595.7 3248.27
42.2728 693.127 1303.55 1954.18  2599.6 3253.27
42.2728 694.127 1305.56 1957.18  2603.6 3258.27
42.2728 695.127 1307.56 1960.18  2607.6 3263.26
42.2728 696.127 1309.56 1963.18 2611.59 3268.26
42.2728 697.127 1311.56 1966.19 2615.59 3273.26
42.2728 698.127 1313.56 1969.19 2619.59 3278.26
42.2728 699.127 1315.56 1972.19 2623.58 3283.26
42.2728 700.183 1317.55 1975.19 2627.58 3288.22
42.2728 701.241 1319.55 1978.19 2631.56 3293.19
42.3363 702.241 1321.53 1981.19 2635.51 3298.19
42.3996 703.241 1323.51 1984.15 2639.51 3303.19
42.3996 704.241 1325.51 1987.16  2643.5 3308.19
42.4617 705.272 1327.51 1990.07  2647.5 3313.19
42.4617 706.272 1329.51 1993.07  2651.5 3318.18
42.4617 707.272 1331.51 1996.07  2655.5 3323.18
42.4617 708.272 1333.52 1999.07  2659.5 3328.18
42.4617 709.323  1335.5 2002.04  2663.5 3333.18
42.4617 710.381  1337.5 2005.04 2667.47 3338.15
42.5233 711.411  1339.5 2007.94 2671.47 3343.15
42.5862 712.411 1341.48 2010.94 2675.43 3348.15
42.6493 713.411 1343.48 2013.92 2679.43 3353.11
42.6493 714.411 1345.48 2016.92 2683.42 3358.11
42.7115 715.453 1347.48 2019.92 2687.42 3363.01
42.7736 716.495 1349.48 2022.92 2691.42  3367.9
42.8365 717.495 1351.47 2025.92 2695.38  3372.9
42.8994 718.495 1353.45 2028.92 2699.38 3377.86
42.9609 719.525 1355.45 2031.83 2703.38 3382.86
42.9609 720.579 1357.44 2034.83 2707.38 3387.81
42.9609 721.579 1359.44 2037.83 2711.38 3392.81
42.9609 722.579 1361.44 2040.83 2715.38 3397.81
43.0234 723.579 1363.42 2043.83 2719.33 3402.81
43.0861 724.579 1365.41 2046.83 2723.33 3407.76
43.0861 725.635 1367.41 2049.81 2727.33 3412.72
43.1479 726.676 1369.41 2052.81 2731.33 3417.62
43.2104 727.676 1371.39 2055.81 2735.29 3422.62
43.2715 728.706 1373.39 2058.72 2739.29 3427.62
 43.334 729.706 1375.38 2061.72 2743.24 3432.62
43.3962 730.706 1377.35 2064.69 2747.24 3437.62
43.4588 731.706 1379.35 2067.66  2751.2 3442.62
43.4588 732.759 1381.34 2070.66 2755.16 3447.62
43.5212 733.759 1383.32 2073.66 2759.16 3452.57
43.5823 734.789 1385.32 2076.57 2763.16 3457.57
43.6448 735.789 1387.32 2079.55 2767.12 3462.57
43.6448 736.843 1389.32 2082.53 2771.12 3467.54
43.6448 737.894  1391.3  2085.5 2775.12 3472.54
43.7068 738.894 1393.28 2088.46 2779.12 3477.54
43.7068 739.894 1395.28 2091.46 2783.12 3482.54
43.7068 740.894 1397.28 2094.46 2787.12 3487.53
43.7689 741.894 1399.28 2097.44 2791.12 3492.49
 43.831 742.894 1401.27 2100.44 2795.12 3497.45
 43.831 743.948 1403.27 2103.42 2799.12 3502.41
43.8932 744.948 1405.27 2106.42 2803.09 3507.38
43.9553 745.948 1407.27 2109.42 2807.06 3512.34
43.9553 747.004 1409.27 2112.42 2811.04 3517.32
43.9553 748.058 1411.27  2115.4    2815 3522.32
43.9553 749.112 1413.27 2118.38 2818.97 3527.32
43.9553 750.166 1415.27 2121.36 2822.97 3532.28
43.9553 751.166 1417.27 2124.37 2826.96 3537.28
43.9553 752.222 1419.27 2127.37 2830.94 3542.25
44.0148  753.24 1421.19 2130.37 2834.94 3547.25
44.0148 754.295 1423.19 2133.35 2838.94 3552.22
44.0148 755.295 1425.19 2136.35 2842.93 3557.22
44.0148 756.349 1427.19 2139.33 2846.93 3562.18
44.0148 757.403 1429.19 2142.31 2850.93 3567.14
44.0148 758.456 1431.19 2145.29  2854.9 3572.14
44.0759 759.456 1433.18 2148.29  2858.9  3577.1
44.1363 760.497 1435.18 2151.29  2862.9    3582
44.1363 761.497 1437.18 2154.29 2866.89    3587
 44.197 762.497 1439.16 2157.26 2870.89    3592
 44.197 763.549 1441.15 2160.26 2874.89 3596.96
 44.258 764.549 1443.15 2163.26 2878.86 3601.93
 44.258 765.603 1445.15 2166.24 2882.83 3606.93
 44.319 766.603 1447.15 2169.24  2886.8 3611.89
44.3798 767.603 1449.15 2172.22  2890.8 3616.85
44.3798 768.655 1451.13 2175.22 2894.76 3621.85
44.4406 769.655 1453.13  2178.2 2898.76 3626.81
44.4406 770.707 1455.12  2181.2 2902.76 3631.77
44.5004 771.744 1457.12  2184.2 2906.67 3636.77
44.5603 772.784 1459.12  2187.2 2910.67 3641.68
44.5603 773.839 1461.12  2190.2 2914.64 3646.65
44.6202 774.879 1463.12  2193.2 2918.64 3651.55
44.6202 775.879 1465.12  2196.2 2922.64 3656.55
44.6202 776.928  1467.1 2199.17 2926.64 3661.55
44.6202 777.928  1469.1 2202.17 2930.64 3666.54
44.6202 778.977 1471.08 2205.14 2934.64 3671.54
44.6791 780.006 1473.08 2208.05 2938.64 3676.54
44.6791 781.055 1475.06 2211.02 2942.64 3681.54
44.7393 782.055 1477.06    2214  2946.6 3686.54
44.7393 783.055 1479.06    2217  2950.6 3691.54
44.7985 784.091 1481.06    2220  2954.5 3696.54
44.8567 785.109 1482.99    2223  2958.5 3701.54
44.9168 786.109 1484.99 2225.98  2962.5  3706.5
44.9762 787.149 1486.99 2228.98  2966.5 3711.41
45.0363 788.149 1488.99 2231.96 2970.46 3716.41
45.0964 789.149 1490.99 2234.94 2974.42 3721.41
45.1556 790.185 1492.99 2237.94 2978.33 3726.41
45.1556 791.185 1494.99 2240.94 2982.33 3731.41
45.2155 792.185 1496.97 2243.94 2986.28 3736.41
45.2155 793.233 1498.96 2246.91 2990.28 3741.41
45.2751 794.233 1500.93 2249.87 2994.28 3746.41
45.2751 795.233 1502.94 2252.87 2998.28  3751.4
45.2751 796.233 1504.94 2255.87 3002.28  3756.4
45.2751 797.287 1506.94 2258.87 3006.26 3761.37
45.2751 798.336 1508.92 2261.84 3010.26 3766.37
45.3328 799.354 1510.84 2264.84 3014.26 3771.37
45.3328 800.407 1512.84 2267.84 3018.23 3776.34
45.3917 801.446 1514.84 2270.84 3022.23 3781.25
45.3917 802.446 1516.85 2273.84 3026.23 3786.25
45.4508 803.446 1518.82 2276.81 3030.23 3791.25
45.4508 804.499 1520.82 2279.79 3034.23 3796.21
45.5103 805.499 1522.82 2282.79  3038.2 3801.18
45.5103 806.499 1524.82 2285.79  3042.2 3806.18
 45.569 807.538 1526.82 2288.79  3046.2 3811.08
 45.569 808.591 1528.82 2291.79 3050.17 3816.05
45.6282 809.591 1530.82 2294.77 3054.17 3821.01
45.6875 810.591 1532.82 2297.77 3058.14 3825.98
45.7461  811.63 1534.82 2300.77 3062.14 3830.89
45.7461  812.63 1536.83 2303.77 3066.14 3835.88
45.7461 813.681 1538.83 2306.75 3070.11 3840.88
45.8039 814.709 1540.83 2309.66 3074.11 3845.88
45.8629 815.709 1542.81 2312.66 3078.11 3850.84
45.8629 816.709 1544.81 2315.67 3082.11 3855.84
45.8629 817.709 1546.82 2318.67  3086.1 3860.84
 45.921 818.745 1548.82 2321.67 3090.01 3865.84
 45.921 819.795  1550.8 2324.67 3093.97 3870.84
 45.921 820.845 1552.79 2327.67 3097.94 3875.84
 45.921 821.897 1554.79 2330.65 3101.94  3880.8
45.9794 822.897 1556.77 2333.61 3105.94  3885.8
45.9794 823.944 1558.75 2336.59 3109.94  3890.8
45.9794 824.992 1560.73 2339.56 3113.94  3895.8
45.9794 825.992 1562.73 2342.56 3117.93  3900.8
45.9794 826.992 1564.74 2345.56 3121.93  3905.8
45.9794 827.992 1566.74 2348.56 3125.93  3910.8
46.0374 828.992 1568.71 2351.52 3129.93  3915.8
46.0374 829.992 1570.72 2354.53 3133.93  3920.8
46.0944 831.019 1572.72 2357.44 3137.93  3925.8
46.0944 832.019 1574.72 2360.44 3141.93  3930.8
46.1526 833.019 1576.72 2363.42 3145.93 3935.76
46.2101 834.057 1578.72 2366.42 3149.93 3940.66
46.2101 835.057 1580.72 2369.42 3153.93 3945.66
46.2101 836.108 1582.72  2372.4 3157.93 3950.63
46.2675 837.146 1584.72  2375.4 3161.93 3955.53
46.2675 838.146 1586.72 2378.41 3165.92 3960.53
46.3246 839.181 1588.72 2381.41 3169.83 3965.53
46.3824 840.181 1590.71 2384.41 3173.79 3970.53
46.3824 841.228 1592.69 2387.38 3177.79 3975.53
46.4403 842.228 1594.67 2390.38 3181.79 3980.49
46.4403 843.228 1596.67 2393.38 3185.79 3985.49
46.4403 844.228 1598.68 2396.38 3189.78 3990.49
46.4977 845.228 1600.65 2399.34 3193.78 3995.49
46.5537 846.245 1602.58 2402.34 3197.78 4000.49
46.6096 847.263 1604.51 2405.34 3201.78 4005.49
46.6096 848.313 1606.51 2408.33 3205.78 4010.46
46.6096 849.362 1608.49 2411.33 3209.75 4015.46
 46.666  850.39 1610.49 2414.24 3213.75 4020.46
46.7219 851.407 1612.42 2417.24 3217.75 4025.46
46.7782 852.434 1614.42 2420.16 3221.75 4030.46
46.7782 853.434 1616.42 2423.16 3225.75 4035.46
46.7782 854.483 1618.41 2426.16 3229.71 4040.46
46.7782 855.483 1620.41 2429.16 3233.71 4045.46
46.8355 856.483 1622.39 2432.16 3237.71 4050.41
46.8355 857.533 1624.38 2435.16 3241.71 4055.38
46.8926 858.533 1626.36 2438.13 3245.71 4060.38
46.9481  859.55 1628.29 2441.13 3249.71 4065.38
47.0037 860.567 1630.21 2444.13 3253.71 4070.38
47.0611 861.567 1632.21 2447.13 3257.68 4075.35
47.0611 862.567 1634.22 2450.13 3261.68 4080.34
47.0611 863.616  1636.2 2453.13 3265.65 4085.34
47.0611 864.666  1638.2 2456.11 3269.65 4090.31
47.0611 865.666  1640.2 2459.11 3273.65 4095.31
47.1182 866.666  1642.2 2462.11 3277.62 4100.28
47.1182 867.666  1644.2 2465.12 3281.62 4105.28
 47.174 868.693  1646.2 2468.03 3285.62 4110.28
 47.174 869.693 1648.21 2471.03 3289.62 4115.28
47.2309 870.693 1650.21 2474.01 3293.62 4120.24
47.2309 871.744 1652.21 2477.01 3297.59 4125.21
 47.287  872.78 1654.21 2480.01 3301.59 4130.12
 47.287  873.83 1656.21    2483 3305.56 4135.12
47.3426 874.857 1658.21 2485.91 3309.56 4140.12
47.3426 875.857 1660.21 2488.91 3313.56 4145.12
47.3426 876.905  1662.2 2491.91 3317.56 4150.08
47.3426 877.954 1664.18 2494.91 3321.56 4155.05
47.3426 879.002 1666.17 2497.91 3325.52 4160.05
47.3426 880.002 1668.17 2500.92 3329.52 4165.05
47.3989 881.002 1670.15 2503.92 3333.48 4170.05
47.4545 882.036 1672.15 2506.92 3337.39 4175.05
 47.511 883.036 1674.15 2509.92 3341.37 4180.02
47.5674 884.036 1676.15 2512.89 3345.33 4185.02
47.5674 885.085 1678.15 2515.88  3349.3 4190.02
47.5674 886.085 1680.16 2518.88  3353.3 4195.01
47.5674 887.085 1682.16 2521.88  3357.3 4200.02
47.6233 888.085 1684.13 2524.84  3361.3 4205.02
47.6233 889.135 1686.13 2527.84 3365.27 4209.99
47.6233 890.135 1688.14 2530.84 3369.27 4214.99
47.6794 891.135 1690.14 2533.83 3373.27 4219.95
47.7354 892.135 1692.12 2536.83 3377.23 4224.95
47.7908 893.172 1694.12 2539.83 3381.23 4229.86
47.8468 894.172 1696.11 2542.83 3385.19 4234.86
47.8468 895.172 1698.11 2545.83 3389.19 4239.86
47.8468 896.222 1700.11 2548.83 3393.17 4244.83
47.8468 897.222 1702.11 2551.83 3397.17 4249.83
47.9021 898.258 1704.11 2554.83 3401.17 4254.74
47.9021 899.303 1706.09  2557.8 3405.17 4259.74
47.9021 900.353 1708.09  2560.8 3409.14 4264.71
47.9021 901.402 1710.09 2563.78 3413.14 4269.68
47.9021  902.45 1712.09 2566.76 3417.11 4274.68
47.9577  903.45 1714.09 2569.74 3421.11 4279.64
47.9577 904.498 1716.08 2572.74 3425.11 4284.61
47.9577 905.546 1718.07 2575.74 3429.11 4289.57
48.0131 906.546 1720.05 2578.74 3433.07 4294.57
48.0685 907.546 1722.05 2581.72 3437.04 4299.57
48.1241 908.546 1724.05 2584.72 3441.01 4304.54
48.1241 909.546 1726.05 2587.73 3445.01 4309.54
48.1241 910.595 1728.05 2590.71 3449.01 4314.51
48.1778 911.611 1729.98 2593.71 3453.01 4319.51
48.1778 912.659 1731.97 2596.71 3457.01 4324.48
48.1778 913.708 1733.97 2599.69 3461.01 4329.44
 48.233 914.708 1735.96 2602.69 3465.01  4334.4
48.2882 915.708 1737.94 2605.69 3468.97  4339.4
48.2882 916.757 1739.94 2608.69 3472.95 4344.38
48.3427 917.793 1741.94 2611.69 3476.95 4349.29
48.3427 918.838 1743.92 2614.67 3480.95 4354.29
48.3978 919.838 1745.92 2617.64 3484.91 4359.29
48.4529 920.838 1747.92 2620.62 3488.91 4364.25
48.4529 921.838 1749.92 2623.63 3492.91 4369.25
48.4529 922.838 1751.92 2626.63 3496.91 4374.25
48.4529 923.838 1753.93 2629.63  3500.9 4379.25
48.5078 924.838 1755.93 2632.61  3504.9 4384.21
48.5627 925.838 1757.91 2635.61 3508.86 4389.21
48.5627 926.887 1759.91 2638.61 3512.84 4394.19
48.5627 927.934  1761.9 2641.61 3516.81 4399.19
48.6172 928.934 1763.88 2644.58 3520.81 4404.19
 48.672 929.934 1765.88 2647.56 3524.77 4409.19
48.7265 930.934 1767.86 2650.52 3528.77 4414.19
48.7797  931.95 1769.79 2653.52 3532.77 4419.19
48.7797 932.999 1771.79 2656.52 3536.75 4424.16
48.7797 933.999 1773.79 2659.52 3540.75 4429.16
48.8344 934.999 1775.79  2662.5 3544.75 4434.13
48.8344 936.043 1777.77 2665.48 3548.75 4439.13
48.8879 937.069 1779.77  2668.4 3552.75 4444.13
48.8879 938.069 1781.77  2671.4 3556.75 4449.12
48.8879 939.069 1783.77  2674.4 3560.75 4454.12
48.9423 940.069 1785.76  2677.4 3564.75 4459.08
48.9961 941.101 1787.76  2680.4 3568.66 4464.08
48.9961 942.148 1789.76 2683.38 3572.63 4469.08
48.9961 943.148 1791.76 2686.38 3576.63 4474.08
49.0504 944.148 1793.76 2689.36 3580.63 4479.05
49.1042 945.183 1795.76 2692.36 3584.63 4483.96
49.1042 946.232 1797.76 2695.36  3588.6 4488.93
49.1042 947.232 1799.77 2698.36  3592.6 4493.93
49.1577 948.264 1801.77 2701.36 3596.52 4498.93
49.1577 949.264 1803.77 2704.36 3600.52 4503.93
49.1577  950.31 1805.75 2707.36 3604.49 4508.93
49.1577  951.31 1807.76 2710.37 3608.48 4513.93
49.1577 952.356 1809.74 2713.37 3612.45 4518.93
49.2117 953.356 1811.74 2716.34 3616.42 4523.93
49.2117 954.402 1813.73 2719.34 3620.42 4528.89
49.2657 955.402 1815.73 2722.33 3624.42 4533.86
49.3189 956.434 1817.73 2725.33 3628.33 4538.86
49.3727 957.434 1819.72 2728.33 3632.29 4543.86
49.4264 958.434  1821.7 2731.29 3636.29 4548.86
49.4803 959.434 1823.68 2734.29 3640.29 4553.82
49.4803 960.434 1825.68  2737.3 3644.29 4558.82
49.4803 961.434 1827.68  2740.3 3648.29 4563.82
49.4803 962.479 1829.67  2743.3 3652.25 4568.82
49.4803 963.479 1831.67  2746.3 3656.25 4573.82
49.5334 964.514 1833.67  2749.3 3660.25 4578.73
49.5334  965.56 1835.66  2752.3 3664.22 4583.73
49.5868  966.56 1837.64 2755.26 3668.22 4588.73
49.5868  967.56 1839.64 2758.27 3672.21 4593.73
49.6404  968.56 1841.64 2761.25 3676.21  4598.7
49.6404 969.606 1843.64 2764.23 3680.19  4603.7
 49.694 970.606 1845.64 2767.21 3684.19 4608.66
 49.694 971.652 1847.64  2770.2 3688.19 4613.63
 49.694 972.699 1849.64 2773.18 3692.16 4618.63
 49.694 973.745 1851.64 2776.16 3696.16  4623.6
49.7473 974.745 1853.63 2779.16 3700.16 4628.56
49.8006 975.745 1855.61 2782.16 3704.12 4633.56
49.8534  976.78 1857.61 2785.16 3708.12 4638.47
49.8534 977.826 1859.61 2788.15 3712.09 4643.47
49.9066 978.826  1861.6 2791.15 3716.05 4648.47
49.9066 979.873  1863.6 2794.15 3720.03 4653.45
49.9066 980.873  1865.6 2797.15 3724.03 4658.45
49.9066 981.919  1867.6 2800.13    3728 4663.45
49.9066 982.965 1869.59 2803.13    3732 4668.41
49.9586  983.99 1871.59 2806.05    3736 4673.41
50.0114  984.99 1873.57 2809.02    3740 4678.41
50.0638 986.021 1875.57 2812.02 3743.92 4683.41
50.1163 987.056 1877.57 2815.02 3747.92 4688.33
50.1692 988.056 1879.55 2817.99 3751.92 4693.33
50.1692 989.103 1881.55 2820.99 3755.89  4698.3
50.1692 990.149 1883.53 2823.99 3759.89 4703.27
50.2216 991.183 1885.53 2826.99 3763.89 4708.18
50.2746 992.183 1887.53 2829.99 3767.87 4713.15
50.2746 993.183 1889.53 2832.99 3771.87 4718.15
 50.327 994.217 1891.53 2835.99 3775.87 4723.07
50.3796 995.217 1893.51 2838.96 3779.87 4728.07
 50.432 996.252 1895.51 2841.96 3783.87 4732.98
50.4834 997.267 1897.45 2844.96 3787.87 4737.98
50.4834 998.267 1899.45 2847.96 3791.86 4742.98
50.5363 999.267 1901.45 2850.94 3795.86 4747.94
50.5886  1000.3 1903.45 2853.94 3799.86 4752.86
50.5886 1001.35 1905.44 2856.94 3803.86 4757.82
50.6408 1002.38 1907.44 2859.94 3807.86 4762.74
50.6408 1003.38 1909.44 2862.94 3811.86 4767.74
50.6408 1004.38 1911.44 2865.94 3815.86 4772.74
50.6936 1005.38 1913.44 2868.94 3819.84 4777.71
50.7462 1006.38 1915.44 2871.92  3823.8 4782.71
50.7987 1007.38 1917.42 2874.89  3827.8 4787.71
50.7987 1008.43 1919.41 2877.89  3831.8 4792.67
50.8514 1009.43 1921.41 2880.89 3835.78 4797.65
50.8514 1010.47 1923.41 2883.87 3839.75 4802.65
50.9039 1011.47 1925.41 2886.85 3843.72 4807.65
 50.955 1012.49 1927.34 2889.85 3847.72 4812.65
 50.955 1013.53 1929.34 2892.84 3851.72 4817.62
51.0061 1014.55 1931.28 2895.84 3855.72 4822.62
51.0585 1015.55 1933.26 2898.84 3859.68 4827.62
51.0585 1016.59 1935.26 2901.82 3863.65 4832.62
51.1109 1017.59 1937.26  2904.8 3867.62 4837.62
51.1109 1018.59 1939.26  2907.8 3871.62 4842.61
51.1109 1019.64 1941.26 2910.79 3875.62 4847.58
51.1628 1020.67 1943.26 2913.79 3879.62  4852.5
51.1628 1021.67 1945.26 2916.79 3883.62  4857.5
51.1628 1022.67 1947.27 2919.79 3887.62  4862.5
51.1628 1023.67 1949.27 2922.79 3891.61  4867.5
51.1628 1024.72 1951.27 2925.77 3895.61 4872.47
51.1628 1025.72 1953.27 2928.77 3899.61 4877.46
51.2142 1026.75 1955.27 2931.77 3903.53 4882.46
51.2662 1027.75 1957.25 2934.77 3907.53 4887.42
51.2662 1028.79 1959.24 2937.77 3911.53 4892.39
51.2662 1029.79 1961.25 2940.77 3915.53 4897.39
51.3182 1030.79 1963.25 2943.77 3919.51 4902.36
51.3688 1031.81 1965.18 2946.77 3923.51 4907.36
51.4198 1032.83 1967.18  2949.7 3927.51 4912.36
51.4708 1033.86 1969.18 2952.62 3931.51 4917.36
51.5218 1034.88 1971.18 2955.55 3935.51 4922.36
51.5727  1035.9 1973.18 2958.47 3939.51 4927.36
51.5727 1036.95 1975.16 2961.45 3943.51 4932.36
51.5727 1037.99 1977.15 2964.42 3947.51 4937.36
51.5727 1038.99 1979.15 2967.42  3951.5 4942.36
51.6239 1040.02 1981.15 2970.42 3955.42 4947.36
 51.675 1041.05 1983.15 2973.42 3959.34 4952.36
 51.675 1042.05 1985.15 2976.42 3963.34 4957.36
51.7254 1043.06 1987.09 2979.42 3967.34 4962.36
51.7254 1044.06 1989.09 2982.42 3971.34 4967.36