      3       3       3       4       5       3
5.45455       4       5       7 9.09091 5.45455
7.85455       5     7.2      10 13.0909 7.85455
7.85455       6     9.2 13.8778 18.1673 10.9004
 9.7583 7.45426    11.2 16.8778 22.1673 13.5424
 11.158 8.45426    13.2 19.2986 25.3468 18.5424
 11.158 9.72798    15.2 22.2061 29.1656 23.5424
 11.158  10.728    17.2 25.7632 33.8374 27.3135
12.0144 11.5514 18.5202 28.7632 37.8374 32.3135
13.0842 12.5514 20.5202 31.3243 41.2065 37.3135
13.0842 13.5514 22.8217 34.8377 45.2065 41.4986
13.0842 14.9031 24.8217 37.8377 49.7156 45.6378
13.9942 15.9031 26.8217 40.4695 53.1736 50.6378
14.8366 16.8603 28.8217 43.4695 56.3741 55.6378
15.7422 17.8603 30.8217 46.1229 59.8152 60.6378
16.7702 18.8603 32.8217 49.1349 63.8152 64.5977
17.7982 19.8603 34.8337 52.1349 67.8152 68.5577
18.7027 20.8603 36.8337 54.7843 71.2613 73.5577
18.7027 21.8603  38.869 57.8114 75.1989 78.5577
18.7027 23.1037  40.869 61.0997 79.1989  83.026
18.7027 24.3503  42.869 64.0997 83.4724 87.5059
19.4009 25.2593  44.869 66.4925 87.4724 92.5059
19.4009 26.2593 47.0641 69.4925 91.7517 97.0315
20.1527 27.2593 49.0641 72.1854 95.3071 102.032
20.1527  28.477 51.0641 75.4099 99.3071 106.589
20.1527  29.692 53.0641 78.4099 103.544 111.137
20.7401 30.5576  54.611 81.4099 107.544 116.137
20.7401 31.6675 56.5947 84.4099 111.451 121.137
21.4104 32.6675 58.5947 87.1378 115.052 126.137
22.0807 33.6675 60.5947 89.8658 118.654 131.137
 22.751 34.6675 62.5947 92.5937 122.256 136.137
 22.751 35.7631 64.5729 95.5199 126.256 141.137
 22.751 36.8679 66.5677 98.5199 130.156 146.137
 22.751 38.0466 68.5677 101.669 134.156 150.809
23.3668 39.0466 70.5677 104.422 137.788 155.809
24.0093 40.1201 72.5677 107.422 141.788 160.093
24.5691 41.0556 74.5677 109.927 145.788 165.093
24.5691 42.0556 76.6957 112.927 149.949 169.804
24.5691 43.0556 78.8295 116.068 153.949 174.529
24.5691 44.1413 80.8172 118.995 157.949 179.529
24.5691 45.1413 82.8172 122.123 162.101 184.248
25.0524 46.0291 84.4461 125.123 166.101 189.248
25.6428 47.0291 86.4461 128.072 170.101 193.709
25.6428 48.0291 88.4461 131.197 174.251 198.434
26.1174 48.9179 90.0828 134.197 178.251 203.434
26.1174 49.9179 92.1832 137.197 182.407 208.178
26.6385 50.9179 94.0226 140.197 186.046 213.178
26.6385 51.9893  96.001 143.147 190.046 218.178
27.0961 52.8825 97.6503 146.147 194.046 223.178
27.5537 53.7756 99.2995 149.147 198.046 228.178
 28.097 54.7756 101.257 152.147 202.046 232.677
28.5901 55.7369 103.257 155.147 205.592 237.677
28.5901 56.7369 105.257 158.258 209.715 242.443
29.0894 57.7369 107.096 161.258 213.377 247.443
29.5887 58.7369 108.934 164.258  217.04 252.443
30.0573  59.667 110.934 166.859  221.04 257.443
30.5409 60.6271 112.934 169.859 224.596 262.443
30.5409 61.6863 114.907 172.827 228.596 267.443
30.5409 62.6863 116.976 175.827 232.712 272.258
31.0228 63.6863 118.822 178.827 236.384 277.258
31.4586  64.581 120.491 181.827 240.384 282.258
31.4586  65.581 122.489 184.842 244.371 287.258
31.4586 66.6792 124.489 187.842 248.463 292.068
31.4586 67.7347  126.46 190.816 252.463 297.068
31.4586 68.7903 128.431  193.79 256.463 302.068
31.9034 69.7903 130.246 196.529 260.463 307.068
31.9034 70.7903 132.246 199.616 264.553 311.891
32.3499 71.7903 134.097 202.616 268.256 316.891
32.3499 72.7903 136.149 205.716 272.256 321.739
32.8122 73.7903 138.149 208.656 276.256 326.337
33.2524 74.7903 140.002 211.656 279.962 331.337
33.6546 75.6949 141.696 214.656 283.962 336.337
34.1077 76.7139 143.696 217.656 287.962 340.865
 34.547 77.7139 145.547 220.656 291.672 345.865
35.0068 78.7139 147.484 223.656 295.672 350.468
35.0068 79.7697 149.462 226.656 299.638 355.468
35.4292 80.7322 151.462 229.656 303.253 360.468
35.8629 81.7322 153.316 232.656 306.965 365.468
36.3083 82.7473 155.316 235.656 310.965 370.007
36.7608 83.7473 157.316 238.592 314.965 374.618
37.2133 84.7473 159.253 241.592 318.965 379.229
37.6687 85.7473 161.253 244.592 322.869  383.87
37.6687 86.7473 163.244 247.613 326.856  388.87
37.6687 87.7969 165.244 250.609 330.811  393.87
38.1105 88.7969 167.244 253.548 334.811  398.49
38.1105 89.8822 169.288 256.548 338.811  403.36
38.5187  90.845 171.288 259.548  342.44  408.36
38.9548  91.845 173.228 262.548  346.44 412.984
38.9548  92.845 175.221 265.569 350.426 417.984
38.9548  93.923 177.221 268.569 354.495 422.838
39.3667  94.923 179.221 271.409 358.243 427.838
39.7762  95.923 181.085 274.409 361.969 432.838
39.7762 96.9667 183.056 277.395 365.969 437.838
39.7762 98.0145 185.056 280.392 369.924 442.838
40.1458 98.9253 186.775 283.392 373.924 447.838
40.5467 99.9253  188.64 286.392 377.658 452.838
40.5467 100.925 190.676 289.392 381.734 457.725
40.9585 101.925 192.676 292.331 385.734 462.374
41.3646 102.936 194.676 295.331 389.734 466.958
41.7519 103.899 196.676 298.331 393.383 471.958
42.1632 104.899 198.676  301.27 397.383 476.607
42.1632 105.899 200.669 304.292 401.369 481.607
42.5469 106.863 202.669 307.292 405.022 486.607
42.5469 107.863 204.663 310.315 409.005 491.607
42.5469 108.933 206.663 313.315 413.061 496.482
42.5469     110 208.663 316.384 417.061 501.346
42.5469 111.039 210.634 319.373 421.061 506.346
 42.939 112.039 212.575 322.373 425.061 511.012
 42.939 113.039 214.575 325.447 429.114 515.885
43.3225 114.049 216.575 328.447 433.114 520.492
43.3225 115.115 218.575 331.517 437.114 525.357
43.3225 116.115 220.568 334.539 441.099 530.357
43.6832 117.081 222.568 337.539 444.772 535.357
44.0672 118.081 224.568 340.539 448.682 540.063
44.4178 119.021 226.568 343.249 452.682 545.063
44.7685 119.961 228.568 345.959 456.682 550.063
45.1364 120.961 230.447 348.959 460.435 555.063
45.4779 121.876  232.19 351.959 464.435 560.063
45.4779 122.911 234.163  354.95 468.435 565.063
45.8362 123.911 236.008 357.746 472.435 570.063
46.2128 124.911 238.008 360.686 476.435 574.747
46.5791 125.911 240.008 363.544 480.211 579.747
46.5791 126.973 242.008 366.544  484.26 584.636
46.9524 127.973 243.948 369.544  488.26 589.322
47.2887  128.89 245.695 372.544  492.26 594.322
47.2887 129.948 247.695 375.604  496.26 599.204
47.6309 130.889 249.695 378.322  500.26 604.204
 47.973 131.829 251.695 381.039  504.26 609.204
48.3311 132.829 253.574 384.039 508.024 614.204
48.3311 133.868 255.558 387.039 511.999 619.204
48.3311 134.868 257.585 390.039 516.061 624.115
48.3311 135.868 259.611 393.106 520.061 629.023
48.6758 136.868 261.463  395.91 524.061 634.023
49.0321  137.87 263.463  398.91 528.061 638.664
49.0321  138.87 265.463 401.967 532.108  643.56
49.0321  139.87 267.487 405.033 536.108 648.469
49.0321  140.87 269.512   408.1 540.108 653.377
49.0321 141.925 271.512 411.154 544.108 658.268
49.3579 142.868 273.512 413.886 548.108 663.268
49.7102 143.868 275.512 416.886 552.021 668.003
50.0436 144.832 277.512 419.886 555.723 673.003
50.0436 145.832 279.539 422.886 559.781 677.918
50.3933 146.832 281.539 425.886 563.693 682.656
50.7168 147.775 283.539  428.62 567.693 687.656
50.7168 148.808 285.539 431.617 571.663 692.656
50.7168 149.865 287.566 434.617 575.663 697.573
51.0498 150.865 289.454 437.617 579.442 702.573
51.3926 151.865 291.454 440.556 583.442 707.291
51.3926 152.916 293.454 443.606 587.442 712.189
51.3926 153.916 295.448 446.621 591.434 717.189
51.3926 154.916 297.442 449.635 595.426 722.189
51.7305 155.916 299.442 452.635  599.34 726.937
51.7305 156.967 301.442 455.685  603.34 731.835
52.0502 157.967 303.305 458.502  607.34 736.835
52.3838 158.967 305.249 461.502  611.34 741.558
52.7082 159.967 307.139 464.502 615.125 746.558
52.7082 161.018 309.139 467.502 619.168 751.464
52.7082 162.051 311.139   470.5 623.138 756.464
53.0375 163.051 313.083   473.5 627.138 761.191
53.0375 164.085  315.07   476.5 631.117 766.191
53.0375 165.085 317.094   479.5 635.171 771.113
53.3628 166.085 319.039   482.5 639.171 775.842
53.6736 167.052 321.039   485.5 642.893 780.842
53.9776 167.998 323.039  488.25 646.893 785.842
53.9776 169.032 325.026  491.25 650.873 790.842
54.3024 170.032 327.026  494.25 654.789 795.601
54.3024 171.061 329.005 497.241 658.789 800.601
 54.615 172.061 330.899 500.241 662.582 805.601
54.9156 173.008 332.899 502.994 666.582 810.601
55.2093 173.933  334.68 505.994 670.582 815.601
55.5175 174.933 336.548 508.818 674.582 820.601
55.5175 175.933 338.568 511.872 678.582 825.527
55.8326 176.932 340.568 514.872 682.582 830.213
56.1248 177.858  342.35 517.872 686.582 835.213
56.1248 178.886 344.329 520.865 690.582 840.213
56.1248 179.932 346.329 523.865 694.621 845.127
56.1248 180.982 348.349 526.865 698.621 850.057
56.1248 182.031  350.37 529.865 702.621 854.987
56.1248 183.031 352.389 532.919 706.621 859.915
56.1248 184.081 354.409 535.919 710.621 864.845
56.1248 185.081 356.402 538.932 714.616 869.845
56.4278  186.08 358.402 541.932 718.616 874.542
56.7156 187.029 360.402 544.695 722.616 879.542
57.0033 187.978 362.402 547.458 726.616 884.542
57.0033 189.026 364.422 550.458 730.616 889.474
 57.308 190.026 366.422   553.4 734.616 894.227
 57.308 191.055 368.422 556.395 738.593 899.227
 57.308 192.055 370.442 559.446 742.593 904.157
57.5982 193.055 372.318 562.279 746.593 909.157
57.5982 194.055 374.337 565.329 750.593 914.088
57.8905 195.055 376.237 568.329 754.401 919.088
 58.184 196.055 378.237 571.211 758.226 924.088
 58.184 197.055  380.23 574.221 762.222 929.088
 58.184 198.098  382.23  577.26 766.222 934.006
58.4685 199.066  384.23  580.26 769.969 939.006
58.7543 200.066 386.108 583.097 773.969 944.006
59.0276 200.997 387.904 586.097 777.969 949.006
59.3236 201.997 389.849 589.097 781.969 953.765
59.3236 203.024 391.849 592.092 785.946 958.765
59.6181 204.024 393.795 595.092 789.946 963.525
59.6181  205.05 395.776 598.086 793.946 968.525
59.9044  206.05 397.676 601.086 797.759 973.525
59.9044 207.076 399.657 604.079 801.759 978.525
 60.196 208.076 401.602 607.079 805.759 983.288
60.4711 209.027 403.602 609.853 809.759 988.288
60.7526 210.027 405.481 612.692 813.759 993.288
60.7526 211.027 407.473 615.703 817.756 998.288
60.7526 212.054 409.473 618.698 821.735 1003.29
60.7526  213.08 411.454 621.691 825.735 1008.29
61.0369 214.077 413.454 624.691 829.735 1013.01
61.3177 215.077 415.356 627.691 833.552 1018.01
61.3177 216.077 417.356 630.729 837.586 1022.93
61.3177 217.103 419.356 633.725 841.564 1027.93
61.3177 218.103 421.372 636.725 845.609 1032.87
61.6011 219.103 423.372 639.668 849.609 1037.65
61.8689 220.055 425.372 642.448 853.609 1042.65
62.1491 221.052 427.372 645.448 857.609 1047.37
62.1491 222.052 429.387 648.492 861.609 1052.31
62.4156 223.005 431.387 651.273 865.609 1057.31
62.6945 224.001 433.387 654.273 869.609 1062.04
62.6945 225.001 435.403 657.317 873.609 1066.98
62.9547 225.935  437.21 660.317 877.609 1071.98
62.9547 226.935  439.21 663.353 881.644  1076.9
63.2137 227.868 441.017 666.353 885.644  1081.9
63.4899 228.864 443.017 669.353 889.644 1086.63
63.7639 229.864 445.017  672.24 893.482 1091.63
64.0228 230.798 446.825  675.24 897.482 1096.63
64.3018 231.798 448.825 678.183 901.482 1101.41
64.3018 232.838 450.839 681.183 905.482 1106.36
64.3018 233.838 452.839 684.218 909.517 1111.29
64.3018 234.838 454.853 687.261 913.517 1116.23
 64.577 235.838   456.8 690.261 917.517 1121.01
 64.577 236.864 458.786 693.261 921.506 1126.01
64.8452 237.864 460.691 696.261 925.332 1131.01
64.8452 238.904 462.706 699.261 929.332 1135.95
64.8452 239.927 464.706 702.257 933.314 1140.95
65.1071 240.896 466.706 705.257 937.083 1145.95
65.3599 241.831 468.518 708.257 941.083 1150.95
65.3599 242.854 470.518 711.253 945.064 1155.95
65.6256 243.854 472.518 714.145 948.906 1160.95
65.6256 244.877   474.5  717.14 952.906 1165.95
65.6256 245.877 476.512  720.14 956.948  1170.9
65.8856 246.877   478.4 722.993 960.948  1175.9
66.1491 247.877   480.4 725.885 964.792  1180.9
66.4036 248.831   482.4 728.677 968.792  1185.9
66.4036 249.853 484.383 731.672 972.792  1190.9
66.6679 250.848 486.383 734.672 976.792 1195.64
66.6679 251.848 488.395 737.712 980.792 1200.59
66.6679 252.883 490.395 740.712 984.823 1205.52
66.9248 253.883 492.284 743.566 988.823 1210.52
66.9248 254.883 494.296 746.566 992.864 1215.47
 67.186 255.878 496.296 749.566 996.864 1220.21
 67.186   256.9 498.296  752.56 1000.85 1225.21
67.4497   257.9 500.296  755.56 1004.77 1230.02
67.4497 258.935 502.296 758.591 1008.77 1234.95
 67.706 259.935 504.206 761.591 1012.61 1239.95
 67.706 260.935 506.197   764.6 1016.61 1244.95
 67.706 261.969 508.197 767.631 1020.61 1249.89
67.9658 262.969 510.197 770.576 1024.61 1254.68
 68.223 263.964 512.197 773.576 1028.61 1259.43
 68.223 264.986  514.18 776.571 1032.61 1264.43
68.4689 265.941  516.18  779.37 1036.61 1269.43
68.7223 266.941 518.091  782.37 1040.45 1274.43
68.7223 267.975 520.091  785.37 1044.48 1279.37
68.7223 268.975 522.102  788.37 1048.52 1284.32
68.9714 269.975 523.995 791.228 1052.52 1289.32
69.2192 270.945 525.995 794.228  1056.3 1294.32
69.4733  271.94 527.995 797.228  1060.3 1299.07
69.4733 272.961 529.995 800.223 1064.28 1304.07
69.7265 273.956 531.995 803.223 1068.28 1308.82
69.7265 274.956 534.007 806.261 1072.28 1313.77
69.7265 275.989 536.007  809.29 1076.28 1318.71
69.7265 277.012 537.994  812.29 1080.27 1323.71
 69.977 278.007 539.994  815.29 1084.27 1328.46
 69.977  279.03 541.981  818.29 1088.26 1333.46
70.2289  280.03 543.981 821.237 1092.26 1338.26
70.2289 281.053 545.968 824.237 1096.25 1343.26
70.2289 282.053  547.96 827.244 1100.25 1348.26
70.2289 283.075  549.96  830.24 1104.23 1353.26
70.4782 284.075  551.96 833.187 1108.23 1358.07
70.7115 285.015 553.787 836.187 1112.23 1363.07
70.9583  286.01 555.787 839.187 1116.23 1367.82
70.9583  287.03 557.771 842.182 1120.23 1372.82
71.2043 288.025 559.771 845.182 1124.23 1377.58
71.4503 289.021 561.771 848.182 1128.23 1382.34
71.4503 290.041 563.771 851.177 1132.22 1387.34
71.4503 291.062 565.755 854.173 1136.22 1392.34
71.6928 292.062 567.755 857.073 1140.08 1397.34
71.6928 293.082 569.755 860.068 1144.06 1402.34
71.6928 294.115 571.755 863.068 1148.09 1407.28
71.6928 295.115 573.766 866.068 1152.13 1412.23
71.6928 296.135  575.75 869.063 1156.13 1417.23
71.9313 297.135 577.666 872.063 1159.97 1422.23
71.9313 298.135 579.666 875.092    1164 1427.17
72.1699 299.135 581.666 877.994 1167.86 1432.17
72.3971 300.077 583.497 880.994 1171.86 1437.17
72.3971 301.077 585.489 884.002 1175.86 1442.17
72.3971 302.097 587.473 886.997 1179.86 1447.17
72.3971 303.117 589.457 889.993 1183.86 1452.17
72.3971 304.117 591.457 893.022 1187.89 1457.11
72.6361 305.117 593.457 895.971 1191.89 1461.93
72.6361 306.149 595.457 898.999 1195.89 1466.87
72.6361  307.17 597.444 901.999 1199.88 1471.87
72.8591 308.113 599.278 904.999 1203.88 1476.87
72.8591 309.147 601.289 907.999 1207.88 1481.82
72.8591 310.147 603.289 911.028 1211.91 1486.76
72.8591 311.181   605.3 914.028 1215.91 1491.72
72.8591 312.181  607.31 917.063 1219.91 1496.67
72.8591 313.215 609.321 920.063 1223.91 1501.63
72.8591 314.234 611.321 923.059  1227.9 1506.63
72.8591 315.265 613.321 926.059 1231.92 1511.57
73.0892 316.261 615.321 929.059 1235.92 1516.35
73.0892 317.291 617.321 932.086 1239.92 1521.29
73.0892 318.311 619.321 935.082 1243.91 1526.29
73.0892 319.311 621.321  938.11 1247.94 1531.23
73.3157 320.311 623.321 941.017 1251.81 1536.23
73.5395 321.311 625.224  943.89 1255.81 1541.23
73.5395 322.331 627.208 946.886 1259.81 1546.23
73.5395 323.351 629.208 949.881 1263.79 1551.23
 73.761 324.324 631.208 952.881  1267.6 1556.23
73.9894 325.324 633.208 955.832  1271.6 1561.05
74.2179 326.324 635.208 958.784  1275.6 1565.87
74.2179 327.324 637.201 961.791  1279.6 1570.87
74.4397 328.324 639.105 964.665  1283.6 1575.87
74.4397 329.324 641.097 967.672  1287.6 1580.87
74.4397 330.344 643.082 970.668  1291.6 1585.87
 74.664 331.339 645.082 973.668  1295.6 1590.65
 74.891 332.339 647.082 976.668 1299.54 1595.49
75.1172 333.339 649.036 979.668 1303.54  1600.3
75.1172 334.372 651.047 982.668 1307.54 1605.26
75.1172 335.391 653.047 985.663 1311.52 1610.26
75.3422 336.391 655.047 988.615 1315.52 1615.08
75.3422 337.421 657.047 991.615 1319.55 1620.03
75.3422  338.44 659.047  994.61 1323.53 1625.03
75.3422 339.472 661.057  997.61 1327.53 1629.99
75.5612 340.472 662.979 1000.61 1331.39 1634.99
75.5612 341.472 664.988 1003.61 1335.43 1639.94
75.5612 342.491 666.988 1006.61 1339.41 1644.94
75.7701 343.438 668.832 1009.61 1343.41 1649.94
75.9898 344.434 670.832 1012.61 1347.41 1654.73
76.2075 345.434 672.754 1015.61 1351.27 1659.73
76.4164 346.381 674.598 1018.61 1355.27 1664.73
76.6285 347.342 676.598 1021.43 1359.27 1669.73
76.8506 348.342 678.598 1024.43 1363.21 1674.56
77.0726 349.342 680.598 1027.43 1367.15  1679.4
77.0726 350.363 682.586 1030.43 1371.14  1684.4
77.0726 351.381 684.571 1033.43 1375.14  1689.4
77.2804 352.328 686.416 1036.43 1379.14  1694.4
77.2804  353.36 688.425 1039.43 1383.14 1699.36
77.4962  354.36 690.347 1042.43 1387.01 1704.36
77.7033 355.307 692.193 1045.43 1391.01 1709.36
77.7033 356.307 694.193 1048.45 1395.03 1714.31
77.7033 357.307 696.193 1051.48 1399.06 1719.26
77.9216 358.307 698.193 1054.43 1403.06 1724.09
78.1367 359.307 700.193 1057.34 1406.93 1729.09
78.3427 360.255 702.039 1060.34 1410.93 1734.09
78.3427 361.285 704.048 1063.34 1414.93 1739.05
78.3427 362.313 706.048 1066.34 1418.96 1743.99
78.5579 363.308 708.048 1069.34 1422.96 1748.78
78.5579 364.326 710.032 1072.34 1426.96 1753.78
78.7707 365.326 711.955 1075.34 1430.82 1758.78
78.7707 366.346 713.942 1078.34 1434.81 1763.78
78.9812 367.346  715.85 1081.22 1438.81 1768.78
78.9812 368.376 717.858 1084.22 1442.81 1773.75
79.1963 369.376 719.858 1087.18 1446.81 1778.58
79.4114 370.376 721.813 1090.18 1450.81 1783.41
79.6229 371.376 723.736 1093.18 1454.68 1788.41
 79.838 372.376 725.691 1096.18 1458.68 1793.24
 79.838 373.394 727.691 1099.17 1462.67 1798.24
80.0408 374.343 729.539 1102.17 1466.67 1803.24
80.2553 375.343 731.539 1105.13 1470.67 1808.07
80.4646 376.343 733.447 1108.01 1474.67 1813.07
80.6761 377.343 735.447 1110.92 1478.54 1818.07
80.6761 378.343 737.454 1113.92 1482.58 1823.03
80.6761  379.37 739.454 1116.95 1486.58 1827.98
80.8894  380.37 741.454  1119.9 1490.58 1832.81
80.8894 381.388 743.438  1122.9 1494.58 1837.81
80.8894 382.388 745.445 1125.93 1498.58 1842.77
80.8894 383.388 747.436 1128.93 1502.58 1847.77
81.0982 384.388 749.436 1131.85 1506.46 1852.77
81.3098 385.388 751.391 1134.85 1510.46 1857.61
81.5219 386.388 753.391 1137.85  1514.4 1862.45
81.7301 387.388 755.315 1140.85 1518.27 1867.45
81.9383 388.388 757.239 1143.85 1522.13 1872.45
82.1504 389.388 759.239 1146.85 1526.07  1877.3
82.1504 390.388 761.239 1149.87  1530.1 1882.25
82.3581 391.388 763.164 1152.87 1533.97 1887.25
82.3581 392.417 765.171 1155.87 1537.97 1892.22
82.5627 393.392 767.171 1158.87 1541.79 1897.22
82.5627 394.409 769.171 1161.87 1545.77 1902.22
82.7732 395.409 771.171 1164.87 1549.71 1907.06
82.9782 396.409 773.081 1167.75 1553.71 1912.06
82.9782 397.426 775.081 1170.75  1557.7 1917.06
83.1827 398.426 776.991 1173.64  1561.7 1922.06
83.1827 399.444 778.976 1176.63  1565.7 1927.06
83.3832 400.407 780.976 1179.47  1569.7 1932.06
83.5903 401.401 782.976 1182.47  1573.7 1936.86
83.5903  402.43 784.982 1185.47  1577.7 1941.83
83.7958  403.43 786.982 1188.38 1581.58 1946.83
 84.004  404.43 788.938 1191.38 1585.58 1951.66
 84.004  405.43 790.944 1194.41 1589.58 1956.63
 84.004 406.459 792.951 1197.41 1593.58 1961.59
 84.004 407.476 794.951 1200.41 1597.57 1966.59
84.2107 408.476 796.951 1203.36 1601.57 1971.43
84.4127 409.476 798.863 1206.25 1605.57 1976.43
84.6113 410.439 800.863 1209.09 1609.57 1981.43
84.8185 411.439 802.863 1212.09 1613.51 1986.28
84.8185 412.439 804.869 1215.12 1617.51 1991.25
84.8185 413.456 806.869 1218.11  1621.5 1996.25
85.0186 414.431 808.869 1221.11 1625.32 2001.25
 85.221 415.431 810.796 1224.11 1629.19 2006.25
85.4267 416.431 812.796 1227.07 1633.19 2011.09
85.4267 417.449 814.783 1230.07 1637.19 2016.09
85.4267 418.468 816.771 1233.07 1641.18 2021.09
85.6258 419.443 818.771 1236.07    1645 2026.09
85.8309 420.443 820.771 1239.07 1648.95 2030.94
86.0301 421.419 822.771 1242.07 1652.77 2035.94
86.2316 422.419 824.698 1245.07 1656.64 2040.94
86.4307 423.394 826.698 1248.07 1660.47 2045.94
86.4307 424.419 828.698 1251.07 1664.49  2050.9
86.4307 425.419  830.69 1254.07 1668.49  2055.9
86.4307 426.419 832.682 1257.08 1672.49  2060.9
86.6293 427.419 834.595 1259.97 1676.49  2065.9
 86.822  428.37 836.452 1262.97 1680.49  2070.9
 86.822 429.388  838.44 1265.97 1684.48  2075.9
 86.822 430.406 840.428 1268.97 1688.48  2080.9
87.0138 431.357 842.285 1271.97 1692.48  2085.9
87.0138 432.374 844.285 1274.97 1696.47  2090.9
87.2138 433.367 846.285 1277.97 1700.47  2095.7
87.4102 434.343 848.285 1280.97 1704.29  2100.7
87.4102 435.361 850.273 1283.97 1708.29  2105.7
87.4102 436.377 852.273 1286.96 1712.27  2110.7
87.4102 437.401 854.273 1289.98 1716.27 2115.66
87.6079 438.401 856.273  1292.9 1720.16 2120.66
87.8006 439.365 858.273 1295.75 1724.16 2125.66
87.9992 440.359 860.273 1298.75 1728.16 2130.46
88.1893 441.311 862.131 1301.75 1732.16 2135.46
88.3843 442.286 864.131 1304.75 1735.99 2140.46
88.3843 443.304 866.119 1307.75 1739.98 2145.46
88.5811 444.304 868.048 1310.75 1743.86 2150.46
88.7733 445.268 870.048 1313.59 1747.86 2155.46
88.9729 446.268 872.048 1316.54 1751.86 2160.31
88.9729 447.284 874.048 1319.54 1755.84 2165.31
88.9729 448.307 876.048 1322.54 1759.86 2170.27
88.9729 449.325 878.036 1325.54 1763.86 2175.27
89.1717 450.325 880.036 1328.54  1767.8 2180.13
89.3671 451.325 881.965 1331.54 1771.67 2185.13
89.5639 452.318 883.965 1334.54 1775.67 2189.94
 89.762 453.318 885.921 1337.54 1779.67 2194.78
 89.953 454.283 887.921 1340.39 1783.67 2199.78
 89.953 455.283 889.921 1343.41 1787.69 2204.74
90.1466 456.283 891.837  1346.3 1791.69 2209.74
90.1466   457.3 893.825  1349.3 1795.69 2214.74
90.1466   458.3 895.817  1352.3 1799.69 2219.74
90.3338 459.252 897.678  1355.3 1803.69 2224.74
90.3338 460.252 899.682  1358.3 1807.72 2229.71
90.3338 461.252 901.687  1361.3 1811.75 2234.68
90.3338 462.252 903.691 1364.33 1815.75 2239.65
90.5294 463.252 905.648 1367.33 1819.75 2244.49
 90.725 464.252 907.648 1370.29 1823.75 2249.34
 90.725 465.275 909.648 1373.29 1827.76  2254.3
90.9161 466.275 911.564 1376.18 1831.76  2259.3
90.9161 467.275 913.564  1379.2 1835.79 2264.26
 91.106 468.251 915.564  1382.2 1839.62 2269.26
91.2913 469.203 917.426  1385.2 1843.62 2274.26
91.4865 470.203 919.426  1388.2 1847.56 2279.12
91.4865 471.229 921.431  1391.2 1851.56 2284.09
91.6793 472.222 923.431  1394.2 1855.56 2288.91
91.8735 473.222 925.387  1397.2 1859.56 2293.76
92.0608 474.186 927.387 1400.05 1863.56 2298.76
92.2536  475.18 929.387 1403.05 1867.56 2303.57
92.4456  476.18 931.387 1405.97 1871.45 2308.57
92.4456 477.194 933.387 1408.96 1875.44 2313.57
92.4456 478.209 935.387 1411.96 1879.43 2318.57
92.6351 479.209 937.304 1414.85 1883.43 2323.57
92.6351 480.224 939.304 1417.85 1887.41 2328.57
92.8242 481.224 941.221 1420.74 1891.41 2333.57
93.0124   482.2 943.221 1423.74 1895.25 2338.57
93.2059   483.2 945.221 1426.74 1899.19 2343.44
93.3949   484.2 947.138 1429.64 1903.19 2348.44
93.3949 485.223 949.138 1432.66 1907.19 2353.39
93.5874 486.223 951.095 1435.66 1911.19 2358.25
93.7761 487.223 953.012 1438.55 1915.19 2363.25
93.7761 488.223 955.004 1441.56 1919.19 2368.25
93.7761 489.245 957.004 1444.56 1923.21  2373.2
93.7761  490.26 959.004 1447.55  1927.2  2378.2
 93.966 491.253 961.004 1450.55  1931.2 2383.02
 93.966 492.253 963.008 1453.55 1935.23 2387.99
 93.966 493.267 965.008 1456.55 1939.22 2392.99
94.1499 494.233 967.008  1459.4 1943.22 2397.99
94.1499 495.233 968.999 1462.41 1947.22 2402.99
94.1499 496.233 970.999 1465.43 1951.24 2407.95
94.3377 497.233 972.999 1468.35 1955.13 2412.95
94.3377 498.248 974.986 1471.35 1959.13 2417.95
94.5233 499.248 976.905 1474.24 1963.13 2422.95
94.5233 500.264 978.893 1477.24 1967.13 2427.95
94.5233 501.279  980.88 1480.24 1971.13 2432.95
94.5233 502.304 982.884 1483.24 1975.13 2437.92
94.5233 503.304 984.888 1486.24 1979.15 2442.89
94.7087 504.304  986.82 1489.24 1983.04 2447.89
94.7087  505.32 988.808 1492.24 1987.03 2452.89
94.8963  506.32 990.808 1495.19 1991.03 2457.75
94.8963  507.32 992.812 1498.22 1995.03 2462.72
94.8963  508.32 994.804 1501.22 1999.03 2467.72
95.0806  509.32 996.737 1504.22 2002.92 2472.72
95.2674  510.32 998.737 1507.18 2006.92 2477.58
95.4546  511.32 1000.74 1510.18 2010.86 2482.45
95.4546 512.336 1002.72 1513.18 2014.86 2487.45
95.4546  513.35 1004.72 1516.18 2018.85 2492.45
95.6411  514.35 1006.72 1519.18 2022.79 2497.32
95.8228 515.327 1008.72 1522.18 2026.63 2502.32
96.0087 516.327 1010.68 1525.18 2030.63 2507.17
96.1947 517.327 1012.64 1528.18 2034.63 2512.03
96.1947 518.327 1014.63 1531.18 2038.63 2517.03
 96.379  519.32 1016.63 1534.18 2042.63 2521.85
 96.379 520.342 1018.63 1537.18 2046.65 2526.81
96.5558 521.296  1020.5 1540.18 2050.65 2531.81
 96.741 522.296 1022.46 1543.18 2054.65 2536.67
96.9239 523.296 1024.39 1546.18 2058.54 2541.67
97.1072 524.296 1026.39 1549.11 2062.43 2546.67
97.1072  525.31 1028.39  1552.1 2066.42 2551.67
97.1072 526.332 1030.39 1555.12 2070.42 2556.63
97.2904 527.325 1032.39 1558.12 2074.42 2561.46
97.2904 528.346 1034.39 1561.12 2078.44 2566.42
97.4746 529.346 1036.35 1564.12 2082.44 2571.27
97.6504 530.301 1038.22 1567.12 2086.44 2576.27
97.6504 531.301 1040.22 1570.14 2090.46 2581.24
97.6504 532.322 1042.22 1573.16 2094.46  2586.2
97.8326 533.315 1044.22 1576.16 2098.46 2591.02
98.0165 534.315 1046.22 1579.16  2102.4 2595.89
98.0165 535.315 1048.22 1582.17 2106.42 2600.86
98.1973 536.315 1050.15 1585.17  2110.3 2605.86
98.3809 537.315 1052.15 1588.17 2114.25 2610.73
98.3809 538.315 1054.16  1591.2 2118.25  2615.7
98.5641 539.315 1056.16  1594.2 2122.19 2620.57
98.5641 540.315 1058.16 1597.22 2126.21 2625.53
98.7404 541.282 1060.16 1600.08 2130.21 2630.53
98.7404 542.282 1062.15 1603.08 2134.22 2635.53
98.7404 543.282 1064.14 1606.09 2138.22 2640.53
 98.914 544.237 1066.01 1609.09 2142.22 2645.53
 98.914 545.258 1068.01 1612.11 2146.22 2650.49
 98.914 546.272    1070  1615.1 2150.22 2655.49
 98.914 547.272 1071.99 1618.11 2154.22 2660.49
 98.914 548.287 1073.98 1621.11 2158.22 2665.49
 98.914 549.287 1075.97 1624.12 2162.22 2670.49
 98.914 550.287 1077.97 1627.13 2166.24 2675.46
 98.914 551.287 1079.97 1630.15 2170.26 2680.42
99.0894 552.264 1081.97 1633.15  2174.1 2685.42
99.0894 553.264 1083.96 1636.16  2178.1 2690.42
99.0894 554.264 1085.96 1639.18  2182.1 2695.39
99.0894 555.278 1087.95 1642.18  2186.1 2700.39
  99.26 556.235 1089.82 1645.18  2190.1 2705.39
  99.26 557.235 1091.83 1648.21  2194.1 2710.37
99.4363 558.235 1093.83 1651.13    2198 2715.37
99.4363 559.255 1095.83 1654.15    2202 2720.33
99.4363 560.275 1097.83 1657.17    2206 2725.29
99.6098 561.252 1099.83 1660.17 2209.85 2730.29
99.6098 562.252 1101.82 1663.18 2213.85 2735.29
99.7848 563.252 1103.76 1666.18 2217.74 2740.29
99.7848 564.252 1105.76 1669.19 2221.76 2745.25
99.7848 565.252 1107.76 1672.22 2225.76 2750.23
99.7848 566.272 1109.76 1675.23 2229.76 2755.19
99.7848 567.293 1111.76 1678.23 2233.78 2760.15
99.7848 568.293 1113.76 1681.26 2237.78 2765.13
99.7848 569.313 1115.76 1684.26 2241.79 2770.09
99.9605 570.313 1117.76 1687.26 2245.74 2774.97
99.9605 571.333 1119.76 1690.26 2249.76 2779.93
99.9605 572.355 1121.76 1693.26 2253.76  2784.9
99.9605 573.355 1123.76 1696.27 2257.76  2789.9
100.135 574.355 1125.76 1699.22 2261.76 2794.77
100.135  575.37 1127.75 1702.22 2265.75 2799.77
100.135  576.37 1129.75 1705.24 2269.77 2804.74
100.135 577.383 1131.73 1708.24 2273.77 2809.74
100.135 578.403 1133.73 1711.26 2277.77  2814.7
100.304 579.382 1135.73 1714.26 2281.62  2819.7
 100.47 580.339 1137.61 1717.26 2285.62  2824.7
 100.47 581.354  1139.6 1720.26 2289.62  2829.7
 100.47 582.354  1141.6 1723.28 2293.62 2834.67
100.642 583.354  1143.6 1726.24 2297.62 2839.54
100.642 584.367  1145.6 1729.24 2301.61 2844.54
100.642 585.367  1147.6 1732.26 2305.63 2849.51
100.811 586.345  1149.6 1735.26 2309.48 2854.51
100.811 587.358 1151.59 1738.26 2313.48 2859.51
100.811 588.358 1153.59 1741.26  2317.5 2864.48
100.811 589.372 1155.58 1744.26  2321.5 2869.48
 100.98 590.372 1157.58 1747.19  2325.4 2874.48
101.149 591.372 1159.52 1750.19  2329.3 2879.48
101.149 592.372 1161.52 1753.19 2333.32 2884.45
101.149 593.372 1163.52 1756.19 2337.34 2889.43
101.149 594.394 1165.53 1759.19 2341.34  2894.4
101.149 595.407 1167.51 1762.19 2345.34  2899.4
101.149 596.422  1169.5 1765.19 2349.34  2904.4
101.149 597.422  1171.5 1768.19 2353.36 2909.37
101.149 598.435 1173.49 1771.19 2357.36 2914.37
101.149 599.448 1175.49 1774.18 2361.35 2919.37
101.315 600.448 1177.42 1777.09 2365.35 2924.37
101.315 601.461 1179.41 1780.09 2369.35 2929.37
101.315 602.461  1181.4  1783.1 2373.35 2934.37
101.315 603.475 1183.39  1786.1 2377.35 2939.37
101.315 604.488 1185.37  1789.1 2381.35 2944.37
101.483 605.488 1187.33  1792.1 2385.35 2949.25
 101.65 606.488 1189.33 1795.06 2389.35 2954.12
 101.65 607.507 1191.33 1798.06 2393.37 2959.08
101.811 608.466 1193.21 1801.06 2397.37 2964.08
101.811 609.466 1195.22 1804.08 2401.37 2969.06
101.977  610.46 1197.22 1807.08 2405.37  2973.9
102.144  611.46 1199.22 1810.04 2409.37 2978.77
102.307 612.439 1201.22 1813.04 2413.23 2983.77
102.469 613.408 1203.22 1815.91 2417.23 2988.77
102.469 614.408 1205.21 1818.91 2421.23 2993.77
102.636 615.408 1207.21 1821.87 2425.23 2998.64
102.802 616.401 1209.21 1824.87 2429.23 3003.48
102.969 617.401 1211.21 1827.87 2433.18 3008.37
103.134 618.401 1213.21 1830.81 2437.08 3013.37
103.134 619.415  1215.2 1833.81 2441.08 3018.37
  103.3 620.415  1217.2 1836.77 2445.08 3023.24
103.464 621.415 1219.12 1839.68 2449.08 3028.24
103.464 622.415 1221.12 1842.69  2453.1 3033.21
103.464 623.436 1223.13 1845.69  2457.1 3038.18
103.625 624.405 1225.13 1848.56  2461.1 3043.18
103.625 625.419 1227.12 1851.56  2465.1 3048.18
103.785 626.388 1229.12 1854.43  2469.1 3053.18
103.951 627.388 1231.12 1857.39  2473.1 3058.06
104.115 628.388 1233.06 1860.39 2476.99 3063.06
104.115 629.401 1235.06 1863.39 2480.98 3068.06
104.115 630.414 1237.04 1866.39 2484.98 3073.06
104.115 631.414 1239.05 1869.41 2488.98 3078.03
104.278 632.414 1240.99 1872.41 2492.88 3083.03
104.278 633.414 1242.99 1875.41  2496.9 3088.01
104.438 634.383 1244.99 1878.28  2500.9 3093.01
104.438 635.383 1246.98 1881.29  2504.9 3098.01
104.601 636.377 1248.98 1884.29  2508.9 3102.85
104.763 637.377 1250.92 1887.29  2512.8 3107.85
104.763 638.377 1252.92  1890.3 2516.82 3112.82
104.763 639.389 1254.91  1893.3 2520.82 3117.82
104.925 640.389 1256.85  1896.3 2524.72 3122.82
105.089 641.389 1258.81  1899.3 2528.72 3127.69
105.089 642.389 1260.81 1902.32 2532.72 3132.67
105.089 643.402 1262.81 1905.32 2536.71 3137.67
105.089 644.402 1264.82 1908.32 2540.73 3142.64
105.251 645.395 1266.82 1911.32 2544.73 3147.49
105.411 646.395 1268.75 1914.23 2548.73 3152.49
105.411 647.395 1270.75 1917.25 2552.73 3157.46
105.411 648.395 1272.75 1920.25 2556.75 3162.44
105.569 649.365 1274.75 1923.13 2560.75 3167.44
105.732 650.365 1276.75 1926.09 2564.75 3172.32
105.732 651.377 1278.75 1929.08 2568.74 3177.32
105.894 652.377 1280.71 1932.08 2572.74 3182.19
 106.05 653.337  1282.6 1935.08 2576.74 3187.19
106.205 654.297 1284.48 1938.08 2580.74 3192.19
106.365 655.297 1286.41    1941 2584.74 3197.19
106.365 656.315 1288.41 1944.01 2588.74 3202.16
106.525 657.315 1290.35 1947.01 2592.64 3207.16
106.525 658.326 1292.35 1950.01 2596.63 3212.16
106.687 659.326 1294.35 1952.97 2600.63 3217.03
106.849 660.326 1296.35 1955.97 2604.58 3221.92
106.849 661.326 1298.35 1958.98  2608.6 3226.89
 107.01 662.326 1300.31 1961.98  2612.6 3231.77
 107.01 663.339  1302.3 1964.98  2616.6 3236.77
 107.01 664.339  1304.3 1967.98 2620.62 3241.74
 107.01 665.352 1306.29 1970.98 2624.62 3246.74
 107.01 666.372  1308.3 1973.98 2628.62 3251.72
 107.01 667.392  1310.3 1976.98 2632.62  3256.7
 107.01  668.41  1312.3 1979.98 2636.63 3261.66
107.171  669.41  1314.3 1982.98 2640.58 3266.55
107.171  670.41  1316.3 1985.98 2644.61 3271.53
107.331  671.41 1318.26 1988.98 2648.61 3276.41
107.331 672.422 1320.26 1991.98  2652.6 3281.41
107.331 673.422 1322.26 1994.98 2656.62 3286.38
107.331 674.422 1324.26 1997.99 2660.62 3291.38
107.487 675.402 1326.26 2000.99 2664.49 3296.38
107.487 676.415 1328.25 2003.99 2668.48 3301.38
107.487 677.427 1330.23 2006.99 2672.48 3306.38
107.639 678.388 1332.12 2009.99 2676.48 3311.38
107.639 679.401 1334.11 2012.99 2680.48 3316.38
107.639 680.413 1336.11 2015.98 2684.47 3321.38
107.796 681.406 1338.11 2018.98 2688.47 3326.23
107.796 682.426 1340.11 2021.98 2692.47 3331.21
107.796 683.438  1342.1 2024.98 2696.47 3336.21
107.951 684.418  1344.1 2027.98 2700.34 3341.21
108.107 685.418  1346.1 2030.92 2704.25 3346.21
108.107 686.418 1348.09 2033.92 2708.25 3351.21
108.263 687.418 1350.09 2036.86 2712.16 3356.21
108.419 688.412 1352.09 2039.86 2716.16 3361.06
108.577 689.412 1354.06 2042.86 2720.16 3365.94
108.733 690.412    1356 2045.86 2724.06 3370.94
108.733 691.412    1358 2048.88 2728.06 3375.92
108.733 692.429    1360 2051.88 2732.07 3380.88
108.733 693.449    1362 2054.88 2736.07 3385.86
108.733 694.468 1364.01 2057.88 2740.07 3390.84
108.889 695.468 1366.01 2060.88 2744.03 3395.73
108.889 696.468 1368.01 2063.88 2748.05 3400.71
108.889 697.486 1370.01 2066.88 2752.06 3405.67
109.046 698.486 1372.01 2069.88 2756.02 3410.57
109.046 699.486 1374.01  2072.9 2760.03 3415.53
109.202 700.486 1376.01 2075.86 2764.03 3420.42
109.202 701.486 1378.01 2078.88 2768.03 3425.39
109.202 702.486    1380 2081.88 2772.03 3430.39
109.355 703.486 1381.95 2084.88 2775.94 3435.39
109.355 704.497 1383.95 2087.88 2779.93 3440.39
109.511 705.497 1385.95 2090.88 2783.88 3445.29
109.665 706.497 1387.95 2093.82 2787.79 3450.29
 109.82 707.497 1389.91 2096.82 2791.79 3455.17
109.975 708.497 1391.87 2099.82 2795.79 3460.05
110.127 709.477 1393.87 2102.82 2799.66 3465.05
110.282 710.477 1395.87 2105.78 2803.66 3469.93
110.434 711.457 1397.87 2108.78 2807.52 3474.93
110.587 712.457 1399.81  2111.7 2811.52 3479.93
110.741 713.451 1401.81  2114.7 2815.52 3484.78
110.896 714.451 1403.77  2117.7 2819.52 3489.66
111.046 715.412 1405.66  2120.7 2823.52 3494.66
111.046 716.429 1407.66  2123.7 2827.54 3499.63
111.046 717.441 1409.66 2126.69 2831.53 3504.63
111.046 718.453 1411.65 2129.69 2835.53 3509.63
111.046 719.465 1413.63 2132.69 2839.53 3514.63
111.046 720.465 1415.63 2135.71 2843.54  3519.6
111.195 721.436 1417.63 2138.59 2847.54  3524.6
111.195 722.447 1419.63 2141.59 2851.54  3529.6
111.195 723.459 1421.62 2144.59 2855.54  3534.6
111.348 724.459 1423.62 2147.52 2859.45  3539.6
111.348 725.478 1425.63 2150.52 2863.45 3544.58
111.348 726.497 1427.63 2153.52 2867.45 3549.56
111.495 727.459 1429.52 2156.52 2871.45 3554.56
111.644  728.43 1431.52  2159.4 2875.45 3559.56
111.644 729.447 1433.52  2162.4 2879.46 3564.53
111.797 730.447 1435.52  2165.4 2883.41 3569.42
111.949 731.447 1437.46  2168.4 2887.32 3574.42
112.102 732.447 1439.46 2171.36 2891.32 3579.31
112.102 733.447 1441.46 2174.38 2895.32 3584.28
112.254 734.447 1443.43 2177.38 2899.32 3589.17
112.405 735.447 1445.36  2180.3 2903.32 3594.17
112.558 736.447 1447.36  2183.3 2907.27 3599.06
112.708 737.427 1449.36  2186.3 2911.14 3604.06
112.859 738.421 1451.36  2189.3 2915.14 3608.92
112.859 739.438 1453.36  2192.3 2919.16 3613.88
 113.01 740.438 1455.31  2195.3 2923.06 3618.88
113.163 741.438 1457.31  2198.3 2927.01 3623.78
113.314 742.438 1459.31 2201.24 2930.92 3628.78
113.467 743.438 1461.31  2204.2 2934.92 3633.66
113.467 744.454 1463.31 2207.22 2938.92 3638.63
113.467 745.471 1465.31 2210.23 2942.92  3643.6
113.617 746.471 1467.24 2213.15 2946.92  3648.6
113.764 747.442 1469.24 2216.03 2950.92  3653.6
113.764 748.459 1471.24 2219.03 2954.94 3658.57
113.764 749.459 1473.24 2222.05 2958.94 3663.55
113.915 750.459 1475.19 2225.05 2962.84 3668.55
114.065 751.459 1477.19 2227.98 2966.76 3673.55
114.217 752.459 1479.19 2230.95 2970.76 3678.44
114.368 753.452 1481.19 2233.95 2974.76 3683.29
114.368 754.465 1483.18 2236.95 2978.75 3688.29
114.517 755.465 1485.12 2239.95 2982.66 3693.29
114.667 756.465 1487.05 2242.86 2986.66 3698.29
114.817 757.465 1489.05  2245.8 2990.57 3703.29
114.817 758.465 1491.06 2248.82 2994.57 3708.27
114.817 759.465 1493.06 2251.84 2998.59 3713.24
114.817 760.465 1495.05 2254.84 3002.59 3718.24
114.966 761.465 1497.05 2257.78  3006.5 3723.24
115.115 762.465 1498.98  2260.7  3010.5 3728.24
115.265 763.458 1500.98  2263.7  3014.5  3733.1
115.265  764.47 1502.97  2266.7  3018.5  3738.1
115.265 765.482 1504.96  2269.7  3022.5  3743.1
115.265 766.498 1506.96 2272.71  3026.5 3748.07
115.412 767.479 1508.96 2275.71 3030.37 3753.07
115.561 768.479 1510.96 2278.65 3034.28 3758.07
115.709  769.46 1512.96 2281.65 3038.15 3763.07
115.858  770.46 1514.96 2284.59 3042.07 3768.07
116.004 771.432 1516.96 2287.47 3046.07 3773.07
116.152 772.432  1518.9 2290.39 3050.07 3778.07
116.152  773.45  1520.9 2293.39 3054.07 3783.05
116.302  774.45  1522.9 2296.35 3058.07 3787.93
116.302 775.462 1524.89 2299.35 3062.06 3792.93
116.448 776.434 1526.89 2302.23 3066.06 3797.93
116.594 777.406 1528.89 2305.11 3070.06 3802.93
116.744 778.406 1530.89 2308.11 3074.02 3807.83
116.891 779.387 1532.89 2311.11 3077.89 3812.83
 117.04  780.38 1534.89 2314.11 3081.89 3817.69
 117.04 781.396 1536.89 2317.11  3085.9 3822.66
 117.04 782.412 1538.89 2320.11 3089.91 3827.63
 117.04 783.428 1540.89 2323.11 3093.93  3832.6
 117.04 784.446 1542.89 2326.11 3097.93 3837.58
 117.04 785.462 1544.89 2329.11 3101.94 3842.55
 117.04 786.462 1546.89 2332.11 3105.96 3847.53
117.184 787.434 1548.89    2335 3109.96 3852.53
117.184  788.45 1550.89    2338 3113.97  3857.5
117.184  789.45 1552.89 2341.01 3117.99 3862.48
117.333  790.45 1554.89 2343.97 3121.99 3867.36
117.333 791.466 1556.89 2346.97    3126 3872.34
117.479 792.466 1558.83 2349.89    3130 3877.34
117.479 793.484 1560.83 2352.89    3134 3882.32
117.624 794.465 1562.83 2355.89 3137.87 3887.32
117.772 795.465 1564.83 2358.89 3141.83 3892.21
117.915 796.428 1566.73 2361.89 3145.83 3897.21
118.057 797.391 1568.62 2364.89 3149.83 3902.21
118.057 798.391 1570.62 2367.89 3153.85 3907.19
118.057 799.407 1572.62  2370.9 3157.85 3912.16
118.205 800.407 1574.62 2373.87 3161.85 3917.05
118.205 801.407 1576.62 2376.87 3165.87 3922.03
118.205 802.419 1578.61 2379.87 3169.86 3927.03
118.352 803.419 1580.61 2382.83 3173.86 3931.92
118.352 804.419 1582.61 2385.84 3177.88 3936.89
118.352 805.437 1584.62 2388.84 3181.88 3941.87
118.352 806.437 1586.61 2391.85 3185.88 3946.87
118.352 807.448  1588.6 2394.85 3189.88 3951.87
118.496 808.429  1590.6 2397.85 3193.75 3956.87
118.496 809.447  1592.6 2400.85 3197.75 3961.86
118.641 810.447 1594.55 2403.85 3201.66 3966.86
118.787 811.447 1596.55 2406.85 3205.61 3971.75
118.932 812.447 1598.55 2409.79 3209.53 3976.75
118.932 813.447 1600.54 2412.79 3213.53 3981.75
119.078 814.447 1602.51 2415.79 3217.53 3986.64
 119.22  815.42 1604.51 2418.68 3221.53 3991.64
119.367  816.42 1606.51 2421.68 3225.49 3996.54
119.512  817.42 1608.51 2424.62  3229.4 4001.54
119.512 818.431  1610.5 2427.62  3233.4 4006.54
119.655 819.431 1612.44 2430.54  3237.4 4011.54
119.655 820.431 1614.44 2433.55  3241.4 4016.52
119.801 821.431  1616.4 2436.55  3245.4 4021.41
119.801 822.447  1618.4 2439.57  3249.4 4026.38
119.801 823.447  1620.4 2442.58 3253.41 4031.36
119.946 824.447 1622.37 2445.58 3257.41 4036.25
120.091  825.44 1624.37 2448.58 3261.41 4041.11
120.091  826.44 1626.37 2451.59 3265.43 4046.08
120.232 827.413 1628.37 2454.48 3269.43 4051.08
120.232 828.413 1630.37 2457.49 3273.44 4056.06
120.372 829.377 1632.26 2460.49 3277.44 4061.06
120.516 830.377 1634.21 2463.49 3281.35 4066.06
120.516 831.388  1636.2 2466.49 3285.35 4071.06
120.516 832.399 1638.19 2469.49 3289.35 4076.06
120.516 833.414 1640.19  2472.5 3293.35 4081.03
120.658 834.414 1642.13 2475.42 3297.35 4086.03
  120.8 835.414 1644.07 2478.34 3301.35 4091.03
120.944 836.407 1646.07 2481.34 3305.35 4095.89
120.944 837.419 1648.06 2484.34 3309.35 4100.89
121.088 838.419 1650.06 2487.34  3313.3 4105.79
121.088 839.419 1652.05 2490.35  3317.3 4110.79
121.229 840.392 1654.05 2493.24  3321.3 4115.79
121.372 841.392 1656.05 2496.18 3325.22 4120.79
121.372 842.403 1658.04 2499.18 3329.22 4125.79
121.372 843.403 1660.04 2502.18 3333.24 4130.77
121.372 844.418 1662.04 2505.18 3337.25 4135.74
121.372 845.418 1664.03 2508.18 3341.25 4140.74
121.515 846.418 1666.03 2511.18 3345.21 4145.65
121.515 847.429 1668.02 2514.18 3349.21 4150.65
121.515  848.44 1670.01 2517.18 3353.21 4155.65
121.656  849.44 1671.95  2520.1 3357.21 4160.65
121.797 850.421 1673.95  2523.1 3361.08 4165.65
121.939 851.421  1675.9  2526.1 3364.99 4170.65
122.082 852.421  1677.9  2529.1 3368.95 4175.55
122.225 853.421 1679.87  2532.1 3372.95 4180.44
122.225 854.421 1681.86  2535.1 3376.95 4185.44
122.367 855.421 1683.86 2538.05 3380.87 4190.44
122.505 856.386 1685.76 2541.05 3384.87 4195.44
122.505 857.386 1687.76 2544.05 3388.89 4200.42
122.646 858.386 1689.71 2547.05  3392.8 4205.42
122.787 859.386 1691.64 2549.97  3396.8 4210.42
122.787 860.396 1693.64 2552.96 3400.79 4215.42
122.928 861.396 1695.59 2555.96  3404.7 4220.42
122.928 862.411 1697.59 2558.96 3408.71 4225.39
123.069 863.411 1699.59  2561.9 3412.63 4230.39
123.069 864.428 1701.59  2564.9 3416.63 4235.37
123.069 865.438 1703.59  2567.9 3420.62 4240.37
123.211 866.438 1705.56  2570.9 3424.62 4245.27
123.211 867.453 1707.56  2573.9 3428.64 4250.24
123.211 868.453 1709.55 2576.91 3432.64 4255.24
123.352 869.453  1711.5 2579.91 3436.55 4260.24
123.491 870.453 1713.44 2582.83 3440.55 4265.24
123.491 871.453 1715.44 2585.85 3444.55 4270.22
123.491 872.464 1717.43 2588.85 3448.55 4275.22
123.491 873.479 1719.43 2591.85 3452.56  4280.2
123.491 874.494 1721.43 2594.85 3456.57 4285.17
 123.63 875.476 1723.43 2597.85 3460.45 4290.17
 123.63 876.486 1725.43 2600.84 3464.44 4295.17
 123.63 877.496 1727.43 2603.84 3468.44 4300.17
123.766 878.461 1729.33 2606.84 3472.44 4305.17
123.766 879.461 1731.33 2609.85 3476.45 4310.14
123.766 880.461 1733.33 2612.86 3480.46 4315.12
123.766 881.461 1735.33 2615.88 3484.47 4320.09
123.904 882.442 1737.33 2618.88 3488.35 4325.09
123.904 883.457 1739.33 2621.89 3492.35 4330.07
123.904 884.473 1741.33 2624.89 3496.35 4335.05
123.904 885.488 1743.33 2627.89 3500.37 4340.02
124.044 886.488 1745.33 2630.89 3504.32 4344.93
124.182 887.488 1747.28 2633.89 3508.23 4349.93
124.321 888.488 1749.28 2636.83 3512.15 4354.93
124.321 889.488 1751.28 2639.85 3516.15 4359.91
124.459 890.488 1753.23 2642.85 3520.07 4364.91
124.595 891.462 1755.23 2645.74 3524.07 4369.91
124.595 892.477 1757.23 2648.75 3528.07 4374.88
124.735 893.477  1759.2 2651.75 3532.07 4379.78
124.872 894.459  1761.2 2654.75 3535.95 4384.78
 125.01 895.452  1763.2 2657.75 3539.95 4389.65
 125.01 896.462 1765.19 2660.75 3543.95 4394.65
125.149 897.455 1767.19 2663.75 3547.95 4399.51
125.149 898.466 1769.18 2666.75 3551.95 4404.51
125.286 899.466 1771.11 2669.67 3555.95 4409.51
125.286 900.466 1773.11 2672.68 3559.95 4414.51
 125.42 901.431 1775.01 2675.68 3563.95 4419.51
 125.42 902.446 1777.01 2678.68 3567.96 4424.49
 125.42 903.446 1779.01 2681.69 3571.96 4429.47
 125.42 904.446 1781.01 2684.69 3575.98 4434.45
125.559 905.446 1783.01 2687.69 3579.93 4439.36
125.698 906.446 1785.01 2690.66 3583.93 4444.26
125.698 907.446 1787.01 2693.66 3587.95 4449.24
125.698 908.456    1789 2696.66 3591.95 4454.24
125.836 909.456 1790.97 2699.66 3595.95 4459.13
125.836 910.456 1792.96 2702.66 3599.95 4464.13
125.973 911.456 1794.96  2705.6 3603.87 4469.13
126.109 912.456  1796.9 2708.53 3607.87 4474.13
126.109 913.471  1798.9 2711.54 3611.87 4479.11
126.247 914.471  1800.9 2714.54 3615.83 4484.01
126.385 915.471  1802.9 2717.54 3619.78 4488.92
126.523 916.471 1804.87 2720.54 3623.78 4493.81
126.656 917.436 1806.77 2723.54 3627.78 4498.81
126.656 918.446 1808.77 2726.54 3631.78 4503.81
126.656  919.46 1810.77 2729.54 3635.79 4508.79
126.656 920.471 1812.76 2732.54 3639.79 4513.79
126.794 921.471 1814.76 2735.54 3643.74  4518.7
126.794 922.486 1816.76 2738.54 3647.75 4523.67
126.794 923.496 1818.75 2741.54 3651.75 4528.67
 126.93 924.496 1820.75 2744.48 3655.67 4533.67
 126.93 925.496 1822.74 2747.48 3659.68 4538.67
127.066 926.489 1824.74 2750.48 3663.68 4543.54
127.199 927.455 1826.64 2753.48 3667.68 4548.54
127.336 928.455 1828.64 2756.45 3671.68 4553.44
127.473 929.455 1830.64 2759.41 3675.68 4558.34
127.607 930.437 1832.64 2762.41 3679.56 4563.34
127.607 931.448 1834.64 2765.41 3683.56 4568.34
127.607 932.448 1836.64 2768.43 3687.57 4573.31
127.607 933.464 1838.64 2771.43 3691.57 4578.29
127.742 934.446 1840.64 2774.43 3695.45 4583.29
127.877 935.446 1842.64 2777.37 3699.37 4588.29
128.013 936.439 1844.64 2780.37 3703.37 4593.17
128.147 937.421 1846.64 2783.37 3707.26 4598.17
128.147 938.435 1848.64 2786.38 3711.26 4603.14
128.147 939.449 1850.64 2789.38 3715.27 4608.12
128.283 940.442 1852.64 2792.38 3719.27 4612.99
128.283 941.442 1854.64 2795.38 3723.29 4617.97
128.417 942.442 1856.58 2798.31 3727.29 4622.97
128.417 943.453 1858.57 2801.31 3731.29 4627.97
128.552 944.453 1860.57 2804.25 3735.21 4632.97
128.552 945.453 1862.57 2807.26 3739.22 4637.95
128.552 946.453 1864.57 2810.27 3743.23 4642.92
128.688 947.453 1866.57 2813.24 3747.23 4647.82
128.823 948.453 1868.57  2816.2 3751.23 4652.72
128.958 949.446 1870.57  2819.2 3755.23 4657.59
129.094 950.446 1872.57 2822.17 3759.23 4662.49
129.229 951.446 1874.57 2825.14 3763.23 4667.39
129.229  952.46 1876.57 2828.15 3767.23 4672.36
129.363  953.46 1878.51 2831.07 3771.23 4677.36
129.499  954.46 1880.51 2834.04 3775.23 4682.26
129.499 955.474 1882.51 2837.04 3779.24 4687.24
129.499 956.483 1884.51 2840.03 3783.24 4692.24
129.633 957.483 1886.51 2842.98 3787.16 4697.24
129.633 958.483  1888.5 2845.98 3791.16 4702.24
129.633 959.494 1890.49 2848.98 3795.16 4707.24
129.633 960.494  1892.5    2852 3799.16 4712.22
129.633 961.505 1894.49    2855 3803.15 4717.22
129.766 962.505 1896.49 2857.94 3807.08 4722.22
129.766 963.514 1898.49 2860.94 3811.07 4727.22
  129.9 964.508 1900.49 2863.94 3815.07 4732.09
  129.9 965.508 1902.49 2866.96 3819.07 4737.08
  129.9 966.522 1904.49 2869.97 3823.07 4742.05
  129.9 967.531 1906.49 2872.96 3827.06 4747.05
  129.9 968.547 1908.49 2875.96 3831.06 4752.04
  129.9 969.547 1910.49 2878.96 3835.08 4757.02
130.033 970.547 1912.49 2881.91    3839 4762.02
130.167 971.547 1914.46 2884.91    3843 4766.92
130.301 972.547 1916.46 2887.91 3846.96 4771.82
130.301 973.547 1918.45 2890.91 3850.96 4776.82
130.435 974.547 1920.42 2893.91 3854.96 4781.72
130.435 975.547 1922.41 2896.92 3858.96 4786.72
130.568 976.547 1924.41 2899.92 3862.92 4791.63
130.568 977.561 1926.41 2902.92 3866.93 4796.61
130.702 978.561 1928.41 2905.92 3870.89 4801.52
130.702 979.571  1930.4 2908.92 3874.89 4806.52
130.832 980.546  1932.4 2911.81 3878.89 4811.52
130.965 981.539  1934.4 2914.81 3882.89 4816.39
131.098 982.539  1936.4 2917.78 3886.89 4821.29
131.098 983.539  1938.4 2920.79  3890.9 4826.27
131.098 984.548  1940.4 2923.79 3894.89 4831.27
131.231 985.548  1942.4 2926.75 3898.89 4836.17
131.364 986.548  1944.4 2929.72 3902.89 4841.07
131.364 987.548  1946.4 2932.72 3906.91 4846.05
131.364 988.562  1948.4 2935.72 3910.92 4851.03
131.495 989.562 1950.36 2938.72 3914.84 4856.03
131.495 990.572 1952.36 2941.72 3918.83 4861.03
131.495 991.572 1954.36 2944.73 3922.84    4866
131.495 992.572 1956.36 2947.74 3926.86 4870.98
131.495 993.572 1958.36 2950.76 3930.86 4875.96
131.495 994.572 1960.36 2953.76 3934.87 4880.95
131.625 995.554 1962.36 2956.76 3938.76 4885.95
131.754 996.529 1964.36 2959.65 3942.76 4890.95
131.884 997.512 1966.36 2962.65 3946.65 4895.95
131.884 998.512 1968.36 2965.66 3950.66 4900.92
131.884 999.527 1970.36 2968.66 3954.66 4905.91
131.884 1000.54 1972.36 2971.66 3958.67 4910.88
131.884 1001.54 1974.36 2974.68 3962.68 4915.86
132.015 1002.53 1976.36 2977.68 3966.68 4920.73
132.015 1003.53 1978.36 2980.68  3970.7 4925.72
132.146 1004.53 1980.36 2983.64  3974.7 4930.62