      1       3       3       3       5       6
1.55556 4.66667       5       6 7.77778      11
 2.2657 5.66667       7 8.73913 11.3285      16
 2.2657 7.24806 8.95349 11.7391 15.3285 20.4651
2.71916  8.6987 10.9535 14.7391 19.3285  24.561
3.23686  9.6987 12.9535 17.5453 23.3285 29.2372
3.23686 11.1464  14.887 20.1642 27.3285 34.2372
3.23686  12.594 16.8204  22.783 31.3285 39.2372
3.23686  13.594 18.9378  25.783 35.2721 44.1763
3.23686  14.594 20.9378 28.7232 39.2943 49.2139
3.23686 15.9593 22.8965 31.7232 42.9703 54.2139
3.23686 17.3311 24.8646 34.7232 46.9703 58.8739
3.23686 18.7029 26.8327 37.7232 50.9703  63.534
3.47651 19.7029 28.8194 40.7232  54.744  68.534
3.70394 20.9919 30.8194 43.7232  58.744 73.0176
3.70394 22.3636 32.8194 46.5802  62.744 77.7889
3.70394 23.7091 34.7939 49.5802  66.744 82.4689
3.89637 24.9408 36.7939  52.156  70.744 87.4689
3.89637 26.3025 38.7939  55.156 74.6066 92.2446
3.89637 27.6643 40.7939  58.156 78.4691 97.0203
 4.0858 28.6643 42.7771 60.9834 82.4691  102.02
4.24809 29.8029 44.4763 63.9834 86.4691  107.02
4.44201 30.8029 46.4763 66.9041 90.4691 111.906
4.44201 32.1239 48.4763 69.9041  94.349 116.705
 4.6159 33.3814 50.4763 72.9041  98.349 121.273
 4.6159 34.3814 52.4763 75.8948 102.383 126.248
 4.6159 35.6748 54.4763 78.7499 106.235 131.248
 4.6159 36.9682 56.4763 81.6049 110.087 136.248
 4.6159 37.9682 58.5278 84.6049 114.086 141.198
 4.6159 38.9682 60.5757 87.5652 118.077 146.198
 4.6159 40.2541 62.5757 90.4549 122.077 151.022
4.75234  41.444 64.5757 93.1286 126.077 156.022
4.75234 42.7249 66.5757 96.1286 129.974 160.844
4.75234 43.7249 68.6334 99.0996 133.974 165.816
4.88985 44.7249 70.6193   102.1 137.851 170.816
5.03066 45.7249 72.6193  105.04 141.851 175.735
  5.171 46.7249 74.6193  108.04 145.808 180.637
  5.171  47.977 76.6193  111.04 149.715 185.478
5.30774  48.977 78.6193  114.04 153.674 190.382
 5.4379 50.1781 80.6193  117.04 157.674 195.051
5.56537 51.3544 82.6193  120.04  161.37 200.051
5.56537 52.5987 84.6193 122.948  165.37 204.898
5.56537 53.8117 86.5708 125.784  169.37 209.898
5.69492 54.8117 88.5708 128.712 173.313 214.898
5.69492 56.0405 90.5708 131.597 177.198 219.898
5.69492 57.0405 92.6196 134.574 181.198 224.872
5.69492 58.0405 94.6626 137.574 185.195 229.833
5.80808 59.1938 96.6626 140.308 189.195 234.833
5.92933 60.1938 98.6626 143.237 193.145 239.833
6.04984 61.1938 100.668 146.237 197.145 244.707
6.16319 62.3404 102.668 148.977 201.145 249.707
6.16319 63.3404 104.709 151.938 205.143 254.707
6.28222 64.3404 106.709 154.938 209.105 259.626
6.40164 65.3404 108.709 157.883 213.105 264.561
6.50807 66.4267 110.516 160.883 217.105 269.561
6.50807 67.4267 112.559 163.857 221.105 274.544
6.62444 68.4267 114.559 166.787 225.058 279.544
6.62444 69.6005 116.524 169.787 228.919 284.544
6.62444 70.7961 118.524 172.704 232.919 289.432
6.72587   71.88 120.339 175.704 236.919 294.432
6.72587   72.88  122.37 178.704 240.918 299.402
6.83629   73.88  124.37 181.638 244.874 304.402
6.94615   74.88 126.368 184.638 248.874 309.294
7.05271 76.0287 128.368 187.638 252.874 314.038
7.15927 77.1774 130.368 190.638 256.874 318.783
7.27014 78.1774 132.368  193.59 260.874  323.72
7.27014 79.3383 134.334  196.59 264.747  328.72
7.27014 80.5122 136.334 199.499 268.665  333.72
7.27014 81.6861 138.334 202.408 272.582  338.72
7.27014 82.6861 140.364 205.378 276.582  343.72
7.36931  83.814 142.364 208.378 280.355  348.72
7.36931  84.814 144.394 211.378 284.352 353.692
7.47137  85.814 146.394 214.378 288.352  358.59
7.47137  86.968 148.362 217.378  292.23  363.59
7.57274  87.968 150.362 220.378 296.195 368.524
7.67065 89.1053 152.362 223.378 300.195 373.289
7.76302 90.1783 154.197 226.378 304.195 378.289
7.76302 91.3454 156.197 229.378 308.132 383.185
7.76302 92.5075 158.197 232.296 312.052 388.185
7.85716 93.6293 160.197 235.296 315.836 393.185
7.95515 94.6293 162.195 238.296 319.836 398.089
8.04932 95.7493 164.195 241.296 323.622 403.089
8.14348 96.8694 166.195 244.296 327.408 408.089
8.24135 97.8694 168.192 247.296 331.408 412.993
8.24135 99.0161 170.163 250.296  335.29 417.993
 8.3385 100.016 172.163 253.247 339.243 422.993
 8.3385 101.176 174.163 256.183 343.243 427.897
 8.3385 102.335 176.163 259.119 347.243 432.802
 8.3385 103.486 178.144 262.119 351.243 437.669
 8.4327 104.486 180.144  265.08 355.243 442.614
8.52277 105.602 182.144  268.08 359.037 447.614
8.52277 106.602  184.17  271.08 363.031 452.593
8.52277 107.749 186.152  274.08 367.031 457.464
8.52277 108.749 188.152 277.074  371.04 462.461
8.52277 109.904 190.152 280.074 374.978 467.369
8.52277 111.049 192.135 283.074 378.978 472.241
8.60824 112.163 194.135 286.074 382.779 477.241
8.60824 113.302 196.107 289.074 386.667 482.241
8.69654 114.302 198.107 292.039 390.667 487.188
8.78119 115.415 200.107 295.039  394.47 492.188
8.78119 116.415 202.131 298.024 398.461 497.188
8.78119 117.564 204.131 300.966 402.461 502.096
8.86091 118.631 205.984 303.966 406.461 507.096
8.94714 119.631 207.984 306.924 410.416 512.096
8.94714 120.775 209.984 309.858 414.339 517.096
8.94714 121.906 211.951  312.76 418.339 522.096
8.94714 123.054 213.951  315.76 422.277 527.011
8.94714 124.054 215.976 318.748 426.277 531.998
8.94714 125.199 217.976 321.691 430.277  536.91
9.02868 126.199 219.962 324.623 434.277  541.91
9.10494 127.265  221.82 327.623 438.277  546.91
9.18735 128.265  223.82 330.623 442.244  551.86
9.26365  129.33 225.679 333.623 446.244  556.86
9.26365 130.472 227.679 336.623 450.185 561.778
9.34288 131.588 229.679 339.623 454.185 566.583
9.42137 132.694 231.679 342.623 458.001 571.583
9.50298 133.694 233.679 345.623 461.968 576.534
9.58384 134.694 235.667 348.623 465.899 581.534
9.58384 135.694 237.688 351.613 469.899 586.522
9.58384  136.82 239.662 354.613 473.799 591.522
9.66406  137.82 241.662 357.582 477.799 596.473
9.66406  138.82 243.662 360.579 481.804 601.472
9.66406  139.82 245.662 363.575 485.808 606.471
9.74077  140.93 247.662 366.575 489.808 611.285
9.74077  141.93 249.681 369.575 493.803  616.27
9.74077  142.93 251.681 372.573 497.807 621.268
9.81824  143.93 253.681 375.536 501.767 626.268
9.89054 144.989 255.549 378.536 505.767 631.268
9.89054 145.989 257.569 381.527 509.767 636.257
 9.9623 147.049 259.438 384.527 513.767 641.257
10.0386 148.049 261.425 387.527 517.703 646.257
10.0386 149.171 263.406 390.527 521.703 651.154
10.0386 150.171 265.424 393.527 525.698 656.141
10.1144 151.171 267.424 396.498 529.698 661.094
10.1852 152.228 269.295 399.498 533.698 666.094
10.1852 153.228 271.311 402.488 537.693 671.094
10.2584  154.33 273.311 405.488 541.693  675.92
10.3334  155.33 275.311 408.453 545.653  680.92
10.3334 156.441 277.279 411.374 549.653  685.92
10.4055 157.533 279.279 414.374 553.489  690.92
10.4055 158.653 281.279 417.319 557.424  695.92
10.4055 159.653 283.295 420.319 561.419 700.908
10.4055 160.762 285.264 423.241 565.419 705.908
10.4779 161.762 287.248 426.184 569.419 710.908
10.4779 162.762 289.264 429.184 573.415 715.896
10.5503 163.762 291.264  432.15 577.377 720.896
10.5503 164.762  293.28  435.15 581.373 725.885
 10.622 165.762 295.274  438.15 585.373  730.82
10.6923 166.858 297.274  441.15 589.373 735.653
 10.764 167.858 299.267  444.15 593.373 740.588
10.8343 168.954 301.267  447.15 597.373 745.422
10.9063 169.954 303.267  450.15 601.345 750.378
10.9063  171.07 305.267 453.106 605.345 755.306
10.9063  172.07 307.284 456.099 609.345 760.295
10.9746 173.147 309.284 458.954 613.345 765.295
10.9746 174.147 311.301 461.947 617.345 770.286
11.0445 175.147 313.286 464.892 621.345 775.286
11.1124 176.223 315.286 467.748 625.345 780.286
11.1124 177.337 317.286 470.704 629.345 785.217
11.1124 178.439 319.258  473.63 633.345 790.217
11.1821 179.439 321.258 476.601 637.345 795.175
11.1821 180.549 323.258 479.549 641.287 800.175
11.2487 181.625 325.258 482.407 645.287 805.175
 11.318 182.625 327.258 485.407  649.26 810.132
 11.318 183.726 329.231 488.333  653.26 815.132
 11.318 184.829 331.207 491.333 657.181 820.132
11.3859 185.829 333.195 494.333 661.125 825.132
11.3859 186.829 335.209 497.322 665.122 830.132
 11.454 187.829 337.209 500.293 669.122 835.093
 11.454 188.829 339.209 503.288 673.128 840.092
 11.454 189.933 341.193 506.288 677.128 845.004
 11.454 191.031 343.166 509.217 681.128 850.004
11.5208 192.031 345.166 512.189 685.128 854.966
11.5208 193.131 347.143 515.189 689.052 859.966
11.5853 194.211 349.143 518.189 692.907 864.966
11.6493 195.284 351.143 521.052 696.907 869.966
11.7157 196.284 353.143 524.023 700.907 874.927
11.7806 197.372 355.143 527.023 704.907 879.775
11.7806 198.474 357.126 530.023 708.907 884.689
11.8452 199.562 359.126 533.023 712.907 889.537
11.9111 200.562 361.126  535.99 716.874 894.537
 11.977 201.562 363.126 538.956 720.842 899.537
12.0393 202.611 365.015 541.956 724.842 904.537
12.1039 203.697 367.015 544.956 728.842 909.386
12.1039 204.697 369.028 547.945  732.84 914.386
12.1039 205.697 371.042 550.945 736.838 919.375
12.1677 206.782 373.042 553.945 740.838 924.225
12.1677 207.887 375.042 556.904 744.838 929.162
12.1677 208.991 377.042 559.904 748.796 934.099
12.2324 209.991 379.042 562.878 752.796 939.061
12.2965 210.991 381.028 565.828 756.796 944.061
12.3588 212.061 383.028 568.696 760.796 949.061
12.3588 213.164 385.028 571.696 764.754 953.999
12.4195 214.212  386.92 574.696 768.754 958.999
12.4195 215.212 388.933 577.696 772.753 963.987
12.4195 216.311 390.933 580.648 776.701 968.987
12.4195 217.414 392.933 583.607 780.701 973.926
12.4195 218.414 394.945 586.607   784.7 978.914
12.4811 219.497 396.945 589.607   788.7 983.769
12.5423 220.572 398.945 592.607 792.564 988.769
12.5423 221.572  400.96   595.6 796.564 993.762
12.5423 222.671  402.96 598.552 800.513 998.762
12.6046 223.671  404.96 601.552 804.489 1003.72
12.6656 224.753  406.96 604.552 808.489 1008.58
12.7274 225.753 408.946 607.504 812.489 1013.58
12.7274 226.753 410.959 610.493 816.487 1018.58
12.7881 227.834 412.959 613.493 820.487 1023.44
12.7881 228.834 414.959 616.489 824.494 1028.44
12.7881 229.933 416.959  619.45 828.494 1033.38
12.7881 231.033 418.959  622.45 832.455 1038.32
12.8475 232.106 420.959  625.45 836.322 1043.32
12.8475 233.195 422.934 628.385 840.322 1048.32
12.9063 234.262 424.934  631.26 844.322 1053.32
 12.967 235.262 426.934 634.228 848.293 1058.32
 12.967 236.358 428.934 637.182 852.243 1063.32
 12.967 237.453 430.934 640.136 856.194 1068.32
13.0272 238.453 432.934 643.111 860.194 1073.28
13.0272 239.453 434.947 646.111 864.192 1078.27
13.0272 240.453 436.947 649.106 868.199 1083.27
13.0272 241.453 438.947 652.101 872.205 1088.27
13.0272  242.54 440.923 655.037 876.205 1093.27
13.0272 243.634 442.923 657.992 880.157 1098.27
 13.086 244.634 444.923 660.961 884.129 1103.27
 13.086 245.634 446.935 663.961 888.127 1108.26
13.1416 246.679 448.836 666.961 892.127 1113.26
13.1416 247.679 450.847 669.951 896.126 1118.26
13.1416 248.771 452.847 672.905 900.078 1123.26
13.1997 249.771 454.847 675.905 904.056 1128.22
 13.256 250.835 456.847 678.785 908.056 1133.22
13.3141 251.835 458.847  681.76 912.056 1138.19
13.3141 252.922 460.827  684.76  915.99 1143.19
13.3719 253.922 462.827  687.76 919.968 1148.15
13.3719 255.015 464.827 690.722 923.968  1153.1
13.4283 256.091 466.827 693.722 927.968 1157.96
13.4283 257.091 468.838 696.722 931.967 1162.95
13.4856 258.091 470.838 699.692  935.94 1167.95
13.4856  259.18 472.824 702.692  939.94 1172.88
13.4856  260.18 474.824 705.687 943.946 1177.88
13.5421  261.18 476.813 708.687   947.9 1182.88
13.5421  262.18 478.825 711.677 951.899 1187.88
13.5421 263.267 480.811 714.677 955.899  1192.8
13.5421 264.355 482.796 717.677 959.899 1197.73
13.5965 265.417 484.796  720.56 963.899 1202.73
13.5965 266.417 486.808  723.56 967.898 1207.72
13.6507 267.479 488.808 726.444 971.898 1212.72
13.6507  268.57 490.808 729.407 975.898 1217.67
13.6507 269.658 492.808 732.363 979.853 1222.67
13.7061 270.658 494.808 735.339 983.853 1227.64
13.7061 271.749 496.808 738.339 987.817 1232.58
13.7061 272.839 498.808 741.339 991.781 1237.53
13.7061 273.922 500.788 744.339 995.717 1242.53
13.7609 274.922 502.788 747.339 999.697 1247.49
13.8131 275.964 504.694 750.339  1003.7 1252.49
13.8131 277.054 506.694 753.339 1007.66 1257.44
13.8675 278.054 508.694  756.31 1011.63 1262.44
13.9211 279.127 510.694  759.31 1015.63 1267.31
 13.973 280.169   512.6  762.31 1019.63 1272.31
 13.973 281.254 514.586  765.31 1023.63 1277.24
14.0257 282.315 516.586 768.197 1027.63 1282.24
14.0784 283.376 518.586 771.083 1031.63 1287.24
14.0784 284.376 520.598 774.076 1035.63 1292.24
14.0784 285.376 522.598  777.07 1039.64 1297.24
14.0784 286.376 524.608  780.07 1043.64 1302.23
14.0784 287.376 526.619  783.06 1047.64 1307.23
14.0784 288.376 528.631 786.052 1051.64 1312.22
14.0784 289.455  530.61 788.994 1055.64 1317.22
14.0784 290.455  532.61 791.989 1059.65 1322.22
14.1304 291.527  534.61 794.989 1063.65  1327.1
14.1832 292.527  536.61  797.96 1067.62  1332.1
14.1832 293.611  538.61 800.918 1071.58  1337.1
14.2359 294.611  540.61 803.918 1075.56 1342.06
14.2883 295.611 542.599 806.877 1079.56 1347.06
14.2883 296.693 544.586 809.877 1083.56    1352
14.3407 297.693 546.586 812.877 1087.54 1356.96
14.3407 298.779 548.586 815.877 1091.51 1361.91
14.3407 299.857 550.565  818.82 1095.51 1366.91
14.3407  300.94 552.565 821.778 1099.47 1371.91
14.3927  301.94 554.565 824.778 1103.45 1376.88
14.4446  302.94 556.565 827.778 1107.43 1381.85
14.4446 304.021 558.551 830.778 1111.43 1386.78
 14.496 305.021 560.541 833.778 1115.39 1391.78
 14.496 306.106 562.541 836.743 1119.39 1396.73
 14.496 307.183  564.52 839.687 1123.39 1401.73
14.5471 308.183 566.509 842.647 1127.39 1406.73
14.5984 309.183 568.509 845.619 1131.36 1411.73
14.5984 310.183 570.509 848.613 1135.37 1416.73
14.5984 311.267 572.509 851.613 1139.34 1421.68
14.5984 312.351 574.509 854.579 1143.34 1426.63
14.6493 313.351 576.509 857.579 1147.32 1431.59
   14.7 314.351 578.504 860.579 1151.32 1436.55
14.7508 315.351 580.504 863.579  1155.3 1441.52
14.7994  316.39 582.417 866.579  1159.3 1446.52
14.7994  317.47 584.417 869.539 1163.26 1451.52
14.7994  318.47 586.426 872.539 1167.26 1456.51
14.8499  319.47 588.426 875.539 1171.24 1461.48
14.8499 320.549 590.413 878.539 1175.24 1466.41
14.8499 321.549 592.413 881.534 1179.25 1471.41
   14.9 322.549 594.413 884.534 1183.23 1476.38
14.9493 323.616 596.413 887.534 1187.23 1481.26
14.9993 324.616 598.408 890.534 1191.23 1486.22
14.9993 325.616 600.408 893.529 1195.23 1491.21
 15.049 326.616 602.398 896.529 1199.19 1496.21
 15.049 327.693 604.385 899.529 1203.19 1501.15
15.0977 328.753 606.385 902.529 1207.09 1506.15
15.1474 329.753  608.38 905.529 1211.09 1511.11
15.1474 330.834  610.38 908.529 1215.05 1516.06
15.1474 331.908 612.361 911.529    1219 1521.06
15.1955 332.962 614.361 914.426    1223 1526.06
15.1955 333.962 616.361 917.421    1227 1531.06
15.2446 334.962 618.351 920.421 1230.97 1536.06
15.2939 335.962 620.351   923.4 1234.97 1541.03
15.2939 336.962  622.36   926.4 1238.97 1546.02
15.2939  338.04  624.36 929.362 1242.93 1551.02
15.2939  339.04  626.36 932.357 1246.93 1556.02
15.3419 340.105  628.36 935.357 1250.93  1560.9
15.3419  341.18 630.348 938.357 1254.93 1565.84
15.3419 342.259 632.348 941.357  1258.9 1570.79
15.3905 343.259 634.348 944.357 1262.88 1575.76
 15.439 344.259 636.348 947.357 1266.87 1580.73
 15.439 345.338 638.348 950.357 1270.83 1585.68
15.4871 346.338 640.338 953.319 1274.83 1590.68
15.4871 347.409 642.318 956.268 1278.83 1595.68
15.5354 348.409 644.318 959.268 1282.82 1600.65
15.5816 349.446 646.235 962.268 1286.82 1605.65
15.6296 350.446 648.225  965.23 1290.82 1610.65
15.6767 351.503 650.225  968.23 1294.71 1615.65
15.7229  352.54 652.142  971.23 1298.71 1620.65
15.7229 353.617 654.142  974.23 1302.68 1625.61
15.7229 354.695 656.142 977.199 1306.68 1630.56
15.7709 355.695 658.142 980.179 1310.68 1635.53
15.8178 356.752 660.142 983.179 1314.58 1640.53
15.8178 357.752 662.151  986.17 1318.58 1645.53
15.8178 358.752 664.159  989.17 1322.58 1650.52
15.8642 359.804 666.159 992.072 1326.58 1655.52
15.9098  360.84 668.077 995.072 1330.58 1660.52
15.9564 361.897 670.077 998.072 1334.47 1665.52
 16.003 362.954 672.077 1001.07 1338.37 1670.52
16.0507 363.954 674.077 1004.05 1342.37  1675.5
16.0983 364.954 676.077 1007.05 1346.35 1680.47
16.1459 365.954 678.077 1010.03 1350.35 1685.44
16.1459 367.026 680.065 1013.03 1354.35 1690.38
16.1932 368.026 682.055 1016.03 1358.32 1695.38
16.1932 369.102 684.055    1019 1362.32 1700.33
16.1932 370.102 686.055    1022 1366.32 1705.33
16.1932 371.102 688.063 1024.99 1370.32 1710.33
16.1932 372.174 690.051 1027.99 1374.32 1715.27
16.1932 373.249 692.051 1030.96 1378.32 1720.23
16.1932 374.318 694.033 1033.96 1382.27 1725.23
16.1932 375.387 696.014 1036.91 1386.27 1730.23
16.1932 376.462 698.014 1039.88 1390.27 1735.18
16.1932 377.462 700.022 1042.87 1394.27 1740.18
16.2393 378.462 702.017 1045.87 1398.27 1745.14
16.2856 379.462 704.017 1048.85 1402.27 1750.12
16.2856 380.533 706.005 1051.85 1406.27 1755.06
16.3305 381.584 708.005 1054.76 1410.27 1760.06
16.3305 382.584 710.013 1057.75 1414.27 1765.06
16.3754 383.634 712.013 1060.65 1418.27 1770.06
16.4212 384.634 714.003 1063.62 1422.27 1775.06
16.4212 385.702 715.985 1066.62 1426.22 1780.06
16.4661 386.757 717.985 1069.62 1430.12 1785.06
16.4661 387.757 719.993 1072.61 1434.12 1790.06
16.5107 388.807 721.993 1075.51 1438.12 1795.06
16.5564 389.807 723.993 1078.49 1442.12 1800.03
16.6021 390.807 725.993 1081.47  1446.1 1805.03
16.6021 391.879 727.993 1084.43 1450.06 1810.03
16.6021 392.952 729.993 1087.43 1454.03 1814.99
16.6475 393.952 731.988 1090.43 1458.03 1819.95
16.6918 395.002 733.988 1093.34 1462.03 1824.95
16.6918 396.002 735.988 1096.33 1466.04 1829.95
16.7365 397.061 737.988 1099.33 1470.04 1834.84
16.7365 398.061 739.997 1102.33 1474.04 1839.84
  16.78 399.095 741.919 1105.33 1478.04 1844.84
  16.78 400.162 743.902 1108.33 1481.99 1849.84
 16.825 401.162 745.897 1111.33 1485.99  1854.8
16.8699 402.162 747.891 1114.33 1489.99 1859.76
16.9151 403.162 749.891 1117.31 1493.99 1864.74
  16.96 404.162 751.882 1120.31 1497.95 1869.74
  16.96 405.233 753.882 1123.31 1501.92 1874.69
 17.005 406.233 755.882 1126.29 1505.92 1879.67
17.0499 407.233 757.882 1129.26  1509.9 1884.67
17.0499 408.302  759.87 1132.26  1513.9 1889.61
17.0499  409.37 761.858 1135.26  1517.9 1894.56
17.0947  410.37 763.858 1138.24  1521.9 1899.53
17.0947 411.439 765.858 1141.21 1525.87 1904.53
17.1393 412.439 767.858 1144.21 1529.85  1909.5
17.1393  413.51 769.858 1147.18 1533.85 1914.46
17.1821 414.543 771.781 1150.18 1537.85 1919.46
17.1821 415.611 773.769 1153.18 1541.85  1924.4
17.1821 416.679 775.757 1156.18 1545.85 1929.35
17.1821 417.679 777.765 1159.18 1549.85 1934.34
17.2261 418.679 779.755 1162.15 1553.85 1939.34
17.2261 419.679 781.762 1165.14 1557.85 1944.34
  17.27 420.679 783.757 1168.14 1561.85  1949.3
17.3124 421.712 785.682 1171.14 1565.85  1954.3
17.3124 422.776 787.665 1174.14 1569.81  1959.3
17.3562 423.776 789.655 1177.14 1573.77  1964.3
17.3562 424.846 791.655 1180.14 1577.74 1969.26
17.3562 425.846 793.662 1183.13 1581.74 1974.26
17.3983 426.879 795.587 1186.13 1585.74 1979.26
17.3983 427.946 797.587  1189.1 1589.71 1984.26
17.3983 429.014 799.587 1192.06 1593.68 1989.26
17.4411 430.071 801.587 1195.06 1597.68 1994.16
 17.483 431.104 803.512 1198.06 1601.68 1999.16
 17.483 432.104 805.519 1201.06 1605.68 2004.15
17.5262 433.104 807.509 1204.06 1609.64 2009.15
17.5688 434.155 809.509 1207.06 1613.55 2014.15
17.6115 435.211 811.509 1210.06 1617.55 2019.05
17.6115  436.28 813.509 1213.04 1621.55 2024.01
17.6548  437.28 815.509 1216.02 1625.55 2028.99
17.6548 438.343 817.491 1218.97 1629.55 2033.99
17.6548 439.343   819.5 1221.97 1633.55 2038.99
17.6978 440.343 821.494 1224.97 1637.55 2043.95
17.6978 441.343 823.494 1227.96 1641.55 2048.95
17.6978 442.411 825.494 1230.96 1645.53 2053.91
17.6978 443.479 827.494 1233.94 1649.53 2058.87
17.7403 444.479 829.484 1236.94 1653.49 2063.87
17.7403 445.547 831.484 1239.91 1657.49 2068.83
17.7403 446.547 833.484  1242.9  1661.5 2073.82
17.7827 447.547 835.474 1245.87  1665.5 2078.82
17.8246 448.603 837.474 1248.87  1669.5 2083.73
17.8246 449.603 839.481 1251.86  1673.5 2088.73
17.8669 450.603 841.471 1254.83  1677.5 2093.73
17.9087 451.658 843.471 1257.83  1681.5 2098.63
17.9087 452.726 845.471  1260.8  1685.5 2103.59
17.9087 453.793 847.471  1263.8 1689.47 2108.55
 17.951 454.793 849.471 1266.79 1693.47 2113.52
 17.993 455.793 851.461 1269.75 1697.47 2118.52
18.0352 456.793 853.456 1272.75 1701.47 2123.49
18.0352 457.857 855.444 1275.75 1705.47 2128.43
18.0772 458.857 857.439 1278.75 1709.47  2133.4
18.1193 459.857 859.434 1281.75 1713.47 2138.36
18.1599 460.889 861.362 1284.75 1717.47 2143.36
18.1599 461.949 863.344 1287.71 1721.47 2148.36
18.2005 462.981 865.272 1290.71 1725.47 2153.36
18.2419 464.035 867.272 1293.71 1729.47 2158.27
18.2825 465.067   869.2 1296.71 1733.47 2163.27
18.3245 466.067   871.2 1299.71 1737.46 2168.24
18.3664 467.067  873.19 1302.68 1741.46 2173.24
18.3664 468.133  875.19 1305.65 1745.46  2178.2
18.4077 469.187  877.19 1308.65 1749.46  2183.1
18.4489 470.236  879.19 1311.65 1753.37  2188.1
18.4489 471.236 881.198 1314.65 1757.37  2193.1
18.4489 472.236 883.204 1317.64 1761.37  2198.1
18.4489   473.3 885.204 1320.61 1765.34  2203.1
18.4489   474.3 887.204 1323.61 1769.34  2208.1
18.4489 475.363 889.204 1326.57 1773.31  2213.1
18.4489 476.363 891.211 1329.57 1777.31  2218.1
18.4901 477.363 893.201 1332.54 1781.31  2223.1
18.5315 478.363 895.201 1335.52 1785.31 2228.07
18.5726 479.363 897.191 1338.49 1789.31 2233.07
18.5726 480.363 899.199 1341.49 1793.31 2238.07
18.5726 481.363 901.207 1344.48 1797.31 2243.07
18.5726 482.363 903.213 1347.48 1801.31 2248.06
18.5726 483.423 905.197 1350.48 1805.27 2253.06
18.6136 484.423 907.191 1353.48 1809.27 2258.02
18.6532 485.453 909.121 1356.48 1813.27 2263.02
 18.694 486.453 911.111 1359.45 1817.27 2268.02
18.7341 487.497 913.111 1362.37 1821.27 2273.02
18.7341 488.497 915.111 1365.36 1825.27 2278.02
18.7341 489.555 917.094 1368.32 1829.27 2283.02
 18.774 490.599 919.094 1371.24 1833.27 2288.02
 18.774 491.599 921.094 1374.23 1837.28 2293.02
18.8134 492.629 923.025 1377.23 1841.28 2298.02
18.8536 493.681 925.025 1380.23 1845.28 2302.93
18.8536  494.74 927.008 1383.23 1849.24 2307.93
18.8536 495.801 928.997 1386.23 1853.24 2312.88
18.8939 496.801 930.987  1389.2 1857.24 2317.88
18.9343 497.801 932.977 1392.17 1861.24 2322.88
18.9343 498.801 934.983 1395.16 1865.24 2327.88
18.9343 499.859 936.966 1398.12 1869.24 2332.88
18.9734 500.889 938.897 1401.12 1873.24 2337.88
18.9734 501.889 940.897 1404.12 1877.24 2342.88
19.0136 502.889 942.891 1407.12 1881.24 2347.84
19.0136 503.889 944.898 1410.11 1885.24 2352.84
19.0136 504.949 946.886 1413.11 1889.24 2357.79
19.0136 506.012 948.886 1416.11 1893.22 2362.75
19.0534 507.012 950.876 1419.09 1897.22 2367.75
19.0935 508.012 952.876 1422.07 1901.22 2372.73
19.0935 509.074 954.876 1425.07 1905.19 2377.69
19.0935 510.132  956.86 1428.07 1909.15 2382.69
19.0935 511.132 958.866 1431.06 1913.15 2387.69
19.1333 512.132 960.866 1434.04 1917.15 2392.67
 19.173 513.132 962.866 1437.02 1921.14 2397.67
 19.173 514.192 964.854 1440.02 1925.14 2402.62
19.2114 515.221 966.786 1443.02 1929.14 2407.62
19.2114 516.279  968.77 1446.02  1933.1 2412.62
19.2114 517.336 970.753 1448.98  1937.1 2417.62
19.2508 518.336 972.743 1451.98 1941.07 2422.62
19.2508 519.396 974.743 1454.95 1945.04 2427.62
19.2897 520.446 976.743 1457.95 1949.04 2432.53
19.2897 521.506 978.732 1460.95 1953.04 2437.48
19.2897 522.506 980.738 1463.95 1957.04 2442.48
19.2897 523.506 982.744 1466.95 1961.04 2447.48
19.3289 524.506 984.738 1469.95 1965.04 2452.44
19.3289 525.567 986.738 1472.92 1969.04 2457.41
19.3289 526.567 988.743 1475.92 1973.04 2462.41
19.3289 527.624 990.726 1478.88 1977.04 2467.41
19.3289 528.624 992.726 1481.87 1981.04  2472.4
19.3289 529.624 994.726 1484.87 1985.05  2477.4
19.3677 530.624 996.726 1487.85 1989.03  2482.4
19.3677 531.685 998.726 1490.82 1993.03 2487.37
19.3677 532.746 1000.73  1493.8 1997.03 2492.33
19.4063 533.746 1002.73 1496.78 2001.01 2497.33
19.4443 534.791 1004.73 1499.78 2004.93 2502.33
19.4443 535.791 1006.73 1502.78 2008.93 2507.32
19.4821 536.832 1008.73  1505.7 2012.93 2512.32
19.4821 537.832 1010.73 1508.69 2016.94 2517.32
19.4821 538.832 1012.74 1511.69 2020.94 2522.32
19.4821 539.832 1014.74 1514.68 2024.94 2527.32
19.5199 540.881 1016.74 1517.68 2028.94 2532.24
19.5582 541.881 1018.73 1520.65 2032.94 2537.24
19.5582 542.937 1020.71 1523.65  2036.9 2542.24
19.5582 543.937 1022.72 1526.65 2040.91 2547.23
19.5962 544.937 1024.71 1529.65 2044.88 2552.23
19.5962 545.937 1026.71 1532.65 2048.88 2557.23
19.6336 546.978 1028.71 1535.57 2052.88 2562.23
19.6705 548.006 1030.64 1538.57 2056.88 2567.23
19.7086 549.006 1032.64 1541.57 2060.88  2572.2
19.7467 550.006 1034.64 1544.57 2064.87 2577.17
19.7848 551.006 1036.64 1547.55 2068.85 2582.17
19.8229 552.006 1038.64 1550.55 2072.84 2587.15
19.8229 553.006 1040.64 1553.54 2076.84 2592.15
19.8229 554.006 1042.64 1556.54 2080.84 2597.15
19.8229 555.006 1044.65 1559.54 2084.84 2602.14
19.8229 556.061 1046.63 1562.54 2088.81 2607.14
19.8229  557.12 1048.63 1565.51 2092.81 2612.11
19.8229 558.174 1050.62 1568.47 2096.81 2617.11
19.8229 559.174 1052.62 1571.47 2100.81 2622.11
19.8604 560.174 1054.61 1574.44 2104.81 2627.11
19.8604 561.174 1056.61 1577.43 2108.81 2632.11
19.8604 562.174 1058.61 1580.43 2112.82 2637.11
19.8979 563.174 1060.61 1583.43  2116.8 2642.08
19.9352 564.174  1062.6  1586.4  2120.8 2647.08
19.9352 565.174 1064.61  1589.4  2124.8 2652.08
19.9352  566.23  1066.6  1592.4  2128.8 2657.04
19.9726  567.23  1068.6 1595.38  2132.8 2662.01
20.0099  568.23  1070.6 1598.36 2136.79 2667.01
20.0099  569.23  1072.6 1601.36 2140.79 2672.01
20.0467 570.277  1074.6 1604.36 2144.79 2676.93
20.0839 571.277  1076.6 1607.36 2148.77  2681.9
20.1211 572.277 1078.59 1610.33 2152.77  2686.9
20.1211  573.33 1080.58 1613.33 2156.74  2691.9
20.1211  574.33 1082.58 1616.32 2160.74  2696.9
20.1211  575.33 1084.59 1619.32 2164.74  2701.9
 20.157 576.357 1086.52 1622.32 2168.74  2706.9
20.1939 577.357 1088.51 1625.32 2172.71  2711.9
20.1939 578.413 1090.51 1628.29 2176.69  2716.9
20.2298  579.44 1092.45 1631.29 2180.69  2721.9
20.2668  580.44 1094.45 1634.28 2184.69 2726.88
20.2668 581.495 1096.44 1637.28 2188.69 2731.84
20.2668 582.551 1098.44 1640.25 2192.66 2736.84
20.3036 583.551 1100.43 1643.25 2196.66 2741.81
20.3036 584.608 1102.43 1646.25 2200.64 2746.77
20.3036  585.66 1104.42 1649.25  2204.6 2751.77
20.3036 586.716 1106.42 1652.22 2208.57 2756.77
20.3401 587.716 1108.41 1655.19 2212.57 2761.77
20.3401 588.772 1110.41 1658.19 2216.55 2766.74
20.3767 589.772  1112.4 1661.19 2220.55 2771.71
20.3767 590.772 1114.41 1664.19 2224.55  2776.7
20.3767 591.829 1116.41 1667.19 2228.53 2781.67
20.3767 592.881 1118.39 1670.15 2232.53 2786.67
20.3767 593.937 1120.39 1673.15 2236.51 2791.63
20.4123 594.976 1122.39 1676.08 2240.51 2796.63
20.4123 595.976  1124.4 1679.07 2244.51 2801.63
20.4485 596.976  1126.4 1682.05 2248.49 2806.63
20.4485 597.976  1128.4 1685.04 2252.49 2811.63
20.4847 598.976  1130.4 1688.03 2256.49 2816.61
20.5208 599.976 1132.39    1691 2260.49 2821.61
20.5564 601.017 1134.39    1694 2264.42 2826.61
20.5564 602.073 1136.39 1696.98 2268.42 2831.58
20.5564 603.073 1138.39 1699.97 2272.42 2836.58
20.5564 604.073  1140.4 1702.97 2276.42 2841.58
20.5564 605.125 1142.38 1705.97 2280.39 2846.58
20.5564  606.18 1144.38 1708.97 2284.36 2851.55
20.5564  607.18 1146.39 1711.96 2288.36 2856.54
20.5917 608.221 1148.39 1714.96 2292.29 2861.54
20.5917 609.221 1150.39 1717.96 2296.29 2866.54
20.6267 610.259 1152.39 1720.89 2300.29 2871.54
20.6267 611.259 1154.39 1723.89 2304.29 2876.54
20.6624 612.259 1156.39 1726.89 2308.29 2881.51
20.6974 613.297 1158.39 1729.81 2312.29 2886.51
 20.733 614.297 1160.38 1732.81 2316.29 2891.48
20.7688 615.297 1162.38  1735.8 2320.29 2896.46
20.8044 616.297 1164.38 1738.78 2324.28 2901.46
20.8044 617.297 1166.39 1741.77 2328.28 2906.46
20.8395 618.338 1168.39 1744.77  2332.2 2911.46
20.8395 619.338 1170.39 1747.77 2336.21 2916.46
 20.874 620.364 1172.33 1750.77 2340.21 2921.46
 20.909 621.404 1174.33 1753.77 2344.13 2926.46
 20.909 622.404 1176.33 1756.77 2348.13 2931.45
 20.909 623.459 1178.33 1759.77 2352.11 2936.42
 20.909 624.509 1180.32 1762.73 2356.11 2941.42
 20.909 625.509 1182.32 1765.73 2360.11 2946.42
20.9438 626.549 1184.32 1768.73 2364.04 2951.42
20.9438   627.6  1186.3 1771.69 2368.04 2956.42
20.9438  628.65 1188.29 1774.69    2372 2961.42
20.9438  629.65 1190.29 1777.69 2376.01 2966.42
20.9438 630.701 1192.28 1780.69 2379.97 2971.42
20.9783 631.741 1194.28 1783.69  2383.9 2976.42
20.9783 632.795 1196.28 1786.69 2387.87 2981.39
20.9783 633.845 1198.26 1789.65 2391.87 2986.39
20.9783 634.845 1200.26 1792.65 2395.88 2991.39
20.9783 635.895 1202.25 1795.61 2399.88 2996.39
21.0132 636.895 1204.25  1798.6 2403.88 3001.37
21.0481 637.895 1206.25 1801.58 2407.88 3006.35
21.0829 638.895 1208.25 1804.57 2411.88 3011.33
21.1178 639.895 1210.25 1807.57 2415.87 3016.31
21.1178 640.949 1212.25 1810.57 2419.85 3021.27
21.1178 641.949 1214.25 1813.56 2423.85 3026.27
21.1178 643.001 1216.24 1816.56 2427.85 3031.23
21.1524 644.001 1218.24 1819.54 2431.83 3036.23
21.1524 645.055 1220.24 1822.52 2435.83  3041.2
21.1524 646.108 1222.24 1825.52 2439.81 3046.17
21.1524 647.161 1224.24  1828.5 2443.78 3051.17
21.1863 648.198 1226.24 1831.42 2447.78 3056.17
21.2199 649.223 1228.18 1834.42 2451.78 3061.17
21.2543 650.223 1230.18 1837.41 2455.77 3066.17
21.2543 651.223 1232.19 1840.41 2459.77 3071.16
21.2887 652.223 1234.18 1843.38 2463.77 3076.16
21.2887 653.277 1236.18 1846.38 2467.75 3081.13
21.2887  654.33 1238.18 1849.38 2471.72  3086.1
21.2887 655.381 1240.17 1852.38 2475.72 3091.06
 21.322 656.407 1242.11 1855.38 2479.72 3096.06
21.3557 657.444 1244.11 1858.31 2483.72 3101.06
21.3557 658.444 1246.11 1861.31 2487.73 3106.05
21.3557 659.493  1248.1 1864.31 2491.69 3111.05
21.3557 660.493  1250.1 1867.31 2495.69 3116.05
21.3557 661.546  1252.1 1870.29 2499.69 3121.02
21.3557 662.598  1254.1 1873.26 2503.67 3126.02
21.3897 663.598  1256.1 1876.26 2507.67 3130.99
21.3897 664.649 1258.09 1879.26 2511.67 3135.95
21.3897 665.649 1260.09 1882.26 2515.67 3140.95
21.4236 666.649 1262.09 1885.24 2519.67 3145.93
 21.457 667.688 1264.09 1888.24 2523.59 3150.93
 21.457 668.688 1266.09 1891.24  2527.6 3155.92
 21.457 669.688  1268.1 1894.23  2531.6 3160.92
21.4907 670.688 1270.09 1897.23 2535.57 3165.92
21.4907 671.688 1272.09 1900.23 2539.57 3170.92
21.4907 672.741 1274.09 1903.21 2543.57 3175.89
21.4907  673.79 1276.08 1906.21 2547.54 3180.89
21.4907  674.79 1278.09 1909.21 2551.54 3185.89
21.4907 675.842 1280.09 1912.19 2555.54 3190.86
21.5241 676.842 1282.08 1915.19 2559.54 3195.83
21.5572 677.881 1284.08 1918.19 2563.47 3200.83
21.5907 678.881 1286.08 1921.19 2567.47  3205.8
21.6241 679.881 1288.07 1924.19 2571.44  3210.8
21.6241 680.881 1290.07 1927.18 2575.45  3215.8
21.6566 681.906 1292.01 1930.18 2579.45  3220.8
  21.69 682.906    1294 1933.16 2583.45  3225.8
21.7234 683.906 1295.99 1936.16 2587.42  3230.8
21.7234 684.906    1298 1939.15 2591.42  3235.8
21.7568 685.906    1300 1942.13 2595.41  3240.8
21.7893 686.931 1301.94 1945.13 2599.41  3245.8
21.8227 687.931 1303.93 1948.13 2603.41 3250.77
 21.856 688.931 1305.92 1951.13 2607.38 3255.77
21.8894 689.931 1307.92 1954.12 2611.37 3260.77
21.9228 690.931 1309.92 1957.12 2615.35 3265.75
21.9228 691.982 1311.92 1960.12 2619.33 3270.72
21.9562 692.982 1313.92  1963.1 2623.32 3275.72
21.9896 693.982 1315.92 1966.08 2627.32  3280.7
21.9896 695.034 1317.92 1969.08  2631.3 3285.67
21.9896 696.083 1319.91 1972.08  2635.3 3290.63
22.0228 697.083 1321.91 1975.06  2639.3 3295.63
 22.056 698.083 1323.91 1978.04 2643.28 3300.63
 22.056 699.133 1325.91 1981.02 2647.26 3305.63
 22.056 700.133 1327.91 1984.01 2651.26 3310.63
22.0887 701.171 1329.91 1987.01 2655.19 3315.63
22.0887 702.218 1331.89 1990.01 2659.16 3320.63
22.1218 703.218 1333.89 1993.01 2663.14 3325.61
22.1549 704.218 1335.89 1996.01 2667.14 3330.58
 22.188 705.218 1337.89 1998.99 2671.13 3335.58
22.2211 706.218 1339.89 2001.98 2675.13 3340.56
22.2211 707.265 1341.87 2004.95 2679.13 3345.56
22.2211 708.313 1343.86 2007.95 2683.13 3350.53
22.2541 709.313 1345.85 2010.92 2687.13 3355.53
22.2862 710.338  1347.8 2013.92 2691.13 3360.53
22.2862 711.338  1349.8 2016.92 2695.13 3365.52
22.3186 712.372  1351.8 2019.86 2699.13 3370.52
22.3515 713.372  1353.8 2022.86 2703.13 3375.49
22.3515 714.421  1355.8 2025.83 2707.11 3380.49
22.3515 715.421  1357.8 2028.83 2711.11 3385.49
22.3515 716.421  1359.8 2031.82 2715.11 3390.49
22.3515 717.421  1361.8 2034.82 2719.11 3395.49
22.3515 718.472  1363.8 2037.82 2723.09 3400.46
22.3842 719.472 1365.79 2040.79 2727.09 3405.46
22.3842 720.472  1367.8 2043.79 2731.09 3410.46
22.4168 721.472 1369.79 2046.79 2735.09 3415.44
22.4495 722.472 1371.79 2049.79 2739.08 3420.42
22.4495 723.472  1373.8 2052.78 2743.08 3425.42
22.4495 724.521  1375.8 2055.76 2747.08 3430.39
22.4495 725.521  1377.8 2058.76 2751.09 3435.39
 22.482 726.521 1379.79 2061.76 2755.09 3440.36
22.5145 727.521 1381.79 2064.76 2759.07 3445.34
22.5467 728.562 1383.79 2067.76 2763.07 3450.27
22.5793 729.562 1385.79 2070.76 2767.06 3455.25
22.6113 730.596 1387.79 2073.69 2771.06 3460.25
22.6113 731.644 1389.79 2076.67 2775.04 3465.25
22.6433 732.681 1391.79 2079.67 2778.97 3470.25
22.6433 733.681 1393.79 2082.66 2782.97 3475.25
22.6433 734.681  1395.8 2085.66 2786.97 3480.25
22.6749 735.704 1397.74 2088.66 2790.97 3485.25
22.7069 736.744 1399.74 2091.66 2794.97 3490.17
22.7388 737.778 1401.74 2094.59 2798.97 3495.17
22.7388 738.824 1403.73 2097.59 2802.94 3500.17
22.7388 739.872 1405.73 2100.57 2806.92 3505.17
22.7388 740.917 1407.72 2103.54 2810.92 3510.17
22.7705 741.951 1409.72 2106.47 2814.92 3515.17
22.8024 742.991 1411.72 2109.47 2818.92  3520.1
22.8343 744.031 1413.72 2112.47 2822.92 3525.03
22.8343  745.08 1415.72 2115.47  2826.9    3530
22.8661 746.117 1417.72 2118.47 2830.83    3535
22.8661 747.117 1419.72 2121.47 2834.83    3540
22.8982 748.117 1421.71 2124.47 2838.83 3544.97
22.8982 749.165 1423.71 2127.45 2842.81 3549.97
22.9303 750.165 1425.71 2130.45 2846.78 3554.97
22.9621 751.205 1427.71 2133.45 2850.78  3559.9
22.9621 752.205 1429.71 2136.44 2854.78  3564.9
22.9941 753.205 1431.71 2139.43 2858.78 3569.88
22.9941 754.254 1433.71 2142.41 2862.78 3574.85
22.9941 755.254 1435.71  2145.4 2866.79 3579.85
23.0258 756.293 1437.71  2148.4 2870.79 3584.78
23.0258 757.293 1439.71  2151.4 2874.79 3589.78
23.0258 758.342 1441.71  2154.4 2878.77 3594.75
23.0577 759.342 1443.71 2157.39 2882.77 3599.73
23.0577 760.389 1445.71 2160.36 2886.75 3604.73
23.0577 761.389 1447.71 2163.36 2890.75 3609.73
23.0894 762.389  1449.7 2166.36 2894.73 3614.73
23.1212 763.389 1451.69 2169.34 2898.73 3619.73
23.1529 764.389 1453.69 2172.34 2902.73  3624.7
23.1529 765.436 1455.68 2175.34 2906.73 3629.67
23.1846 766.436 1457.67 2178.31 2910.73 3634.67
23.2163 767.436 1459.67 2181.31 2914.73 3639.64
23.2163 768.484 1461.67 2184.31 2918.71 3644.61
 23.248 769.484 1463.66 2187.31 2922.71 3649.59
 23.248 770.529 1465.65 2190.28 2926.71 3654.59
 23.248 771.573 1467.63 2193.28 2930.68 3659.59
23.2796 772.573 1469.63 2196.28 2934.68 3664.56
23.2796 773.573 1471.63 2199.28 2938.68 3669.56
23.2796  774.62 1473.62 2202.28 2942.68 3674.52
23.3111  775.62 1475.61 2205.28 2946.66 3679.52
23.3421 776.652 1477.61 2208.21 2950.66 3684.52
23.3421 777.699  1479.6 2211.21 2954.66 3689.49
23.3728 778.722 1481.55 2214.21 2958.66 3694.49
23.3728 779.722 1483.55 2217.21 2962.66 3699.48
 23.404 780.761 1485.55 2220.21 2966.66 3704.41
23.4354 781.761 1487.55 2223.21 2970.65 3709.39
23.4354 782.805 1489.54 2226.21 2974.62 3714.39
23.4354 783.853 1491.54 2229.21  2978.6 3719.36
23.4354 784.897 1493.52 2232.21 2982.57 3724.36
23.4354 785.943 1495.52 2235.21 2986.57 3729.33
23.4662 786.976 1497.52 2238.15 2990.57 3734.33
23.4662  788.02  1499.5 2241.15 2994.53 3739.33
23.4975  789.02  1501.5 2244.14 2998.53 3744.31
23.4975 790.064 1503.49 2247.11 3002.53 3749.31
23.5284 791.103 1505.49 2250.11 3006.53 3754.24
23.5593 792.142 1507.49 2253.11 3010.53 3759.17
23.5593 793.189 1509.49 2256.09 3014.53 3764.14
23.5904 794.189 1511.48 2259.09 3018.51 3769.14
23.5904 795.234 1513.47 2262.09 3022.48 3774.14
23.5904 796.234 1515.47 2265.09 3026.48 3779.14
23.6214 797.234 1517.46 2268.06 3030.48 3784.14
23.6524 798.234 1519.45 2271.06 3034.46 3789.14
23.6524 799.281 1521.45 2274.06 3038.44 3794.11
23.6524 800.281 1523.45 2277.06 3042.44 3799.11
23.6524 801.327 1525.45 2280.04 3046.42 3804.11
23.6833 802.327 1527.45 2283.02 3050.41 3809.11
23.7143 803.327 1529.45 2286.02  3054.4 3814.09
23.7143 804.327 1531.46 2289.02  3058.4 3819.08
23.7143 805.374 1533.46 2292.02 3062.38 3824.06
23.7143 806.374 1535.46 2295.02 3066.38 3829.06
23.7143 807.374 1537.46 2298.01 3070.38 3834.06
23.7143  808.42 1539.46 2300.99 3074.36 3839.06
23.7446 809.452 1541.46 2303.93 3078.36 3844.06
23.7752 810.452 1543.45 2306.93 3082.34 3849.06
23.7752 811.452 1545.46 2309.93 3086.34 3854.05
23.8059 812.452 1547.46 2312.91 3090.32 3859.05
23.8059 813.498 1549.46 2315.89  3094.3 3864.05
23.8059 814.541 1551.44 2318.89 3098.27 3869.05
23.8059 815.541 1553.45 2321.88 3102.27 3874.05
23.8059 816.586 1555.44 2324.88 3106.27 3879.02
23.8364 817.586 1557.43 2327.88 3110.25 3884.02
23.8364 818.631 1559.42 2330.88 3114.25 3888.98
23.8364 819.677 1561.42 2333.86 3118.23 3893.98
23.8669 820.677 1563.42 2336.86 3122.23 3898.95
23.8971 821.715 1565.42 2339.86 3126.23 3903.89
23.8971  822.76 1567.42 2342.84  3130.2 3908.89
23.8971  823.76 1569.42 2345.83  3134.2 3913.89
23.8971 824.806 1571.42 2348.81 3138.18 3918.89
23.8971 825.849 1573.41 2351.78 3142.18 3923.89
23.9267 826.871 1575.36 2354.78 3146.18 3928.89
23.9267 827.914 1577.34 2357.78 3150.15 3933.89
23.9567 828.952 1579.34 2360.78 3154.15 3938.82
23.9869 829.952 1581.34 2363.78 3158.14  3943.8
24.0173 830.952 1583.34 2366.77 3162.14 3948.78
24.0173 831.999 1585.34 2369.75 3166.14 3953.75
24.0173 832.999 1587.35 2372.74 3170.14 3958.75
24.0475 833.999 1589.35 2375.72 3174.13 3963.75
24.0475 835.043 1591.34 2378.72 3178.13 3968.72
24.0475 836.086 1593.33  2381.7 3182.13 3973.72
24.0475 837.086 1595.33 2384.69 3186.13 3978.72
24.0475 838.131 1597.33 2387.67 3190.11 3983.72
24.0475 839.176 1599.32 2390.67 3194.11 3988.68
24.0768 840.198 1601.26 2393.67 3198.11 3993.68
24.1067 841.198 1603.26 2396.67 3202.11 3998.66
24.1368 842.198 1605.26 2399.67  3206.1 4003.64
24.1668 843.198 1607.26 2402.65 3210.08 4008.64
24.1961  844.22 1609.21 2405.65 3214.08 4013.64
24.1961 845.263  1611.2 2408.65 3218.05 4018.64
24.2261 846.263  1613.2 2411.64 3222.04 4023.64
24.2556 847.294  1615.2 2414.58 3226.04 4028.64
24.2556 848.339 1617.19 2417.58 3230.04  4033.6
24.2855 849.339 1619.18 2420.55 3234.04  4038.6
24.3154 850.339 1621.18 2423.54 3238.04 4043.59
24.3154 851.381 1623.17 2426.51 3242.04 4048.59
24.3453 852.381 1625.16 2429.51 3246.04 4053.56
24.3752 853.381 1627.16 2432.49 3250.03 4058.56
24.3752 854.423 1629.15 2435.47 3254.03 4063.56
24.3752 855.423 1631.15 2438.46 3258.03 4068.56
24.4051 856.423 1633.15 2441.45 3262.03 4073.55
24.4051 857.467 1635.15 2444.43 3266.01 4078.55
24.4346 858.505 1637.15 2447.43 3270.01 4083.48
24.4346 859.505 1639.15 2450.42 3274.01 4088.48
24.4346 860.505 1641.15 2453.42 3278.02 4093.48
24.4642 861.505 1643.14  2456.4 3282.02 4098.48
24.4642 862.549 1645.14 2459.37 3285.99 4103.48
24.4642 863.594 1647.14 2462.37 3289.98 4108.45
24.4642 864.594 1649.14 2465.37 3293.98 4113.45
24.4939 865.594 1651.14 2468.35 3297.97 4118.45
24.5231 866.628 1653.14 2471.35  3301.9 4123.45
24.5231 867.669 1655.13 2474.33  3305.9 4128.45
24.5231 868.669 1657.13 2477.33  3309.9 4133.45
24.5526 869.669 1659.13 2480.33 3313.89 4138.43
24.5526 870.711 1661.12  2483.3 3317.89 4143.43
24.5821 871.711 1663.11 2486.28 3321.89 4148.43
24.6112 872.744 1665.11 2489.28 3325.83 4153.43
24.6407 873.744 1667.11 2492.26 3329.82 4158.43
  24.67 874.781 1669.11 2495.26 3333.82 4163.36
  24.67 875.823  1671.1 2498.26 3337.79 4168.36
24.6994 876.823 1673.09 2501.24 3341.79 4173.36
24.7285 877.856 1675.09 2504.24 3345.73 4178.36
 24.758 878.856 1677.09 2507.22 3349.71 4183.36
 24.758   879.9 1679.09  2510.2 3353.69 4188.36
 24.758 880.945 1681.09 2513.18 3357.69 4193.34
24.7873 881.945 1683.08 2516.18 3361.67 4198.34
24.8164 882.981 1685.08 2519.18 3365.67 4203.27
24.8164 883.981 1687.08 2522.18 3369.67 4208.27
24.8164 884.981 1689.08 2525.17 3373.67 4213.27
24.8454 886.014 1691.08 2528.17 3377.61 4218.27
24.8454 887.058 1693.08 2531.15 3381.59 4223.27
24.8454 888.101 1695.08 2534.15 3385.59 4228.24
24.8454 889.101 1697.08 2537.15 3389.59 4233.24
24.8454 890.142 1699.07 2540.12 3393.59 4238.24
24.8745 891.142 1701.06 2543.12 3397.57 4243.24
24.8745 892.185 1703.05 2546.12 3401.57  4248.2
24.9037 893.185 1705.05 2549.12 3405.56 4253.19
24.9329 894.185 1707.05 2552.12 3409.55 4258.17
24.9329 895.229 1709.05  2555.1 3413.53 4263.17
24.9329  896.27 1711.04 2558.07 3417.53 4268.17
24.9329 897.314 1713.04 2561.05 3421.53 4273.14
24.9329 898.314 1715.04 2564.04 3425.53 4278.14
24.9618 899.314 1717.03 2567.04  3429.5 4283.14
24.9906  900.35 1719.03 2570.04  3433.5 4288.08
24.9906  901.35 1721.04 2573.04 3437.51 4293.07
25.0196  902.35 1723.04 2576.03 3441.51 4298.06
25.0196  903.35 1725.04 2579.03 3445.51 4303.06
25.0485  904.35 1727.03 2582.03 3449.48 4308.06
25.0774  905.35 1729.03 2585.03 3453.48 4313.03
25.0774  906.35 1731.03 2588.02 3457.49 4318.03
25.0774 907.395 1733.03 2591.01 3461.49 4323.01
 25.106 908.427 1735.03 2594.01 3465.43 4328.01
 25.106 909.427 1737.03    2597 3469.43 4333.01
25.1348 910.427 1739.03 2599.99 3473.42 4338.01
25.1634 911.463 1741.03 2602.99 3477.42 4342.94
25.1922 912.463 1743.02 2605.96 3481.42 4347.94
25.2211 913.463 1745.02 2608.95 3485.42 4352.93
25.2211 914.503 1747.01 2611.92 3489.42 4357.93
25.2211 915.503 1749.01 2614.92 3493.42 4362.92
25.2498 916.503 1751.01  2617.9 3497.42 4367.92
25.2785 917.503    1753  2620.9 3501.39 4372.92
25.3073 918.503 1754.99  2623.9 3505.37 4377.92
 25.336 919.503 1756.99 2626.89 3509.36 4382.92
25.3648 920.503 1758.98 2629.87 3513.36 4387.92
25.3932 921.536 1760.98 2632.87  3517.3 4392.92
25.3932 922.578 1762.97 2635.87  3521.3 4397.89
25.3932 923.618 1764.96 2638.84  3525.3 4402.89
 25.422 924.618 1766.96 2641.82  3529.3 4407.87
 25.422 925.618 1768.96 2644.82  3533.3 4412.87
 25.422 926.658 1770.95 2647.82 3537.27 4417.87
 25.422   927.7 1772.94 2650.82 3541.27 4422.84
25.4505   928.7 1774.93 2653.82 3545.25 4427.84
25.4505 929.743 1776.93  2656.8 3549.25 4432.81
25.4791 930.743 1778.93 2659.78 3553.25 4437.81
25.4791 931.743 1780.93 2662.78 3557.26 4442.81
25.4791 932.783 1782.92 2665.75 3561.26 4447.81
25.5072 933.813 1784.92 2668.69 3565.26 4452.81
25.5355 934.848 1786.92 2671.69 3569.26 4457.75
25.5637  935.88 1788.92 2674.69  3573.2 4462.75
25.5637  936.88 1790.92 2677.69  3577.2 4467.75
25.5922  937.88 1792.92 2680.68  3581.2 4472.74
25.6206  938.88 1794.91 2683.68 3585.17 4477.74
 25.649  939.88 1796.91 2686.65 3589.17 4482.74
25.6773 940.915 1798.91 2689.65 3593.17 4487.67
25.6773 941.955 1800.89 2692.63 3597.17 4492.67
25.6773 942.995 1802.88 2695.63 3601.15 4497.67
25.6773 944.035 1804.87  2698.6 3605.15 4502.67
25.7056 945.035 1806.86  2701.6 3609.13 4507.67
25.7056 946.078 1808.86  2704.6 3613.11 4512.65
25.7056 947.078 1810.86  2707.6 3617.11 4517.65
25.7056 948.078 1812.86 2710.59 3621.12 4522.65
25.7056  949.12 1814.86 2713.59  3625.1 4527.62
25.7056 950.162 1816.85 2716.59  3629.1 4532.59
25.7335 951.191 1818.85 2719.54  3633.1 4537.59
25.7611 952.212 1820.81 2722.54  3637.1 4542.59
25.7893 953.212  1822.8 2725.54  3641.1 4547.56
25.7893 954.255  1824.8 2728.52  3645.1 4552.54
25.7893 955.296 1826.79 2731.52  3649.1 4557.51
25.8173 956.331 1828.79 2734.52  3653.1 4562.45
25.8173 957.371 1830.78 2737.52 3657.07 4567.45
 25.845   958.4 1832.78 2740.46 3661.07 4572.45
25.8728 959.429 1834.78  2743.4 3665.07 4577.45
25.9003  960.45 1836.73  2746.4 3669.07 4582.45
25.9003 961.491 1838.73 2749.38 3673.05 4587.45
25.9003 962.531 1840.72 2752.38 3677.02 4592.45
25.9278 963.552 1842.67 2755.38 3681.02 4597.45
25.9552 964.572 1844.62 2758.38 3685.02 4602.45
25.9827 965.593 1846.58 2761.38 3689.02 4607.45
25.9827 966.634 1848.57 2764.38 3693.02 4612.41
25.9827 967.676 1850.57 2767.36    3697 4617.41
25.9827 968.717 1852.56 2770.36    3701 4622.38
26.0107 969.717 1854.56 2773.35    3705 4627.37
26.0387 970.717 1856.56 2776.35 3708.99 4632.35
26.0667 971.717 1858.55 2779.33 3712.99 4637.35
26.0667 972.758 1860.54 2782.33 3716.99 4642.32
 26.094 973.779 1862.49 2785.33 3720.99 4647.32
 26.094  974.82 1864.48 2788.33 3724.99 4652.28
26.1219  975.82 1866.48 2791.33 3728.99 4657.26
26.1499  976.82 1868.48 2794.32 3732.99 4662.25
26.1776 977.854 1870.48 2797.32 3736.99 4667.18
26.1776 978.896 1872.48  2800.3 3740.99 4672.16
26.2052 979.928 1874.48  2803.3 3744.93 4677.16
26.2331 980.928 1876.48 2806.28 3748.93 4682.14
26.2331 981.928 1878.48 2809.28 3752.93 4687.14
26.2331 982.928 1880.48 2812.28 3756.94 4692.14
26.2331  983.97 1882.48 2815.26 3760.94 4697.12
26.2331  984.97 1884.48 2818.26 3764.94 4702.12
26.2608  985.97 1886.47 2821.26 3768.92 4707.12
26.2882 986.999 1888.47  2824.2 3772.92 4712.12
26.3156 988.028 1890.47 2827.15 3776.92 4717.12
26.3156  989.07 1892.47 2830.13 3780.92 4722.09
26.3156 990.112 1894.47 2833.13  3784.9 4727.07
26.3156 991.152 1896.47 2836.13  3788.9 4732.03
26.3156 992.152 1898.47 2839.13 3792.91 4737.03
26.3156 993.194 1900.47 2842.11 3796.89 4742.03
26.3433 994.194 1902.47 2845.09 3800.87 4747.03
26.3708 995.194 1904.46 2848.07 3804.87 4752.03
26.3708 996.194 1906.46 2851.07 3808.87 4757.03
26.3985 997.194 1908.46 2854.07 3812.86 4762.02
26.4261 998.194 1910.46 2857.05 3816.86    4767
26.4261 999.194 1912.46 2860.05 3820.87    4772
26.4261 1000.24 1914.46 2863.05 3824.85 4776.98
26.4261 1001.28 1916.46 2866.03 3828.85 4781.95
26.4534 1002.31 1918.46 2869.03 3832.85 4786.89
26.4534 1003.31 1920.47 2872.03 3836.85 4791.89
26.4805 1004.34 1922.47 2874.97 3840.85 4796.89
26.4805 1005.38 1924.46 2877.97 3844.82 4801.89
26.4805 1006.42 1926.45 2880.97 3848.82 4806.86
26.4805 1007.42 1928.45 2883.97 3852.82 4811.86
26.5079 1008.42 1930.45 2886.95 3856.81 4816.86
26.5353 1009.42 1932.44 2889.93 3860.81 4821.86
26.5624 1010.45 1934.44 2892.93 3864.75 4826.86
26.5895 1011.48 1936.44 2895.93  3868.7 4831.86
26.5895 1012.48 1938.45 2898.93  3872.7 4836.86
26.5895 1013.52 1940.45 2901.91 3876.68 4841.86
26.5895 1014.56 1942.43 2904.88 3880.68 4846.86
26.5895  1015.6 1944.43 2907.88 3884.66 4851.83
26.5895 1016.64 1946.43 2910.86 3888.64 4856.83
26.6165 1017.68 1948.43 2913.86 3892.64 4861.77
26.6165 1018.68 1950.43 2916.86 3896.64 4866.77
26.6165 1019.72 1952.43 2919.86 3900.63 4871.75
26.6165 1020.76 1954.43 2922.86 3904.63 4876.72
26.6165  1021.8 1956.43 2925.84 3908.63 4881.69
26.6165 1022.84 1958.41 2928.81 3912.63 4886.69
26.6436 1023.84 1960.41 2931.81 3916.61 4891.69
26.6704 1024.87 1962.41 2934.81 3920.55 4896.69
26.6704 1025.91 1964.41 2937.79 3924.55 4901.67
26.6704 1026.91 1966.41 2940.79 3928.55 4906.67
26.6972 1027.94 1968.41 2943.79  3932.5 4911.67
26.6972 1028.98 1970.41 2946.77  3936.5 4916.65
26.6972 1030.02 1972.41 2949.77 3940.48 4921.62
26.6972 1031.06 1974.41 2952.75 3944.48  4926.6
26.7239  1032.1 1976.41 2955.75 3948.48 4931.54
26.7506 1033.13 1978.41 2958.75 3952.42 4936.54
26.7776 1034.13 1980.41 2961.74 3956.41 4941.54
 26.804 1035.15 1982.36 2964.74 3960.41 4946.54
 26.804 1036.15 1984.36 2967.74 3964.41 4951.54
 26.804 1037.19 1986.35 2970.71 3968.41 4956.54
 26.804 1038.23 1988.34 2973.71 3972.41 4961.51
 26.804 1039.26 1990.33 2976.71 3976.39 4966.51
 26.804 1040.26 1992.33 2979.71 3980.39  4971.5
26.8309 1041.26 1994.33 2982.71 3984.39 4976.48