3.66667       2       3 3.66667       5 3.66667
5.74775       3       5 5.74775 7.83784 8.66667
7.00201 3.65465 6.09109 8.74775 11.8378 13.6667
7.00201 4.90344 8.17241 11.7477 15.8378 18.3366
7.00201 5.90344 10.2953 14.7477 19.9519 23.0997
7.00201 7.10521 12.3911 17.7477 23.9519 27.8021
7.00201 8.10521 14.5297 20.8108 27.9519 32.6004
7.82884 9.10521 16.2454 23.2683 31.9519 37.6004
8.73939 10.1052 18.2454 26.2683 35.6681 41.9736
 9.6476 11.1052 20.2454 28.9981 39.6681 46.3356
 9.6476 12.1998 22.2409 31.9981  43.578 51.3356
 9.6476 13.1998 24.3292 34.9981 47.6697 56.1556
 9.6476 14.1998 26.4359 38.0287 51.6697 61.0183
 9.6476 15.1998 28.5261 41.0287  55.755 65.8428
10.2859 16.2054 30.5261 44.0287  59.755 70.1989
10.2859 17.2054 32.5716  46.979 63.7592 75.1989
10.8869 18.2107 34.5716  49.979 67.7592 79.5927
10.8869 19.3197 36.5716 53.0228 71.7592 84.4399
 11.376 20.1877 38.2146 56.0228 75.7592 89.4399
11.9562 21.1877 40.2146 58.8804 79.7592  94.002
12.5365 22.1877 42.2146  61.738 83.7592 98.5642
12.5365 23.2359  44.209  64.738 87.7164 103.564
12.5365 24.2907 46.2158 67.6765 91.7164 108.564
12.5365 25.2907 48.2933 70.7188 95.7164 113.444
12.9732 26.1717 49.9756 73.7188 99.7164 118.444
12.9732 27.2134 51.9648 76.7188 103.686 123.444
12.9732 28.2134 53.9648 79.7486  107.78  128.32
13.4383 29.2134 55.8994 82.7486  111.78  132.92
13.8801 30.2134 57.7372 85.4691  115.78  137.92
14.3469 31.2134 59.7372 88.4691 119.675 142.559
14.3469 32.2572 61.7349 91.4276 123.675 147.559
 14.796 33.2572 63.6672 94.4276 127.675 152.177
15.2332 34.2572 65.6672 97.2178 131.447 157.177
  15.63 35.1496 67.3779 100.218 135.447 162.177
  15.63 36.1496  69.421 103.257 139.447 167.095
16.0169 37.0444 71.1394 106.257 143.447 172.095
16.0169 38.0951 73.1394 109.257 147.516 176.976
16.0169 39.0951 75.1746 112.297 151.516 181.901
16.0169 40.1511 77.2051 115.297 155.516 186.814
16.0169 41.2008 79.2051 118.297 159.582 191.698
16.0169 42.2008 81.2051  121.32  163.66 196.597
16.4006 43.2008 83.2051 124.227  167.66 201.307
16.7688 44.2008 85.0731 127.227 171.424 206.307
17.1348 45.2008   86.93 130.004 175.424 211.307
17.1348 46.2354 88.9197 132.979 179.424 216.307
17.1348   47.27 90.9095 135.955 183.424 221.307
17.1348 48.3014 92.9095 138.921 187.426 226.307
17.1348  49.336 94.8995 141.897 191.426 231.307
17.1348  50.336 96.9161 144.897 195.494 236.223
17.4475 51.2546 98.6848 147.897 199.494 241.223
17.7823 52.2546 100.685 150.734 203.321 246.223
17.7823  53.287 102.674 153.713 207.321 251.223
17.7823 54.3195 104.663 156.691 211.321 256.223
 18.102 55.3195 106.545 159.691  215.12 261.223
 18.102 56.3467 108.523 162.691 219.115 266.223
 18.102 57.3467 110.515 165.677 223.136 271.223
18.4199 58.3467 112.515 168.677 227.055 275.986
18.4199 59.3467 114.508 171.664 231.076 280.986
 18.726 60.3467 116.508 174.517 234.917 285.986
19.0242 61.3077 118.508 177.517 238.657 290.986
19.3364 62.3077 120.508  180.43 242.657 295.761
19.6486 63.3077 122.508 183.343 246.657 300.536
19.6486 64.3489 124.508 186.359 250.657 305.479
19.6486 65.3902 126.508 189.374 254.657 310.422
19.6486 66.3902  128.52 192.374 258.708 315.359
19.6486 67.4268  130.52 195.374 262.747 320.283
19.6486 68.4554 132.511 198.355 266.747 325.283
19.6486 69.4554 134.507 201.342 270.764 330.283
19.6486 70.4795  136.49 204.342 274.757 335.283
19.6486 71.5192  138.49 207.356 278.757 340.229
19.6486  72.555  140.49 210.356 282.794 345.157
19.9137  73.555 142.386 213.195 286.794 350.157
19.9137  74.555 144.396 216.195 290.842 355.099
19.9137 75.5805 146.396 219.169 294.843 360.099
19.9137 76.5805 148.413 222.189 298.843 365.061
20.1577 77.5186 150.231 225.189 302.843 370.061
20.1577 78.5559 152.241 228.189 306.843 375.013
20.1577 79.5828 154.232 231.172 310.843 380.013
20.4069 80.5828 156.139 234.172 314.686 385.013
20.6613 81.5828 158.085 237.172 318.686 389.813
20.6613 82.6154 160.085 240.172  322.72 394.747
20.6613 83.6154 162.092 243.172 326.765 399.695
20.6613 84.6378 164.074 246.172 330.761 404.695
20.6613 85.6741 166.082 249.172 334.761  409.65
20.6613 86.6741 168.089 252.172 338.805 414.599
20.6613 87.6741 170.082 255.162 342.822 419.599
 20.899 88.6741 172.082 258.097 346.822 424.426
 20.899  89.709 174.082 261.109 350.822 429.379
21.1287  90.709 175.996 264.109 354.679 434.379
21.3629  91.709 177.946 267.109 358.679 439.194
21.3629  92.744 179.955 270.109 362.679  444.15
21.3629  93.775 181.955 273.109  366.71 449.088
21.3629  94.775 183.955 276.119 370.752 454.037
21.5808 95.7414 185.955 278.935 374.752 459.037
21.8054 96.7381 187.955 281.935 378.752 463.815
22.0272 97.7381 189.866 284.802 382.752 468.815
22.2508 98.7381 191.866 287.693 386.637 473.815
22.4752 99.7341 193.866 290.693 390.637 478.595
22.6969 100.734 195.778 293.559 394.637 483.595
22.9185 101.734  197.69 296.426 398.637 488.595
22.9185 102.756  199.69 299.402 402.639 493.595
23.1342 103.722  201.69  302.22 406.639 498.595
23.1342  104.75  203.69  305.22  410.67 503.537
23.3519  105.75 205.607  308.22 414.535 508.537
23.3519 106.782 207.607 311.227 418.535 513.498
23.5647 107.755 209.607 314.227 422.349 518.498
23.7721 108.703 211.451 317.227 426.349 523.498
23.7721 109.724 213.451 320.204 430.351 528.498
23.7721 110.754 215.451 323.211 434.351 533.461
23.7721 111.785 217.456 326.211 438.351 538.425
23.9855 112.785 219.408 329.211 442.351 543.259
24.1989 113.785 221.361 332.211 446.351 548.093
24.4099 114.785 223.361 335.108 450.243 553.093
24.4099 115.815 225.366 338.108 454.243 558.058
24.4099 116.834 227.349 341.108  458.24 563.058
24.6135 117.809 229.349 344.108 462.062 568.058
24.8198 118.809 231.271 347.108 465.934 573.058
24.8198 119.809 233.264 350.099  469.95 578.058
25.0217 120.784 235.264 353.099 473.773 583.058
25.0217 121.784 237.258 356.091 477.788 588.058
25.0217 122.802 239.242 359.091 481.784 593.058
25.2266 123.802 241.242 362.031 485.784 597.913
25.2266 124.802 243.236 365.023 489.799 602.913
25.2266 125.821 245.221 368.023 493.796 607.913
25.4222 126.796 247.221 371.023 497.624 612.913
25.4222 127.796 249.215 374.015 501.638 617.913
25.4222 128.796 251.217 377.015 505.669 622.879
25.4222 129.817 253.208 380.004 509.669 627.879
25.6189 130.817 255.208 383.004 513.614 632.738
25.8124 131.817 257.136 386.004 517.493 637.738
26.0071 132.811 259.136 389.004 521.493 642.549
26.2006 133.811 261.063 392.004 525.372 647.549
26.2006 134.836 263.063 395.004 529.392 652.505
26.2006 135.836 265.066 398.004 533.422 657.472
26.2006 136.853 267.052 401.004 537.419 662.472
26.3833 137.808 268.915 404.004 541.419 667.472
26.3833 138.831 270.915 407.004 545.439 672.428
26.5723 139.825 272.915 410.004 549.439 677.245
26.5723 140.825 274.908 412.998 553.452 682.245
26.5723 141.845 276.898 415.988 557.452 687.245
26.7513 142.801 278.764 418.988 561.452 692.245
26.7513 143.818 280.764 421.972  565.45 697.245
26.9347 144.818 282.688 424.864  569.45 702.245
 27.121 145.818 284.644 427.864  573.45 707.103
27.3027 146.795 286.644 430.864 577.292 712.103
27.3027 147.817 288.644 433.864 581.312 717.061
27.4831 148.794 290.644 436.864 585.154 722.061
27.4831 149.812 292.634 439.856 589.154 727.061
27.6672 150.812 294.634 442.802 593.154 731.931
27.8465  151.79 296.634 445.802 596.997 736.931
28.0301  152.79  298.59 448.802 600.997 741.791
28.0301 153.813  300.59 451.808 604.997 746.761
28.0301 154.837  302.59 454.815 608.997  751.73
28.2091 155.837 304.522 457.815 612.886  756.73
28.2091 156.853 306.522 460.801 616.884  761.73
28.2091 157.853 308.527 463.815 620.884 766.712
28.3802 158.811 310.398 466.815 624.884 771.712
28.3802 159.835 312.399 469.815 628.884 776.687
28.3802 160.853 314.389 472.807 632.884 781.687
28.5548 161.853 316.322 475.807 636.776 786.687
28.5548 162.853 318.315 478.804 640.787 791.687
 28.729 163.847 320.315 481.804 644.787 796.519
 28.729 164.862 322.315 484.791 648.784 801.519
 28.729 165.862 324.307 487.788 652.795 806.519
 28.729 166.878 326.293 490.788 656.793 811.519
28.9017 167.878 328.293 493.738 660.793 816.397
29.0727 168.878 330.293 496.658 664.701 821.397
29.2453 169.878 332.293 499.608 668.701 826.274
29.2453 170.899 334.293 502.608 672.718 831.237
29.2453 171.914 336.293 505.594 676.715 836.237
29.2453 172.914 338.286 508.591 680.726 841.237
29.2453 173.914 340.279 511.587 684.737 846.237
 29.414 174.914 342.279 514.587 688.686 851.119
 29.414 175.937 344.281 517.587 692.686 856.095
 29.414 176.957 346.281 520.587 696.703 861.059
 29.414 177.972 348.268 523.587   700.7 866.059
29.5798 178.972 350.268 526.539   704.7 870.941
29.7443 179.967 352.268 529.539   708.7 875.782
29.9098 180.967 354.228 532.539   712.7 880.656
30.0686 181.928 356.109 535.539   716.7 885.656
30.0686 182.928 358.101 538.536 720.711 890.656
30.0686 183.944 360.092 541.529 724.711 895.656
30.2304 184.944 362.029 544.529 728.611 900.656
 30.393 185.939 364.029 547.529 732.611 905.499
 30.393 186.939 366.029 550.529 736.636 910.474
30.5544 187.939 368.029 553.454  740.55 915.474
30.7172 188.939  369.99 556.454  744.55 920.351
30.8781 189.939 371.928 559.454  748.45 925.351
30.8781 190.955 373.918 562.447  752.45 930.351
30.8781 191.955 375.918 565.453 756.472 935.323
30.8781 192.976 377.918  568.46 760.472 940.296
31.0373  193.97 379.918  571.46 764.472 945.142
31.0373 194.989 381.918  574.46 768.488 950.107
31.0373 195.989 383.919  577.46 772.512 955.083
31.0373 196.989 385.919 580.466 776.534 960.055
31.1953 197.989 387.919 583.421 780.534 964.942
31.3508 198.989 389.853  586.33 784.534 969.942
31.5053  199.97 391.853  589.33 788.399 974.942
31.5053 200.986 393.844 592.324 792.399 979.942
31.5053 201.986 395.837 595.321 796.409 984.942
31.6604  202.98 397.837 598.321 800.409 989.792
31.6604  203.98  399.83 601.319 804.419 994.792
 31.816  204.98  401.83 604.274 808.419 999.681
31.9714  205.98 403.792 607.274 812.419 1004.56
31.9714 206.994 405.792 610.262 816.417 1009.56
32.1263 207.994 407.792 613.218 820.417 1014.45
32.1263 209.008  409.78 616.218 824.415 1019.45
32.1263 210.008  411.78 619.224 828.437 1024.43
32.2755 210.983  413.78 622.099 832.437 1029.43
32.2755 211.983  415.78 625.099  836.46  1034.4
32.2755 213.003 417.781 628.099  840.46 1039.38
32.4271 214.003 419.744 631.099  844.46 1044.27
 32.579 215.003 421.744 634.056  848.46 1049.16
 32.579 216.018 423.736 637.049  852.46 1054.16
 32.579 217.018 425.729 640.046  856.47 1059.16
32.7293 218.018 427.693 643.046  860.47 1064.04
32.7293 219.038 429.694 646.046  864.47 1069.02
32.8734 220.003 431.586 649.046  868.47 1074.02
32.8734 221.003 433.589 652.058  872.47 1079.01
32.8734 222.003 435.588 655.058 876.494 1083.98
32.8734 223.003 437.588 658.058 880.518 1088.96
32.8734 224.022 439.589 661.058 884.518 1093.94
32.8734 225.022 441.589 664.058 888.542 1098.92
33.0144 225.987 443.483 667.058 892.542 1103.92
33.0144 226.987 445.485 670.071 896.542  1108.9
33.1585 227.987 447.429 673.071 900.454  1113.9
33.3029 228.987 449.429 676.003 904.377  1118.9
33.4466 229.987 451.369  678.92 908.377  1123.9
33.4466 230.987 453.371 681.932 912.377 1128.89
33.4466 232.002 455.362 684.927 916.377 1133.89
33.4466 233.021 457.362 687.927 920.377 1138.87
33.4466 234.039 459.362 690.932 924.377 1143.84
33.4466 235.051 461.362 693.921 928.376 1148.84
33.4466  236.07 463.362 696.927 932.376 1153.82
33.5874  237.07 465.362 699.861 936.301 1158.82
33.5874  238.07 467.364 702.872 940.301 1163.81
33.7277  239.07 469.364 705.807 944.227 1168.81
 33.868 240.065 471.364 708.807 948.227 1173.67
34.0059 241.042 473.364 711.692 952.227 1178.67
34.1437 242.019 475.364 714.577 956.227 1183.67
34.1437 243.019 477.367 717.587 960.227 1188.66
34.2845 244.019 479.367 720.587 964.185 1193.56
34.2845 245.036 481.367 723.592 968.185 1198.53
34.2845 246.052 483.367 726.592   972.2  1203.5
34.2845 247.071 485.368 729.592   976.2 1208.48
34.4226 248.066 487.368 732.592   980.2 1213.35
34.4226 249.078 489.368 735.581 984.199 1218.35
34.4226 250.092  491.36 738.575 988.199 1223.35
34.5587 251.092 493.303 741.496 992.199 1228.35
34.5587 252.106 495.295  744.49 996.199 1233.35
34.6959 253.106 497.261  747.49  1000.2 1238.25
34.8331 254.106 499.227  750.49  1004.2 1243.14
34.8331 255.118 501.227 753.479  1008.2 1248.14
34.8331 256.136 503.228 756.479  1012.2 1253.13
34.9661 257.114 505.228 759.368  1016.2 1258.13
34.9661 258.131 507.228 762.372  1020.2  1263.1
34.9661 259.131 509.221 765.369 1024.21  1268.1
35.0981  260.11 511.221 768.259 1028.21  1273.1
35.2307 261.092 513.221 771.259 1032.09  1278.1
35.3659 262.092 515.221 774.259 1036.05 1283.01
35.4985 263.075 517.221 777.259 1039.94 1288.01
35.4985 264.075 519.216 780.255 1043.95 1293.01
35.6315 265.075  521.16 783.178 1047.95 1298.01
35.7651 266.075  523.16 786.114 1051.88 1303.01
35.8987 267.075  525.16 789.051 1055.81 1308.01
35.8987 268.087  527.16  792.04 1059.81 1313.01
36.0283 269.054 529.063  795.04 1063.81 1318.01
36.0283 270.069 531.063  798.04 1067.82 1322.98
36.0283 271.081 533.052  801.04 1071.82 1327.98
36.1614 272.081 535.052  804.04 1075.78 1332.89
36.2935 273.081 537.052 806.978 1079.71 1337.89
36.2935 274.092 539.041 809.978 1083.71 1342.89
36.2935 275.092 541.041 812.978 1087.73 1347.87
36.2935 276.106 543.033 815.972 1091.73 1352.87
36.2935 277.119 545.026 818.966 1095.73 1357.87
36.4238 278.114 547.026 821.966 1099.73 1362.74
36.4238  279.13 549.026  824.97 1103.73 1367.72
36.4238 280.145 551.026  827.97 1107.74  1372.7
36.4238 281.145 553.026 830.973 1111.76 1377.67
36.4238 282.145 555.025 833.973 1115.78 1382.66
36.5531 283.145 557.025 836.973 1119.74 1387.56
36.5531 284.145 559.025 839.976 1123.76 1392.54
36.5531 285.156 561.015 842.976 1127.76 1397.54
36.6803 286.156 562.966 845.976 1131.68 1402.54
36.6803 287.171 564.966 848.976 1135.69 1407.52
36.6803 288.187 566.966  851.98 1139.69  1412.5
36.8065 289.187 568.917  854.98 1143.61  1417.5
36.9332 290.182 570.917  857.98 1147.61 1422.37
36.9332 291.182 572.912 860.977 1151.62 1427.37
37.0587 292.182 574.859 863.904 1155.62 1432.37
37.1849 293.182 576.859 866.844 1159.56 1437.37
37.3106 294.182 578.811 869.844 1163.48 1442.37
37.3106 295.182 580.805 872.841 1167.49 1447.37
37.3106 296.193 582.794 875.841 1171.49 1452.37
37.4368 297.193 584.794 878.841 1175.45 1457.29
37.5608 298.177 586.794 881.841 1179.34 1462.29
37.5608 299.177 588.789 884.839 1183.35 1467.29
37.6843 300.161 590.789 887.839 1187.24 1472.29
37.6843 301.174 592.782 890.833 1191.24 1477.29
37.8069 302.153 594.782 893.731 1195.24 1482.29
37.8069 303.169 596.782 896.734 1199.24 1487.27
37.9306 304.169 598.734 899.734 1203.16 1492.27
37.9306 305.183 600.734 902.734 1207.18 1497.24
38.0529 306.167 602.734 905.734 1211.07 1502.24
38.1762 307.167 604.687 908.734 1214.99 1507.24
38.1762 308.179  606.68 911.729 1218.99 1512.24
38.2976 309.159  608.68 914.628 1222.99 1517.24
38.4208 310.159  610.68  917.57 1226.93 1522.24
38.4208 311.173  612.68  920.57 1230.94 1527.22
38.5436 312.173  614.68 923.513 1234.87 1532.22
38.6652 313.157  616.68 926.513 1238.77 1537.22
38.6652 314.157 618.682 929.521 1242.77 1542.21
38.7846 315.127 620.592 932.521 1246.77 1547.21
38.9057 316.112 622.592 935.521 1250.66 1552.21
38.9057 317.112 624.592 938.521 1254.68 1557.19
38.9057 318.122 626.582 941.521 1258.68 1562.19
38.9057 319.122 628.584 944.529 1262.68 1567.18
38.9057 320.136 630.584 947.529 1266.69 1572.16
38.9057 321.136 632.583 950.529  1270.7 1577.15
39.0233 322.106 634.495 953.529  1274.7 1582.15
39.0233 323.118 636.488 956.524  1278.7 1587.15
39.0233 324.118 638.488 959.527 1282.72 1592.13
39.1431 325.118 640.488 962.471 1286.65 1597.13
39.1431 326.129 642.488 965.462 1290.65 1602.13
39.2624 327.123 644.488 968.462 1294.65 1607.01
39.3789 328.094 646.401 971.462 1298.65 1612.01
39.3789 329.094 648.395  974.46 1302.66 1617.01
39.4985 330.094 650.365  977.46 1306.66 1621.92
39.4985 331.104 652.355  980.46 1310.66 1626.92
39.4985 332.115 654.346  983.46 1314.66 1631.92
39.4985 333.115 656.347 986.468 1318.66 1636.92
39.6172 334.115 658.347 989.431 1322.66 1641.83
39.7335 335.095 660.347 992.335 1326.66 1646.83
39.7335 336.109 662.347 995.337 1330.66 1651.82
39.8505 337.109 664.298 998.269 1334.66 1656.82
39.8505 338.123 666.297 1001.27 1338.66  1661.8
39.9672 339.123 668.248  1004.2 1342.66  1666.8
 40.085 340.123 670.218  1007.2 1346.66 1671.72
40.2029 341.123 672.218 1010.16 1350.66 1676.63
 40.319 342.108 674.218 1013.16 1354.56 1681.63
40.4369 343.108 676.218 1016.16 1358.52 1686.55
40.5514 344.079 678.132 1019.16 1362.52 1691.55
40.5514 345.094 680.131 1022.16 1366.52 1696.54
40.5514 346.108 682.131 1025.17 1370.52 1701.52
40.6663 347.088 684.131 1028.07 1374.52 1706.52
40.6663 348.088  686.13 1031.07 1378.53 1711.51
40.7809 349.069  688.13 1033.98 1382.53 1716.51
40.8978 350.069  690.13 1036.98  1386.5 1721.43
41.0123 351.049  692.13 1039.88  1390.5 1726.43
41.1291 352.049   694.1 1042.88  1394.5 1731.34
41.1291 353.061 696.093 1045.88  1398.5 1736.34
41.2446 354.061 698.049 1048.88 1402.43 1741.34
 41.361 355.061 700.019 1051.88 1406.43 1746.26
41.4775 356.061 702.019 1054.84 1410.43 1751.18
 41.594 357.061 704.019  1057.8 1414.43  1756.1
41.7106 358.061 706.019 1060.77 1418.43 1761.02
41.8261 359.061 707.974 1063.77 1422.35 1766.02
41.9425 360.061 709.944 1066.77 1426.35 1770.93
42.0556 361.032  711.86 1069.77 1430.35 1775.93
 42.171 362.032 713.811  1072.7 1434.35 1780.93
 42.171 363.032 715.812 1075.71 1438.35 1785.92
42.2859 364.032 717.764 1078.64 1442.35 1790.92
42.4011 365.032  719.72 1081.64 1446.28 1795.92
 42.514 366.004 721.635 1084.64 1450.28 1800.92
 42.514 367.013 723.625 1087.64 1454.28 1805.92
 42.514 368.013  725.62 1090.64 1458.29 1810.92
 42.514 369.023  727.61 1093.64 1462.29 1815.92
 42.514 370.036  729.61 1096.64 1466.29 1820.91
 42.514 371.049  731.61 1099.64 1470.29 1825.89
42.6276 372.049 733.566 1102.64 1474.22 1830.89
42.7422 373.049 735.566 1105.61 1478.22 1835.81
42.7422 374.058 737.556 1108.61 1482.22 1840.81
42.8565 375.058 739.556 1111.57 1486.22 1845.74
42.8565 376.058 741.556 1114.57 1490.24 1850.72
42.9698 377.058 743.556 1117.52 1494.18 1855.72
42.9698 378.058 745.555 1120.52 1498.19 1860.71
43.0818 379.043 747.555 1123.52 1502.09 1865.71
43.1945 380.043 749.511 1126.52 1506.03 1870.71
 43.307 381.043 751.464 1129.45 1510.03 1875.71
 43.307 382.056 753.464 1132.46 1514.03 1880.69
 43.307 383.068 755.464 1135.46 1518.03 1885.68
43.4194 384.063 757.464 1138.46 1522.03 1890.57
43.5323 385.063 759.434 1141.46 1526.03 1895.49
43.6443 386.063 761.386 1144.39 1530.03 1900.49
43.7567 387.063 763.386 1147.34 1533.97 1905.49
43.8666 388.035 765.304 1150.34 1537.97 1910.49
43.8666 389.046 767.297 1153.34 1541.97 1915.49
43.9763 390.018 769.215 1156.34 1545.97 1920.49
43.9763 391.031 771.213 1159.34 1549.97 1925.48
 44.088 392.025 773.213 1162.34 1553.97 1930.37
 44.088 393.025 775.208 1165.33 1557.97 1935.37
 44.088 394.025 777.208 1168.34 1561.97 1940.36
44.1999 395.025 779.208 1171.31 1565.97 1945.29
44.3117 396.025 781.178 1174.31 1569.97 1950.21
44.3117 397.025 783.178 1177.31 1573.97  1955.2
44.3117 398.035 785.171 1180.31 1577.97  1960.2
44.4221 399.035 787.128 1183.31 1581.91  1965.2
44.4221 400.044 789.128  1186.3 1585.91  1970.2
44.5331 401.044 791.128  1189.3 1589.87 1975.12
44.6435 402.038 793.128  1192.3 1593.87 1980.02
44.6435 403.047 795.128 1195.29 1597.87 1985.02
44.7543 404.047 797.128 1198.26 1601.87 1989.94
44.7543 405.056 799.119 1201.26 1605.87 1994.94
44.8641 406.056 801.119 1204.21 1609.81 1999.94
44.9725 407.038 803.119 1207.12 1613.81 2004.94
44.9725 408.049 805.119 1210.12 1617.82 2009.92
45.0811 409.034 807.119 1213.12 1621.73 2014.92
45.1907 410.034 809.119 1216.06 1625.67 2019.92
45.1907 411.047 811.117 1219.06 1629.67 2024.91
45.2996 412.047 813.071    1222 1633.67 2029.91
45.2996 413.047 815.071    1225 1637.68  2034.9
45.4082 414.047 817.025 1227.94 1641.68  2039.9
45.5172 415.041 819.025 1230.94 1645.68  2044.8
45.5172 416.049 821.016 1233.94 1649.68  2049.8
45.6257 417.049 822.974 1236.94 1653.61  2054.8
45.6257 418.049 824.974 1239.94 1657.63 2059.78
45.6257 419.049 826.974 1242.95 1661.63 2064.78
45.7326 420.031 828.974 1245.86 1665.63 2069.78
45.8415 421.031 830.974 1248.86 1669.59  2074.7
45.8415 422.043 832.972 1251.86 1673.59 2079.69
 45.949 423.043 834.927  1254.8 1677.59 2084.69
 45.949 424.043 836.922 1257.79  1681.6 2089.69
 45.949 425.043 838.922  1260.8 1685.61 2094.68
 45.949 426.052 840.922 1263.79 1689.61 2099.68
46.0563 427.052 842.922 1266.74 1693.56 2104.68
46.1631 428.052 844.877 1269.67 1697.56 2109.68
46.2709 429.052 846.877 1272.67 1701.52 2114.61
46.3759 430.026 848.798 1275.67 1705.52 2119.61
46.4831 431.019 850.798 1278.67 1709.52  2124.5
46.5903 432.013 852.798 1281.67 1713.52  2129.4
46.5903 433.013 854.793 1284.67 1717.53  2134.4
46.6968 434.013 856.748 1287.61 1721.53  2139.4
46.6968 435.013 858.748 1290.62 1725.53  2144.4
46.8022 435.995 860.748 1293.53 1729.53  2149.4
46.8022 437.004 862.739 1296.53 1733.53  2154.4
46.8022 438.014 864.739 1299.53 1737.54 2159.38
46.8022 439.022 866.739 1302.52 1741.54 2164.38
46.9082 440.022 868.739 1305.47 1745.48 2169.38
46.9082 441.031  870.73 1308.47 1749.48 2174.38
46.9082 442.042  872.73 1311.47 1753.48 2179.37
46.9082 443.042  874.73 1314.48 1757.48 2184.36
47.0133 444.042 876.689 1317.48 1761.42 2189.36
47.1191 445.042 878.689 1320.48 1765.38 2194.29
47.1191 446.051 880.689 1323.47 1769.38 2199.29
47.2232 447.036 882.689 1326.47 1773.29 2204.29
47.3279 448.036 884.645 1329.41 1777.29 2209.29
47.3279 449.047 886.645 1332.41  1781.3 2214.27
47.3279 450.047 888.645 1335.41  1785.3 2219.27
47.4303 451.021 890.569 1338.41  1789.3 2224.27
47.4303 452.031 892.569 1341.41 1793.31 2229.25
47.5346 453.025 894.569 1344.41 1797.31 2234.15
47.6386 454.025 896.525 1347.35 1801.31 2239.15
47.7408 454.999 898.448 1350.35 1805.31 2244.15
 47.843 455.973 900.372 1353.35 1809.31 2249.15
 47.843 456.973 902.372 1356.35 1813.32 2254.14
47.9475 457.973 904.343 1359.35 1817.32 2259.06
48.0503 458.956 906.343 1362.27 1821.32 2264.06
48.1544 459.949 908.343 1365.27 1825.32 2268.96
48.2564 460.923 910.267 1368.27 1829.32 2273.96
48.3595 461.909 912.267 1371.27 1833.23 2278.96
48.3595  462.92 914.267 1374.27 1837.23 2283.95
48.3595 463.931 916.267 1377.27 1841.23 2288.94
48.4629 464.931 918.226 1380.27 1845.17 2293.94
48.5671 465.931 920.226 1383.27 1849.13 2298.87
48.6698 466.916 922.226 1386.27 1853.05 2303.87
48.6698 467.925 924.217 1389.27 1857.05 2308.87
48.7732 468.918 926.217 1392.27 1861.05 2313.77
48.8766 469.918 928.217 1395.22 1864.99 2318.77
48.8766 470.918 930.217 1398.22    1869 2323.76
48.8766 471.918 932.217 1401.23    1873 2328.75
48.8766 472.928 934.211 1404.23    1877 2333.75
48.8766 473.938 936.211 1407.23    1881 2338.74
48.9791 474.932 938.211 1410.23    1885 2343.65
48.9791  475.94 940.202 1413.23    1889 2348.65
49.0819  476.94 942.202 1416.23 1892.97 2353.58
 49.183 477.922 944.202 1419.15 1896.97 2358.58
49.2841 478.905 946.202 1422.06 1900.97 2363.58
49.3868 479.905 948.174 1425.06 1904.97  2368.5
49.4895 480.905 950.146 1428.06 1908.97 2373.43
49.4895 481.905 952.143 1431.06 1912.98 2378.42
49.5921 482.905 954.143 1434.03 1916.98 2383.35
49.5921 483.916 956.141 1437.03 1920.98 2388.34
49.6927 484.898 958.141 1439.95 1924.98 2393.34
49.7946 485.898 960.141  1442.9 1928.93 2398.34
49.7946 486.898 962.139  1445.9 1932.94 2403.33
49.7946 487.898 964.139  1448.9 1936.95 2408.32
49.8965 488.898 966.111  1451.9 1940.95 2413.24
49.9984 489.898 968.111  1454.9 1944.92 2418.17
50.0998 490.892 970.111  1457.9 1948.92 2423.08
50.0998 491.892 972.105  1460.9 1952.93 2428.08
50.0998 492.892 974.105  1463.9 1956.93 2433.07
50.2005 493.892 976.063 1466.84 1960.93 2438.07
 50.302 494.892 978.035 1469.84 1964.93    2443
50.4022 495.878 980.035 1472.84 1968.84    2448
50.4022 496.878 982.032 1475.84 1972.85 2452.99
50.4022 497.885 984.024 1478.84 1976.86 2457.99
50.5016 498.868 986.024 1481.76 1980.86 2462.99
50.5016 499.877 988.018 1484.76 1984.86 2467.99
50.5016 500.877 990.016 1487.76 1988.87 2472.98
50.5016 501.887 992.014 1490.76 1992.87 2477.97
50.5016 502.895 994.005 1493.76 1996.87 2482.97
50.5016 503.895 996.005 1496.76 2000.88 2487.96
50.5016 504.904     998 1499.76 2004.88 2492.96
50.6002  505.89    1000 1502.76  2008.8 2497.96
50.6997  506.89    1002 1505.71 2012.74 2502.96
50.6997 507.897    1004  1508.7 2016.74 2507.96
50.7989 508.891    1006  1511.7 2020.74 2512.87
 50.897 509.874    1008 1514.62 2024.74 2517.87
50.9962 510.874    1010 1517.57 2028.69 2522.87
51.0935 511.849 1011.93 1520.57 2032.69 2527.87
51.0935 512.859 1013.93 1523.57 2036.69 2532.85
51.1918 513.845 1015.93 1526.57 2040.61 2537.85
51.2913 514.845 1017.93 1529.54 2044.61 2542.79
51.2913 515.845 1019.93 1532.54 2048.62 2547.78
51.2913 516.855 1021.93 1535.54 2052.62 2552.76
 51.388  517.83 1023.86 1538.54 2056.62 2557.76
51.4872  518.83 1025.86 1541.51 2060.62  2562.7
51.5863  519.83 1027.86 1544.51 2064.59 2567.63
51.5863 520.841 1029.85 1547.51 2068.59 2572.62
51.6852 521.841 1031.85 1550.48 2072.59 2577.56
51.6852  522.85 1033.85 1553.48 2076.59 2582.54
51.6852  523.86 1035.85 1556.48 2080.59 2587.53
51.6852  524.86 1037.85 1559.48  2084.6 2592.52
51.6852 525.869 1039.85 1562.48 2088.61 2597.51
51.7834 526.869 1041.85 1565.45 2092.61 2602.44
51.7834 527.878 1043.84 1568.44 2096.61 2607.44
51.8809 528.872 1045.84 1571.44 2100.61 2612.35
51.9788 529.872 1047.82 1574.44 2104.61 2617.28
52.0762 530.865 1049.82 1577.44 2108.61 2622.19
52.0762 531.865 1051.82 1580.45 2112.61 2627.18
52.1728 532.852 1053.82 1583.45 2116.53 2632.18
52.2694 533.838 1055.82 1586.45 2120.45 2637.18
52.2694 534.838 1057.82 1589.45 2124.46 2642.17
52.3647 535.813 1059.75 1592.45 2128.46 2647.17
52.3647 536.813 1061.74 1595.45 2132.46 2652.17
52.3647 537.813 1063.74 1598.45 2136.48 2657.16
52.3647 538.822 1065.74 1601.44 2140.48 2662.16
52.4618 539.822 1067.74 1604.44 2144.44 2667.09
52.5583 540.815 1069.74 1607.44 2148.44    2672
52.6554 541.815 1071.74 1610.41 2152.44 2676.94
52.7509 542.798 1073.74 1613.33 2156.44 2681.94
52.8472 543.798  1075.7 1616.28 2160.44 2686.94
52.9442 544.798  1077.7 1619.25 2164.44 2691.87
 53.039 545.774 1079.62 1622.25 2168.44 2696.87
 53.039 546.774 1081.62 1625.25 2172.45 2701.87
53.1344 547.757 1083.62 1628.17 2176.45 2706.87
53.1344 548.757 1085.62 1631.17 2180.46 2711.86
53.1344 549.764 1087.61 1634.17 2184.46 2716.86
53.2294 550.747 1089.61 1637.09 2188.46 2721.86
53.3237 551.722 1091.54 1640.09 2192.46 2726.86
53.3237 552.722 1093.53 1643.09 2196.47 2731.86
53.3237 553.722 1095.53 1646.08 2200.48 2736.86
53.4198 554.722 1097.53 1649.05 2204.48  2741.8
53.5145 555.705 1099.53 1651.98 2208.48  2746.8
53.5145 556.714 1101.52 1654.97 2212.48  2751.8
53.5145 557.722 1103.52 1657.97 2216.49 2756.78
53.5145 558.722 1105.52 1660.97  2220.5 2761.77
53.6097 559.715 1107.52 1663.97  2224.5 2766.68
53.7052 560.715  1109.5 1666.97  2228.5 2771.61
53.7052 561.724  1111.5 1669.97 2232.51  2776.6
53.7999 562.724 1113.46 1672.92 2236.51  2781.6
53.8942  563.71 1115.46 1675.92 2240.42  2786.6
53.8942 564.719 1117.46 1678.92 2244.42 2791.59
53.8942 565.719 1119.46 1681.92 2248.42 2796.58
53.9893 566.719 1121.46 1684.92 2252.39 2801.52
54.0844 567.719 1123.43 1687.92 2256.39 2806.45
54.0844 568.719 1125.43 1690.93 2260.39 2811.45
54.1789 569.713 1127.43 1693.93 2264.39 2816.36
54.2737 570.713  1129.4 1696.93 2268.39 2821.29
54.3682 571.707  1131.4 1699.93 2272.39  2826.2
54.3682 572.707  1133.4 1702.93 2276.41 2831.19
54.4629 573.707 1135.38 1705.93 2280.41 2836.12
54.5565 574.693 1137.38 1708.93 2284.33 2841.12
54.5565 575.699 1139.38 1711.92 2288.33 2846.12
54.5565 576.706 1141.37 1714.92 2292.33 2851.12
 54.651 577.706 1143.37 1717.89 2296.33 2856.06
54.7448 578.706 1145.33 1720.89 2300.27 2861.06
54.7448 579.714 1147.33 1723.89 2304.28 2866.04
54.8387 580.714 1149.33 1726.84 2308.23 2871.04
54.8387 581.722 1151.33 1729.84 2312.24 2876.03
54.9321 582.722 1153.29 1732.79 2316.24 2881.03
54.9321 583.722 1155.29 1735.79 2320.25 2886.02
54.9321 584.722 1157.29 1738.79 2324.26 2891.01
55.0252 585.722 1159.25 1741.74 2328.26 2896.01
55.0252  586.73 1161.24 1744.73 2332.26 2901.01
55.0252 587.738 1163.24 1747.73 2336.26 2906.01
55.1182 588.738 1165.24 1750.69 2340.21 2911.01
55.2117 589.738 1167.24 1753.69 2344.18 2915.94
55.3041 590.725 1169.24 1756.69  2348.1 2920.94
55.3041 591.725 1171.24 1759.69 2352.11 2925.93
 55.397 592.725 1173.24 1762.64 2356.06 2930.93
 55.397 593.733 1175.24 1765.64 2360.07 2935.92
 55.397 594.733 1177.24 1768.64 2364.08 2940.91
  55.49 595.733 1179.24 1771.64 2368.05 2945.84
  55.49 596.742 1181.24 1774.65 2372.05 2950.83
  55.49 597.751 1183.24 1777.65 2376.05 2955.83
  55.49 598.758 1185.24 1780.64 2380.05 2960.83
55.5824 599.758 1187.21 1783.64 2384.05 2965.76
 55.675 600.758 1189.21 1786.64 2388.02  2970.7
55.7675 601.758 1191.21 1789.64 2391.99 2975.64
55.7675 602.767 1193.21 1792.64 2395.99 2980.63
55.7675 603.775 1195.21 1795.64    2400 2985.61
55.7675 604.775 1197.21 1798.64    2404 2990.61
55.8595 605.775 1199.19 1801.64    2408 2995.54
55.9512 606.775 1201.19  1804.6 2411.95 3000.54
55.9512 607.782 1203.19 1807.59 2415.95 3005.54
55.9512 608.782 1205.18 1810.59 2419.95 3010.54
55.9512 609.791 1207.18 1813.59 2423.95 3015.53
56.0427 610.791 1209.16 1816.59 2427.95 3020.46
56.1342 611.791 1211.13 1819.59 2431.95  3025.4
56.2248 612.778 1213.13 1822.59 2435.88  3030.4
56.3158 613.778  1215.1 1825.59 2439.82  3035.4
56.3158 614.785 1217.09 1828.59 2443.82  3040.4
56.4073 615.785 1219.09 1831.56 2447.82 3045.34
56.4073 616.785 1221.09 1834.56 2451.82 3050.33
56.4973 617.769 1223.09 1837.49 2455.82 3055.33
56.4973 618.776 1225.09 1840.48 2459.82 3060.33
56.4973 619.783 1227.09 1843.48 2463.83 3065.32
56.5883 620.783 1229.09 1846.48  2467.8 3070.26
56.6793 621.783 1231.09 1849.45  2471.8 3075.19
56.6793 622.783 1233.09 1852.45 2475.81 3080.19
56.6793 623.791 1235.09 1855.45 2479.81 3085.18
56.7701 624.791 1237.09 1858.42 2483.81 3090.12
56.8608 625.791 1239.09 1861.42 2487.78 3095.06
56.8608 626.801 1241.08 1864.42 2491.78 3100.05
56.9513 627.801 1243.06 1867.42 2495.78 3104.98
57.0415 628.795 1245.06 1870.42 2499.78  3109.9
57.1317 629.795 1247.06 1873.38 2503.73  3114.9
57.2217 630.795 1249.02 1876.38 2507.68  3119.9
57.3122 631.795    1251 1879.38 2511.68 3124.83
57.4008 632.772 1252.93 1882.38 2515.68 3129.83
57.4913 633.772 1254.91 1885.38 2519.68 3134.77
57.5819 634.772 1256.91 1888.35 2523.68 3139.71
57.6721 635.772 1258.91 1891.31 2527.63 3144.71
57.7626 636.772 1260.91 1894.28 2531.63 3149.65
57.8532 637.772 1262.91 1897.25 2535.63 3154.59
57.9418 638.749 1264.84 1900.25 2539.63 3159.59
57.9418 639.756 1266.84 1903.25 2543.64 3164.57
57.9418 640.764 1268.84 1906.25 2547.65 3169.56
57.9418 641.772 1270.84 1909.24 2551.65 3174.56
58.0319 642.772 1272.81 1912.24 2555.65 3179.49
58.0319 643.781 1274.81 1915.25 2559.65 3184.48
58.1219 644.781 1276.81 1918.22 2563.65 3189.42
58.2118 645.781 1278.79 1921.22 2567.65 3194.35
58.2118 646.781 1280.79 1924.22 2571.66 3199.34
58.2118 647.781 1282.79 1927.22 2575.66 3204.34
58.3012 648.781 1284.79 1930.18 2579.61 3209.34
58.3012 649.781 1286.78 1933.18 2583.62 3214.34
58.3012 650.781 1288.78 1936.18 2587.63 3219.33
58.3012 651.787 1290.78 1939.17 2591.63 3224.33
58.3905 652.787 1292.78 1942.17  2595.6 3229.27
58.3905 653.787 1294.78 1945.17 2599.61 3234.26
58.3905 654.795 1296.78 1948.17 2603.61 3239.25
58.4776 655.773 1298.72 1951.17 2607.61 3244.25
58.4776  656.78 1300.72 1954.17 2611.62 3249.24
58.5659  657.78 1302.68 1957.12 2615.62 3254.24
58.6538 658.767 1304.68 1960.12 2619.54 3259.24
58.7408 659.745 1306.62 1963.12 2623.54 3264.24
58.8292 660.745 1308.58 1966.12 2627.49 3269.24
58.8292 661.745 1310.58 1969.12  2631.5 3274.23
58.8292 662.751 1312.58 1972.11  2635.5 3279.23
58.8292 663.757 1314.58 1975.11  2639.5 3284.23
58.8292 664.763 1316.57 1978.11  2643.5 3289.23
58.9171 665.757 1318.57 1981.11  2647.5 3294.14
58.9171 666.763 1320.56 1984.11  2651.5 3299.14
58.9171 667.772 1322.56 1987.11  2655.5 3304.14
59.0052 668.772 1324.56 1990.08  2659.5 3309.08
59.0921 669.756 1326.56 1993.01  2663.5 3314.08
59.0921 670.756 1328.56 1996.01 2667.51 3319.07
59.1799 671.756 1330.54 1999.01 2671.51    3324
59.1799 672.756 1332.54 2002.01 2675.53 3328.99
59.2674 673.756 1334.54 2004.97 2679.48 3333.99
59.3552 674.756 1336.54 2007.97 2683.45 3338.93
59.3552 675.765 1338.53 2010.97 2687.45 3343.93
59.3552 676.774 1340.53 2013.97 2691.45 3348.92
59.3552 677.774 1342.53 2016.97 2695.46 3353.91
59.3552 678.781 1344.53 2019.97 2699.47  3358.9
59.4419 679.781 1346.49 2022.92 2703.47  3363.9
59.4419 680.781 1348.49 2025.92 2707.48 3368.89
59.4419 681.787 1350.49 2028.91 2711.48 3373.89
59.5286 682.781 1352.49 2031.91 2715.48 3378.81
59.5286 683.789 1354.49 2034.91 2719.49 3383.79
59.6143 684.773 1356.49 2037.84 2723.49 3388.79
59.6994 685.751 1358.43 2040.84 2727.49 3393.79
59.6994 686.751 1360.43 2043.84 2731.49 3398.79
59.7858 687.745 1362.43 2046.84 2735.49 3403.71
59.8714  688.73 1364.43 2049.77 2739.49 3408.71
59.9581  689.73  1366.4 2052.77 2743.49 3413.65
60.0437 690.714  1368.4  2055.7 2747.49 3418.65
60.1295 691.701  1370.4  2058.7 2751.42 3423.65
60.2157 692.701 1372.37 2061.65 2755.42 3428.65
60.3021 693.695 1374.37 2064.65 2759.42 3433.57
60.3885 694.689 1376.37 2067.65 2763.42 3438.49
60.3885 695.689 1378.37 2070.65 2767.42 3443.48
60.4748 696.683 1380.37 2073.65 2771.42  3448.4
60.4748 697.683 1382.37 2076.65 2775.43 3453.39
60.5607 698.683 1384.33  2079.6 2779.43 3458.39
60.6463  699.67 1386.33  2082.6 2783.36 3463.39
60.7327  700.67 1388.31  2085.6 2787.36 3468.33
60.8192  701.67 1390.28  2088.6 2791.36 3473.27
60.8192  702.67 1392.28  2091.6 2795.36 3478.27
60.9038 703.648 1394.22  2094.6 2799.36 3483.27
60.9901 704.648 1396.19  2097.6 2803.36  3488.2
61.0762 705.648 1398.19 2100.56 2807.32  3493.2
 61.162 706.648 1400.16 2103.51 2811.32  3498.2
61.2477 707.648 1402.12 2106.46 2815.32  3503.2
61.2477 708.654 1404.12 2109.46 2819.32  3508.2
61.3337 709.654 1406.12 2112.41 2823.27  3513.2
61.3337 710.661 1408.11 2115.41 2827.27  3518.2
61.4197 711.661 1410.09 2118.41 2831.27 3523.14
61.4197 712.668 1412.09 2121.41 2835.27 3528.14
61.5058 713.668 1414.09 2124.41 2839.25 3533.08
61.5058 714.675 1416.08 2127.41 2843.25 3538.08
61.5058 715.682 1418.08 2130.41 2847.25 3543.07
61.5058 716.688 1420.08  2133.4 2851.25 3548.07
61.5914 717.688 1422.06  2136.4 2855.25 3553.01
61.6767 718.688 1424.06 2139.36 2859.21 3558.01
61.7624 719.688 1426.06 2142.36 2863.18 3562.95
61.8463 720.666    1428 2145.36 2867.18 3567.95
61.9302 721.644 1429.93 2148.36 2871.18 3572.95
62.0155 722.638 1431.93 2151.36 2875.18 3577.87
   62.1 723.622 1433.93 2154.29 2879.18 3582.87
62.1857 724.622 1435.93 2157.26 2883.18 3587.81
62.1857 725.628 1437.93 2160.26 2887.18 3592.81
62.2709 726.622 1439.93 2163.26 2891.18 3597.74
62.2709 727.622 1441.93 2166.25 2895.19 3602.74
62.2709 728.627 1443.92 2169.25 2899.19 3607.74
62.2709 729.633 1445.92 2172.25 2903.19 3612.74
62.2709 730.641 1447.92 2175.26 2907.19 3617.73
62.3556 731.641 1449.92 2178.22 2911.15 3622.73
62.3556 732.641 1451.91 2181.22 2915.16 3627.72
  62.44 733.641 1453.88 2184.17 2919.16 3632.72
  62.44 734.648 1455.88 2187.17 2923.16  3637.7
62.5239 735.635 1457.88 2190.17 2927.09  3642.7
62.6084 736.635 1459.88 2193.13 2931.05  3647.7
62.6915 737.613 1461.82 2196.13 2935.05  3652.7
62.6915 738.613 1463.82 2199.13 2939.06 3657.69
62.7762 739.613 1465.82  2202.1 2943.06 3662.64
62.7762 740.613 1467.81  2205.1 2947.07 3667.63
62.7762 741.613 1469.81  2208.1 2951.08 3672.63
62.8598 742.601 1471.81  2211.1    2955 3677.63
62.8598 743.608  1473.8 2214.09    2959 3682.63
62.9431 744.592  1475.8 2217.03    2963 3687.63
62.9431 745.592  1477.8 2220.02 2967.01 3692.63
62.9431 746.592  1479.8 2223.02 2971.02 3697.63
62.9431 747.601 1481.79 2226.02 2975.02 3702.62
63.0267 748.594 1483.79 2229.02 2979.02 3707.54
63.0267 749.601 1485.79 2232.02 2983.02 3712.54
63.1106 750.601 1487.77 2235.02 2987.02 3717.48
63.1934 751.586 1489.77 2237.95 2991.02 3722.48
63.1934 752.586 1491.76 2240.95 2995.03 3727.48
63.1934 753.586 1493.76 2243.96 2999.03 3732.47
63.2767  754.58 1495.76 2246.96 3003.03 3737.39
63.3601  755.58 1497.76 2249.92 3006.98 3742.39
63.3601  756.58 1499.76 2252.92 3010.99 3747.38
63.4426 757.565 1501.76 2255.85 3014.99 3752.38
63.4426 758.565 1503.76 2258.85    3019 3757.38
63.4426 759.572 1505.76 2261.85 3023.01 3762.36
63.5254 760.572 1507.73  2264.8 3027.01 3767.36
63.6076 761.556 1509.73 2267.73 3031.01 3772.36
63.6076 762.562 1511.73 2270.73 3035.01 3777.36
63.6076 763.562 1513.73 2273.73 3039.02 3782.35
63.6076 764.567 1515.72 2276.73 3043.02 3787.35
63.6076 765.572 1517.72 2279.72 3047.02 3792.35
 63.689 766.551 1519.66 2282.72 3051.02 3797.35
 63.689 767.556 1521.66 2285.71 3055.03 3802.35
63.7702 768.535  1523.6 2288.71 3059.03 3807.35
63.8529 769.535 1525.58 2291.71 3063.03 3812.29
63.8529 770.535 1527.58 2294.72 3067.03 3817.29
63.8529 771.542 1529.58 2297.72 3071.03 3822.28
63.9355 772.542 1531.58 2300.69 3075.03 3827.22
64.0181 773.542 1533.58 2303.66 3079.03 3832.17
64.1007 774.542 1535.58 2306.66    3083 3837.11
64.1822 775.527 1537.58  2309.6    3087 3842.11
64.1822 776.532 1539.57  2312.6 3091.01 3847.11
64.2643 777.532 1541.54  2315.6 3094.96 3852.11
64.2643 778.532 1543.54 2318.59 3098.96 3857.11
64.3463 779.526 1545.54 2321.59 3102.96 3862.03
64.3463 780.532 1547.54 2324.59 3106.97 3867.02
64.3463 781.532 1549.54 2327.59 3110.98 3872.01
64.4279 782.532  1551.5 2330.55 3114.98 3877.01
64.4279 783.532  1553.5 2333.55 3118.99 3882.01
  64.51 784.532  1555.5 2336.55 3122.96 3886.96
64.5915 785.532 1557.46  2339.5 3126.96 3891.96
64.5915 786.532 1559.46  2342.5 3130.97 3896.95
64.5915 787.538 1561.45  2345.5 3134.97 3901.95
64.5915 788.538 1563.45  2348.5 3138.97 3906.95
64.6733 789.538 1565.45 2351.47 3142.97 3911.89
64.7545 790.538 1567.42 2354.43 3146.97 3916.89
64.7545 791.538 1569.41 2357.42 3150.98 3921.89
64.7545 792.538 1571.41 2360.42 3154.99 3926.88
64.7545 793.543 1573.41 2363.42 3158.99 3931.88
64.8355 794.543 1575.38 2366.42 3162.94 3936.88
64.9169 795.543 1577.38 2369.42 3166.91 3941.83
64.9169 796.543 1579.38 2372.42 3170.92 3946.82
64.9977 797.543 1581.35 2375.37 3174.92 3951.82
 65.078 798.528 1583.35 2378.31 3178.92 3956.82
65.1585 799.516 1585.35 2381.31 3182.85 3961.82
65.2396 800.516 1587.35 2384.27 3186.81 3966.82
65.3193 801.495 1589.29 2387.27 3190.81 3971.82
65.3193 802.501 1591.29 2390.27 3194.82  3976.8
65.4001 803.501 1593.26 2393.27 3198.77  3981.8
65.4001 804.506 1595.26 2396.26 3202.77  3986.8
65.4797 805.485  1597.2 2399.26 3206.77  3991.8
65.5604 806.485 1599.17 2402.26 3210.72  3996.8
65.5604 807.492 1601.17 2405.26 3214.72  4001.8
65.5604   808.5 1603.17 2408.26 3218.72 4006.79
65.5604 809.507 1605.16 2411.26 3222.72 4011.79
65.6412 810.507 1607.16 2414.23 3226.72 4016.74
65.6412 811.507 1609.16 2417.23 3230.73 4021.73
65.7209 812.492 1611.16 2420.17 3234.73 4026.73
65.7209 813.499 1613.16 2423.17 3238.73 4031.72
65.7209 814.504 1615.16 2426.16 3242.73 4036.72
65.8015 815.504 1617.16 2429.13 3246.73 4041.67
65.8015 816.509 1619.15 2432.13 3250.74 4046.67
65.8015 817.509 1621.15 2435.13 3254.75 4051.66
65.8015 818.509 1623.15 2438.13 3258.76 4056.65
65.8015 819.509 1625.15 2441.13 3262.77 4061.64
65.8015 820.509 1627.15 2444.14 3266.77 4066.64
65.8814 821.509 1629.13 2447.14 3270.77 4071.58
65.9605 822.495 1631.13 2450.07 3274.77 4076.58
66.0402 823.489 1633.13 2453.07 3278.77 4081.51
66.1187 824.468 1635.07 2456.07 3282.77 4086.51
66.1984 825.462 1637.07 2459.07 3286.77 4091.43
66.2779 826.462 1639.03 2462.03 3290.77 4096.43
66.2779 827.462 1641.03 2465.02 3294.77 4101.43
66.2779 828.462 1643.03 2468.02 3298.78 4106.43
66.2779  829.47 1645.02 2471.02 3302.78 4111.43
66.3577  830.47 1647.02 2474.02 3306.75 4116.38
66.3577 831.477 1649.02 2477.02 3310.75 4121.37
66.3577 832.484 1651.02 2480.02 3314.75 4126.36
66.3577 833.489 1653.02 2483.02 3318.75 4131.36
66.3577 834.489 1655.02 2486.02 3322.76 4136.35
 66.437 835.489 1657.02 2489.02 3326.74  4141.3
66.5161 836.483 1659.02 2492.02 3330.74 4146.23
66.5161 837.483 1661.02 2495.01 3334.74 4151.23
66.5161 838.489 1663.02 2498.01 3338.75 4156.22
66.5161 839.489 1665.02 2501.01 3342.76 4161.21
66.5952 840.489 1667.02 2504.01 3346.73 4166.15
66.5952 841.489 1669.02 2507.01 3350.74 4171.14
66.5952 842.489 1671.01 2510.01 3354.75 4176.14
66.5952 843.489 1673.01 2513.01 3358.75 4181.14
66.5952 844.496 1675.01 2516.01 3362.75 4186.14
66.5952 845.496    1677 2519.01 3366.76 4191.14
 66.673 846.484    1679 2522.01 3370.69 4196.14
 66.673 847.489    1681 2525.01 3374.69 4201.14
 66.751 848.489 1682.96 2527.96 3378.69 4206.14
 66.751 849.489 1684.96 2530.96  3382.7 4211.13
66.8291 850.483 1686.96 2533.96  3386.7 4216.06
66.9075 851.483 1688.94 2536.96  3390.7    4221
66.9856 852.477 1690.94 2539.96  3394.7 4225.93
67.0637 853.471 1692.94 2542.96  3398.7 4230.86
67.0637 854.471 1694.94 2545.96 3402.71 4235.85
67.1417 855.465 1696.94 2548.96 3406.71 4240.78
67.2193 856.453 1698.94 2551.96 3410.65 4245.78
67.2193 857.459 1700.94 2554.96 3414.65 4250.77
67.2972 858.459 1702.94 2557.93 3418.61 4255.77
67.2972 859.459 1704.93 2560.92 3422.62 4260.77
67.3753 860.459 1706.93  2563.9 3426.62 4265.71
67.4532 861.453 1708.93  2566.9 3430.62 4270.64
67.5309 862.453  1710.9  2569.9 3434.57 4275.64
67.5309 863.458  1712.9  2572.9 3438.57 4280.64
67.6089 864.458 1714.87  2575.9 3442.57 4285.59
67.6089 865.464 1716.87  2578.9 3446.57 4290.59
67.6089 866.469 1718.86  2581.9 3450.58 4295.59
67.6865 867.469 1720.86 2584.86 3454.53 4300.59
67.6865 868.469 1722.86 2587.86 3458.54 4305.58
67.7633 869.455 1724.86  2590.8 3462.54 4310.58
67.7633 870.455 1726.86  2593.8 3466.54 4315.57
67.7633 871.455 1728.86  2596.8 3470.55 4320.57
67.7633 872.455 1730.86  2599.8 3474.55 4325.56
67.8405 873.449 1732.86  2602.8 3478.55 4330.49
67.9171 874.435 1734.86 2605.74 3482.55 4335.49
67.9171 875.439 1736.85 2608.74 3486.56 4340.49
67.9931 876.419  1738.8 2611.74 3490.56 4345.49
68.0701 877.419 1740.77  2614.7 3494.56 4350.49
68.1467 878.407 1742.77  2617.7 3498.49 4355.49
68.1467 879.407 1744.77  2620.7 3502.49 4360.49
68.1467 880.414 1746.77  2623.7 3506.49 4365.48
68.2235 881.414 1748.73 2626.66 3510.49 4370.48
68.3007 882.414 1750.73 2629.63 3514.49 4375.43
68.3007  883.42 1752.73 2632.63 3518.49 4380.43
68.3775  884.42  1754.7 2635.63 3522.44 4385.43
68.3775  885.42  1756.7 2638.63 3526.45 4390.42
68.3775  886.42 1758.69 2641.63 3530.46 4395.42
68.3775 887.425 1760.69 2644.63 3534.47 4400.42
 68.454 888.425 1762.66 2647.63 3538.42 4405.42
68.5295 889.405  1764.6 2650.63 3542.42 4410.42
 68.605 890.385 1766.55 2653.63 3546.42 4415.42
 68.605  891.39 1768.54 2656.63 3550.42 4420.42
 68.605 892.395 1770.53 2659.63 3554.42 4425.42
 68.681 893.383 1772.53 2662.63 3558.36 4430.42
68.7568 894.369 1774.53 2665.57 3562.36 4435.42
68.7568 895.373 1776.53 2668.57 3566.36 4440.42
68.8325 896.359 1778.53  2671.5 3570.36 4445.42
68.8325 897.359 1780.53  2674.5 3574.37 4450.41
68.9085 898.359 1782.49 2677.46 3578.37 4455.41
 68.985 899.359 1784.47 2680.46 3582.37 4460.35
69.0608 900.347 1786.47 2683.46 3586.31 4465.35
69.1371 901.347 1788.47 2686.42 3590.27 4470.35
69.2129 902.335 1790.47 2689.42  3594.2 4475.35
 69.289 903.335 1792.44 2692.42 3598.16 4480.35
69.3651 904.335 1794.41 2695.38 3602.16 4485.35
69.4403 905.316 1796.36 2698.38 3606.16 4490.35
69.5159 906.301 1798.36 2701.32 3610.16 4495.35
 69.592 907.301 1800.32 2704.32 3614.11 4500.35
 69.592 908.301 1802.32 2707.32 3618.11 4505.35
 69.592 909.306 1804.32 2710.32 3622.11 4510.35
 69.592  910.31 1806.32 2713.31 3626.11 4515.35
 69.592 911.316 1808.32 2716.31 3630.12 4520.34
 69.592 912.321 1810.32  2719.3 3634.12 4525.34
69.6668 913.301 1812.27  2722.3 3638.12 4530.34
69.7429 914.301 1814.27 2725.28 3642.12 4535.29
69.7429 915.307 1816.26 2728.28 3646.12 4540.29
69.8185 916.307 1818.23 2731.23 3650.12 4545.29
69.8185 917.311 1820.23 2734.23 3654.12 4550.29
69.8185 918.318 1822.23 2737.23 3658.12 4555.28
 69.894 919.318  1824.2 2740.23 3662.08 4560.28
69.9696 920.318  1826.2  2743.2 3666.04 4565.28
69.9696 921.318 1828.19 2746.19 3670.05 4570.28
69.9696 922.325 1830.19 2749.19 3674.05 4575.28
70.0439 923.305 1832.14 2752.19 3678.05 4580.28
70.0439 924.305 1834.13 2755.19 3682.05 4585.28
70.1195 925.305 1836.13 2758.19 3686.03 4590.23
70.1948 926.305  1838.1 2761.19 3689.98 4595.23
70.2699 927.305 1840.07 2764.15 3693.98 4600.23
70.2699 928.312 1842.07 2767.15 3697.98 4605.22
70.2699 929.312 1844.07 2770.15 3701.98 4610.22
70.3445 930.298 1846.07 2773.09 3705.98 4615.22
70.3445 931.298 1848.06 2776.09 3709.99 4620.22
70.4194 932.298 1850.03 2779.05 3713.99 4625.22
70.4194 933.305 1852.03 2782.05 3717.99 4630.21
70.4194 934.309 1854.02 2785.05 3721.99 4635.21
70.4194 935.309 1856.02 2788.05    3726  4640.2
70.4194 936.309 1858.02 2791.05 3730.01  4645.2
70.4944 937.309    1860 2794.05 3734.01 4650.14
70.4944 938.316    1862 2797.05 3738.01 4655.14
70.5691  939.31    1864 2800.05 3742.01 4660.07
70.5691 940.315    1866 2803.04 3746.01 4665.07
70.6437 941.309    1868 2806.04 3750.01    4670
70.6437 942.314    1870 2809.04 3754.01 4674.99
70.7185 943.314    1872 2812.01 3758.01 4679.94
70.7185 944.319 1873.99 2815.01 3762.02 4684.94
70.7185 945.325 1875.99 2818.01 3766.02 4689.94
70.7185 946.325 1877.99 2821.01 3770.02 4694.94
70.7931 947.325 1879.99 2824.01    3774 4699.89
70.8669 948.314 1881.99 2827.01 3777.94 4704.89
70.8669 949.318 1883.99 2830.01 3781.94 4709.89
70.9411 950.318 1885.99 2832.97  3785.9 4714.89
70.9411 951.324 1887.99 2835.97  3789.9 4719.87
70.9411  952.33 1889.99 2838.97  3793.9 4724.87
71.0148 953.319 1891.99 2841.97 3797.84 4729.87
71.0878 954.299 1893.93 2844.97 3801.84 4734.87
71.1617 955.299  1895.9 2847.93 3805.84 4739.87
71.1617 956.299  1897.9 2850.93 3809.85 4744.86
71.2357 957.299  1899.9 2853.89 3813.81 4749.86
71.2357 958.299  1901.9 2856.89 3817.82 4754.85
71.3095 959.299 1903.87 2859.89 3821.78 4759.85
71.3834 960.299 1905.87 2862.86 3825.74 4764.85
71.4576 961.299 1907.85 2865.86 3829.74  4769.8
71.4576 962.299 1909.85 2868.86 3833.74  4774.8
71.5312 963.299 1911.81 2871.82 3837.74  4779.8
71.5312 964.305 1913.81 2874.82 3841.74 4784.79
71.5312  965.31 1915.81 2877.82 3845.75 4789.78
71.6047  966.31 1917.78 2880.77 3849.75 4794.78
71.6047  967.31 1919.78 2883.78 3853.75 4799.77
71.6782  968.31 1921.75 2886.78 3857.71 4804.77
71.7521  969.31 1923.75 2889.75 3861.71 4809.73
71.7521 970.317 1925.75 2892.75 3865.71 4814.72
71.7521 971.317 1927.75 2895.75 3869.71 4819.71
 71.825 972.303 1929.75 2898.69 3873.71 4824.71
71.8983 973.303 1931.72 2901.69 3877.67 4829.71
71.8983 974.307 1933.72 2904.69 3881.67 4834.71
71.8983 975.314 1935.72 2907.69 3885.67 4839.71
71.8983 976.314 1937.72 2910.69 3889.68  4844.7
71.9718 977.314 1939.72 2913.67 3893.68 4849.65
71.9718 978.314 1941.71 2916.67 3897.68 4854.65
71.9718 979.321 1943.71 2919.67 3901.68 4859.64
72.0449 980.315 1945.71 2922.67 3905.68 4864.58
72.1175 981.303 1947.71 2925.67 3909.62 4869.58
72.1175 982.309 1949.71 2928.67 3913.62 4874.58
72.1175 983.314  1951.7 2931.67 3917.62 4879.58
72.1907 984.314  1953.7 2934.64 3921.62 4884.53
72.1907 985.318  1955.7 2937.64 3925.62 4889.53
72.2635 986.318 1957.67 2940.64 3929.58 4894.53
72.3362 987.318 1959.64 2943.64 3933.53 4899.53
 72.409 988.318 1961.62 2946.64 3937.49 4904.53
 72.409 989.318 1963.61 2949.64  3941.5 4909.53
 72.482 990.318 1965.61 2952.61  3945.5 4914.48
 72.482 991.318 1967.61 2955.61 3949.51 4919.47
72.5541 992.304 1969.61 2958.55 3953.51 4924.47
 72.627 993.304 1971.59 2961.55 3957.51 4929.42
 72.627 994.304 1973.59 2964.55 3961.51 4934.41
72.6997 995.304 1975.59 2967.52 3965.48 4939.41
72.7713 996.286 1977.54 2970.52 3969.48 4944.41
72.7713 997.286 1979.53 2973.52 3973.48 4949.41
72.8437 998.286  1981.5 2976.47 3977.48 4954.41
72.9165 999.286 1983.48 2979.47 3981.48 4959.36
72.9165 1000.29 1985.48 2982.47 3985.48 4964.35
72.9165  1001.3 1987.48 2985.47 3989.49 4969.34