      1 3.66667       3 3.66667 3.66667       6
      1 4.66667 5.36842  6.5614 7.66667 10.7368
      1 5.66667 7.36842  9.7153 11.3518 15.8978
 1.3006 6.66667 9.36842 12.6358 15.3518 20.6767
1.52568 7.82036 10.9897 15.6358 19.3518 25.6767
1.52568 8.82036 13.1409 18.6964 23.1399 30.6767
1.76781 9.82036 15.2264 21.6964 26.8123 35.6767
1.99626 10.8204 17.1941 24.5003 30.8123 40.6767
2.23401 11.8204 19.1941 27.4181 34.8123 45.5211
2.23401 12.8204 21.2774 30.3941 38.8123 50.4619
2.45373 13.8204 23.2774 33.3941 42.6296 55.4249
2.67259 14.8204 25.2774 36.3727  46.432 60.4249
 2.8922 15.8204 27.2774 39.3727 50.2473   65.39
3.09137 16.9098 29.2774 42.0841 54.2473   70.39
3.09137 17.9098 31.2774 45.1132 58.1519 75.4564
3.09137 19.0494 33.2674 47.9836 62.1519 80.4564
3.28232 20.0494 35.2674 50.9836  65.991 85.4263
3.47338 21.0494 37.2674 53.9513 69.8323 90.4263
3.47338  22.212 39.2674 56.9313 73.6896 95.4263
3.47338  23.212 41.2674 59.9536 77.6015 100.492
3.63725 24.3071 43.2674 62.9536 81.6015 105.233
3.63725 25.4436 45.2674  65.897 85.6015 110.153
3.63725 26.5801 47.2674 68.8403 89.6015 115.073
3.63725 27.7056  49.269 71.8403 93.6015 119.946
3.63725 28.8312 51.2706 74.8403 97.6015 124.819
3.63725 29.9771 53.2706  77.815 101.481 129.819
3.63725 31.1131 55.2892  80.815 105.326 134.819
3.77153 32.1131 57.2892  83.815 109.215 139.796
3.90568 33.1131 59.2892 86.7962 113.099 144.796
3.90568 34.1131  61.348 89.8102 117.027 149.796
3.90568 35.2457  63.348  92.792 120.912 154.796
4.02992 36.2457  65.348 95.7437 124.912  159.72
4.15195 37.2457 67.3267 98.6429 128.912  164.72
4.15195 38.3608 69.3267 101.596 132.912 169.652
4.27029 39.4542 71.3267 104.596   136.7 174.652
4.27029   40.56 73.3259 107.596   140.7 179.547
4.38864   41.56 75.3259 110.578   144.6 184.547
4.50699   42.56 77.3259  113.56   148.5 189.547
4.62421   43.56 79.3259 116.514   152.5 194.477
4.74142   44.56 81.3259 119.467   156.5 199.406
4.74142   45.56 83.3259 122.483  160.45  204.44
4.74142 46.6622 85.3418 125.483 164.332  209.44
4.74142 47.6622 87.3725 128.469 168.332 214.423
4.74142 48.6622 89.3725 131.484 172.283 219.456
4.74142 49.6622 91.3725   134.5 176.235  224.49
4.74142 50.6622 93.4013 137.486 180.235 229.474
4.84434 51.6622 95.4013 140.471 184.147 234.474
4.84434 52.7455 97.4017 143.471 188.147 239.391
4.84434 53.7455  99.445  146.48 192.094 244.391
4.94241 54.7455 101.458  149.48 195.983 249.391
5.03442 55.7646 103.347  152.48 199.983 254.391
5.13305 56.7646 105.347  155.48 203.901 259.374
5.13305 57.8562 107.347  158.48 207.821 264.362
  5.229 58.8562 109.347 161.443 211.821 269.304
  5.229 59.9275 111.337 164.381 215.821 274.304
  5.229 60.9275 113.361  167.37 219.821 279.291
5.31639 61.9456 115.256  170.37 223.821 284.291
5.31639 63.0248 117.256 173.338 227.821 289.243
5.40742 64.0248 119.264 176.338 231.723 294.243
5.49901 65.0248 121.264 179.338 235.647 299.227
5.58704 66.0658 123.264 182.209 239.647 304.227
5.67855 67.0658 125.264 185.209 243.573  309.21
5.67855 68.1478 127.264 188.209 247.502 314.199
5.76696 69.1478 129.245 191.139 251.502 319.199
5.76696 70.2217 131.245 194.108 255.502 324.156
5.85045 71.2383 133.145 197.108 259.502 329.156
5.85045 72.3178 135.145 200.108 263.435 334.144
5.85045  73.386 137.141 203.108 267.435  339.08
5.85045 74.4542 139.137 206.108 271.435 344.015
5.85045  75.527 141.137 209.078 275.435 348.973
5.93302  76.527 143.129 212.078 279.435 353.898
 6.0161  77.527 145.134 215.078 283.347 358.898
6.09962  78.527 147.134 218.078 287.281 363.881
6.18176  79.527 149.115 221.014 291.281 368.881
6.26237 80.5642 151.115 223.897 295.281 373.881
6.34299 81.6013 153.115 226.779 299.281 378.881
6.42361 82.6384 155.115 229.661 303.281 383.881
6.42361 83.7019 157.111 232.661 307.281 388.821
6.42361 84.7756 159.111 235.646 311.223 393.821
  6.504 85.7756 161.102 238.646 315.223 398.749
 6.5838 86.8281 163.102 241.646 319.091 403.749
6.66458 87.8281 165.102 244.611 323.091 408.704
6.74581 88.8281 167.102 247.592 327.028 413.704
6.82584 89.8281 169.085 250.529 331.028 418.704
6.82584 90.8281 171.102 253.518 335.028 423.698
6.82584 91.8281 173.129 256.521 338.998 428.698
6.82584 92.8846 175.121 259.473 342.998 433.698
6.82584 93.8846 177.121 262.478  346.97 438.721
6.82584 94.9474 179.121 265.449  350.97 443.687
6.90211 95.9474 181.121 268.415  354.97 448.645
6.90211  97.005 183.118 271.415  358.97  453.59
6.97425 98.0189 185.031 274.415  362.97  458.59
6.97425 99.0739 187.023 277.369  366.97  463.59
6.97425 100.074 189.048 280.371 370.943  468.59
7.04491 101.088 190.963 283.371 374.943  473.59
7.11783 102.134 192.963 286.371 378.823  478.59
7.11783 103.134 194.984 289.371 382.791 483.602
7.11783 104.187 196.975 292.327 386.791 488.602
7.11783 105.251 198.975 295.327 390.739  493.59
7.18904 106.251 200.966 298.327 394.739 498.528
7.18904 107.251  202.98 301.316 398.739 503.524
7.18904 108.251 204.994 304.306 402.739 508.521
 7.2595 109.251 206.994 307.289 406.686 513.521
7.32963 110.251 208.994 310.257 410.686 518.482
7.32963 111.251 211.014 313.257 414.655 523.493
7.39813 112.291 213.014 316.257 418.655 528.385
7.39813 113.291 215.014 319.261 422.632 533.404
7.39813 114.291 217.028 322.252 426.632   538.4
7.46559 115.333 219.028 325.252 430.523   543.4
7.53305 116.375 221.028 328.252 434.413   548.4
7.60051 117.417 223.028 331.252 438.303   553.4
7.60051 118.473 225.032 334.252 442.243   558.4
7.60051 119.531 227.032 337.252 446.195 563.389
7.60051 120.531 229.046 340.242 450.195 568.385
7.60051  121.58 231.038 343.202 454.195 573.385
7.66633  122.58 233.039 346.202 458.128 578.385
7.73148 123.621 235.039 349.202 462.021 583.385
7.79726 124.621 237.039 352.173 466.021 588.349
7.79726 125.674 239.039 355.148 470.021  593.32
7.79726 126.674  241.06 358.152 473.996  598.32
7.86149 127.674 243.046 361.102 477.996  603.32
7.86149 128.727  245.05 364.102 481.939  608.32
7.86149 129.727  247.05 367.106 485.915 613.339
7.92487 130.727 249.042 370.106 489.915 618.284
7.92487 131.727 251.063  373.11 493.891 623.284
7.92487 132.727 253.082  376.11 497.861 628.295
7.92487 133.778 255.082 379.086 501.861 633.268
7.98644 134.817 257.082 382.086 505.761 638.268
7.98644 135.869 259.086 385.086 509.704 643.268
8.04836 136.869 261.086 388.072 513.657 648.268
8.04836 137.918 263.086 391.049 517.657 653.241
  8.109 138.958 265.086 394.049 521.557 658.241
  8.109 139.958 267.099 397.041 525.557 663.237
  8.109 141.007 269.099 400.018 529.557 668.211
  8.109 142.053 271.095 403.018 533.557 673.168
  8.109 143.098 273.088 405.981 537.557 678.168
8.16865 144.098 275.088 408.967 541.511 683.168
8.16865 145.147 277.092 411.967 545.457 688.168
8.22785 146.147 279.092 414.967  549.41 693.156
8.22785 147.147 281.092 417.971 553.387 698.174
8.22785 148.147 283.104 420.962 557.387 703.171
8.28549 149.185 285.104 423.962 561.292 708.171
8.34165 150.197 287.037 426.962 565.292 713.171
8.34165 151.248 289.037 429.962 569.249 718.163
8.39888 152.285 291.037 432.962 573.154 723.163
8.45683 153.285 293.037  435.95 577.109 728.163
8.45683  154.33 295.033  438.95 581.109 733.122
8.51394  155.33 297.025  441.95 585.109 738.073
8.51394 156.378 299.029  444.95 589.057 743.073
8.51394  157.42 301.022 447.915 593.057 748.073
8.57014  158.42 303.009 450.872 597.057 753.073
8.62622 159.456 305.009 453.872 600.964 758.073
8.62622 160.506 307.009 456.872 604.921 763.065
 8.6822 161.506 309.001 459.872 608.921 768.017
 8.6822 162.548 310.994 462.837 612.921 773.017
8.73621 163.559 312.929 465.837 616.921 778.017
8.79137 164.592 314.929 468.837 620.921 782.929
8.84653 165.625 316.929 471.837 624.921 787.841
8.84653 166.666 318.921 474.804 628.921 792.841
8.90152 167.702 320.921 477.804  632.83 797.841
8.90152 168.702 322.937 480.804 636.805 802.852
8.95559 169.727 324.937 483.725 640.805 807.852
8.95559 170.727 326.954 486.728 644.783 812.852
9.00991 171.762 328.954 489.728 648.694 817.852
9.00991 172.762 330.972 492.732 652.672 822.852
9.00991 173.802 332.965 495.699 656.672 827.852
9.00991  174.85 334.965 498.699 660.632 832.844
9.00991  175.85 336.975 501.691 664.632 837.842
9.06357  176.85 338.975 504.679 668.591 842.842
9.06357  177.85 340.985 507.672 672.591 847.839
9.06357  178.85 343.002 510.675  676.57 852.839
9.11659  179.85 345.002 513.675 680.528 857.828
9.16961  180.85 347.002 516.675 684.486 862.817
9.16961 181.897 349.002 519.675 688.447  867.81
9.22197 182.897 350.995 522.675 692.447 872.765
9.27449 183.897 352.995 525.652 696.447 877.736
9.32684 184.897 354.987 528.652 700.447 882.691
9.32684 185.897 356.997 531.645 704.447 887.688
9.32684 186.939 358.997 534.626 708.447 892.665
9.32684 187.939 361.012 537.626 712.422 897.674
9.32684 188.939 363.012  540.63 716.403  902.69
9.32684 189.981 365.012 543.611 720.403 907.667
9.37811 190.981 367.012 546.611 724.363 912.656
 9.4277 191.991 368.952 549.611 728.363 917.656
 9.4277 193.032 370.952 552.592 732.363 922.634
9.47867 194.032 372.952 555.592 736.323 927.623
9.52951 195.032 374.952 558.592 740.272 932.623
9.52951 196.073 376.952 561.573 744.272   937.6
9.52951 197.115 378.956 564.573 748.227   942.6
9.52951 198.152 380.949 567.543 752.227   947.6
9.57951 199.152 382.949 570.521 756.227 952.572
9.62936 200.152 384.942 573.521 760.227  957.53
9.62936 201.152 386.942 576.524 764.208 962.545
9.67896 202.152 388.935 579.524 768.208 967.502
9.67896 203.188 390.928 582.495 772.208 972.502
9.67896 204.228 392.928 585.477 776.208  977.48
9.67896 205.271 394.928 588.468 780.174  982.48
9.67896 206.314 396.928 591.468 784.138 987.473
9.72787 207.314 398.928 594.456   788.1 992.473
9.77647 208.314 400.921 597.456   792.1 997.431
9.77647  209.35 402.915 600.427   796.1 1002.43
9.82483  210.35 404.908 603.427   800.1 1007.39
9.82483 211.387 406.904 606.427   804.1 1012.36
9.87284 212.387 408.893 609.391   808.1 1017.36
9.87284 213.423 410.886 612.362   812.1 1022.36
9.87284 214.423 412.886 615.365 816.083 1027.37
9.92066 215.423 414.886 618.365 820.036 1032.37
9.92066 216.465 416.886 621.365 824.001 1037.36
9.96837 217.465 418.886 624.365 827.964 1042.35
9.96837 218.503 420.886 627.347 831.964 1047.33
10.0159 219.503 422.886 630.336 835.928 1052.33
10.0159 220.503 424.898 633.336 839.907 1057.34
10.0159 221.543 426.901 636.336 843.865 1062.34
10.0629 222.543 428.901 639.325 847.829 1067.34
  10.11 223.543 430.901 642.314 851.793 1072.34
10.1564  224.57 432.901 645.314 855.793 1077.27
10.2029 225.597 434.901 648.314 859.793 1082.19
10.2029 226.635 436.901 651.297 863.793 1087.17
10.2494 227.635 438.894 654.297 867.793 1092.13
10.2494 228.675 440.894 657.297  871.76 1097.12
10.2954 229.702 442.894 660.297  875.76 1102.05
 10.342 230.702 444.894 663.286 879.724 1107.05
 10.342  231.74 446.894 666.269 883.724 1112.03
10.3876  232.76 448.894 669.203 887.724 1117.03
10.3876 233.798 450.897 672.203 891.684 1122.03
10.3876 234.839 452.897 675.203 895.651 1127.02
10.4327 235.859 454.897 678.138 899.651 1132.02
10.4327 236.897 456.897 681.121 903.651    1137
10.4327 237.934 458.897 684.104 907.651 1141.98
10.4779 238.934 460.886 687.069 911.651 1146.98
10.4779 239.934   462.9 690.071 915.635 1151.98
 10.523 240.934 464.889 693.037 919.635 1156.98
 10.523 241.968 466.883  696.01 923.635 1161.98
 10.523 242.968 468.891 699.003 927.635 1166.98
 10.523 244.005 470.893 702.003 931.595 1171.98
 10.523 245.039  472.89 705.003 935.595 1176.95
 10.523 246.079  474.89 707.994 939.565 1181.95
10.5674 247.079  476.89 710.983 943.531 1186.95
10.5674 248.116 478.892 713.983 947.492 1191.95
10.5674 249.116 480.904 716.983 951.473 1196.96
10.6113 250.116 482.903 719.983 955.429 1201.96
10.6546 251.136 484.903  722.92 959.429 1206.96
10.6546 252.173 486.903 725.903 963.429 1211.94
 10.698 253.199 488.903 728.903 967.429 1216.87
10.7413 254.225 490.903 731.903 971.429  1221.8
10.7848 255.253 492.903 734.903 975.358  1226.8
10.7848 256.292 494.903 737.894 979.328  1231.8
10.7848 257.292 496.911 740.888 983.328  1236.8
10.7848  258.33 498.911 743.879 987.298  1241.8
10.7848  259.33 500.911 746.882 991.283 1246.81
10.7848  260.33 502.911 749.885 995.268 1251.82
10.7848 261.367 504.913 752.885  999.23 1256.82
10.7848 262.367 506.913 755.887 1003.21 1261.83
10.7848 263.367 508.925 758.887  1007.2 1266.84
10.8269 264.367 510.915 761.855  1011.2 1271.84
10.8694 265.367 512.915 764.855 1015.16 1276.83
10.8694 266.405 514.915 767.846 1019.13 1281.83
10.9116 267.405 516.915 770.846 1023.09 1286.83
10.9538 268.405 518.915 773.828 1027.09 1291.81
10.9538  269.44 520.917 776.828 1031.05 1296.81
10.9538 270.476 522.919 779.828 1035.02 1301.81
10.9538 271.476  524.93 782.828    1039 1306.81
10.9945 272.484 526.881 785.828    1043 1311.81
11.0361 273.484 528.875 788.828    1047 1316.78
11.0361 274.484 530.875  791.83 1050.98 1321.79
11.0776 275.484 532.869  794.83 1054.98 1326.76
11.1188 276.509 534.869  797.83 1058.98 1331.69
11.1603 277.509 536.868  800.83 1062.94 1336.69
11.2009 278.517 538.819  803.83 1066.94 1341.69
11.2009 279.517  540.83  806.83 1070.92  1346.7
11.2424 280.517  542.83  809.83 1074.89 1351.69
11.2835 281.542  544.83  812.83 1078.89 1356.62
11.3245 282.566  546.83  815.83 1082.89 1361.56
 11.366 283.566  548.83  818.83 1086.86 1366.55
11.4068 284.584  550.83 821.771 1090.86 1371.55
 11.448 285.584  552.82  824.74 1094.86 1376.55
 11.448 286.584 554.831  827.74 1098.84 1381.55
 11.448 287.584 556.831 830.742 1102.83 1386.57
 11.448 288.618 558.832 833.742 1106.79 1391.57
 11.448 289.648 560.827 836.718 1110.79 1396.57
11.4888 290.648 562.826 839.718 1114.75 1401.57
11.4888 291.648 564.826  842.72 1118.74 1406.58
11.5294 292.648  566.82  845.72 1122.74 1411.54
11.5702 293.648  568.82  848.71 1126.71 1416.54
11.6109 294.648  570.82   851.7 1130.68 1421.54
11.6513 295.673  572.82   854.7 1134.61 1426.54
11.6919 296.673 574.814   857.7 1138.61 1431.51
11.7325 297.673 576.813   860.7 1142.57 1436.51
11.7733 298.673 578.813  863.69 1146.54 1441.51
11.8139 299.673 580.807  866.69 1150.54 1446.47
11.8139 300.673 582.819 869.693 1154.53 1451.47
11.8544 301.673 584.819 872.675 1158.53 1456.45
11.8544 302.673 586.831 875.677 1162.51 1461.45
11.8948 303.673 588.831 878.677 1166.48 1466.44
11.9343 304.681 590.784 881.677 1170.48 1471.44
11.9343 305.709 592.779 884.654 1174.48 1476.44
11.9743 306.734 594.779 887.654 1178.42 1481.44
12.0145 307.734 596.778 890.654 1182.38 1486.44
12.0145 308.734 598.785 893.649 1186.38 1491.44
12.0145 309.767 600.785 896.649 1190.35 1496.43
 12.054 310.784 602.785 899.592 1194.35 1501.43
12.0939 311.784 604.785 902.575 1198.35 1506.41
12.0939 312.784 606.791  905.57 1202.35 1511.41
12.1338 313.784 608.791 908.552 1206.35 1516.39
12.1734 314.784 610.782 911.522 1210.35 1521.39
12.2128 315.801 612.782 914.466 1214.35 1526.39
12.2523 316.825 614.782 917.466 1218.29 1531.39
12.2921 317.825 616.775 920.466 1222.29 1536.35
12.2921 318.856 618.777 923.466 1226.25 1541.35
12.3315  319.88 620.777 926.466 1230.19 1546.35
12.3315 320.908 622.772 929.443 1234.19 1551.35
12.3709 321.931 624.772 932.443 1238.13 1556.35
12.3709 322.931 626.779 935.438 1242.13 1561.35
12.4101 323.955 628.779 938.438 1246.07 1566.35
12.4495 324.955 630.778 941.438 1250.03 1571.35
12.4891 325.955 632.778 944.438    1254 1576.34
12.5283 326.979 634.778 947.438 1257.93 1581.34
12.5283  328.01 636.779 950.438  1261.9 1586.34
12.5676  329.01 638.779 953.421  1265.9 1591.32
12.5676 330.043 640.779 956.414 1269.88 1596.32
12.6063 331.059 642.779 959.359 1273.88 1601.32
12.6063 332.091 644.779 962.359 1277.85 1606.32
12.6453 333.091 646.773 965.359 1281.85 1611.28
12.6844 334.091 648.772 968.359 1285.81 1616.28
12.6844 335.091 650.779 971.354 1289.81 1621.28
12.6844 336.124 652.779 974.354 1293.78 1626.28
12.6844 337.124  654.79 977.356 1297.77 1631.28
12.7229 338.147  656.79 980.356 1301.71 1636.28
12.7611 339.163  658.79 983.302 1305.71 1641.28
12.7997 340.163 660.784 986.302 1309.71 1646.24
12.7997 341.195 662.784 989.295 1313.68 1651.24
12.7997 342.195 664.794 992.295 1317.67 1656.25
12.7997 343.227 666.794 995.288 1321.64 1661.25
12.8381 344.227 668.793 998.288  1325.6 1666.25
12.8765 345.227 670.792 1001.29 1329.57 1671.25
12.8765 346.258 672.794 1004.29 1333.53 1676.25
12.9139 347.264  674.75 1007.29 1337.53 1681.25
12.9523 348.264  676.75 1010.28 1341.51 1686.25
12.9523 349.296  678.75 1013.27 1345.48 1691.25
12.9904 350.296  680.75 1016.25 1349.48 1696.23
12.9904 351.328  682.75 1019.25 1353.45 1701.22
12.9904 352.328 684.759 1022.25 1357.44 1706.23
12.9904 353.328 686.759 1025.26 1361.42 1711.24
12.9904 354.357 688.761 1028.26 1365.39 1716.24
12.9904 355.384 690.756 1031.24 1369.39 1721.24
12.9904 356.415 692.756 1034.24 1373.37 1726.24
12.9904 357.415 694.766 1037.24 1377.35 1731.24
13.0275 358.436 696.766 1040.24 1381.35 1736.19
13.0275 359.467 698.766 1043.24 1385.32 1741.18
13.0275 360.494 700.762 1046.24 1389.32 1746.16
13.0643 361.514 702.762 1049.24 1393.32  1751.1
13.1013 362.537 704.762 1052.24 1397.26  1756.1
13.1013 363.564 706.759 1055.24 1401.26 1761.08
13.1013 364.595 708.759 1058.23 1405.24 1766.08
13.1013 365.595 710.759 1061.23 1409.23 1771.09
13.1374 366.602 712.717 1064.23 1413.23 1776.09
13.1374 367.631 714.717 1067.22 1417.23 1781.07
13.1374 368.631 716.717 1070.22 1421.21 1786.08
 13.174 369.631 718.716 1073.22 1425.18 1791.08
13.2105 370.631 720.706 1076.19 1429.18 1796.08
13.2464 371.638 722.664 1079.19 1433.18 1801.08
13.2831 372.638 724.664 1082.18 1437.15 1806.08
13.3193 373.653 726.664 1085.13 1441.15 1811.08
13.3193 374.679 728.659 1088.11 1445.15 1816.08
13.3193 375.679 730.669 1091.11 1449.14 1821.08
13.3193 376.705 732.664 1094.09 1453.14 1826.08
13.3557 377.705 734.664 1097.08 1457.11 1831.08
13.3918 378.726 736.664 1100.08 1461.05 1836.08
13.4277 379.742 738.664 1103.03 1465.05 1841.08
13.4641 380.742 740.663 1106.03 1469.02 1846.08
13.4641 381.772 742.663 1109.03 1472.99 1851.08
13.5004 382.772 744.663 1112.02 1476.96 1856.08
13.5004 383.802 746.663 1115.02 1480.94 1861.07
13.5004 384.832 748.663 1118.02 1484.91 1866.07
13.5004 385.832 750.674 1121.02  1488.9 1871.07
13.5364 386.832 752.674 1124.02 1492.87 1876.06
13.5722 387.832 754.665 1126.99 1496.87 1881.06
13.5722 388.862 756.665 1129.99 1500.85 1886.06
13.5722 389.862 758.675    1133 1504.84 1891.06
13.5722 390.891 760.677    1136 1508.81 1896.06
13.5722 391.917 762.673    1139 1512.81 1901.04
13.5722 392.917 764.682    1142 1516.79 1906.04
13.6074 393.936 766.682    1145 1520.79 1910.99
13.6429 394.936 768.682 1147.98 1524.79 1915.97
13.6783 395.936 770.682 1150.96 1528.79 1920.95
13.7136 396.956 772.682 1153.96 1532.79 1925.89
13.7491 397.956 774.682 1156.96 1536.76 1930.89
13.7844 398.977 776.682 1159.96 1540.71 1935.89
13.8198 399.977 778.676 1162.96 1544.71 1940.86
13.8552 400.977 780.676 1165.95 1548.71 1945.84
13.8552 402.002 782.673 1168.95 1552.71 1950.81
13.8552 403.032 784.673 1171.94 1556.68 1955.81
13.8906 404.032 786.673 1174.93 1560.66 1960.81
13.9257 405.053 788.673 1177.93  1564.6 1965.81
 13.961 406.053 790.672 1180.93 1568.57 1970.81
13.9964 407.053 792.672 1183.93 1572.54 1975.81
13.9964 408.081 794.674 1186.93 1576.51 1980.81
13.9964  409.11 796.674 1189.93 1580.49  1985.8
14.0313  410.11 798.665 1192.91 1584.49  1990.8
14.0313 411.139 800.665  1195.9 1588.46  1995.8
14.0657 412.145 802.624  1198.9 1592.46  2000.8
14.1003  413.16 804.624 1201.85 1596.46  2005.8
14.1003 414.184 806.619 1204.83 1600.46  2010.8
14.1352 415.184 808.614 1207.83 1604.46 2015.77
14.1352 416.213 810.614 1210.83 1608.44 2020.77
14.1352 417.238 812.609 1213.81 1612.44 2025.77
14.1352 418.238 814.614 1216.81 1616.44 2030.77
14.1352 419.263 816.611 1219.81 1620.44 2035.74
14.1352 420.292 818.611 1222.81 1624.41 2040.74
14.1693 421.306 820.611 1225.76 1628.41 2045.74
14.1693 422.306 822.616 1228.75 1632.41 2050.74
14.1693 423.306 824.625 1231.75  1636.4 2055.74
14.1693 424.306  826.63 1234.75  1640.4 2060.74
14.2034 425.327  828.63 1237.75 1644.35 2065.74
14.2034 426.327  830.64 1240.75 1648.33 2070.74
14.2034 427.355  832.64 1243.75 1652.31 2075.74
14.2034 428.355  834.64 1246.75  1656.3 2080.75
14.2374 429.355 836.639 1249.75 1660.27 2085.75
14.2714 430.355 838.639 1252.73 1664.27 2090.74
14.3052 431.374 840.639 1255.73 1668.27 2095.68
14.3052 432.374 842.647 1258.73 1672.25 2100.69
 14.339 433.374 844.641 1261.73 1676.25 2105.66
14.3729 434.374 846.636 1264.73 1680.25 2110.63
14.3729 435.398 848.631 1267.71 1684.25 2115.63
14.3729 436.424 850.632 1270.71 1688.22 2120.63
14.3729 437.448 852.628 1273.69 1692.22 2125.63
14.4065 438.448 854.622 1276.69 1696.22 2130.61
14.4395 439.454 856.583 1279.69 1700.22 2135.61
 14.473 440.472 858.583 1282.69 1704.22 2140.55
 14.473 441.472 860.588 1285.69 1708.22 2145.55
 14.473 442.497 862.585 1288.69 1712.22 2150.53
14.5065 443.497 864.584 1291.69 1716.19 2155.53
14.5065 444.497 866.589 1294.69 1720.19 2160.53
14.5398 445.517 868.589 1297.69 1724.14 2165.53
14.5398 446.517 870.597 1300.69 1728.12 2170.54
14.5398  447.54 872.592 1303.67 1732.12 2175.54
14.5725 448.546 874.554 1306.67 1736.12 2180.54
14.5725 449.546 876.559 1309.66 1740.12 2185.54
14.5725 450.574 878.559 1312.66  1744.1 2190.53
14.6057 451.574 880.559 1315.66 1748.08 2195.52
14.6389 452.574 882.558 1318.66 1752.04 2200.52
14.6389 453.574 884.563 1321.66 1756.04 2205.52
14.6389 454.574 886.568 1324.65 1760.04 2210.52
14.6715 455.587 888.568 1327.61 1764.04 2215.52
14.6715 456.614 890.568 1330.61 1768.02 2220.52
14.7043 457.634 892.568 1333.61 1771.97 2225.52
14.7372 458.634 894.568 1336.59 1775.97  2230.5
14.7372 459.661 896.568 1339.59 1779.95  2235.5
14.7694 460.667  898.53 1342.59 1783.95  2240.5
14.7694 461.667 900.539 1345.59 1787.94  2245.5
14.8016 462.673 902.501 1348.59 1791.94  2250.5
14.8016 463.699 904.502 1351.59 1795.91  2255.5
14.8344 464.699 906.502 1354.59 1799.88 2260.49
14.8671 465.699 908.502 1357.58 1803.86 2265.49
14.8671 466.722 910.499 1360.58 1807.86 2270.47
14.8671 467.722 912.506 1363.58 1811.85 2275.48
14.8997 468.722 914.506 1366.57 1815.85 2280.46
14.9323 469.722 916.505 1369.57 1819.81 2285.46
14.9323 470.745   918.5 1372.55 1823.81 2290.46
14.9323 471.745 920.505 1375.54 1827.81 2295.46
14.9323 472.745 922.514 1378.55  1831.8 2300.46
14.9323 473.772 924.514 1381.54 1835.78 2305.46
 14.964 474.778 926.477 1384.54 1839.78 2310.46
 14.964   475.8 928.472 1387.52 1843.78 2315.46
14.9962   476.8 930.472 1390.51 1847.78 2320.44
15.0284   477.8 932.472 1393.51 1851.76 2325.43
15.0606   478.8 934.466 1396.51 1855.76 2330.41
15.0922 479.806 936.429 1399.51 1859.76 2335.41
15.1244 480.806 938.429 1402.49 1863.76 2340.39
15.1244 481.806 940.429  1405.5 1867.75  2345.4
15.1563 482.823 942.429  1408.5 1871.75 2350.35
15.1563 483.849 944.429 1411.49 1875.73 2355.35
15.1563 484.872 946.425 1414.47 1879.73 2360.35
15.1563 485.898 948.425 1417.47  1883.7 2365.34
15.1881 486.898 950.416 1420.45  1887.7 2370.34
15.2199 487.917 952.416 1423.45 1891.65 2375.34
15.2199 488.917 954.425 1426.45 1895.64 2380.34
15.2199 489.941 956.425 1429.44 1899.64 2385.33
15.2199 490.966 958.426 1432.44 1903.62 2390.33
15.2516 491.966 960.426 1435.43 1907.62 2395.31
15.2516 492.992 962.426 1438.43  1911.6 2400.31
15.2828 493.998 964.389 1441.43  1915.6 2405.31
15.2828  495.02 966.384 1444.41  1919.6 2410.31
15.3138 496.025 968.348 1447.41  1923.6 2415.31
15.3453 497.025 970.339 1450.38  1927.6 2420.31
15.3453  498.05 972.339 1453.37  1931.6  2425.3
15.3766 499.066 974.339 1456.37  1935.6 2430.25
15.4082 500.066 976.339 1459.37 1939.57 2435.25
15.4397 501.066 978.334 1462.37 1943.57 2440.22
15.4397 502.088 980.329 1465.35 1947.57 2445.22
15.4397 503.113  982.33 1468.35 1951.55 2450.22
15.4397 504.113 984.334 1471.34 1955.55 2455.22
15.4397 505.135 986.329 1474.33 1959.55 2460.22
15.4709 506.135 988.324 1477.33 1963.55  2465.2
15.4709 507.135 990.331 1480.33 1967.53  2470.2
15.5016 508.141 992.294 1483.33 1971.53  2475.2
15.5016 509.141 994.301 1486.33 1975.52 2480.21
15.5328 510.141 996.301 1489.32  1979.5 2485.21
15.5328 511.141 998.309 1492.32 1983.49 2490.21
15.5328 512.162  1000.3  1495.3 1987.49 2495.21
15.5328 513.162  1002.3 1498.31 1991.48 2500.22
15.5637 514.162  1004.3 1501.29 1995.48  2505.2
15.5637 515.187 1006.31 1504.29 1999.45  2510.2
15.5637 516.187 1008.31 1507.29 2003.44 2515.21
15.5946 517.187 1010.31 1510.28 2007.42 2520.21
15.5946 518.187 1012.32 1513.28  2011.4 2525.21
15.6252 519.203 1014.32 1516.28  2015.4 2530.16
15.6252 520.203 1016.32 1519.28  2019.4 2535.16
15.6252 521.203 1018.33 1522.28 2023.39 2540.16
15.6559 522.203 1020.33 1525.27 2027.39 2545.15
15.6865 523.203 1022.33 1528.27 2031.39 2550.12
15.6865 524.227 1024.33 1531.27 2035.37 2555.12
15.7171 525.227 1026.32 1534.27 2039.34 2560.12
15.7475 526.245 1028.32 1537.27 2043.29 2565.12
15.7475 527.268 1030.32 1540.26 2047.29 2570.11
15.7475  528.29 1032.32 1543.26 2051.29 2575.09
 15.778  529.29 1034.32 1546.26 2055.29 2580.07
 15.778 530.315 1036.32 1549.26 2059.27 2585.06
 15.778 531.315 1038.32 1552.26 2063.26 2590.07
15.8082 532.332 1040.32 1555.26 2067.21 2595.07
15.8082 533.356 1042.32 1558.26 2071.19 2600.07
15.8082 534.379 1044.32 1561.25 2075.19 2605.06
15.8082 535.404 1046.32 1564.24 2079.17 2610.06
15.8384 536.404 1048.32 1567.24 2083.14 2615.06
15.8686 537.404 1050.31 1570.24 2087.11 2620.06
15.8988 538.404 1052.31 1573.23 2091.11 2625.04
15.8988 539.427 1054.31 1576.22 2095.11 2630.03
15.9284 540.433 1056.28 1579.22 2099.11 2635.03
15.9585 541.433 1058.28  1582.2 2103.11 2640.01
15.9585 542.457 1060.28  1585.2 2107.09 2645.01
15.9881 543.462 1062.24  1588.2 2111.09 2650.01
16.0179 544.475 1064.24 1591.16 2115.09 2655.01
 16.048 545.475 1066.24 1594.15 2119.07 2660.01
 16.048 546.496 1068.24 1597.15 2123.07 2664.99
 16.078 547.496 1070.24 1600.14 2127.07 2669.97
16.1081 548.496 1072.24 1603.13 2131.05 2674.97
16.1081 549.521 1074.24 1606.13 2135.03 2679.97
16.1081 550.521 1076.25 1609.13 2139.02 2684.97
16.1378 551.538 1078.25 1612.13 2142.97 2689.97
16.1674  552.55 1080.25 1615.09 2146.97 2694.97
16.1674 553.571 1082.24 1618.09 2150.97 2699.96
16.1674 554.596 1084.24 1621.09 2154.95 2704.96
16.1972 555.596 1086.24 1624.09 2158.95 2709.93
16.1972 556.596 1088.25 1627.09 2162.94 2714.93
16.1972 557.617 1090.24 1630.09 2166.94 2719.91
16.1972 558.617 1092.24 1633.09 2170.93 2724.92
16.2263 559.623 1094.21 1636.09 2174.93 2729.92
16.2555 560.628 1096.17 1639.09 2178.93 2734.92
16.2849 561.643 1098.17 1642.09 2182.93 2739.88
16.3144 562.659 1100.17 1645.09 2186.93 2744.83
16.3144  563.68 1102.17 1648.09 2190.93 2749.81
16.3144  564.68 1104.18 1651.09 2194.92 2754.82
16.3144  565.68 1106.19 1654.09 2198.91 2759.82
16.3144  566.68 1108.19 1657.09  2202.9 2764.83
16.3144  567.68 1110.19 1660.09 2206.89 2769.83
16.3144 568.701 1112.19 1663.09 2210.89 2774.82
16.3144 569.701 1114.19 1666.09 2214.88 2779.82
16.3435 570.717 1116.19 1669.09 2218.88 2784.78
16.3726 571.717 1118.19 1672.07 2222.88 2789.78
16.4018 572.717 1120.18 1675.07 2226.88 2794.75
16.4018  573.74 1122.18 1678.07 2230.85 2799.75
16.4311  574.74 1124.18 1681.06 2234.83 2804.75
16.4311 575.761 1126.18 1684.06 2238.83 2809.73
16.4603 576.761 1128.18 1687.06 2242.81 2814.73
16.4895 577.761 1130.18 1690.06 2246.79 2819.72
16.4895 578.783 1132.18 1693.05 2250.79 2824.71
16.4895 579.805 1134.18 1696.04 2254.79  2829.7
16.5186 580.805 1136.18 1699.04 2258.76 2834.69
16.5474 581.817 1138.18    1702 2262.76 2839.69
16.5474 582.837 1140.17 1704.99 2266.76 2844.69
16.5759 583.842 1142.14 1707.99 2270.76 2849.69
16.5759 584.864 1144.14 1710.98 2274.76 2854.68
16.6048 585.864 1146.14 1713.98 2278.74 2859.68
16.6337 586.864 1148.13 1716.98 2282.74 2864.65
16.6625 587.881 1150.13 1719.98 2286.69 2869.65
 16.691 588.886  1152.1 1722.98 2290.69 2874.65
 16.691 589.909  1154.1 1725.98 2294.67 2879.65
16.7198 590.924  1156.1 1728.98 2298.67 2884.61
16.7198 591.924 1158.11 1731.98 2302.66 2889.61
16.7485 592.924  1160.1 1734.96 2306.66 2894.61
16.7485 593.947  1162.1 1737.96 2310.64 2899.61
16.7485 594.969  1164.1 1740.96 2314.62 2904.61
16.7771 595.984  1166.1 1743.96 2318.62 2909.56
16.8059 596.984  1168.1 1746.96  2322.6 2914.55
16.8346 597.984  1170.1 1749.96 2326.57 2919.55
16.8346 598.984  1172.1 1752.96 2330.56 2924.56
16.8629 599.989 1174.06 1755.96 2334.56 2929.56
16.8916 600.989 1176.06 1758.95 2338.54 2934.56
16.9199 601.994 1178.03 1761.95 2342.54 2939.56
16.9484 603.009 1180.03 1764.95 2346.54 2944.52
16.9484  604.03 1182.03 1767.95 2350.54  2949.5
 16.977  605.03 1184.03 1770.94 2354.54 2954.48
17.0057  606.03 1186.03 1773.93 2358.52 2959.48
17.0057  607.05 1188.02 1776.93 2362.52 2964.47
17.0057  608.05 1190.02 1779.93 2366.51 2969.48
17.0057  609.05 1192.03 1782.93  2370.5 2974.48
17.0057  610.07 1194.03 1785.93  2374.5 2979.46
17.0342  611.07 1196.03 1788.93 2378.48 2984.46
17.0342  612.07 1198.03 1791.93 2382.47 2989.47
17.0342  613.07 1200.03 1794.93 2386.47 2994.47
17.0623 614.082 1202.03 1797.89 2390.47 2999.47
17.0623 615.082 1204.04 1800.89 2394.46 3004.47
17.0905 616.098 1206.04 1803.89 2398.41 3009.47
17.0905 617.121 1208.04 1806.88  2402.4 3014.47
17.1187 618.121 1210.03 1809.88  2406.4 3019.45
17.1187 619.142 1212.03 1812.87  2410.4 3024.44
 17.147 620.142 1214.03 1815.87 2414.38 3029.43
17.1752 621.142 1216.03 1818.87 2418.38 3034.41
17.2034 622.142 1218.03 1821.87 2422.35  3039.4
17.2034 623.142 1220.03 1824.88 2426.35 3044.41
17.2315 624.142 1222.02 1827.85 2430.35 3049.41
17.2315 625.162 1224.02 1830.85 2434.35 3054.39
17.2315 626.184 1226.02 1833.85 2438.33 3059.39
17.2595   627.2 1228.02 1836.85 2442.28 3064.39
17.2595   628.2 1230.02 1839.85 2446.28 3069.39
17.2873 629.215 1232.02 1842.85 2450.28 3074.35
17.2873 630.235 1234.02 1845.85 2454.28 3079.33
17.3153 631.235 1236.02 1848.84 2458.28 3084.31
17.3153 632.235 1238.02 1851.84 2462.28 3089.31
17.3432 633.235 1240.02 1854.82 2466.28 3094.31
17.3432 634.235 1242.02 1857.82 2470.27 3099.32
17.3432 635.255 1244.01 1860.82 2474.27  3104.3
 17.371 636.255 1246.01  1863.8 2478.27  3109.3
 17.371 637.255 1248.01  1866.8 2482.26  3114.3
17.3988 638.255 1250.01  1869.8 2486.23  3119.3
17.3988 639.255 1252.02  1872.8 2490.22 3124.31
17.4263 640.266 1254.02 1875.76 2494.22 3129.31
17.4539  641.28 1256.02 1878.76 2498.22 3134.27
17.4539 642.302 1258.02 1881.76  2502.2 3139.27
17.4539 643.325 1260.02 1884.75 2506.19 3144.27
17.4815 644.325 1262.01 1887.75 2510.19 3149.25
17.5091 645.325    1264 1890.73 2514.19 3154.25
17.5367 646.325    1266 1893.71 2518.19 3159.25
17.5644 647.325    1268  1896.7 2522.17 3164.25
 17.592 648.325 1269.99 1899.68 2526.17 3169.25
17.6193 649.329 1271.96 1902.68 2530.17 3174.25
17.6469 650.329 1273.95 1905.66 2534.17 3179.25
17.6746 651.329 1275.95 1908.66 2538.14 3184.25
17.7023 652.329 1277.95 1911.66 2542.12 3189.24
  17.73 653.329 1279.94 1914.66 2546.09 3194.24
17.7577 654.329 1281.94 1917.66 2550.07 3199.23
17.7853 655.329 1283.94 1920.66 2554.07 3204.21
17.7853 656.329 1285.94 1923.66 2558.07 3209.21
17.7853 657.329 1287.95 1926.66 2562.06 3214.21
17.7853 658.329 1289.95 1929.66 2566.06 3219.21
17.7853 659.329 1291.96 1932.66 2570.06 3224.21
17.7853 660.329 1293.96 1935.66 2574.06 3229.21
17.7853 661.329 1295.97 1938.66 2578.05 3234.21
17.8126 662.343 1297.97 1941.66 2582.05 3239.17
17.8126 663.364 1299.97 1944.66 2586.03 3244.17
17.8399 664.364 1301.97 1947.65 2590.03 3249.16
17.8673 665.364 1303.97 1950.65    2594 3254.16
17.8673 666.364 1305.97 1953.65 2597.99 3259.16
17.8673 667.385 1307.97 1956.65 2601.97 3264.16
17.8945 668.401 1309.97 1959.65 2605.93 3269.16
17.8945 669.422 1311.97 1962.64 2609.91 3274.16
17.8945 670.442 1313.97 1965.63 2613.91 3279.15
17.8945 671.461 1315.97 1968.63 2617.91 3284.13
17.8945 672.461 1317.97 1971.63  2621.9 3289.14
17.9215 673.476 1319.97 1974.63 2625.86 3294.14
17.9485  674.49 1321.97 1977.63 2629.86  3299.1
17.9755  675.49 1323.96 1980.61 2633.86  3304.1
17.9755  676.49 1325.97 1983.62 2637.85  3309.1
17.9755  677.49 1327.97 1986.61 2641.85  3314.1
18.0024 678.504 1329.97 1989.61 2645.85 3319.06
18.0294 679.504 1331.96 1992.59 2649.85 3324.06
18.0294 680.524 1333.96 1995.58 2653.85 3329.04
18.0564 681.524 1335.96 1998.58 2657.83 3334.04
18.0564 682.544 1337.96 2001.58 2661.81 3339.04
18.0564 683.563 1339.96 2004.57 2665.81 3344.04
18.0564 684.563 1341.96 2007.57  2669.8 3349.04
18.0564 685.584 1343.96 2010.57 2673.79 3354.04
18.0833 686.584 1345.96 2013.55 2677.79 3359.03
18.1102 687.584 1347.96 2016.55 2681.77 3364.03
 18.137 688.584 1349.96 2019.54 2685.75 3369.03
18.1639 689.584 1351.96 2022.54 2689.73 3374.02
18.1908 690.584 1353.96 2025.53 2693.71 3379.02
18.2176 691.584 1355.96 2028.53 2697.68 3384.02
18.2444 692.584 1357.96 2031.53 2701.68    3389
18.2444 693.604 1359.96 2034.52 2705.68 3393.99
18.2712 694.604 1361.95 2037.52 2709.68 3398.97
18.2712 695.625 1363.95 2040.52 2713.67 3403.96
 18.298 696.625 1365.95 2043.52 2717.64 3408.96
 18.298 697.644 1367.95 2046.51 2721.64 3413.95
18.3245 698.658 1369.95 2049.51 2725.64 3418.91
18.3245 699.679 1371.95 2052.51 2729.62 3423.91
18.3245 700.698 1373.95  2055.5 2733.62  3428.9
18.3508 701.703 1375.92  2058.5 2737.62  3433.9
18.3508 702.724 1377.92  2061.5 2741.61  3438.9
18.3774 703.724 1379.92  2064.5 2745.58  3443.9
18.3774 704.724 1381.92  2067.5 2749.57  3448.9
18.3774 705.744 1383.92  2070.5 2753.55  3453.9
 18.404 706.744 1385.92  2073.5 2757.53  3458.9
 18.404 707.762 1387.91 2076.49 2761.53  3463.9
 18.404 708.779 1389.91 2079.48 2765.53  3468.9
 18.404 709.799 1391.91 2082.48 2769.51  3473.9
18.4304 710.799 1393.91 2085.48 2773.49  3478.9
18.4566  711.81 1395.91 2088.44 2777.49  3483.9
18.4566 712.829 1397.91 2091.44 2781.47  3488.9
18.4566 713.849 1399.91 2094.44 2785.45  3493.9
18.4566 714.867  1401.9 2097.43 2789.45  3498.9
18.4566 715.888  1403.9 2100.42 2793.43  3503.9
18.4827 716.903  1405.9 2103.42 2797.39  3508.9
18.5088 717.913  1407.9 2106.38 2801.39  3513.9
 18.535 718.913  1409.9 2109.38 2805.36  3518.9
 18.535 719.934  1411.9 2112.38 2809.35  3523.9
18.5612 720.948  1413.9 2115.38 2813.31  3528.9
18.5612 721.969  1415.9 2118.38 2817.29  3533.9
18.5872 722.984  1417.9 2121.38 2821.25  3538.9
18.6134 723.984  1419.9 2124.38 2825.23  3543.9
18.6134 725.003  1421.9 2127.37 2829.23 3548.89
18.6134 726.024  1423.9 2130.37 2833.21 3553.89
18.6134 727.024  1425.9 2133.37  2837.2 3558.89
18.6395 728.024  1427.9 2136.37 2841.18 3563.88
18.6655 729.039  1429.9 2139.37 2845.14 3568.88
18.6916 730.039  1431.9 2142.36 2849.14 3573.87
18.6916 731.058  1433.9 2145.35 2853.14 3578.86
18.7175 732.072  1435.9 2148.35  2857.1 3583.86
18.7175 733.092  1437.9 2151.35 2861.08 3588.86
18.7175 734.113  1439.9 2154.35 2865.06 3593.85
18.7175 735.131  1441.9 2157.35 2869.06 3598.84
18.7175 736.131 1443.91 2160.34 2873.06 3603.84
18.7432 737.141 1445.91 2163.31 2877.06 3608.84
18.7692 738.141 1447.91 2166.31 2881.04 3613.83
18.7947 739.145 1449.88 2169.31 2885.04 3618.83
18.7947 740.145 1451.88 2172.31 2889.04 3623.83
18.8205 741.145 1453.87 2175.31 2893.04 3628.81
18.8463 742.145 1455.87 2178.31 2897.04 3633.79
18.8463 743.145 1457.87  2181.3 2901.04 3638.79
18.8463 744.166 1459.87  2184.3 2905.03 3643.79
18.8721 745.166 1461.86 2187.28 2909.03 3648.79
18.8979 746.166 1463.86 2190.27 2913.03 3653.78
18.8979 747.186 1465.86 2193.27 2917.01 3658.77
18.8979 748.205 1467.86 2196.26 2921.01 3663.76
18.8979 749.226 1469.86 2199.26 2924.99 3668.76
18.8979 750.245 1471.86 2202.25 2928.99 3673.75
18.9234 751.245 1473.86 2205.23 2932.99 3678.75
18.9491 752.245 1475.85 2208.23 2936.99 3683.73
18.9746 753.259 1477.85 2211.23 2940.95 3688.73
18.9746 754.278 1479.85 2214.22 2944.95 3693.72
18.9746 755.296 1481.85 2217.22 2948.95  3698.7
     19 756.306 1483.85 2220.19 2952.95  3703.7
19.0252  757.31 1485.82 2223.19 2956.95  3708.7
19.0252 758.327 1487.82 2226.18 2960.95  3713.7
19.0507 759.342 1489.82 2229.18 2964.92  3718.7
19.0762 760.342 1491.82 2232.16 2968.92 3723.69
19.1014 761.346 1493.79 2235.16 2972.92 3728.69
19.1014 762.346 1495.79 2238.17 2976.91 3733.69
19.1014 763.363 1497.78 2241.15 2980.91 3738.69
19.1269 764.363 1499.78 2244.15 2984.88 3743.69
 19.152 765.368 1501.75 2247.15 2988.88 3748.69
 19.152 766.386 1503.75 2250.14 2992.88 3753.68
19.1774 767.386 1505.75 2253.14 2996.86 3758.68
19.1774 768.386 1507.75 2256.14 3000.85 3763.68
19.1774 769.404 1509.75 2259.13 3004.85 3768.68
19.2026 770.413 1511.75  2262.1 3008.85 3773.68
19.2279 771.426 1513.75  2265.1 3012.85 3778.65
19.2279 772.444 1515.75 2268.08 3016.85 3783.65
19.2532 773.444 1517.75 2271.08 3020.83 3788.64
19.2532 774.461 1519.74 2274.08 3024.83 3793.62
19.2532 775.461 1521.75 2277.08 3028.83 3798.62
19.2785 776.461 1523.74 2280.06 3032.83 3803.62
19.3035 777.471 1525.74 2283.03 3036.83 3808.62
19.3035 778.491 1527.74 2286.03 3040.82 3813.62
19.3035 779.511 1529.74 2289.02  3044.8 3818.62
19.3287 780.511 1531.73 2292.02  3048.8  3823.6
19.3287 781.528 1533.73 2295.01  3052.8  3828.6
19.3287 782.545 1535.73    2298  3056.8  3833.6
19.3538 783.545 1537.72 2300.98  3060.8  3838.6
19.3789 784.545 1539.72 2303.97  3064.8 3843.59
19.3789 785.562 1541.72 2306.95  3068.8 3848.59
19.3789 786.582 1543.72 2309.95 3072.79 3853.58
19.3789 787.582 1545.72 2312.96 3076.78 3858.59
 19.404 788.582 1547.71 2315.96 3080.76 3863.59
19.4289 789.596 1549.71 2318.96 3084.72 3868.59
19.4289 790.615 1551.71 2321.95 3088.72 3873.58
19.4537 791.624 1553.71 2324.91 3092.72 3878.58
19.4537 792.624 1555.72 2327.91 3096.72 3883.58
19.4537 793.624 1557.72 2330.91 3100.71 3888.59
19.4787 794.624 1559.71 2333.91 3104.69 3893.59
19.5034 795.634 1561.71 2336.88 3108.69 3898.59
19.5034 796.653 1563.71 2339.88 3112.67 3903.59
19.5034 797.673 1565.71 2342.88 3116.65 3908.58
19.5034 798.691 1567.71 2345.87 3120.65 3913.57
19.5034 799.691 1569.72 2348.86 3124.65 3918.57
19.5282 800.691 1571.71 2351.85 3128.65 3923.57
19.5529 801.704 1573.71 2354.85 3132.65 3928.54
19.5777 802.704  1575.7 2357.83 3136.65 3933.54
19.6025 803.704  1577.7 2360.83 3140.63 3938.54
19.6272 804.704 1579.69 2363.81 3144.63 3943.54
19.6521 805.704 1581.69 2366.81 3148.61 3948.54
19.6769 806.704 1583.69  2369.8 3152.59 3953.54
19.7017 807.704 1585.69  2372.8 3156.59 3958.52
19.7265 808.704 1587.68  2375.8 3160.56 3963.52
19.7265 809.723 1589.68  2378.8 3164.55 3968.52
19.7514 810.723 1591.68 2381.79 3168.53 3973.52
19.7514 811.743 1593.68 2384.79 3172.52 3978.51
19.7761 812.743 1595.68 2387.78 3176.52  3983.5
19.7761 813.761 1597.68 2390.77 3180.52 3988.49
19.7761 814.778 1599.68 2393.77 3184.52 3993.47
19.7761 815.778 1601.69 2396.77 3188.51 3998.47
19.7761 816.796 1603.69 2399.77 3192.51 4003.47
19.8007  817.81 1605.69 2402.77 3196.47 4008.47
19.8007  818.81 1607.69 2405.77 3200.46 4013.47
19.8252 819.824 1609.69 2408.77 3204.42 4018.47
19.8494 820.828 1611.67 2411.77 3208.42 4023.47
19.8741 821.828 1613.66 2414.77  3212.4 4028.47
19.8741 822.845 1615.66 2417.77  3216.4 4033.45
19.8741 823.863 1617.66 2420.76  3220.4 4038.44
19.8741 824.882 1619.66 2423.76 3224.39 4043.44
19.8741   825.9 1621.66 2426.75 3228.39 4048.43
19.8741  826.92 1623.66 2429.75 3232.37 4053.42
19.8982 827.924 1625.63 2432.75 3236.37 4058.42
19.9226 828.924 1627.63 2435.74 3240.37 4063.41
19.9226 829.941 1629.63 2438.74 3244.37  4068.4
19.9471 830.941 1631.63 2441.74 3248.35 4073.39
19.9471 831.959 1633.63 2444.74 3252.33 4078.39
19.9471 832.959 1635.63 2447.74 3256.33 4083.39
19.9471 833.959 1637.63 2450.73 3260.33 4088.39
19.9471 834.978 1639.63 2453.73 3264.32 4093.39
19.9713 835.991 1641.63 2456.73 3268.28 4098.39
19.9956 836.991 1643.63 2459.72 3272.28 4103.38
20.0199 837.991 1645.63 2462.71 3276.28 4108.36
20.0441 838.991 1647.63 2465.69 3280.28 4113.36
20.0684 839.991 1649.63 2468.68 3284.28 4118.35
20.0684 841.008 1651.62 2471.67 3288.28 4123.35
20.0684 842.025 1653.62 2474.67 3292.28 4128.34
20.0684 843.041 1655.62 2477.66 3296.28 4133.34
20.0926 844.041 1657.61 2480.64 3300.28 4138.34
20.0926 845.041 1659.61 2483.64 3304.28 4143.34
20.0926 846.041 1661.62 2486.64 3308.27 4148.34
20.1166 847.051 1663.62 2489.61 3312.27 4153.34
20.1404 848.055 1665.59 2492.61 3316.27 4158.34
20.1404 849.073 1667.59 2495.61 3320.25 4163.34
20.1404 850.091 1669.59 2498.61 3324.23 4168.34
20.1645 851.091 1671.59 2501.61 3328.22 4173.33
20.1645 852.109 1673.59 2504.61  3332.2 4178.33
20.1886 853.109 1675.58 2507.61  3336.2 4183.32
20.2125 854.119 1677.58 2510.57  3340.2 4188.32
20.2365 855.119 1679.58 2513.57  3344.2  4193.3
20.2365 856.137 1681.58 2516.57 3348.18  4198.3
20.2365 857.137 1683.58 2519.57 3352.17  4203.3
20.2604  858.15 1685.58 2522.57 3356.13  4208.3
20.2841 859.154 1687.55 2525.57 3360.13  4213.3
20.2841 860.171 1689.55 2528.57 3364.13 4218.29
20.3079  861.18 1691.55 2531.54 3368.13 4223.29
20.3318 862.193 1693.55 2534.54 3372.13 4228.25
20.3558 863.193 1695.55 2537.53 3376.12 4233.25
20.3798 864.193 1697.55 2540.53  3380.1 4238.25
20.4038 865.193 1699.55 2543.52 3384.08 4243.25
20.4038 866.211 1701.55 2546.52 3388.07 4248.25
20.4038 867.211 1703.55 2549.52 3392.06 4253.26
20.4038 868.229 1705.55 2552.52 3396.04 4258.26
20.4277 869.229 1707.55 2555.51 3400.04 4263.24
20.4277 870.246 1709.54  2558.5 3404.04 4268.24
20.4516 871.246 1711.54  2561.5 3408.02 4273.24
20.4516 872.264 1713.54  2564.5 3412.01 4278.23
20.4755 873.264 1715.54  2567.5 3415.99 4283.23
20.4993 874.264 1717.54  2570.5 3419.99 4288.21
20.4993 875.282 1719.54  2573.5 3423.97 4293.21
20.5228 876.286 1721.51  2576.5 3427.97 4298.21
20.5465 877.299 1723.51  2579.5 3431.93 4303.21
20.5465 878.299 1725.51  2582.5 3435.92 4308.22
20.5701 879.308 1727.51 2585.46 3439.92 4313.22
20.5701 880.327 1729.51 2588.46 3443.91 4318.22
20.5701 881.345 1731.51 2591.46 3447.89 4323.22
20.5938 882.345 1733.51 2594.46 3451.89  4328.2
20.6176 883.345 1735.51 2597.46 3455.87  4333.2
20.6176 884.363 1737.51 2600.45 3459.87 4338.19
20.6176 885.363 1739.51 2603.45 3463.86  4343.2
20.6412 886.363  1741.5 2606.45 3467.86 4348.18
20.6649 887.363  1743.5 2609.45 3471.86 4353.16
20.6886 888.363  1745.5 2612.45 3475.84 4358.16
20.7122 889.363 1747.49 2615.45 3479.84 4363.14
20.7122 890.363 1749.49 2618.45 3483.84 4368.14
20.7122 891.381 1751.49 2621.45 3487.83 4373.14
20.7358 892.381 1753.49 2624.45 3491.81 4378.14
20.7595 893.381 1755.49 2627.45 3495.79 4383.13
20.7831 894.381 1757.49 2630.45 3499.77 4388.13
20.7831 895.381 1759.49 2633.45 3503.76 4393.14
20.8064 896.385 1761.47 2636.45 3507.76 4398.14
  20.83 897.385 1763.46 2639.45 3511.76 4403.12
20.8533 898.389 1765.43 2642.45 3515.76 4408.12
20.8533 899.406 1767.43 2645.44 3519.76 4413.11
20.8533 900.406 1769.43 2648.44 3523.75 4418.12
20.8765  901.41 1771.41 2651.44 3527.75 4423.12
20.8765  902.41 1773.41 2654.44 3531.74 4428.12
   20.9  903.41 1775.41 2657.44 3535.74  4433.1
   20.9 904.426  1777.4 2660.43 3539.74  4438.1
20.9232  905.43 1779.38 2663.43 3543.74  4443.1
20.9466 906.443 1781.38 2666.43 3547.71  4448.1
20.9466 907.443 1783.38 2669.43  3551.7  4453.1
20.9701 908.443 1785.38 2672.42 3555.68  4458.1
20.9701 909.443 1787.38 2675.42 3559.68  4463.1
20.9701 910.461 1789.38 2678.42 3563.66  4468.1
20.9701 911.478 1791.38 2681.42 3567.66 4473.09
20.9701 912.496 1793.38 2684.42 3571.65 4478.09
20.9701 913.496 1795.38 2687.42 3575.64 4483.09
20.9701 914.513 1797.38 2690.41 3579.64 4488.08
20.9701 915.529 1799.38  2693.4 3583.64 4493.08
20.9701 916.529 1801.39  2696.4 3587.63 4498.09
20.9701 917.529 1803.39  2699.4 3591.62 4503.09
20.9701 918.529 1805.39 2702.39 3595.62  4508.1
20.9932 919.541 1807.39 2705.39 3599.59  4513.1
20.9932 920.559 1809.39 2708.39 3603.57  4518.1
20.9932 921.559 1811.39  2711.4 3607.56  4523.1
20.9932 922.559 1813.39  2714.4 3611.56 4528.11
21.0163 923.559 1815.39 2717.39 3615.56 4533.09
21.0163 924.559  1817.4 2720.39 3619.55 4538.09
21.0163 925.574 1819.39 2723.37 3623.55 4543.09
21.0394 926.574 1821.39 2726.36 3627.55 4548.08
21.0394 927.591 1823.39 2729.36 3631.55 4553.07
21.0394 928.607 1825.39 2732.34 3635.55 4558.07
21.0624 929.607 1827.39 2735.33 3639.55 4563.06
21.0853 930.616 1829.39  2738.3 3643.55 4568.06
21.0853 931.616 1831.39  2741.3 3647.55 4573.06
21.1082 932.616 1833.39 2744.28 3651.55 4578.06
21.1312 933.616 1835.38 2747.27 3655.55 4583.06
21.1312 934.631 1837.37 2750.26 3659.55 4588.06
21.1312 935.649 1839.37 2753.25 3663.53 4593.06
21.1312 936.665 1841.37 2756.24 3667.53 4598.06
21.1312 937.665 1843.38 2759.24 3671.53 4603.06
21.1312 938.665 1845.38 2762.24 3675.52 4608.07
21.1541 939.665 1847.37 2765.24  3679.5 4613.07
21.1541 940.665 1849.38 2768.24 3683.49 4618.07
21.1769 941.665 1851.37 2771.24 3687.49 4623.05
21.1769 942.665 1853.38 2774.24 3691.49 4628.05
21.1769 943.682 1855.38 2777.23 3695.48 4633.05
21.1769 944.699 1857.38 2780.23 3699.48 4638.04
21.1769 945.699 1859.38 2783.23 3703.47 4643.04
21.1769 946.716 1861.38 2786.22 3707.47 4648.03
21.1769 947.716 1863.38 2789.22 3711.47 4653.04
21.1769 948.716 1865.39 2792.22 3715.46 4658.04
21.1769 949.732 1867.38 2795.22 3719.46 4663.03
21.1993 950.735 1869.36 2798.22 3723.46 4668.03
21.1993 951.753 1871.36 2801.22 3727.44 4673.02
21.2217 952.762 1873.36 2804.19 3731.44 4678.02
21.2217 953.762 1875.36 2807.19 3735.44 4683.03
21.2217  954.78 1877.36 2810.19 3739.42 4688.03
21.2444  955.78 1879.36 2813.19 3743.41 4693.02
21.2667 956.783 1881.33 2816.19 3747.41 4698.02
21.2893 957.783 1883.33 2819.18 3751.39 4703.02
21.3119 958.783 1885.33 2822.17 3755.37 4708.02
21.3119 959.799 1887.33 2825.16 3759.37 4713.02
21.3119 960.799 1889.33 2828.16 3763.37 4718.03
21.3343 961.807 1891.33 2831.13 3767.37 4723.03
21.3568 962.807 1893.33 2834.12 3771.37 4728.02
21.3568 963.807 1895.33 2837.12 3775.37 4733.02
21.3568 964.824 1897.33 2840.12 3779.35 4738.02
21.3568 965.842 1899.33 2843.12 3783.34 4743.02
21.3792 966.842 1901.33 2846.12 3787.34    4748
21.3792 967.842 1903.33 2849.12 3791.33    4753
21.4014 968.846 1905.31 2852.12 3795.33    4758
21.4238 969.846  1907.3  2855.1 3799.33    4763
21.4238 970.846  1909.3  2858.1 3803.32 4768.01
21.4238 971.863  1911.3  2861.1 3807.31 4773.01
21.4461 972.863  1913.3 2864.08 3811.31 4778.01
21.4685 973.863  1915.3 2867.07 3815.29 4783.01
21.4908 974.875  1917.3 2870.07 3819.29 4787.97
 21.513 975.878 1919.27 2873.07 3823.29 4792.97
21.5353 976.891 1921.27 2876.07 3827.26 4797.97
21.5575 977.899 1923.27 2879.04 3831.26 4802.97
21.5799 978.899 1925.26 2882.03 3835.26 4807.97
21.6022 979.899 1927.26 2885.03 3839.24 4812.97
21.6246 980.899 1929.26 2888.03 3843.22 4817.97
 21.647 981.899 1931.26 2891.03  3847.2 4822.97
21.6694 982.899 1933.25 2894.01  3851.2 4827.97
21.6694 983.914 1935.25    2897  3855.2 4832.97
21.6915 984.918 1937.22    2900  3859.2 4837.97
21.7138  985.93 1939.22    2903 3863.16 4842.97
21.7362  986.93 1941.22 2905.99 3867.14 4847.97
21.7362 987.945 1943.22 2908.99 3871.14 4852.96
21.7362 988.945 1945.22 2911.99 3875.14 4857.96
21.7585 989.945 1947.22 2914.99 3879.12 4862.96
21.7806 990.949  1949.2 2917.99 3883.12 4867.96
21.8029 991.949  1951.2 2920.98 3887.12 4872.95
21.8252 992.949  1953.2 2923.98 3891.11 4877.94
21.8252 993.965  1955.2 2926.98 3895.09 4882.94
21.8252 994.965  1957.2 2929.98 3899.08 4887.95
21.8252 995.981  1959.2 2932.98 3903.08 4892.94
21.8252 996.981  1961.2 2935.98 3907.08 4897.94
21.8475 997.981  1963.2 2938.98 3911.06 4902.94
21.8697 998.981  1965.2 2941.97 3915.05 4907.94
21.8697 999.996  1967.2 2944.97 3919.05 4912.92
21.8697    1001  1969.2 2947.97 3923.04 4917.93
21.8919    1002  1971.2 2950.97 3927.04 4922.91
21.8919 1003.01  1973.2 2953.96 3931.04  4927.9
21.8919 1004.01  1975.2 2956.96 3935.03  4932.9
21.8919 1005.01  1977.2 2959.96 3939.02 4937.91
 21.914 1006.01  1979.2 2962.96 3943.01 4942.91
 21.914 1007.03  1981.2 2965.95 3947.01  4947.9
 21.914 1008.03  1983.2 2968.95    3951  4952.9
21.9359 1009.04  1985.2 2971.92    3955  4957.9
21.9359 1010.04  1987.2 2974.92 3958.99 4962.91
 21.958 1011.04  1989.2 2977.91 3962.98 4967.91
  21.98 1012.04  1991.2  2980.9 3966.98 4972.91
 22.002 1013.04 1993.19  2983.9 3970.98 4977.89
22.0241 1014.04 1995.19  2986.9 3974.98 4982.88
 22.046 1015.04 1997.19 2989.87 3978.98 4987.88
 22.046 1016.06 1999.18 2992.87 3982.98 4992.86