      3       2       3       4       3       6
4.63636 3.09091       5       7       7 9.27273
6.30849 4.09091 6.80328      10 9.52459 14.2727
6.30849 5.09091 9.12893 13.4184 12.7805 19.2727
7.58073 6.09091   10.97 16.4184 16.7805 23.1595
7.58073 7.33111   12.97 19.7615 20.1973 28.1595
7.58073 8.33111 15.1754 23.1217 23.6316 33.1595
7.58073 9.33111 17.1754 26.5938 27.1802 38.1388
8.41938 10.3311 19.1754 29.5358 31.1802 42.3581
9.15624 11.3311 20.8536 32.1208 35.1802 47.3581
9.15624 12.3311 22.8536 35.4824 38.8621 52.3145
 9.9314 13.3311 24.7884 38.4824 42.1522 57.3145
 9.9314 14.3311 26.9828 41.4824 45.8838 62.3884
10.6876 15.3311 28.9828 44.4824 49.3774 67.1387
10.6876 16.3311 30.9828 47.7979 53.0577 72.1428
11.3343 17.3193 32.9828 50.7979 57.0577  76.508
11.3343 18.4119 35.0636 53.7979 61.0577 81.3346
11.3343 19.4911 37.0636 56.9513 65.0577  86.102
11.8508 20.3793 39.0636 59.5466 69.0577  91.102
12.4358 21.3853 41.0636 62.5466 72.4667  96.102
13.0208 22.3913 43.0636 65.5466 75.8757 101.102
13.6128 23.3913 45.0216 68.5466 79.3256 106.102
14.2283 24.3913 47.0216 71.5466 82.9125   110.9
14.7449 25.2769 49.0216 74.1444 86.9125   115.9
15.2616 26.1626 51.0216 76.7421 90.9125   120.9
15.8664 27.1626 53.0216 79.7421 94.5158 125.691
15.8664 28.1626 55.1562 82.7421 98.3209 130.752
15.8664 29.1626 57.2093  85.822 102.321 135.619
15.8664 30.1787 59.2027 88.8125 106.321 140.619
15.8664 31.1949 61.1962 91.8029 110.321 145.619
15.8664 32.2434 63.2531 94.8029 114.321 150.513
15.8664 33.2889 65.2531 97.8769 118.321 155.394
 16.345 34.2889 67.2531 100.829  121.89 160.394
16.7882 35.2889 69.0764 103.563  125.89 165.394
16.7882 36.2889 71.1199 106.627  129.89 170.287
16.7882 37.2889 73.2005 109.746  133.69 175.287
 17.252 38.2889 75.2005 112.746 137.383 180.129
 17.252 39.2889 77.2436 115.809 141.383 185.023
 17.252 40.2889 79.3223 118.926 145.188 190.023
17.6734 41.2889 81.2597 121.926 149.188 194.664
17.6734 42.3462 83.2597 125.048 153.009 199.664
18.0849 43.3462 85.1986 128.048 157.009 204.314
18.0849 44.3462 87.1986 131.188 160.859 209.324
18.4931 45.3462 89.1986 134.149 164.489 214.324
18.4931 46.4153 91.1986 137.149 168.367 219.377
18.8895 47.4102 93.1986 140.149 171.976 224.377
18.8895 48.4651 95.1986 143.267 175.803 229.377
19.2714 49.4451 97.1986 146.267 179.803 234.015
19.2714 50.4984 99.1986 149.383 183.633 239.015
19.6542 51.4984 101.169 152.383  187.28 244.015
19.6542 52.4984 103.169 155.516 191.131 249.032
19.6542 53.5507 105.169 158.633 194.962 254.032
20.0228 54.5507 107.169 161.608 198.618 259.032
20.3863 55.5507 109.169 164.542 202.618 263.734
20.7167  56.451 110.938 167.542 206.618 268.734
21.0817 57.4456 112.938 170.542 210.258 273.734
21.0817 58.5065 114.938 173.542 214.142  278.79
21.0817 59.5632 117.014 176.542 218.009  283.79
21.4288 60.5438 119.014 179.542 222.009 288.462
21.7834 61.5438 121.014 182.513 225.683 293.462
22.1182 62.5438 122.874 185.319 229.683 298.462
22.1182 63.5438  124.93  188.42 233.526 303.462
22.1182 64.5438 126.955 191.474 237.526 308.382
22.4614 65.5438 128.955 194.445 241.212 313.382
22.8046 66.5438 130.955 197.416 244.898 318.382
22.8046 67.5438 132.955 200.531 248.761 323.405
22.8046 68.5438 134.955 203.645 252.624 328.427
22.8046 69.5438 137.029 206.645 256.505 333.473
23.1158 70.5438 138.898 209.464 260.505 338.473
23.1158 71.5946 140.967 212.464 264.386 343.473
23.4168 72.5269 142.967 215.231 268.386 348.473
23.4168 73.5269 145.021 218.322 272.241 353.473
23.7414 74.5269 147.021 221.322 276.015 358.373
23.7414 75.5269  149.09 224.322 279.901 363.418
24.0514 76.5269 151.036 227.322 283.901 368.162
24.0514 77.5269 153.036 230.424 287.775 373.186
24.0514 78.5739 155.103 233.424 291.661 378.186
24.0514 79.5739 157.155 236.513  295.52 383.186
24.0514 80.5739 159.178 239.558  299.52 388.119
24.0514 81.5739 161.246 242.558 303.411  393.16
24.3217 82.4909 163.059 245.558 307.411  398.16
24.6153 83.4866 165.059 248.558 311.122  403.16
24.9089 84.4824 167.059 251.558 314.832  408.16
25.2025 85.4781 169.059 254.558 318.543  413.16
25.2025 86.4781 171.059 257.655 322.419 418.187
25.2025 87.4781 173.123 260.655 326.309 423.233
25.2025 88.5214 175.187 263.655 330.201 428.233
25.2025 89.5666 177.187 266.655   334.1 433.289
25.2025 90.5901 179.212 269.655   338.1 438.241
25.4588 91.5114 181.035 272.655   342.1 443.241
25.7314 92.4915 183.035 275.655   346.1 447.988
25.7314 93.4915 185.095 278.655 349.996 453.031
26.0067 94.4915 187.075 281.655  353.74 458.031
26.0067 95.4915 189.094 284.694  357.74 462.973
26.2628 96.4319 191.094 287.497  361.74 467.973
26.2628 97.4319 193.153 290.497 365.638 473.016
26.5322 98.4319 195.153 293.477 369.389 478.016
26.5322 99.4725 197.153 296.477 373.294  483.07
 26.799 100.473 199.153 299.458 377.047  488.07
27.0502 101.414 201.153 302.265 381.047  493.07
27.0502 102.414 203.211 305.265 384.945 498.114
27.2941 103.338 205.044 308.265 388.945 503.114
27.5567 104.332 207.044 311.265 392.688 508.114
27.8203 105.332 209.024 314.265 396.444 513.114
 28.083 106.327 211.024 317.265 400.187 518.114
28.3456 107.321 213.024 320.265  403.93 523.114
28.6052 108.321 214.974 323.265  407.93 527.904
28.6052 109.358 217.032 326.265 411.835 532.904
28.6052 110.396 219.032 329.265 415.742  537.96
28.6052 111.396 221.077 332.339 419.623  542.96
28.6052 112.433 223.077 335.339 423.531 548.015
28.8543 113.412 225.077 338.339 427.531 552.787
28.8543 114.444 227.077 341.417  431.42 557.787
29.1062 115.444 229.077 344.398 435.187 562.787
29.3477 116.444 230.978 347.256 439.187 567.787
29.3477 117.444  233.03 350.256  443.09 572.832
29.6004 118.444  235.03 353.256 446.905 577.765
29.6004 119.475  237.03 356.332 450.797 582.765
29.6004 120.481 239.026 359.332 454.797 587.765
29.8451 121.477 241.026 362.332 458.556 592.765
29.8451 122.492 243.026 365.361 462.556  597.72
29.8451 123.528  245.08 368.361 466.467  602.72
30.0867 124.528  247.08 371.343 470.243  607.72
30.3311 125.528  249.08 374.343 474.062 612.656
30.3311 126.543  251.08 377.371 478.062 617.612
30.5541 127.474 252.926 380.371 482.062 622.612
30.5541 128.508 254.979 383.371 485.975 627.612
30.7872 129.489 256.979 386.371 489.975 632.399
31.0124 130.436 258.979 389.198 493.975 637.399
31.0124  131.47 260.979 392.198  497.89 642.451
31.0124  132.47 262.993 395.225  501.89 647.409
31.0124  133.47 265.008 398.252  505.89 652.368
31.0124 134.503 267.008 401.252 509.806 657.418
31.0124 135.536 269.008 404.252 513.722 662.469
31.2298 136.486 271.008 407.085 517.722 667.469
31.4576 137.482 273.008 410.085 521.499 672.469
31.6854 138.477 275.008 413.085 525.276 677.469
31.6854 139.477 277.022  416.11 529.276  682.43
31.9124 140.477 279.022 419.092 533.067  687.43
31.9124 141.477 281.022 422.159 536.969 692.461
32.1401 142.477 283.022 425.159   540.8 697.402
32.1401 143.477 285.022 428.226 544.702 702.433
 32.353 144.428 287.022 431.063 548.702 707.433
 32.353 145.442 289.038 434.063 552.702 712.402
32.5752 146.442 291.038 437.044 556.498 717.402
32.7893 147.442 292.951 439.917 560.498 722.402
32.7893  148.47 294.951 442.983 564.405 727.402
33.0121  149.47 296.951 445.983 568.239 732.345
33.2187 150.405 298.809 448.983 572.239 737.345
33.4253 151.341 300.667 451.983 576.239 742.345
33.6457 152.341 302.667 454.963 580.039 747.345
 33.863 153.341 304.622 457.963 584.039 752.172
34.0756 154.341 306.535 460.838 588.039 757.172
34.0756 155.341 308.576 463.838 591.955 762.215
34.2936 156.335 310.576 466.838 595.743 767.215
34.2936 157.347 312.576  469.86 599.743 772.181
34.5036 158.347  314.49 472.736 603.743 777.181
34.5036 159.347 316.524 475.795 607.649 782.181
34.5036 160.375 318.524 478.795 611.572  787.23
34.7085 161.327 320.524 481.638 615.572  792.23
34.7085  162.34 322.537 484.638 619.572 797.204
34.9179  163.32 324.537 487.638 623.572 802.015
34.9179 164.348 326.537 490.638 627.496 807.063
34.9179 165.348 328.547 493.659 631.496 812.032
35.1192 166.301 330.547 496.504 635.496 817.032
 35.329 167.295 332.547 499.504 639.293 822.032
 35.329 168.299 334.544 502.503 643.293 827.032
 35.329 169.299 336.578 505.559 647.204 832.032
35.5303 170.299 338.496 508.439 651.204 837.032
35.7382 171.299 340.477 511.439 655.015 842.032
35.7382 172.327 342.519 514.439 658.945 847.032
 35.945 173.327 344.501 517.439 662.757 852.032
36.1519 174.327 346.501 520.418 666.571 857.032
36.1519 175.351 348.501 523.476 670.489 862.032
36.3593 176.351 350.501 526.476 674.335 866.977
 36.553  177.29 352.368 529.476 678.335 871.977
 36.553 178.318  354.41 532.476 682.266 876.977
36.7548 179.318 356.366 535.476 686.266 881.819
36.7548 180.342 358.366 538.533 690.185 886.819
36.7548 181.354 360.377 541.533 694.185 891.796
36.7548 182.366 362.389 544.533 698.185 896.773
36.7548  183.39 364.389  547.59 702.104 901.773
36.9463 184.345 366.389 550.443 706.104 906.773
36.9463 185.369 368.389 553.499 710.024 911.773
36.9463 186.369  370.42 556.552  713.94 916.773
36.9463 187.395 372.461 559.552 717.873 921.773
36.9463 188.395 374.461 562.605  721.79 926.802
36.9463 189.395  376.47 565.624  725.79 931.775
37.1301 190.338 378.343 568.624  729.79 936.775
37.3227 191.338 380.343 571.573  733.79 941.633
37.3227 192.349 382.354 574.573  737.79 946.611
37.3227 193.372 384.354 577.628 741.713 951.611
37.3227 194.372 386.354  580.68 745.632 956.639
37.3227 195.376  388.35  583.68 749.632 961.639
 37.511 196.376  390.31  586.68 753.632 966.492
37.6993 197.376 392.269  589.68 757.632 971.344
37.8842 198.376 394.193 592.571 761.632 976.344
38.0728 199.376 396.193 595.522 765.632 981.205
38.2633 200.376 398.193 598.501 769.462 986.205
38.4531  201.37 400.193 601.501 773.279 991.205
 38.645  202.37 402.193 604.501 777.139 996.153
 38.645  203.38 404.193 607.518 781.139 1001.13
38.8324  204.38 406.152 610.518 785.139 1005.98
39.0118 205.324 408.028 613.518 789.139 1010.98
39.0118 206.334 410.028 616.536 793.139 1015.95
39.0118 207.358 412.028 619.536 797.074 1020.99
39.0118 208.379 414.028 622.588 801.001 1025.99
39.1999 209.379 416.028 625.588 804.864 1030.94
39.1999 210.401 418.028  628.64 808.791 1035.94
39.1999 211.412 420.038  631.64 812.791 1040.92
39.1999 212.424 422.047  634.64 816.791  1045.9
39.3823 213.424 424.047 637.592 820.791 1050.76
39.5646 214.424 426.047 640.544 824.791 1055.63
39.5646 215.435 428.057 643.544 828.791 1060.61
39.5646 216.446 430.066 646.544 832.791 1065.59
39.5646  217.47 432.066 649.544 836.728 1070.63
39.5646 218.494 434.101 652.544 840.669 1075.63
39.5646 219.504 436.101 655.561 844.669  1080.6
39.7395 220.504 438.029 658.459 848.669  1085.6
39.9144 221.504 439.956 661.356 852.669  1090.6
40.0926 222.504 441.956 664.309 856.669 1095.47
40.2697 223.487 443.956 667.309 860.669 1100.31
40.4446 224.487 445.884 670.207 864.669 1105.31
40.6153 225.435 447.766 673.207 868.669 1110.31
40.7942 226.428 449.766 676.207 872.497 1115.31
40.7942 227.439 451.774 679.207 876.497 1120.29
40.7942 228.449 453.774 682.222 880.497 1125.26
40.7942 229.471 455.774 685.222 884.438  1130.3
40.9628  230.42 457.657 688.222 888.438  1135.3
41.1386  231.42 459.657 691.175 892.438 1140.17
41.3171  232.42 461.657 694.175 896.311 1145.12
41.3171  233.42 463.664 697.192 900.311  1150.1
41.4949  234.42 465.664 700.192 904.185 1155.04
41.6667  235.42 467.592 703.092 908.185 1160.04
41.6667  236.42 469.617 706.136 912.117 1165.04
 41.841  237.42 471.617 709.089 916.117 1169.92
 41.841 238.429 473.617 712.104 920.117 1174.89
42.0135 239.412 475.617 715.104 924.117 1179.74
42.1821 240.373 477.617 717.975 928.117 1184.74
42.1821 241.373 479.623 720.991 932.117 1189.71
42.3501 242.334 481.623 723.862 936.117 1194.71
42.5159 243.283 483.509 726.862 940.117 1199.71
42.6838 244.244 485.509 729.733 944.117 1204.71
42.8535 245.244 487.438 732.634 948.117 1209.71
42.8535 246.248 489.434 735.634 952.117 1214.71
43.0255 247.248 491.434 738.586 956.117 1219.59
43.1945 248.248 493.364 741.487 960.117 1224.59
43.3678 249.248 495.364 744.462 963.969 1229.59
43.5409 250.248 497.342 747.462 967.818 1234.59
43.5409 251.258  499.35 750.462 971.818 1239.57
43.7112 252.241  501.35 753.462 975.818 1244.42
43.7112 253.241 503.356 756.477 979.818  1249.4
43.8831 254.241 505.356 759.451 983.671  1254.4
43.8831 255.241 507.378 762.491 987.608  1259.4
44.0463  256.19 509.266 765.491 991.608  1264.4
44.2133  257.19 511.196 768.394 995.608  1269.4
44.3856  258.19 513.196 771.394 999.488 1274.35
44.5555  259.19 515.196 774.346 1003.49 1279.22
44.5555 260.199 517.196 777.359 1007.49  1284.2
44.7259 261.199 519.174 780.359 1011.34  1289.2
44.8922 262.199 521.105 783.262 1015.34  1294.2
44.8922 263.209 523.112 786.262 1019.34 1299.18
44.8922 264.209 525.133 789.301 1023.28 1304.18
45.0599 265.209 527.095 792.301 1027.28 1309.06
45.0599 266.209  529.12 795.301 1031.23 1314.08
45.0599 267.213 531.116 798.301 1035.23 1319.08
45.0599 268.213 533.121 801.315 1039.23 1324.07
45.2196 269.163  535.01 804.315 1043.23 1329.07
45.3854 270.163 536.972 807.315 1047.23 1333.94
45.5471 271.126 538.972 810.191 1051.23 1338.94
45.5471 272.145 540.999 813.191 1055.18 1343.94
45.7137 273.145 542.999 816.165 1059.04 1348.94
45.8803 274.145 544.999 819.139  1062.9 1353.94
46.0467 275.145 546.976 822.139 1066.75 1358.94
46.0467 276.149 548.972 825.139 1070.75 1363.94
46.2115 277.149 550.972 828.092 1074.75 1368.82
46.2115 278.149 552.996 831.092  1078.7 1373.85
46.3715 279.112 554.996  833.97  1082.7 1378.85
46.3715 280.131 556.996  836.97 1086.65 1383.88
46.3715  281.15 559.023  839.97 1090.61 1388.88
46.3715 282.167 561.023 843.008 1094.55 1393.88
46.3715 283.175 563.023  846.02 1098.55 1398.86
46.3715 284.179 565.019 849.019 1102.55 1403.86
46.3715 285.183 567.015 852.019 1106.55 1408.86
46.3715 286.187 569.012 855.019 1110.55 1413.86
46.3715 287.196 571.018 858.019 1114.55 1418.84
46.3715 288.196 573.041 861.019  1118.5 1423.87
46.5311 289.188 575.041 864.019 1122.35 1428.87
46.6923 290.188 577.041 867.019 1126.24 1433.82
46.8524 291.188  579.02 870.019  1130.1 1438.82
46.8524 292.207 581.046 873.019 1134.05 1443.82
 47.007 293.171 583.046   875.9 1138.05 1448.82
47.1597 294.124  584.94   878.9 1142.05 1453.82
47.1597 295.124 586.963   881.9    1146 1458.85
47.3188 296.124 588.963 884.875 1149.87 1463.85
47.4779 297.124 590.963  887.85 1153.74 1468.85
47.6301 298.077 592.858  890.85 1157.74 1473.85
47.7901 299.077 594.858  893.85 1161.62  1478.8
47.7901 300.084 596.858 896.861 1165.62 1483.78
47.9487 301.084 598.858 899.836 1169.49 1488.78
47.9487 302.084 600.863 902.848 1173.49 1493.77
47.9487 303.084 602.867  905.86 1177.49 1498.75
47.9487 304.103 604.893  908.86 1181.45 1503.75
48.1046 305.103 606.893 911.815 1185.45 1508.64
48.2605 306.103 608.893  914.77 1189.45 1513.53
48.2605 307.106  610.89 917.769 1193.45 1518.53
48.4163 308.098  612.89 920.769  1197.3 1523.53
48.4163 309.098 614.909 923.804 1201.25 1528.53
48.4163 310.101 616.906 926.804 1205.25 1533.53
48.4163 311.117 618.906  929.84 1209.19 1538.53
48.4163 312.117 620.906 932.874 1213.14 1543.55
48.5706 313.117 622.885 935.874 1217.01 1548.55
48.5706 314.121 624.882 938.873 1221.01 1553.55
48.5706 315.121 626.904 941.873 1224.96 1558.57
48.5706 316.139 628.929 944.873 1228.91 1563.57
48.7244 317.139 630.929 947.873 1232.81 1568.53
48.8764 318.139 632.929  950.83 1236.81 1573.42
49.0284 319.139 634.929 953.786 1240.81 1578.31
49.0284 320.146 636.929 956.796 1244.81 1583.29
49.1799 321.146 638.929 959.753 1248.81 1588.19
49.3313 322.146 640.929 962.709 1252.81 1593.08
49.4838 323.146 642.929 965.685 1256.68 1598.08
49.4838 324.163 644.929 968.685 1260.63 1603.11
49.4838 325.167 646.926 971.684 1264.63 1608.11
49.6321 326.167 648.865 974.597 1268.63 1613.11
49.6321 327.184 650.889 977.597 1272.59 1618.11
  49.78 328.184 652.828 980.509 1276.59 1623.11
49.9293 329.168 654.828 983.509 1280.59 1627.97
49.9293 330.168  656.85 986.509 1284.54    1633
49.9293 331.168 658.869 989.542 1288.49    1638
50.0788  332.16 660.869 992.542 1292.35    1643
50.0788  333.16 662.874 995.553 1296.35 1647.98
50.2285  334.16 664.874 998.528 1300.23 1652.98
50.3738 335.127 666.874 1001.42 1304.23 1657.98
50.5225 336.127 668.874 1004.37 1308.23 1662.88
 50.672 337.127 670.853 1007.37  1312.1 1667.88
50.8215 338.127 672.832 1010.37 1315.97 1672.88
50.8215 339.144 674.856 1013.37 1319.93 1677.88
50.8215  340.16 676.856 1016.37 1323.88 1682.91
50.9693  341.16 678.856 1019.33 1327.88  1687.8
51.1164 342.144 680.856 1022.33 1331.88 1692.67
51.1164 343.144 682.856 1025.36 1335.83 1697.69
51.1164 344.144 684.878 1028.36 1339.79 1702.71
  51.26 345.111 686.878 1031.25 1343.79 1707.71
 51.407 346.111 688.878 1034.21 1347.79 1712.61
51.5537 347.111 690.843 1037.21 1351.79  1717.5
51.5537 348.126 692.843 1040.24 1355.74  1722.5
51.6952 349.082 694.746 1043.24 1359.74  1727.5
51.6952 350.086 696.743 1046.24 1363.74  1732.5
51.6952 351.093 698.743 1049.25 1367.74 1737.48
51.6952 352.093 700.762 1052.28 1371.69 1742.48
51.6952 353.093 702.762 1055.31 1375.64  1747.5
51.8393 354.077 704.762 1058.31 1379.64 1752.37
51.9851 355.077 706.762 1061.29 1383.52 1757.37
51.9851 356.084 708.762  1064.3 1387.52 1762.35
52.1288 357.068 710.762  1067.3 1391.52 1767.23
52.2684 358.025 712.665  1070.3 1395.52 1772.23
52.4131 359.016 714.665  1073.3 1399.38 1777.23
52.5579 360.007 716.665  1076.3 1403.25 1782.23
52.7023 361.007 718.665 1079.25 1407.25 1787.12
52.7023 362.011 720.663 1082.25 1411.25 1792.12
52.7023 363.025 722.663 1085.28  1415.2 1797.12
52.8462 364.016 724.663 1088.28 1419.07 1802.12
52.8462 365.016 726.681 1091.31 1423.02 1807.12
52.9847 365.973 728.585 1094.31 1427.02 1812.12
52.9847 366.976 730.583 1097.31 1431.02 1817.12
52.9847  367.99 732.583 1100.35 1434.97 1822.12
53.1252  368.99 734.525 1103.26 1438.97 1827.12
53.1252 369.997  736.53 1106.26 1442.97 1832.11
 53.268 370.997 738.509 1109.26 1446.85 1837.11
53.4103 371.989 740.509 1112.26 1450.72 1842.11
53.4103 372.989 742.527 1115.29 1454.67 1847.11
53.5501 373.989 744.469 1118.21 1458.67 1852.11
53.6915 374.989 746.436 1121.21 1462.67    1857
53.6915 375.989  748.44 1124.22 1466.67 1861.99
53.8282 376.946 750.346 1127.22 1470.67 1866.99
53.9693 377.946 752.312 1130.22 1474.67 1871.88
54.1114 378.946 754.312  1133.2 1478.55 1876.88
54.2519 379.931 756.312  1136.2 1482.55 1881.76
54.2519 380.946 758.334  1139.2 1486.51 1886.76
54.2519 381.946 760.353  1142.2 1490.47 1891.78
 54.394 382.946 762.353  1145.2 1494.37 1896.74
54.5315 383.914 764.353 1148.09 1498.37 1901.74
 54.672 384.914 766.353 1151.05 1502.37 1906.64
54.8123 385.914 768.319 1154.05 1506.37 1911.53
54.9535 386.914 770.298 1157.05 1510.25 1916.53
54.9535 387.927 772.298 1160.08 1514.21 1921.53
55.0937 388.927 774.298 1163.04 1518.21 1926.43
55.2353 389.927 776.298 1166.04 1522.11 1931.38
55.3748 390.912 778.298 1169.04 1526.11 1936.26
55.5152 391.903 780.298 1172.04 1529.98 1941.26
55.6523 392.871 782.298 1174.94 1533.98 1946.26
55.6523 393.871 784.317 1177.94 1537.94 1951.28
55.7876 394.829 786.224 1180.94 1541.94 1956.28
55.7876 395.842 788.224 1183.97  1545.9 1961.28
55.9263 396.826 790.224 1186.97  1549.9 1966.16
55.9263 397.839 792.224    1190 1553.86 1971.16
56.0654 398.839 794.224 1192.95 1557.86 1976.06
56.2015 399.807 796.224 1195.85 1561.86 1981.06
56.2015 400.822 798.245 1198.85 1565.82 1986.06
56.3417 401.822 800.245 1201.85 1569.73 1991.02
56.3417 402.829  802.25 1204.85 1573.73    1996
56.3417 403.832 804.247 1207.85 1577.73    2001
56.4812 404.832 806.247 1210.85 1581.63 2005.96
56.4812 405.838 808.252 1213.85 1585.63 2010.95
56.4812 406.838 810.252 1216.88 1589.59 2015.96
56.6183 407.838  812.22 1219.88 1593.59 2020.86
56.6183 408.838 814.236 1222.91 1597.54 2025.86
56.7535 409.838  816.18 1225.83 1601.54 2030.86
56.8863 410.797 818.089 1228.83 1605.54 2035.86
57.0235 411.787 820.089 1231.83 1609.41 2040.86
57.0235 412.787 822.105 1234.85 1613.37 2045.86
57.0235 413.794  824.11 1237.85 1617.37 2050.85
57.0235 414.794  826.11 1240.88 1621.33 2055.86
57.1601 415.794 828.089 1243.88 1625.21 2060.86
57.2919 416.753 829.998 1246.88 1629.21 2065.86
57.4237 417.712 831.908 1249.88 1633.21 2070.86
57.4237 418.726 833.928 1252.88 1637.18 2075.86
57.4237 419.729 835.925 1255.88 1641.18 2080.86
57.4237 420.743 837.945 1258.88 1645.14 2085.86
57.5589 421.734 839.945 1261.88 1649.02 2090.86
57.5589 422.734 841.948 1264.89 1653.02 2095.85
57.6943 423.734 843.948 1267.87 1656.91 2100.85
57.8292 424.724 845.948 1270.87 1660.78 2105.85
57.8292 425.731 847.952 1273.87 1664.78 2110.84
 57.965 426.731 849.952 1276.87 1668.69  2115.8
58.1001 427.731 851.952 1279.84 1672.58  2120.8
58.2347 428.722 853.952 1282.84 1676.45  2125.8
 58.369 429.722 855.952  1285.8 1680.45  2130.7
58.5017 430.722 857.898 1288.73 1684.45  2135.7
 58.632 431.681 859.808 1291.73 1688.45  2140.7
58.7665 432.671 861.808 1294.73 1692.33  2145.7
58.7665 433.685 863.808 1297.73 1696.29 2150.73
58.7665 434.685 865.823 1300.75 1700.25 2155.73
58.7665 435.685  867.84 1303.75 1704.21 2160.75
58.7665 436.698  869.86 1306.75 1708.17 2165.75
 58.901 437.698  871.86 1309.75 1712.08  2170.7
59.0344 438.689  873.86 1312.75 1715.96  2175.7
59.0344 439.692 875.857 1315.75 1719.96  2180.7
59.0344 440.704 877.857 1318.78 1723.92  2185.7
59.1671 441.695 879.857 1321.78 1727.79  2190.7
59.1671 442.709 881.877 1324.78 1731.76  2195.7
59.2954 443.669 883.789 1327.78 1735.76  2200.7
59.2954 444.682 885.789 1330.78 1739.72 2205.73
59.4256 445.682 887.735 1333.71 1743.72 2210.73
59.4256 446.682 889.735 1336.73 1747.68 2215.74
59.4256 447.682 891.752 1339.73 1751.64 2220.77
59.4256 448.682 893.768 1342.73  1755.6 2225.79
59.5569 449.673 895.768 1345.73 1759.48 2230.79
59.6878 450.673 897.736 1348.73 1763.48 2235.69
59.8186 451.673 899.704 1351.73 1767.48 2240.59
59.9496 452.673 901.704 1354.69 1771.48  2245.5
59.9496 453.685 903.704 1357.72 1775.44  2250.5
59.9496 454.698 905.724 1360.72 1779.41  2255.5
59.9496  455.71 907.724 1363.75 1783.37  2260.5
 60.076 456.671 909.637 1366.75 1787.37  2265.5
60.2067 457.671 911.616 1369.75 1791.26  2270.5
60.2067 458.673 913.613 1372.75 1795.26  2275.5
60.2067 459.687 915.632 1375.75 1799.22  2280.5
60.3376 460.687 917.632 1378.75 1803.14 2285.46
60.3376 461.687 919.632 1381.78 1807.09 2290.47
60.4676 462.687 921.632 1384.75 1810.99 2295.47
60.5967 463.687 923.601 1387.75 1814.99 2300.38
60.7255 464.672 925.601 1390.75 1818.99 2305.26
60.8554 465.672 927.601 1393.73 1822.88 2310.26
60.9846 466.672 929.569 1396.73 1826.88 2315.16
61.1145 467.672 931.569 1399.71 1830.77 2320.16
61.2444 468.672 933.549 1402.71 1834.66 2325.16
61.2444 469.674 935.546 1405.71 1838.66 2330.16
61.3719 470.674 937.493 1408.63 1842.66 2335.16
61.5011 471.665 939.493 1411.63 1846.54 2340.16
61.6301 472.665 941.493 1414.59 1850.54 2345.07
61.6301 473.677 943.493 1417.62  1854.5 2350.07
61.7587 474.677 945.461 1420.62  1858.5 2354.98
61.8859 475.677 947.408 1423.55  1862.5 2359.98
62.0145 476.677 949.376 1426.55  1866.5 2364.88
62.0145 477.689 951.376 1429.58 1870.47 2369.88
62.0145 478.701 953.376 1432.58 1874.43  2374.9
62.0145 479.704 955.373 1435.58 1878.43  2379.9
62.0145 480.704 957.373  1438.6 1882.39 2384.92
62.0145 481.716 959.373  1441.6 1886.35 2389.94
62.1425 482.716 961.373 1444.58 1890.25 2394.94
62.1425 483.716 963.373  1447.6 1894.21 2399.96
62.2703 484.716 965.373 1450.58  1898.1 2404.96
62.2703 485.729 967.373 1453.58 1902.07 2409.98
62.3966 486.714 969.373 1456.58 1906.07 2414.87
62.5233 487.714 971.342 1459.58 1910.07 2419.77
62.5233 488.719 973.342 1462.59 1914.07 2424.76
62.5233 489.719 975.342 1465.61 1918.03 2429.78
62.6496 490.719 977.311 1468.61 1922.03 2434.68
62.6496 491.732 979.329 1471.61 1925.99 2439.68
62.7762 492.732 981.309 1474.61 1929.89 2444.68
62.9025 493.723 983.309 1477.61 1933.77 2449.68
62.9025 494.737 985.327 1480.61 1937.74 2454.68
62.9025 495.737 987.342 1483.61  1941.7  2459.7
62.9025 496.739 989.339 1486.61  1945.7  2464.7
62.9025 497.745 991.342 1489.61  1949.7 2469.69
62.9025 498.748 993.339 1492.62  1953.7 2474.69
62.9025 499.753 995.339 1495.62  1957.7 2479.68
63.0256 500.753 997.288 1498.55  1961.7 2484.68
63.1501 501.753 999.257 1501.55  1965.7 2489.59
63.2741 502.738 1001.26 1504.55  1969.7 2494.48
63.3973 503.738 1003.21 1507.48  1973.7 2499.48
 63.522  504.73 1005.21 1510.48 1977.59 2504.48
 63.522  505.73 1007.22  1513.5 1981.55 2509.48
63.6462  506.73 1009.19  1516.5 1985.55 2514.38
63.6462 507.732 1011.19 1519.51 1989.55 2519.38
63.7689 508.732 1013.13 1522.43 1993.55 2524.38
63.8932 509.724 1015.13 1525.43 1997.43 2529.38
63.8932 510.735 1017.13 1528.46  2001.4 2534.38
64.0175 511.735 1019.11 1531.46 2005.29 2539.38
64.1412 512.735 1021.08 1534.46 2009.29 2544.29
64.2663 513.735 1023.08 1537.46 2013.21 2549.25
64.3896 514.721 1025.08 1540.46 2017.21 2554.14
 64.512 515.721 1027.03 1543.39 2021.21 2559.14
64.6358 516.721 1029.03 1546.35 2025.21 2564.05
64.7573 517.692 1031.03 1549.26 2029.21 2569.05
64.8812 518.692 1033.03 1552.22 2033.21 2573.97
64.8812 519.692 1035.03 1555.23 2037.21 2578.95
65.0014 520.655 1036.95 1558.23 2041.21 2583.95
65.1226 521.626 1038.95 1561.14 2045.21 2588.95
65.2468 522.626 1040.95 1564.11 2049.11 2593.95
65.3702 523.626 1042.92 1567.11 2053.11 2598.86
 65.495 524.626 1044.92 1570.11 2057.02 2603.82
 65.619 525.626  1046.9 1573.11 2060.92 2608.82
 65.619 526.629  1048.9 1576.11 2064.92 2613.82
 65.619 527.641 1050.91 1579.11 2068.89 2618.82
65.7398 528.613 1052.91 1582.02 2072.89 2623.82
65.8607 529.584 1054.91 1584.93 2076.89 2628.82
65.9838 530.584 1056.91 1587.89 2080.89 2633.73
65.9838 531.587 1058.91 1590.89 2084.89 2638.73
66.1065 532.587 1060.88 1593.89 2088.89 2643.64
66.1065 533.592 1062.88  1596.9 2092.89 2648.63
66.1065 534.592 1064.89 1599.92 2096.85 2653.63
 66.229 535.583 1066.89 1602.92 2100.74 2658.63
66.3481 536.545 1068.81 1605.92 2104.74 2663.63
66.3481 537.556 1070.81 1608.95  2108.7 2668.63
66.3481 538.567 1072.81 1611.97 2112.67 2673.63
66.3481 539.578 1074.81 1614.97 2116.64 2678.65
66.4665 540.541 1076.73 1617.97 2120.64 2683.65
66.5869 541.541 1078.68  1620.9 2124.64 2688.65
66.7087 542.532 1080.68  1623.9 2128.52 2693.65
66.7087 543.532 1082.68 1626.91 2132.52 2698.64
66.8289 544.532 1084.63 1629.84 2136.52 2703.64
66.8289 545.544 1086.65 1632.84  2140.5 2708.64
66.8289 546.555 1088.65 1635.87 2144.46 2713.64
66.8289  547.56 1090.65 1638.87 2148.46 2718.63
66.9498 548.551 1092.65 1641.87 2152.35 2723.63
67.0717 549.551 1094.65 1644.87 2156.27 2728.59
67.0717 550.554 1096.65 1647.87 2160.27 2733.59
67.1924 551.545 1098.65 1650.87 2164.16 2738.59
67.3125  552.53 1100.65 1653.87 2168.16 2743.49
67.3125  553.53 1102.66 1656.87 2172.12 2748.51
67.3125 554.542 1104.68 1659.87 2176.09 2753.51
67.4328 555.533 1106.68 1662.87 2179.98 2758.51
67.5534 556.533 1108.66 1665.87 2183.88 2763.51
67.5534 557.545 1110.66 1668.87 2187.85 2768.53
67.6744 558.545 1112.66 1671.87 2191.77 2773.49
67.6744 559.547 1114.65 1674.87 2195.77 2778.49
 67.794 560.547 1116.62 1677.87 2199.77  2783.4
 67.794 561.547 1118.62 1680.89 2203.73 2788.41
 67.794 562.547 1120.64 1683.91  2207.7 2793.41
67.9128 563.533 1122.64 1686.91  2211.7 2798.31
67.9128 564.537 1124.64 1689.92  2215.7 2803.29
67.9128 565.549 1126.65 1692.92 2219.67 2808.29
68.0322 566.549 1128.63 1695.92 2223.57 2813.29
68.1521 567.549 1130.63 1698.92 2227.49 2818.25
68.2679 568.513 1132.55 1701.92 2231.49 2823.25
68.3866 569.513 1134.52 1704.92 2235.49 2828.17
68.3866 570.516 1136.52 1707.92 2239.49 2833.17
 68.504 571.516 1138.47 1710.85 2243.49 2838.17
 68.504 572.516 1140.47 1713.86 2247.49 2843.16
 68.504 573.518 1142.47 1716.86 2251.49 2848.16
68.6233 574.518 1144.47 1719.86 2255.41 2853.12
68.7416 575.518 1146.47 1722.83 2259.41 2858.03
68.8604 576.518 1148.47  1725.8 2263.32 2863.03
68.8604 577.518 1150.47 1728.81 2267.32 2868.02
68.8604 578.518 1152.47 1731.83 2271.28 2873.04
68.9777 579.504 1154.47 1734.83 2275.28 2877.93
68.9777 580.509 1156.47 1737.83 2279.28 2882.93
68.9777 581.509 1158.49 1740.83 2283.25 2887.95
69.0952 582.509 1160.49  1743.8 2287.25 2892.86
69.0952 583.509  1162.5 1746.82 2291.21 2897.86
69.2125 584.509  1164.5 1749.79 2295.21 2902.78
69.3292 585.495  1166.5 1752.79 2299.21 2907.68
69.3292 586.495 1168.51 1755.79 2303.18  2912.7
69.3292 587.501 1170.51 1758.79 2307.18 2917.69
69.3292 588.512 1172.53 1761.79 2311.15 2922.69
69.4439 589.485 1174.53  1764.7 2315.15 2927.69
69.4439  590.49 1176.53  1767.7 2319.15 2932.68
69.4439 591.502 1178.55  1770.7 2323.13 2937.68
69.5611 592.502 1180.55  1773.7 2327.05 2942.64
69.6772 593.502 1182.52  1776.7 2331.05 2947.55
69.7945 594.502 1184.52  1779.7 2334.97 2952.51
69.7945 595.502 1186.52 1782.72 2338.94 2957.53
69.9104 596.502 1188.49 1785.72 2342.94 2962.44
69.9104 597.504 1190.49 1788.72 2346.94 2967.44
70.0243 598.477 1192.49 1791.63 2350.94 2972.44
70.1402 599.468 1194.49 1794.63 2354.83 2977.44
70.2571 600.468 1196.49 1797.63 2358.75  2982.4
70.2571 601.468 1198.49 1800.64 2362.75 2987.39
70.3698 602.433 1200.41 1803.64 2366.75 2992.39
70.3698 603.438 1202.41 1806.64 2370.75 2997.38
70.3698 604.438 1204.41 1809.66 2374.72  3002.4
70.3698 605.443 1206.41 1812.67 2378.72 3007.39
70.3698 606.443 1208.43 1815.69 2382.68 3012.39
70.3698 607.447 1210.43  1818.7 2386.68 3017.37
70.3698 608.457 1212.43  1821.7 2390.65 3022.39
70.3698 609.462 1214.43  1824.7 2394.65 3027.39
70.3698 610.462 1216.44 1827.72 2398.62 3032.39
70.4811 611.428 1218.36 1830.72 2402.62 3037.39
70.5953 612.419 1220.36 1833.72 2406.51 3042.39
70.5953 613.424 1222.37 1836.72 2410.51 3047.38
70.5953 614.435 1224.38 1839.72 2414.49 3052.38
70.7079 615.435 1226.33 1842.66 2418.49 3057.38
70.7079 616.445 1228.33 1845.68 2422.46 3062.38
70.8211 617.431 1230.33 1848.68 2426.46 3067.28
70.8211 618.435 1232.33 1851.69 2430.46 3072.27
70.8211 619.446 1234.33 1854.69 2434.43 3077.29
70.8211 620.446 1236.35 1857.69  2438.4  3082.3
70.8211 621.446 1238.36 1860.69 2442.37 3087.32
 70.934 622.437 1240.36 1863.69 2446.26 3092.32
 70.934 623.437 1242.36 1866.71 2450.23 3097.33
71.0477 624.437 1244.36 1869.71 2454.15  3102.3
71.1607 625.437 1246.34 1872.71 2458.06  3107.3
71.2733 626.437 1248.31 1875.71 2462.06 3112.21
71.3848 627.437 1250.26 1878.64 2466.06 3117.21
71.3848 628.437 1252.26 1881.66 2470.02 3122.23
71.3848 629.441 1254.26 1884.67 2474.02 3127.21
71.4953 630.415 1256.26 1887.59 2478.02 3132.21
71.6077 631.406 1258.26 1890.59 2481.92 3137.21
71.6077  632.41 1260.26 1893.59 2485.92  3142.2
71.6077 633.421 1262.28 1896.59 2489.89  3147.2
71.7198 634.413 1264.28 1899.59 2493.79  3152.2
71.8318 635.404 1266.28 1902.59 2497.69  3157.2
71.8318 636.404 1268.28  1905.6 2501.69 3162.19
71.8318 637.413 1270.28 1908.62 2505.66 3167.19
71.9439 638.413 1272.28  1911.6 2509.57 3172.19
71.9439 639.413 1274.29  1914.6 2513.53 3177.21
71.9439 640.423 1276.29 1917.62  2517.5 3182.21
72.0557 641.423 1278.29  1920.6 2521.41 3187.21
72.1669 642.423 1280.29 1923.57 2525.41 3192.13
72.2781 643.423 1282.27 1926.57 2529.41 3197.05
72.2781 644.427 1284.27 1929.58 2533.41 3202.04
72.2781 645.427 1286.27 1932.58 2537.41 3207.03
72.3889 646.427 1288.24 1935.58 2541.41 3211.95
72.3889 647.432 1290.24 1938.58 2545.41 3216.94
72.3889 648.432 1292.24 1941.59 2549.41 3221.93
72.4995 649.432 1294.24 1944.56 2553.41 3226.85
72.4995 650.441 1296.24 1947.58 2557.38 3231.85
72.6098 651.441 1298.22 1950.58 2561.38 3236.77
72.6098 652.441 1300.23 1953.58 2565.35 3241.79
72.6098 653.452 1302.24 1956.58 2569.33 3246.79
72.7181 654.426 1304.24  1959.5 2573.33 3251.79
72.8285 655.426 1306.22  1962.5 2577.23 3256.79
72.9368 656.401 1308.22 1965.41 2581.23 3261.79
72.9368 657.403 1310.22 1968.41 2585.23 3266.79
73.0467 658.403 1312.22 1971.38 2589.23 3271.71
 73.157 659.403  1314.2 1974.38 2593.14 3276.71
73.2642 660.369 1316.13 1977.38 2597.14 3281.71
73.2642 661.374 1318.13 1980.38 2601.14 3286.71
73.2642 662.379 1320.13 1983.38 2605.14  3291.7
73.2642 663.383 1322.13 1986.39 2609.14 3296.69
73.2642 664.393 1324.15 1989.39 2613.12 3301.69
73.2642 665.393 1326.16 1992.39 2617.09 3306.71
73.3733 666.393 1328.16 1995.35 2621.09 3311.63
73.3733 667.397 1330.16 1998.36 2625.09 3316.62
73.4823 668.397 1332.16 2001.33 2629.09 3321.54
73.5915 669.397 1334.14 2004.33    2633 3326.54
73.5915 670.397 1336.15 2007.35 2636.97 3331.54
73.5915 671.408 1338.17 2010.35 2640.94 3336.54
73.5915 672.408 1340.18 2013.35 2644.91 3341.56
73.5915 673.413 1342.18 2016.35 2648.91 3346.55
73.6972  674.38 1344.11 2019.35 2652.91 3351.55
73.6972  675.38 1346.11 2022.37 2656.88 3356.57
73.6972 676.384 1348.11 2025.38 2660.88 3361.55
73.6972 677.388 1350.11 2028.38 2664.88 3366.55
73.6972 678.392 1352.11 2031.38 2668.88 3371.54
73.6972 679.401 1354.11  2034.4 2672.85 3376.54
73.6972 680.401 1356.11 2037.41 2676.85 3381.53
73.8028 681.376 1358.11 2040.33 2680.85 3386.53
73.9076 682.343 1360.04 2043.33 2684.85 3391.53
74.0132 683.318 1362.04 2046.25 2688.85 3396.53
74.1205 684.318 1364.04 2049.22 2692.85 3401.45
74.1205 685.329 1366.05 2052.22 2696.83 3406.45
74.2281 686.329 1368.05  2055.2 2700.74 3411.45
74.3351 687.329 1370.03  2058.2 2704.74 3416.37
74.4431 688.329 1372.03  2061.2 2708.67 3421.34
74.4431 689.329 1374.03 2064.21 2712.64 3426.35
74.5484 690.304 1376.03 2067.13 2716.64 3431.35
74.6558 691.304 1378.01 2070.13 2720.55 3436.35
74.6558 692.308 1380.01 2073.13 2724.55 3441.34
74.7626 693.308 1382.01  2076.1 2728.55 3446.27
74.8669 694.276 1383.94  2079.1 2732.55 3451.27
74.9721 695.251 1385.94 2082.02 2736.55 3456.27
74.9721 696.251 1387.95 2085.04 2740.52 3461.27
75.0784 697.238 1389.95 2088.04 2744.52 3466.17
75.0784 698.241 1391.95 2091.05 2748.52 3471.16
75.1832 699.216 1393.95 2093.97 2752.52 3476.16
75.1832 700.218 1395.95 2096.97 2756.52 3481.16
75.1832  701.22 1397.94 2099.97 2760.52 3486.16
75.2869 702.188 1399.87 2102.97 2764.52 3491.16
 75.394 703.188 1401.87 2105.97 2768.45 3496.13
75.5001 704.188 1403.85 2108.97 2772.45 3501.05
75.6062 705.188 1405.82 2111.97 2776.45 3505.97
75.7132 706.188 1407.82 2114.97 2780.38 3510.93
75.8202 707.188 1409.82 2117.97 2784.31  3515.9
75.9268 708.188  1411.8 2120.97 2788.22  3520.9
76.0305 709.155 1413.73 2123.97 2792.22  3525.9
76.0305 710.155 1415.73 2126.98 2796.22 3530.89
 76.137 711.155 1417.73 2129.95 2800.14 3535.89
76.2406 712.123 1419.66 2132.95 2804.14 3540.89
76.2406 713.123 1421.67 2135.97 2808.11 3545.89
76.3448 714.098 1423.67 2138.89 2812.11 3550.89
76.3448 715.098 1425.68 2141.91 2816.08 3555.89
76.3448 716.108 1427.69 2144.91 2820.05 3560.89
76.3448 717.108  1429.7 2147.93 2824.02 3565.89
76.3448 718.108 1431.71 2150.95 2827.99 3570.89
76.4504 719.108 1433.69 2153.95 2831.91 3575.89
76.4504 720.108 1435.69 2156.96 2835.91 3580.88
76.4504 721.108  1437.7 2159.98 2839.88 3585.88
76.5559 722.108  1439.7 2162.96 2843.79 3590.88
76.5559 723.117  1441.7 2165.96 2847.77  3595.9
76.5559 724.117  1443.7 2168.98 2851.74 3600.91
76.5559 725.117 1445.72 2171.98 2855.71 3605.92
76.5559 726.117 1447.73 2174.98 2859.68 3610.94
76.6587 727.092 1449.73  2177.9 2863.68 3615.94
76.7608  728.06 1451.66  2180.9 2867.68 3620.94
76.8636 729.036 1453.66 2183.82 2871.68 3625.94
76.9681 730.036 1455.66 2186.79 2875.68 3630.87
77.0701 731.004 1457.59 2189.79 2879.68 3635.87
77.0701 732.007 1459.59  2192.8 2883.68 3640.86
77.0701 733.007  1461.6  2195.8 2887.66 3645.87
77.1743 734.007  1463.6 2198.76 2891.66  3650.8
77.2787 735.007 1465.58 2201.76 2895.57  3655.8
 77.383 735.998 1467.58 2204.76 2899.47  3660.8
 77.383 737.002 1469.58 2207.77 2903.47 3665.79
 77.383 738.003 1471.58 2210.77 2907.47 3670.79
 77.383 739.011 1473.58 2213.79 2911.45 3675.79
77.4875 740.011 1475.58 2216.79 2915.38 3680.76
77.5911 741.011 1477.55 2219.79 2919.38 3685.68
77.6949 742.003 1479.55 2222.79 2923.28 3690.68
77.6949 743.003 1481.55 2225.81 2927.25 3695.69
77.6949 744.006 1483.55 2228.81 2931.25 3700.68
77.6949 745.014 1485.55 2231.83 2935.22 3705.68
77.6949 746.022 1487.55 2234.85  2939.2 3710.68
77.7957 746.991 1489.48 2237.85  2943.2 3715.68
77.7957 747.991 1491.48 2240.87 2947.17 3720.69
77.8991 748.991 1493.46 2243.87 2951.08 3725.69
78.0017 749.978 1495.46 2246.87 2955.08  3730.6
78.1044 750.965 1497.46 2249.87 2959.08 3735.52
78.2075 751.965 1499.46 2252.84 2963.08 3740.44
78.2075 752.973 1501.46 2255.86 2967.05 3745.44
78.2075 753.977 1503.46 2258.86 2971.05 3750.44
78.2075 754.985 1505.46 2261.86 2975.03 3755.45
78.2075 755.994 1507.46 2264.86    2979 3760.47
78.2075 757.003 1509.46 2267.86 2982.98 3765.49
78.3089 758.003 1511.42  2270.8 2986.98 3770.49
78.3089 759.007 1513.42  2273.8 2990.98 3775.48
78.4118 760.007 1515.42  2276.8 2994.91 3780.45
78.5144 761.007 1517.41  2279.8 2998.83 3785.45
78.6165 762.007 1519.38  2282.8 3002.83 3790.37
78.7164 762.975 1521.31  2285.8 3006.83 3795.37
78.7164 763.975 1523.32 2288.82  3010.8 3800.37
 78.817 764.951 1525.32 2291.74  3014.8 3805.37
 78.817  765.96 1527.32 2294.74 3018.77 3810.39
 78.817 766.961 1529.32 2297.75 3022.77 3815.39
 78.817 767.961 1531.33 2300.75 3026.74  3820.4
 78.919 768.961 1533.33 2303.72 3030.66  3825.4
79.0208 769.953 1535.33 2306.72 3034.57  3830.4
79.1202 770.921 1537.26 2309.72 3038.57  3835.4
79.1202 771.923 1539.26 2312.73 3042.57  3840.4
79.1202 772.925 1541.25 2315.73 3046.57  3845.4
79.2217 773.916 1543.25 2318.73 3050.48  3850.4
79.3208 774.885 1545.19 2321.73 3054.48  3855.4
79.4226 775.885 1547.17 2324.73 3058.39  3860.4
79.5225 776.861 1549.17 2327.65 3062.39  3865.4
79.5225 777.865 1551.17 2330.65 3066.39  3870.4
79.5225 778.865 1553.18 2333.65 3070.37 3875.41
79.5225 779.865 1555.18 2336.66 3074.37 3880.41
79.5225 780.865 1557.18 2339.67 3078.34 3885.42
79.6234 781.865 1559.18 2342.64 3082.34 3890.35
79.7243 782.856 1561.18 2345.64 3086.25 3895.35
79.8251 783.856 1563.15 2348.64 3090.25 3900.27
79.9264 784.856 1565.15 2351.62 3094.17 3905.27
79.9264 785.865 1567.17 2354.62 3098.15 3910.27
79.9264 786.865 1569.18 2357.64 3102.12 3915.27
80.0274 787.865 1571.18 2360.62 3106.04 3920.27
80.1271 788.865 1573.13 2363.56 3110.04 3925.27
80.1271 789.867 1575.13 2366.56 3114.04 3930.27
80.1271 790.874 1577.13 2369.58 3118.01 3935.27
80.2253 791.843 1579.06 2372.58 3122.01 3940.27
80.2253 792.843 1581.06 2375.59 3126.01 3945.27
80.2253 793.852 1583.06 2378.59 3129.99 3950.28
80.2253 794.859 1585.06 2381.61 3133.96 3955.28
80.2253 795.867 1587.06 2384.63 3137.93 3960.28
80.3252 796.858 1589.06 2387.63 3141.84 3965.28
80.3252 797.867 1591.08 2390.63 3145.82 3970.28
80.3252 798.867 1593.09 2393.65 3149.79 3975.28
80.4256 799.867 1595.09 2396.65 3153.73 3980.25
80.5237 800.844 1597.09 2399.57 3157.73 3985.25
80.5237 801.847 1599.09 2402.58 3161.73 3990.24
80.6224 802.847 1601.04 2405.52 3165.73 3995.24
80.7219 803.847 1603.04 2408.49 3169.73 4000.17
80.7219 804.855 1605.04 2411.49  3173.7 4005.19
80.7219 805.857 1607.04 2414.49  3177.7 4010.19
80.8197 806.833 1609.04 2417.42  3181.7 4015.19
80.8197 807.841 1611.04 2420.44 3185.67 4020.19
80.9185 808.828 1613.04 2423.44 3189.67  4025.1
80.9185 809.828 1615.05 2426.45 3193.65  4030.1
80.9185 810.836 1617.05 2429.47 3197.62  4035.1
80.9185 811.836 1619.06 2432.47 3201.59 4040.12
81.0176 812.836 1621.06 2435.45 3205.52 4045.12
81.0176 813.836 1623.06 2438.46 3209.52 4050.11
81.1166 814.836 1625.06 2441.44 3213.44 4055.11
81.2159 815.836 1627.06 2444.44 3217.37 4060.08
81.2159 816.844 1629.06 2447.44 3221.35 4065.09
81.2159 817.852 1631.06 2450.44 3225.32 4070.11
81.2159 818.855 1633.06 2453.44 3229.32  4075.1
81.2159 819.862 1635.06 2456.46  3233.3  4080.1
81.2159 820.862 1637.07 2459.48 3237.27  4085.1
 81.314 821.854 1639.07 2462.48 3241.18  4090.1
81.4123 822.854 1641.05 2465.48  3245.1  4095.1
81.5104 823.845 1643.05 2468.48 3249.01  4100.1
81.5104 824.849 1645.05 2471.48 3253.01  4105.1
81.6063 825.819 1646.99 2474.48 3257.01  4110.1
81.6063 826.828    1649 2477.48 3260.99  4115.1
 81.702 827.798 1650.94 2480.48 3264.99  4120.1
 81.702 828.798 1652.94  2483.5 3268.96  4125.1
 81.702 829.798 1654.95  2486.5 3272.94 4130.11
81.7999 830.798 1656.95 2489.48 3276.86 4135.11
81.7999 831.807 1658.97 2492.48 3280.84 4140.11
 81.896 832.783 1660.97  2495.4 3284.84 4145.11
 81.896 833.786 1662.97 2498.41 3288.84  4150.1
81.9932 834.786 1664.94 2501.41 3292.84 4155.03
82.0902 835.774 1666.94 2504.41 3296.84 4159.95
82.0902 836.783 1668.95 2507.41 3300.82 4164.95
82.1875 837.783 1670.95 2510.38 3304.82 4169.88
82.1875 838.784 1672.95 2513.38 3308.82 4174.88
82.1875 839.788 1674.95 2516.38 3312.82 4179.87
82.1875 840.795 1676.95  2519.4 3316.79 4184.87
82.1875 841.797 1678.95  2522.4 3320.79 4189.87
82.1875 842.797 1680.95 2525.41 3324.79 4194.87
82.2848 843.797 1682.95 2528.41 3328.73 4199.83
82.2848   844.8 1684.95 2531.41 3332.73 4204.83
82.2848 845.804 1686.95 2534.41 3336.73 4209.82
82.2848 846.804 1688.95 2537.42  3340.7 4214.84
82.3811 847.795 1690.95 2540.42 3344.61 4219.84
82.3811 848.803 1692.95 2543.44 3348.59 4224.84
82.3811 849.804 1694.95 2546.44 3352.59 4229.84
82.4779 850.804 1696.95 2549.44 3356.52  4234.8
82.5731 851.804 1698.91 2552.39 3360.52  4239.8
82.6691 852.804 1700.89 2555.39 3364.52 4244.73
82.6691 853.808 1702.89 2558.39 3368.52 4249.73
82.7653 854.808 1704.87 2561.39 3372.44 4254.73
82.8616 855.808 1706.85 2564.39 3376.36 4259.73
82.8616 856.815 1708.85 2567.39 3380.34 4264.74
82.8616 857.818 1710.85 2570.39 3384.34 4269.73
82.9574  858.81 1712.85 2573.39 3388.25 4274.73
82.9574 859.819 1714.86 2576.39 3392.23 4279.73
83.0527 860.807 1716.86 2579.39 3396.23 4284.65
83.1475 861.807 1718.82 2582.34 3400.23 4289.65
83.1475 862.808 1720.82 2585.34 3404.23 4294.65
83.1475 863.808 1722.82 2588.34 3408.23 4299.64
83.2409 864.779 1724.76 2591.34 3412.23 4304.64
83.2409 865.779 1726.77 2594.34 3416.21 4309.66
83.2409  866.78 1728.77 2597.35 3420.21 4314.66
83.2409  867.78 1730.77 2600.36 3424.18 4319.66
83.2409 868.789 1732.79 2603.36 3428.16 4324.66
83.3362 869.789 1734.77 2606.36 3432.08 4329.66
83.3362 870.792 1736.77 2609.36 3436.08 4334.65
83.4297  871.77 1738.77 2612.29 3440.08 4339.65
83.4297  872.77 1740.77 2615.31 3444.06 4344.67
83.5244  873.77 1742.74 2618.31 3448.06  4349.6
83.5244  874.77 1744.75 2621.31 3452.03 4354.61
83.5244  875.77 1746.76 2624.33 3456.01 4359.61
83.6176 876.747 1748.76 2627.26 3460.01 4364.61
83.6176 877.747 1750.77 2630.26 3463.98 4369.63
 83.712 878.747 1752.75 2633.26 3467.98 4374.56
83.8051 879.725 1754.75 2636.19 3471.98 4379.56
83.8051 880.732 1756.75 2639.19 3475.96 4384.57
83.8051 881.741 1758.76 2642.19 3479.94 4389.57
 83.899 882.729 1760.76 2645.19 3483.94 4394.49
83.9929 883.717 1762.76 2648.19 3487.94 4399.41
84.0874 884.717 1764.74 2651.19 3491.86 4404.41
84.0874  885.72 1766.74 2654.19 3495.86  4409.4
84.0874 886.723 1768.74 2657.19 3499.86  4414.4
84.1813 887.723 1770.72 2660.19 3503.86 4419.33
84.2753 888.715 1772.72 2663.19 3507.78 4424.33
84.2753 889.715 1774.72  2666.2 3511.75 4429.34
84.3684 890.715 1776.68 2669.15 3515.75 4434.34
84.4616 891.715 1778.64 2672.09 3519.75 4439.34
84.4616 892.723 1780.64 2675.09 3523.72 4444.36
84.5556 893.723 1782.62 2678.09 3527.65 4449.36
84.6494 894.714 1784.62 2681.09 3531.56 4454.36
84.6494 895.718 1786.63 2684.09 3535.56 4459.35
84.7412 896.689 1788.56 2687.09 3539.56 4464.35
84.7412 897.689 1790.57 2690.09 3543.54 4469.37
84.7412 898.689 1792.57 2693.11 3547.51 4474.38
84.7412 899.689 1794.57 2696.13 3551.48 4479.39
84.8352 900.689 1796.57 2699.13 3555.42 4484.36
84.8352 901.692 1798.57 2702.13 3559.42 4489.35
 84.929 902.692 1800.57 2705.13 3563.36 4494.32
 84.929 903.694 1802.57 2708.14 3567.36 4499.31
 84.929 904.698 1804.57 2711.14 3571.36  4504.3
 84.929 905.705 1806.57 2714.15 3575.34  4509.3
85.0219 906.705 1808.55 2717.15 3579.34 4514.23
85.0219 907.705 1810.55 2720.16 3583.34 4519.23
 85.114 908.705 1812.51 2723.11 3587.34 4524.23
 85.114 909.705 1814.52 2726.12 3591.31 4529.23
 85.114 910.707 1816.52 2729.13 3595.31 4534.22
 85.114 911.707 1818.53 2732.14 3599.29 4539.22
85.2063 912.696 1820.53 2735.14 3603.29 4544.14
85.2063 913.698 1822.53 2738.15 3607.29 4549.13
85.2975 914.676 1824.53 2741.08 3611.29 4554.13
85.2975 915.678 1826.52 2744.08 3615.29 4559.13
85.3886 916.656 1828.52 2747.01 3619.29 4564.13
85.4802 917.656 1830.49 2749.96 3623.29 4569.13
85.4802 918.656 1832.49 2752.97 3627.26 4574.14
85.5712 919.634 1834.49 2755.91 3631.26 4579.14
85.5712 920.641 1836.49 2758.91 3635.24 4584.16
85.6636 921.641 1838.49 2761.89 3639.16 4589.16
85.6636 922.644 1840.49 2764.89 3643.16 4594.15
85.6636 923.646 1842.49 2767.89 3647.16 4599.15
85.7556 924.646 1844.49 2770.86 3651.16 4604.09
85.8457 925.617 1846.42 2773.86 3655.16 4609.09
85.9376 926.617  1848.4 2776.86 3659.16 4614.02
85.9376 927.619  1850.4 2779.86 3663.16 4619.02
85.9376 928.619 1852.41 2782.86 3667.14 4624.04
85.9376 929.622 1854.41 2785.86 3671.14 4629.03
86.0292 930.622 1856.41 2788.83 3675.14 4633.97
86.0292 931.629 1858.41 2791.85 3679.12 4638.97
86.0292 932.637 1860.42 2794.85  3683.1 4643.97
86.1195 933.615 1862.42 2797.78  3687.1 4648.97
86.1195 934.618 1864.42 2800.78  3691.1 4653.97
86.2096 935.597 1866.42 2803.71  3695.1 4658.97
86.2096 936.603 1868.42 2806.73 3699.07 4663.97
86.3011 937.603 1870.42 2809.71    3703 4668.97
86.3011 938.603 1872.43 2812.72 3706.98 4673.97
86.3011 939.603 1874.43 2815.73 3710.98 4678.96
86.3011 940.606 1876.43 2818.73 3714.98 4683.96
86.3011 941.606 1878.44 2821.75 3718.95 4688.96
86.3011 942.606 1880.45 2824.76 3722.93 4693.96
86.3011 943.606 1882.45 2827.76 3726.91 4698.97
86.3011  944.61 1884.46 2830.76 3730.91 4703.97
86.3011  945.61 1886.46 2833.78 3734.88 4708.98
86.3011 946.612 1888.46 2836.78 3738.88 4713.97
86.3011 947.615 1890.46 2839.79 3742.88 4718.96
86.3897 948.587 1892.39 2842.79 3746.88 4723.96
86.4803 949.587 1894.39 2845.77 3750.81 4728.96
86.4803 950.587  1896.4 2848.77 3754.81 4733.96
86.4803 951.595 1898.41 2851.77 3758.79 4738.96
86.4803 952.596  1900.4 2854.77 3762.79 4743.96
86.4803 953.603  1902.4 2857.79 3766.77 4748.96
86.4803 954.604  1904.4 2860.79 3770.77 4753.96
86.4803 955.604  1906.4  2863.8 3774.77 4758.95
86.4803 956.604  1908.4 2866.81 3778.74 4763.96
86.4803 957.604 1910.41 2869.81 3782.72 4768.97
86.5681 958.577 1912.35 2872.81 3786.72 4773.97
86.5681 959.577 1914.35 2875.83 3790.69 4778.99
86.6574 960.577 1916.33 2878.83 3794.69 4783.92
86.7462 961.577 1918.29 2881.78 3798.69 4788.92
86.7462 962.584 1920.29 2884.78 3802.67 4793.93
86.7462 963.591  1922.3 2887.78 3806.65 4798.93
86.7462 964.598  1924.3 2890.79 3810.63 4803.93
86.8337 965.571 1926.24 2893.79 3814.63 4808.93
86.9225 966.559 1928.24 2896.79 3818.63 4813.86
 87.012 967.559 1930.24 2899.77 3822.56 4818.86
87.1014 968.559 1932.24 2902.75 3826.49 4823.86
87.1014 969.559 1934.25 2905.75 3830.46 4828.87
87.1888 970.532 1936.19 2908.75 3834.46 4833.87
87.1888 971.533 1938.19 2911.76 3838.46 4838.87
87.1888 972.534 1940.18 2914.76 3842.46 4843.87
87.1888 973.541 1942.18 2917.76 3846.44 4848.89
87.1888 974.548 1944.18 2920.76 3850.42  4853.9
87.2758 975.521 1946.12 2923.76 3854.42  4858.9
87.3645 976.521  1948.1 2926.76 3858.42 4863.84
87.3645 977.521 1950.11 2929.76  3862.4 4868.85
87.3645 978.522 1952.11 2932.76  3866.4 4873.85
87.4533 979.522 1954.11 2935.74 3870.33 4878.85
87.4533 980.525 1956.11 2938.74 3874.33 4883.85
87.5416 981.525 1958.08 2941.74 3878.33 4888.78
87.6301 982.525 1960.08 2944.71 3882.33 4893.72
87.7185 983.525 1962.06 2947.71 3886.33 4898.66
87.7185 984.532 1964.06 2950.71 3890.31 4903.67
87.7185 985.533 1966.06 2953.71 3894.31 4908.67
87.7185  986.54 1968.06 2956.71 3898.29 4913.68
87.7185  987.54 1970.07 2959.73 3902.26 4918.68
87.7185  988.54 1972.07 2962.73 3906.24  4923.7
87.7185  989.54 1974.08 2965.73 3910.22 4928.71
87.7185 990.542 1976.08 2968.73 3914.22 4933.71
87.8063 991.542 1978.08 2971.71 3918.22 4938.65
87.8063  992.55 1980.09 2974.71  3922.2 4943.65
87.8924 993.523 1982.03 2977.71  3926.2 4948.65
87.9784 994.496 1983.97 2980.71  3930.2 4953.65
87.9784 995.497 1985.97 2983.71  3934.2 4958.65
87.9784 996.497 1987.98 2986.71 3938.18 4963.66
 88.066 997.497 1989.98 2989.68 3942.18  4968.6
 88.066 998.497 1991.99 2992.68 3946.16 4973.61
88.1537 999.497 1993.99 2995.66 3950.09 4978.61