      1       2 4.66667       4 4.66667 4.66667
      1       3 8.16667       7 8.66667 8.16667
1.24658 3.73973 10.1804      10 12.6667 13.1667
1.66087 4.73973 12.1804      13 16.8764 17.5426
1.66087 5.95011 14.1804      16 21.1862 22.0225
 1.9957 6.95011 16.1804 19.2255 25.1862 26.4621
2.23398 7.77994 18.1123 22.2255 29.1862 31.4621
2.51893 8.77228 20.1123 25.2255 32.9089 36.4621
 2.7821 9.77228 22.2136 27.8611 36.9089 41.4621
3.06333 10.7601 24.2136 30.8611 40.6398 46.4621
3.33755 11.7233 26.2136 33.6236 44.6398 51.4621
3.33755 12.7063 28.4114 36.4428 48.6398 56.4621
3.33755 13.6892 30.6093  39.262 52.6398 61.4621
3.33755 14.6892   32.94 42.2515 56.6398  66.142
3.33755 15.7633   34.94  45.341 60.6398 70.9784
3.53999 16.7633 37.0593  48.341  64.318 75.9784
3.53999 17.8327 39.0593 51.4248  68.318 80.8252
3.53999 18.8296  41.243 54.4248 72.1374 85.8252
3.73695 19.8296  43.243 57.4528 76.1374 90.6002
3.73695 20.8619 45.4941 60.4528 80.1374 95.3168
3.92464 21.8619 47.4941 63.4528 84.1624 100.104
4.08531 22.7569 49.4385 66.4528 88.1624 105.104
4.08531 23.7837 51.6692 69.4528 92.1624 109.847
4.26329   24.82 53.6692 72.4528 96.1624 114.632
4.26329 25.8464 55.6692 75.4492 100.139 119.632
4.42695 26.8386 57.6692 78.4492 103.984 124.632
4.59792 27.8386 59.6692 81.4492 107.999 129.446
4.59792 28.8354 61.8056 84.4492 111.866 134.446
4.59792 29.8602 64.0023 87.4492 115.866 139.224
4.59792 30.8569 66.1385 90.4492 119.733 144.224
4.75146 31.8873 68.1385 93.4492 123.733  149.04
4.89756 32.8678 70.1385 96.3227 127.733  154.04
4.89756 33.8571 72.2497 99.2221 131.733  159.04
4.89756 34.8571 74.2497 102.275 135.787 163.934
5.03859 35.8571 76.3879 105.275 139.787 168.655
5.17353 36.8571 78.4336 108.094 143.787 173.655
5.17353 37.8571 80.4336 111.143 147.842 178.552
5.17353 38.8571 82.5664  114.09 151.762 183.552
5.17353 39.8571 84.6992 117.037 155.682 188.552
5.17353 40.8571 86.6992 120.082 159.732 193.457
 5.2969 41.8571 88.7667 123.082 163.541 198.457
 5.2969 42.8938 90.7667  126.13 167.541 203.372
 5.2969 43.8938 92.9264 129.131 171.541 208.211
 5.2969 44.8938 95.0513 132.084 175.464 213.211
5.41085 45.8938  97.096 134.925 179.464 218.211
5.53158 46.8938  99.096 137.936 183.464  223.08
5.65231 47.8938 101.096 140.946 187.464 227.948
5.65231 48.8938 103.249 143.946 191.456 232.803
5.65231 49.8938 105.402 146.946 195.448 237.658
5.65231 50.9272 107.402  149.99 199.448  242.58
5.76594 51.9272 109.402  152.99 203.458 247.457
5.87949 52.9272 111.402 156.003 207.458 252.331
5.87949 53.9186 113.489 158.925 211.458 257.331
5.99097 54.9186 115.489 161.925 215.467  262.21
5.99097 55.9186 117.629 164.925 219.467 267.069
5.99097 56.9098 119.714 167.849 223.467 272.069
6.09392 57.9098 121.771 170.849 227.307 277.069
6.19686 58.9098 123.828 173.849 231.147 282.069
6.30145 59.9041 125.828 176.849 235.048 287.069
6.30145 60.8954  127.91 179.776 239.048 292.069
6.30145 61.8954 130.045 182.776 243.038 296.944
6.30145 62.8954 132.151 185.735 246.973 301.944
6.39534 63.8325  134.12 188.735 250.973 306.944
6.49539 64.8325 136.218 191.735 254.973 311.746
6.59543 65.8325 138.316 194.735 258.973 316.547
6.69741 66.8325 140.316 197.735 262.977 321.441
6.79692 67.8255 142.316 200.735 266.885 326.441
6.89885 68.8255 144.316 203.735 270.887 331.337
6.89885 69.8387 146.316 206.734 274.875 336.337
6.99468 70.8387 148.349 209.606 278.875 341.337
6.99468 71.8387  150.47 212.603 282.875 346.218
7.08999 72.8387  152.52 215.603 286.729 351.218
 7.1853 73.8387 154.571 218.603 290.584 356.218
 7.1853 74.8387  156.69   221.6 294.584 361.102
7.28259  75.852  158.69   224.6 298.584 365.991
7.28259 76.8765  160.69   227.6 302.616 370.934
7.37673 77.8703  162.69   230.6 306.528 375.934
7.37673 78.8619 164.762 233.537 310.528 380.934
7.37673 79.8619 166.876 236.534 314.528 385.823
7.46893 80.8619 168.962 239.534 318.528 390.645
7.46893 81.8854 170.962 242.534  322.56  395.59
7.46893 82.8772 173.032 245.471  326.56  400.59
7.56044 83.8772 175.032 248.471 330.561 405.498
7.56044 84.8872  177.14 251.471 334.561  410.38
7.56044 85.9101  179.14 254.471 338.593 415.325
7.64612 86.9101  181.17 257.355 342.593 420.325
7.72931 87.8557 183.141 260.355 346.593 425.325
7.81734 88.8557 185.141  263.32  350.54 430.325
7.81734  89.865 187.244  266.32  354.54 435.213
7.81734  90.865 189.353  269.32 358.532 440.113
7.90453  91.865 191.353 272.324 362.532 445.022
7.99061  92.865 193.353  275.29  366.48 450.022
 8.0761 93.8586 195.353  278.29 370.401 455.022
 8.0761 94.8798 197.353 281.318 374.401 459.973
8.16238 95.8798 199.353 284.318   378.4 464.887
8.24736 96.8798 201.428 287.318   382.4 469.727
8.33251 97.8798 203.428 290.285 386.349 474.727
8.41857 98.8907 205.428 293.285 390.349  479.63
8.50217 99.8907 207.468 296.285 394.225  484.63
8.58577 100.891 209.508 299.285 398.101  489.63
8.58577 101.888 211.578 302.285 402.035  494.63
8.66857 102.888 213.618 305.285 405.912  499.63
8.74854 103.837 215.589 308.285 409.912  504.63
8.74854 104.837 217.667 311.256 413.862  509.63
8.83277 105.846 219.667 314.256 417.862 514.536
8.91414 106.846  221.69 317.151 421.862 519.536
8.99551 107.846 223.714 320.046 425.862 524.536
9.07746 108.846 225.752 323.046 429.742 529.536
9.07746 109.854 227.842 326.046 433.742 534.438
9.07746 110.854 229.842 329.069 437.764 539.394
 9.1603 111.854 231.842 332.069 441.759 544.316
9.24291 112.862 233.842 335.069 445.759 549.225
9.32284 113.862 235.865 337.967 449.759 554.225
 9.4042 114.856 237.865 340.967 453.684 559.225
 9.4847 115.856 239.901 343.967 457.567 564.225
9.56605  116.85 241.901 346.967 461.492 569.225
9.64656  117.85 243.936 349.967 465.376 574.225
9.72841  118.85 245.936 352.936 469.325 579.225
9.80976 119.844 247.936 355.936 473.249 584.225
9.80976 120.862 249.936 358.936 477.269 589.187
9.80976 121.859 251.999 361.936 481.208 594.187
9.80976 122.853 254.054 364.888 485.208 599.187
9.89045 123.853 256.054 367.888 489.199 604.115
9.96984 124.847 258.054 370.888 493.126 609.115
10.0494 125.847 260.114 373.888 497.126 613.977
10.1288 126.841 262.114 376.888 501.052 618.977
10.1288 127.835 264.167  379.84 505.052 623.977
 10.208 128.835 266.167 382.811 509.002 628.977
 10.288 129.835 268.167 385.811 512.992 633.907
10.3669 130.835 270.225 388.811 516.992  638.77
10.4449 131.835 272.257 391.811 520.881  643.77
10.5248 132.835 274.257 394.808 524.881 648.694
10.5248 133.829  276.31 397.762 528.881 653.694
10.5248 134.835 278.387 400.762 532.881  658.61
10.6011 135.835 280.406 403.667 536.881  663.61
10.6011 136.841 282.483 406.667 540.881 668.526
10.6011 137.841  284.55 409.643 544.839 673.526
10.6785 138.848  286.55 412.643 548.839 678.442
10.6785 139.845 288.609 415.643 552.782 683.442
10.7544 140.839 290.609 418.643 556.712 688.442
10.8299 141.827 292.609 421.579 560.712 693.442
10.9062 142.827 294.609 424.551 564.665 698.442
10.9821 143.821 296.609 427.551 568.595 703.442
10.9821 144.837 298.609 430.569 572.595 708.409
10.9821 145.837 300.609 433.588 576.609 713.375
10.9821 146.837 302.685 436.583 580.609 718.303
11.0566 147.837 304.739 439.583 584.609 723.176
11.0566 148.831 306.788 442.539 588.609 728.176
11.0566 149.846 308.788 445.558 592.609 733.142
11.0566 150.852 310.861 448.558 596.609 738.064
11.0566 151.861 312.861 451.558   600.6 743.064
11.0566 152.855  314.91 454.515   604.6 748.064
11.0566  153.85 316.958 457.472   608.6 753.064
11.0566 154.865 318.958 460.472 612.616 758.033
11.1272 155.854 320.958 463.412 616.616 763.033
11.1272 156.854 322.958  466.43  620.63 768.001
11.1952 157.813 324.932  469.43  624.63 773.001
11.2666 158.813 326.932 472.425  628.63 777.934
11.2666  159.81 328.985 475.425 632.579 782.934
11.3375 160.815 330.985 478.425 636.579 787.858
11.4079 161.815 332.985 481.399 640.535 792.858
11.4079 162.815 335.059 484.399 644.524 797.795
11.4079  163.81 337.106 487.357 648.524 802.795
11.4773  164.81 339.155 490.357 652.524 807.676
11.5469  165.81 341.155 493.331 656.481 812.676
11.5469  166.81 343.228 496.331  660.47 817.614
11.5469 167.818 345.228 499.331 664.462 822.614
11.5469 168.818 347.301 502.331 668.451 827.553
11.5469 169.812 349.347  505.29 672.451 832.553
11.5469 170.812 351.347 508.306 676.465 837.522
11.5469 171.821 353.347 511.306 680.457 842.522
11.6128 172.821 355.363 514.224 684.457 847.522
11.6128 173.829 357.363 517.223  688.45 852.522
11.6789 174.818 359.363 520.168  692.45 857.522
11.6789 175.826 361.363 523.167 696.442 862.522
11.6789 176.826 363.432 526.162 700.442 867.459
11.7443 177.816 365.432 529.107 704.442 872.459
11.8094 178.816 367.459 532.107  708.35 877.459
11.8742 179.816 369.475 535.026  712.35 882.459
11.8742 180.816 371.475  538.04 716.364 887.431
11.9386 181.816 373.491  540.96 720.364 892.431
12.0031 182.816 375.506  543.88 724.364 897.431
12.0684  183.81 377.506  546.88 728.304 902.431
12.1328  184.81 379.522   549.8 732.304 907.431
12.1981 185.805 381.522   552.8 736.244 912.431
12.1981 186.805 383.589   555.8 740.233 917.375
12.2634 187.805 385.589 558.774 744.194 922.375
12.2634 188.817 387.589 561.787 748.194 927.349
12.3288 189.817 389.589 564.787 752.184 932.294
12.3288 190.817 391.654 567.781 756.184 937.236
12.3288 191.817 393.709 570.759 760.151 942.236
12.3288 192.817 395.774 573.752 764.151 947.177
12.3921 193.808 397.774 576.699 768.151 952.177
12.3921  194.82 399.774 579.699 772.164 957.152
12.3921  195.82 401.828 582.677 776.131 962.152
12.3921  196.82 403.882 585.656 780.098 967.152
12.3921 197.818 405.929 588.656 784.053 972.152
12.4545 198.818 407.973 591.656 788.053 977.046
 12.516 199.818 409.988 594.579 792.053 982.046
12.5778 200.818 412.014 597.579 795.966 987.046
12.5778  201.83 414.014 600.591 799.966 992.021
 12.639  202.83 416.029 603.515 803.966 997.021
12.7018  203.83 418.029 606.515 807.956 1001.97
12.7018  204.83 420.093 609.515 811.945 1006.92
12.7018  205.83 422.146 612.494 815.913 1011.92
12.7018 206.834 424.205 615.494 819.913 1016.85
12.7018 207.832 426.252 618.494 823.868 1021.85
12.7623 208.823 428.252 621.442 827.868 1026.85
12.8238 209.823 430.252 624.442 831.858  1031.8
12.8238  210.83 432.252  627.44 835.852  1036.8
12.8841 211.821 434.252 630.389 839.852  1041.8
12.8841 212.833 436.252 633.389 843.864 1046.78
12.9441 213.824 438.252 636.338 847.864 1051.78
13.0039 214.824 440.276 639.338  851.78 1056.78
13.0039 215.836 442.276 642.338 855.792 1061.75
13.0636 216.827 444.276 645.288 859.792 1066.75
13.0636 217.823 446.316 648.251 863.792 1071.75
13.1239 218.823 448.316 651.251 867.781  1076.7
13.1842 219.823 450.316 654.244 871.781 1081.65
13.1842 220.823 452.316 657.254 875.793 1086.63
13.1842 221.823 454.316 660.265 879.805 1091.61
13.1842 222.823 456.376 663.258 883.805 1096.55
13.1842 223.823 458.435 666.251 887.805  1101.5
13.1842 224.823 460.435 669.261 891.817 1106.48
13.2432 225.823 462.435 672.261 895.807 1111.43
13.3015 226.818 464.435 675.261 899.754 1116.43
13.3605 227.818 466.435 678.261 903.744 1121.38
13.3605 228.821  468.49 681.261 907.744 1126.32
13.4184 229.813  470.49 684.212 911.744 1131.32
13.4771 230.813  472.49 687.205 915.744 1136.27
13.5352 231.807  474.49 690.205 919.691 1141.27
13.5352 232.818  476.49 693.205 923.702 1146.25
13.5936 233.818  478.49 696.198 927.702  1151.2
13.6515 234.813  480.49 699.198 931.649  1156.2
13.7091 235.804  482.49 702.149 935.649  1161.2
13.7663 236.804 484.503 705.079 939.649  1166.2
13.8237 237.804 486.525 708.079  943.57  1171.2
13.8799 238.771 488.502 711.079  947.57  1176.2
13.9371 239.771 490.515 714.009  951.57  1181.2
13.9955 240.771 492.515 717.009  955.56 1186.15
 14.053 241.771 494.536 720.009 959.481 1191.15
 14.053 242.782 496.536 723.019 963.481 1196.13
14.1103 243.773 498.536  725.97 967.481 1201.13
14.1103 244.783 500.536  728.98 971.481 1206.11
14.1681 245.786 502.536  731.98 975.481 1211.05
14.2259 246.788 504.536  734.98 979.481 1215.99
 14.283  247.78 506.536 737.932 983.481 1220.99
14.3404  248.78 508.572 740.932 987.481  1225.9
14.3974  249.78 510.592 743.932 991.404  1230.9
14.3974 250.776 512.629 746.899 995.404  1235.9
 14.455 251.778 514.629 749.899 999.404 1240.84
 14.455 252.782  516.68 752.899  1003.4 1245.78
 14.455 253.788  518.68 755.897  1007.4 1250.78
 14.455 254.788 520.726 758.878 1011.37 1255.78
 14.455 255.785 522.762 761.846 1015.37 1260.78
14.5096 256.752 524.739 764.846 1019.37 1265.78
14.5661 257.752 526.739 767.822 1023.34 1270.78
14.6221 258.743 528.739 770.775 1027.34 1275.78
14.6781 259.735 530.739 773.728 1031.34 1280.78
14.7349 260.735 532.739 776.719 1035.34 1285.73
14.7349 261.735 534.792 779.712 1039.34 1290.69
14.7349 262.731 536.828  782.68 1043.34 1295.69
14.7349 263.729 538.867  785.68  1047.3 1300.69
14.7905 264.724 540.867  788.68 1051.25 1305.69
14.7905 265.724  542.92  791.68 1055.24 1310.64
14.7905 266.724 544.965 794.661 1059.22 1315.64
 14.846 267.726 546.965 797.661 1063.22 1320.59
14.8997 268.694 548.943 800.661 1067.22 1325.59
14.8997 269.694 550.995 803.661 1071.21 1330.54
14.8997 270.694 552.995  806.67 1075.22 1335.52
14.9545 271.688 554.995  809.67 1079.17 1340.52
14.9545 272.688 557.047 812.663 1083.17 1345.48
15.0085 273.688 559.059 815.598 1087.17 1350.48
15.0628  274.68 561.059 818.552 1091.17 1355.48
15.0628 275.678 563.097 821.552 1095.13 1360.48
15.1172 276.672 565.097 824.552 1099.08 1365.48
 15.172 277.672 567.097 827.543 1103.08 1370.43
 15.172 278.682 569.097 830.552 1107.08 1375.41
 15.172 279.682 571.097  833.56 1111.09  1380.4
 15.172 280.687 573.097 836.558 1115.09  1385.4
15.2262 281.689 575.097 839.558 1119.09 1390.34
15.2262 282.689 577.148 842.558 1123.08  1395.3
15.2262 283.695 579.148 845.556 1127.08  1400.3
15.2798 284.695 581.148 848.533 1131.05  1405.3
15.3334 285.695 583.148 851.511 1135.01  1410.3
15.3866 286.687 585.148 854.466 1139.01  1415.3
15.3866 287.687 587.197 857.459 1143.01 1420.26
15.3866 288.692 589.197 860.457 1147.01 1425.26
15.3866  289.69 591.234 863.457 1150.98 1430.26
15.3866  290.69 593.276 866.439 1154.95 1435.26
15.4379  291.66 595.255 869.439 1158.95 1440.26
15.4911  292.66 597.255 872.431 1162.95 1445.21
15.5437  293.66 599.287 875.431 1166.95 1450.13
15.5964  294.66 601.318 878.431 1170.95 1455.04
15.6486  295.66 603.329 881.368 1174.95 1460.04
15.6486  296.66 605.378 884.368 1178.94    1465
15.7006  297.66 607.389 887.305 1182.94    1470
15.7006 298.669 609.389 890.313 1186.94 1474.99
15.7524 299.669   611.4 893.251 1190.94 1479.99
15.8044 300.669 613.417 896.251 1194.87 1484.99
15.8553 301.639 615.396 899.251 1198.87 1489.99
15.8553 302.645 617.396 902.249 1202.87 1494.99
15.8553 303.645 619.396 905.256 1206.88 1499.97
15.9076 304.646 621.396 908.256 1210.88 1504.92
15.9076 305.646 623.437 911.239 1214.85 1509.92
15.9594 306.641 625.437 914.239 1218.81 1514.92
15.9594 307.649 627.437 917.239 1222.82  1519.9
16.0097  308.62 629.416 920.239 1226.82  1524.9
16.0615  309.62 631.416 923.217 1230.79  1529.9
16.1136  310.62 633.416 926.217 1234.78 1534.86
16.1136  311.62 635.464 929.217 1238.77 1539.82
16.1136  312.62 637.511  932.21 1242.77 1544.78
16.1646  313.62 639.528  935.21  1246.7 1549.78
16.1646 314.622 641.572  938.21  1250.7 1554.73
16.1646 315.627 643.572 941.208  1254.7 1559.73
16.1646  316.63 645.616 944.208  1258.7 1564.69
16.1646  317.63 647.662 947.201  1262.7 1569.65
16.1646 318.632 649.706 950.201  1266.7  1574.6
16.1646 319.641 651.706 953.201 1270.71 1579.58
16.2137 320.612 653.686 956.201 1274.71 1584.58
16.2137 321.614  655.73 959.201 1278.71 1589.54
16.2137 322.622  657.73 962.201 1282.71 1594.52
16.2137 323.625 659.773 965.201 1286.71 1599.47
16.2137  324.63 661.773 968.199 1290.71 1604.47
16.2637 325.631 663.773 971.199 1294.71 1609.42
16.3134 326.631 665.803 974.199 1298.71 1614.34
16.3134 327.634 667.846 977.199 1302.71  1619.3
16.3627 328.634 669.863 980.199 1306.64  1624.3
16.3627 329.634 671.909 983.199 1310.64 1629.26
16.4124 330.635 673.909 986.199 1314.64 1634.21
16.4622 331.635 675.909 989.191 1318.64 1639.17
16.4622 332.633 677.943 992.191  1322.6 1644.17
16.4622 333.641 679.943 995.199  1326.6 1649.15
16.4622 334.638 681.974 998.172  1330.6 1654.15
16.5116 335.638 683.974 1001.17 1334.59 1659.11
16.5605 336.638 686.003 1004.17 1338.59 1664.03
16.5605 337.636 688.037 1007.17 1342.56 1669.03
16.6091 338.636 690.053 1010.17  1346.5 1674.03
16.6574 339.636 692.063 1013.11  1350.5 1679.03
16.6574 340.636 694.108 1016.11  1354.5 1683.99
16.6574 341.636 696.146 1019.09 1358.48 1688.99
16.7063 342.637 698.146 1022.09 1362.48 1693.94
16.7063 343.645 700.146  1025.1 1366.48 1698.93
16.7549 344.646 702.146  1028.1 1370.48 1703.88
16.7549 345.651 704.146  1031.1 1374.47 1708.88
16.7549  346.66 706.146  1034.1 1378.47 1713.86
16.7549 347.662 708.188  1037.1 1382.47 1718.82
16.8032 348.663 710.188  1040.1 1386.47 1723.77
16.8032 349.671 712.188  1043.1 1390.48 1728.75
16.8032 350.668 714.218 1046.08 1394.48 1733.75
16.8513 351.668 716.218 1049.07 1398.48 1738.71
16.8513 352.668 718.263 1052.07 1402.47 1743.68
16.8513 353.668 720.263 1055.08 1406.48 1748.66
16.8513 354.673 722.263 1058.08 1410.48 1753.66
16.8513 355.681 724.263 1061.08 1414.49 1758.64
16.8982 356.681 726.279 1064.08 1418.42 1763.64
16.9449 357.681 728.288 1067.02 1422.42 1768.64
16.9449 358.679 730.321 1070.02 1426.39 1773.64
16.9915 359.679  732.33 1072.96 1430.39 1778.64
16.9915 360.679 734.373 1075.96 1434.39 1783.61
17.0387  361.68 736.373 1078.96 1438.39 1788.56
17.0852  362.68 738.383  1081.9 1442.39 1793.56
17.1321  363.68  740.41  1084.9 1446.39 1798.48
17.1794  364.68  742.41  1087.9 1450.38 1803.44
17.2261 365.673  744.41 1090.86 1454.38 1808.44
 17.272 366.646 746.391 1093.86 1458.38 1813.44
 17.272 367.643 748.421 1096.84 1462.38 1818.44
 17.272 368.648 750.421 1099.83 1466.38 1823.44
17.3184 369.648 752.436 1102.83 1470.32 1828.44
17.3184 370.646 754.468 1105.83 1474.29 1833.44
17.3184 371.654 756.468 1108.83  1478.3 1838.43
17.3184 372.656 758.508 1111.83  1482.3 1843.39
17.3184 373.656 760.551 1114.83 1486.29 1848.35
17.3184 374.656 762.593 1117.83 1490.29 1853.32
17.3643 375.648 764.593 1120.79 1494.29 1858.32
17.3643 376.645 766.622 1123.76 1498.29 1863.32
17.4102 377.645 768.649 1126.76 1502.29 1868.24
17.4102 378.653 770.649 1129.77 1506.29 1873.23
17.4561 379.653 772.649 1132.75 1510.26 1878.23
17.5022 380.653 774.649 1135.74 1514.26 1883.19
17.5022 381.653 776.649 1138.75 1518.27 1888.17
17.5482 382.653 778.649 1141.74 1522.27 1893.14
17.5482 383.653 780.691 1144.74 1526.26  1898.1
17.5482 384.653 782.734 1147.74 1530.26 1903.07
17.5932 385.653 784.743 1150.69 1534.26 1908.07
17.5932  386.65 786.771 1153.66 1538.26 1913.07
17.5932 387.652  788.81 1156.66 1542.26 1918.03
17.6384 388.647  790.81 1159.66 1546.22 1923.03
17.6384 389.655  792.81 1162.66 1550.22 1928.01
17.6832 390.655 794.825 1165.66 1554.16 1933.01
17.6832 391.655 796.867 1168.66 1558.16 1937.97
17.7285 392.655 798.867 1171.65 1562.16 1942.94
17.7285 393.655 800.867 1174.65 1566.17 1947.92
17.7285 394.659 802.867 1177.65 1570.17 1952.92
17.7285 395.658 804.897 1180.65 1574.14 1957.92
 17.773  396.65 806.897 1183.62 1578.14 1962.92
 17.773  397.65 808.932  1186.6 1582.12 1967.92
17.8178  398.65 810.932  1189.6 1586.11 1972.89
17.8178  399.65 812.967 1192.59 1590.09 1977.89
17.8178 400.647 814.995 1195.56 1594.09 1982.89
17.8612 401.622 816.978 1198.56 1598.09 1987.89
17.9053 402.615 818.978 1201.52 1602.09 1992.89
17.9053 403.615 821.018 1204.52 1606.09 1997.85
17.9053 404.615 823.018 1207.52  1610.1 2002.84
17.9485 405.589     825 1210.52  1614.1 2007.84
17.9485 406.589     827 1213.53 1618.11 2012.82
17.9485 407.589 829.041 1216.52 1622.11 2017.79
17.9914 408.564 831.023 1219.52 1626.11 2022.79
17.9914 409.566 833.061 1222.52 1630.11 2027.75
17.9914  410.57 835.061 1225.52 1634.11 2032.75
18.0353  411.57 837.061 1228.52  1638.1 2037.71
18.0792 412.571 839.061 1231.52  1642.1 2042.67
18.0792 413.578 841.061 1234.52 1646.11 2047.66
18.1228 414.578 843.061  1237.5 1650.08 2052.66
18.1228  415.58 845.098  1240.5 1654.08 2057.62
18.1663  416.58 847.124  1243.5 1658.08 2062.55
18.1663  417.58 849.124 1246.51 1662.09 2067.53
18.2099  418.58 851.124  1249.5 1666.09  2072.5
18.2099 419.587 853.124  1252.5  1670.1 2077.48
18.2532 420.587 855.124 1255.48 1674.07 2082.48
18.2532 421.587 857.163 1258.48 1678.07 2087.45
18.2532 422.587 859.203 1261.47 1682.07 2092.42
18.2532 423.587 861.203 1264.48 1686.08  2097.4
18.2532 424.594 863.203 1267.48 1690.08 2102.39
18.2963 425.594 865.203 1270.48 1694.07 2107.35
18.2963 426.592 867.232 1273.48 1698.04 2112.35
18.3387 427.592  869.24 1276.43 1702.04 2117.35
18.3805 428.567 871.223 1279.43 1706.04 2122.35
 18.423 429.567 873.237 1282.43 1709.99 2127.35
 18.423 430.567 875.276 1285.43 1713.99 2132.32
18.4659 431.567 877.276 1288.43 1717.98 2137.29
18.5084  432.56 879.276 1291.39 1721.98 2142.29
18.5502 433.536 881.258 1294.39 1725.98 2147.29
 18.593 434.536 883.258 1297.39 1729.98 2152.24
18.6354 435.536 885.272 1300.39 1733.92 2157.24
18.6771 436.512 887.255 1303.39 1737.92 2162.24
18.7197 437.512 889.279 1306.39 1741.92 2167.18
18.7197 438.516 891.279 1309.39 1745.92 2172.18
18.7197 439.523 893.279 1312.39 1749.93 2177.16
18.7197 440.521 895.307 1315.39  1753.9 2182.16
18.7197 441.519 897.336 1318.39 1757.88 2187.16
18.7197  442.52 899.372 1321.39 1761.88 2192.12
18.7197  443.52  901.41 1324.39 1765.87 2197.09
18.7197 444.517 903.436 1327.37 1769.87 2202.09
18.7619 445.518 905.436 1330.37 1773.87 2207.05
18.7619  446.52 907.472 1333.37 1777.87 2212.01
18.7619 447.526 909.472 1336.37 1781.87    2217
18.8037 448.526 911.472 1339.35 1785.84    2222
18.8446 449.502 913.455 1342.35 1789.84    2227
18.8867 450.502 915.455 1345.35 1793.84 2231.96
18.8867 451.509 917.455 1348.35 1797.84 2236.95
18.9285  452.51 919.455 1351.35 1801.84 2241.91
18.9285 453.514 921.455 1354.35 1805.84 2246.91
18.9704 454.514 923.455 1357.35 1809.83 2251.88
19.0122 455.514 925.455 1360.34 1813.83 2256.84
19.0122 456.512 927.483 1363.34 1817.81 2261.84
19.0122 457.512 929.483 1366.35 1821.82 2266.83
19.0537 458.512 931.483 1369.33 1825.79 2271.83
19.0942 459.488 933.466 1372.33 1829.79 2276.83
19.0942 460.485 935.492 1375.31 1833.79 2281.83
19.0942 461.491 937.492 1378.31  1837.8 2286.81
19.0942 462.497 939.492 1381.31 1841.81  2291.8
19.1346 463.474 941.475 1384.31 1845.81  2296.8
19.1756 464.467 943.475 1387.28 1849.81  2301.8
19.2165  465.46 945.475 1390.24 1853.81  2306.8
19.2579  466.46 947.475 1393.23 1857.81 2311.77
19.2993  467.46 949.475 1396.23 1861.81 2316.73
19.3403 468.453 951.475 1399.19 1865.81 2321.73
19.3403 469.459 953.475  1402.2 1869.81 2326.72
19.3816 470.459 955.475 1405.19 1873.81 2331.69
19.3816 471.457 957.502 1408.19 1877.78 2336.69
19.4228 472.457 959.502 1411.19 1881.77 2341.65
19.4228 473.457 961.533 1414.18 1885.76 2346.65
19.4636 474.452 963.533 1417.18 1889.72 2351.65
19.5045 475.452 965.533 1420.16  1893.7 2356.65
19.5045 476.459 967.533 1423.17  1897.7 2361.64
19.5453 477.454 969.533 1426.17 1901.66 2366.64
19.5857 478.454  971.54 1429.12 1905.66 2371.64
19.5857 479.458  973.54 1432.12 1909.66 2376.64
19.5857 480.464  975.54 1435.12 1913.66 2381.63
19.6256 481.441 977.523 1438.12 1917.66 2386.63
 19.666 482.441 979.535 1441.12 1921.61 2391.63
 19.666 483.445 981.535 1444.12  1925.6 2396.63
19.7057 484.421 983.519 1447.12  1929.6 2401.63
19.7057 485.421 985.554 1450.12  1933.6  2406.6
 19.746 486.415 987.554 1453.09  1937.6  2411.6
19.7865 487.415 989.554 1456.07 1941.58  2416.6
 19.827 488.415 991.576 1459.07 1945.58 2421.54
19.8674  489.41 993.576 1462.07 1949.54 2426.54
 19.908  490.41 995.576 1465.07 1953.54  2431.5
 19.908 491.416 997.576 1468.08 1957.54 2436.48
 19.908  492.42 999.576 1471.07 1961.54 2441.48
19.9482  493.42  1001.6 1474.07 1965.54 2446.42
19.9482 494.421 1003.63 1477.07 1969.54 2451.39
19.9482 495.421 1005.67 1480.07 1973.53 2456.36
19.9482 496.419 1007.69 1483.07 1977.51 2461.36
19.9482 497.419 1009.73 1486.07 1981.51 2466.33
19.9879 498.419 1011.73 1489.02 1985.51 2471.33
19.9879 499.425 1013.73 1492.03 1989.51 2476.32
 20.028 500.425 1015.73 1495.03  1993.5 2481.29
 20.028 501.422 1017.76 1498.01  1997.5 2486.29
 20.067   502.4 1019.74 1501.01  2001.5 2491.29
20.1066   503.4 1021.75 1504.01 2005.45 2496.29
20.1066 504.403 1023.75 1507.01 2009.45 2501.29
20.1066 505.401 1025.78 1510.01 2013.42 2506.29
20.1463 506.401 1027.78 1512.99  2017.4 2511.29
20.1463 507.407 1029.78 1515.99  2021.4 2516.27
20.1463 508.407 1031.81 1518.98 2025.38 2521.27
20.1463 509.407 1033.84 1521.97 2029.37 2526.27
20.1857 510.403 1035.84 1524.97 2033.33 2531.27
20.1857 511.404 1037.87 1527.97 2037.33 2536.24
20.1857 512.404  1039.9 1530.96 2041.33 2541.21
20.2252 513.404  1041.9 1533.96 2045.32 2546.18
20.2252  514.41  1043.9 1536.97 2049.32 2551.17
20.2642 515.403  1045.9 1539.94 2053.32 2556.17
20.3035 516.403  1047.9 1542.92  2057.3 2561.17
20.3425 517.397  1049.9 1545.89  2061.3 2566.17
20.3816  518.39  1051.9 1548.86  2065.3 2571.17
20.4207 519.385  1053.9 1551.86 2069.27 2576.17
20.4207 520.385 1055.93 1554.84 2073.25 2581.17
20.4591 521.363 1057.92 1557.84 2077.25 2586.17
20.4984 522.363 1059.92 1560.84 2081.24 2591.14
20.4984 523.363 1061.95 1563.83 2085.22 2596.14
20.4984 524.363 1063.98 1566.83 2089.22 2601.11
20.5371 525.363 1065.99 1569.79 2093.22 2606.11
20.5371 526.363 1067.99 1572.79 2097.22  2611.1
20.5371 527.369 1069.99  1575.8 2101.22 2616.09
20.5758 528.364 1071.99  1578.8 2105.19 2621.09
20.6147 529.364 1073.99 1581.78 2109.17 2626.09
20.6147 530.365 1076.02 1584.78 2113.17 2631.06
20.6147 531.365 1078.05 1587.78 2117.16 2636.03
20.6147 532.363 1080.08 1590.78 2121.14 2641.03
20.6147 533.363  1082.1 1593.77 2125.12 2646.03
20.6147 534.363 1084.14 1596.76 2129.12    2651
20.6147 535.367 1086.14 1599.76 2133.12    2656
20.6531 536.367 1088.14 1602.74  2137.1    2661
20.6531 537.364 1090.16 1605.72  2141.1    2666
20.6531 538.364 1092.19 1608.71 2145.08    2671
20.6531 539.364 1094.22 1611.71 2149.08 2675.97
20.6531 540.364 1096.26  1614.7 2153.08 2680.95
20.6909 541.364 1098.26 1617.66 2157.08 2685.95
20.7283 542.342 1100.25 1620.66 2161.08 2690.95
20.7283 543.342 1102.28 1623.65 2165.06 2695.95
20.7283 544.342  1104.3 1626.64 2169.04 2700.95
20.7283 545.339 1106.33 1629.62 2173.04 2705.95
20.7283 546.339 1108.36 1632.62 2177.04 2710.92
20.7661 547.335 1110.36 1635.62 2181.01 2715.92
20.8036 548.335 1112.37 1638.57 2185.01 2720.92
20.8412 549.335 1114.38 1641.57 2188.96 2725.92
20.8789 550.328 1116.38 1644.54 2192.96 2730.92
20.9168 551.328 1118.38 1647.52 2196.93 2735.92
20.9168 552.326  1120.4  1650.5 2200.93 2740.92
20.9168 553.331  1122.4  1653.5 2204.94 2745.91
20.9547 554.331  1124.4  1656.5 2208.94 2750.88
20.9547 555.331 1126.43 1659.48 2212.92 2755.88
20.9916 556.309 1128.41 1662.48 2216.92 2760.88
20.9916 557.309 1130.41 1665.49 2220.93 2765.87
21.0293 558.309 1132.41 1668.48 2224.93 2770.84
21.0293 559.309 1134.41 1671.49 2228.94 2775.83
21.0669 560.309 1136.41 1674.49 2232.94 2780.79
21.1046 561.309 1138.41 1677.48 2236.94 2785.76
21.1422 562.309 1140.41 1680.48 2240.94 2790.72
21.1422 563.309 1142.45 1683.47 2244.94 2795.69
21.1794 564.309 1144.46 1686.47 2248.89 2800.69
21.2167 565.309 1146.48 1689.47 2252.89 2805.64
21.2167 566.309 1148.51 1692.47 2256.88 2810.61
21.2542 567.309 1150.51 1695.47 2260.88 2815.57
21.2542 568.309 1152.54 1698.47 2264.88 2820.55
21.2542  569.31 1154.57 1701.47 2268.88 2825.51
21.2913 570.304 1156.57 1704.44 2272.88 2830.51
21.3287 571.304 1158.57 1707.44 2276.87 2835.49
21.3287 572.309 1160.57 1710.45 2280.87 2840.48
 21.366 573.309 1162.57 1713.45 2284.87 2845.44
21.4031 574.309 1164.59 1716.45 2288.87 2850.38
21.4404 575.309 1166.59 1719.44 2292.87 2855.35
21.4775 576.309 1168.61 1722.44 2296.87 2860.29
21.5144 577.309 1170.62  1725.4 2300.87 2865.29
21.5515 578.309 1172.64  1728.4 2304.87 2870.24
21.5888 579.309 1174.64 1731.39 2308.87 2875.21
21.6257 580.309 1176.64 1734.35 2312.87 2880.21
21.6628 581.309 1178.66 1737.35 2316.87 2885.15
21.6628 582.309 1180.69 1740.34 2320.87 2890.12
21.6998 583.304 1182.69 1743.34 2324.84 2895.12
21.6998  584.31 1184.69 1746.35 2328.84 2900.11
21.6998  585.31 1186.72 1749.33 2332.82 2905.11
21.6998 586.315 1188.72 1752.34 2336.82  2910.1
21.6998 587.316 1190.75 1755.34 2340.82 2915.07
21.6998 588.316 1192.78 1758.34 2344.82 2920.05
21.6998 589.317 1194.81 1761.34 2348.82 2925.02
21.7364 590.317 1196.82 1764.34 2352.77 2930.02
21.7732 591.317 1198.82 1767.34 2356.77 2934.98
21.8096 592.317 1200.83  1770.3 2360.77 2939.98
21.8096 593.317 1202.86  1773.3 2364.76 2944.95
21.8096 594.317 1204.86  1776.3 2368.77 2949.94
21.8462 595.317 1206.86 1779.28 2372.75 2954.94
21.8462 596.322 1208.86 1782.28 2376.75 2959.93
21.8829 597.322 1210.86 1785.28 2380.75  2964.9
21.9188 598.302 1212.85 1788.28 2384.75  2969.9
21.9552 599.295 1214.85 1791.25 2388.75  2974.9
21.9918 600.295 1216.85 1794.25 2392.75 2979.87
21.9918 601.293 1218.87 1797.25 2396.72 2984.87
21.9918 602.294  1220.9 1800.25 2400.72 2989.84
21.9918 603.298  1222.9 1803.25 2404.72 2994.84
22.0275 604.277 1224.88 1806.25 2408.72 2999.84
22.0275 605.282 1226.88 1809.25 2412.73 3004.83
22.0638 606.282  1228.9 1812.25 2416.73 3009.77
22.1002 607.282  1230.9 1815.25 2420.73 3014.73
22.1364 608.277  1232.9 1818.25  2424.7 3019.73
22.1727 609.277  1234.9 1821.24 2428.68 3024.73
22.2091 610.277  1236.9 1824.22 2432.66 3029.73
22.2091 611.282  1238.9 1827.23 2436.66 3034.72
22.2091 612.282  1240.9 1830.23 2440.66 3039.71
22.2091 613.281 1242.93 1833.23 2444.64 3044.71
22.2453 614.281 1244.93 1836.23 2448.63 3049.69
22.2816 615.281 1246.93 1839.23 2452.62 3054.66
22.3175 616.281 1248.94 1842.23 2456.58 3059.66
22.3537 617.281 1250.94 1845.21 2460.56 3064.66
22.3899 618.281 1252.94 1848.21 2464.56 3069.63
22.4258 619.281 1254.94 1851.17 2468.56 3074.63
22.4258 620.281 1256.97 1854.15 2472.54 3079.63
22.4258 621.281    1259 1857.15 2476.54  3084.6
22.4258 622.285    1261 1860.15 2480.54 3089.59
22.4258 623.287 1263.03 1863.15 2484.54 3094.56
22.4258 624.288 1265.05 1866.15 2488.54 3099.53
22.4258 625.286 1267.08 1869.15 2492.52 3104.53
22.4258 626.286 1269.11 1872.15 2496.52 3109.51
22.4258 627.286 1271.14 1875.15 2500.52 3114.48
22.4258 628.286 1273.14 1878.15 2504.52 3119.47
22.4258 629.291 1275.14 1881.16 2508.52 3124.46
22.4258 630.289 1277.16 1884.16  2512.5 3129.46
22.4258 631.292 1279.16 1887.16  2516.5 3134.46
22.4258 632.297 1281.16 1890.16 2520.51 3139.45
22.4258 633.298 1283.19 1893.16 2524.51 3144.42
22.4611 634.298 1285.19 1896.14 2528.49 3149.42
22.4962 635.298  1287.2  1899.1 2532.49 3154.42
22.4962 636.296 1289.22  1902.1 2536.47 3159.42
22.5316 637.296 1291.22  1905.1 2540.46  3164.4
22.5668 638.296 1293.24  1908.1 2544.46 3169.34
22.6022 639.296 1295.24  1911.1 2548.46 3174.31
22.6376 640.296 1297.24 1914.09 2552.46 3179.28
22.6728 641.296 1299.25 1917.09 2556.46 3184.22
 22.708 642.292 1301.25 1920.09 2560.43 3189.22
22.7433 643.292 1303.25 1923.08 2564.41 3194.22
22.7433 644.297 1305.25 1926.08 2568.41 3199.21
22.7433 645.298 1307.28 1929.08 2572.41 3204.19
22.7784 646.298  1309.3 1932.08 2576.41 3209.13
22.7784 647.298 1311.33 1935.07 2580.41 3214.11
22.7784 648.298 1313.36 1938.06  2584.4 3219.11
22.7784 649.298 1315.36 1941.07  2588.4  3224.1
22.7784 650.303 1317.36 1944.07 2592.41 3229.09
22.8131 651.303 1319.36 1947.03 2596.41 3234.09
22.8131 652.303 1321.39 1950.02 2600.41 3239.06
22.8131 653.306 1323.39 1953.02 2604.41 3244.06
22.8477 654.306  1325.4 1956.02 2608.36 3249.06
22.8826 655.306  1327.4 1959.01 2612.34 3254.06
22.9174 656.306 1329.42 1962.01 2616.34 3259.01
22.9516 657.286  1331.4 1965.01 2620.34 3264.01
22.9865 658.286  1333.4 1968.01 2624.34 3268.97
22.9865 659.286 1335.43    1971 2628.34 3273.95
22.9865 660.289 1337.43    1974 2632.34 3278.95
22.9865 661.289 1339.46    1977 2636.34 3283.92
23.0213 662.289 1341.46    1980 2640.33  3288.9
23.0213 663.292 1343.46    1983 2644.33  3293.9
23.0213 664.292 1345.49 1985.99 2648.33 3298.87
23.0213 665.292 1347.52 1988.98 2652.31 3303.87
 23.056 666.292 1349.52 1991.98 2656.31 3308.85
23.0903 667.292 1351.53 1994.98 2660.26 3313.85
 23.125 668.292 1353.53 1997.97 2664.26 3318.82
23.1594 669.292 1355.55 2000.97 2668.26 3323.77
23.1594 670.292 1357.58 2003.97 2672.26 3328.74
23.1594 671.295 1359.58 2006.97 2676.26 3333.74
 23.194 672.295 1361.58 2009.97 2680.26 3338.71
23.2285 673.295 1363.58 2012.97 2684.25 3343.69
23.2629 674.295 1365.59 2015.97 2688.25 3348.63
23.2629   675.3 1367.59 2018.97 2692.25 3353.63
 23.297   676.3  1369.6 2021.93 2696.25 3358.63
 23.297 677.303  1371.6 2024.93 2700.25 3363.63
23.3307 678.283 1373.58 2027.93 2704.25 3368.63
23.3652 679.283 1375.58 2030.93 2708.24  3373.6
23.3995 680.283 1377.58 2033.92 2712.22  3378.6
23.3995 681.283 1379.61  2036.9 2716.21  3383.6
23.3995 682.283 1381.64  2039.9  2720.2 3388.58
23.4337 683.279 1383.64  2042.9 2724.17 3393.58
23.4337 684.276 1385.66 2045.89 2728.17 3398.58
23.4337 685.281 1387.66 2048.89 2732.18 3403.56
23.4679 686.281 1389.66 2051.88 2736.18 3408.54
23.4679 687.281 1391.68 2054.87 2740.16 3413.54
23.4679 688.279  1393.7 2057.87 2744.14 3418.54
23.4679 689.279 1395.73 2060.87 2748.14 3423.51
23.5019 690.279 1397.73 2063.87 2752.14 3428.48
23.5019 691.279 1399.76 2066.85 2756.13 3433.48
23.5357 692.273 1401.76 2069.83 2760.13 3438.48
23.5357 693.274 1403.78 2072.83 2764.13 3443.45
23.5357 694.275 1405.81 2075.83 2768.13 3448.42
23.5696 695.275 1407.81 2078.81 2772.11 3453.42
23.5696 696.273 1409.83 2081.79 2776.11 3458.42
23.5696 697.276 1411.83 2084.79 2780.11 3463.42
23.6033 698.272 1413.83 2087.79 2784.08 3468.42
23.6367 699.272 1415.84 2090.75 2788.08 3473.42
23.6367 700.276 1417.84 2093.75 2792.08 3478.41
23.6367 701.276 1419.86 2096.75 2796.08 3483.39
23.6367 702.279 1421.86 2099.75 2800.08 3488.39
23.6701 703.279 1423.87 2102.75 2804.04 3493.39
23.7038 704.279 1425.87 2105.74 2808.04 3498.36
23.7038 705.284 1427.87 2108.74 2812.04 3503.35
23.7371 706.284 1429.88  2111.7 2816.04 3508.35
23.7371 707.284 1431.91  2114.7 2820.04 3513.33
23.7371 708.284 1433.94  2117.7 2824.04 3518.31
23.7371 709.282 1435.96  2120.7 2828.02 3523.31
23.7371 710.282 1437.98 2123.69 2832.01 3528.31
23.7371 711.282 1440.01 2126.68 2836.01 3533.28
23.7699 712.263    1442 2129.68 2840.01 3538.28
23.7699 713.268    1444 2132.68 2844.01 3543.27
 23.803 714.262    1446 2135.66 2848.01 3548.27
23.8363 715.262    1448 2138.66 2852.01 3553.24
23.8363 716.266    1450 2141.66 2856.01 3558.23
23.8363 717.264 1452.01 2144.64 2860.01 3563.23
23.8363 718.264 1454.01 2147.65 2864.02 3568.22
23.8363 719.268 1456.01 2150.65 2868.02 3573.21
23.8694 720.268 1458.01 2153.63    2872 3578.21
23.9024 721.264 1460.01 2156.63 2875.98 3583.21
23.9352 722.264 1462.02 2159.59 2879.98 3588.21
23.9352 723.264 1464.04 2162.58 2883.96 3593.21
 23.968 724.264 1466.05 2165.55 2887.96 3598.21
 23.968 725.264 1468.07 2168.53 2891.95 3603.21
 23.968 726.263 1470.09 2171.53 2895.93 3608.21
 23.968 727.266 1472.09 2174.53 2899.93 3613.21
 23.968 728.264 1474.11 2177.53 2903.91 3618.21
24.0009 729.264 1476.11 2180.53 2907.91 3623.18
24.0009 730.267 1478.11 2183.53 2911.91 3628.18
24.0009 731.271 1480.11 2186.54 2915.91 3633.17
24.0009 732.272 1482.14 2189.54 2919.91 3638.14
24.0009 733.272 1484.14 2192.54 2923.91 3643.13
24.0336 734.272 1486.14 2195.54 2927.91  3648.1
24.0661 735.272 1488.15  2198.5 2931.91  3653.1
24.0661 736.277 1490.15 2201.51 2935.91 3658.09
24.0661 737.274 1492.16 2204.49 2939.91 3663.09
24.0661 738.274 1494.19 2207.49 2943.91 3668.07
24.0987 739.274 1496.19 2210.49  2947.9 3673.05
24.0987 740.274 1498.22 2213.48  2951.9 3678.02
24.0987 741.275 1500.25 2216.48  2955.9    3683
24.0987 742.275 1502.25 2219.49 2959.91 3687.99
24.0987  743.28 1504.25 2222.49 2963.91 3692.98
24.0987 744.281 1506.27 2225.49 2967.91 3697.95
24.0987 745.278 1508.29 2228.47 2971.91 3702.95
24.0987 746.278 1510.32 2231.47 2975.91 3707.93
24.1304  747.26  1512.3 2234.47 2979.91 3712.93
24.1625  748.26 1514.31 2237.47 2983.87 3717.93
24.1625 749.264 1516.31 2240.47 2987.88 3722.92
24.1625 750.264 1518.34 2243.47 2991.87  3727.9
24.1941 751.246 1520.33 2246.47 2995.87  3732.9
24.2261 752.246 1522.34 2249.47 2999.83  3737.9
24.2261 753.246 1524.36 2252.46 3003.83 3742.87
24.2261 754.246 1526.36 2255.47 3007.84 3747.86
24.2261 755.247 1528.39 2258.47 3011.84 3752.84
 24.258 756.243 1530.39 2261.47 3015.81 3757.84
24.2899 757.237 1532.39 2264.44 3019.81 3762.84
24.2899 758.237 1534.42 2267.43 3023.81 3767.81
24.2899 759.242 1536.42 2270.43 3027.81 3772.81
24.3219 760.242 1538.42 2273.43 3031.81 3777.78
24.3219 761.246 1540.42 2276.43 3035.81 3782.77
24.3219 762.251 1542.42 2279.44 3039.81 3787.76
24.3537 763.247 1544.42 2282.44 3043.78 3792.76
24.3537 764.251 1546.42 2285.44 3047.79 3797.75
24.3855 765.251 1548.42 2288.42 3051.77 3802.75
24.3855 766.251 1550.42 2291.43 3055.78 3807.74
24.4171 767.251 1552.43 2294.43 3059.74 3812.74
24.4489 768.251 1554.43 2297.41 3063.72 3817.74
24.4489 769.251 1556.45 2300.41 3067.72 3822.72
24.4489 770.251 1558.45 2303.41 3071.72 3827.71
24.4805 771.251 1560.47 2306.41 3075.72 3832.67
24.4805 772.251 1562.49  2309.4 3079.71 3837.67
24.4805 773.251 1564.52  2312.4 3083.71 3842.64
24.5122 774.251 1566.52  2315.4 3087.71 3847.61
24.5437 775.245 1568.52 2318.37 3091.71 3852.61
24.5437 776.245 1570.54 2321.36 3095.69 3857.61
24.5437 777.248 1572.54 2324.36 3099.69 3862.61
24.5437 778.246 1574.56 2327.36 3103.67 3867.61
24.5437 779.246 1576.59 2330.36 3107.67 3872.59
24.5437 780.246 1578.61 2333.35 3111.66 3877.59
24.5752 781.246 1580.61 2336.35 3115.65 3882.57
24.6067 782.246 1582.61 2339.34 3119.65 3887.54
24.6379 783.246 1584.62 2342.34 3123.61 3892.54
24.6693 784.246 1586.62 2345.34 3127.61 3897.51
24.6693 785.246 1588.65 2348.34 3131.61 3902.49
24.7002 786.228 1590.63 2351.34 3135.61 3907.49
24.7311 787.211 1592.62 2354.34 3139.61 3912.49
24.7311 788.211 1594.65 2357.34 3143.61 3917.47
24.7311 789.211 1596.67 2360.33  3147.6 3922.47
24.7311 790.211 1598.69 2363.33  3151.6 3927.44
24.7311 791.216 1600.69 2366.33  3155.6 3932.43
24.7311 792.214 1602.71 2369.33 3159.58 3937.43
24.7621 793.209 1604.71 2372.31 3163.58 3942.43
24.7928 794.191  1606.7 2375.31 3167.58 3947.43
24.7928 795.192 1608.73 2378.31 3171.58 3952.41
24.7928 796.196 1610.73 2381.31 3175.58  3957.4
24.7928 797.198 1612.73  2384.3 3179.58  3962.4
24.8236 798.198 1614.73 2387.27 3183.58  3967.4
24.8236 799.201 1616.73 2390.27 3187.58  3972.4
24.8546 800.201 1618.73 2393.27 3191.58 3977.37
24.8546 801.201 1620.75 2396.26 3195.57 3982.37
24.8546 802.205 1622.75 2399.26 3199.57 3987.36
24.8546 803.203 1624.77 2402.24 3203.57 3992.36
24.8854 804.203 1626.78 2405.24 3207.53 3997.36
24.9161 805.197 1628.78 2408.22 3211.53 4002.36
24.9161 806.197  1630.8 2411.21 3215.52 4007.36
 24.947 807.197  1632.8 2414.19  3219.5 4012.36
 24.947 808.197  1634.8  2417.2 3223.51 4017.35
24.9779 809.197  1636.8  2420.2  3227.5 4022.33
25.0087 810.197  1638.8 2423.18 3231.48 4027.33
25.0395 811.197 1640.82 2426.18 3235.48 4032.28
25.0395 812.197 1642.84 2429.18 3239.48 4037.26
  25.07 813.197 1644.85 2432.14 3243.48 4042.26
  25.07   814.2 1646.85 2435.14 3247.48 4047.26
25.1006   815.2 1648.86 2438.14 3251.44 4052.26
25.1314   816.2 1650.86 2441.14 3255.44 4057.23
25.1314   817.2 1652.88 2444.14 3259.44 4062.21
25.1622   818.2 1654.88 2447.13 3263.44 4067.19
25.1622   819.2 1656.91 2450.13 3267.44 4072.17
25.1622 820.198 1658.93 2453.11 3271.44 4077.17
25.1928 821.198 1660.94 2456.11 3275.44 4082.12
25.1928 822.202 1662.94 2459.11 3279.44 4087.11
25.2232 823.202 1664.95 2462.07 3283.44 4092.11
25.2535 824.202 1666.95 2465.04 3287.44 4097.11
25.2841 825.202 1668.95 2468.03 3291.42 4102.11
25.2841 826.202 1670.95 2471.03 3295.43  4107.1
25.2841 827.199 1672.97 2474.01 3299.43  4112.1
25.3147 828.199 1674.97 2477.01 3303.42 4117.08
25.3147 829.202 1676.97 2480.01 3307.42 4122.08
25.3147 830.206 1678.97 2483.01 3311.43 4127.07
25.3447 831.189 1680.96 2486.01 3315.43 4132.07
 25.375 832.183 1682.96 2488.99 3319.43 4137.07
 25.375 833.187 1684.96 2491.99 3323.43 4142.06
25.4055 834.187 1686.96 2494.99 3327.42 4147.04
25.4055 835.185 1688.98 2497.97 3331.42 4152.04
25.4055 836.185    1691 2500.96 3335.41 4157.04
25.4055 837.185    1693 2503.96 3339.42 4162.03
25.4358 838.185    1695 2506.95  3343.4 4167.03
25.4662 839.185    1697 2509.94  3347.4 4172.01
25.4964 840.185 1699.01 2512.94  3351.4 4176.96
25.5268 841.185 1701.01 2515.94  3355.4 4181.94
25.5268 842.186 1703.04 2518.94  3359.4 4186.91
25.5572 843.186 1705.04 2521.94 3363.39 4191.89
25.5873 844.182 1707.04 2524.94 3367.37 4196.89
25.6175 845.178 1709.04 2527.94 3371.34 4201.89
25.6175 846.178 1711.06 2530.93 3375.33 4206.89
25.6175 847.176 1713.08 2533.91 3379.33 4211.89
25.6175 848.177  1715.1 2536.91 3383.33 4216.86
25.6175 849.181  1717.1 2539.91 3387.33 4221.86
25.6175 850.181 1719.12 2542.91 3391.33 4226.84
25.6477 851.181 1721.12  2545.9 3395.33 4231.81
25.6776 852.181 1723.13 2548.87 3399.33 4236.81
25.7075 853.181 1725.14 2551.87  3403.3 4241.81
25.7075 854.179 1727.16 2554.87 3407.28 4246.81
25.7374 855.174 1729.16 2557.84 3411.28 4251.81
25.7374 856.178 1731.16 2560.85 3415.28  4256.8
25.7374 857.179 1733.18 2563.85 3419.28 4261.78
25.7674 858.175 1735.18 2566.85 3423.25 4266.78
25.7969 859.158 1737.17 2569.85 3427.25 4271.78
25.7969 860.162 1739.17 2572.85 3431.26 4276.77
25.7969  861.16 1741.19 2575.85 3435.24 4281.77
25.7969 862.159  1743.2 2578.85 3439.22 4286.77
25.8268 863.159  1745.2 2581.85 3443.22 4291.75
25.8567 864.159  1747.2 2584.83  3447.2 4296.75
25.8866 865.159  1749.2 2587.83  3451.2 4301.72
25.9165 866.159 1751.22 2590.83  3455.2 4306.68
25.9165 867.157 1753.24 2593.81  3459.2 4311.68
25.9165 868.157 1755.26 2596.81  3463.2 4316.66
25.9462 869.157 1757.28 2599.81  3467.2 4321.61
25.9462 870.157 1759.28 2602.81  3471.2  4326.6
25.9462 871.161 1761.28 2605.81 3475.21 4331.59
25.9758 872.156 1763.28 2608.79 3479.21 4336.59
25.9758 873.157  1765.3 2611.79 3483.21 4341.57
25.9758 874.161  1767.3 2614.79 3487.21 4346.56
25.9758 875.163  1769.3 2617.79 3491.21 4351.56
25.9758 876.163  1771.3  2620.8 3495.21 4356.55
25.9758 877.161 1773.32 2623.78 3499.21 4361.55
25.9758 878.161 1775.34 2626.78 3503.21 4366.53
26.0053 879.158 1777.34 2629.78 3507.19 4371.53
26.0053 880.158 1779.37 2632.77 3511.19 4376.51
26.0347 881.158 1781.37 2635.77 3515.15 4381.51
26.0347 882.162 1783.37 2638.77 3519.15 4386.51
26.0347 883.162  1785.4 2641.77 3523.15 4391.48
26.0347  884.16 1787.41 2644.76 3527.15 4396.48
 26.064 885.156 1789.41 2647.76 3531.12 4401.48
26.0932 886.156 1791.42 2650.73 3535.12 4406.48
26.0932 887.154 1793.44 2653.71 3539.12 4411.48
26.1224 888.154 1795.44 2656.71 3543.09 4416.48
26.1224 889.154 1797.47 2659.71 3547.09 4421.46
26.1224 890.154 1799.49 2662.71 3551.08 4426.44
26.1515 891.154  1801.5 2665.67 3555.08 4431.44
26.1808 892.154  1803.5 2668.66 3559.06 4436.44
26.1808 893.158  1805.5 2671.66 3563.07 4441.43
26.1808 894.159 1807.52 2674.66 3567.07 4446.41
26.2096 895.142 1809.51 2677.66 3571.07 4451.41
26.2388 896.142 1811.52 2680.66 3575.07 4456.37
 26.268 897.142 1813.54 2683.66 3579.07 4461.32
26.2971 898.138 1815.54 2686.66 3583.04 4466.32
26.2971 899.142 1817.54 2689.66 3587.05 4471.32
26.3263 900.142 1819.54 2692.65 3591.03 4476.32
26.3556 901.142 1821.54 2695.65 3595.03 4481.29
26.3848 902.139 1823.54 2698.65    3599 4486.29
26.3848 903.141 1825.54 2701.65    3603 4491.29
26.3848 904.141 1827.56 2704.65 3606.99 4496.27
26.3848 905.143 1829.56 2707.64 3610.99 4501.27
26.3848 906.147 1831.56 2710.65 3614.99 4506.27
26.3848 907.151 1833.56 2713.65    3619 4511.26
26.3848 908.155 1835.56 2716.65    3623 4516.25
26.4138 909.155 1837.56 2719.63 3626.99 4521.25
26.4428 910.155 1839.56 2722.62 3630.97 4526.25
26.4717 911.151 1841.56 2725.62 3634.94 4531.25
26.4717 912.151 1843.58 2728.61 3638.93 4536.25
26.4717 913.151 1845.61 2731.61 3642.93 4541.23
26.4717 914.151 1847.63 2734.61 3646.92 4546.21
26.4717 915.151 1849.65 2737.61 3650.92 4551.19
26.4717 916.152 1851.68 2740.61 3654.92 4556.17
26.5006 917.152 1853.68 2743.61 3658.92 4561.14
26.5006 918.152  1855.7  2746.6 3662.92 4566.13
26.5006 919.156  1857.7  2749.6 3666.92 4571.12
26.5294 920.156  1859.7 2752.59 3670.91 4576.12
26.5294  921.16  1861.7 2755.59 3674.91 4581.11
26.5294  922.16 1863.72 2758.58  3678.9 4586.11
26.5294  923.16 1865.74 2761.58  3682.9 4591.09
26.5294  924.16 1867.74 2764.59  3686.9 4596.08
 26.558  925.16 1869.76 2767.59  3690.9 4601.04
26.5866  926.16 1871.77 2770.59 3694.86 4606.04
26.5866 927.164 1873.77 2773.59 3698.86 4611.03
26.5866 928.164 1875.79 2776.59 3702.86 4616.01
26.6152 929.164 1877.79 2779.57 3706.85 4621.01
26.6152 930.167 1879.79 2782.57 3710.85 4626.01
26.6152 931.169 1881.79 2785.57 3714.85 4631.01
26.6152 932.168 1883.81 2788.57 3718.83 4636.01
26.6152  933.17 1885.81 2791.57 3722.83 4641.01
26.6152  934.17 1887.83 2794.56 3726.83 4645.99
26.6152 935.171 1889.85 2797.56 3730.83 4650.97
26.6435 936.171 1891.87 2800.56 3734.83 4655.92
26.6719 937.171 1893.88 2803.56 3738.83 4660.88
26.7003 938.171  1895.9 2806.56 3742.83 4665.84
26.7003 939.171  1897.9 2809.57 3746.83 4670.83
26.7003 940.171 1899.92 2812.56 3750.82 4675.83
26.7287 941.171 1901.92 2815.55 3754.82 4680.81
 26.757 942.171 1903.93 2818.55 3758.82 4685.77
26.7853 943.167 1905.93 2821.55  3762.8 4690.77
26.7853 944.169 1907.93 2824.55  3766.8 4695.77
26.8132 945.153 1909.92 2827.55  3770.8 4700.77
26.8416 946.153 1911.92 2830.55  3774.8 4705.74
26.8695 947.137 1913.91 2833.55  3778.8 4710.74
26.8695 948.137 1915.93 2836.54 3782.79 4715.74
26.8977 949.137 1917.94 2839.54 3786.79  4720.7
26.8977 950.135 1919.96 2842.54 3790.77  4725.7
26.8977 951.139 1921.96 2845.55 3794.77 4730.69
26.9258 952.139 1923.97 2848.55 3798.73 4735.69
26.9537 953.123 1925.96 2851.55 3802.73 4740.69
26.9537 954.122 1927.97 2854.55 3806.72 4745.69
26.9819 955.122 1929.97 2857.55 3810.71 4750.67
26.9819 956.126 1931.97 2860.55 3814.71 4755.66
  27.01 957.126 1933.98 2863.55 3818.67 4760.66
  27.01 958.129 1935.98 2866.55 3822.67 4765.65
  27.01 959.133 1937.98 2869.55 3826.67 4770.65
 27.038  960.13 1939.98 2872.55 3830.65 4775.65
27.0661 961.126 1941.98 2875.55 3834.63 4780.65
 27.094 962.126 1943.99 2878.52 3838.63 4785.65
 27.094  963.13 1945.99 2881.53 3842.63 4790.64
 27.094 964.131 1948.01 2884.53 3846.63 4795.62
 27.094 965.131 1950.01 2887.53 3850.63 4800.61
 27.094 966.133 1952.01 2890.53 3854.63 4805.61
 27.094 967.133 1954.03 2893.52 3858.63 4810.59
27.1218 968.133 1956.04 2896.49 3862.63 4815.59
27.1496 969.133 1958.04 2899.46 3866.63 4820.59
27.1775 970.129 1960.04 2902.46  3870.6 4825.59
27.1775  971.13 1962.06 2905.46  3874.6 4830.57
27.1775 972.134 1964.06 2908.46  3878.6 4835.56
27.2053 973.134 1966.07 2911.46 3882.57 4840.56
27.2328 974.118 1968.06 2914.46 3886.57 4845.56
27.2328 975.118 1970.08 2917.46 3890.57 4850.54
27.2608 976.118 1972.08 2920.46 3894.56 4855.52
27.2608 977.117  1974.1 2923.46 3898.55 4860.52
27.2608  978.12  1976.1 2926.46 3902.55 4865.51
27.2884  979.12  1978.1 2929.43 3906.55 4870.51
27.2884 980.124  1980.1 2932.43 3910.55 4875.51
27.3163 981.124  1982.1 2935.43 3914.55 4880.48
27.3163 982.126  1984.1 2938.43 3918.55 4885.48
27.3163 983.129  1986.1 2941.42 3922.54 4890.48
27.3163 984.127 1988.12 2944.42 3926.53 4895.48
27.3163 985.129 1990.12 2947.42 3930.53 4900.48
27.3439 986.126 1992.12 2950.42  3934.5 4905.48
27.3717 987.126 1994.12 2953.42  3938.5 4910.46
27.3717 988.127 1996.14 2956.42  3942.5 4915.44
27.3717 989.127 1998.14 2959.42 3946.51 4920.43
27.3717 990.129 2000.14 2962.42 3950.51 4925.43
27.3991 991.129 2002.15 2965.39 3954.51 4930.43
27.4268 992.129 2004.15 2968.39  3958.5 4935.41
27.4268 993.129 2006.17 2971.38 3962.49 4940.41
27.4544 994.129 2008.17 2974.38 3966.49 4945.38
27.4544 995.129 2010.19 2977.38 3970.49 4950.37
27.4544 996.129 2012.19 2980.38 3974.49 4955.36
 27.482 997.129 2014.19 2983.38 3978.48 4960.34
 27.482 998.127 2016.21 2986.38 3982.47 4965.34
27.5094 999.124 2018.21 2989.38 3986.44 4970.34
27.5368 1000.12 2020.22 2992.38 3990.44  4975.3