      3       2       3       4       3       6
      3 3.33333       5 6.66667       7      11
4.10526 4.33333 6.84211 9.66667      11 15.0526
4.10526 5.70121 9.00192 12.6667 14.4723 20.0526
4.97188 6.70121 10.9022 15.6667 18.4723 24.2857
5.76005 7.70121 12.6305 18.1502 22.4723 29.2857
6.62935 8.70121 14.6305 20.8894 25.8638 34.2857
7.49865 9.70121 16.6305 23.6286 29.2553 39.2857
8.30573 10.7454 18.6305 26.6286 32.4041 44.2857
9.18521 11.7454 20.6305 29.6286 35.8353  48.975
10.0647 12.7454 22.6305 32.6286 39.2665 53.6644
10.8543 13.7453 24.6305 35.6286 43.2665 57.8747
11.6682 14.7453 26.4773 38.6286 47.2665 62.2141
12.4878 15.7453 28.3372 41.6286 50.5868 67.2141
12.4878 16.9243 30.3372 44.6286 54.3748 72.2472
13.2475 17.9243 32.1827 47.6286 58.3748  76.642
13.2475 19.0963 34.1827 50.6286 62.1916 81.6533
13.8449 19.9575 35.7241 53.6286 66.1916 86.6533
14.5625 20.9575 37.5758 56.6286 69.6224 91.6533
14.5625 22.0738 39.5773 59.6286 73.6224 96.5354
14.5625 23.0738 41.5992 62.6749 77.6224 101.467
15.1942 24.0748 43.5992 65.6749 80.9897 106.467
15.8464 25.0748 45.4707 68.6749 84.4661 111.467
16.5028 26.0748 47.4707 71.5197 87.9649 116.467
17.1118 27.0748 49.2224 74.1589 91.9649 121.467
17.1118   28.17 51.2136 77.1589 95.9649 126.381
17.1118 29.2896 53.2136 80.2254 99.7788 131.381
17.1118 30.4141 55.2136 83.2254  103.61 136.425
17.7107 31.4141 57.2136 86.2254 107.236   141.2
17.7107 32.5367 59.2136 89.2254 111.068 146.246
18.2186 33.4698 61.2136 91.7844 115.068 151.246
18.2186 34.5468 63.1833 94.7377 119.068 156.246
18.7358 35.5468 64.9768  97.427 123.068 161.246
19.2922 36.5468 66.9768 100.427 126.723 166.034
19.2922 37.5468 68.9768 103.492 130.591 171.102
19.2922 38.6526 70.9768  106.54 134.437 176.102
19.7824 39.6526   72.78 109.247 138.437 181.102
19.7824 40.7258 74.7499 112.204 142.437 186.102
20.2799 41.7258 76.7499 115.026 146.437 190.782
20.2799 42.8052 78.7353 118.026 150.437 195.717
20.2799 43.8773 80.7072 120.982 154.437 200.717
 20.718 44.8253 82.7072 123.595 158.437 205.717
 20.718 45.9213 84.7072 126.595 162.311 210.747
21.1767 46.9213 86.5826 129.595 166.311 215.413
21.1767 47.9213 88.5888 132.598 170.311 220.404
21.1767 48.9213 90.5888 135.639 174.216 225.458
21.6245 49.9213 92.5888 138.507   177.9 230.458
21.6245 50.9872 94.5656 141.464   181.9 235.458
22.0126 51.9021 96.2626 144.464   185.9 240.458
22.0126 52.9021 98.2626 147.501 189.808 245.513
22.0126  53.969 100.244 150.501 193.808 250.465
22.0126 55.0359 102.226 153.501 197.808 255.416
22.0126 56.1028 104.208 156.501 201.808 260.368
22.0126 57.1859 106.208 159.522 205.704 265.368
22.4081 58.1859 108.116 162.522   209.4 270.368
22.7643 59.1109 109.835 165.522   213.4 275.368
23.1549 60.1109 111.719 168.522   217.4 280.092
23.5365 61.1109 113.561   171.3   221.4 285.092
23.9289 62.1109 115.561 174.155   225.4 289.845
23.9289 63.1701 117.531 177.125   229.4 294.845
24.2797 64.0962 119.254 180.125   233.4 299.845
24.2797 65.1574 121.229 183.125   237.4 304.809
24.2797 66.2302 123.229 186.125 241.309 309.828
24.6205 67.1598 124.958 189.125 245.309 314.828
24.9959 68.1598 126.958 192.009 249.049 319.828
25.3747 69.1598 128.958 195.009 252.824 324.674
25.7471 70.1598 130.958 197.871 256.824  329.44
25.7471 71.1598 132.958 200.899 260.754 334.481
25.7471  72.214 134.928 203.875 264.754 339.481
25.7471  73.214 136.928 206.903 268.685 344.523
25.7471 74.2673 138.898  209.88 272.685 349.523
25.7471 75.3206 140.868 212.856 276.685 354.523
25.7471 76.3867 142.868 215.856 280.601  359.54
26.0951 77.3867 144.868 218.856 284.394   364.4
26.4402 78.3867 146.868  221.75 288.155   369.4
26.4402 79.4555 148.871  224.75 292.084   374.4
26.7796 80.4555 150.782  227.75 295.833   379.4
27.1118 81.4535 152.782  230.75 299.503   384.4
27.4481 82.4535 154.677  233.75 303.503 389.168
27.7912 83.4535 156.677  236.75 307.296 394.032
28.1314 84.4535 158.677 239.649 311.058 399.032
28.1314 85.4535  160.69 242.689 315.004 404.032
28.4472 86.4129  162.69 245.414 319.004 409.032
28.4472 87.4627  164.69 248.395 323.004 414.001
28.4472 88.5235  166.69 251.395 326.922 419.022
28.4472 89.5235 168.699 254.395 330.862 424.073
28.7692 90.5235 170.699 257.274 334.862 428.872
29.0859 91.5201 172.699 260.274 338.549 433.872
29.3834 92.4562 174.466 263.274 342.549 438.872
29.6978 93.4455 176.466 266.274 346.549 443.568
30.0122 94.4349 178.466 269.274 350.549 448.264
30.0122 95.4921 180.466 272.274 354.473 453.283
30.0122 96.4921 182.457 275.279 358.473 458.286
30.0122 97.5367 184.433 278.259 362.473 463.286
30.0122 98.5367 186.444 281.294 366.427 468.286
30.0122 99.5824 188.444 284.279 370.427 473.255
30.3109 100.573 190.444 287.279 374.427 477.965
  30.62 101.573 192.444 290.279 378.244 482.839
30.9187 102.564 194.444 293.279 382.244 487.549
31.2251 103.564 196.444 296.185 386.032 492.549
31.2251 104.564 198.444 299.211 389.975  497.58
31.5268 105.564 200.444 302.102 393.975 502.388
31.5268 106.618 202.444 305.116 397.907 507.388
31.8296 107.618 204.444 308.116  401.73 512.262
31.8296 108.618 206.439 311.123  405.73 517.261
31.8296 109.671 208.439 314.123 409.663 522.275
32.1184 110.666 210.439 317.123 413.379 527.275
32.1184 111.718 212.439 320.139  417.31 532.275
32.4128 112.718 214.439 323.139 421.136 537.155
32.6979 113.709 216.439 326.139 425.136 541.878
32.9898 114.709 218.439 329.051 428.932 546.878
33.2808 115.709 220.366 332.051 432.715 551.878
33.5717 116.709 222.292 335.051 436.498 556.878
33.5717 117.709 224.287 338.058 440.498 561.876
33.5717 118.709 226.298 341.058 444.448 566.915
33.5717 119.751 228.283 344.058 448.448 571.888
33.8356 120.692 230.078 347.058 452.448 576.888
34.0995 121.634 231.873 350.058 456.448 581.888
34.3819 122.634 233.873 352.957 460.448 586.707
34.3819 123.634 235.866 355.965 464.448 591.706
34.3819  124.67 237.844  358.95 468.448 596.706
34.3819  125.67 239.853 361.983 472.405 601.706
34.6567  126.67  241.77 364.983 476.405 606.515
34.9336  127.67  243.77 367.899 480.212 611.515
35.2053 128.664  245.77 370.899 483.947 616.515
35.4754 129.664 247.655 373.744 487.947 621.515
35.4754 130.712 249.659 376.744 491.895 626.515
  35.75 131.712 251.659 379.661 495.703 631.515
36.0059 132.655  253.46 382.661 499.703 636.515
36.2824 133.655  255.46 385.661  503.54 641.402
36.5517 134.648  257.46 388.661 507.278 646.402
36.5517 135.648 259.469 391.693 511.237 651.402
 36.811  136.61 261.469 394.472 515.237 656.402
37.0809  137.61 263.386 397.472 519.237 661.215
37.0809  138.61 265.386 400.495 523.185 666.243
37.0809 139.646  267.37 403.495 527.185 671.223
37.3314 140.589 269.176 406.495 531.185 676.223
37.5973 141.589 271.093 409.495 535.185  681.04
37.8591 142.589 272.981 412.346 539.185  686.04
38.1263 143.589 274.907 415.346 542.991  691.04
38.1263 144.625  276.89 418.346 546.991 696.023
38.1263  145.67 278.891 421.346 550.945 701.023
38.1263 146.704 280.891 424.336 554.945 705.998
38.3867 147.704 282.809 427.336 558.945  710.82
 38.637 148.667 284.809 430.123 562.945  715.82
38.8945 149.658 286.809 433.123 566.696  720.82
39.1566 150.658 288.809 436.042 570.515  725.82
39.1566 151.702 290.811 439.042  574.47  730.82
39.4112 152.702 292.702 441.896  578.47  735.82
39.4112 153.702 294.705 444.896 582.429 740.856
39.6692 154.702 296.634 447.896 586.242 745.856
39.6692 155.743 298.634  450.91 590.187 750.856
39.9101 156.689 300.448  453.91 594.187 755.856
39.9101 157.728 302.448  456.91 598.131 760.873
40.1652 158.728 304.448 459.831 601.954 765.873
40.1652 159.728 306.448  462.85 605.907 770.902
40.1652  160.76 308.448  465.84 609.907 775.881
40.4187  161.76 310.448  468.84 613.756 780.778
40.4187   162.8 312.448 471.854 617.702 785.778
40.4187 163.832 314.448 474.844 621.702 790.756
40.4187 164.832 316.438 477.849 625.702 795.761
40.6676 165.832 318.438 480.849 629.554  800.66
40.6676 166.863 320.418 483.838 633.554  805.66
40.9129 167.863  322.35 486.838 637.376  810.66
41.1535 168.863 324.246 489.702 641.376  815.66
 41.398 169.863 326.246 492.611 645.376 820.506
 41.398 170.863 328.246 495.629  649.33 825.533
41.6374  171.85 330.246 498.629  653.33 830.306
41.6374  172.85 332.237 501.635  657.33 835.311
41.6374  173.85 334.237 504.653 661.286 840.337
41.8802  174.85 336.237 507.653 665.142 845.237
42.1176 175.842 338.237 510.653 668.913 850.237
42.3572 176.842 340.161 513.653 672.913 855.074
42.5938 177.829 342.161 516.653 676.913  859.85
42.8311  178.82 344.161 519.653 680.685  864.85
43.0684 179.811 346.161 522.653 684.457  869.85
43.0684 180.842 348.145 525.653 688.457 874.835
43.3045 181.833 350.145 528.653  692.23 879.835
43.5303 182.781 351.971 531.653  696.23 884.835
43.5303  183.82 353.972 534.653 700.189 889.835
43.5303  184.82 355.975 537.653 704.151  894.87
43.7538 185.769 357.803 540.653 708.151  899.87
43.9862 186.756 359.803 543.653 712.151 904.651
43.9862 187.784 361.783 546.645 716.151 909.651
44.2203 188.784 363.708 549.645 720.151 914.492
44.2203 189.784 365.708 552.665 724.107 919.516
44.2203 190.822 367.709 555.665 728.068 924.516
44.2203  191.85 369.689 558.657 732.068 929.516
44.4429 192.815 371.689 561.469 736.068 934.516
44.6743 193.815 373.624 564.469 739.901 939.516
44.6743  194.85 375.624 567.469 743.851 944.531
44.9039  195.85 377.624 570.385 747.851 949.385
44.9039 196.885 379.624 573.385 751.802   954.4
45.1299 197.875 381.624 576.385 755.585   959.4
45.1299 198.875 383.624 579.404 759.542 964.425
45.3595 199.875 385.624 582.404 763.406 969.331
45.3595  200.91 387.624 585.418 767.357 974.331
45.5866  201.91 389.624 588.349 771.199 979.331
45.5866  202.91 391.627 591.349 775.163 984.364
45.5866 203.937 393.609 594.341 779.163 989.364
45.5866 204.974  395.61 597.341 783.125 994.364
45.8063 205.961  397.61 600.341 787.125 999.157
45.8063 206.961 399.615 603.368 791.093 1004.16
46.0249 207.949 401.615 606.368 795.093 1008.95
46.2466 208.949 403.615 609.288 799.093 1013.81
46.4687 209.949 405.554 612.288 802.932 1018.81
 46.687 210.949 407.459 615.164 806.932 1023.81
 46.687 211.976 409.459 618.157 810.932 1028.79
 46.687 212.976  411.45 621.163 814.932 1033.79
46.9065 213.976  413.45 624.083 818.932 1038.65
46.9065 215.009  415.45 627.096 822.886 1043.65
47.1143 215.961  417.29 630.096 826.886 1048.65
47.1143 216.961 419.281 633.102 830.886 1053.66
47.3316 217.961 421.281 636.024 834.886 1058.52
47.5499 218.961 423.281 638.956 838.735 1063.52
47.7672 219.961 425.281 641.877 842.735 1068.38
47.9842 220.961 427.212 644.877 846.735 1073.23
 48.202 221.961 429.151 647.877 850.578 1078.23
 48.202 222.988 431.136 650.877 854.578 1083.22
48.4152 223.988 433.044 653.756 858.578 1088.22
48.6311 224.988 434.975 656.756 862.578 1093.07
48.8495 225.988 436.975 659.756 866.452 1097.98
49.0627 226.988 438.882 662.636 870.452 1102.98
49.0627 228.014 440.867 665.636 874.452 1107.97
 49.278 229.014 442.867 668.557 878.452 1112.83
 49.278 230.014  444.87 671.581 882.425 1117.83
 49.278 231.046  446.87 674.581 886.381 1122.84
 49.278  232.08  448.87 677.581 890.348 1127.84
 49.278 233.106 450.855 680.581 894.348 1132.83
49.4827 234.074 452.855 683.408 898.348 1137.83
49.4827 235.074 454.855 686.424 902.312 1142.85
49.6835 236.028   456.7 689.424 906.312 1147.85
49.8843 236.982 458.546 692.424 910.312 1152.85
 50.088  237.95 460.546 695.252 914.312 1157.85
 50.088  238.98 462.546 698.263 918.271 1162.85
 50.088 240.011 464.546 701.273  922.23 1167.85
 50.088 241.036 466.531 704.273  926.23 1172.84
 50.088 242.036 468.531 707.288 930.195 1177.86
50.2969 243.036 470.531 710.288 934.074 1182.77
50.2969 244.066 472.531 713.299 938.033 1187.77
50.5005 245.054 474.531 716.299 942.033 1192.58
50.5005 246.054 476.531 719.314 945.998  1197.6
50.7062 247.054 478.472 722.314 949.852  1202.6
50.7062 248.084 480.472 725.324 953.811  1207.6
50.7062 249.114 482.472 728.335  957.77  1212.6
50.7062 250.114 484.474 731.358 961.745  1217.6
50.9027 251.083 486.474 734.192 965.745  1222.6
51.1052 252.083 488.409 737.192 969.745 1227.47
51.1052 253.115 490.408 740.192 973.714 1232.47
51.3009 254.084 492.408 743.027 977.714 1237.47
51.3009 255.084 494.408 746.041  981.68 1242.49
51.3009 256.084 496.409 749.041 985.653 1247.51
 51.502 257.084 498.409 751.977 989.516 1252.51
 51.502 258.107 500.409 754.969 993.516  1257.5
51.6955 259.077 502.409 757.806 997.516  1262.5
51.6955   260.1 504.409 760.798 1001.52 1267.48
51.8919 261.088 506.409 763.798 1005.52  1272.3
52.0819 262.044 508.263 766.798 1009.52  1277.3
52.0819 263.044 510.263 769.812 1013.48 1282.32
52.2779 264.034 512.263 772.812  1017.3 1287.32
52.4765 265.034 514.263 775.748 1021.16 1292.32
52.6741 266.034 516.199 778.748 1025.16 1297.18
52.8717 267.034 518.135 781.748 1029.16 1302.05
53.0696 268.034 520.135 784.675 1033.16 1306.92
53.0696 269.034 522.127 787.679 1037.16 1311.93
53.0696 270.062 524.127 790.679 1041.12 1316.94
53.2636 271.062 526.043 793.569 1045.12 1321.94
53.2636 272.092 528.042 796.569 1049.09 1326.94
53.2636 273.114 530.042 799.562 1053.09 1331.92
53.4583 274.114 531.979 802.562 1057.09 1336.79
53.4583 275.137 533.965 805.562 1061.09 1341.78
53.6506 276.127 535.965 808.562 1064.91 1346.78
53.6506 277.127 537.967 811.582 1068.89 1351.78
53.8439 278.127 539.905 814.582 1072.89 1356.65
53.8439 279.127 541.905 817.595 1076.86 1361.67
54.0368 280.127 543.905 820.524 1080.86 1366.55
54.0368 281.127 545.905 823.524 1084.83 1371.57
54.2267 282.115 547.905 826.524 1088.83  1376.4
54.2267 283.138 549.891 829.524 1092.83 1381.39
54.2267 284.161 551.878 832.524 1096.83 1386.38
54.4172 285.161 553.817 835.524 1100.83 1391.25
54.6081 286.161 555.817 838.455 1104.83 1396.13
54.8004 287.161 557.817 841.455 1108.72 1401.04
54.9909 288.161 559.756 844.455 1112.72 1405.91
55.1832 289.161 561.756 847.455 1116.62 1410.83
55.1832 290.183  563.74 850.448 1120.62 1415.83
55.1832 291.183 565.741 853.448 1124.59 1420.85
55.1832 292.183 567.741 856.462 1128.56 1425.87
55.3735 293.183 569.741 859.462 1132.45 1430.79
55.5624 294.183 571.741 862.393 1136.45 1435.67
55.7517 295.183 573.741 865.331 1140.33 1440.67
55.7517 296.204 575.726 868.325 1144.33 1445.67
55.7517 297.204 577.726 871.325  1148.3 1450.69
55.7517 298.204 579.718  874.33  1152.3 1455.69
55.7517 299.226 581.706  877.33  1156.3 1460.68
55.7517 300.252 583.706 880.339 1160.27 1465.68
55.7517 301.273 585.691 883.332 1164.27 1470.68
55.7517 302.295 587.691 886.326 1168.27 1475.67
55.7517 303.295 589.691 889.326 1172.24 1480.69
55.9333 304.295 591.612 892.224 1176.24 1485.69
55.9333 305.295 593.614 895.242 1180.22 1490.69
 56.117 306.295 595.614 898.183  1184.1 1495.69
56.2982 307.284 597.614 901.183  1188.1 1500.52
56.2982 308.309 599.614 904.183 1192.07 1505.53
56.2982 309.309 601.616 907.201 1196.05 1510.53
56.2982 310.337 603.615 910.201 1200.02 1515.53
56.4775 311.337 605.537   913.1 1204.02 1520.53
56.4775 312.337 607.538 916.118    1208 1525.53
56.6585 313.337 609.486 919.118 1211.87 1530.53
56.6585 314.358 611.486 922.112 1215.87 1535.51
56.8368 315.347 613.486 925.112 1219.87 1540.35
56.8368 316.347 615.478 928.117 1223.87 1545.35
56.8368 317.347  617.48 931.135 1227.85 1550.35
57.0142 318.337  619.48 934.135 1231.68 1555.35
57.1933 319.337  621.48  937.07 1235.68 1560.24
57.1933 320.358 623.465 940.064 1239.68 1565.24
57.3698 321.358 625.389 942.964 1243.68 1570.24
57.5485 322.358 627.337 945.964 1247.56 1575.24
57.5485 323.378 629.322 948.958 1251.56 1580.24
57.7245 324.367 631.322 951.958 1255.56 1585.07
57.7245 325.394 633.321 954.958 1259.53 1590.07
57.9021 326.394 635.269 957.958 1263.41 1595.07
57.9021 327.394 637.269  960.97 1267.38 1600.09
57.9021 328.419 639.269 963.978 1271.35 1605.09
58.0797 329.419 641.269 966.978 1275.25 1610.01
58.0797 330.444 643.269 969.978 1279.21 1615.02
58.0797 331.464 645.269 972.972 1283.21    1620
58.2533 332.455 647.269 975.972 1287.05    1625
58.4289 333.455 649.269 978.915 1290.93    1630
58.4289 334.479 651.269 981.924  1294.9    1635
58.4289   335.5 653.257 984.924  1298.9 1639.99
58.4289   336.5 655.257 987.924 1302.87 1645.02
58.6006   337.5 657.183 990.826 1306.87 1650.02
58.7725  338.49 659.183 993.826 1310.87 1654.85
58.9415 339.463 661.183 996.684 1314.87 1659.85
58.9415 340.463 663.176 999.688 1318.87 1664.86
58.9415 341.489 665.174 1002.69 1322.85 1669.86
59.1123 342.479 667.174 1005.69 1326.85  1674.7
59.1123 343.503 669.174 1008.69 1330.82 1679.71
59.1123 344.503 671.175 1011.69 1334.79 1684.73
59.1123 345.527 673.175 1014.69 1338.76 1689.73
59.1123 346.553 675.174 1017.69 1342.74 1694.73
59.1123 347.577 677.174 1020.69 1346.71 1699.74
59.1123 348.597 679.174 1023.68 1350.71 1704.73
59.1123 349.597 681.174 1026.69 1354.68 1709.74
59.2816 350.597 683.125 1029.69 1358.56 1714.74
59.2816 351.623 685.123 1032.69 1362.53 1719.74
59.2816 352.623 687.124 1035.69 1366.51 1724.77
59.2816 353.649 689.123 1038.69 1370.49 1729.77
59.2816 354.649 691.125 1041.71 1374.47 1734.77
59.2816 355.668 693.111 1044.71 1378.47 1739.77
59.2816 356.668 695.104 1047.71 1382.47 1744.77
59.2816 357.688 697.093 1050.71 1386.47 1749.76
59.2816 358.714 699.091 1053.71 1390.44 1754.76
59.4452 359.714  701.02 1056.62 1394.44 1759.76
59.4452 360.738  703.02 1059.62 1398.41 1764.77
59.6098 361.738 704.968 1062.62 1402.41 1769.66
59.6098 362.758 706.956 1065.62 1406.41 1774.65
59.7744 363.758 708.908 1068.62  1410.3 1779.65
59.7744 364.758 710.908 1071.62 1414.27 1784.67
59.9368 365.749 712.908 1074.62 1418.27 1789.51
59.9368 366.749 714.908 1077.63 1422.25 1794.53
60.1003 367.749 716.908 1080.57 1426.25 1799.43
60.2622 368.739 718.908 1083.57 1430.25 1804.27
60.4243 369.731 720.908 1086.57  1434.1 1809.27
60.5881 370.731 722.908 1089.52 1437.98 1814.27
60.7527 371.731 724.908 1092.52 1441.89  1819.2
60.7527 372.731 726.908 1095.53 1445.87 1824.22
60.9155 373.731 728.856 1098.53 1449.87  1829.1
60.9155 374.751 730.845 1101.53 1453.87  1834.1
61.0741 375.726 732.845 1104.39 1457.87  1839.1
61.0741 376.745 734.845 1107.39 1461.87 1844.08
61.0741 377.745 736.847  1110.4 1465.85 1849.08
61.0741 378.769 738.846  1113.4 1469.82 1854.08
61.2355 379.769 740.799  1116.4 1473.71 1859.08
61.2355 380.794 742.798  1119.4 1477.69 1864.08
61.3975 381.794 744.798  1122.4 1481.59 1869.01
61.3975 382.794 746.798  1125.4 1485.57 1874.03
61.5581 383.794 748.752  1128.4 1489.46 1879.03
61.5581 384.794 750.752  1131.4 1493.44 1884.05
61.7141  385.77 752.752 1134.27 1497.44 1889.05
61.7141 386.788 754.739 1137.27 1501.44 1894.05
61.7141 387.813 756.738 1140.27 1505.42 1899.05
61.7141 388.837 758.737 1143.27 1509.39 1904.05
61.8731 389.837 760.691 1146.27 1513.28 1909.05
61.8731 390.837 762.685 1149.27 1517.28 1914.06
61.8731 391.859 764.685 1152.27 1521.25 1919.06
61.8731 392.878 766.672 1155.26 1525.25 1924.06
62.0268 393.854 768.672 1158.14 1529.25 1929.06
62.1841 394.854 770.621 1161.14 1533.25 1933.96
62.1841 395.854 772.621 1164.15 1537.22 1938.97
62.3398 396.845 774.621 1167.15 1541.22 1943.82
62.4969 397.845 776.621 1170.09 1545.22 1948.72
62.6527 398.837 778.621 1173.09 1549.08 1953.72
62.6527 399.837 780.621  1176.1 1553.05 1958.74
62.8095 400.837 782.621 1179.04 1557.05 1963.64
 62.966 401.837 784.572 1182.04 1561.05 1968.53
63.1213 402.827 786.572 1185.04 1565.05 1973.39
63.1213 403.846 788.561 1188.04 1569.05 1978.38
63.1213 404.868 790.561 1191.05 1573.02 1983.38
63.1213 405.887 792.551 1194.05 1577.02 1988.37
63.1213 406.906  794.54 1197.05 1581.02 1993.36
63.2727 407.883  796.54 1199.92 1585.02 1998.36
63.2727 408.905  798.54 1202.92 1588.99 2003.37
63.2727 409.927  800.54 1205.93 1592.97 2008.37
63.4234 410.903  802.54  1208.8 1596.97 2013.37
63.4234 411.921  804.54 1211.79 1600.97 2018.36
63.4234 412.939 806.528 1214.79 1604.97 2023.36
63.4234 413.962 808.527 1217.79 1608.94 2028.36
63.4234 414.981 810.517 1220.79 1612.94 2033.35
63.4234 415.999 812.517 1223.78 1616.94 2038.33
63.4234 416.999 814.511 1226.79 1620.94 2043.34
63.4234 417.999 816.511  1229.8 1624.92 2048.35
63.4234 419.018 818.501  1232.8 1628.92 2053.34
63.4234 420.018 820.501 1235.81  1632.9 2058.36
63.4234 421.018 822.501 1238.81 1636.88 2063.37
63.5728 422.009 824.501 1241.81 1640.88 2068.23
63.7223 423.001 826.501 1244.81 1644.74 2073.23
63.7223 424.023 828.501 1247.81 1648.71 2078.24
63.7223 425.046   830.5 1250.81 1652.69 2083.24
63.7223 426.067   832.5 1253.81 1656.66 2088.25
63.7223  427.09 834.499 1256.81 1660.64 2093.25
63.7223 428.112 836.499 1259.81 1664.61 2098.25
63.7223 429.134 838.499 1262.81 1668.58 2103.25
63.7223 430.157 840.498 1265.81 1672.56 2108.25
63.7223 431.157 842.492 1268.82 1676.56 2113.25
63.8652 432.124 844.382 1271.82 1680.56 2118.25
63.8652 433.124 846.376 1274.82 1684.56 2123.26
63.8652 434.142 848.366 1277.82 1688.56 2128.25
63.8652 435.142  850.36 1280.82 1692.56 2133.25
64.0122 436.142 852.318 1283.82 1696.45 2138.25
  64.16 437.142 854.318 1286.82 1700.37 2143.19
64.3057 438.135 856.318 1289.82 1704.23 2148.19
64.3057 439.156 858.318 1292.83  1708.2 2153.19
64.4474 440.123 860.208 1295.83  1712.2 2158.19
64.5927 441.116 862.208 1298.83 1716.07 2163.19
64.5927 442.116 864.208 1301.84 1720.04  2168.2
64.7341 443.084   866.1 1304.84 1724.04  2173.2
64.7341 444.105   868.1 1307.84 1728.02 2178.21
64.8786 445.096   870.1 1310.84 1732.02 2183.07
65.0211 446.074   872.1 1313.72 1736.02 2188.07
65.1671 447.074 874.057 1316.72 1739.91 2193.07
65.3096 448.052 876.057  1319.6 1743.91 2198.07
 65.454 449.052 877.994 1322.52 1747.91 2203.07
 65.454 450.052 879.994 1325.53 1751.89 2208.08
 65.454 451.074 881.993 1328.53 1755.87 2213.08
65.5978 452.074 883.931 1331.44 1759.87 2218.08
 65.743 453.074 885.931 1334.39 1763.87 2222.99
 65.889 454.074 887.931 1337.39 1767.79 2227.93
66.0328 455.074 889.869 1340.31 1771.79 2232.93
66.1782 456.074 891.869 1343.26 1775.69 2237.93
66.3234 457.074 893.869 1346.21 1779.69 2242.84
66.4672 458.065 895.869 1349.21 1783.69  2247.7
66.4672 459.065 897.863 1352.21 1787.69 2252.71
66.6108 460.057 899.863 1355.21 1791.69 2257.57
66.7557 461.057  901.82 1358.21 1795.59 2262.57
66.7557 462.073 903.809 1361.21 1799.59 2267.57
66.7557 463.073 905.809 1364.21 1803.57 2272.59
66.7557 464.091 907.799 1367.21 1807.57 2277.58
66.7557 465.108 909.789 1370.21 1811.57 2282.57
66.7557 466.108 911.789 1373.21 1815.55 2287.59
66.8988 467.108 913.743 1376.21 1819.55 2292.49
67.0421 468.108 915.701 1379.21 1823.45 2297.49
67.0421 469.108 917.694 1382.21 1827.45  2302.5
67.1859 470.108 919.694 1385.21 1831.37 2307.44
67.1859 471.108 921.688 1388.21 1835.37 2312.44
67.1859 472.108  923.69 1391.23 1839.35 2317.44
67.3251 473.086  925.69 1394.11 1843.35 2322.44
67.4675 474.086 927.648 1397.11 1847.25 2327.44
67.4675 475.106 929.648 1400.11 1851.23 2332.44
67.6095 476.106 931.648 1403.06 1855.23 2337.35
67.7503 477.098 933.648 1406.06 1859.23 2342.22
67.8926 478.098 935.648 1409.02 1863.13 2347.22
68.0301 479.066 937.542 1412.02 1867.13 2352.22
68.0301 480.066 939.542 1415.02 1871.11 2357.23
68.0301 481.087 941.541 1418.02 1875.09 2362.23
68.0301 482.103 943.529 1421.01 1879.09 2367.23
68.0301 483.103  945.53 1424.02 1883.08 2372.23
68.1696 484.103  947.47 1426.94 1887.08 2377.23
68.3105 485.103 949.428 1429.94 1890.98 2382.23
68.3105 486.103 951.428 1432.95 1894.96 2387.25
68.4498 487.103 953.368 1435.87 1898.96 2392.25
68.4498 488.123 955.368 1438.87 1902.93 2397.25
68.4498 489.139 957.357 1441.87 1906.93 2402.25
68.5897 490.139 959.357 1444.82 1910.93 2407.16
68.5897 491.139 961.351 1447.82 1914.93 2412.17
68.5897 492.139 963.351 1450.83 1918.91 2417.18
68.7261 493.117 965.351 1453.71 1922.91 2422.18
68.8653 494.117 967.306 1456.71 1926.91 2427.09
69.0055 495.117 969.306 1459.71 1930.83 2432.02
69.1418 496.096 971.306  1462.6 1934.83 2437.02
69.1418 497.096 973.307 1465.61 1938.82 2442.02
 69.278 498.074 975.307  1468.5 1942.82 2447.02
 69.278  499.09 977.307 1471.49 1946.82 2452.01
 69.278  500.09 979.308 1474.51  1950.8 2457.01
69.4165  501.09 981.267 1477.51 1954.71 2462.01
69.5551  502.09 983.226 1480.51 1958.61 2467.01
69.6944  503.09 985.226 1483.51 1962.53 2471.95
69.8317 504.081 987.226 1486.51 1966.53 2476.82
69.8317 505.097 989.226  1489.5 1970.53 2481.81
69.8317 506.113 991.215  1492.5 1974.53 2486.81
69.9698 507.113 993.174  1495.5 1978.43 2491.81
69.9698 508.113 995.175 1498.51 1982.42 2496.81
69.9698 509.132 997.175 1501.51  1986.4 2501.81
70.1072 510.132 999.135 1504.51  1990.3 2506.81
70.2435 511.123 1001.13 1507.51  1994.3 2511.69
70.2435 512.139 1003.13 1510.51  1998.3 2516.68
70.3794 513.139 1005.08 1513.43  2002.3 2521.68
70.3794 514.139 1007.08 1516.44 2006.28 2526.69
70.5134 515.117 1009.08 1519.33 2010.28 2531.69
70.5134 516.133 1011.07 1522.33 2014.28 2536.68
70.5134 517.133 1013.07 1525.33 2018.26 2541.69
70.6487 518.126 1015.07 1528.33 2022.13 2546.69
70.7809 519.095 1016.96 1531.33 2026.13 2551.69
70.9143 520.074 1018.96 1534.22 2030.13 2556.69
71.0505 521.074 1020.92 1537.22 2034.13  2561.6
71.0505 522.089 1022.92 1540.22 2038.13 2566.59
71.0505 523.089 1024.91 1543.22 2042.13  2571.6
71.1851 524.089 1026.86 1546.14 2046.13  2576.6
 71.318 525.068 1028.86 1549.03 2050.13  2581.6
71.4545 526.068 1030.86 1552.03 2054.05 2586.54
71.5901 527.068 1032.81 1555.03 2058.05 2591.44
71.7259 528.068 1034.77 1558.03 2061.96 2596.44
71.8606 529.059 1036.77 1561.03 2065.96 2601.32
71.9966 530.059 1038.77 1563.99 2069.87 2606.32
72.1324 531.059 1040.73 1566.99 2073.77 2611.32
72.1324 532.059 1042.73 1569.99 2077.76 2616.34
72.1324 533.079 1044.73 1572.99 2081.74 2621.34
72.1324 534.079 1046.73 1575.99 2085.72 2626.35
72.1324 535.097 1048.73 1578.99  2089.7 2631.36
72.1324 536.097 1050.72 1581.99  2093.7 2636.36
72.2671 537.097 1052.72 1584.94 2097.61 2641.36
72.4016 538.097 1054.72 1587.89 2101.61 2646.28
72.5361 539.097 1056.72 1590.84 2105.61 2651.19
72.5361 540.115 1058.72 1593.85 2109.59 2656.19
72.5361 541.115 1060.72 1596.85 2113.57  2661.2
72.6674 542.094 1062.72 1599.74 2117.57  2666.2
72.8014 543.094 1064.72 1602.69 2121.57 2671.12
72.8014 544.094 1066.72  1605.7 2125.57 2676.12
72.8014 545.112 1068.72  1608.7 2129.54 2681.12
72.9309 546.082 1070.62  1611.7 2133.54 2686.12
 73.065 547.082 1072.62  1614.7 2137.47 2691.07
 73.065 548.101 1074.62  1617.7 2141.45 2696.07
73.1972 549.093 1076.62  1620.7 2145.45 2700.94
73.3294 550.085 1078.62  1623.7 2149.33 2705.94
73.4615 551.085 1080.56 1626.62 2153.33 2710.94
73.4615 552.102 1082.56 1629.63  2157.3 2715.94
73.5934 553.094 1084.56 1632.63  2161.3 2720.82
73.5934 554.094 1086.56 1635.64 2165.29 2725.82
73.7268 555.094 1088.56 1638.64 2169.22 2730.76
73.7268 556.094 1090.56 1641.65  2173.2 2735.77
73.8593 557.094 1092.56  1644.6  2177.2 2740.69
73.9916 558.094 1094.52  1647.6  2181.2  2745.6
73.9916 559.113 1096.52  1650.6 2185.18  2750.6
74.1246 560.113 1098.52  1653.6 2189.11 2755.54
 74.257 561.113 1100.52 1656.55 2193.02 2760.54
74.3882 562.113 1102.46 1659.48 2197.02 2765.54
74.5194 563.104 1104.46 1662.48 2201.02 2770.42
74.6518 564.104 1106.46 1665.44 2204.93 2775.42
74.7841 565.104 1108.46 1668.39 2208.93 2780.34
74.9153 566.096 1110.46 1671.39 2212.81 2785.34
74.9153 567.096 1112.46 1674.39 2216.79 2790.35
74.9153 568.096 1114.46 1677.39 2220.77 2795.36
75.0461 569.087 1116.46 1680.39 2224.77 2800.24
75.1779 570.087 1118.42 1683.39 2228.68 2805.24
75.3103 571.087 1120.42 1686.39 2232.61 2810.18
75.4382 572.057 1122.32 1689.39 2236.61 2815.18
75.4382 573.057 1124.32 1692.39 2240.59  2820.2
75.4382 574.072 1126.31 1695.39 2244.59 2825.19
75.4382 575.086 1128.31 1698.39 2248.59 2830.18
75.4382 576.086 1130.31  1701.4 2252.57 2835.19
75.4382 577.105 1132.31  1704.4 2256.56 2840.19
75.5678 578.096 1134.31  1707.4 2260.56 2845.07
75.6974 579.087 1136.31  1710.4 2264.56 2849.95
75.6974 580.104 1138.31  1713.4 2268.53 2854.96
75.8268 581.096 1140.31  1716.4 2272.41 2859.96
75.8268 582.115 1142.31  1719.4  2276.4 2864.96
75.8268 583.115 1144.31  1722.4 2280.38 2869.97
75.9558 584.107 1146.31  1725.4 2284.26 2874.97
75.9558 585.107 1148.31  1728.4 2288.26 2879.98
76.0853 586.107 1150.26  1731.4 2292.26 2884.89
76.0853 587.125 1152.26  1734.4 2296.24 2889.89
76.0853 588.139 1154.25 1737.39 2300.24 2894.89
76.2108 589.109 1156.16 1740.39 2304.24 2899.89
76.3401 590.109 1158.12 1743.39 2308.15 2904.89
76.3401 591.126 1160.12 1746.39 2312.13 2909.89
76.4692 592.126 1162.12 1749.35 2316.13 2914.81
76.5989 593.126 1164.12 1752.35 2320.06 2919.75
76.5989 594.126 1166.12 1755.35 2324.04 2924.77
76.7252 595.106 1168.12 1758.24 2328.04 2929.77
76.8538 596.106 1170.08 1761.24 2332.04 2934.68
76.9832 597.106 1172.08 1764.24 2335.97 2939.63
 77.111 598.106 1174.02 1767.17 2339.97 2944.63
77.2361 599.076 1175.93 1770.17 2343.97 2949.63
77.2361 600.093 1177.93 1773.17 2347.95 2954.63
77.2361 601.093 1179.93 1776.17 2351.93 2959.65
77.3643 602.093 1181.88 1779.17 2355.93 2964.56
77.4917 603.084 1183.88 1782.17 2359.93 2969.44
77.6202 604.084 1185.88 1785.12 2363.85 2974.44
77.7475 605.084 1187.83 1788.05 2367.85 2979.44
77.8761 606.084 1189.83 1791.01 2371.76 2984.44
77.8761 607.101 1191.83 1794.01 2375.74 2989.45
77.8761 608.101 1193.82 1797.01 2379.74 2994.45
77.8761 609.101 1195.82 1800.02 2383.72 2999.46
77.8761 610.115 1197.81 1803.02 2387.72 3004.45
77.8761 611.129 1199.81 1806.01 2391.72 3009.45
77.9998 612.099 1201.71 1809.01 2395.72 3014.45
78.1273 613.099 1203.71 1811.97 2399.64 3019.45
78.2536 614.091 1205.71 1814.97 2403.52 3024.45
78.3808 615.091 1207.67 1817.97 2407.52 3029.37
78.5079 616.091 1209.63 1820.97 2411.52 3034.28
78.6316 617.062 1211.53 1823.97 2415.52 3039.28
78.6316 618.062 1213.53 1826.98 2419.51 3044.28
78.7585 619.062 1215.49 1829.98 2423.51  3049.2
78.7585 620.062 1217.49 1832.98 2427.51  3054.2
78.8844 621.062 1219.43 1835.91 2431.51  3059.2
78.8844 622.062 1221.43 1838.92 2435.51  3064.2
79.0101 623.053 1223.43 1841.92 2439.39  3069.2
79.1368 624.053 1225.39 1844.92  2443.3  3074.2
79.2635 625.053 1227.39 1847.87  2447.3 3079.12
79.3903 626.053 1229.39 1850.82 2451.22 3084.12
79.3903 627.067 1231.39 1853.82 2455.22 3089.11
79.5159 628.058 1233.39 1856.82  2459.1 3094.11
79.5159 629.058 1235.39 1859.82 2463.09 3099.13
79.5159 630.074 1237.39 1862.82 2467.07 3104.14
79.5159 631.074 1239.39 1865.83 2471.05 3109.14
79.6393 632.054 1241.39 1868.73 2475.05 3114.14
79.6393  633.07 1243.39 1871.73 2479.03 3119.14
 79.765  634.07 1245.39 1874.69 2483.03 3124.06
79.8908  635.07 1247.39 1877.64 2486.95 3129.06
80.0165  636.07 1249.35 1880.64 2490.86 3134.06
80.0165 637.083 1251.35 1883.64 2494.86 3139.05
80.0165 638.101 1253.35 1886.64 2498.85 3144.05
80.1382 639.072 1255.26 1889.64 2502.85 3149.05
80.1382 640.089 1257.25 1892.64 2506.83 3154.05
80.1382 641.105 1259.25 1895.64 2510.81 3159.05
80.1382 642.105 1261.25 1898.65 2514.79 3164.06
80.1382 643.105 1263.25 1901.65 2518.78 3169.08
80.1382 644.105 1265.25 1904.66 2522.77 3174.08
80.1382 645.121 1267.25 1907.66 2526.74 3179.09
80.2613 646.121  1269.2 1910.59 2530.74 3184.09
80.2613 647.137  1271.2 1913.59 2534.72 3189.09
80.3843 648.137 1273.15 1916.52 2538.72 3194.09
80.5072 649.128 1275.15 1919.52 2542.72 3198.97
80.6313 650.128 1277.15 1922.48 2546.64 3203.97
 80.755 651.128 1279.11 1925.48 2550.64 3208.89
 80.878  652.12 1281.11 1928.48 2554.53 3213.89
81.0021  653.12 1283.11 1931.44 2558.45 3218.89
81.1251 654.112 1285.11 1934.44 2562.33 3223.89
81.1251 655.125 1287.11 1937.43 2566.33 3228.88
81.1251 656.138  1289.1 1940.43 2570.33 3233.87
81.1251 657.138  1291.1 1943.43 2574.32 3238.89
81.1251 658.138 1293.09 1946.43 2578.32 3243.89
81.2459 659.118 1295.09 1949.33 2582.32 3248.89
81.2459 660.135 1297.09 1952.33  2586.3 3253.89
81.3679 661.127 1299.09 1955.33  2590.3 3258.78
81.4914 662.127 1301.09 1958.33 2594.23 3263.72
81.6143 663.127 1303.09 1961.29 2598.23 3268.65
81.6143 664.127 1305.09 1964.29 2602.22 3273.66
81.6143  665.14 1307.09 1967.28 2606.22 3278.65
81.7369  666.14 1309.09 1970.24 2610.22 3283.58
81.7369 667.155 1311.09 1973.24  2614.2 3288.58
81.7369 668.172 1313.09 1976.24 2618.18 3293.58
81.8582 669.164 1315.09 1979.24 2622.07 3298.58
81.9802 670.164 1317.05 1982.24 2626.07  3303.5
81.9802 671.177 1319.05 1985.23 2630.07 3308.49
81.9802 672.189 1321.05 1988.23 2634.07 3313.48
82.1026 673.189 1323.05 1991.23    2638 3318.43
82.1026 674.202 1325.05 1994.22    2642 3323.42
82.1026 675.202 1327.05 1997.22 2645.99 3328.44
82.1026 676.215 1329.04 2000.22 2649.99 3333.43
82.1026 677.215 1331.04 2003.23 2653.97 3338.44
82.2228 678.207 1333.04 2006.23 2657.97 3343.33
82.2228 679.207 1335.03 2009.23 2661.97 3348.33
82.3439 680.207 1337.03 2012.19 2665.89 3353.33
82.3439 681.223 1339.03 2015.19 2669.88 3358.33
82.4614 682.195 1340.94 2018.19 2673.88 3363.33
82.5789 683.167 1342.85 2021.19 2677.88 3368.33
82.6987 684.159 1344.85 2024.19 2681.88 3373.22
82.6987 685.174 1346.85 2027.19 2685.85 3378.23
82.6987 686.174 1348.85  2030.2 2689.84 3383.24
82.6987 687.174 1350.85  2033.2 2693.82 3388.25
82.6987 688.189 1352.85  2036.2  2697.8 3393.26
82.6987 689.189 1354.85  2039.2  2701.8 3398.26
82.8164  690.17 1356.85  2042.1  2705.8 3403.26
82.9364  691.17 1358.85 2045.06 2709.72 3408.26
83.0568  692.17 1360.85 2048.06 2713.66 3413.21
83.1768  693.17 1362.85 2051.02 2717.58 3418.21
83.1768  694.17 1364.85 2054.02 2721.57 3423.22
83.2965  695.17 1366.81 2057.02 2725.48 3428.22
83.2965  696.17 1368.81 2060.02 2729.48 3433.22
83.2965 697.185 1370.81 2063.03 2733.46 3438.22
83.2965 698.198 1372.81 2066.02 2737.46 3443.22
83.2965  699.21 1374.81 2069.02 2741.46 3448.21
83.2965  700.21  1376.8 2072.02 2745.46 3453.21
83.4145 701.202  1378.8 2075.02 2749.35 3458.21
83.4145 702.202  1380.8 2078.03 2753.34 3463.22
83.4145 703.218  1382.8 2081.03 2757.32 3468.22
83.5331 704.218  1384.8 2083.99 2761.24 3473.22
83.5331 705.218  1386.8    2087 2765.23 3478.22
83.6514 706.218  1388.8 2089.95 2769.23 3483.15
83.7696 707.218 1390.76 2092.95 2773.23 3488.07
83.8871  708.21 1392.76 2095.95 2777.12 3493.07
84.0056  709.21 1394.76 2098.91 2781.04 3498.07
84.0056  710.21 1396.76 2101.91 2785.04 3503.07
84.0056 711.223 1398.76 2104.91 2789.04 3508.06
84.1227 712.214 1400.76 2107.91 2793.04 3512.96
84.2376 713.187 1402.67 2110.91 2797.04 3517.96
84.2376 714.202 1404.67 2113.91 2801.02 3522.96
84.3554 715.202 1406.63 2116.91 2804.94 3527.96
84.4723 716.202 1408.58 2119.85 2808.94 3532.96
84.5901 717.202 1410.55 2122.85 2812.86 3537.96
84.5901 718.202 1412.55 2125.85 2816.85 3542.97
84.7047 719.174 1414.46 2128.85 2820.85 3547.97
84.7047 720.187 1416.45 2131.85 2824.85 3552.97
 84.819 721.159 1418.36 2134.85 2828.85 3557.97
 84.819 722.172 1420.36 2137.85 2832.85 3562.96
84.9356 723.164 1422.36 2140.85 2836.74 3567.96
84.9356 724.164 1424.36 2143.86 2840.73 3572.96
84.9356 725.176 1426.36 2146.85 2844.73 3577.95
84.9356 726.176 1428.36 2149.86 2848.71 3582.96
84.9356 727.188 1430.35 2152.86 2852.71 3587.96
85.0514  728.18 1432.35 2155.86  2856.6 3592.96
85.0514 729.193 1434.34 2158.85  2860.6 3597.96
85.0514 730.207 1436.34 2161.85 2864.58 3602.97
85.0514 731.219 1438.34 2164.85 2868.58 3607.96
85.0514 732.231 1440.34 2167.84 2872.58 3612.95
85.1645 733.204 1442.25 2170.84 2876.58 3617.95
85.1645 734.204 1444.25 2173.85 2880.58 3622.96
85.1645 735.216 1446.24 2176.85 2884.58 3627.95
85.1645 736.216 1448.24 2179.86 2888.57 3632.95
85.2805 737.216 1450.24 2182.86 2892.51  3637.9
85.2805 738.216 1452.24 2185.87  2896.5  3642.9
 85.395 739.216 1454.19  2188.8  2900.5  3647.9
85.5109 740.216 1456.19  2191.8 2904.43 3652.85
85.5109 741.231 1458.19 2194.81 2908.41 3657.85
85.5109 742.247 1460.19 2197.81  2912.4 3662.85
85.5109 743.258 1462.19  2200.8  2916.4 3667.85
85.5109 744.271 1464.18  2203.8  2920.4 3672.84
85.5109 745.282 1466.18  2206.8  2924.4 3677.83
85.5109 746.298 1468.18  2209.8 2928.38 3682.83
85.5109 747.313 1470.18  2212.8 2932.36 3687.84
85.6252 748.313 1472.14  2215.8 2936.28 3692.84
85.6252 749.327 1474.14  2218.8 2940.26 3697.84
85.7398 750.327 1476.14  2221.8  2944.2 3702.79
85.7398 751.339 1478.13 2224.79  2948.2 3707.79
85.7398 752.351 1480.13 2227.79  2952.2 3712.79
85.7398 753.351 1482.13 2230.79 2956.19  3717.8
85.8506 754.324 1484.05 2233.79 2960.19  3722.8
85.9641 755.324 1486.01 2236.79 2964.19 3727.72
86.0778 756.324 1487.98 2239.79 2968.11 3732.72
86.1914 757.324 1489.94 2242.79 2972.11 3737.65
86.1914 758.324 1491.94  2245.8 2976.09 3742.66
86.1914 759.324 1493.93  2248.8 2980.09 3747.66
86.1914 760.324 1495.93 2251.81 2984.08 3752.66
86.3051 761.324 1497.93 2254.81 2988.02 3757.61
86.4175 762.324 1499.88 2257.75 2992.02 3762.61
86.4175 763.337 1501.88 2260.75 2996.02 3767.61
86.4175 764.349 1503.87 2263.75 3000.02  3772.6
86.5285  765.33 1505.87 2266.65 3004.02  3777.6
86.6419  766.33 1507.87 2269.65 3007.95 3782.55
86.6419 767.343 1509.86 2272.65 3011.95 3787.55
86.7547 768.343 1511.82 2275.65 3015.87 3792.55
86.8655 769.324 1513.82 2278.56 3019.87 3797.55
86.8655 770.336 1515.82 2281.56 3023.87 3802.54
86.9783 771.336 1517.82 2284.52  3027.8 3807.54
 87.089 772.317 1519.82 2287.43  3031.8 3812.54
 87.089 773.331 1521.82 2290.43 3035.78 3817.55
 87.089 774.344 1523.82 2293.43 3039.78 3822.55
87.2014 775.344 1525.82 2296.39 3043.71 3827.55
87.2014 776.358 1527.82 2299.39 3047.69 3832.55
87.3117 777.339 1529.82  2302.3 3051.69 3837.55
87.4239 778.339 1531.82 2305.25 3055.69 3842.48
87.5361 779.339 1533.78 2308.25 3059.61 3847.48
87.6484 780.339 1535.78 2311.22 3063.53 3852.48
87.6484 781.339 1537.78 2314.23 3067.52 3857.48
87.7603 782.339 1539.75 2317.23 3071.52 3862.41
87.7603 783.351 1541.74 2320.23 3075.52  3867.4
87.8715 784.344 1543.74 2323.23 3079.42  3872.4
87.8715 785.359 1545.74 2326.23 3083.41  3877.4
87.8715 786.359 1547.74 2329.23 3087.39 3882.41
87.8715 787.359 1549.73 2332.23 3091.39 3887.42
87.9831 788.359 1551.73  2335.2 3095.32 3892.42
87.9831 789.359 1553.73  2338.2  3099.3 3897.43
87.9831 790.359 1555.73 2341.21 3103.29 3902.43
87.9831 791.359 1557.72 2344.21 3107.29 3907.43
87.9831 792.373 1559.72 2347.21 3111.27 3912.44
87.9831 793.373 1561.72 2350.21 3115.26 3917.45
88.0939 794.373 1563.69 2353.21 3119.18 3922.45
88.2039 795.373 1565.64 2356.14 3123.18 3927.45
88.3146 796.373 1567.61 2359.14 3127.11 3932.45
88.4258 797.373 1569.61 2362.14 3131.04  3937.4
88.5358 798.373 1571.56 2365.08 3135.04  3942.4
88.5358 799.373 1573.56 2368.09 3139.03  3947.4
88.5358 800.388 1575.56 2371.09 3143.02  3952.4
88.6463 801.388 1577.56 2374.05 3147.02 3957.34
88.7567 802.388 1579.56 2377.01 3151.02 3962.27
88.8671 803.388 1581.52 2380.01 3155.02 3967.19
88.9774 804.388 1583.49 2383.01 3159.02 3972.12
89.0879 805.388 1585.45 2386.01 3162.94 3977.12
89.1988 806.388 1587.45 2389.01 3166.88 3982.07
89.3093 807.388 1589.45 2391.97 3170.88    3987
 89.419  808.38 1591.45 2394.97 3174.88  3991.9
 89.419 809.392 1593.44 2397.97 3178.88  3996.9
 89.419 810.406 1595.44 2400.97 3182.86  4001.9
89.5265  811.38 1597.36 2403.97 3186.86  4006.9
89.6369  812.38 1599.36 2406.93 3190.79  4011.9
 89.747  813.38 1601.36 2409.89 3194.79 4016.83
 89.747  814.38 1603.36 2412.89 3198.78 4021.84
 89.747 815.395 1605.36 2415.89 3202.77 4026.84
 89.747 816.409 1607.36 2418.89 3206.75 4031.85
89.8561 817.401 1609.36 2421.89 3210.64 4036.85
89.8561 818.416 1611.36 2424.89 3214.63 4041.85
89.8561 819.428 1613.35 2427.89 3218.63 4046.85
 89.963 820.402 1615.27 2430.89 3222.63 4051.85
90.0725 821.402 1617.27 2433.85 3226.63 4056.78
90.0725 822.402 1619.26 2436.85 3230.63 4061.78
90.0725 823.417 1621.26 2439.85 3234.62 4066.78
90.1816 824.417 1623.23 2442.85 3238.62 4071.71
90.1816 825.417 1625.23 2445.86  3242.6 4076.72
90.2906 826.417 1627.19 2448.86  3246.6 4081.64
90.2906 827.431 1629.19 2451.86 3250.59 4086.64
90.2906 828.442 1631.19 2454.86 3254.59 4091.64
90.2906 829.442 1633.18 2457.86 3258.59 4096.64
90.2906 830.455 1635.18 2460.86 3262.57 4101.64
90.3985 831.448 1637.18 2463.86 3266.47 4106.64
90.3985 832.448 1639.18 2466.87 3270.45 4111.65
90.3985 833.448 1641.18 2469.87 3274.45 4116.65
90.5073 834.448 1643.18 2472.87 3278.39 4121.61
90.5073 835.461 1645.18 2475.87 3282.37 4126.61
90.5073 836.476 1647.18 2478.87 3286.36 4131.61
90.5073 837.491 1649.18 2481.87 3290.35 4136.61
90.6153 838.491 1651.18 2484.83 3294.28 4141.61
90.7226 839.484 1653.18 2487.83 3298.18 4146.61
90.7226 840.495 1655.17 2490.83 3302.18 4151.61
90.8278  841.47 1657.09 2493.83 3306.18 4156.61
90.8278  842.47 1659.09 2496.84 3310.16 4161.62
90.8278 843.484 1661.09 2499.84 3314.14 4166.62
90.9347 844.476 1663.09 2502.84 3318.14 4171.52
90.9347 845.487 1665.08 2505.84 3322.14 4176.52
91.0421 846.487 1667.08  2508.8 3326.14 4181.45
91.1495 847.487 1669.05  2511.8 3330.07 4186.45
91.2571 848.487 1671.05 2514.76    3334 4191.45
91.3645 849.487 1673.05 2517.72    3338 4196.38
91.3645 850.487 1675.05 2520.72 3341.98 4201.39
91.4716 851.487 1677.01 2523.72 3345.98 4206.32
91.5789 852.487 1679.01 2526.68 3349.98 4211.26
91.6862 853.487 1681.01 2529.64 3353.98 4216.19
91.6862 854.487 1683.01 2532.65 3357.97 4221.19
91.7927  855.48 1685.01 2535.65 3361.88 4226.19
91.7927 856.493 1687.01 2538.65 3365.86 4231.19
91.7927 857.493 1689.01 2541.66 3369.84  4236.2
91.8995 858.493 1690.98 2544.66 3373.84 4241.13
91.8995 859.508 1692.97 2547.66 3377.83 4246.13
91.8995 860.519 1694.97 2550.66 3381.83 4251.13
91.8995 861.533 1696.96 2553.66 3385.82 4256.13
91.8995 862.548 1698.96 2556.66  3389.8 4261.13
92.0058 863.548 1700.93 2559.66  3393.8 4266.06
92.1105  864.53 1702.93 2562.57  3397.8 4271.06
92.2173  865.53 1704.93 2565.57 3401.74 4276.01
92.3212 866.506 1706.85 2568.57 3405.74 4281.01
92.4269 867.498 1708.85 2571.57 3409.65 4286.01
92.5327  868.49 1710.85 2574.57 3413.65 4290.91
92.6384 869.483 1712.85 2577.57 3417.55 4295.91
92.6384 870.483 1714.85 2580.57 3421.53 4300.92
92.7451 871.483 1716.85 2583.57 3425.47 4305.88
92.7451 872.496 1718.85 2586.58 3429.46 4310.88
92.8513 873.496 1720.82 2589.58 3433.38 4315.88
92.9567 874.496 1722.77 2592.52 3437.38 4320.88
93.0622 875.489 1724.77 2595.52 3441.38 4325.78
93.0622 876.489 1726.77 2598.52 3445.37 4330.79
93.1675 877.489 1728.72 2601.47 3449.37 4335.79
93.2728 878.481 1730.72 2604.47 3453.37 4340.69
93.2728 879.492 1732.72 2607.46 3457.37 4345.69
93.3789 880.492 1734.72 2610.43  3461.3 4350.69
93.3789 881.492 1736.71 2613.43 3465.28  4355.7
93.4822 882.467 1738.64 2616.43 3469.28  4360.7
93.5873 883.459 1740.64 2619.43 3473.28 4365.61
93.6914 884.442 1742.64 2622.34 3477.28 4370.61
93.6914 885.454 1744.64 2625.34 3481.27 4375.61
93.7974 886.454 1746.64 2628.34 3485.21 4380.57
93.7974 887.466 1748.63 2631.34 3489.21 4385.56
93.9023 888.458 1750.63 2634.34 3493.11 4390.56
93.9023 889.458 1752.63 2637.34  3497.1 4395.57
93.9023 890.458 1754.63 2640.34 3501.09 4400.59
 94.007 891.451 1756.63 2643.34 3504.99 4405.59
94.1117 892.443 1758.63 2646.34 3508.89 4410.59
94.1117 893.443 1760.62 2649.34 3512.88  4415.6
94.1117 894.443 1762.62 2652.35 3516.87  4420.6
94.2151 895.426 1764.62 2655.26 3520.87  4425.6
94.3177 896.401 1766.55 2658.26 3524.87  4430.6
94.3177 897.412 1768.55 2661.26 3528.87 4435.59
94.4202 898.387 1770.47 2664.26 3532.87 4440.59
94.4202 899.398 1772.46 2667.26 3536.87 4445.59
94.4202 900.409 1774.45 2670.25 3540.87 4450.59
94.5253 901.409 1776.45 2673.25 3544.81 4455.55
94.5253 902.419 1778.45 2676.25 3548.81 4460.54
94.5253 903.431 1780.45 2679.25 3552.79 4465.55
94.6281 904.414 1782.45 2682.16 3556.79 4470.55
94.6281 905.427 1784.45 2685.17 3560.78 4475.55
94.6281 906.427 1786.45 2688.18 3564.77 4480.55
94.7323 907.427 1788.45 2691.14 3568.77 4485.48
94.7323 908.427 1790.45 2694.14 3572.77 4490.49
94.7323 909.441 1792.45 2697.14 3576.76 4495.49
94.7323 910.454 1794.45 2700.14 3580.74 4500.49
94.7323 911.454 1796.44 2703.14 3584.73  4505.5
94.7323 912.467 1798.44 2706.15 3588.71  4510.5
94.7323 913.477 1800.44 2709.14 3592.71 4515.49
94.7323 914.487 1802.44 2712.14 3596.71 4520.49
94.8358 915.487 1804.44  2715.1 3600.71 4525.42
94.9392 916.487 1806.44 2718.06 3604.71 4530.36
94.9392 917.498 1808.44 2721.06 3608.71 4535.35
94.9392 918.498 1810.44 2724.07  3612.7 4540.35
94.9392 919.511 1812.44 2727.08 3616.69 4545.35
94.9392 920.523 1814.44 2730.08 3620.67 4550.36
95.0421 921.523  1816.4 2733.08 3624.67 4555.29
95.0421 922.537  1818.4 2736.08 3628.66 4560.29
95.0421 923.547  1820.4 2739.07 3632.66 4565.28
95.1442 924.547 1822.36 2742.01 3636.66 4570.28
95.1442  925.56 1824.36 2745.01 3640.64 4575.29
95.2468  926.56 1826.36 2747.98 3644.64 4580.22
95.3495  927.56 1828.33 2750.98 3648.57 4585.22
95.3495  928.57 1830.33 2753.97 3652.57 4590.22
95.4514 929.563 1832.33 2756.97 3656.47 4595.22
95.4514 930.573 1834.32 2759.97 3660.47 4600.22
95.4514 931.573 1836.32 2762.97 3664.46 4605.23
95.5536 932.573 1838.28 2765.97 3668.46 4610.16
95.5536 933.586 1840.28 2768.97 3672.44 4615.16
95.6553 934.579 1842.28 2771.97 3676.35 4620.16
95.6553 935.589 1844.28 2774.97 3680.35 4625.16
95.6553 936.602 1846.28 2777.97 3684.33 4630.16
95.6553 937.602 1848.27 2780.97 3688.32 4635.18
95.6553 938.602 1850.27 2783.97 3692.31 4640.19
95.6553 939.612 1852.27 2786.97 3696.31 4645.18
 95.757 940.612 1854.24 2789.97 3700.24 4650.18
95.8563 941.588 1856.17 2792.97 3704.24 4655.18
 95.958 942.588 1858.17 2795.93 3708.24 4660.12
  96.06 943.588 1860.17 2798.93 3712.18 4665.07
  96.06 944.601 1862.17 2801.94 3716.16 4670.07
96.1593 945.577 1864.09 2804.94 3720.16 4675.07
96.2608 946.577 1866.09  2807.9 3724.16 4680.01
96.3618  947.57 1868.09  2810.9 3728.07 4685.01
96.4628 948.563 1870.09  2813.9 3731.97 4690.01
96.4628 949.563 1872.09  2816.9 3735.96 4695.02
96.5641 950.563 1874.06  2819.9 3739.96 4699.95
96.5641 951.573 1876.05  2822.9 3743.96 4704.95
96.5641 952.586 1878.05  2825.9 3747.95 4709.95
96.5641 953.586 1880.05 2828.91 3751.94 4714.95
 96.663 954.562 1881.97 2831.91 3755.94 4719.95
96.7642 955.562 1883.97 2834.87 3759.87 4724.95
96.8653 956.562 1885.97 2837.84 3763.87 4729.89
96.8653 957.562 1887.97 2840.84 3767.86  4734.9
96.8653 958.562 1889.97 2843.85 3771.85  4739.9
96.9656 959.555 1891.97 2846.85 3775.76  4744.9
96.9656 960.568 1893.97 2849.85 3779.75  4749.9
97.0658 961.568 1895.93 2852.79 3783.75  4754.9
97.1665 962.568 1897.89 2855.79 3787.75 4759.84
97.1665 963.568 1899.89  2858.8 3791.74 4764.84
97.1665 964.579 1901.89  2861.8 3795.74 4769.83
 97.267 965.579 1903.85  2864.8 3799.74 4774.77
 97.267 966.579 1905.85  2867.8 3803.73 4779.78
 97.267 967.589 1907.85 2870.79 3807.73 4784.77
 97.267 968.599 1909.84 2873.79 3811.73 4789.77
 97.267 969.611 1911.84  2876.8 3815.71 4794.77
 97.267 970.622 1913.84 2879.79 3819.71 4799.77
97.3648 971.598 1915.76 2882.79 3823.71 4804.77
97.4642 972.598 1917.72 2885.74 3827.71 4809.77
97.5642 973.598 1919.68 2888.74 3831.71 4814.71
97.5642 974.611 1921.68 2891.74 3835.69 4819.71
97.6643 975.611 1923.68 2894.71 3839.63 4824.71
 97.762 976.587 1925.61 2897.71 3843.63 4829.71
 97.762 977.587 1927.61 2900.71 3847.61 4834.71
97.8613  978.58 1929.61 2903.71 3851.61 4839.62
97.9611  979.58 1931.61 2906.67 3855.61 4844.56
97.9611  980.59  1933.6 2909.67 3859.61 4849.56
98.0603 981.582  1935.6 2912.67 3863.61 4854.47
98.1594 982.575  1937.6 2915.67 3867.61 4859.38
98.1594 983.588  1939.6 2918.67  3871.6 4864.38
98.1594 984.588  1941.6 2921.67 3875.59 4869.39
98.2568 985.565 1943.52 2924.67 3879.59 4874.39
98.2568 986.565 1945.52 2927.68 3883.58  4879.4
98.2568 987.565 1947.52 2930.68 3887.57 4884.41
98.2568 988.578 1949.52 2933.68 3891.56 4889.41
98.2568 989.578 1951.52 2936.69 3895.55 4894.41
98.3559 990.578 1953.52 2939.65 3899.55 4899.35
98.4545 991.571 1955.52 2942.65 3903.46 4904.35
98.4545 992.571 1957.52 2945.65 3907.45 4909.36
98.4545 993.581 1959.51 2948.65 3911.45 4914.36
98.5529 994.574 1961.51 2951.65 3915.35 4919.36
98.5529 995.586 1963.51 2954.65 3919.34 4924.36
98.6518 996.586 1965.48 2957.65 3923.27 4929.36
98.6518 997.596 1967.48 2960.65 3927.27 4934.36
98.6518 998.605 1969.48 2963.64 3931.27 4939.35
98.7498 999.598 1971.48 2966.64 3935.27 4944.26
98.8479 1000.59 1973.48 2969.64 3939.27 4949.17
98.9464 1001.59 1975.45 2972.64 3943.27  4954.1
98.9464 1002.59 1977.45 2975.65 3947.26  4959.1
98.9464  1003.6 1979.45 2978.65 3951.24 4964.11
98.9464 1004.61 1981.45 2981.65 3955.23 4969.11
99.0442 1005.61 1983.45 2984.65 3959.14 4974.11