      1       2       4       4       4       6
      1       3       7       7       7      11
      1       4      10      10      10      16
1.33333       5      12      13 13.3333 21.3333
 1.6324       6      14 15.9159 17.3333 26.1184
 1.6324  7.0408 16.4285 18.9159 21.3333  30.649
1.90523  8.0408 18.4285 22.0774 24.8989  35.649
2.16083  9.0408 20.4285 25.0393 28.8989 40.4316
2.36578 9.89828 22.3661 28.0393 32.8989 45.4316
2.57073 10.7558 24.3037 31.0393 36.8989 50.4316
2.79267 11.7558 26.4019 33.7191 40.8989 55.4316
2.79267 12.7558 28.6868 36.6371 44.8989 60.2287
2.79267  13.803 30.6868 39.6451 48.8989 65.1735
 3.0067  14.803 32.6868 42.6835 52.6465 70.1735
 3.0067 15.8466 34.6868 45.6926 56.6465 75.1207
 3.0067 16.8347 36.8496 48.5417 60.6465 80.1207
 3.0067 17.8761 38.8496 51.5444 64.6465 85.0767
3.17897 18.8761 40.8496 54.4976 68.6465 89.9512
3.17897 19.8761 43.0541 57.4387 72.6465 94.8056
3.32323  20.778 45.0079 60.4387 76.6465 99.8056
3.32323 21.7657 47.1473 63.3116 80.6465 104.806
3.48167 22.7657 49.1473 66.3116 84.4914 109.802
3.48167 23.7657 51.1473  69.365  88.382 114.858
3.62867 24.7691 53.1473  72.365  92.382 119.708
3.62867 25.7691 55.1473 75.4178 96.2792 124.758
3.62867 26.7715 57.2924 78.4178 100.279 129.611
3.62867 27.7881 59.4679 81.4178 104.087 134.611
3.62867 28.8138 61.4679 84.4232 108.087 139.579
3.75863 29.8138 63.4679 87.4232 111.958 144.578
3.75863 30.8138 65.6411 90.4165 115.792 149.578
3.75863 31.8138 67.6411 93.4661 119.697 154.623
3.75863 32.8138 69.8169 96.4661 123.547 159.597
3.87164 33.8004 71.8169 99.3665 127.547 164.597
3.87164 34.7897  73.919 102.275 131.547 169.597
3.87164 35.7897 76.0869 105.275 135.405 174.571
3.97849 36.7775 78.0869  108.18 139.405 179.571
3.97849   37.79 80.2367  111.18 143.243 184.571
3.97849 38.7792  82.337 114.091 147.243 189.571
4.08356 39.7792  84.337 117.091 151.132 194.578
4.18584 40.7792 86.4494 120.091 154.917 199.578
4.28728 41.7674 88.4494 123.001 158.917 204.578
4.39219 42.7674 90.4494 126.001 162.806 209.584
4.49484 43.7669 92.4494 129.001 166.806 214.482
4.49484  44.757 94.5409  131.92 170.806 219.482
4.49484  45.757 96.6859  134.92 174.681 224.461
4.59301 46.7564 98.6859  137.92 178.681 229.364
4.59301 47.7465 100.775  140.84 182.681 234.364
4.68868 48.7465 102.875  143.84 186.487 239.364
4.68868 49.7557 105.004  146.84 190.347 244.364
4.78343 50.7557 107.004 149.807 194.347 249.302
4.78343 51.7711 109.004 152.804 198.347 254.289
4.78343 52.7975 111.004 155.804  202.28 259.331
4.78343 53.7957 113.103 158.804  206.28 264.234
4.78343 54.7957 115.103 161.832 210.213 269.272
4.87208 55.8112 117.103 164.832 214.109 274.272
4.95701 56.8112 119.145 167.706 218.109 279.272
4.95701 57.8112 121.145 170.732 222.044 284.311
4.95701 58.8095 123.237 173.732 226.044 289.221
 5.0405    59.8 125.237 176.658 230.044 294.221
5.12473 60.7993 127.237 179.658 234.044 299.137
5.12473 61.7993 129.237 182.682 237.984 304.173
5.12473 62.8076 131.345 185.682 241.867 309.173
5.12473  63.816 133.454 188.682  245.75 314.173
 5.2043 64.8068 135.454 191.612  249.75 319.173
5.28352 65.8068 137.516 194.612  253.75 324.032
5.36306 66.7975 139.516 197.542  257.75 329.032
5.36306 67.7957 141.601 200.542  261.75 333.949
5.36306 68.7957 143.601 203.564 265.695 338.982
5.36306  69.788 145.672   206.5 269.695 343.982
5.43984 70.7871 147.672   209.5 273.695 348.906
5.51599  71.778 149.672 212.433 277.695 353.906
5.59368  72.789 151.672 215.433 281.606 358.906
5.59368  73.789 153.776 218.422 285.513 363.906
 5.6698  74.789 155.776 221.394 289.513 368.857
5.74642 75.7998 157.776 224.394 293.426 373.857
5.74642 76.8198 159.776 227.394 297.375 378.889
5.82058 77.8112 161.776 230.328 301.375 383.889
5.82058 78.8112 163.861 233.297 305.375 388.836
5.82058 79.8047 165.927 236.238 309.375 393.836
5.89447 80.8047 167.927 239.236 313.302 398.836
5.96835 81.8047 169.927 242.235 317.229 403.836
5.96835 82.8029 172.001 245.235 321.229 408.764
5.96835 83.8029 174.083 248.204 325.229 413.713
6.03984 84.8029 176.083 251.177 329.229 418.668
6.11173 85.8123 178.083 254.177 333.148 423.668
6.17964 86.7658 180.061 257.177 337.148 428.668
6.25048 87.7658 182.126 260.177 341.013 433.668
6.32016 88.7658 184.156 263.077 345.013 438.668
6.39048 89.7658 186.205 266.077 349.013 443.549
6.46246 90.7658 188.205 269.077 352.944 448.545
6.46246 91.7658 190.295 272.066 356.865 453.545
6.46246 92.7658 192.386 275.055 360.785 458.545
6.46246 93.7658 194.464 278.026 364.785 463.497
6.46246 94.7827 196.464 281.026 368.742 468.524
6.46246  95.793 198.464 284.021 372.742 473.518
6.46246 96.8033 200.464 287.017 376.742 478.512
6.52911 97.8017 202.464 290.017 380.742 483.447
6.52911 98.7958 204.522 292.965 384.742 488.447
6.52911 99.7958 206.596 295.936 388.742 493.401
6.52911 100.796 208.682 298.924 392.667 498.401
6.52911 101.806 210.682  301.92 396.667 503.396
6.59051 102.763 212.663  304.92 400.667 508.396
6.65415 103.755 214.663 307.864 404.667 513.396
6.65415 104.753 216.728 310.864 408.667 518.333
6.65415 105.751 218.792 313.864 412.667 523.271
6.71768 106.751 220.792 316.864 416.607 528.267
6.71768 107.761 222.792  319.86 420.607 533.262
6.71768 108.765 224.869  322.86 424.527 538.262
6.71768  109.78 226.869  325.86 428.489 543.285
6.77931 110.787 228.869  328.86  432.42 548.285
6.77931 111.781 230.923 331.812  436.42 553.285
6.83986  112.78 232.923 334.812  440.42 558.226
6.83986 113.784 234.997 337.812 444.342 563.226
6.83986 114.798 236.997 340.812 448.304 568.249
6.83986 115.813 238.997 343.812 452.267 573.272
6.83986 116.813 241.075 346.801 456.199 578.272
6.89781 117.813 243.117 349.801 460.199 583.171
6.95677  118.82 245.117 352.801 464.133 588.171
6.95677  119.82 247.196 355.801 468.068 593.158
6.95677  120.82 249.262 358.776 472.068 598.117
7.01212 121.782 251.245 361.776 476.068 603.117
7.01212 122.782 253.322 364.765 480.002 608.117
7.01212 123.782 255.388  367.74 484.002 613.076
7.06819 124.782  257.43  370.74 488.002 617.978
7.06819 125.782 259.505 373.729 491.937 622.978
7.12381 126.782 261.547 376.729 495.937 627.881
7.12381 127.782 263.547 379.742 499.903 632.902
7.12381  128.78 265.606 382.742 503.903 637.845
7.12381  129.78 267.606 385.755  507.87 642.866
7.17843  130.78 269.658 388.755 511.763 647.866
7.17843  131.78 271.732 391.745 515.699 652.866
7.23303  132.78 273.732 394.724 519.699 657.832
7.28713 133.773 275.732 397.677 523.699 662.832
7.28713 134.781 277.732 400.674 527.699 667.827
7.34084 135.774 279.732 403.627 531.699 672.827
7.39292 136.738 281.716 406.627 535.699 677.827
7.39292 137.738 283.716 409.639 539.667 682.847
7.39292 138.745 285.716 412.635 543.667 687.843
7.39292 139.748 287.782 415.635 547.598 692.843
7.39292 140.743  289.83 418.593 551.598 697.843
7.39292 141.746 291.896 421.593 555.529 702.843
7.44456 142.746 293.934 424.593 559.529 707.752
7.44456 143.746 295.995  427.57 563.529 712.715
7.44456  144.74 298.043 430.528 567.529 717.715
7.44456 145.735 300.091 433.486 571.529 722.715
7.49479 146.735 302.116 436.411 575.529 727.715
7.54597 147.735 304.116 439.391 579.529 732.683
7.59673 148.729 306.116 442.346 583.529 737.683
7.64748 149.722 308.116 445.302 587.529 742.683
7.69824 150.716 310.116 448.257 591.529 747.683
7.74957 151.721 312.116 451.257 595.473 752.683
7.74957 152.719 314.168 454.257 599.473 757.633
7.74957  153.73 316.168 457.257 603.444 762.651
7.79988 154.728 318.168 460.257 607.444 767.603
7.85064 155.728 320.168 463.257 611.397 772.599
7.90079 156.728 322.213 466.257 615.302 777.599
7.90079 157.728 324.213 469.267 619.274 782.618
7.95096 158.728 326.213 472.247 623.274 787.587
8.00074 159.722 328.213 475.203 627.274 792.587
8.00074 160.717 330.258 478.164 631.274 797.587
8.05086 161.717 332.258 481.159 635.228 802.587
8.05086 162.717 334.322 484.159 639.176 807.575
8.10003 163.711 336.322 487.116 643.176 812.575
8.10003 164.709 338.372 490.116 647.176 817.528
8.14844 165.709 340.395 493.045 651.176 822.528
8.14844 166.709  342.45 496.023 655.176 827.495
8.19721 167.706  344.45 499.023 659.176 832.448
8.24579   168.7  346.45  501.98 663.176 837.448
8.24579   169.7  348.45 504.988  667.15 842.466
8.29279 170.668 350.436 507.988  671.15 847.466
8.33978 171.635 352.422 510.988  675.15 852.466
8.33978 172.645 354.422 513.988 679.123 857.483
8.33978 173.642  356.47 516.988 683.123 862.437
8.38769  174.64  358.47 519.988 687.123 867.392
8.38769  175.64  360.47 522.996 691.098 872.409
8.38769  176.64  362.53 525.985 695.048 877.409
8.38769  177.64 364.591 528.985 698.999 882.397
8.43446  178.64 366.624 531.985 702.999 887.318
8.43446 179.651 368.624 534.996 706.977 892.318
8.48168 180.651 370.624 537.996 710.935 897.313
8.48168 181.657 372.624 540.992 714.935  902.31
8.48168 182.667 374.624 543.992 718.909 907.326
8.48168 183.667 376.683 546.982 722.861 912.326
8.48168 184.677 378.683 549.982 726.835 917.342
8.48168 185.672 380.724 552.946 730.835 922.342
8.48168 186.674 382.778 555.946 734.778 927.342
8.48168 187.674 384.837 558.936  738.73 932.342
8.52677 188.672 386.837 561.936  742.73 937.299
8.57173 189.672 388.876 564.936 746.646 942.299
8.57173 190.672 390.934 567.926 750.597 947.299
8.57173 191.672 392.992 570.916 754.549 952.299
8.61619 192.666 394.992 573.877 758.549 957.299
8.66026 193.666 397.013 576.813 762.549 962.299
8.66026 194.675 399.013 579.813 766.524 967.315
8.70339 195.645     401 582.813 770.524 972.315
8.74748 196.645 403.031 585.813 774.524  977.24
8.79211 197.648 405.031 588.813 778.476  982.24
8.83649 198.646 407.031 591.813 782.476 987.198
8.83649 199.646 409.088 594.803 786.429 992.198
8.88049  200.64 411.088 597.765 790.429 997.198
8.88049 201.642  413.14 600.765 794.375  1002.2
8.92477 202.642  415.14  603.76 798.336  1007.2
 8.9687 203.639  417.14  606.76 802.336 1012.16
9.01289 204.642  419.14  609.76 806.288 1017.16
9.05707 205.646  421.14  612.76 810.241 1022.16
9.10125 206.649  423.14  615.76 814.194 1027.16
9.14553 207.649  425.14 618.755 818.154 1032.16
9.18946 208.646  427.14 621.755 822.154 1037.11
9.18946 209.646 429.188 624.736 826.154 1042.09
9.18946 210.646 431.188 627.743 830.131  1047.1
9.18946 211.642 433.226  630.71 834.131  1052.1
9.18946 212.647 435.226 633.706 838.131  1057.1
9.18946 213.649 437.276 636.706 842.079  1062.1
9.23261 214.652 439.276 639.706 846.033  1067.1
9.27583 215.652 441.276 642.706 849.994  1072.1
9.27583 216.652 443.276 645.713 853.971 1077.11
9.31854  217.65 445.276 648.713 857.971 1082.07
9.36013 218.621 447.263 651.713 861.971 1087.07
9.36013 219.617   449.3 654.681 865.971 1092.07
9.36013 220.622   451.3 657.677 869.971 1097.07
9.36013 221.631   453.3 660.687 873.951 1102.07
9.40212 222.626   455.3  663.65 877.951 1107.07
9.44455 223.626   457.3 666.646 881.914 1112.07
9.48559 224.597 459.287 669.646 885.914 1117.07
9.52746 225.597 461.314 672.646 889.914    1122
9.52746 226.606 463.314 675.646 893.891 1127.02
9.56926   227.6 465.314  678.61 897.891 1132.02
9.61108   228.6 467.348  681.61 901.816 1137.02
9.65291   229.6 469.382  684.61  905.74 1142.02
9.65291 230.595 471.417 687.579  909.74 1147.02
9.65291 231.597 473.464 690.579 913.691 1152.02
9.65291 232.597 475.516 693.579 917.649 1157.01
9.65291 233.597  477.56  696.56 921.649 1161.98
9.69424 234.597  479.56 699.543 925.649 1166.96
9.73535 235.597 481.593 702.543 929.575 1171.96
9.73535 236.598 483.641 705.543 933.526 1176.96
9.73535 237.603 485.641  708.54 937.526 1181.96
9.77644 238.606 487.641  711.54 941.482 1186.96
9.81717   239.6 489.641 714.505 945.482 1191.96
9.81717   240.6 491.641 717.511  949.46 1196.97
9.81717 241.596 493.675 720.481  953.46 1201.97
 9.8567 242.569 495.663 723.481  957.46 1206.97
9.89723 243.566 497.663 726.481  961.46 1211.93
9.89723 244.566 499.706 729.463  965.46 1216.91
9.89723 245.567 501.752 732.463 969.413 1221.91
9.89723 246.563 503.786 735.433 973.413 1226.91
9.93703 247.563 505.812 738.433 977.413 1231.84
9.93703 248.564 507.858 741.433 981.366 1236.84
9.97701 249.564 509.858 744.416 985.366 1241.82
9.97701 250.564 511.907 747.416 989.326 1246.81
10.0167 251.561 513.907 750.416 993.326 1251.77
10.0167 252.561 515.956 753.407 997.286 1256.77
10.0559 253.561 517.972 756.352 1001.29 1261.77
10.0559 254.563 520.017 759.352 1005.24 1266.77
10.0559 255.564 522.063 762.352 1009.19 1271.77
10.0954 256.564 524.063 765.352 1013.16 1276.77
10.0954 257.564 526.063 768.358 1017.14 1281.78
10.0954 258.568 528.063 771.354 1021.14 1286.78
10.1343 259.566 530.063 774.354 1025.14 1291.75
10.1731  260.56 532.063 777.321 1029.14 1296.75
10.2123  261.56 534.063 780.321  1033.1 1301.74
10.2123  262.56 536.104 783.304  1037.1 1306.72
 10.251 263.555 538.104 786.271  1041.1 1311.72
10.2897 264.549 540.104 789.238  1045.1 1316.72
10.3281 265.549  542.12 792.183  1049.1 1321.72
10.3281 266.549 544.161 795.166  1053.1 1326.69
10.3281  267.55 546.205 798.166 1057.06 1331.69
10.3281  268.55 548.252 801.166 1061.02 1336.68
10.3281 269.559 550.252 804.174    1065 1341.68
10.3281 270.567 552.252 807.182 1068.99 1346.68
10.3661 271.567 554.283 810.182 1072.92 1351.68
10.4044 272.567 556.283 813.182 1076.88 1356.68
10.4424 273.561 558.283 816.149 1080.88 1361.68
10.4805 274.561 560.283 819.133 1084.88 1366.66
10.5185 275.556 562.283   822.1 1088.88 1371.66
10.5565 276.556 564.313   825.1 1092.82 1376.66
10.5948 277.556 566.313 828.095 1096.78 1381.66
10.6331 278.556 568.313  831.09 1100.75 1386.66
10.6713 279.556 570.313 834.074 1104.75 1391.64
10.6713 280.556 572.313 837.079 1108.73 1396.65
10.6713 281.556 574.353 840.062 1112.73 1401.63
10.6713 282.564 576.353  843.07 1116.71 1406.63
10.6713 283.571 578.353  846.07 1120.69 1411.64
10.6713 284.579 580.353 849.078 1124.68 1416.64
10.7086 285.574 582.353 852.046 1128.68 1421.64
10.7462 286.574 584.353 855.046 1132.64 1426.64
10.7836 287.571 586.353 858.046 1136.64  1431.6
10.8208 288.571 588.376 861.046 1140.64 1436.54
10.8208 289.571  590.42 864.038 1144.61 1441.54
10.8208 290.573 592.462 867.038 1148.56 1446.54
10.8579 291.567 594.462 870.006 1152.56 1451.54
10.8949 292.567 596.491 873.006  1156.5 1456.54
10.8949 293.565 598.525 876.006  1160.5 1461.51
10.9311 294.541 600.514 879.006  1164.5 1466.51
10.9311 295.548 602.514 882.014 1168.48 1471.51
10.9311 296.552 604.514  885.01 1172.48 1476.51
10.9681 297.552 606.514  888.01 1176.45 1481.51
10.9681 298.549 608.544 890.984 1180.45 1486.51
10.9681 299.545 610.575 893.957 1184.45 1491.51
11.0049 300.545 612.575 896.957 1188.42  1496.5
11.0415 301.545 614.575 899.941 1192.42 1501.48
11.0415 302.546 616.615 902.941 1196.38 1506.48
 11.078 303.546 618.615 905.925 1200.38 1511.46
11.1143 304.546 620.643 908.925 1204.31 1516.46
11.1143 305.547 622.683 911.925 1208.27 1521.46
11.1504 306.547 624.706 914.925 1212.27  1526.4
11.1504 307.547 626.743 917.909 1216.27 1531.38
11.1504 308.547 628.743 920.914 1220.25 1536.39
11.1504 309.543 630.773 923.888 1224.25 1541.39
11.1855 310.519 632.762 926.888 1228.25 1546.39
11.2215 311.517 634.762 929.888 1232.25 1551.36
11.2574 312.514 636.762 932.888 1236.25 1556.33
11.2935 313.516 638.762 935.888 1240.21 1561.33
11.3296 314.516 640.762 938.888 1244.18 1566.32
11.3296 315.517 642.802 941.888 1248.14 1571.32
11.3296 316.524 644.802 944.895 1252.13 1576.32
11.3296 317.528 646.802 947.892 1256.13 1581.32
11.3654 318.528 648.802 950.887  1260.1 1586.32
11.3654 319.528 650.843  953.88 1264.06 1591.32
11.4009 320.525 652.843  956.88 1268.06 1596.29
11.4366 321.525 654.843 959.875 1272.03 1601.29
11.4366 322.532 656.843 962.875 1276.01  1606.3
11.4721 323.533 658.843 965.875 1279.98  1611.3
11.5072 324.533 660.857 968.826 1283.98  1616.3
11.5422 325.533  662.87 971.778 1287.98  1621.3
11.5773 326.533 664.883  974.73 1291.98  1626.3
11.6125 327.528 666.883   977.7 1295.98  1631.3
11.6481 328.528 668.883   980.7 1299.94  1636.3
11.6836  329.53 670.883   983.7 1303.91  1641.3
11.6836  330.53 672.883 986.704 1307.89 1646.31
11.6836  331.53 674.919 989.689 1311.89 1651.29
11.7187 332.525 676.919 992.659 1315.89 1656.29
11.7538 333.525 678.945 995.659 1319.83 1661.29
11.7538 334.525 680.945 998.663 1323.81  1666.3
11.7538 335.523 682.976 1001.66 1327.81 1671.27
11.7538  336.53 684.976 1004.67  1331.8 1676.27
11.7885 337.525 686.976 1007.64  1335.8 1681.27
11.8235 338.526 688.976 1010.64 1339.76 1686.27
11.8584 339.526 690.976 1013.63 1343.76 1691.25
11.8584 340.526 693.016 1016.62 1347.73 1696.25
 11.893 341.521 695.016 1019.59 1351.73 1701.25
11.9271 342.498 697.005 1022.59 1355.73 1706.25
11.9271 343.498 699.045 1025.58  1359.7 1711.25
11.9618 344.498 701.045 1028.57  1363.7 1716.23
11.9963 345.498 703.065 1031.57  1367.7 1721.18
12.0302 346.476 705.054 1034.57  1371.7 1726.18
12.0649 347.476 707.054 1037.55  1375.7 1731.16
12.0649 348.476 709.093 1040.55 1379.66 1736.15
12.0993 349.476 711.113 1043.55 1383.66  1741.1
12.0993 350.479 713.113 1046.55 1387.66  1746.1
12.0993 351.479 715.152 1049.55 1391.63 1751.09
12.1337 352.479 717.152 1052.53 1395.63 1756.07
12.1337  353.48 719.189 1055.53 1399.59 1761.07
12.1679 354.477 721.189 1058.53 1403.59 1766.04
12.1679 355.474 723.216 1061.51 1407.59 1771.04
 12.202 356.474 725.241 1064.51 1411.54 1776.04
 12.202 357.474 727.241 1067.51 1415.52 1781.05
12.2362 358.475 729.241 1070.51 1419.48 1786.05
12.2362 359.475  731.28 1073.51 1423.45 1791.05
  12.27 360.475 733.304 1076.51 1427.39 1796.05
12.3042 361.475 735.304 1079.51 1431.36 1801.05
12.3042 362.479 737.304  1082.5 1435.36 1806.05
12.3042 363.479 739.338 1085.49 1439.36 1811.03
12.3042 364.479 741.371 1088.47 1443.36 1816.01
 12.338 365.479 743.371 1091.47 1447.33 1821.01
 12.338 366.479 745.371 1094.47 1451.32 1826.02
 12.338 367.485 747.371 1097.48 1455.31 1831.02
12.3714 368.485 749.396 1100.48 1459.25 1836.02
12.4043 369.463 751.385 1103.48 1463.25 1841.02
12.4377 370.463 753.409 1106.48 1467.19 1846.02
12.4713 371.463 755.409 1109.46 1471.19    1851
12.5041 372.442 757.398 1112.46 1475.19    1856
12.5374 373.442 759.417 1115.46 1479.19 1860.95
12.5374 374.442 761.455 1118.46 1483.16 1865.94
12.5374 375.442 763.493 1121.46 1487.13 1870.94
12.5707 376.439 765.493 1124.46 1491.13 1875.91
12.6042 377.439 767.493 1127.46  1495.1  1880.9
12.6369 378.417 769.482 1130.46  1499.1  1885.9
12.6703 379.418 771.482 1133.46 1503.06  1890.9
12.6703 380.416 773.511 1136.46 1507.06 1895.87
12.6703 381.416 775.543 1139.45 1511.06 1900.86
12.7036 382.416 777.543 1142.45 1515.04 1905.86
12.7367 383.411 779.543 1145.42 1519.04 1910.86
12.7367 384.417 781.543 1148.42 1523.02 1915.86
12.7367 385.414 783.569  1151.4 1527.02 1920.86
12.7367 386.414 785.606  1154.4 1530.99 1925.85
12.7367 387.414 787.606 1157.41 1534.98 1930.86
12.7367 388.419 789.606 1160.41 1538.96 1935.87
12.7695  389.42 791.606 1163.41 1542.93 1940.87
12.7695  390.42 793.606 1166.41 1546.91 1945.88
 12.802 391.415 795.606 1169.38 1550.91 1950.88
12.8348 392.415 797.606 1172.38 1554.88 1955.88
12.8674  393.41 799.606 1175.35 1558.88 1960.88
12.8674 394.407 801.632 1178.33 1562.88 1965.88
12.8674 395.403 803.658  1181.3 1566.88 1970.88
12.8999 396.404 805.658  1184.3 1570.85 1975.88
12.9324 397.402 807.658  1187.3 1574.85 1980.85
 12.965 398.402 809.658  1190.3 1578.82 1985.85
12.9973 399.402 811.676  1193.3 1582.82  1990.8
13.0299 400.402 813.676 1196.29 1586.79  1995.8
13.0625 401.402 815.676 1199.28 1590.79 2000.79
 13.095 402.402 817.676 1202.28 1594.76 2005.79
13.1276 403.403 819.676 1205.28 1598.73 2010.79
13.1601 404.403 821.676 1208.27 1602.73 2015.77
13.1601 405.403 823.707 1211.25 1606.73 2020.75
13.1601 406.401 825.735 1214.25 1610.73 2025.72
13.1925 407.401 827.735 1217.24 1614.73 2030.71
13.1925 408.401  829.77 1220.24  1618.7  2035.7
13.1925 409.401 831.806 1223.23 1622.67  2040.7
13.2245 410.401 833.823 1226.23 1626.67 2045.65
13.2245 411.407 835.823 1229.24 1630.66 2050.65
13.2567 412.408 837.823 1232.24 1634.62 2055.65
13.2567 413.414 839.823 1235.24 1638.61 2060.65
13.2881 414.394 841.813 1238.24 1642.61 2065.65
13.2881 415.399 843.813 1241.24  1646.6 2070.66
13.2881 416.395 845.837 1244.22  1650.6 2075.66
13.2881 417.392 847.862  1247.2  1654.6 2080.66
13.3199 418.393 849.862  1250.2 1658.56 2085.66
13.3518 419.393 851.862  1253.2 1662.54 2090.66
13.3518 420.391 853.889  1256.2 1666.54 2095.64
13.3518 421.396 855.889  1259.2 1670.52 2100.65
13.3518 422.397 857.922  1262.2 1674.49 2105.65
13.3518 423.397 859.956  1265.2 1678.46 2110.64
13.3832 424.392 861.956 1268.17 1682.46 2115.64
13.4148 425.393 863.956 1271.17 1686.43 2120.64
13.4148 426.393 865.991 1274.17  1690.4 2125.63
13.4461  427.39 867.991 1277.17  1694.4  2130.6
13.4461 428.396 869.991 1280.18 1698.39  2135.6
13.4461 429.394 872.018 1283.18 1702.39 2140.58
13.4461 430.397 874.018 1286.17 1706.39 2145.58
13.4772 431.397  876.04 1289.17 1710.33 2150.58
13.5083 432.397 878.061 1292.17 1714.28 2155.58
13.5083 433.397 880.061 1295.18 1718.27 2160.59
13.5083 434.397 882.061 1298.18 1722.25  2165.6
13.5083 435.397 884.091 1301.17 1726.25 2170.59
13.5083 436.397 886.125 1304.17 1730.22 2175.58
13.5392 437.392 888.125 1307.14 1734.22 2180.58
13.5698 438.392 890.136  1310.1 1738.22 2185.58
13.6006 439.392 892.157  1313.1 1742.17 2190.58
13.6316 440.392 894.157 1316.09 1746.17 2195.56
13.6622 441.392 896.167 1319.05 1750.17 2200.56
13.6932 442.392 898.167 1322.04 1754.14 2205.56
13.6932 443.393 900.199 1325.04 1758.11 2210.56
13.7241 444.393 902.199 1328.04 1762.08 2215.56
13.7241 445.392 904.225 1331.04 1766.08 2220.54
 13.755 446.392 906.225 1334.04 1770.05 2225.53
13.7859 447.392 908.225 1337.04 1774.03 2230.53
13.8168 448.392 910.225 1340.04    1778 2235.52
13.8168 449.392 912.254 1343.03    1782 2240.51
13.8474 450.389 914.254 1346.03    1786 2245.48
 13.878 451.389 916.275 1349.03 1789.95 2250.48
 13.878 452.392 918.275 1352.03 1793.95 2255.48
 13.878 453.392 920.304 1355.01 1797.95 2260.46
 13.878 454.397 922.304 1358.01 1801.93 2265.47
 13.878 455.397 924.338 1361.01 1805.91 2270.47
13.9086 456.397 926.338    1364 1809.88 2275.47
13.9086 457.397 928.369    1367 1813.85 2280.47
13.9086 458.398   930.4    1370 1817.82 2285.47
13.9086 459.403   932.4    1373  1821.8 2290.48
13.9388   460.4   934.4    1376  1825.8 2295.46
13.9388 461.397 936.423 1378.98  1829.8 2300.46
13.9388 462.394 938.447 1381.96  1833.8 2305.46
13.9689 463.395 940.447 1384.96 1837.77 2310.46
13.9989  464.39 942.447 1387.94 1841.77 2315.46
14.0291  465.39 944.447 1390.92 1845.77 2320.44
14.0592  466.39 946.447 1393.91 1849.77 2325.42
14.0592 467.396 948.447 1396.92 1853.76 2330.42
14.0892 468.393 950.447 1399.92 1857.76  2335.4
14.0892 469.393 952.475  1402.9 1861.76 2340.38
14.1191 470.388 954.475 1405.88 1865.76 2345.38
14.1491 471.389 956.475 1408.88 1869.73 2350.38
 14.179 472.389 958.496 1411.88 1873.68 2355.38
 14.179 473.389 960.528 1414.87 1877.65 2360.38
 14.179 474.395 962.528 1417.88 1881.64 2365.38
14.2088 475.395 964.549 1420.88 1885.59 2370.38
14.2088 476.395 966.581 1423.88 1889.56 2375.37
14.2088 477.395 968.581 1426.88 1893.55 2380.38
14.2088 478.395 970.609 1429.87 1897.55 2385.37
14.2385 479.396 972.609 1432.87 1901.52 2390.37
14.2682 480.396 974.609 1435.86 1905.52 2395.35
14.2977 481.396 976.629 1438.86 1909.47 2400.35
14.2977 482.396 978.657 1441.84 1913.47 2405.34
14.2977 483.401 980.657 1444.85 1917.46 2410.34
14.3274 484.401 982.657 1447.85 1921.43 2415.33
14.3567 485.401 984.667 1450.81 1925.43 2420.33
14.3567 486.402 986.697 1453.81  1929.4 2425.33
14.3856 487.383 988.687 1456.81  1933.4 2430.33
14.4149 488.383 990.697 1459.77  1937.4 2435.33
14.4441 489.383 992.706 1462.73  1941.4 2440.33
14.4737 490.384 994.706 1465.73 1945.37 2445.33
14.4737 491.384 996.706 1468.74 1949.36 2450.34
14.5026 492.365 998.696 1471.74 1953.36 2455.34
14.5026 493.365  1000.7 1474.74 1957.34 2460.35
14.5319 494.362  1002.7 1477.74 1961.34 2465.33
14.5319 495.359 1004.72 1480.72 1965.34 2470.33
14.5611 496.356 1006.72 1483.72 1969.34  2475.3
14.5611 497.362 1008.72 1486.73 1973.33  2480.3
14.5611 498.362 1010.75 1489.73 1977.31 2485.29
14.5902 499.362 1012.77 1492.73 1981.26 2490.29
14.5902 500.362 1014.77 1495.73 1985.24 2495.31
14.5902 501.362  1016.8 1498.73 1989.21 2500.31
14.5902 502.359 1018.82 1501.71 1993.21 2505.31
14.6193 503.359 1020.82 1504.71 1997.19 2510.31
14.6193 504.362 1022.82  1507.7 2001.19 2515.31
14.6193 505.363 1024.85  1510.7 2005.16 2520.31
14.6483 506.363 1026.85  1513.7 2009.13 2525.31
14.6483 507.363 1028.88 1516.69 2013.13 2530.29
14.6769 508.363 1030.89 1519.65 2017.13 2535.29
14.7057 509.361 1032.89 1522.65 2021.13 2540.26
14.7057 510.361 1034.89 1525.66 2025.12 2545.27
14.7344 511.356 1036.89 1528.63 2029.12 2550.27
14.7629 512.356  1038.9 1531.59 2033.12 2555.27
14.7915 513.356 1040.91 1534.59 2037.12 2560.23
14.8201 514.356 1042.92 1537.56 2041.12 2565.23
14.8489 515.356 1044.92 1540.54 2045.12 2570.21
14.8489 516.356 1046.95 1543.54 2049.09 2575.21
14.8489 517.361 1048.95 1546.54 2053.08 2580.22
14.8776 518.361 1050.95 1549.52 2057.08 2585.21
14.9057 519.342 1052.94 1552.52 2061.08 2590.21
14.9057 520.345 1054.94 1555.52 2065.08 2595.21
14.9343 521.342 1056.94 1558.52 2069.08 2600.18
14.9629 522.342 1058.94 1561.51 2073.08 2605.17
14.9915  523.34 1060.94 1564.51 2077.08 2610.14
15.0201  524.34 1062.94  1567.5 2081.08 2615.12
15.0488  525.34 1064.94 1570.48 2085.08 2620.11
15.0488 526.345 1066.94 1573.49 2089.07 2625.11
15.0488 527.345 1068.94 1576.49 2093.05 2630.12
15.0488  528.35 1070.94  1579.5 2097.04 2635.12
15.0488  529.35 1072.97 1582.49 2101.02 2640.12
15.0767 530.332 1074.96 1585.49 2105.02 2645.12
 15.105 531.327 1076.96 1588.47 2109.02 2650.12
 15.105 532.325 1078.99 1591.47 2113.02  2655.1
 15.105 533.325 1081.02 1594.46 2116.99  2660.1
15.1331 534.325 1083.03 1597.46 2120.99 2665.05
15.1615 535.325 1085.03 1600.46 2124.97 2670.05
15.1615 536.331 1087.03 1603.46 2128.96 2675.05
15.1615 537.331 1089.03 1606.46 2132.95 2680.06
15.1896 538.331 1091.05 1609.46  2136.9 2685.06
15.1896 539.333 1093.05 1612.46  2140.9 2690.06
15.1896 540.334 1095.08 1615.46 2144.87 2695.06
15.1896 541.334 1097.11 1618.46 2148.85 2700.06
15.1896 542.334 1099.13 1621.46 2152.82 2705.06
15.1896 543.334 1101.16 1624.46  2156.8 2710.06
15.1896 544.335 1103.19 1627.46 2160.77 2715.06
15.1896 545.335 1105.22 1630.45 2164.77 2720.04
15.1896 546.335 1107.25 1633.45 2168.74 2725.04
15.2173 547.332 1109.25 1636.45 2172.74 2730.02
15.2173 548.332 1111.28 1639.44 2176.72 2735.02
15.2173 549.333  1113.3 1642.44 2180.69 2740.02
15.2173 550.333 1115.33 1645.43 2184.67 2745.02
15.2173 551.333 1117.36 1648.43 2188.64 2750.02
15.2173 552.335 1119.36 1651.43 2192.64 2755.02
15.2173  553.34 1121.36 1654.43 2196.63 2760.02
15.2448 554.341 1123.36 1657.43  2200.6 2765.02
15.2448 555.341 1125.39 1660.43 2204.58 2770.01
15.2723 556.341 1127.39 1663.43 2208.55 2775.01
15.2723 557.341 1129.42 1666.43 2212.53 2780.01
15.2996 558.339 1131.42 1669.43 2216.53 2784.99
 15.327 559.339 1133.42 1672.41 2220.53 2789.97
 15.327 560.341 1135.42 1675.41 2224.53 2794.97
15.3543 561.341 1137.44 1678.41 2228.48 2799.97
15.3543 562.339 1139.46 1681.41 2232.48 2804.95
15.3543 563.339 1141.49  1684.4 2236.48 2809.94
15.3816 564.339 1143.49 1687.39 2240.46 2814.94
15.4087 565.335 1145.49 1690.37 2244.46 2819.94
15.4355 566.318 1147.48 1693.37 2248.46 2824.94
15.4355 567.318 1149.48 1696.37 2252.45 2829.95
15.4622   568.3 1151.47 1699.37 2256.45 2834.95
15.4893   569.3 1153.48 1702.37 2260.45  2839.9
15.5163   570.3  1155.5 1705.37 2264.45 2844.86
15.5434   571.3 1157.52 1708.37  2268.4 2849.86
15.5706 572.298 1159.52 1711.37  2272.4 2854.84
15.5978 573.298 1161.52 1714.37 2276.38 2859.84
15.5978 574.302 1163.52 1717.38 2280.37 2864.84
15.6249 575.302 1165.52 1720.36 2284.37 2869.82
15.6521 576.303 1167.52 1723.36 2288.34 2874.82
15.6792 577.298 1169.52 1726.34 2292.34 2879.82
15.7062 578.294 1171.52 1729.32 2296.34 2884.82
15.7062 579.299 1173.52 1732.32 2300.33 2889.82
15.7328 580.282 1175.51 1735.32 2304.33 2894.82
15.7599 581.282 1177.51 1738.31 2308.33 2899.81
15.7871 582.282 1179.51 1741.31 2312.31  2904.8
15.7871 583.286 1181.51 1744.32  2316.3  2909.8
15.8139 584.286 1183.52 1747.28  2320.3  2914.8
 15.841 585.286 1185.52 1750.27  2324.3 2919.79
 15.841 586.289 1187.52 1753.27  2328.3 2924.79
 15.841 587.289 1189.54 1756.27 2332.27 2929.79
 15.841 588.287 1191.56 1759.25 2336.27 2934.79
 15.841 589.287 1193.59 1762.24 2340.27 2939.78
 15.841 590.291 1195.59 1765.24 2344.26 2944.78
 15.841 591.292 1197.61 1768.24 2348.24 2949.78
 15.841  592.29 1199.63 1771.24 2352.24 2954.76
15.8673 593.273 1201.63 1774.24 2356.24 2959.76
 15.894 594.273 1203.63 1777.24 2360.21 2964.76
 15.894 595.278 1205.63 1780.25  2364.2 2969.76
 15.894 596.279 1207.65 1783.25 2368.17 2974.76
15.9204 597.279 1209.66 1786.21 2372.17 2979.76
15.9204 598.279 1211.69 1789.21 2376.15 2984.76
 15.947 599.279 1213.69  1792.2 2380.15 2989.74
15.9735 600.279  1215.7  1795.2 2384.15  2994.7
15.9735 601.279 1217.73 1798.19 2388.15 2999.69
15.9735 602.276 1219.75 1801.17 2392.15 3004.69
15.9735 603.276 1221.77 1804.17 2396.12 3009.69
15.9735 604.274 1223.79 1807.15 2400.12 3014.69
15.9998 605.274 1225.81 1810.15 2404.08 3019.69
15.9998 606.272 1227.83 1813.15 2408.08 3024.67
15.9998 607.277 1229.83 1816.16 2412.07 3029.67
16.0262 608.277 1231.83 1819.16 2416.05 3034.66
16.0525 609.274 1233.83 1822.16 2420.05 3039.64
16.0525 610.274 1235.83 1825.16 2424.04 3044.65
16.0787 611.274 1237.85 1828.16 2427.99 3049.65
16.1049 612.272 1239.85 1831.16 2431.99 3054.63
16.1308 613.255 1241.84 1834.16 2435.99 3059.63
16.1569 614.255 1243.85 1837.16 2439.99 3064.59
16.1833 615.255 1245.85 1840.15 2443.97 3069.59
16.1833 616.257 1247.85 1843.15 2447.97 3074.59
16.1833 617.257 1249.85 1846.15 2451.96 3079.59
16.2093 618.257 1251.86 1849.12 2455.96 3084.59
16.2093 619.261 1253.86 1852.12 2459.95  3089.6
16.2354 620.261 1255.86 1855.11 2463.95 3094.59
16.2354 621.263 1257.86 1858.11 2467.95 3099.59
16.2354 622.263 1259.86 1861.11 2471.93  3104.6
16.2354  623.26 1261.88 1864.09 2475.93  3109.6
16.2615  624.26 1263.88 1867.09 2479.91  3114.6
16.2615 625.259  1265.9 1870.09 2483.91 3119.58
16.2615 626.259 1267.93 1873.08 2487.89 3124.58
16.2615 627.259 1269.95 1876.07 2491.89 3129.57
16.2615 628.256 1271.97 1879.06 2495.89 3134.57
16.2615 629.256    1274 1882.05 2499.87 3139.57
16.2873 630.256    1276 1885.04 2503.87 3144.55
 16.313 631.256 1278.01 1888.04 2507.87 3149.51
 16.313 632.254 1280.03 1891.02 2511.87 3154.51
16.3389 633.254 1282.03 1894.02 2515.85 3159.51
16.3647 634.254 1284.03 1897.02 2519.83 3164.51
16.3905 635.254 1286.03 1900.01 2523.83 3169.49
16.3905 636.254 1288.06 1903.01  2527.8 3174.49
16.3905 637.254 1290.08    1906  2531.8 3179.48
16.4161  638.25 1292.08 1908.97  2535.8 3184.48
16.4417  639.25 1294.09 1911.97  2539.8 3189.44
16.4673  640.25 1296.11 1914.97 2543.76 3194.44
16.4929 641.246 1298.11 1917.95 2547.76 3199.44
16.5187 642.246 1300.11 1920.95 2551.74 3204.44
16.5187 643.243 1302.13 1923.94 2555.74 3209.44
16.5442 644.239 1304.13 1926.91 2559.74 3214.44
16.5442 645.241 1306.13 1929.91 2563.74 3219.44
16.5697 646.241 1308.14 1932.88 2567.74 3224.44
16.5953 647.241 1310.14 1935.87 2571.74 3229.42
 16.621 648.241 1312.14 1938.87 2575.71 3234.42
 16.621 649.246 1314.14 1941.87 2579.71 3239.42
 16.621 650.248 1316.14 1944.87 2583.71 3244.42
16.6465 651.248 1318.14 1947.86 2587.71 3249.41
16.6465 652.248 1320.14 1950.86 2591.69 3254.41
16.6465 653.248 1322.16 1953.85 2595.69  3259.4
16.6719 654.248 1324.17 1956.85 2599.69 3264.36
16.6972 655.248 1326.19 1959.85 2603.65 3269.36
16.7225 656.248  1328.2 1962.82 2607.65 3274.36
16.7225 657.248 1330.22 1965.82 2611.63 3279.36
16.7475 658.232 1332.21 1968.82 2615.63 3284.36
16.7728 659.232 1334.22 1971.78 2619.63 3289.36
16.7728 660.232 1336.24 1974.77 2623.63 3294.35
16.7728  661.23 1338.26 1977.77 2627.63 3299.33
16.7981  662.23 1340.28 1980.77 2631.59 3304.33
16.7981  663.23 1342.28 1983.78 2635.58 3309.34
16.8232  664.23 1344.29 1986.74 2639.58 3314.34
16.8232 665.227 1346.31 1989.73 2643.58 3319.34
16.8485 666.227 1348.31 1992.72 2647.56 3324.34
16.8738 667.227 1350.31 1995.71 2651.56 3329.32
 16.899 668.227 1352.32 1998.71 2655.52 3334.32
 16.899 669.227 1354.35 2001.71  2659.5 3339.32
16.9242 670.227 1356.35  2004.7  2663.5  3344.3
16.9494 671.227 1358.35 2007.69  2667.5 3349.29
16.9746 672.225 1360.35 2010.69  2671.5 3354.27
16.9997 673.225 1362.36 2013.69  2675.5 3359.23
 17.025 674.225 1364.36 2016.68  2679.5 3364.22
  17.05 675.225 1366.37 2019.64  2683.5 3369.22
  17.05 676.225  1368.4 2022.64 2687.47 3374.21
  17.05 677.222 1370.41 2025.63 2691.47 3379.21
17.0748 678.206 1372.41 2028.63 2695.47 3384.21
17.0999 679.206 1374.42 2031.63 2699.43 3389.21
 17.125 680.206 1376.42 2034.62 2703.43  3394.2
17.1501 681.204 1378.42 2037.62 2707.43 3399.17
17.1753 682.204 1380.42 2040.61 2711.41 3404.17
17.2004 683.204 1382.43 2043.61 2715.41 3409.14
17.2004 684.206 1384.43 2046.61 2719.41 3414.14
17.2004 685.204 1386.45 2049.59 2723.41 3419.14
17.2004 686.204 1388.48 2052.59 2727.39 3424.14
17.2004 687.201 1390.49 2055.58 2731.39 3429.14
17.2254 688.201 1392.49 2058.57 2735.39 3434.12
17.2254   689.2 1394.51 2061.57 2739.39 3439.11
17.2254 690.202 1396.51 2064.56 2743.39 3444.11
17.2254 691.199 1398.53 2067.55 2747.39 3449.11
17.2254 692.203 1400.53 2070.55 2751.38 3454.11
17.2499 693.187 1402.52 2073.55 2755.38 3459.11
17.2499 694.187 1404.55 2076.54 2759.38  3464.1
17.2748 695.187 1406.55 2079.54 2763.36  3469.1
17.2996 696.187 1408.55 2082.53 2767.34  3474.1
17.2996 697.189 1410.55 2085.53 2771.34  3479.1
17.2996 698.193 1412.55 2088.53 2775.33  3484.1
17.2996 699.193 1414.57 2091.53 2779.31 3489.09
17.3244 700.193 1416.57 2094.53 2783.29 3494.09
17.3492 701.193 1418.57 2097.53 2787.27 3499.08
17.3492 702.197 1420.57 2100.53 2791.26 3504.09
17.3492   703.2 1422.57 2103.53 2795.24  3509.1
17.3739   704.2 1424.57 2106.53 2799.22  3514.1
17.3739   705.2  1426.6 2109.53  2803.2 3519.09
17.3985   706.2  1428.6 2112.52  2807.2 3524.08
17.3985   707.2 1430.62 2115.52 2811.18 3529.08
17.3985 708.204 1432.62 2118.52 2815.17 3534.08
 17.423 709.204 1434.62 2121.51 2819.17 3539.07
17.4476 710.204 1436.62  2124.5 2823.17 3544.06
 17.472 711.204 1438.63  2127.5 2827.17 3549.02
 17.472 712.204 1440.66 2130.49 2831.17 3554.01
 17.472 713.204 1442.66 2133.49 2835.16 3559.02
 17.472 714.207 1444.66 2136.49 2839.15 3564.02
17.4964 715.203 1446.66 2139.47 2843.15 3569.02
17.5207 716.203 1448.67 2142.47 2847.15 3573.99
17.5207 717.203 1450.69 2145.46 2851.13 3578.99
17.5451 718.201 1452.69 2148.46 2855.13 3583.97
17.5451 719.201 1454.72 2151.46 2859.11 3588.97
17.5693 720.201 1456.72 2154.43 2863.11 3593.97
17.5693   721.2 1458.74 2157.43 2867.11 3598.95
17.5936 722.196 1460.74 2160.41 2871.11 3603.95
17.6178 723.196 1462.75 2163.38 2875.11 3608.95
17.6421 724.196 1464.75 2166.38 2879.09 3613.95
17.6665 725.196 1466.75 2169.36 2883.09 3618.93
17.6907 726.196 1468.76 2172.33 2887.09 3623.93
 17.715 727.196 1470.76 2175.33 2891.06 3628.93
 17.715 728.198 1472.76 2178.33 2895.06 3633.94
17.7393 729.198 1474.76 2181.32 2899.06 3638.92
17.7637 730.198 1476.76 2184.32 2903.04 3643.92
 17.788 731.198 1478.76 2187.31 2907.04  3648.9
 17.788 732.195 1480.77 2190.29 2911.04  3653.9
 17.788 733.195 1482.77  2193.3 2915.03 3658.91
17.8122 734.195 1484.77 2196.28 2919.03  3663.9
17.8365 735.195 1486.77 2199.27 2923.03 3668.89
17.8606 736.195 1488.79 2202.27 2927.03 3673.85
17.8606 737.199 1490.79 2205.27 2931.02 3678.86
17.8848 738.199 1492.79 2208.27    2935 3683.86
17.8848 739.197 1494.81 2211.27    2939 3688.84
 17.909 740.197 1496.81 2214.26    2943 3693.83
 17.909 741.195 1498.82 2217.25    2947 3698.83
 17.909 742.195 1500.85 2220.24 2950.98 3703.83
 17.909 743.195 1502.85 2223.24 2954.97 3708.83
 17.909 744.199 1504.85 2226.25 2958.96 3713.83
 17.909 745.197 1506.87 2229.23 2962.96 3718.83
 17.909   746.2 1508.87 2232.23 2966.95 3723.84
 17.909   747.2 1510.89 2235.22 2970.95 3728.83
17.9326 748.185 1512.88 2238.22 2974.95 3733.83
17.9326 749.185  1514.9 2241.22 2978.93 3738.83
17.9326 750.185  1516.9 2244.22 2982.92 3743.84
17.9326 751.185 1518.93 2247.22  2986.9 3748.84
17.9326 752.186 1520.95 2250.22 2990.88 3753.84
17.9563 753.186 1522.96 2253.22 2994.88  3758.8
  17.98 754.186 1524.97 2256.19 2998.88  3763.8
  17.98 755.186 1526.99 2259.19 3002.85  3768.8
  17.98 756.186 1529.01 2262.18 3006.83  3773.8
18.0037 757.186 1531.03 2265.18  3010.8  3778.8
18.0274 758.182 1533.03 2268.16  3014.8  3783.8
 18.051 759.182 1535.04 2271.16  3018.8 3788.77
18.0746 760.182 1537.05 2274.13  3022.8 3793.77
18.0746 761.182 1539.07 2277.13 3026.77 3798.77
18.0982 762.182 1541.08  2280.1 3030.77 3803.77
18.0982  763.18 1543.09 2283.09 3034.77 3808.77
18.0982 764.183 1545.09 2286.09 3038.76 3813.77
18.1218 765.183  1547.1 2289.09 3042.76 3818.74
18.1218 766.181 1549.12 2292.07 3046.76 3823.74
18.1218 767.181 1551.14 2295.06 3050.76 3828.73
18.1218 768.185 1553.14 2298.07 3054.76 3833.73
18.1218 769.189 1555.14 2301.07 3058.75 3838.73
18.1218 770.189 1557.16 2304.07 3062.73 3843.73
18.1218 771.187 1559.18 2307.06 3066.73 3848.73
18.1453 772.187 1561.18 2310.05 3070.71 3853.73
18.1687 773.187 1563.19 2313.05 3074.71 3858.69
18.1687 774.187 1565.21 2316.04 3078.71 3863.68
18.1921 775.187 1567.23 2319.04 3082.67 3868.68
18.1921 776.187 1569.25 2322.04 3086.65 3873.68
18.2151 777.172 1571.24 2325.04 3090.65 3878.68
18.2151 778.172 1573.24 2328.04 3094.64 3883.69
18.2385 779.172 1575.26 2331.04  3098.6 3888.69
18.2385  780.17 1577.27 2334.03  3102.6 3893.69
18.2385  781.17  1579.3 2337.02 3106.58 3898.69
18.2617  782.17 1581.31 2340.02 3110.54 3903.69
18.2847 783.155  1583.3 2343.02 3114.54 3908.69
 18.308 784.152  1585.3    2346 3118.54 3913.69
18.3314 785.152  1587.3    2349 3122.52 3918.69
18.3314 786.152 1589.33    2352  3126.5 3923.69
18.3314 787.152 1591.33    2355 3130.49  3928.7
18.3314 788.155 1593.33    2358 3134.48  3933.7
18.3545 789.155 1595.34    2361 3138.44  3938.7
18.3545 790.157 1597.34    2364 3142.44  3943.7
18.3545 791.157 1599.34    2367 3146.44 3948.71
18.3545 792.157 1601.34    2370 3150.43 3953.72
18.3774 793.142 1603.33    2373 3154.43 3958.72
18.4005 794.142 1605.33 2375.99 3158.43 3963.71
18.4237 795.142 1607.33 2378.99  3162.4 3968.71
18.4237 796.146 1609.33 2381.99 3166.39 3973.71
18.4237 797.145 1611.35 2384.99 3170.39 3978.69
18.4466 798.145 1613.36 2387.97 3174.39 3983.69
18.4697 799.145 1615.36 2390.95 3178.39 3988.68
18.4925  800.13 1617.35 2393.95 3182.39 3993.68
18.5156  801.13 1619.35 2396.95 3186.38 3998.67
18.5156 802.132 1621.35 2399.95 3190.38 4003.67
18.5156 803.135 1623.35 2402.95 3194.37 4008.68
18.5156 804.133 1625.37 2405.95 3198.37 4013.67
18.5387 805.133 1627.37 2408.95 3202.35 4018.67
18.5616 806.133 1629.38 2411.95 3206.35 4023.63
18.5846 807.133 1631.38 2414.95 3210.32 4028.63
18.6077 808.133 1633.38 2417.95 3214.31 4033.63
18.6077 809.132  1635.4 2420.95 3218.31 4038.61
18.6077  810.13 1637.41 2423.95 3222.31 4043.59
18.6306  811.13 1639.41 2426.94 3226.31 4048.58
18.6306  812.13 1641.44 2429.93 3230.29 4053.58
18.6534  813.13 1643.44  2432.9 3234.29 4058.58
18.6762  814.13 1645.46  2435.9 3238.29 4063.55
18.6762  815.13 1647.48  2438.9 3242.27 4068.55
 18.699  816.13 1649.49  2441.9 3246.27 4073.51
 18.699 817.133 1651.49  2444.9 3250.26 4078.52
18.7218 818.133  1653.5  2447.9 3254.22 4083.52
18.7218 819.133 1655.52 2450.89 3258.22 4088.51
18.7218 820.133 1657.55 2453.89  3262.2 4093.51
18.7446 821.131 1659.55 2456.89  3266.2 4098.49
18.7673 822.131 1661.55 2459.86  3270.2 4103.49
18.7901 823.131 1663.55 2462.86 3274.18 4108.49
18.8127 824.131 1665.56 2465.83 3278.18 4113.49
18.8127 825.135 1667.56 2468.83 3282.17 4118.49
18.8356 826.135 1669.56 2471.83 3286.16 4123.48
18.8356 827.135 1671.58 2474.83 3290.13 4128.48
18.8356 828.137 1673.58 2477.83 3294.13 4133.48
18.8583 829.134 1675.58 2480.83 3298.13 4138.46
18.8583 830.134 1677.58 2483.83 3302.12 4143.47
18.8583 831.136 1679.58 2486.83 3306.12 4148.47
18.8806 832.122 1681.57 2489.83 3310.12 4153.47
18.8806 833.125 1683.57 2492.83 3314.11 4158.48
 18.903 834.111 1685.57 2495.83 3318.11 4163.48
 18.903 835.111 1687.57 2498.83 3322.11 4168.48
 18.903 836.111 1689.59 2501.83 3326.09 4173.48
18.9255 837.108 1691.59 2504.83 3330.09 4178.46
18.9481 838.108 1693.59 2507.82 3334.09 4183.45
18.9481 839.108 1695.61 2510.82 3338.07 4188.45
18.9481 840.108 1697.63 2513.81 3342.05 4193.45
18.9707 841.108 1699.63 2516.81 3346.03 4198.45
18.9707 842.108 1701.66 2519.81 3350.01 4203.44
18.9707 843.108 1703.66 2522.81    3354 4208.45
18.9707 844.108 1705.68 2525.81    3358 4213.44
18.9931 845.108 1707.68 2528.81 3361.98 4218.44
19.0155 846.106 1709.68 2531.81 3365.98 4223.42
19.0155 847.106  1711.7 2534.81 3369.96 4228.42
 19.038 848.106  1713.7  2537.8 3373.94 4233.42
 19.038 849.109  1715.7  2540.8 3377.94 4238.42
19.0604 850.109  1717.7  2543.8 3381.91 4243.42
19.0604 851.108 1719.72  2546.8 3385.91  4248.4
19.0827 852.104 1721.72 2549.79 3389.91  4253.4
19.1051 853.104 1723.72 2552.79 3393.89  4258.4
19.1051 854.104 1725.74 2555.79 3397.87  4263.4
19.1051 855.104 1727.76 2558.78 3401.85  4268.4
19.1051 856.104 1729.78 2561.78 3405.83  4273.4
19.1275 857.104 1731.78 2564.78 3409.81  4278.4
19.1497 858.104 1733.79 2567.78 3413.81 4283.36
 19.172 859.104 1735.79 2570.78 3417.79 4288.36
 19.172 860.108 1737.79 2573.78 3421.79 4293.36
19.1942 861.104 1739.79 2576.76 3425.79 4298.36
19.2162  862.09 1741.78 2579.76 3429.79 4303.36
19.2385  863.09 1743.78 2582.75 3433.79 4308.35
19.2606  864.09 1745.79 2585.72 3437.79 4313.35
19.2829  865.09 1747.79 2588.72 3441.77 4318.35
19.3051  866.09  1749.8 2591.72 3445.77 4323.32
19.3051  867.09 1751.82 2594.71 3449.77 4328.31
19.3274  868.09 1753.82 2597.71 3453.75 4333.31
19.3495  869.09 1755.82 2600.68 3457.75 4338.31
19.3717  870.09 1757.82 2603.68 3461.73 4343.31
19.3938  871.09 1759.83 2606.65 3465.73 4348.31
19.3938  872.09 1761.85 2609.65 3469.71 4353.31
19.4161  873.09 1763.85 2612.65 3473.69 4358.31
19.4382 874.086 1765.85 2615.63 3477.69 4363.31
19.4605 875.086 1767.85 2618.63 3481.66 4368.31
19.4827 876.084 1769.85 2621.63 3485.66 4373.29
19.5047 877.084 1771.86  2624.6 3489.66 4378.29
 19.527 878.084 1773.86  2627.6 3493.65 4383.28
 19.527 879.084 1775.88  2630.6 3497.63 4388.28
19.5489  880.07 1777.87  2633.6 3501.63 4393.28
19.5711 881.068 1779.87  2636.6 3505.63 4398.26
19.5932 882.068 1781.88  2639.6 3509.63 4403.23
19.6152 883.068 1783.89 2642.57 3513.63 4408.23
19.6375 884.068 1785.89 2645.57 3517.61 4413.23
19.6596 885.068  1787.9 2648.57 3521.61 4418.19
19.6818 886.068  1789.9 2651.56 3525.61 4423.18
19.6818 887.066 1791.92 2654.56 3529.61 4428.17
19.7036 888.052 1793.91 2657.56 3533.61 4433.17
19.7257 889.052 1795.91 2660.53 3537.61 4438.17
19.7478  890.05 1797.91 2663.53 3541.61 4443.15
  19.77  891.05 1799.91 2666.53 3545.59 4448.14
19.7922  892.05 1801.91 2669.52 3549.59 4453.13
19.8141 893.036 1803.91 2672.52 3553.59 4458.13
19.8362 894.032 1805.91 2675.51 3557.59 4463.13
19.8362  895.03 1807.92 2678.49 3561.59 4468.13
19.8583  896.03 1809.92 2681.49 3565.57 4473.13
19.8583  897.03 1811.94 2684.48 3569.57 4478.12
19.8583  898.03 1813.96 2687.48 3573.55 4483.12
19.8583  899.03 1815.98 2690.48 3577.54 4488.11
19.8801 900.016 1817.98 2693.48 3581.54 4493.11
19.9021 901.016 1819.99 2696.48 3585.54 4498.08
 19.924 902.016 1821.99 2699.45 3589.54 4503.08
 19.924 903.016 1824.01 2702.45 3593.52 4508.08
 19.924 904.018 1826.01 2705.45 3597.52 4513.08
 19.924 905.021 1828.01 2708.45 3601.51 4518.08
19.9461 906.021 1830.01 2711.44 3605.49 4523.08
19.9461 907.021 1832.01 2714.45 3609.48 4528.09
19.9461 908.019 1834.03 2717.43 3613.48 4533.09
19.9681 909.019 1836.03 2720.43 3617.47 4538.09
19.9681  910.02 1838.03 2723.42 3621.47 4543.09
19.9681 911.021 1840.05 2726.42 3625.45 4548.09
  19.99  912.02 1842.05 2729.42 3629.43 4553.09
20.0116 913.007 1844.04 2732.42 3633.43 4558.09
20.0116 914.009 1846.04 2735.42 3637.42  4563.1
20.0116 915.012 1848.04 2738.42 3641.41  4568.1
20.0334 916.012 1850.05 2741.42 3645.37  4573.1
20.0552 917.012 1852.05 2744.42 3649.37 4578.09
 20.077 918.012 1854.06 2747.42 3653.37 4583.06
 20.077 919.014 1856.06 2750.41 3657.37 4588.06
20.0988 920.013 1858.06 2753.41 3661.35 4593.06
20.0988 921.013 1860.08 2756.41 3665.33 4598.06
20.1206 922.011 1862.08 2759.41 3669.33 4603.04
20.1206 923.011 1864.08 2762.41 3673.33 4608.05
20.1206 924.009  1866.1  2765.4 3677.33 4613.05
20.1424 925.009  1868.1  2768.4  3681.3 4618.05
20.1424 926.012  1870.1  2771.4  3685.3 4623.05
20.1641 927.012 1872.11  2774.4 3689.26 4628.05
20.1641 928.009 1874.13 2777.38 3693.26 4633.05
20.1641 929.007 1876.14 2780.37 3697.26 4638.05
20.1857 930.005 1878.14 2783.37 3701.26 4643.04
20.1857 931.005 1880.16 2786.37 3705.24 4648.04
20.2073 932.001 1882.16 2789.35 3709.24 4653.04
20.2073 933.005 1884.16 2792.35 3713.24 4658.04
20.2073 934.007 1886.16 2795.35 3717.24 4663.04
20.2289 935.004 1888.16 2798.35 3721.24 4668.02
20.2289 936.004 1890.19 2801.34 3725.22 4673.02
20.2505 937.004 1892.19 2804.34  3729.2 4678.02
20.2505 938.002  1894.2 2807.34  3733.2    4683
20.2505 939.002 1896.22 2810.34 3737.18    4688
 20.272     940 1898.22 2813.34 3741.18 4692.98
 20.272     941 1900.22 2816.34 3745.17 4697.99
 20.272     942 1902.24 2819.34 3749.16 4702.99
20.2935     943 1904.26 2822.34 3753.12 4707.99
20.2935 944.002 1906.26 2825.34 3757.12 4712.99
 20.315 945.002 1908.26 2828.33  3761.1 4717.99
 20.315 946.002 1910.27 2831.33 3765.08 4722.99
 20.315 947.002 1912.29 2834.33 3769.07 4727.99
20.3364 948.002 1914.29 2837.33 3773.05 4732.99
20.3578 948.998 1916.29 2840.31 3777.05 4737.99
20.3578 949.996 1918.31  2843.3 3781.05 4742.99
20.3792 950.996 1920.32  2846.3 3785.01 4747.99
20.3792 951.994 1922.34 2849.28 3789.01 4752.99
20.4005 952.994 1924.35 2852.28 3792.98 4757.99
20.4218 953.994 1926.36 2855.28 3796.98 4762.96
20.4432 954.992 1928.36 2858.28 3800.98 4767.94
20.4432 955.992 1930.38 2861.28 3804.98 4772.93
20.4432 956.992  1932.4 2864.27 3808.96 4777.93
20.4645 957.992 1934.41 2867.27 3812.93 4782.93
20.4857 958.992 1936.42 2870.27 3816.93  4787.9
20.5071 959.992 1938.42 2873.27 3820.91  4792.9
20.5071 960.995 1940.42 2876.27  3824.9  4797.9
20.5284 961.991 1942.42 2879.25  3828.9  4802.9
20.5496 962.991 1944.43 2882.25 3832.87  4807.9
20.5709 963.987 1946.43 2885.24 3836.87  4812.9
20.5922 964.987 1948.44 2888.24 3840.84  4817.9
20.5922 965.988 1950.46 2891.24 3844.82  4822.9
20.5922 966.988 1952.46 2894.24 3848.81 4827.91
20.6135 967.988 1954.46 2897.23 3852.79 4832.91
20.6135 968.988 1956.48 2900.23 3856.78 4837.91
20.6135  969.99 1958.48 2903.23 3860.77 4842.91
20.6135 970.992 1960.48 2906.23 3864.77 4847.92
20.6135  971.99  1962.5 2909.23 3868.77  4852.9
20.6135 972.992  1964.5 2912.22 3872.77  4857.9
20.6135 973.994  1966.5 2915.22 3876.77  4862.9
20.6135 974.994 1968.52 2918.21 3880.77 4867.89
20.6135 975.996 1970.52 2921.21 3884.76  4872.9
20.6345 976.993 1972.52  2924.2 3888.76  4877.9
20.6345 977.996 1974.52  2927.2 3892.75  4882.9
20.6555 978.996 1976.52 2930.17 3896.75  4887.9
20.6766 979.996 1978.52 2933.17 3900.74 4892.89
20.6766 980.996 1980.52 2936.17 3904.73  4897.9
20.6977 981.996 1982.52 2939.17 3908.71  4902.9
20.7188 982.996 1984.52 2942.17 3912.69  4907.9
20.7188 983.995 1986.54 2945.17 3916.69 4912.89
20.7397 984.995 1988.55 2948.14 3920.69 4917.89
20.7397 985.993 1990.56 2951.14 3924.69 4922.87
20.7606 986.993 1992.57 2954.14 3928.69 4927.84
20.7606 987.993 1994.57 2957.14 3932.69 4932.85
20.7815 988.993 1996.58 2960.14 3936.69 4937.82
20.7815 989.993  1998.6 2963.14 3940.67 4942.82
20.7815 990.993 2000.62 2966.13 3944.65 4947.82
20.7815 991.996 2002.62 2969.13 3948.65 4952.82
20.7815 992.998 2004.62 2972.13 3952.65 4957.82
20.8022 993.985 2006.61 2975.13 3956.65 4962.82
 20.823 994.981 2008.61 2978.12 3960.65 4967.82
20.8439 995.981 2010.63 2981.12 3964.61 4972.82
20.8648 996.981 2012.63 2984.12 3968.59 4977.82
20.8857 997.981 2014.63 2987.11 3972.59 4982.81
20.8857  998.98 2016.64 2990.11 3976.59 4987.79
20.8857 999.978 2018.66 2993.09 3980.59 4992.79