      1 3.66667 3.66667       4       5 3.66667
      1 6.63964 5.66667       7 9.05405 6.63964
1.54646 7.63964 7.66667 10.8252 13.0541 10.2679
2.10214 8.63964 10.4215 13.8252 17.0541 13.9575
2.48028 10.1938 12.4215 16.8252 20.1218 18.9575
2.99886 11.1938 14.4215  20.343 24.1218 22.9211
3.48367 13.0034 16.4215  23.343 28.1218 26.6266
3.48367  14.617 18.4215 26.2397 31.6115 31.6266
3.48367 16.2306 20.4215 29.1364 35.1012 36.6266
3.48367 17.8141 22.4137 32.1364 38.5255 41.6266
3.74445 19.1476 24.4137 34.5421 42.5255 46.6266
4.03065 20.6111 26.4137 37.5421 45.7758 51.6266
4.03065 22.1658 28.4061 40.5421 49.2287 56.6266
4.33144 23.1658 30.4061 43.5676 52.9025 61.6266
4.64608 24.1658 32.6149 46.5676 56.9025 66.1032
4.64608 25.6538 34.6231 49.5676 60.4062 71.1032
4.64608 27.2317 36.6231 52.6163 64.4062 75.4766
4.90987 28.2317 38.7025 55.6163  68.063 80.4766
5.11489 29.4105 40.3186 58.6163  72.063 85.4766
5.37608 30.4105 42.3775 61.6163  75.743 90.4766
5.63155 31.8556 44.3775 64.6163  79.743  94.776
5.90456 32.8556 46.3775 67.7488  83.743 99.3706
 6.1771 33.8556 48.5182 70.7488  87.743 103.957
 6.1771 35.2487 50.5146 73.7488 91.3534 108.957
6.39163 36.4729 52.5146 76.3101 95.3534 113.957
6.39163 37.4729 54.7209 79.3101 99.3595 118.745
6.39163 38.7839 56.6353 82.0847 103.359 123.745
6.39163 40.1996 58.7026 85.0847 107.359 128.262
6.61665 41.1996 60.7026 88.0801 111.139 133.262
6.84886 42.1996 62.7026 91.1712 115.139 137.939
7.07377 43.1996 64.7026 94.1652  118.92 142.939
7.30438 44.1996  66.812 97.1652  122.92 147.599
  7.535 45.1996 68.9214 100.165  126.92 152.259
 7.7447 46.4576 70.9214 103.165 130.452 157.259
7.97449 47.4576 73.0256 106.165 134.452 161.925
7.97449 48.7607 75.0308 109.165 138.144 166.925
7.97449 50.0165 76.9633 111.977 142.144 171.925
7.97449 51.3175 78.9651 114.977 145.841 176.925
8.17196 52.3175 80.9205 117.824 149.841 181.925
8.37717 53.3175 82.9525 120.824 153.604 186.925
8.37717 54.6372 85.0058 123.824 157.604 191.552
8.37717 55.9903 87.0058 126.824 161.507 196.295
8.58307 56.9903 89.0058 129.824 165.477  201.12
8.58307 58.2711 91.0061 132.824 169.196  206.12
8.76487 59.5054 93.0061 135.824  172.78  211.12
8.76487 60.8474 95.0061 138.824 176.676 215.881
8.95779 61.8474 97.0061  141.88 180.676 220.633
9.12626 63.0106 99.0061 144.548 184.676 225.633
9.31327 64.0106 101.035 147.548 188.461 230.633
9.31327 65.3356 103.035 150.548 192.362 235.407
9.49836 66.3356 105.035  153.54 196.185 240.407
9.49836 67.3356 107.168  156.54 200.169 245.289
9.49836 68.6188  109.21  159.54 204.169 249.964
9.49836 69.6188 111.316 162.616 208.169 254.783
9.49836 70.6188 113.448 165.616 212.156 259.663
9.67313 71.6188 115.448 168.663 216.156 264.441
9.84695 72.6188 117.523 171.663 220.156 269.193
10.0217 73.6188 119.523  174.71 224.156 273.971
10.0217 74.6188 121.523 177.826 228.154 278.857
10.0217 75.8499 123.527 180.826 231.918 283.857
10.0217 76.8499 125.627   183.9 235.918 288.683
10.1849 77.8499 127.627 186.895  239.76 293.683
10.1849 79.0403 129.579 189.753  243.76 298.683
10.1849 80.2939 131.579 192.762  247.76  303.42
10.1849 81.2939 133.649 195.795 251.658  308.42
10.3333 82.4784 135.649 198.795 255.325  313.42
10.3333 83.4784 137.743 201.863 259.325 318.257
10.3333 84.4784 139.861 204.863 263.313 323.152
10.3333 85.4784 141.979 207.863   267.3 328.046
10.4823 86.4784 143.979  210.86 271.154 333.046
10.4823 87.6542 145.937 213.727 275.154 338.046
10.6239 88.6542 147.908 216.614 279.154 343.046
10.6239 89.6542 149.976 219.643 283.058 348.046
10.7513 90.7289 151.774 222.643 287.058 353.046
 10.898 91.7289 153.774  225.68 291.058 357.862
11.0364 92.8939 155.774  228.68 294.754 362.862
11.0364 93.8939 157.774 231.776 298.745 367.775
 11.183 94.8939 159.774 234.776 302.713  372.66
11.3256 95.8939 161.774 237.771 306.575  377.66
11.3256 97.1014 163.811 240.771 310.575 382.415
11.3256 98.2627  165.77 243.651 314.575 387.415
11.3256 99.4906  167.77 246.651 318.506 392.256
11.4644 100.491 169.826 249.651 322.506 397.062
11.6037 101.491 171.826 252.685 326.506 401.888
11.7368 102.491 173.795 255.582 330.506 406.888
11.8755 103.491 175.849 258.582 334.506 411.696
11.8755 104.709 177.849 261.582 338.443 416.541
11.8755 105.709 179.907 264.609 342.359 421.541
11.9997 106.815 181.907 267.378 346.359 426.541
12.1287 107.963 183.907 270.378 350.082 431.541
 12.253 109.069 185.907 273.148 354.082 436.541
12.3861 110.069 187.927 276.148 357.929 441.541
12.5104 111.174 189.927 278.919 361.929 446.541
12.5104 112.363 191.959 281.919 365.929  451.32
12.5104 113.559 193.959  284.92 369.929 456.123
12.5104 114.559 196.051  287.92 373.918 461.042
12.5104 115.559 198.051 290.997 377.914 465.969
 12.634 116.701 200.051 293.997 381.649 470.969
 12.634 117.701 202.107 297.018 385.571 475.969
 12.634 118.878 204.107 299.987 389.425 480.969
12.7578 120.042 206.107 302.987 393.425 485.681
12.7578 121.225 208.138 305.987 397.425 490.467
12.7578 122.401 210.138 308.956 401.281 495.467
12.8821 123.401 212.185 311.956 405.281 500.295
12.8821 124.401 214.273 314.956 409.269 505.218
12.8821 125.401 216.273  318.03 413.264 510.149
12.9998 126.401  218.25 320.936 417.264 515.149
12.9998 127.401 220.303 323.956  421.19 520.149
13.1118 128.499 222.303 326.747  425.19 525.149
13.2325 129.499 224.349 329.747  429.19 529.983
13.2325 130.677 226.349 332.747  433.19 534.805
13.3397 131.736 228.183 335.747  437.19 539.805
13.3397 132.736 230.266 338.747 441.181 544.732
13.4566 133.736 232.284 341.747 445.046 549.732
13.5755 134.736 234.284 344.768 449.046 554.591
13.5755 135.896 236.284 347.738 452.915 559.591
13.5755 136.896 238.365 350.738 456.905 564.521
13.5755 138.067 240.365 353.738 460.905 569.349
13.5755 139.227 242.365 356.709 464.775 574.349
13.5755 140.397 244.365 359.708 468.775 579.179
13.5755 141.397  246.43 362.748 472.775 584.074
13.6837 142.524  248.43 365.748  476.54 589.074
13.6837 143.524  250.43 368.815 480.536 594.012
13.7946 144.524  252.43 371.806 484.433 599.012
13.7946 145.524  254.43 374.872 488.428 603.952
13.7946 146.689  256.43 377.873 492.428 608.786
13.7946 147.835 258.434 380.873 496.277 613.786
13.8995 148.959 260.434 383.873 500.048 618.786
14.0043 150.082 262.434 386.873  503.82 623.786
14.0043 151.082 264.511 389.873 507.807 628.723
14.0043  152.24 266.538 392.873 511.807 633.539
14.0043  153.24 268.614 395.873 515.795 638.475
14.0043 154.364 270.585 398.777 519.795 643.475
14.1104 155.364 272.585 401.798 523.795 648.348
14.1104 156.534 274.585 404.798  527.74 653.232
14.1104 157.534 276.632 407.816 531.675 658.232
14.2048 158.589 278.484 410.816 535.675 663.232
14.2048  159.73 280.488 413.816  539.53 668.232
14.3015 160.817 282.488 416.632  543.53 673.232
14.3015 161.939 284.459 419.539  547.53 678.232
 14.404 162.939 286.497 422.539  551.53 683.092
 14.404  164.09  288.52 425.539  555.53 687.917
14.4965 165.144 290.374 428.539  559.53 692.917
14.5953 166.144 292.353  431.46  563.53 697.917
14.6934  167.26 294.353  434.46 567.316 702.917
14.7946  168.26 296.353 437.452 571.222 707.917
14.8957  169.26 298.353 440.444 575.129 712.917
14.9911 170.344 300.353 443.265 579.129 717.917
14.9911  171.48 302.356 446.265 582.991 722.917
15.0831 172.532 304.212 449.265 586.991 727.917
 15.182 173.663 306.212 452.265 590.991 732.688
 15.182 174.663 308.265 455.298 594.991 737.601
 15.182 175.808 310.286 458.298 598.991 742.436
 15.182 176.953 312.306 461.298 602.991  747.27
15.2723 178.005 314.164 464.298 606.991  752.27
15.2723 179.122 316.134 467.211 610.991  757.27
15.2723 180.122 318.186 470.243 614.991 762.186
 15.368  181.25 320.186 473.243 618.991 766.961
 15.368  182.25 322.251 476.243 622.982 771.906
 15.368 183.365 324.222 479.157 626.982 776.906
 15.368  184.52 326.222 482.157 630.932 781.801
15.4619 185.648 328.222 485.157 634.932 786.579
15.5495   186.7 330.082 488.157 638.932 791.579
15.5495 187.855 332.082 491.157 642.883 796.474
15.6391 188.937 334.082 493.985 646.883 801.474
15.7332 189.937 336.094 496.985 650.777 806.474
15.7332 190.937 338.155 499.985 654.769 811.421
15.8199 191.988 340.017 502.985 658.769 816.421
15.9089 193.069 342.017 505.816 662.769 821.421
16.0015 194.193 344.017 508.816 666.769 826.204
16.0015 195.306 345.989 511.732 670.769 831.204
16.0954 196.306 348.018 514.732 674.769  836.08
16.1816 197.356 349.881 517.732 678.769  841.08
16.2764 198.356 351.881 520.732 682.746 846.008
16.2764 199.356 353.881 523.781 686.743 850.962
16.3679 200.478 355.881 526.781 690.743 855.749
16.3679 201.603 357.879 529.781 694.621 860.749
16.4607 202.603 359.908 532.781 698.621 865.628
16.4607 203.603 361.943 535.794 702.572 870.628
16.5507 204.603 363.923 538.724 706.572 875.628
16.5507 205.603 365.969 541.754 710.572 880.552
16.5507 206.736 367.985 544.754 714.572 885.403
16.5507 207.864 369.985 547.726 718.471 890.403
16.5507 208.997 372.001 550.726 722.471 895.254
16.5507 210.125 374.001 553.699  726.37 900.254
16.6396 211.125  376.01 556.699 730.272 905.254
16.6396 212.252  378.01 559.672 734.172 910.254
16.7219 213.301 379.879 562.672 738.172 915.254
16.7219 214.436 381.879 565.666 742.172 920.125
16.8086 215.436 383.859 568.599 746.172 925.125
16.8982 216.436 385.859 571.599  750.15 930.057
16.8982 217.562 387.859 574.572 754.052 935.057
16.9868 218.562 389.859 577.583 758.052 939.957
17.0747 219.562 391.859 580.572 761.975 944.957
17.0747 220.562 393.892 583.585 765.929 949.957
17.1628 221.562 395.892 586.596 769.929 954.858
17.1628 222.689 397.907 589.596 773.929 959.717
17.2455 223.763 399.907 592.439 777.929 964.717
17.3302 224.861 401.907 595.439 781.746 969.717
17.3302 225.984 403.907 598.412  785.65 974.717
17.3302 227.107 405.907 601.386 789.554 979.717
17.3302 228.107  407.95 604.412 793.554 984.647
17.4117 229.181  409.95 607.257 797.554 989.647
17.4117  230.31  411.95  610.25 801.554 994.525
17.4929 231.384  413.95 613.095 805.554 999.525
17.4929 232.384 416.002 616.095 809.547 1004.48
17.4929   233.5 417.999 619.095 813.434 1009.48
17.5714 234.547 419.873 622.095 817.434 1014.48
17.5714 235.675 421.873 625.087 821.434 1019.36
17.6554 236.675 423.873 628.076 825.361 1024.36
17.6554 237.675 425.873 631.118 829.358 1029.32
17.7368 238.771 427.873 634.118 833.181 1034.32
17.7368 239.885  429.87 637.118  837.07 1039.32
17.8203 240.885 431.894 640.118  841.07 1044.21
17.9023 241.994 433.894 643.118  845.07 1049.02
17.9851 242.994 435.901 646.118  848.98 1054.02
18.0689 243.994 437.901 649.126  852.98 1058.93
18.1524 244.994 439.925 652.126  856.98 1063.82
18.2334 246.088 441.925 655.126 860.805 1068.82
18.3109 247.133 443.802 658.126 864.805 1073.82
18.3109  248.25 445.802 661.101 868.714 1078.82
18.3109 249.362 447.799 664.101 872.605 1083.82
18.3933 250.362 449.799  667.09 876.533 1088.82
18.4746 251.469 451.799  670.09 880.533 1093.63
18.5559 252.575 453.799  673.09 884.533 1098.45
18.5559 253.695  455.81  676.09 888.533 1103.32
18.5559 254.814 457.822  679.09 892.533 1108.18
18.5559 255.937 459.822 682.083 896.533 1113.07
18.6382 256.937 461.822 685.083 900.511 1118.01
18.7182 257.937 463.803 688.022 904.511 1123.01
18.7182 259.056 465.814 691.022 908.511 1127.88
18.7182 260.056 467.862 694.022 912.505 1132.84
18.7984 261.056 469.869 697.022 916.419 1137.84
18.8801 262.056 471.869 700.022 920.397 1142.78
18.8801 263.056 473.898 703.033 924.356 1147.78
18.8801 264.056 475.946 706.033  928.35 1152.74
18.9547   265.1 477.827 709.033  932.35 1157.74
18.9547 266.207 479.824 712.033 936.246 1162.74
19.0323 267.297 481.824 715.033 940.078 1167.74
19.0323 268.392 483.798 717.963 944.078 1172.74
19.1063 269.436  485.68 720.963 948.078 1177.74
19.1063 270.436 487.717 723.987 952.078 1182.67
19.1833 271.526 489.717 726.987 955.912 1187.67
19.1833 272.643 491.717  729.98 959.912 1192.56
19.2608 273.745 493.717  732.98 963.912 1197.38
19.3342 274.789   495.6  735.98 967.912 1202.38
19.3342 275.884 497.574 738.911 971.912 1207.38
19.4112 276.884 499.555 741.853 975.912 1212.38
19.4844 277.927 501.438 744.853 979.912 1217.38
 19.563 278.927 503.438  747.86 983.912  1222.3
 19.563 279.927 505.438 750.898 987.909 1227.26
 19.636 280.971 507.322 753.898 991.909 1232.26
19.7147 281.971 509.322 756.898 995.888 1237.21
19.7907 283.057 511.322 759.898 999.725 1242.21
19.7907 284.169  513.33 762.898 1003.73 1247.09
19.8685 285.169 515.349 765.898 1007.73 1251.99
19.8685 286.169 517.349 768.936 1011.72 1256.96
19.8685  287.28 519.358 771.936 1015.72 1261.84
19.9445 288.379 521.358 774.936 1019.72 1266.66
19.9445 289.493 523.358 777.929 1023.72 1271.55
20.0193 290.579 525.358 780.929 1027.56 1276.55
20.0193 291.579 527.392 783.953 1031.56  1281.5
20.0959 292.579  529.41 786.953 1035.56  1286.4
20.1727 293.579  531.41  789.96 1039.56 1291.32
20.2488 294.579 533.414  792.96 1043.48 1296.32
20.3233 295.663 535.414  795.96 1047.32 1301.32
20.3233 296.781 537.414  798.96 1051.28 1306.24
20.3233 297.781  539.44 801.972 1055.25 1311.24
20.3982 298.878  541.44 804.972 1059.25 1316.07
20.4739 299.878  543.44 807.961 1063.18 1321.07
20.5501 300.878  545.44 810.968 1067.18 1325.98
20.6261 301.878 547.458 813.968 1071.18 1330.89
20.6261 302.985 549.467 816.968 1075.18 1335.77
20.6261 303.985 551.492  819.98 1079.14 1340.77
20.6261 305.085 553.487  822.98 1083.05 1345.77
20.7015 306.085 555.487 825.987 1087.05 1350.69
20.7773 307.085 557.487 828.987 1091.03 1355.64
20.7773 308.085 559.487 832.024 1095.02  1360.6
 20.852 309.085 561.487 835.014 1098.96  1365.6
20.9255 310.085 563.468  837.96 1102.96  1370.6
21.0005 311.085 565.486  840.96 1106.96 1375.51
21.0005 312.172 567.461 843.898 1110.96 1380.51
21.0005 313.285 569.461 846.898 1114.92 1385.43
21.0005 314.285 571.494  849.92 1118.92 1390.38
21.0005  315.39 573.502  852.92 1122.92 1395.26
21.0005  316.39 575.543  855.92 1126.92 1400.23
21.0005 317.476 577.519 858.858 1130.92 1405.23
21.0005 318.476 579.543 861.869 1134.88 1410.23
21.0005 319.583 581.543 864.864 1138.88 1415.13
21.0005 320.686 583.552 867.864 1142.88 1420.02
21.0005 321.686 585.576 870.874 1146.85 1425.02
21.0005 322.783 587.572 873.874 1150.76 1430.02
21.0005 323.868 589.548 876.813 1154.76 1435.02
21.0728 324.868 591.548 879.813 1158.74 1439.96
21.1436 325.959 593.548 882.813 1162.74  1444.8
21.1436 327.055 595.543 885.813 1166.64  1449.8
21.1436 328.166 597.543 888.813 1170.61 1454.73
21.1436 329.166 599.575 891.835 1174.61 1459.67
21.1436 330.166 601.599 894.846 1178.57 1464.67
21.1436 331.269 603.607 897.846 1182.57 1469.56
21.1436 332.379 605.607 900.846 1186.54 1474.49
21.2136 333.379 607.611 903.846 1190.46 1479.49
21.2136 334.474 609.606 906.846 1194.37 1484.49
21.2833 335.474  611.61 909.846  1198.3 1489.49
21.3533 336.474  613.61 912.837 1202.24 1494.49
 21.423 337.474 615.614 915.837 1206.16 1499.49
21.4915 338.552 617.614 918.837 1210.02 1504.49
21.4915 339.661 619.614 921.837 1213.98 1509.42
21.4915 340.661 621.614 924.871 1217.98 1514.38
21.4915 341.769 623.614 927.871 1221.94 1519.31
21.4915 342.863  625.61 930.871 1225.85 1524.31
21.5579 343.922  627.61 933.746 1229.85 1529.31
21.6276 344.922  629.61 936.746 1233.83 1534.26
21.6276 345.922 631.641 939.767 1237.83 1539.21
21.6968 346.922 633.641 942.774 1241.83 1544.13
21.6968 348.029 635.641 945.774  1245.8 1549.06
21.7658 349.029 637.641  948.78  1249.8 1553.99
21.8335 350.029 639.623  951.73  1253.8 1558.99
21.9011 351.029 641.606  954.68  1257.8 1563.99
21.9011 352.029 643.629  957.69 1261.76 1568.99
21.9695 353.029 645.629 960.681  1265.7 1573.99
21.9695 354.029 647.666 963.681  1269.7 1578.96
21.9695 355.124 649.666 966.661 1273.62 1583.96
22.0366 356.124 651.649 969.611 1277.62 1588.96
22.1046 357.124 653.649 972.602 1281.56 1593.96
22.1725 358.124 655.649 975.593 1285.51 1598.96
22.2396 359.124 657.632 978.543 1289.51 1603.96
22.2396  360.22 659.639 981.543 1293.51 1608.85
22.2396  361.22 661.662 984.554 1297.47 1613.85
22.3078  362.22 663.662 987.554 1301.45  1618.8
22.3754  363.22 665.662 990.544 1305.39  1623.8
22.3754  364.22 667.662 993.577 1309.39 1628.77
22.4418  365.22 669.645 996.528 1313.39 1633.77
22.5094  366.22 671.661 999.528 1317.39 1638.69
22.5094 367.299 673.639 1002.47 1321.39 1643.69
22.5094 368.387 675.635 1005.47 1325.31 1648.69
22.5727 369.423 677.535 1008.47 1329.31 1653.69
22.5727 370.515 679.535 1011.45 1333.24 1658.69
22.6358 371.551 681.436 1014.45 1337.24 1663.69
22.7027 372.551  683.45 1017.45 1341.24 1668.61
22.7687 373.634  685.45 1020.45 1345.24 1673.46
22.7687 374.728 687.457 1023.45 1349.24 1678.36
22.7687 375.728 689.485 1026.47 1353.24 1683.31
22.8351 376.728 691.485 1029.46 1357.18 1688.31
22.8351 377.819 693.485 1032.44 1361.11 1693.31
22.8351  378.92 695.485 1035.44 1365.07 1698.25
22.8351 380.013 697.492 1038.44 1369.07 1703.15
22.9007 381.013 699.495 1041.44    1373 1708.15
 22.964 382.067 701.495 1044.32    1377 1713.15
 22.964 383.067 703.517 1047.33 1380.97 1718.15
23.0289 384.149 705.517 1050.33 1384.97    1723
23.0289 385.249 707.517 1053.33 1388.94 1727.93
23.0289 386.327 709.495 1056.28 1392.94 1732.93
23.0933 387.327 711.478 1059.23 1396.94 1737.93
23.0933 388.413 713.473 1062.23 1400.86 1742.93
23.0933 389.413 715.501 1065.25 1404.86 1747.89
23.0933 390.413 717.501 1068.28 1408.85 1752.86
23.0933 391.507 719.501 1071.27 1412.85 1757.77
23.1544 392.543 721.404 1074.27 1416.85 1762.77
23.1544 393.637 723.404 1077.27 1420.85 1767.68
23.1544  394.73 725.404 1080.26 1424.85  1772.6
23.2178 395.812 727.404 1083.26 1428.85 1777.45
23.2817 396.812 729.407 1086.26 1432.79 1782.45
23.3425 397.847 731.311 1089.26 1436.79 1787.45
23.3425 398.847 733.311 1092.29 1440.78 1792.42
23.3425 399.945 735.311 1095.29 1444.75 1797.36
23.3425 401.031 737.306 1098.29 1448.67 1802.36
23.4054 402.111 739.306 1101.29 1452.67 1807.21
23.4692 403.111 741.306  1104.3 1456.67 1812.15
23.5321 404.191 743.306  1107.3 1460.67    1817
 23.596 405.191 745.306  1110.3 1464.67 1821.93
 23.596 406.284 747.306  1113.3 1468.67 1826.85
23.6594 407.284 749.306 1116.29 1472.62 1831.85
23.6594 408.284 751.332 1119.31 1476.62  1836.8
23.7204 409.337 753.332 1122.19 1480.62  1841.8
23.7834 410.337 755.334 1125.19 1484.55  1846.8
23.8459 411.337 757.317 1128.15 1488.55  1851.8
23.9097 412.337 759.317 1131.15 1492.53 1856.76
23.9727 413.337 761.319 1134.15 1496.47 1861.76
23.9727 414.337 763.339 1137.16 1500.44 1866.76
23.9727 415.423 765.339 1140.14 1504.37 1871.76
24.0356 416.423 767.339 1143.13 1508.32 1876.76
24.0356 417.423 769.366 1146.15 1512.32 1881.71
24.0356 418.423 771.386 1149.16 1516.29 1886.71
24.0356 419.511 773.391 1152.16 1520.29 1891.62
24.0958 420.563 775.391 1155.04 1524.29 1896.62
24.0958 421.648 777.391 1158.02 1528.22 1901.62
24.1583 422.648 779.391 1161.03 1532.22 1906.55
24.2199 423.726 781.391 1164.03 1536.22 1911.41
24.2199 424.808 783.387 1167.03 1540.15 1916.41
24.2199 425.895 785.392 1170.03 1544.15 1921.32
24.2199 426.895 787.392 1173.06 1548.14 1926.29
24.2199 427.968 789.371 1176.01 1552.14 1931.29
24.2808 428.968 791.355 1178.96 1556.14 1936.29
24.3412 430.036 793.355 1181.96 1560.02 1941.29
24.3412 431.125 795.355 1184.95 1564.02 1946.21
24.3412 432.125 797.355 1187.98 1568.01 1951.18
24.4018 433.125 799.339 1190.94 1572.01 1956.18
24.4619 434.192 801.339 1193.94 1575.89 1961.18
24.5232 435.192 803.339 1196.93 1579.83 1966.18
24.5232 436.278 805.344 1199.93 1583.83 1971.09
24.5232 437.362 807.344 1202.91 1587.77 1976.09
24.5835 438.438 809.344 1205.91 1591.77 1980.95
 24.645 439.438 811.344 1208.91 1595.75 1985.91
 24.645 440.519  813.34 1211.91 1599.67 1990.91
 24.645   441.6 815.335 1214.91  1603.6 1995.91
 24.645 442.688 817.335  1217.9  1607.6 2000.83
24.7054 443.688 819.337  1220.9 1611.54 2005.83
24.7054 444.688 821.362 1223.92 1615.54 2010.79
24.7054 445.776 823.362 1226.92 1619.54  2015.7
24.7054 446.856 825.357 1229.92 1623.46  2020.7
24.7648 447.856 827.341 1232.87 1627.46  2025.7
24.7648 448.936 829.336 1235.87 1631.39  2030.7
24.7648 450.016 831.331 1238.87 1635.31  2035.7
 24.824 451.091 833.331 1241.87 1639.31 2040.57
24.8818 452.142 835.331 1244.76 1643.31 2045.57
24.9396 453.192 837.331 1247.66 1647.31 2050.57
24.9983 454.258 839.331 1250.66 1651.19 2055.57
25.0551 455.292 841.241 1253.66 1655.19 2060.57
25.1143 456.367 843.241 1256.66 1659.19 2065.44
25.1742 457.367 845.253 1259.66 1663.19 2070.36
25.1742 458.454 847.253 1262.65 1667.19 2075.28
25.2339 459.454 849.253 1265.64 1671.14 2080.28
25.2936 460.454 851.265 1268.64 1675.14 2085.21
25.3531 461.454 853.267 1271.64 1679.07 2090.21
 25.413 462.454 855.267 1274.64 1683.07 2095.15
25.4728 463.454 857.278 1277.64 1687.07 2100.08
25.5324 464.454 859.278 1280.64 1691.02 2105.08
25.5324 465.524 861.258 1283.59 1695.02 2110.08
25.5324 466.524 863.258 1286.61 1699.02 2115.05
25.5324 467.594 865.238 1289.56 1703.02 2120.05
25.5915 468.594 867.239 1292.56 1706.96 2125.05
25.5915 469.677 869.244 1295.56 1710.96 2129.96
25.6507 470.677 871.255 1298.56 1714.96 2134.89
  25.71 471.677 873.255 1301.57 1718.96 2139.83
25.7692 472.677 875.267 1304.57 1722.96 2144.76
25.7692 473.677 877.285 1307.57 1726.93 2149.76
25.8276  474.75 879.285 1310.57 1730.93 2154.63
25.8867  475.75 881.297 1313.57 1734.93 2159.56
25.9428 476.782 883.209 1316.57 1738.93 2164.56
25.9428 477.782 885.227 1319.58 1742.91 2169.56
25.9428  478.87 887.227 1322.58 1746.88  2174.5
26.0017  479.87 889.238 1325.58 1750.88 2179.43
26.0598 480.942 891.238 1328.58 1754.88  2184.3
26.1174 482.005 893.238 1331.58 1758.76  2189.3
26.1762 483.005  895.25 1334.58 1762.76 2194.23
26.1762 484.093  897.25 1337.58 1766.73 2199.17
26.2348 485.093 899.261 1340.58 1770.73  2204.1
26.2906 486.125 901.174 1343.58 1774.73  2209.1
26.2906 487.204 903.174 1346.56 1778.67  2214.1
26.3495 488.204 905.174 1349.56 1782.65 2219.06
26.3495 489.272 907.154 1352.52 1786.65 2224.06
26.3495  490.34 909.134 1355.47 1790.65 2229.06
26.4077  491.34 911.134 1358.46  1794.6 2234.06
26.4077 492.421 913.138 1361.46  1798.6 2238.97
26.4077 493.421 915.138 1364.49  1802.6 2243.95
26.4637 494.468 917.138 1367.38  1806.6 2248.95
26.5217 495.468 919.149 1370.38  1810.6 2253.88
26.5778 496.515 921.149 1373.28  1814.6 2258.88
26.5778 497.593 923.149 1376.26 1818.54 2263.88
26.5778  498.68 925.149 1379.26 1822.51 2268.82
26.5778  499.76 927.153 1382.26 1826.51 2273.74
26.6347  500.76 929.138 1385.22 1830.51 2278.74
26.6347  501.84 931.142 1388.22 1834.51 2283.66
26.6347 502.908 933.122 1391.17 1838.51 2288.66
26.6347 503.975 935.103 1394.12 1842.51 2293.66
26.6921 504.975 937.103 1397.13 1846.51  2298.6
26.6921 506.042 939.083 1400.08 1850.51  2303.6
26.7481 507.104 941.083 1403.08 1854.39  2308.6
26.8045 508.174 943.083 1406.08 1858.39 2313.47
 26.861 509.245 945.083 1409.08 1862.39 2318.34
 26.861 510.319 947.078 1412.08 1866.32 2323.34
 26.861 511.401 949.078 1415.07 1870.32 2328.27
 26.918 512.401 951.078 1418.08 1874.32 2333.21
 26.918 513.481 953.082 1421.08 1878.32 2338.12
26.9751 514.481 955.082 1424.08  1882.3 2343.08
27.0291 515.512 956.996 1427.08  1886.3 2348.08
27.0291 516.512 958.996  1430.1  1890.3 2353.06
27.0291 517.591     961  1433.1  1894.3 2357.98
27.0291 518.666 962.994  1436.1 1898.23 2362.98
27.0291 519.666 965.017 1439.12 1902.23 2367.94
27.0828 520.697 966.932 1442.12 1906.23 2372.94
27.0828 521.774 968.932  1445.1 1910.18 2377.94
27.1371  522.82 970.932    1448 1914.18 2382.94
27.1936  523.82 972.932    1451 1918.16  2387.9
27.1936  524.82 974.948    1454 1922.14  2392.9
27.1936 525.899 976.952    1457 1926.14 2397.82
27.2495 526.899 978.962    1460 1930.14 2402.75
27.2495 527.899  980.99    1463 1934.13 2407.73
27.3051 528.899  982.99    1466 1938.08 2412.73
27.3603 529.968  984.99    1469 1942.08  2417.6
27.3603 530.968 987.012 1472.02 1946.08 2422.56
27.4134 531.999 988.928 1475.02 1950.08 2427.56
27.4134 532.999  990.95 1478.04 1954.08 2432.53
27.4134 534.082  992.95 1481.04 1958.05 2437.47
27.4671 535.128  994.95 1483.94 1962.05 2442.47
27.4671 536.193  996.93 1486.89 1966.05 2447.47
27.5207 537.239  998.93 1489.79 1970.05 2452.47
27.5763 538.239 1000.93 1492.79 1974.03 2457.43
27.6306 539.299 1002.93 1495.79 1977.92 2462.43
27.6857 540.299 1004.93 1498.79 1981.86 2467.43
27.6857 541.299 1006.93 1501.81 1985.86 2472.41
 27.741 542.299 1008.94 1504.81 1989.86 2477.34
27.7963 543.299 1010.94 1507.82 1993.86 2482.29
27.8505 544.358 1012.94 1510.82 1997.75 2487.29
27.8505 545.435 1014.94 1513.82 2001.75 2492.21
 27.905 546.502 1016.94 1516.82 2005.75 2497.08
 27.905 547.567 1018.92 1519.77 2009.75 2502.08
 27.905 548.643 1020.93 1522.77 2013.75    2507
 27.905  549.72 1022.93 1525.77 2017.75 2511.92
27.9592  550.72 1024.92 1528.73 2021.75 2516.92
28.0141  551.72 1026.92 1531.73 2025.75 2521.87
28.0141  552.72 1028.94 1534.73 2029.75 2526.84
28.0141  553.72 1030.97 1537.73 2033.74 2531.82
 28.069  554.72 1032.97 1540.73 2037.73 2536.78
 28.069  555.72    1035 1543.73 2041.73 2541.76
28.1235  556.72 1037.01 1546.73 2045.73 2546.69
28.1235 557.784 1038.99 1549.69 2049.73 2551.69
28.1779 558.784    1041 1552.69 2053.73 2556.63
28.2325 559.784    1043 1555.69 2057.71 2561.59
28.2325 560.847 1044.98 1558.64 2061.71 2566.59
28.2862 561.913 1046.98 1561.64 2065.71 2571.47
28.2862 562.913 1048.98 1564.67 2069.71 2576.45
28.2862  563.99 1050.98 1567.66 2073.71 2581.38
28.2862  564.99 1052.98 1570.68 2077.71 2586.35
28.3385 566.035 1054.98 1573.59 2081.71 2591.35
28.3908 567.079 1056.98 1576.49 2085.71 2596.35
28.3908 568.152 1058.98 1579.47 2089.65 2601.35
28.3908 569.224 1060.98 1582.45  2093.6 2606.35
28.4435 570.282 1062.98 1585.45 2097.49 2611.35
28.4973 571.282 1064.99 1588.45 2101.49 2616.29
28.4973 572.282 1067.01 1591.45 2105.49 2621.27
28.5511 573.282 1069.01 1594.46 2109.49 2626.21
28.5511 574.282 1071.03 1597.47 2113.49 2631.18
28.6047 575.282 1073.03 1600.47 2117.49 2636.12
28.6047 576.344 1075.02 1603.43 2121.49 2641.12
28.6583 577.344 1077.02 1606.43 2125.49 2646.07
28.6583 578.407    1079 1609.39 2129.49 2651.07
28.7119 579.407    1081 1612.39 2133.47 2656.03
28.7119 580.478    1083 1615.37 2137.42 2661.03
28.7646 581.478 1084.98 1618.33 2141.42 2666.03
28.7646 582.541 1086.97 1621.29 2145.42 2671.03
28.7646 583.603 1088.95 1624.24 2149.42 2676.03
28.8177 584.603 1090.95 1627.24 2153.42 2680.97
28.8177 585.671 1092.94 1630.24 2157.35 2685.97
28.8177 586.671 1094.96 1633.25 2161.33 2690.97
28.8696 587.728 1096.96 1636.25 2165.22 2695.97
28.8696 588.803 1098.96 1639.24 2169.22  2700.9
28.9221 589.803 1100.96 1642.24 2173.17  2705.9
28.9221 590.878 1102.96 1645.24 2177.17 2710.84
28.9746 591.878 1104.96 1648.24 2181.12 2715.84
28.9746 592.946 1106.95 1651.24 2185.06 2720.84
29.0266 594.011 1108.95 1654.24 2189.06 2725.72
29.0266 595.085 1110.95 1657.23 2193.06 2730.65
29.0266 596.154 1112.95 1660.23 2196.99 2735.65
29.0266 597.227 1114.95 1663.23 2200.99 2740.57
29.0266 598.302 1116.95 1666.22 2204.99 2745.51
29.0266 599.376 1118.95 1669.22 2208.99 2750.44
29.0266 600.451 1120.95 1672.21 2212.99 2755.37
29.0266 601.513 1122.93 1675.17 2216.99 2760.37
29.0266 602.591 1124.93 1678.17 2220.97 2765.32
29.0266 603.659 1126.93 1681.17  2224.9 2770.32
29.0778 604.724 1128.93 1684.17  2228.9  2775.2
29.1285  605.78 1130.93 1687.17  2232.8  2780.2
29.1797 606.844 1132.93 1690.17  2236.8 2785.09
29.1797 607.844 1134.95 1693.18  2240.8 2790.05
29.2316 608.844 1136.95 1696.18 2244.78 2795.02
29.2316 609.917 1138.95 1699.18 2248.78 2799.94
29.2316 610.978 1140.93 1702.14 2252.78 2804.94
29.2316 611.978 1142.95 1705.15 2256.78 2809.91
29.2316 613.051 1144.95 1708.15 2260.78 2814.83
29.2316 614.051 1146.95 1711.17 2264.78 2819.81
29.2813 615.094 1148.95 1714.08 2268.78 2824.81
29.3319 616.158 1150.95 1717.08 2272.78  2829.7
29.3319  617.23 1152.96 1720.08 2276.78 2834.62
29.3319  618.23 1154.98 1723.08 2280.78  2839.6
29.3319  619.23 1156.98  1726.1 2284.78 2844.58
29.3823 620.294 1158.98  1729.1 2288.78 2849.46
 29.433 621.294 1160.98  1732.1 2292.73 2854.46
29.4824 622.337 1162.98 1735.01 2296.73 2859.46
29.4824  623.41 1164.98    1738 2300.73  2864.4
29.4824  624.41 1166.98 1741.02 2304.73 2869.38
29.5332  625.41 1168.99 1744.02 2308.73 2874.32
29.5332 626.482 1170.99 1747.02 2312.73 2879.24
29.5332 627.555 1172.99 1750.02 2316.73 2884.17
29.5823 628.598 1174.99 1752.92 2320.73 2889.17
29.5823 629.598 1177.01 1755.94 2324.73 2894.14
29.5823 630.667 1179.01 1758.92 2328.68 2899.14
29.5823 631.741 1181.01 1761.91 2332.68 2904.07
29.5823 632.741 1183.03 1764.92 2336.66 2909.07
29.5823 633.814 1185.03 1767.91 2340.66 2914.01
29.5823  634.89 1187.03 1770.91 2344.63 2918.96
29.6322  635.89 1189.03  1773.9 2348.59 2923.96
29.6322 636.957 1191.02  1776.9 2352.53 2928.96
29.6322 638.033 1193.02  1779.9  2356.5 2933.91
29.6322 639.106 1195.02  1782.9  2360.5 2938.84
29.6811 640.161 1197.02  1785.9  2364.4 2943.84
29.7304 641.161 1199.01 1788.86  2368.4 2948.84
29.7793 642.215 1201.01 1791.86  2372.3 2953.84
29.7793 643.282    1203 1794.86 2376.24 2958.84
29.8285 644.345    1205 1797.86 2380.24 2963.73
29.8773 645.399    1207 1800.86 2384.13 2968.73
29.8773 646.468    1209 1803.84 2388.08 2973.73
29.9267 647.468    1211 1806.84 2392.03 2978.73
29.9267 648.537    1213 1809.82 2395.98 2983.73
29.9764 649.537    1215 1812.83 2399.98 2988.68
29.9764 650.603    1217 1815.83 2403.92 2993.68
30.0258 651.603    1219 1818.82 2407.88 2998.68
30.0738 652.646    1221 1821.73 2411.88 3003.68
30.1235 653.646    1223 1824.73 2415.87 3008.64
30.1709 654.674 1224.92 1827.73 2419.87 3013.64
30.1709 655.674 1226.92 1830.75 2423.86 3018.62
30.2197 656.674 1228.91 1833.71 2427.86 3023.62
30.2694 657.674 1230.91 1836.71 2431.85 3028.59
30.2694 658.733 1232.89 1839.67 2435.85 3033.59
30.3181 659.733 1234.88 1842.63 2439.85 3038.59
 30.366 660.775 1236.88 1845.54 2443.85 3043.59
 30.366 661.775  1238.9 1848.56 2447.85 3048.55
30.4155 662.775  1240.9 1851.56 2451.84 3053.52
30.4155 663.775 1242.91 1854.56 2455.82 3058.52
30.4155 664.775 1244.93 1857.58 2459.82 3063.49
30.4643 665.775 1246.93 1860.58 2463.77 3068.49
30.5136 666.775 1248.93 1863.58 2467.75 3073.45
30.5622 667.775 1250.92 1866.54 2471.75 3078.45
30.6092 668.803 1252.84 1869.54 2475.75 3083.45
30.6562 669.831 1254.77 1872.54 2479.75 3088.45
30.6562 670.895 1256.76 1875.54  2483.7 3093.45
30.6562 671.969 1258.76 1878.54 2487.67  3098.4
30.7051 672.969 1260.77 1881.54 2491.67 3103.34
30.7535  674.03 1262.77 1884.54 2495.67 3108.24
30.7535 675.088 1264.75  1887.5 2499.67 3113.24
30.7535 676.088 1266.77  1890.5 2503.65 3118.24
30.7535 677.157 1268.77  1893.5 2507.65 3123.16
30.8002 678.184 1270.69  1896.5 2511.65 3128.16
30.8002 679.184 1272.71 1899.52 2515.65 3133.13
30.8489 680.184 1274.71 1902.52 2519.65 3138.08
30.8977 681.184 1276.71 1905.52 2523.64 3143.05
30.8977 682.258 1278.71 1908.52 2527.61    3148
30.8977 683.258 1280.73 1911.52 2531.59    3153
30.8977 684.258 1282.74 1914.54 2535.59 3157.97
30.9455 685.258 1284.73  1917.5 2539.59 3162.97
30.9934 686.317 1286.73  1920.5 2543.59 3167.86
31.0418 687.317 1288.74  1923.5 2547.59 3172.81
31.0893  688.37 1290.74  1926.5 2551.49 3177.81
31.0893 689.433 1292.73  1929.5 2555.44 3182.81
31.0893 690.491 1294.72 1932.46 2559.44 3187.81
31.0893  691.56 1296.72 1935.45 2563.44 3192.74
31.0893  692.56 1298.74 1938.47 2567.44 3197.71
31.1371  693.56 1300.73 1941.47 2571.39 3202.71
31.1844 694.612 1302.73 1944.47 2575.29 3207.71
31.1844 695.678 1304.73 1947.45 2579.24 3212.71
31.2324 696.678 1306.74 1950.45 2583.24 3217.66
31.2324 697.678 1308.76 1953.46 2587.22 3222.66
31.2802 698.678 1310.76 1956.45 2591.18 3227.66
31.3268 699.718 1312.76 1959.36 2595.18 3232.66
31.3268  700.79 1314.76 1962.36 2599.16 3237.61
31.3268  701.79 1316.76 1965.38 2603.16 3242.59
31.3746  702.79 1318.76 1968.38 2607.16 3247.54
31.3746 703.855 1320.76 1971.36 2611.11 3252.54
31.3746 704.855 1322.78 1974.36 2615.11 3257.52
31.3746 705.855 1324.78 1977.38 2619.11  3262.5
31.4213 706.907 1326.78 1980.38 2623.01  3267.5
31.4684 707.907 1328.77 1983.35 2627.01  3272.5
31.5151 708.958 1330.77 1986.35 2630.91  3277.5
31.5608 709.985 1332.69 1989.35 2634.91  3282.5
31.6081 710.985 1334.69 1992.35 2638.86  3287.5
31.6544 712.025 1336.69 1995.26 2642.86  3292.5
31.6544 713.082 1338.68 1998.22 2646.86  3297.5
31.6999 714.108  1340.6 2001.22 2650.86  3302.5
31.6999 715.108  1342.6 2004.24 2654.86 3307.48
31.7471 716.108  1344.6 2007.24 2658.82 3312.48
31.7927 717.135 1346.53 2010.24 2662.82 3317.48
  31.84 718.135 1348.53 2013.23 2666.78 3322.48
31.8861 719.175 1350.53 2016.15 2670.78 3327.48
31.9326 720.225 1352.53 2019.15 2674.68 3332.48
31.9796 721.283 1354.53 2022.15 2678.68 3337.38
31.9796 722.283 1356.53 2025.17 2682.68 3342.36
31.9796 723.283 1358.55 2028.18 2686.68 3347.33
31.9796 724.354 1360.55 2031.18 2690.65 3352.29
31.9796 725.421 1362.55 2034.17 2694.65 3357.23
32.0248 726.448 1364.48 2037.17 2698.65 3362.23
32.0717 727.448 1366.47 2040.17 2702.61 3367.23
32.0717 728.509 1368.47 2043.17 2706.55 3372.23
32.0717 729.509 1370.49 2046.17 2710.55 3377.21
32.1189 730.509 1372.49 2049.17 2714.54 3382.17
 32.164 731.536 1374.42 2052.17 2718.54 3387.17
32.2111 732.536 1376.42 2055.17 2722.54 3392.13
32.2111 733.599 1378.42 2058.16 2726.49 3397.13
32.2111 734.655  1380.4 2061.12 2730.49 3402.13
32.2111 735.655 1382.42 2064.12 2734.47 3407.13
32.2111 736.655 1384.43 2067.13 2738.47  3412.1
32.2565 737.694 1386.43 2070.05 2742.47  3417.1
32.2565 738.694 1388.45 2073.05 2746.47 3422.08
 32.303 739.694 1390.45 2076.04 2750.43 3427.08
32.3489 740.744 1392.45 2079.04 2754.34 3432.08
32.3947 741.794 1394.45 2082.04 2758.24 3437.08
32.3947 742.849 1396.44    2085 2762.24 3442.08
32.4405 743.899 1398.44    2088 2766.14 3447.08
32.4858 744.938 1400.44 2090.92 2770.14 3452.08
32.5322 745.938 1402.44 2093.92  2774.1 3457.08
32.5322 747.001 1404.44  2096.9 2778.05 3462.08
32.5787 748.001 1406.44  2099.9 2782.05 3467.03
32.5787 749.001 1408.45 2102.91 2786.05    3472
32.5787 750.065 1410.45 2105.91 2790.05 3476.94
32.5787 751.065 1412.47 2108.92 2794.05 3481.91
32.5787  752.12 1414.45 2111.89 2798.05 3486.91
32.6245  753.12 1416.44 2114.85 2802.05 3491.91
32.6706  754.12 1418.44 2117.85 2806.01 3496.91
32.7163 755.176 1420.44 2120.85 2810.01 3501.81
32.7163 756.176 1422.46 2123.85    2814 3506.79
32.7163 757.176 1424.48 2126.86    2818 3511.76
32.7622 758.176 1426.48 2129.86 2821.96 3516.76
32.8076 759.225 1428.48 2132.86 2825.86 3521.76
32.8537 760.225 1430.48 2135.86 2829.86 3526.71
32.8537 761.291 1432.48 2138.86 2833.86 3531.65
32.8985 762.329 1434.48 2141.77 2837.86 3536.65
32.9447 763.329 1436.48 2144.77 2841.85 3541.62
32.9909 764.329 1438.48 2147.77 2845.84 3546.59
33.0362 765.378 1440.48 2150.77 2849.74 3551.59
33.0362 766.438 1442.48 2153.77 2853.69 3556.59
33.0362 767.492 1444.46 2156.74 2857.69 3561.59
33.0819 768.492 1446.46 2159.74 2861.64 3566.59
33.1266  769.53 1448.46 2162.65 2865.64 3571.59
33.1266 770.591 1450.46 2165.64  2869.6 3576.59
33.1725 771.591 1452.46 2168.64  2873.6 3581.54
33.1725 772.653 1454.46 2171.62 2877.55 3586.54
33.1725 773.718 1456.46 2174.61 2881.55 3591.48
33.2177 774.718 1458.45 2177.58 2885.55 3596.48
33.2177 775.786 1460.45 2180.58 2889.53 3601.44
33.2633 776.786 1462.45 2183.57 2893.49 3606.44
33.2633 777.849 1464.45 2186.57 2897.49 3611.37
33.2633 778.908 1466.45 2189.57 2901.44 3616.37
33.2633  779.97 1468.45 2192.56 2905.39 3621.37
33.3083  780.97 1470.43 2195.52 2909.39 3626.37
33.3083 782.033 1472.43 2198.52 2913.39 3631.31
33.3083 783.094 1474.43 2201.51 2917.35 3636.31
33.3083 784.153 1476.43 2204.51 2921.29 3641.31
33.3083 785.216 1478.43 2207.51 2925.29 3646.25
33.3083 786.216 1480.45 2210.52 2929.29 3651.22
33.3083 787.281 1482.45 2213.51 2933.29 3656.16
33.3083 788.281 1484.46 2216.52 2937.29 3661.13
33.3083 789.342 1486.46 2219.51 2941.25 3666.13
33.3083 790.342 1488.46 2222.52 2945.25 3671.12
33.3533 791.342 1490.46 2225.52 2949.25 3676.07
33.3533 792.401 1492.46 2228.52 2953.19 3681.07
33.3533 793.401 1494.46 2231.54 2957.19 3686.06
 33.398 794.401 1496.46 2234.53 2961.15 3691.06
 33.398 795.401 1498.46 2237.55 2965.15 3696.04
 33.441 796.426 1500.39 2240.55 2969.15 3701.04
 33.441 797.479 1502.37 2243.51 2973.15 3706.04
 33.485 798.527 1504.37 2246.51 2977.06 3711.04
 33.485 799.594 1506.37 2249.51 2981.04    3716
 33.485 800.658 1508.37 2252.51 2985.04 3720.94
33.5291 801.712 1510.37 2255.51 2989.04 3725.84
33.5736 802.712 1512.38 2258.51 2993.04 3730.79
 33.617  803.75 1514.38 2261.42 2997.04 3735.79
33.6599 804.775 1516.31 2264.42 3001.04 3740.79
33.7046 805.775 1518.31 2267.42 3005.02 3745.76
33.7046 806.775 1520.33 2270.42 3009.02 3750.74
33.7493 807.775 1522.33 2273.42 3013.01 3755.71
 33.793 808.823 1524.33 2276.42 3016.92 3760.71
33.8374 809.823 1526.33 2279.42 3020.87 3765.71
33.8818 810.823 1528.33 2282.42 3024.84 3770.71
33.8818 811.823 1530.34 2285.42 3028.82 3775.71
33.8818 812.886 1532.34 2288.41 3032.82 3780.66
33.9257 813.886 1534.33 2291.38 3036.82 3785.66
  33.97 814.886 1536.33 2294.37 3040.78 3790.66
  33.97 815.948 1538.33 2297.37 3044.78  3795.6
34.0127 816.973 1540.26 2300.37 3048.78  3800.6
34.0553 817.997  1542.2 2303.37 3052.78  3805.6
34.0998 818.997  1544.2 2306.37 3056.77 3810.56
34.1441 819.997  1546.2 2309.37 3060.77 3815.51
34.1873 821.034  1548.2 2312.29 3064.77 3820.51
34.2314 822.034  1550.2 2315.29 3068.73 3825.51
34.2741 823.059 1552.13 2318.29 3072.73 3830.51
34.2741 824.059 1554.15 2321.29 3076.72  3835.5
34.2741 825.124 1556.15 2324.29  3080.7 3840.46
34.2741 826.187 1558.15 2327.29  3084.7  3845.4
34.3183 827.187 1560.15 2330.29  3088.7 3850.36
34.3183 828.239 1562.14 2333.25  3092.7 3855.36
34.3624 829.239 1564.14 2336.25  3096.7 3860.31
 34.406 830.292 1566.14 2339.25  3100.7 3865.22
 34.406 831.351 1568.14 2342.23 3104.66 3870.22
 34.406 832.412 1570.14 2345.23 3108.66 3875.15
34.4498 833.412 1572.14 2348.23 3112.61 3880.15
34.4498 834.474 1574.14 2351.23 3116.61  3885.1
34.4498 835.534 1576.14 2354.21 3120.57  3890.1
34.4498 836.534 1578.15 2357.22 3124.57 3895.07
34.4498 837.591 1580.15 2360.22 3128.52 3900.07
34.4498 838.655 1582.15 2363.22  3132.5 3905.03
34.4919  839.68 1584.08 2366.22  3136.5 3910.03
34.5357  840.68 1586.08 2369.22  3140.5 3914.99
34.5357  841.68 1588.09 2372.23 3144.48 3919.99
34.5793  842.68  1590.1 2375.23 3148.48 3924.94
34.5793  843.68 1592.11 2378.24 3152.48 3929.91
34.6227  844.68 1594.11 2381.24 3156.44 3934.91
34.6227  845.68 1596.12 2384.24 3160.42 3939.91
34.6227 846.744 1598.12 2387.24  3164.4 3944.87
 34.666 847.744 1600.12 2390.24 3168.36 3949.87
 34.709 848.744 1602.11 2393.21 3172.36 3954.87
 34.709 849.806 1604.11  2396.2 3176.36 3959.82
34.7518 850.852 1606.11  2399.2 3180.27 3964.82
34.7952 851.852 1608.11  2402.2 3184.27 3969.77
34.8386 852.852 1610.12  2405.2 3188.27 3974.72
 34.882 853.852 1612.12  2408.2 3192.27 3979.68
 34.882 854.852 1614.14  2411.2 3196.26 3984.66
34.9243 855.888 1616.14 2414.12 3200.26 3989.66
34.9243 856.949 1618.14 2417.12 3204.26 3994.61
34.9243 858.005 1620.13 2420.12 3208.21 3999.61
34.9674 859.005 1622.13 2423.12 3212.17 4004.61
34.9674 860.005 1624.15 2426.13 3216.17 4009.58
34.9674 861.005 1626.17 2429.13 3220.17 4014.56
 35.009 862.029  1628.1 2432.13 3224.17 4019.56
 35.009 863.085 1630.09 2435.13 3228.12 4024.56
 35.009 864.143 1632.09 2438.11 3232.08 4029.56
 35.009 865.143 1634.09 2441.13 3236.07 4034.55
 35.052 866.143 1636.09 2444.13 3240.07 4039.51
 35.095 867.143  1638.1 2447.13 3244.07 4044.46
35.1364 868.168 1640.03 2450.13 3248.07 4049.46
 35.179 869.219 1642.03 2453.13 3252.07 4054.36
35.2216 870.219 1644.02  2456.1 3256.07 4059.36
35.2644 871.219 1646.02  2459.1 3260.03 4064.36
35.3058 872.243 1647.96  2462.1 3264.03 4069.36
35.3488 873.243 1649.96  2465.1 3268.03 4074.32
35.3488 874.243 1651.96 2468.11 3272.03  4079.3
35.3915 875.243 1653.96 2471.11 3275.99  4084.3
35.3915 876.243 1655.98 2474.11 3279.99 4089.29
35.3915 877.299 1657.97 2477.11 3283.94 4094.29
35.3915 878.349 1659.96 2480.08 3287.94 4099.29
35.4328 879.373 1661.89 2483.08 3291.94 4104.29
35.4755 880.373 1663.89 2486.07  3295.9 4109.29
35.5182 881.373 1665.89 2489.06 3299.87 4114.29
35.5603 882.418 1667.89 2492.06 3303.78 4119.29
35.5603  883.48 1669.89 2495.06 3307.76 4124.25
35.5603  884.48 1671.91 2498.07 3311.76 4129.22
35.5603  885.48 1673.92 2501.07 3315.76  4134.2
35.6028  886.48 1675.92 2504.06 3319.72  4139.2
35.6439 887.504 1677.86 2507.06 3323.72  4144.2
35.6862 888.504 1679.85 2510.03 3327.72  4149.2
35.6862 889.504 1681.86 2513.04 3331.72 4154.18
35.6862 890.558 1683.86 2516.04 3335.68 4159.18
35.7288 891.558 1685.86 2519.04 3339.66 4164.15
35.7709 892.558 1687.84 2522.01 3343.66 4169.15
35.8128 893.603 1689.84 2525.01 3347.58 4174.15
35.8549 894.654 1691.84 2528.01 3351.58 4179.06
35.8974 895.654 1693.84 2531.01 3355.58 4184.02
35.9401 896.654 1695.84 2534.01 3359.56 4188.99
35.9822 897.704 1697.84 2537.01 3363.56  4193.9
35.9822 898.766 1699.84 2540.01 3367.54 4198.86
36.0243 899.816 1701.84 2543.01 3371.54 4203.76
36.0669 900.816 1703.84 2546.01 3375.53 4208.73
36.1093 901.816 1705.85 2549.01 3379.53 4213.69
36.1093 902.816 1707.86 2552.02 3383.51 4218.69
36.1093 903.872 1709.86    2555 3387.47 4223.69
36.1093 904.872 1711.88    2558 3391.47 4228.67
36.1093 905.931 1713.88    2561 3395.47 4233.62
36.1093  906.98 1715.86 2563.96 3399.47 4238.62
36.1514  907.98 1717.86 2566.96 3403.43 4243.62
36.1514 909.039 1719.86 2569.96 3407.43 4248.57
36.1514 910.039 1721.88 2572.97 3411.43 4253.54
36.1931 911.089 1723.88 2575.97 3415.43 4258.45
36.1931 912.151 1725.88 2578.97  3419.4 4263.41
36.1931 913.151 1727.89 2581.97 3423.39 4268.41
36.1931 914.206 1729.89 2584.96 3427.35 4273.41
36.1931 915.206 1731.89 2587.97 3431.35  4278.4
36.1931 916.265 1733.89 2590.97 3435.35 4283.35
36.2346 917.265 1735.87 2593.94 3439.35 4288.35
36.2346 918.321 1737.87 2596.92  3443.3 4293.35
36.2346  919.37 1739.86 2599.89  3447.3 4298.35
36.2763  920.37 1741.86 2602.88 3451.27 4303.35
36.3166 921.393  1743.8 2605.88 3455.27 4308.35
36.3583 922.393  1745.8 2608.87 3459.24 4313.35
36.3994 923.437  1747.8 2611.87 3463.15 4318.35
36.4408 924.486  1749.8 2614.87 3467.15 4323.25
36.4408  925.54 1751.79 2617.87  3471.1 4328.25
36.4408 926.598 1753.79 2620.86  3475.1  4333.2
36.4408 927.598  1755.8 2623.87 3479.09  4338.2
36.4408 928.598 1757.81 2626.88 3483.09 4343.18
36.4408 929.659 1759.81 2629.88 3487.07 4348.14
36.4809 930.682 1761.75 2632.88 3491.07 4353.14
36.4809 931.736 1763.75 2635.88 3495.02 4358.14
36.5214  932.77 1765.75  2638.8 3499.02 4363.14
36.5629  933.77 1767.75  2641.8 3503.02  4368.1
36.6043  934.77 1769.75 2644.79 3506.99  4373.1
36.6043 935.828 1771.75 2647.79 3510.99 4378.05
36.6456 936.828 1773.74 2650.79 3514.95 4383.05
36.6869 937.828 1775.74 2653.79 3518.91 4388.05
36.7282 938.828 1777.74 2656.79 3522.87 4393.05
36.7282 939.885 1779.74 2659.78 3526.87    4398
 36.769 940.929 1781.74 2662.78 3530.78    4403
36.8102 941.929 1783.74 2665.78 3534.74    4408
36.8102 942.985 1785.74 2668.78 3538.74 4412.94
36.8516 943.985 1787.74 2671.78 3542.74  4417.9
36.8929 944.985 1789.74 2674.78 3546.74 4422.86
36.8929  946.04 1791.74 2677.77  3550.7 4427.86
36.8929 947.088 1793.73 2680.73  3554.7 4432.86
36.8929 948.143 1795.73 2683.72 3558.66 4437.86
36.9332 949.177 1797.73 2686.64 3562.66 4442.86
36.9332 950.177 1799.74 2689.64 3566.66 4447.84
36.9733 951.211 1801.74 2692.57 3570.66 4452.84
36.9733  952.27 1803.74 2695.57 3574.64 4457.81
36.9733  953.27 1805.76 2698.57 3578.64 4462.79
36.9733  954.33 1807.76 2701.57 3582.61 4467.75
37.0142  955.33 1809.76 2704.57 3586.57 4472.75
37.0554  956.33 1811.76 2707.57 3590.56 4477.72
 37.095 957.353  1813.7 2710.57 3594.56 4482.72
 37.095 958.353 1815.71 2713.57 3598.55 4487.72
 37.095 959.401 1817.69 2716.54 3602.55 4492.72
 37.095  960.46 1819.69 2719.54 3606.53 4497.69
 37.095 961.516 1821.69 2722.54 3610.53 4502.63
37.1355 962.516 1823.68 2725.51 3614.53 4507.63
37.1355 963.572 1825.68 2728.51 3618.53 4512.57
37.1759 964.621 1827.68 2731.51 3622.53 4517.49
37.1759 965.621 1829.69 2734.52 3626.51 4522.49
37.1759 966.621 1831.71 2737.52 3630.51 4527.47
37.1759 967.673  1833.7 2740.52 3634.46 4532.47
37.1759 968.732  1835.7 2743.52 3638.44 4537.43
37.1759 969.732 1837.71 2746.52 3642.42 4542.43
37.2155 970.766 1839.71 2749.45 3646.42 4547.43
37.2155 971.766 1841.73 2752.46 3650.42 4552.41
 37.256 972.766 1843.73 2755.46 3654.42 4557.36
37.2956 973.799 1845.73 2758.39 3658.42 4562.36
37.2956 974.799 1847.75 2761.39 3662.42 4567.35
37.2956 975.799 1849.76 2764.39 3666.42 4572.33
37.3356 976.847 1851.76 2767.39 3670.42 4577.24
37.3356 977.901 1853.76 2770.38 3674.38 4582.24
37.3356 978.955 1855.76 2773.37 3678.34 4587.24
37.3761 979.955 1857.76 2776.37 3682.33 4592.21
37.3761 980.955 1859.78 2779.37 3686.33  4597.2
37.4155 981.989 1861.78 2782.29 3690.33  4602.2
37.4155 983.047 1863.78 2785.29 3694.31 4607.16
37.4155 984.102 1865.78 2788.29 3698.31  4612.1
37.4556 985.102 1867.78 2791.29 3702.27  4617.1
37.4556 986.161 1869.78 2794.29 3706.25 4622.07
37.4956 987.161 1871.78 2797.29 3710.21 4627.07
37.4956 988.216 1873.78 2800.29 3714.21 4632.01
37.4956 989.271 1875.78 2803.29 3718.21 4636.96
37.4956  990.33 1877.78 2806.29 3722.19 4641.92
37.4956  991.33 1879.79 2809.29 3726.18  4646.9
37.4956  992.33 1881.81 2812.29 3730.18 4651.89
37.4956 993.385 1883.81 2815.29 3734.18 4656.83
37.5355 994.385 1885.81 2818.29 3738.18 4661.79
37.5355 995.385 1887.83 2821.29 3742.18 4666.77
37.5754 996.385 1889.83 2824.29 3746.18 4671.74
37.5754 997.443 1891.83 2827.29 3750.16  4676.7
37.5754 998.496 1893.83 2830.28 3754.12  4681.7
37.5754  999.55 1895.83 2833.27 3758.08  4686.7
37.6148  1000.6 1897.83 2836.27 3762.08 4691.61
37.6542  1001.6 1899.82 2839.24 3766.08 4696.61
37.6926 1002.62 1901.76 2842.24 3770.08 4701.61
37.6926 1003.62 1903.77 2845.25 3774.08 4706.59
37.7323 1004.62 1905.78 2848.25 3778.08 4711.54
37.7323 1005.68 1907.78 2851.24 3782.08  4716.5
37.7323 1006.73 1909.78 2854.23 3786.08 4721.45
37.7714 1007.77 1911.78 2857.23    3790 4726.45
37.8111 1008.77 1913.78 2860.23 3793.99 4731.42
37.8111 1009.83 1915.78 2863.23 3797.97 4736.38
37.8111 1010.83 1917.79 2866.24 3801.97 4741.36
37.8111 1011.89 1919.79 2869.24 3805.97 4746.31
37.8111 1012.89 1921.79 2872.26 3809.97 4751.29
37.8506 1013.89 1923.79 2875.26 3813.97 4756.25
37.8897 1014.89 1925.78 2878.23 3817.97 4761.25
37.8897 1015.89  1927.8 2881.23 3821.96 4766.24
37.9288 1016.89 1929.78  2884.2 3825.96 4771.24
37.9288 1017.94 1931.78  2887.2 3829.94  4776.2
37.9288 1018.99 1933.78  2890.2  3833.9  4781.2
37.9288 1020.05 1935.77  2893.2 3837.85  4786.2
 37.968 1021.05 1937.77 2896.19 3841.82  4791.2
38.0068 1022.09 1939.77 2899.19 3845.74  4796.2
38.0068 1023.09 1941.78  2902.2 3849.73  4801.2
38.0459 1024.09 1943.78  2905.2 3853.69  4806.2
38.0459 1025.09 1945.78 2908.21 3857.69 4811.19
38.0842 1026.12 1947.78 2911.14 3861.69 4816.19
38.1234 1027.12 1949.78 2914.13 3865.65 4821.19
38.1627 1028.12 1951.78 2917.13 3869.64 4826.16
38.2018 1029.12 1953.78 2920.13  3873.6 4831.16
38.2018 1030.17 1955.78 2923.13  3877.6 4836.11
 38.241 1031.17 1957.78 2926.13 3881.59 4841.08
 38.241 1032.17 1959.78 2929.15 3885.59 4846.07
 38.241 1033.17 1961.78 2932.16 3889.59 4851.05
 38.241 1034.23 1963.78 2935.16 3893.59    4856
  38.28 1035.23 1965.78 2938.15 3897.56    4861
38.3191 1036.23 1967.78 2941.15 3901.56 4865.96
38.3191 1037.28 1969.78 2944.15 3905.56 4870.91
 38.358 1038.28 1971.78 2947.14 3909.53 4875.91
 38.358 1039.33 1973.78 2950.13 3913.49 4880.91
 38.358 1040.39 1975.78 2953.12 3917.49 4885.86
 38.358 1041.44 1977.78 2956.12 3921.49 4890.81
38.3964 1042.48 1979.78 2959.12 3925.41 4895.81
38.3964 1043.48 1981.79 2962.13 3929.41 4900.79
38.3964 1044.54 1983.79 2965.13 3933.41 4905.74
38.3964 1045.58 1985.78 2968.09 3937.41 4910.74
38.4339  1046.6 1987.72 2971.09 3941.41 4915.74
38.4339  1047.6 1989.74 2974.09 3945.41 4920.72
38.4339 1048.65 1991.73 2977.09 3949.36 4925.72
38.4339 1049.65 1993.75 2980.09 3953.36 4930.71
38.4717 1050.69 1995.75 2983.02 3957.36 4935.71
38.4717 1051.69 1997.75 2986.04 3961.36  4940.7
38.5095 1052.72 1999.75 2988.97 3965.36  4945.7
38.5468 1053.74 2001.69 2991.97 3969.36  4950.7