3.33333       2 3.33333       4       5 3.33333
4.94624 2.96774 5.33333       7 7.41935 8.33333
6.62303 3.96774 7.14135      10 9.93454 13.3333
6.62303 4.96774 9.14135 13.6071  13.518 18.1428
6.62303 5.96774 11.1414 17.2142 17.1015 22.9522
6.62303 7.15946 13.3662 20.2142 21.1015 27.5356
6.62303 8.35119 15.5911 23.2142 25.1015 32.1191
6.62303 9.35119 17.9465 26.2142 28.8937 36.9714
6.62303 10.5161 20.1822 29.2142 32.4931 41.9714
7.30398 11.5161 22.1822 32.2179 36.4931 46.2868
7.97659 12.5161 24.1822 35.1847 39.8536 51.2868
7.97659 13.6541 26.1822 38.3837 43.8536 55.9498
7.97659  14.792 28.1822 41.5827 47.8536 60.6128
7.97659  15.792 30.1822 44.9083 51.6807 65.4603
8.51296 16.8539 32.1822 47.9083 55.6807  69.862
8.95673 17.7325 33.8598 50.9083 59.6807  74.862
8.95673 18.7705 35.8418 53.8882 63.6807  79.862
8.95673 19.8085 37.8239 56.8682 67.6807  84.862
8.95673 20.8465 39.8059 59.8482 71.6807  89.862
8.95673 21.8465 41.8059 63.0921  75.566 94.7328
8.95673 22.8465 43.8908 66.2386 79.3346 99.7328
9.31172  23.752 45.6303 69.2386 83.3346 104.733
9.31172  24.752 47.7082 72.3915 87.3346 109.502
9.31172  25.752 49.7082 75.6182 91.2272 114.383
9.31172  26.752 51.7819 78.7728 95.2272 119.154
9.64459  27.752  53.633 81.5888 99.2272 124.154
10.0028  28.752  55.633 84.6192 103.227 128.766
10.0028  29.752 57.6894  87.747 107.043 133.766
10.3447  30.752 59.6894 90.7463 110.702 138.766
10.6855 31.7649 61.6894 93.7463 114.348 143.766
11.0315 32.7649 63.6873 96.7463 118.348 148.422
11.0315 33.7649 65.8073 99.7463 122.288 153.362
11.0315 34.8329 67.8887 102.746 126.288 158.213
11.3559  35.857 69.8887 105.746 130.288 162.865
11.6757  36.867 71.8887 108.746 133.958 167.865
12.0008  37.867 73.8901 111.746 137.958 172.538
12.3203 38.8751 75.8901 114.746  141.63 177.538
12.3203 39.9316 77.8901 117.865  145.63 182.363
12.3203 40.9844 79.8901 120.972  149.47 187.363
12.3203 42.0692 81.8901 123.972 153.426 192.322
12.6167 43.0813 83.8901 126.972 157.117 197.322
12.8878 44.0072 85.6931 129.972 161.117 202.322
13.1846 45.0072 87.6931 132.965 164.827 207.322
13.4802 46.0163 89.6931 135.965 168.523 212.322
13.7779 47.0163 91.6738 138.965 172.244 217.322
14.0538 47.9577 93.6738 141.748 176.244 222.322
14.0538 48.9577 95.7203 144.845 180.244 227.179
14.0538 50.0044 97.7203 147.941 184.244 232.036
14.3386 51.0177 99.7203 150.941 188.244 236.738
14.6225 52.0177  101.72  153.93 191.972 241.738
14.9084 53.0177 103.709  156.93 195.972 246.463
15.1929 54.0295 105.709  159.93 199.972 251.167
15.1929 55.0814 107.767  162.93 203.972 256.057
15.1929 56.0814  109.81 166.019 207.839 261.057
 15.465  57.086  111.81 169.019 211.562 266.057
15.7473  58.086  113.81 172.019 215.424 270.913
15.7473  59.129  115.81 175.108 219.292 275.913
15.7473  60.129 117.853 178.197  223.16 280.913
15.7473 61.1419 119.838 181.199  227.16 285.913
16.0153 62.1419 121.838 184.199 231.026 290.779
16.2833 63.1419 123.838 187.199 234.892 295.645
16.5276 64.0892 125.838 190.007 238.892 300.645
16.5276 65.1354 127.892 193.007 242.792 305.645
16.5276 66.1803 129.944 196.007 246.792 310.549
16.5276 67.1803 131.986 199.087  250.67 315.549
16.7829 68.1803 133.986 202.087 254.542 320.422
16.7829 69.1803 135.986 205.208 258.472  325.37
17.0281 70.1803 137.986 208.207 262.472 330.126
17.0281 71.2183 139.986 211.287 266.472 335.008
17.0281 72.2183 141.986 214.406 270.407 339.955
17.2662 73.2279 143.986 217.406 274.407 344.707
17.4942 74.2279 145.887 220.277 278.407 349.707
17.7222 75.2279 147.789 223.148 282.407 354.707
17.7222 76.2279 149.825 226.223 286.407 359.595
17.7222 77.2692 151.872 229.223 290.407 364.507
17.9536 78.2781 153.872 232.223 294.407 369.267
17.9536 79.3145 155.872 235.297 298.407 374.156
17.9536 80.3145 157.906 238.368 302.301 379.156
17.9536 81.3145 159.941 241.439 306.196 384.156
18.1764 82.3237 161.941 244.439 310.196 388.924
18.3905 83.3237 163.848 247.318 314.196 393.924
18.3905 84.3237 165.883  250.39 318.196 398.817
18.3905 85.3622 167.926  253.39 322.115 403.817
18.3905 86.3622 169.959 256.458 326.014 408.817
18.5972 87.3622 171.869  259.34 330.014 413.817
18.5972    88.4 173.911  262.34 333.935 418.817
18.8089    89.4 175.911 265.327 337.736 423.817
19.0103 90.3574 177.911 268.168 341.736 428.817
19.2227 91.3574 179.911 271.165 345.736 433.608
19.2227 92.3574 181.943 274.227 349.641 438.608
19.2227 93.4062 183.943 277.227 353.612 443.589
19.4306 94.4062 185.943 280.224 357.612 448.384
19.6375 95.4062 187.943 283.209 361.421 453.384
19.8455 96.4062 189.934 286.209 365.421 458.186
19.8455 97.4062 191.995 289.209 369.386 463.158
20.0502 98.4062 193.995 292.193 373.198 468.158
20.0502 99.4369 195.995 295.253 377.107 473.158
 20.253 100.437 197.977 298.253 380.921 478.158
20.4564 101.437 199.977 301.248 384.921  482.96
20.6498 102.396 201.977 304.096 388.921  487.96
20.6498  103.43 204.017 307.096 392.921 492.887
20.6498  104.43 206.048 310.153 396.833 497.887
20.8493  105.43 208.038 313.153 400.833 502.697
21.0486  106.43 210.038 316.147 404.833 507.503
 21.241  107.43 211.957 319.036 408.833 512.503
 21.241 108.474 213.957 322.036 412.807 517.485
21.4315 109.474 215.877 324.926 416.807 522.485
21.6281 110.474 217.857 327.926  420.63 527.485
21.8255 111.474 219.846 330.926  424.63 532.299
21.8255 112.503 221.846 333.981  428.63 537.214
22.0194 113.502 223.846 336.981 432.437 542.214
22.0194 114.535 225.881 339.981 436.369 547.214
22.2016 115.483 227.751 342.981 440.369 552.214
22.2016 116.492 229.742  345.98 444.369 557.214
 22.392 117.491 231.742  348.98  448.18 562.214
 22.392 118.523 233.777  351.98 452.114 567.214
22.5817 119.523 235.777 354.961 455.944 572.214
22.7719 120.523 237.777 357.951 459.944 577.034
22.7719 121.554 239.811 360.951 463.878 582.034
22.7719 122.595 241.811 363.951 467.852  587.02
22.9483 123.545 243.685 366.951 471.852  592.02
23.1271 124.507 245.685  369.81 475.852  597.02
23.3141 125.507 247.671  372.81 479.852 601.846
23.5004 126.507  249.65  375.81 483.686 606.846
23.5004 127.547  251.65  378.81 487.661 611.832
23.5004 128.576 253.681  381.81 491.661 616.771
23.5004 129.603 255.681 384.858 495.661 621.696
23.6824 130.603 257.681 387.838 499.499 626.696
23.8649 131.603 259.668 390.838 503.499 631.527
24.0475 132.603 261.654 393.838 507.499 636.358
24.0475 133.613 263.646 396.837 511.499 641.358
24.0475 134.639 265.646 399.885 515.499 646.284
24.0475 135.639 267.671 402.933 519.499 651.211
24.0475 136.648 269.663 405.932 523.499 656.211
24.2241 137.652 271.663 408.932 527.499 661.031
24.2241 138.652  273.71 411.932 531.472  666.01
24.2241  139.69  275.71 414.932  535.45 670.995
24.2241  140.69 277.734 417.977  539.38 675.995
24.3969 141.693 279.734 420.977  543.38 680.818
24.3969 142.693 281.734 424.048 547.344 685.784
 24.562 143.659 283.734 426.917 551.344 690.784
 24.562 144.686 285.763 429.917 555.287 695.784
 24.562 145.695 287.756 432.916 559.287 700.784
 24.562  146.72 289.756 435.959 563.219 705.784
24.7238 147.686 291.756 438.831 567.219 710.784
24.8946 148.686 293.756 441.831 571.138 715.695
24.8946 149.686 295.756 444.898 575.103 720.663
24.8946 150.686  297.78 447.943 579.103 725.594
25.0596 151.685  299.78 450.943 582.939 730.594
25.0596 152.708  301.78 453.987 586.939 735.526
25.0596 153.708  303.78 457.053 590.904 740.495
25.0596 154.708 305.802 460.096 594.838 745.495
25.2162 155.676 307.802 462.973 598.838 750.495
25.2162 156.699 309.802 466.016 602.838 755.428
 25.378 157.699 311.802 469.007 606.838 760.276
 25.378 158.699 313.825  472.05 610.838 765.209
25.5384 159.702 315.825  475.05 614.838 770.046
25.5384 160.702 317.825 478.115 618.805 775.014
25.6982 161.702 319.825 481.106 622.805 779.863
25.8581 162.702 321.815 484.106 626.805 784.714
25.8581 163.727 323.842 487.106 630.753 789.714
26.0169 164.727 325.842 490.098 634.753 794.563
26.1778 165.727 327.842 493.098 638.679 799.477
26.1778 166.751 329.869 496.098 642.627 804.477
26.1778 167.776 331.896 499.098 646.576 809.477
26.1778 168.776 333.917 502.138 650.514 814.477
26.3332 169.776   335.9 505.138 654.376 819.477
26.3332 170.784 337.893 508.136 658.376 824.477
26.3332 171.805 339.893 511.176 662.315 829.477
26.3332 172.827 341.893 514.216 666.253 834.477
26.3332 173.851  343.92 517.216 670.203 839.477
26.3332 174.851  345.92 520.278  674.17 844.447
26.4842 175.851 347.903 523.278 678.036 849.447
26.6376 176.851 349.903 526.278 681.963 854.367
 26.788  177.85 351.903 529.278 685.814 859.367
 26.939  178.85 353.903 532.261  689.68 864.367
27.0865  179.85 355.841 535.176  693.68 869.367
27.0865  180.85 357.863 538.216  697.68 874.305
27.0865 181.882 359.863 541.216  701.66 879.293
27.0865 182.882 361.884 544.255   705.6 884.293
27.2316 183.882 363.822 547.171   709.6 889.293
27.2316  184.89 365.816 550.169   713.6 894.293
 27.373 185.849 367.715 553.169   717.6 899.293
 27.373 186.849 369.735 556.208   721.6 904.234
27.5151 187.819 371.735 559.096   725.6 909.234
27.6622 188.819 373.735 562.086   729.6 914.097
27.8028 189.779 375.635 565.086   733.6 919.097
  27.95 190.779 377.623 568.086   737.6 923.961
28.0906 191.739 379.523 571.086   741.6 928.961
28.0906 192.739 381.541 574.124 745.544 933.961
28.2365  193.74 383.541 577.124 749.544 938.814
28.2365  194.76 385.541 580.162 753.544 943.756
28.2365  195.76  387.56 583.199 757.489 948.756
28.2365  196.76  389.56 586.256 761.459 953.729
28.2365 197.782 391.583 589.256 765.414 958.729
28.2365 198.804 393.606 592.256 769.414 963.683
28.3788 199.804 395.589 595.256 773.289 968.683
28.3788 200.804 397.589 598.312  777.26 973.657
28.3788 201.823 399.589 601.348 781.204 978.657
28.3788 202.823 401.589 604.404 785.174  983.63
28.3788 203.823 403.607 607.442 789.174 988.574
28.5202 204.823 405.607 610.442 793.107   993.5
28.6591 205.821 407.607 613.442  796.97   998.5
28.7985 206.821  409.59 616.442 800.848  1003.5
28.9324 207.783 411.495 619.442 804.848  1008.5
29.0718 208.783 413.477 622.442 808.725  1013.5
 29.207 209.753 415.477 625.336 812.725  1018.5
 29.207 210.772 417.477 628.372 816.671  1023.5
 29.207 211.772 419.477 631.427 820.641 1028.48
 29.207  212.79 421.477 634.463 824.641 1033.42
 29.207  213.79 423.511 637.463 828.621 1038.41
29.3438 214.791 425.511 640.463 832.621 1043.27
29.4809 215.791   427.5 643.463 836.621 1048.14
29.6123 216.753 429.406 646.463 840.621 1053.14
29.6123 217.759 431.399 649.464 844.621 1058.14
29.6123 218.786 433.399 652.464 848.604 1063.13
29.6123 219.786 435.399 655.517 852.575 1068.11
29.6123 220.786 437.432 658.517 856.555  1073.1
29.6123 221.786 439.448 661.553 860.504  1078.1
29.7433 222.786 441.392 664.478 864.504  1083.1
29.7433 223.804 443.392 667.513 868.452  1088.1
29.7433  224.81 445.385 670.513 872.452  1093.1
29.7433 225.827 447.385 673.548   876.4  1098.1
29.8751 226.827 449.368 676.548 880.285  1103.1
29.8751 227.845 451.368 679.583 884.285 1108.04
29.8751 228.865 453.389 682.583 888.244 1113.04
30.0058 229.865 455.389 685.567 892.128 1118.04
30.1365 230.865 457.372 688.567 896.014 1123.04
30.2646 231.865 459.317 691.495 900.014 1128.04
30.2646 232.884 461.337 694.495 904.014 1133.01
30.3943 233.882 463.337 697.495 907.887 1138.01
30.5246 234.882 465.324 700.495 911.887 1142.89
30.6511 235.855 467.324 703.396 915.887 1147.89
30.7814 236.855 469.324 706.386 919.887 1152.77
30.7814  237.88 471.324 709.386  923.87 1157.76
30.9125  238.88 473.324 712.386 927.806 1162.69
30.9125 239.897 475.324 715.419 931.756 1167.69
 31.041 240.895 477.324 718.419  935.63 1172.69
31.1703 241.895 479.312 721.419  939.63 1177.57
31.2968 242.895 481.257 724.347  943.63 1182.57
31.4233 243.895 483.203 727.275  947.63 1187.57
31.5487 244.868 485.203 730.177  951.63 1192.57
31.6779 245.868  487.19 733.177  955.63 1197.46
31.6779 246.887 489.209 736.177 959.591 1202.46
31.8058 247.884 491.209 739.177 963.466 1207.46
31.8058 248.903 493.229 742.177 967.428 1212.46
31.9352 249.903 495.229 745.177 971.364 1217.39
32.0634 250.903 497.216 748.177 975.364 1222.28
32.1912 251.903 499.216  751.16 979.253 1227.28
32.1912  252.92 501.216 754.191 983.253 1232.23
32.1912 253.926  503.21 757.191 987.253 1237.23
32.3157 254.926 505.156  760.12 991.253 1242.23
32.4421 255.923 507.156  763.12  995.13 1247.23
32.5666 256.923 509.103 766.049  999.13 1252.23
32.6937 257.923 511.089 769.049 1003.13 1257.12
32.8204 258.923 513.089 772.049 1007.13 1261.99
32.8204 259.923 515.104  775.08 1011.13 1266.94
32.8204 260.939 517.104  778.11 1015.08 1271.94
32.8204 261.939 519.118 781.141 1019.08  1276.9
32.9458 262.939 521.101 784.141 1022.98  1281.9
33.0714 263.939 523.101  787.13 1026.98 1286.78
33.1967 264.939 525.083  790.13 1030.87 1291.78
 33.322 265.939 527.083 793.113 1034.76 1296.78
33.4451 266.939  529.03 796.043 1038.76 1301.78
33.5704 267.938  531.03 799.043 1042.76 1306.66
33.5704 268.954  533.03 802.072 1046.76 1311.61
33.5704 269.954 535.058 805.072 1050.74  1316.6
33.6948 270.954 537.041 808.072 1054.63  1321.6
33.8191 271.954 539.041 811.072 1058.63 1326.48
33.9437 272.954 541.041 814.061 1062.63 1331.37
34.0659 273.954 542.988 816.991 1066.63 1336.37
34.0659 274.954 545.016 819.991 1070.62 1341.36
34.1897 275.954 547.016 822.991 1074.62 1346.23
34.3136 276.954 549.016 825.973 1078.51 1351.23
34.4374 277.953 551.016 828.973 1082.51 1356.11
34.5628 278.953 553.016 831.973 1086.45 1361.04
34.6866 279.953 555.016 834.973 1090.45 1365.92
34.8104 280.952 557.016 837.973 1094.45  1370.8
34.9339 281.948 559.016 840.973 1098.33  1375.8
34.9339 282.954  561.01 843.973 1102.33  1380.8
34.9339 283.977  563.01 846.973 1106.32 1385.79
35.0568 284.977 564.992 849.973 1110.21 1390.79
35.0568 285.983 566.986 852.973 1114.21 1395.79
35.0568 286.998 568.986 856.002 1118.17 1400.79
35.0568 288.016 571.003 859.002 1122.17 1405.76
35.1788 289.016  572.99 862.002 1126.17 1410.65
35.1788 290.031  574.99  865.03 1130.17  1415.6
35.1788 291.037 576.984  868.03 1134.17  1420.6
35.1788 292.037 578.984 871.073 1138.14 1425.58
35.3006 293.037 580.984 874.073 1142.09 1430.52
35.3006  294.06 582.984 877.073 1146.07 1435.51
35.3006  295.06 584.997 880.102 1150.03 1440.51
35.4199 296.056 586.997 883.102 1153.91 1445.51
35.5395 297.056 588.997 886.085 1157.81 1450.51
35.6587 298.053 590.997 889.085 1161.69 1455.51
35.6587  299.07 593.014 892.085 1165.66 1460.51
35.6587 300.087 595.032 895.085 1169.63 1465.51
35.6587 301.093 597.026 898.085 1173.63 1470.51
35.7774 302.093 599.013 901.085 1177.63 1475.41
35.7774  303.11  601.03 904.085 1181.63 1480.37
35.7774 304.125  603.03 907.113 1185.58 1485.37
35.7774  305.14  605.03  910.14 1189.54 1490.37
35.8947  306.14 607.013  913.14 1193.44 1495.37
35.8947 307.162 609.013  916.14 1197.42 1500.37
36.0097 308.162 610.964 919.075 1201.42 1505.37
36.1266 309.162 612.947 922.075 1205.32 1510.37
36.2434 310.162  614.93 925.075 1209.22 1515.37
36.3575 311.138  616.93 927.985 1213.22 1520.37
36.4739 312.135  618.93 930.985 1217.11 1525.37
36.5921 313.135  620.93 933.985 1221.05 1530.31
36.5921 314.135 622.943 937.012 1225.05 1535.27
36.7086 315.135 624.926 940.012 1228.95 1540.27
36.7086 316.135 626.951 943.012 1232.94 1545.26
36.8228 317.135 628.902 945.947 1236.94 1550.26
36.8228  318.15 630.902 948.974 1240.89 1555.26
36.8228  319.15 632.915 952.001 1244.89 1560.22
36.8228 320.156 634.909 955.001 1248.89 1565.22
36.9377 321.155 636.909 958.001 1252.89  1570.1
 37.054 322.155 638.909 961.001 1256.84 1575.05
 37.054 323.176 640.909 964.001 1260.82 1580.04
37.1687 324.176 642.892 967.001 1264.72 1585.04
37.1687 325.191 644.892 970.027 1268.72    1590
37.1687 326.191 646.905 973.053 1272.72 1594.96
37.1687 327.196 648.899 976.053 1276.72 1599.96
37.2825 328.196 650.886 979.053 1280.72 1604.86
37.2825 329.196 652.898  982.08 1284.72 1609.82
37.2825 330.196 654.898  985.12  1288.7  1614.8
37.3956 331.196 656.885  988.12  1292.7  1619.7
 37.505 332.165 658.807  991.12  1296.7  1624.7
 37.505 333.182 660.823  994.12 1300.67  1629.7
 37.505 334.182 662.823  997.16 1304.64 1634.69
 37.505 335.187 664.817 1000.16 1308.64 1639.69
37.6171 336.187 666.804 1003.16 1312.64 1644.59
37.6171 337.201 668.804 1006.19 1316.64 1649.55
37.6171 338.201 670.816 1009.21 1320.64 1654.51
37.7295 339.201 672.816 1012.21 1324.59 1659.45
37.7295 340.222 674.816 1015.21 1328.58 1664.45
37.7295 341.227  676.81 1018.21 1332.58 1669.45
37.7295 342.227  678.81 1021.25 1336.55 1674.43
37.8397 343.227 680.794 1024.25 1340.46 1679.43
37.9502 344.227 682.781 1027.25 1344.46 1684.33
37.9502 345.233 684.775 1030.25 1348.46 1689.33
38.0603 346.233 686.775 1033.24 1352.46 1694.23
38.0603 347.238  688.77 1036.24 1356.46 1699.23
38.1695 348.235  690.77 1039.24 1360.35 1704.23
38.1695 349.251 692.785 1042.24 1364.32 1709.23
38.2772 350.251 694.739 1045.18 1368.32 1714.23
38.2772 351.256 696.733 1048.18 1372.32 1719.23
38.2772  352.27 698.733 1051.21 1376.28 1724.23
38.2772 353.275 700.727 1054.21 1380.28 1729.23
38.2772 354.289 702.727 1057.23 1384.28 1734.19
38.2772 355.305 704.741 1060.23 1388.28 1739.16
38.3817 356.275 706.666 1063.23 1392.28 1744.16
38.3817  357.29  708.68 1066.23 1396.28 1749.13
38.4867 358.268  710.68 1069.15 1400.28 1754.13
38.5926 359.268 712.634 1072.09 1404.28 1759.13
   38.7 360.268 714.634 1075.07 1408.19 1764.13
38.8071 361.265 716.634 1078.07 1412.09 1769.13
38.9144 362.264 718.634 1081.07 1416.09 1774.03
39.0215 363.261 720.634 1084.07 1419.98 1779.03
39.0215 364.274 722.634  1087.1 1423.98 1783.99
39.0215 365.289 724.648  1090.1 1427.98 1788.96
39.1267 366.289 726.603 1093.04 1431.98 1793.96
39.1267 367.303 728.603 1096.06 1435.95 1798.96
39.1267 368.303 730.625 1099.06 1439.93 1803.95
39.1267 369.316 732.625 1102.08 1443.93 1808.92
39.1267 370.316 734.647 1105.08 1447.92 1813.91
39.2293 371.287 736.573 1108.08 1451.92 1818.91
 39.336 372.287 738.573 1111.08 1455.86 1823.86
39.4413 373.284 740.573 1114.08 1459.76 1828.86
39.4413 374.284 742.573 1117.12 1463.74 1833.84
39.5477 375.284 744.573 1120.12 1467.69 1838.79
39.5477 376.284 746.573 1123.16 1471.67 1843.77
39.5477 377.289 748.567 1126.16 1475.67 1848.77
39.6524 378.288 750.567 1129.16 1479.67 1853.67
39.7572 379.288 752.567 1132.14 1483.58 1858.67
 39.862 380.288 754.552 1135.14 1487.49 1863.67
39.9645 381.266 756.552 1138.06 1491.49 1868.67
39.9645 382.266 758.562 1141.09 1495.45 1873.67
39.9645 383.281 760.577 1144.09 1499.42 1878.67
39.9645   384.3 762.577 1147.09 1503.41 1883.66
39.9645 385.315  764.59 1150.09 1507.41 1888.63
40.0684 386.315 766.577 1153.09 1511.41 1893.54
40.1721 387.315 768.577 1156.07 1515.32 1898.54
40.1721 388.334 770.577 1159.07 1519.31 1903.54
40.2757 389.334 772.577 1162.06 1523.31 1908.45
40.2757 390.346 774.577 1165.08 1527.31 1913.41
40.2757 391.346 776.587 1168.11 1531.31 1918.38
40.3764 392.325 778.587 1171.03 1535.31 1923.38
40.4793 393.325 780.571 1174.03 1539.22 1928.38
40.4793 394.337 782.571 1177.05 1543.22 1933.34
40.5829 395.337 784.571 1180.05 1547.17 1938.29
40.6855 396.337 786.571 1183.03 1551.08 1943.29
40.7881 397.336 788.571 1186.03 1555.08 1948.19
40.7881 398.336 790.571 1189.07 1559.06 1953.17
40.7881 399.349 792.571 1192.09 1563.03 1958.17
40.8903 400.349 794.571 1195.08 1567.03 1963.08
40.9924 401.348 796.571 1198.08 1571.03 1967.98
40.9924 402.353 798.566 1201.08 1575.03 1972.98
40.9924 403.368  800.58 1204.08    1579 1977.98
40.9924 404.383 802.594 1207.08 1582.97 1982.98
40.9924 405.383 804.615 1210.08 1586.96 1987.97
40.9924 406.388 806.609 1213.08 1590.96 1992.97
41.0932 407.388 808.594 1216.08 1594.87 1997.97
 41.194 408.387 810.594 1219.08 1598.87 2002.87
 41.194 409.405 812.594 1222.08 1602.86 2007.87
41.2919 410.377 814.524 1225.08 1606.86 2012.87
41.3904 411.356 816.524    1228 1610.86 2017.87
41.3904 412.356 818.534 1231.03 1614.86 2022.83
 41.488 413.329 820.464 1234.03 1618.86 2027.83
 41.488 414.341 822.464 1237.05 1622.82 2032.83
 41.488 415.341 824.474 1240.07 1626.79 2037.83
41.5887 416.341 826.474 1243.07 1630.74 2042.78
41.6883 417.338 828.474 1246.07 1634.64 2047.78
 41.789 418.338 830.474 1249.07 1638.59 2052.73
 41.789 419.352 832.487 1252.07 1642.57 2057.73
41.8888 420.352 834.487 1255.06 1646.57 2062.64
41.9857 421.324 836.418 1258.06 1650.57 2067.64
41.9857 422.337 838.418 1261.08 1654.53 2072.64
42.0824 423.309 840.349 1264.08 1658.53 2077.64
42.0824 424.309 842.358 1267.11 1662.53 2082.61
42.1795 425.288 844.358 1270.03 1666.53 2087.61
42.1795 426.306 846.358 1273.03 1670.52 2092.61
42.2792 427.306 848.358 1276.03 1674.47 2097.56
42.2792 428.311 850.353 1279.03 1678.47 2102.56
42.2792 429.323 852.353 1282.05 1682.44 2107.56
42.3757 430.302 854.353 1284.98 1686.44 2112.56
42.4741 431.302 856.337 1287.98 1690.35 2117.56
42.4741 432.314 858.337    1291 1694.32 2122.56
42.4741 433.314 860.347 1294.02 1698.32 2127.52
42.5695 434.287 862.278 1297.02 1702.32 2132.52
42.5695 435.287 864.298 1300.02 1706.31 2137.52
42.5695 436.291 866.293 1303.02 1710.31 2142.52
42.5695 437.303 868.293 1306.04 1714.27 2147.52
42.5695 438.315 870.293 1309.06 1718.27 2152.49
42.5695 439.315 872.302 1312.09 1722.27 2157.46
42.6663 440.315 874.302 1315.07 1726.19 2162.46
42.7606 441.288 876.234 1318.07 1730.19 2167.46
42.7606 442.288 878.253 1321.07 1734.18 2172.45
42.7606 443.288 880.253  1324.1 1738.16 2177.44
42.7606   444.3 882.253 1327.13 1742.12 2182.44
42.7606   445.3 884.263 1330.15 1746.09 2187.44
42.7606   446.3 886.282 1333.15 1750.08 2192.43
42.8539 447.273 888.215 1336.15 1754.08 2197.43
42.8539 448.273 890.224 1339.17 1758.05 2202.43
42.9491  449.27 892.224 1342.17 1761.96 2207.43
42.9491  450.27 894.233 1345.19 1765.96  2212.4
42.9491  451.27 896.241 1348.21 1769.96 2217.37
42.9491  452.27 898.251 1351.24 1773.92 2222.37
43.0441  453.27 900.251 1354.23 1777.92 2227.29
43.0441 454.274 902.246 1357.23 1781.92 2232.29
43.0441 455.285 904.246 1360.25 1785.92 2237.25
43.0441 456.285 906.246 1363.28  1789.9 2242.24
43.0441 457.285 908.255  1366.3 1793.87 2247.24
43.0441 458.285 910.255 1369.33 1797.85 2252.23
43.1388 459.285 912.255 1372.33 1801.81 2257.18
43.2328 460.285 914.255 1375.32 1805.81  2262.1
43.2328 461.285 916.263 1378.34 1809.81 2267.07
43.2328 462.296 918.263 1381.37 1813.77 2272.07
 43.327 463.296 920.263 1384.37 1817.73 2277.02
 43.327 464.296 922.263  1387.4 1821.71 2282.01
 43.421 465.296 924.263  1390.4 1825.66 2286.96
 43.421 466.296 926.272 1393.42 1829.63 2291.96
 43.421 467.307 928.272 1396.44  1833.6 2296.96
43.5139 468.307 930.272 1399.43 1837.52 2301.96
43.5139 469.307 932.282 1402.45 1841.49 2306.96
43.5139 470.307 934.291 1405.47 1845.46 2311.96
 43.604 471.282 936.226 1408.47 1849.46 2316.96
 43.604 472.282 938.226  1411.5 1853.44 2321.95
 43.696 473.278 940.226  1414.5 1857.35 2326.95
43.7883 474.278 942.226 1417.49 1861.27 2331.95
43.8806 475.278 944.212 1420.49 1865.19 2336.95
43.9729 476.278   946.2 1423.49 1869.19 2341.87
43.9729 477.278 948.218 1426.49 1873.18 2346.86
43.9729 478.291  950.23 1429.49 1877.15 2351.86
43.9729 479.302  952.23 1432.51 1881.12 2356.86
43.9729 480.313  954.23 1435.53 1885.09 2361.86
44.0652 481.313  956.23 1438.53 1889.04 2366.81
44.1567 482.313  958.23 1441.52 1892.96 2371.81
44.2481 483.312  960.23 1444.52 1896.96 2376.73
44.3373 484.286 962.166 1447.52 1900.96 2381.73
44.3373  485.29 964.161 1450.52 1904.96 2386.73
44.4285 486.289 966.161 1453.52 1908.96 2391.64
44.4285 487.289  968.17 1456.54 1912.93 2396.64
44.5197 488.289 970.158 1459.54 1916.93 2401.56
44.6109 489.289 972.158 1462.53 1920.93 2406.48
44.6109 490.289 974.166 1465.55 1924.93 2411.45
44.6109 491.289 976.174 1468.58 1928.93 2416.42
44.6109 492.289 978.183  1471.6  1932.9 2421.42
44.6109 493.289   980.2  1474.6 1936.89 2426.41
44.7011 494.285   982.2  1477.6  1940.8 2431.41
44.7011 495.298 984.212  1480.6 1944.78 2436.41
44.7011 496.313 986.212  1483.6 1948.77 2441.41
44.7899 497.313 988.173 1486.55 1952.77 2446.41
44.8778 498.288 990.111 1489.55 1956.77 2451.41
44.9656 499.263 992.048 1492.55 1960.77 2456.41
45.0544 500.263 994.009  1495.5 1964.77 2461.41
45.0544 501.263 996.017 1498.52 1968.77 2466.38
45.0544 502.274 998.017 1501.54 1972.74 2471.38
45.0544 503.289 1000.02 1504.54 1976.72 2476.38
45.1439 504.289 1002.02 1507.53 1980.65 2481.38
45.1439 505.289 1004.02 1510.55 1984.65 2486.35
45.2332 506.289 1006.02 1513.54 1988.65 2491.27
45.3225 507.289 1008.01 1516.54 1992.57 2496.27
45.3225 508.289 1010.02 1519.56 1996.54 2501.27
45.3225 509.293 1012.01 1522.56 2000.54 2506.27
45.3225 510.293 1014.01 1525.59 2004.52 2511.26
45.4102 511.293 1015.97 1528.54 2008.52 2516.26
45.4102 512.293 1017.98 1531.56  2012.5 2521.26
45.4988 513.293 1019.97 1534.56 2016.42 2526.26
45.4988 514.297 1021.96 1537.56 2020.42 2531.26
45.5872 515.297 1023.95 1540.56 2024.35 2536.26
45.5872 516.297 1025.96 1543.58 2028.32 2541.26
45.5872 517.297 1027.97 1546.58  2032.3 2546.25
45.5872 518.312 1029.97 1549.58 2036.29 2551.25
45.6751 519.312 1031.96 1552.58 2040.22 2556.25
45.6751 520.316 1033.96 1555.59 2044.22 2561.25
45.7612 521.297 1035.96 1558.52 2048.22 2566.25
45.7612 522.309 1037.97 1561.52  2052.2 2571.25
45.7612 523.319 1039.97 1564.54  2056.2 2576.22
 45.847   524.3 1041.97 1567.47  2060.2 2581.22
 45.935   525.3 1043.97 1570.47 2064.15 2586.18
 46.023   526.3 1045.97 1573.47 2068.11 2591.13
 46.023 527.312 1047.98 1576.47 2072.08 2596.13
  46.11 528.309 1049.98 1579.47    2076 2601.13
46.1962 529.309 1051.94 1582.42    2080 2606.13
46.2834 530.309 1053.94 1585.41    2084 2611.06
46.3691  531.29 1055.94 1588.34    2088 2616.06
46.3691  532.29 1057.95 1591.37 2091.97 2621.06
46.3691  533.29 1059.96 1594.39 2095.94 2626.06
46.4559  534.29 1061.96 1597.37 2099.87 2631.06
46.5429  535.29 1063.96 1600.36 2103.87 2635.98
46.5429  536.29 1065.96 1603.39 2107.85 2640.97
46.6297  537.29 1067.94 1606.39 2111.85 2645.89
46.6297  538.29 1069.95 1609.41 2115.82 2650.89
46.7142 539.266 1071.89 1612.41 2119.82 2655.89
46.8008 540.266 1073.89  1615.4 2123.82 2660.82
46.8874 541.266 1075.88  1618.4 2127.75 2665.82
46.9729 542.266 1077.84 1621.35 2131.75 2670.82
47.0595 543.266 1079.84 1624.34 2135.75 2675.74
 47.145 544.266  1081.8 1627.29 2139.75 2680.74
 47.145 545.269  1083.8  1630.3 2143.75 2685.74
 47.145  546.28 1085.81  1633.3 2147.75 2690.72
47.2292 547.256 1087.75  1636.3 2151.75 2695.72
47.3152 548.253 1089.75  1639.3 2155.67 2700.72
47.3152 549.262 1091.75 1642.31 2159.67 2705.69
47.4012  550.26 1093.75 1645.31 2163.67 2710.61
47.4873  551.26 1095.73 1648.31 2167.59 2715.61
47.5734  552.26 1097.73  1651.3 2171.59 2720.54
47.5734  553.27 1099.73 1654.32 2175.59 2725.51
47.5734 554.284 1101.73 1657.32 2179.58  2730.5
47.6597 555.284 1103.73 1660.32 2183.54 2735.46
 47.744 556.265 1105.73 1663.26 2187.54 2740.46
 47.744 557.269 1107.73 1666.26 2191.54 2745.46
 47.744  558.28 1109.74 1669.26 2195.54 2750.44
 47.744 559.284 1111.73 1672.26 2199.54 2755.44
 47.744 560.295 1113.74 1675.26 2203.52 2760.44
 47.744 561.295 1115.74 1678.29  2207.5 2765.43
 47.744 562.295 1117.74 1681.31 2211.48 2770.42
47.8288 563.295 1119.73 1684.31 2215.41 2775.42
47.8288 564.295 1121.74 1687.31  2219.4 2780.42
47.9134 565.293 1123.74 1690.31  2223.4 2785.33
47.9961 566.269 1125.69 1693.31  2227.4 2790.33
48.0793 567.251 1127.69 1696.25  2231.4 2795.33
48.0793 568.265 1129.69 1699.25 2235.39 2800.33
48.1639 569.265 1131.69 1702.24 2239.39 2805.26
48.1639 570.265 1133.69 1705.27 2243.37 2810.25
48.2482 571.263 1135.69 1708.27 2247.37 2815.16
48.2482 572.263  1137.7 1711.27 2251.36 2820.16
48.2482 573.263 1139.71 1714.28 2255.36 2825.14
48.2482 574.263 1141.71  1717.3 2259.36 2830.11
48.3327 575.263 1143.71  1720.3 2263.32 2835.07
48.4167 576.263  1145.7  1723.3 2267.32    2840
48.4167 577.263  1147.7 1726.33  2271.3 2844.98
48.5006 578.263  1149.7 1729.32  2275.3 2849.91
48.5844 579.263 1151.69 1732.32 2279.23 2854.91
48.5844 580.274  1153.7 1735.32 2283.21 2859.91
48.5844 581.283  1155.7 1738.34 2287.18 2864.91
48.5844 582.283  1157.7 1741.37 2291.17  2869.9
48.5844 583.293  1159.7 1744.38 2295.17 2874.87
48.5844 584.302  1161.7  1747.4 2299.14 2879.87
48.5844 585.302 1163.71  1750.4 2303.13 2884.87
48.6659 586.284 1165.71 1753.34 2307.13 2889.87
48.7488 587.284  1167.7 1756.34 2311.06 2894.87
48.8303 588.266  1169.7 1759.28 2315.06 2899.87
48.8303 589.277 1171.71 1762.28 2319.04 2904.87
48.8303  590.28 1173.71 1765.28 2323.04 2909.87
48.8303  591.28 1175.71  1768.3 2327.01 2914.87
48.8303  592.28 1177.72 1771.32 2330.98 2919.87
48.8303 593.294 1179.72 1774.32 2334.97 2924.87
48.8303 594.294 1181.73 1777.33 2338.95 2929.87
48.8303 595.294 1183.74 1780.35 2342.95 2934.84
48.8303 596.294 1185.74 1783.38 2346.93 2939.83
 48.912 597.292 1187.74 1786.38 2350.93 2944.75
 48.992 598.269 1189.68 1789.38 2354.93 2949.75
49.0738 599.269 1191.68 1792.37 2358.86 2954.75
49.1557 600.269 1193.67 1795.37 2362.86 2959.68
49.2375 601.269 1195.67 1798.36 2366.86 2964.61
49.2375 602.272 1197.66 1801.36 2370.86 2969.61
49.2375 603.276 1199.66 1804.36 2374.86 2974.61
49.2375 604.287 1201.67 1807.36 2378.84 2979.61
49.3189 605.285 1203.67 1810.36 2382.84 2984.53
49.4002 606.285 1205.65 1813.36 2386.77 2989.53
49.4002 607.285 1207.66 1816.38 2390.77 2994.51
49.4816 608.285 1209.65 1819.38 2394.77 2999.44
49.4816 609.295 1211.66 1822.38 2398.77 3004.42
49.5628 610.295 1213.66 1825.37 2402.77 3009.35
49.5628 611.308 1215.66 1828.37 2406.76 3014.34
49.5628 612.322 1217.66 1831.37 2410.75 3019.34
49.5628 613.331 1219.66 1834.38 2414.72 3024.34
49.5628 614.331 1221.66  1837.4 2418.72 3029.32
49.5628 615.341 1223.67  1840.4  2422.7 3034.32
49.5628 616.352 1225.68  1843.4 2426.68 3039.32
49.5628 617.352 1227.68 1846.43 2430.67 3044.31
49.5628 618.352  1229.7 1849.43 2434.66  3049.3
49.5628 619.361  1231.7 1852.45 2438.66 3054.28
49.6414 620.343  1233.7 1855.38 2442.66 3059.28
  49.72 621.326  1235.7 1858.32 2446.66 3064.28
  49.72 622.337 1237.71 1861.32 2450.63 3069.28
49.7998 623.335 1239.71 1864.32 2454.63  3074.2
49.8796 624.335 1241.71 1867.31 2458.63 3079.13
49.8796 625.348 1243.71 1870.31 2462.62 3084.13
49.9594 626.348 1245.71  1873.3 2466.62 3089.06
50.0391 627.348 1247.71 1876.29 2470.62 3093.99
50.1188 628.348  1249.7 1879.29 2474.56 3098.99
50.1967 629.325 1251.64 1882.29 2478.56 3103.99
50.1967 630.338 1253.64 1885.29 2482.55 3108.98
50.1967 631.338 1255.65 1888.31 2486.55 3113.96
50.2745 632.316 1257.59 1891.31 2490.55 3118.96
50.3531 633.316 1259.56 1894.27 2494.55 3123.96
50.4316 634.316 1261.52 1897.22 2498.55 3128.96
50.4316 635.316 1263.54 1900.22 2502.54 3133.96
50.5107 636.313 1265.54 1903.22 2506.46 3138.96
50.5107 637.313 1267.54 1906.24 2510.46 3143.93
50.5898  638.31 1269.54 1909.24 2514.46 3148.86
50.6677 639.293 1271.54 1912.18 2518.46 3153.86
50.7456 640.276 1273.54 1915.12 2522.46 3158.86
50.7456 641.279 1275.54 1918.12 2526.46 3163.86
50.7456 642.283 1277.53 1921.12 2530.46 3168.86
50.8246 643.283 1279.53 1924.11 2534.46 3173.79
50.9035 644.283 1281.52 1927.11  2538.4 3178.79
50.9035 645.283 1283.52 1930.14 2542.38 3183.78
50.9035 646.293 1285.53 1933.14 2546.36 3188.78
50.9035 647.296 1287.53 1936.14 2550.36 3193.78
50.9035 648.296 1289.53 1939.16 2554.35 3198.77
50.9806 649.279 1291.53  1942.1 2558.35 3203.77
51.0596 650.279 1293.53  1945.1 2562.31 3208.73
51.1381 651.279 1295.51  1948.1 2566.31 3213.66
51.1381 652.279 1297.51 1951.13 2570.29 3218.65
51.2162 653.275 1299.51 1954.13 2574.22 3223.65
51.2162 654.275 1301.53 1957.13 2578.21 3228.65
51.2162 655.278 1303.52 1960.13 2582.21 3233.65
51.2943 656.278 1305.51 1963.13 2586.21 3238.58
51.2943 657.278 1307.52 1966.14 2590.18 3243.58
51.3714 658.278 1309.49  1969.1 2594.18 3248.58
51.4494 659.278 1311.49 1972.09 2598.18 3253.51
51.5274 660.278 1313.49 1975.08 2602.12 3258.51
51.5274 661.278 1315.49  1978.1 2606.09 3263.51
 51.605 662.275 1317.49  1981.1 2610.02 3268.51
51.6812 663.253 1319.44  1984.1 2614.02 3273.51
51.6812 664.265 1321.44  1987.1 2618.01 3278.51
51.6812 665.278 1323.44  1990.1    2622 3283.51
51.6812 666.281 1325.43  1993.1    2626 3288.51
51.7586 667.279 1327.43  1996.1    2630 3293.43
51.7586 668.289 1329.44  1999.1 2633.98 3298.43
51.7586 669.301 1331.44  2002.1 2637.97 3303.43
51.7586 670.301 1333.45 2005.11 2641.97 3308.41
51.8357 671.301 1335.44 2008.11 2645.91 3313.41
51.8357 672.311 1337.44 2011.11 2649.89 3318.41
51.9128 673.311 1339.43 2014.11 2653.89 3323.34
51.9128 674.324 1341.43 2017.11 2657.88 3328.34
51.9128 675.324 1343.45 2020.11 2661.87 3333.33
51.9128 676.334 1345.46 2023.11 2665.85 3338.33
51.9879 677.312  1347.4 2026.11 2669.85 3343.33
51.9879 678.312 1349.41 2029.13 2673.83 3348.33
52.0644 679.312  1351.4 2032.13 2677.76 3353.33
52.0644 680.312  1353.4 2035.15 2681.76 3358.31
52.1401 681.312 1355.37  2038.1 2685.76 3363.31
52.2165 682.312 1357.36  2041.1  2689.7 3368.31
52.2165 683.312 1359.37  2044.1 2693.69 3373.31
52.2921 684.312 1361.34 2047.06 2697.69 3378.31
52.3672 685.295 1363.34    2050 2701.69 3383.31
 52.442 686.274 1365.28    2053 2705.69 3388.31
52.5184 687.274 1367.27    2056 2709.69 3393.24
52.5184 688.283 1369.28    2059 2713.69 3398.23
52.5944 689.279 1371.28    2062 2717.62 3403.23
52.6694 690.263 1373.28 2064.95 2721.62 3408.23
52.7456 691.263 1375.27 2067.95 2725.56 3413.23
52.8223 692.263 1377.27 2070.95 2729.52 3418.19
52.8223 693.271 1379.27 2073.96 2733.52 3423.16
52.8984 694.271 1381.25 2076.96 2737.45 3428.16
52.9744 695.271 1383.25 2079.95 2741.39 3433.16
52.9744 696.279 1385.25 2082.96 2745.37 3438.16
52.9744 697.291 1387.25 2085.96 2749.36 3443.16
52.9744 698.303 1389.25 2088.96 2753.35 3448.16
52.9744 699.303 1391.27 2091.96 2757.34 3453.16
53.0493 700.303 1393.23 2094.92 2761.34 3458.16
 53.125 701.303 1395.23 2097.91 2765.34 3463.09
 53.125 702.313 1397.24 2100.91 2769.32 3468.09
 53.125 703.321 1399.24 2103.93 2773.32 3473.07
53.2005 704.321 1401.24 2106.92 2777.32    3478
53.2005 705.329 1403.24 2109.93  2781.3    3483
53.2747 706.312 1405.24 2112.87  2785.3    3488
53.3505 707.312 1407.24 2115.87 2789.26 3492.96
53.4247 708.296 1409.24 2118.82 2793.26 3497.96
53.5005 709.296 1411.24 2121.82 2797.22 3502.93
53.5743 710.275 1413.19 2124.82 2801.22 3507.93
53.5743 711.283 1415.19 2127.83 2805.22  3512.9
 53.648 712.261 1417.14 2130.83 2809.22  3517.9
 53.648 713.273 1419.14 2133.83 2813.21  3522.9
 53.648 714.273 1421.14 2136.85  2817.2 3527.89
53.7223 715.273  1423.1 2139.81  2821.2 3532.89
53.7958 716.252 1425.05 2142.81  2825.2 3537.89
53.8706 717.248 1427.05 2145.81 2829.13 3542.89
53.8706 718.248 1429.06 2148.83 2833.13 3547.87
53.8706 719.248 1431.07 2151.83 2837.12 3552.87
53.9455 720.248 1433.07 2154.82 2841.12  3557.8
53.9455 721.256 1435.07 2157.83 2845.12 3562.78
54.0206 722.256 1437.07 2160.83 2849.08 3567.74
54.0953 723.256 1439.07 2163.82 2853.02 3572.74
54.0953 724.256 1441.07 2166.84 2857.02 3577.72
54.1687 725.239 1443.07 2169.78 2861.02 3582.72
54.1687 726.249 1445.08 2172.78    2865 3587.72
54.1687 727.249 1447.08  2175.8 2868.98 3592.71
54.2432 728.249 1449.08 2178.79 2872.98 3597.65
54.3174 729.245 1451.08 2181.79 2876.91 3602.65
54.3174 730.254 1453.09 2184.79  2880.9 3607.65
54.3909 731.254 1455.06 2187.75  2884.9 3612.65
54.4641 732.238 1457.06 2190.69  2888.9 3617.65
54.5373 733.222 1459.06 2193.63  2892.9 3622.65
 54.612 734.222 1461.06 2196.63 2896.86 3627.61
 54.612 735.222 1463.07 2199.63 2900.85 3632.61
 54.612 736.225 1465.07 2202.64 2904.85 3637.61
 54.612 737.233 1467.07 2205.65 2908.83 3642.61
54.6848 738.217 1469.07 2208.59 2912.83 3647.61
54.6848 739.217 1471.08 2211.59 2916.82 3652.61
54.7591 740.217 1473.08 2214.59 2920.78 3657.57
54.7591 741.228 1475.08 2217.59 2924.77 3662.57
54.8318 742.212 1477.08 2220.54 2928.77 3667.57
54.8318  743.22 1479.08 2223.55 2932.75 3672.57
54.9056  744.22 1481.07 2226.55 2936.75  3677.5
54.9785  745.22 1483.04 2229.51 2940.75  3682.5
55.0511 746.204 1485.04 2232.46 2944.75  3687.5
55.0511 747.215 1487.04 2235.46 2948.74  3692.5
55.0511 748.223 1489.04 2238.47 2952.72  3697.5
 55.125 749.223 1491.04 2241.47 2956.68 3702.46
55.1984 750.223 1493.04 2244.46 2960.62 3707.46
55.1984  751.23 1495.04 2247.47 2964.62 3712.44
55.1984 752.238 1497.04 2250.49 2968.62 3717.42
55.2715 753.234 1499.04 2253.49 2972.55 3722.42
55.2715 754.245 1501.04 2256.49 2976.54 3727.42
55.3448 755.245 1503.03 2259.49 2980.54 3732.36
55.4172 756.245 1504.99 2262.44 2984.54 3737.36
55.4172 757.253 1506.99 2265.46 2988.52 3742.36
55.4896 758.253 1508.96 2268.42 2992.52 3747.36
 55.562 759.253 1510.93 2271.38 2996.52 3752.36
55.6351 760.253 1512.93 2274.36 3000.46 3757.36
 55.708 761.249 1514.93 2277.36 3004.39 3762.36
55.7809 762.245 1516.93 2280.36 3008.32 3767.36
55.7809 763.248 1518.93 2283.37 3012.32 3772.36
55.7809 764.248 1520.93 2286.39 3016.31 3777.35
55.7809 765.248 1522.93 2289.41 3020.29 3782.34
55.7809 766.248 1524.93 2292.42 3024.27 3787.34
55.7809 767.248 1526.95 2295.42 3028.26 3792.34
55.7809 768.251 1528.94 2298.43 3032.26 3797.34
55.7809 769.254 1530.94 2301.43 3036.26 3802.34
55.7809 770.254 1532.94 2304.44 3040.24 3807.34
55.8532 771.254 1534.93 2307.44 3044.24 3812.28
55.9255 772.251 1536.93 2310.44 3048.24 3817.21
55.9255 773.259 1538.93 2313.46 3052.24 3822.19
55.9977 774.259 1540.92 2316.46 3056.18 3827.19
55.9977 775.259 1542.93 2319.47 3060.16 3832.19
55.9977 776.267 1544.93 2322.47 3064.16 3837.17
56.0697 777.267 1546.93 2325.46 3068.16 3842.11
56.1417 778.265 1548.93 2328.46 3072.16 3847.04
56.1417 779.265 1550.93 2331.48 3076.15 3852.03
56.2137 780.265 1552.92 2334.48 3080.15 3856.97
56.2137 781.265 1554.93  2337.5 3084.12 3861.97
56.2856 782.265 1556.93 2340.49 3088.12 3866.91
56.3574 783.265 1558.91 2343.49 3092.07 3871.91
56.3574 784.273 1560.92 2346.49 3096.05 3876.91
56.4291 785.273 1562.91 2349.49 3099.99 3881.91
56.4291 786.276 1564.91 2352.49 3103.99 3886.91
56.5008 787.276 1566.89 2355.49 3107.99 3891.85
56.5008 788.276  1568.9  2358.5 3111.99 3896.83
56.5008 789.284  1570.9 2361.51 3115.99 3901.81
56.5008 790.295  1572.9 2364.51 3119.98 3906.81
56.5008 791.306  1574.9 2367.51 3123.97 3911.81
56.5721 792.306 1576.89 2370.51 3127.91 3916.81
56.5721 793.317 1578.89 2373.51 3131.91  3921.8
56.5721 794.326 1580.89 2376.51 3135.89  3926.8
56.6432 795.326 1582.88 2379.51 3139.83  3931.8
56.7143 796.323 1584.88 2382.51 3143.83 3936.74
56.7854 797.323 1586.87 2385.51 3147.77 3941.74
56.7854 798.323 1588.87 2388.53 3151.77 3946.72
56.7854 799.323 1590.88 2391.54 3155.75 3951.72
56.7854 800.323 1592.88 2394.57 3159.74 3956.71
56.8549 801.303 1594.83 2397.57 3163.74 3961.71
56.8549  802.31 1596.83 2400.58 3167.74 3966.69
56.9244  803.29 1598.78 2403.58 3171.74 3971.69
56.9951  804.29 1600.77 2406.58 3175.68 3976.69
57.0653  805.29 1602.74 2409.54 3179.68 3981.69
57.0653 806.301 1604.74 2412.54 3183.67 3986.69
57.1363 807.301 1606.74 2415.54 3187.64 3991.65
57.1363 808.304 1608.73 2418.54 3191.64 3996.65
57.1363 809.304 1610.73 2421.56 3195.62 4001.64
57.2055 810.284 1612.68 2424.56 3199.62 4006.64
57.2055 811.284 1614.69 2427.58  3203.6 4011.64
57.2055 812.284 1616.69 2430.59  3207.6 4016.62
57.2055 813.293  1618.7 2433.59 3211.58 4021.62
57.2758 814.293 1620.69 2436.59 3215.58 4026.56
57.3447 815.273 1622.64 2439.59 3219.58 4031.56
57.4148 816.269 1624.64 2442.59 3223.52 4036.56
57.4148 817.277 1626.64 2445.61  3227.5 4041.56
57.4148 818.287 1628.64 2448.61 3231.49 4046.56
57.4849 819.287 1630.63 2451.61 3235.43 4051.56
57.4849 820.294 1632.63 2454.62 3239.43 4056.54
57.4849 821.301 1634.63 2457.63 3243.43 4061.52
57.4849  822.31 1636.64 2460.63 3247.41 4066.52
57.4849 823.317 1638.64 2463.65 3251.41  4071.5
57.5544 824.313 1640.64 2466.65 3255.35  4076.5
57.6241 825.313 1642.64 2469.63 3259.29  4081.5
57.6241 826.324 1644.64 2472.63 3263.28  4086.5
57.6241 827.332 1646.64 2475.63 3267.28 4091.49
57.6937 828.332 1648.64 2478.62 3271.28 4096.43
 57.762 829.312 1650.59 2481.62 3275.28 4101.43
 57.762 830.312 1652.61 2484.62 3279.27 4106.42
57.8308 831.312 1654.58 2487.58 3283.27 4111.42
57.8308 832.323 1656.58 2490.58 3287.26 4116.42
57.8308 833.332 1658.58 2493.58 3291.25 4121.42
57.8308  834.34 1660.59 2496.58 3295.25 4126.41
57.8308 835.347 1662.59  2499.6 3299.23 4131.41
57.8308 836.347 1664.59 2502.61 3303.21 4136.41
57.8997 837.343 1666.59 2505.61 3307.14 4141.41
57.9688 838.343 1668.58 2508.61 3311.08 4146.41
58.0378 839.343 1670.58  2511.6 3315.03 4151.41
58.1067 840.339 1672.58  2514.6 3318.96 4156.41
58.1067 841.342 1674.58  2517.6 3322.96 4161.41
58.1067 842.342 1676.58 2520.62 3326.96 4166.39
58.1067 843.351 1678.59 2523.62 3330.95 4171.39
58.1067 844.351  1680.6 2526.63 3334.95 4176.37
58.1067 845.351  1682.6 2529.64 3338.93 4181.37
58.1753 846.349  1684.6 2532.64 3342.93 4186.31
58.1753 847.351  1686.6 2535.65 3346.93 4191.31
58.2432 848.351 1688.57 2538.61 3350.93 4196.31
58.2432  849.36 1690.57 2541.61 3354.91 4201.31
58.3121  850.36 1692.57 2544.61 3358.88 4206.27
58.3805  851.36 1694.57 2547.59 3362.82 4211.27
58.3805  852.36 1696.59 2550.59 3366.81 4216.27
58.4489  853.36 1698.59 2553.58 3370.75 4221.27
58.4489 854.369 1700.59 2556.58 3374.74 4226.27
58.5166 855.369 1702.56 2559.54 3378.74 4231.27
58.5849 856.369 1704.56 2562.53 3382.68 4236.27
58.6533 857.369 1706.55 2565.53 3386.68 4241.21
58.6533 858.375 1708.55 2568.55 3390.68 4246.19
58.7214 859.372 1710.55 2571.55 3394.62 4251.19
58.7214 860.372 1712.55 2574.57  3398.6 4256.18
58.7896 861.372 1714.54 2577.57  3402.6 4261.13
58.7896 862.372 1716.55 2580.57  3406.6 4266.13
58.8576 863.369 1718.55 2583.57  3410.6 4271.06
58.8576 864.372 1720.55 2586.57  3414.6 4276.06
58.9244 865.353  1722.5 2589.57  3418.6 4281.06
58.9244 866.353  1724.5 2592.59 3422.58 4286.05
58.9244 867.353 1726.51  2595.6 3426.56 4291.05
58.9921  868.35 1728.51  2598.6 3430.56 4295.99
58.9921 869.361 1730.51  2601.6 3434.55 4300.99
59.0599 870.361 1732.51 2604.59  3438.5 4305.99
59.0599 871.361 1734.52 2607.59 3442.49 4310.98
59.0599 872.361 1736.52  2610.6 3446.47 4315.98
59.1278 873.361 1738.52  2613.6 3450.44 4320.95
59.1278 874.361 1740.53 2616.62 3454.42 4325.95
59.1278 875.361 1742.54 2619.62 3458.41 4330.95
59.1278 876.361 1744.54 2622.64 3462.39 4335.94
59.1278 877.368 1746.54 2625.65 3466.37 4340.94
59.1951 878.368 1748.54 2628.64 3470.32 4345.94
59.2624 879.368 1750.54 2631.63 3474.26 4350.94
59.3291 880.368 1752.51 2634.59 3478.26 4355.94
59.3955 881.353 1754.51 2637.54 3482.26 4360.94
59.3955  882.36 1756.51 2640.55 3486.24 4365.94
59.3955  883.36 1758.51 2643.57 3490.22 4370.94
59.4626  884.36  1760.5 2646.57 3494.17 4375.94
59.4626 885.367  1762.5 2649.58 3498.17 4380.92
59.5296 886.364  1764.5 2652.58 3502.17 4385.86
59.5296 887.364 1766.51 2655.58 3506.16 4390.86
59.5967 888.364 1768.51 2658.57 3510.16  4395.8
59.5967 889.373 1770.52 2661.57 3514.14  4400.8
59.6634 890.369 1772.52 2664.57 3518.08  4405.8
59.7304 891.369 1774.52 2667.56 3522.08 4410.74
59.7304 892.376 1776.52 2670.57 3526.06 4415.74
59.7972 893.376 1778.52 2673.56 3530.06 4420.69
 59.864 894.373 1780.52 2676.56 3534.06 4425.62
 59.864 895.382 1782.53 2679.56 3538.04 4430.62
59.9311 896.382 1784.53 2682.56 3542.01 4435.59
59.9311 897.392 1786.53 2685.56    3546 4440.59
59.9311 898.402 1788.53 2688.56 3549.99 4445.59
59.9311 899.402 1790.53 2691.58 3553.99 4450.57
59.9311  900.41 1792.54 2694.58 3557.99 4455.55
59.9311  901.41 1794.54  2697.6 3561.98 4460.55
59.9974 902.406 1796.54  2700.6 3565.92 4465.55
60.0626 903.387 1798.49  2703.6 3569.92 4470.55
60.1289 904.385 1800.49  2706.6 3573.92 4475.48
60.1289 905.387 1802.49  2709.6 3577.92 4480.48
60.1952 906.387 1804.48  2712.6 3581.86 4485.48
60.2616 907.387 1806.48 2715.59 3585.86 4490.43
60.2616 908.395 1808.48 2718.59 3589.86 4495.41
60.2616 909.395 1810.49  2721.6 3593.84 4500.41
60.3269 910.381 1812.49 2724.55 3597.84 4505.41
 60.393 911.381 1814.47 2727.55 3601.79 4510.41
 60.393 912.387 1816.47 2730.56 3605.79 4515.39
 60.393 913.394 1818.47 2733.57 3609.79 4520.38
 60.459 914.391 1820.47 2736.57 3613.79 4525.31
 60.459 915.391 1822.48 2739.59 3617.77 4530.31
60.5238 916.372 1824.43 2742.59 3621.77 4535.31
60.5898 917.372 1826.43 2745.58 3625.77 4540.26
60.5898 918.372 1828.44 2748.59 3629.77 4545.24
60.6545 919.354 1830.39 2751.59 3633.77 4550.24
60.6545 920.354  1832.4 2754.61 3637.75 4555.24
60.6545  921.36  1834.4 2757.62 3641.75 4560.22
60.7203  922.36 1836.39 2760.62 3645.75 4565.17
 60.786 923.358 1838.39 2763.62 3649.75  4570.1
 60.786 924.358 1840.39 2766.63 3653.73  4575.1
 60.786 925.358  1842.4 2769.65 3657.71  4580.1
 60.851 926.358 1844.37 2772.61 3661.71  4585.1
 60.851 927.358 1846.37 2775.62 3665.69  4590.1
60.9165 928.355 1848.37 2778.62 3669.69 4595.04
 60.982 929.355 1850.36 2781.62 3673.64 4600.04
61.0475 930.355 1852.35 2784.62 3677.64 4604.98
61.1131 931.355 1854.34 2787.62 3681.64 4609.93
61.1131 932.358 1856.34 2790.63 3685.64 4614.93
61.1131 933.366 1858.34 2793.63 3689.62 4619.93
61.1131 934.372 1860.34 2796.64 3693.62 4624.91
61.1779 935.372 1862.31  2799.6 3697.62 4629.91
61.1779  936.38 1864.32  2802.6 3701.62  4634.9
61.2431  937.38 1866.31  2805.6 3705.62 4639.84
61.2431 938.387 1868.32  2808.6 3709.62 4644.83
61.3086 939.387 1870.32  2811.6 3713.59  4649.8
61.3738 940.387  1872.3  2814.6 3717.54  4654.8
61.3738 941.397  1874.3  2817.6 3721.53  4659.8
61.3738 942.407  1876.3  2820.6 3725.52 4664.79
61.4377 943.388 1878.26  2823.6 3729.52 4669.79
61.4377 944.396 1880.26  2826.6 3733.51 4674.79
61.4377 945.396 1882.27 2829.62 3737.49 4679.79
61.5018 946.382 1884.27 2832.57 3741.49 4684.79
61.5667 947.382 1886.27 2835.55 3745.43 4689.79
61.5667 948.382 1888.28 2838.55 3749.42 4694.79
61.6304 949.364 1890.23 2841.55 3753.42 4699.79
61.6304 950.364 1892.23 2844.57 3757.41 4704.79
61.6304 951.364 1894.24 2847.59 3761.41 4709.77
 61.695 952.361 1896.24 2850.59 3765.41 4714.71
  61.76 953.361 1898.24 2853.59 3769.38 4719.67
61.8247 954.361 1900.23 2856.59 3773.38 4724.62
61.8893 955.359 1902.23 2859.59 3777.38 4729.56
61.9539 956.355 1904.23 2862.59 3781.32 4734.56
62.0185 957.352 1906.23 2865.59 3785.32  4739.5
62.0185 958.352 1908.24 2868.59 3789.31 4744.49
62.0185 959.352 1910.24  2871.6  3793.3 4749.49
62.0831 960.352 1912.23  2874.6  3797.3 4754.43
62.0831 961.359 1914.23 2877.62 3801.28 4759.43
62.0831 962.366 1916.23 2880.62 3805.28 4764.42
62.1475 963.366 1918.22 2883.62 3809.28 4769.37
62.2114 964.366 1920.19 2886.58 3813.28 4774.37
62.2758 965.366 1922.18 2889.58 3817.23 4779.37
62.2758 966.366 1924.18  2892.6 3821.21 4784.36
  62.34 967.363 1926.18  2895.6 3825.15 4789.36
62.4044 968.363 1928.18 2898.59  3829.1 4794.36
62.4044 969.372 1930.18 2901.59 3833.09 4799.36
62.4044 970.372 1932.19  2904.6 3837.08 4804.36
62.4685  971.37 1934.19  2907.6 3841.08  4809.3
62.4685  972.37 1936.19 2910.62 3845.08 4814.28
62.4685  973.37 1938.19 2913.63 3849.06 4819.27
62.4685 974.379 1940.19 2916.63 3853.06 4824.27
62.4685 975.385 1942.19 2919.65 3857.06 4829.25
62.4685 976.393  1944.2 2922.65 3861.04 4834.25
62.5313 977.375 1946.15 2925.65 3865.04 4839.25
62.5313 978.381 1948.15 2928.66 3869.04 4844.24
62.5951 979.381 1950.15 2931.65 3872.99 4849.24
62.6593 980.381 1952.15 2934.65 3876.96  4854.2
62.6593 981.389 1954.16 2937.65 3880.96 4859.19
62.7233 982.389 1956.16 2940.65 3884.92 4864.16
62.7871 983.389 1958.16 2943.64 3888.92  4869.1
62.7871 984.389 1960.16 2946.65 3892.91  4874.1
62.8503 985.389 1962.14 2949.62 3896.91  4879.1
62.8503 986.389 1964.15 2952.62  3900.9  4884.1
62.8503 987.389 1966.16 2955.62 3904.89  4889.1
62.9139 988.389 1968.16 2958.61 3908.89 4894.05
62.9139 989.395 1970.16 2961.62 3912.89 4899.03
62.9777 990.395 1972.16 2964.62 3916.86    4904
63.0404 991.381 1974.16 2967.57 3920.86    4909
63.0404  992.39 1976.16 2970.57 3924.85    4914
63.1038  993.39 1978.15 2973.57 3928.85 4918.94
63.1038 994.393 1980.14 2976.57 3932.85 4923.94
63.1038   995.4 1982.15 2979.57 3936.84 4928.94
63.1038   996.4 1984.16 2982.57 3940.83 4933.94
63.1038 997.407 1986.16 2985.58 3944.83 4938.92
63.1038 998.407 1988.16 2988.59 3948.81 4943.92
63.1038 999.414 1990.17 2991.59 3952.81 4948.91
63.1038 1000.41 1992.17 2994.61 3956.81 4953.89
63.1667 1001.41 1994.17 2997.61 3960.81 4958.83
63.2292 1002.41 1996.14 3000.57 3964.81 4963.83
63.2292 1003.41 1998.14 3003.59  3968.8 4968.83