      1 3.33333 3.33333       4 3.33333       6
      1 5.20833 5.20833    6.25 7.33333      11
      1 6.20833 7.20833 9.30085  10.913 16.3695
      1 7.99456 9.28228 12.3008 14.0528 21.3695
      1 9.64948 11.2038 15.3008 18.0528 25.7931
1.20376 10.6495 13.2038 18.4186 21.7313 30.7931
1.20376 11.6495 15.4135 21.4186 25.3682 35.9465
1.20376 13.1286 17.3705 24.4186 29.3682 40.5104
1.33546 14.5649 19.3705 27.4186 33.3682 44.9424
1.48043 15.5649 21.3705  30.395 37.3682 49.8211
1.48043 16.5649 23.5359  33.395 41.1546 54.8693
1.58724   17.76 25.2339  36.395 45.1546 59.8693
1.58724   18.76 27.3607 39.4624 48.9603 64.8693
1.58724 20.1122 29.3328 42.4624 52.9603  69.545
1.68055 21.2945 31.0572 45.4624 56.9603  74.545
1.78394 22.6047 33.0572 48.4624 60.9603 79.1314
1.78394 23.9592 35.0572 51.3663 64.9603  83.873
1.88228 25.2799 37.0572 54.3663 68.5412  88.873
1.97021 26.4608 38.7883 57.3663 72.5412  93.873
1.97021 27.8328 40.7883 60.3663 76.3023 98.7401
1.97021 29.1771 42.7585 63.3663 79.9878  103.74
2.05885 30.4898 44.7585 66.3663 83.5865  108.74
2.05885 31.8155 46.7046 69.3663 87.5865 113.468
  2.146 32.8155 48.6814 72.3024 91.5865 118.468
  2.146 33.8155 50.7511 75.3024 95.4802 123.505
  2.146 35.1238 52.7511 78.2158 99.4802 128.283
  2.146 36.4361  54.722 81.2158 103.197 133.283
  2.146 37.7044 56.6268 84.0427 107.197 138.283
  2.146 38.9727 58.5315 86.8697 111.197 143.283
  2.146 39.9727 60.5885 89.8697 115.105 148.318
  2.146 40.9727 62.6454 92.8697 119.012 153.354
2.21512 41.9727 64.6454  95.861 123.012 158.293
2.28512 42.9727 66.6882  98.861   126.9 163.293
2.28512 43.9727 68.7437 101.861 130.811 168.326
2.34964 45.2144 70.7437 104.861 134.505 173.326
2.41769 46.2144 72.7437 107.898   138.4 178.326
2.48445 47.2144 74.7525 110.898   142.4 183.251
2.48445 48.2144 76.8033  113.94 146.307 188.251
2.48445  49.425 78.7318 116.801 150.307 193.251
2.48445  50.425 80.7318 119.846 154.225 198.288
2.54744  51.425 82.7318 122.846 158.135 203.315
2.60749 52.6372 84.7318 125.846 161.862 208.315
2.60749 53.6372 86.7806 128.846 165.776 213.353
2.66723 54.6372 88.7689 131.798 169.776 218.353
2.72201 55.7593  90.592 134.798 173.776 223.353
2.78235 56.7593  92.592 137.786 177.776 228.304
2.78235 57.7593 94.6107  140.79 181.776 233.281
2.78235 58.9743 96.6107 143.751   185.6 238.281
2.84003 59.9743 98.6134 146.751   189.6 243.221
2.89281 61.0889 100.446 149.751   193.6 248.221
2.95054 62.0889 102.446  152.74   197.6 253.175
2.95054 63.0889 104.461 155.745   201.6 258.155
2.95054 64.0889 106.461 158.781  205.53 263.188
3.00156  65.197 108.302 161.781  209.53 268.188
3.05258 66.3052 110.143 164.781  213.53 273.188
3.05258 67.3052 112.173 167.781 217.466 278.223
3.05258 68.3052 114.173 170.816 221.399 283.255
3.05258 69.4973 116.173 173.816 225.263 288.199
3.05258 70.6741 118.173 176.759 229.263 293.079
3.05258 71.8573 120.151 179.759 233.101 298.079
  3.104 72.8573 122.151 182.759 237.028   303.1
  3.104 73.8573 124.151 185.793 240.963 308.132
3.15125 74.9817 126.151 188.621 244.963 313.132
3.19958 76.1315 128.151 191.621 248.963 317.933
3.19958 77.2978 130.114 194.621 252.963 322.804
3.19958 78.2978 132.114 197.653 256.903 327.832
3.19958 79.2978 134.114 200.684 260.844  332.86
3.24782 80.2978 136.114 203.684 264.777 337.879
3.29218 81.3945 137.973 206.684 268.777 342.879
3.34035 82.3945 139.992 209.684  272.71 347.879
3.38475 83.4895 141.853 212.684  276.71 352.879
3.38475 84.6554 143.853 215.654 280.574 357.879
3.42933 85.7704 145.853 218.495 284.574 362.879
3.47624 86.7704 147.853 221.483 288.574 367.843
3.52311 87.7704 149.846 224.483 292.574 372.803
  3.569 88.9137 151.846 227.483 296.385 377.803
3.61585 89.9137  153.84 230.483 300.385 382.763
3.66275 90.9137  155.84 233.473 304.385 387.727
3.66275 91.9137  157.84   236.5 308.331 392.753
3.70952 92.9137 159.856   239.5 312.268 397.753
3.70952 94.0647 161.836   242.5 316.137 402.753
3.75313 95.1705 163.836  245.35 320.137 407.753
3.75313 96.3208 165.816  248.35 324.006 412.753
3.75313 97.3208 167.837  251.35 327.955 417.784
3.79573 98.4254 169.837 254.203 331.955 422.784
3.84033 99.4254 171.837  257.19 335.955 427.752
3.88221  100.51 173.711  260.19 339.955 432.752
3.88221  101.51 175.715 263.192 343.955 437.745
3.92434 102.611 177.715 266.049 347.955 442.745
3.92434 103.747 179.681 269.049 351.955 447.644
3.92434 104.747 181.681  272.07 355.907 452.671
3.96489 105.829 183.559  275.07 359.907 457.671
4.00832 106.829 185.559 278.083  363.85 462.671
4.04955 107.928 187.559 280.943  367.85 467.671
4.04955 108.928 189.559 283.963 371.804 472.697
4.04955 109.928 191.559 286.983 375.758 477.724
4.04955 110.928 193.577 290.006 379.716 482.724
4.09163 111.928 195.588 293.006 383.663 487.724
4.09163 113.046 197.543 295.934 387.663 492.724
4.09163 114.184 199.543 298.934 391.565 497.684
4.09163 115.317 201.523 301.934 395.451 502.684
4.09163 116.443  203.49 304.934 399.451 507.591
4.09163 117.576  205.47 307.934 403.338 512.591
4.13169 118.576 207.482 310.934 407.286 517.591
4.13169 119.708 209.462 313.934 411.174 522.591
4.17004 120.819 211.462 316.934 415.174 527.441
4.17004  121.95 213.443 319.934 419.062 532.441
4.20932  122.95 215.443 322.947 423.009 537.441
4.24811  123.95 217.428 325.923 427.009 542.441
4.28689  124.95 219.413 328.899 431.009 547.441
4.28689  126.08 221.413 331.873 434.906 552.441
4.32546  127.08 223.405 334.873 438.906 557.411
4.32546  128.08 225.407 337.874 442.906 562.407
4.36281 129.186 227.407 340.874 446.906 567.264
4.36281 130.186  229.41 343.876 450.906 572.259
 4.4007 131.186 231.402 346.876 454.906 577.229
 4.4007 132.309 233.384 349.876 458.801 582.229
4.43743 133.413 235.384 352.876 462.801 587.088
4.43743  134.53 237.354 355.876 466.801 592.001
4.43743  135.53 239.369 358.897 470.765 597.001
4.43743 136.646 241.339 361.897 474.765 601.916
4.47409 137.646 243.339 364.887 478.765 606.889
4.50891 138.717 245.233 367.887 482.765 611.889
4.50891 139.833 247.233 370.848 486.765 616.812
4.50891 140.833 249.235 373.851 490.765 621.807
4.54525 141.833 251.244 376.851  494.72 626.807
 4.5807 142.939 253.244 379.851 498.578 631.807
4.61703 143.939 255.253 382.851 502.533 636.807
4.65336 144.939 257.253 385.851 506.487 641.817
4.65336 146.057 259.253 388.827 510.393 646.817
4.65336 147.169 261.253 391.788 514.393 651.744
4.65336 148.169 263.255 394.791 518.393 656.739
4.65336 149.169 265.255 397.808 522.355 661.758
4.68777 150.272 267.255 400.808 526.218 666.758
4.68777 151.272 269.268 403.808 530.182 671.781
4.68777  152.38  271.24 406.808 534.182 676.701
4.68777 153.498  273.24 409.808   538.1 681.665
4.72222 154.498  275.24 412.808 542.056 686.675
4.75668 155.498  277.24 415.808 546.011 691.686
4.75668 156.498  279.24 418.826 549.973 696.706
4.75668 157.611  281.24 421.804 553.883 701.706
4.78885 158.677 283.142 424.804 557.883 706.706
4.78885 159.775 285.103 427.745 561.883 711.706
4.78885  160.88 287.075 430.745 565.883 716.628
4.78885 161.992 289.075 433.722 569.794 721.628
4.82075 163.071 291.075 436.611 573.794 726.628
4.82075 164.182 293.057 439.611 577.702 731.628
4.85376 165.182 295.057 442.621 581.658 736.628
4.88655 166.182 297.057 445.612 585.658 741.605
4.88655 167.287 299.057 448.575 589.658 746.537
4.91911 168.287  301.05 451.575 593.658 751.511
4.95191 169.287  303.05 454.575 597.615 756.521
4.98447 170.287 305.042 457.575 601.615 761.496
4.98447 171.388 307.015 460.575 605.615 766.421
4.98447 172.388 309.027 463.575 609.583 771.442
5.01684 173.388 311.027 466.575 613.541 776.452
5.01684  174.49 313.027  469.54 617.541 781.385
5.04901  175.49 315.034  472.54 621.502 786.385
5.04901 176.595 317.017  475.54 625.414 791.385
5.04901 177.595 319.017 478.555  629.38 796.404
5.07995 178.683 321.017 481.555  633.38 801.285
5.11149 179.683 323.011 484.555  637.38  806.26
5.11149  180.79 325.011 487.555 641.306 811.226
5.14284  181.79 327.004 490.555 645.306 816.202
5.17419  182.79 328.997 493.555 649.306 821.177
5.20554  183.79  330.99 496.555 653.306 826.152
5.20554 184.888  332.99 499.522 657.306 831.088
5.20554 185.993  334.99 502.522 661.235 836.055
5.23522 187.053   336.9 505.522 665.235 841.055
5.26639 188.053   338.9 508.522 669.195 846.063
5.29756 189.053   340.9 511.522 673.156 851.071
5.29756 190.157   342.9 514.522 677.086 856.038
5.32779 191.242   344.9 517.522 681.086 860.923
5.32779 192.338   346.9 520.489 685.086 865.859
5.35747  193.41   348.9 523.388 689.086 870.859
5.35747  194.51   350.9 526.366 693.007 875.859
5.35747  195.51 352.902 529.369 697.007 880.855
5.35747 196.606 354.902 532.336 701.007 885.792
5.35747 197.708 356.902 535.336 704.937 890.759
5.35747 198.804 358.902 538.303 708.937 895.696
5.38742 199.804 360.902 541.303   712.9 900.703
5.38742 200.804 362.902 544.317  716.87 905.719
5.41582 201.863 364.815 547.317  720.87 910.719
5.41582 202.956  366.79 550.317  724.87  915.65
5.41582 204.049 368.766 553.317  728.87 920.582
 5.4451 205.049 370.766  556.31  732.87  925.56
5.47456 206.049 372.766  559.31 736.834 930.567
5.50401 207.049 374.766  562.31 740.799 935.573
5.50401 208.148 376.766  565.31 744.732  940.54
5.50401 209.148 378.776 568.326 748.705  945.54
5.50401 210.148 380.776  571.34 752.676 950.555
5.50401 211.243  382.76  574.34 756.598 955.555
5.50401 212.335  384.76 577.309 760.598 960.494
5.50401 213.431  386.76 580.288 764.523 965.494
5.50401 214.527  388.76 583.267 768.448 970.494
5.50401 215.527  390.76 586.281 772.419  975.51
5.53227 216.527 392.766 589.281 776.384  980.51
5.53227 217.617 394.766  592.25 780.384  985.45
5.53227 218.712 396.766  595.23  784.31  990.45
5.56007 219.712  398.76  598.23  788.31 995.428
5.56007 220.712  400.77  601.23 792.283 1000.44
5.58775 221.712  402.77 604.222 796.283 1005.42
5.61542 222.712  404.77 607.215 800.283  1010.4
5.61542 223.807  406.77 610.215 804.219 1015.37
5.61542   224.9  408.77 613.195 808.146 1020.37
5.61542   225.9 410.772 616.197 812.146 1025.37
5.61542 226.993 412.772 619.177 816.074 1030.37
5.61542 227.993 414.773  622.18 820.074 1035.37
5.61542 229.087 416.773  625.18  824.01 1040.33
5.64185 230.165 418.773  628.18  828.01 1045.23
5.66886 231.165 420.773 631.188 831.975 1050.23
5.69566 232.165 422.762 634.172 835.975 1055.23
5.72209 233.242 424.762 637.172 839.975 1060.13
5.72209 234.242 426.762 640.185 843.948 1065.14
5.72209 235.333 428.762 643.165 847.877 1070.14
5.74871 236.333 430.757 646.165 851.877 1075.12
5.74871 237.333 432.767 649.181 855.852 1080.12
5.77535 238.333 434.767 652.188 859.817 1085.12
5.80087 239.386 436.688 655.188 863.817 1090.12
5.80087 240.386  438.69 658.191 867.817 1095.12
5.82724 241.386 440.684 661.191 871.817 1100.09
5.82724 242.386 442.694 664.206 875.792 1105.09
5.85351 243.386 444.694   667.2 879.792 1110.07
5.85351 244.464 446.662 670.153 883.792 1115.07
5.85351 245.464 448.671 673.153 887.768 1120.09
5.87953 246.464 450.666 676.153 891.768 1125.07
5.90486 247.525 452.666 679.066 895.768 1130.07
5.90486 248.525 454.675 682.066 899.743 1135.09
5.93076 249.525  456.67 685.066 903.743 1140.06
5.93076 250.608  458.67 688.038 907.743 1145.01
5.95669 251.608  460.67 691.038 911.712 1150.02
5.98157 252.659 462.594 694.038 915.712 1155.02
6.00729 253.659 464.583 697.023 919.712 1160.02
6.03309 254.659 466.583 700.016 923.712    1165
6.05821 255.719 468.583 702.931 927.712    1170
6.05821 256.799 470.562 705.931 931.712 1174.94
6.08402 257.799 472.567 708.931 935.681 1179.94
6.10982 258.799 474.567 711.937 939.649 1184.94
6.10982 259.799 476.568 714.939 943.649 1189.93
6.13552 260.799 478.568 717.939 947.618 1194.94
6.13552 261.882 480.568  720.92 951.554 1199.94
6.16098 262.882 482.563  723.92 955.554 1204.92
6.18658 263.882 484.567  726.92 959.523 1209.92
6.18658 264.964 486.553  729.92 963.456 1214.92
6.21156 266.033 488.553  732.92 967.456 1219.83
6.21156 267.118 490.553  735.92 971.399  1224.8
6.21156 268.202 492.553  738.92 975.343 1229.77
6.21156 269.202 494.553 741.932 979.318 1234.78
6.21156 270.202 496.562 744.946 983.296 1239.78
6.23662 271.202 498.562 747.952 987.264 1244.78
6.26169 272.202 500.562 750.959 991.233 1249.78
6.26169 273.202 502.563 753.961 995.233 1254.78
6.26169  274.28 504.563 756.935 999.233 1259.73
6.26169  275.28 506.572 759.935 1003.21 1264.74
6.26169  276.28 508.573 762.937 1007.21 1269.74
6.26169 277.357 510.573 765.911 1011.21 1274.69
6.26169 278.357 512.574 768.913 1015.21 1279.68
6.28571 279.424 514.574 771.913 1019.21 1284.59
6.31008 280.424 516.569 774.913 1023.21 1289.57
6.33445 281.424 518.564 777.913 1027.21 1294.55
6.33445 282.424 520.566 780.915 1031.21 1299.55
6.33445 283.503 522.566 783.898 1035.15 1304.55
6.35829  284.57 524.566 786.898 1039.15 1309.46
6.38247  285.57 526.561 789.898 1043.15 1314.44
6.40607 286.626 528.561 792.819 1047.15 1319.44
6.42967 287.682 530.561 795.739 1051.15 1324.44
6.42967 288.682 532.562 798.741 1055.15 1329.44
6.45318 289.737 534.562 801.662 1059.15 1334.44
6.45318 290.737 536.562 804.673 1063.13 1339.45
6.47661 291.793 538.562 807.594 1067.13 1344.45
6.47661 292.793 540.571 810.606 1071.11 1349.45
6.49995 293.848 542.571 813.527 1075.11 1354.45
6.52386 294.848 544.571  816.52 1079.11 1359.43
6.52386 295.848 546.579 819.531 1083.09 1364.43
6.54712 296.903 548.579 822.453 1087.09 1369.43
6.57061 297.968 550.579 825.453 1091.09 1374.34
6.57061 299.036 552.553 828.412 1095.09 1379.34
6.57061 300.114 554.553 831.412 1099.03 1384.32
6.59435 301.114 556.553 834.417 1103.01 1389.32
6.59435 302.182 558.526 837.375 1107.01 1394.32
6.61802 303.182 560.526 840.375 1110.98 1399.32
6.64168 304.182 562.531 843.375 1114.95 1404.32
6.66491 305.246 564.531 846.375 1118.95 1409.23
6.66491 306.246 566.538 849.375 1122.93 1414.24
6.66491 307.313 568.512 852.335 1126.93 1419.24
6.66491 308.388 570.512 855.317 1130.87 1424.24
6.68823 309.388 572.512  858.31 1134.87 1429.23
6.71165 310.388 574.516  861.31 1138.85 1434.23
6.73443 311.441 576.516 864.233 1142.85 1439.23
6.75775 312.441 578.516 867.226 1146.85 1444.21
6.75775 313.516 580.516 870.208 1150.79 1449.21
6.78108 314.516 582.516 873.208 1154.76 1454.22
6.80379 315.569 584.516 876.132 1158.76 1459.22
6.80379 316.569 586.525 879.142 1162.74 1464.22
6.82668 317.634 588.525 882.142 1166.66 1469.22
6.82668 318.707 590.512 885.142  1170.6 1474.22
6.84976 319.707 592.512 888.135  1174.6  1479.2
6.84976 320.707  594.52 891.145 1178.58  1484.2
6.87271 321.707 596.512 894.131 1182.58  1489.2
6.87271 322.707  598.52 897.141 1186.56  1494.2
6.87271 323.707 600.529 900.151 1190.54  1499.2
6.87271 324.707  602.53 903.152 1194.54  1504.2
6.89557 325.707  604.53 906.156 1198.51  1509.2
6.89557 326.776  606.53 909.131 1202.51 1514.15
6.91835 327.776  608.53 912.135 1206.49 1519.15
6.91835  328.84 610.506 915.096 1210.49 1524.15
6.91835 329.908 612.488 918.096 1214.49  1529.1
6.91835 330.908 614.496 921.096 1218.47 1534.11
6.94082 331.908 616.491 924.096 1222.47  1539.1
6.96338 332.908 618.491 927.096 1226.44  1544.1
6.98594 333.908 620.491   930.1 1230.42  1549.1
6.98594  334.98 622.491   933.1 1234.37 1554.08
6.98594 336.049 624.491 936.075 1238.37 1559.03
6.98594 337.118 626.479 939.075 1242.31 1564.03
7.00796 338.181 628.479 942.075 1246.23 1569.03
7.00796 339.248 630.462 945.075 1250.23 1573.98
7.00796 340.248  632.47 948.085 1254.21 1578.98
7.00796 341.248 634.478 951.085 1258.19 1583.99
7.02977  342.31 636.478 954.085  1262.1 1588.99
7.02977  343.31 638.478 957.094 1266.08    1594
7.05171  344.31  640.47  960.08 1270.08    1599
7.05171  345.31  642.47 963.089 1274.06 1604.02
7.07315  346.36  644.47 966.018 1278.06 1609.02
7.09506  347.36  646.47 969.011 1282.06    1614
7.09506 348.431  648.47 972.011 1286.02 1618.98
7.11644 349.481  650.47 974.939 1290.02 1623.98
7.11644 350.552  652.47 977.939 1293.97 1628.95
7.13758 351.593 654.407 980.939 1297.97 1633.95
7.13758 352.658 656.391 983.939 1301.97  1638.9
7.15936 353.658 658.394 986.939 1305.94  1643.9
7.15936 354.658 660.394 989.948 1309.93 1648.92
7.15936 355.658 662.401 992.948 1313.91 1653.93
7.15936 356.719 664.378  995.91 1317.91 1658.93
7.15936 357.786 666.378 998.886 1321.91 1663.88
7.18077 358.786  668.37 1001.87 1325.91 1668.88
7.20217 359.786 670.362 1004.86 1329.91 1673.88
7.20217  360.85 672.346 1007.86 1333.91 1678.84
7.20217 361.917 674.334 1010.86 1337.85 1683.84
7.22327 362.977 676.334 1013.86 1341.77 1688.84
7.24458 363.977 678.329 1016.86 1345.77 1693.82
7.24458 364.977 680.337 1019.87 1349.75 1698.82
 7.2658 365.977 682.329 1022.86 1353.75 1703.82
7.28713 366.977 684.333 1025.86 1357.73 1708.82
7.28713 368.046 686.333 1028.86 1361.68  1713.8
7.30811 369.105 688.333 1031.86  1365.6  1718.8
7.30811 370.172 690.321 1034.86 1369.55  1723.8
7.30811 371.172 692.329 1037.86 1373.53  1728.8
7.30811 372.238 694.318 1040.86 1377.48  1733.8
 7.3289 373.297 696.318 1043.86  1381.4  1738.8
7.34948 374.345 698.318  1046.8  1385.4  1743.8
 7.3705 375.345 700.318 1049.79  1389.4 1748.78
7.39125 376.402 702.318 1052.79  1393.4 1753.71
7.41225 377.402 704.313 1055.79  1397.4 1758.69
7.43325 378.402 706.309 1058.79  1401.4 1763.67
7.45383  379.45 708.309 1061.72  1405.4 1768.67
7.47483  380.45 710.305 1064.72  1409.4 1773.66
7.47483  381.45 712.306 1067.72  1413.4 1778.65
7.47483 382.516 714.306  1070.7 1417.35 1783.65
7.49573 383.516 716.306  1073.7 1421.35 1788.64
7.49573 384.579 718.306 1076.68 1425.35  1793.6
7.49573 385.579 720.306 1079.68 1429.33 1798.61
7.49573 386.641  722.29 1082.68 1433.33 1803.56
7.49573 387.641 724.297 1085.68 1437.31 1808.57
7.51647 388.641 726.297 1088.68 1441.29 1813.58
7.51647 389.641 728.304 1091.68 1445.27 1818.59
7.53707 390.641 730.304 1094.68 1449.27 1823.57
7.53707 391.641 732.311 1097.68 1453.25 1828.59
7.53707 392.699 734.288 1100.64 1457.25 1833.59
7.53707 393.761 736.288 1103.62 1461.25 1838.55
7.53707 394.826 738.288  1106.6  1465.2 1843.55
7.53707 395.826 740.296 1109.61 1469.18 1848.55
  7.557 396.872 742.296 1112.54 1473.18 1853.55
  7.557 397.938 744.296 1115.54 1477.14 1858.52
7.57723 398.938 746.289 1118.53 1481.14 1863.52
7.57723 399.938 748.295 1121.53 1485.12 1868.53
7.57723 401.002 750.295 1124.52 1489.08 1873.53
7.59716 402.057 752.295 1127.52 1493.08 1878.46
7.59716 403.057 754.295 1130.52 1497.06 1883.47
7.59716 404.122 756.295 1133.52 1501.01 1888.45
7.61702 405.178 758.295 1136.52 1504.94 1893.45
7.61702 406.178 760.297 1139.52 1508.94 1898.45
7.63701 407.178 762.293 1142.52 1512.94 1903.43
7.63701 408.178   764.3 1145.52 1516.92 1908.44
7.63701 409.239   766.3  1148.5 1520.92  1913.4
7.65688 410.239 768.293 1151.49 1524.92  1918.4
7.67624 411.277 770.236 1154.49 1528.92  1923.4
7.67624 412.339 772.225 1157.49 1532.87  1928.4
7.67624 413.339 774.231 1160.49 1536.85 1933.41
7.69604 414.339 776.231 1163.48 1540.85  1938.4
7.69604 415.401 778.221 1166.48  1544.8  1943.4
7.69604 416.457 780.199 1169.45  1548.8  1948.4
7.69604 417.457 782.206 1172.46 1552.79  1953.4
7.71568 418.457 784.202 1175.46 1556.79 1958.38
7.73513 419.512 786.202 1178.46 1560.71 1963.38
7.75477 420.512 788.198 1181.46 1564.71 1968.37
7.77418 421.565 790.198 1184.46 1568.71  1973.3
7.77418 422.565 792.205 1187.46  1572.7  1978.3
7.77418 423.627 794.205 1190.45 1576.65  1983.3
7.79354 424.682 796.205 1193.45 1580.57  1988.3
7.81309 425.682 798.205 1196.44 1584.57 1993.28
7.83245 426.737 800.205 1199.44  1588.5 1998.28
7.83245   427.8 802.205 1202.44 1592.46 2003.26
7.83245 428.861 804.195 1205.44 1596.41 2008.26
7.83245 429.861 806.196 1208.44 1600.41 2013.26
7.83245 430.861 808.196 1211.45 1604.39 2018.27
7.83245 431.916 810.175 1214.42 1608.39 2023.27
7.83245 432.975 812.175 1217.39 1612.39 2028.23
 7.8517 433.975 814.171 1220.39 1616.39 2033.22
 7.8517 435.037 816.171 1223.38 1620.34 2038.22
7.87097 436.037 818.171 1226.38 1624.32 2043.22
7.89024 437.037 820.171 1229.38  1628.3 2048.22
7.89024 438.037 822.178 1232.39 1632.28 2053.22
7.89024 439.037 824.178  1235.4 1636.27 2058.23
7.89024 440.037 826.185  1238.4 1640.25 2063.24
7.90932 441.037 828.185 1241.39 1644.25 2068.23
7.90932 442.037 830.185  1244.4 1648.23 2073.24
7.92799  443.08 832.185 1247.34 1652.23 2078.24
7.94702  444.08 834.185 1250.33 1656.23 2083.23
 7.9661  445.08 836.185 1253.33 1660.21 2088.23
 7.9661 446.138 838.185 1256.31 1664.21 2093.19
 7.9661 447.198 840.185  1259.3 1668.17 2098.19
 7.9661 448.198 842.186  1262.3 1672.17 2103.19
 7.9661 449.198 844.192  1265.3 1676.15  2108.2
 7.9661 450.251 846.172 1268.26 1680.15  2113.2
 7.9661 451.305 848.152 1271.23 1684.15  2118.2
7.98492 452.305 850.152 1274.23 1688.13  2123.2
 8.0035 453.357 852.152 1277.23 1692.06  2128.2
 8.0035 454.357 854.153 1280.23 1696.06  2133.2
 8.0035 455.357 856.159 1283.23 1700.04 2138.21
8.02217 456.357 858.159 1286.22 1704.04  2143.2
8.02217 457.357 860.159 1289.23 1708.02 2148.21
8.04059 458.407 862.159 1292.23 1712.02 2153.14
8.05918 459.407 864.153 1295.22 1716.02 2158.14
8.07747  460.45 866.153 1298.16 1720.02 2163.14
8.07747 461.508 868.143 1301.16 1723.97 2168.14
8.09605 462.508 870.143 1304.15 1727.97 2173.13
8.09605 463.568 872.143 1307.15 1731.93 2178.11
8.09605 464.568  874.15 1310.16 1735.92 2183.11
8.09605 465.624  876.15 1313.14 1739.92 2188.07
 8.1145 466.624 878.146 1316.14 1743.92 2193.06
8.13301 467.624 880.146 1319.14  1747.9 2198.06
8.13301 468.624 882.146 1322.15 1751.88 2203.07
8.15097 469.659 884.093 1325.15 1755.88 2208.07
8.15097 470.718 886.093 1328.15 1759.84 2213.05
8.15097 471.718 888.099 1331.15 1763.83 2218.06
8.16929 472.718 890.096 1334.15 1767.83 2223.04
8.18758 473.718 892.089 1337.14 1771.83 2228.04
8.20588 474.718 894.083 1340.12 1775.83 2233.04
8.20588 475.776 896.083 1343.11 1779.78 2238.04
8.20588 476.827 898.063 1346.08 1783.78 2243.04
8.20588 477.886 900.063 1349.08 1787.74 2248.02
8.20588 478.943 902.053 1352.08  1791.7 2253.02
8.20588 479.943 904.055 1355.08  1795.7 2258.02
8.20588 480.997  906.04 1358.08  1799.7 2262.98
8.20588 482.051 908.026 1361.08  1803.7 2267.94
8.22373   483.1 910.026 1364.08  1807.7 2272.88
8.22373   484.1 912.032 1367.08 1811.68 2277.89
8.24154 485.148 914.032 1370.08 1815.68 2282.82
8.25954 486.148 916.028 1373.08 1819.68  2287.8
8.27754 487.148 918.025 1376.08 1823.68 2292.79
8.27754 488.199 920.005 1379.05 1827.68 2297.79
8.27754 489.256 922.005 1382.03 1831.64 2302.79
8.27754 490.307 923.986    1385 1835.64 2307.79
8.27754 491.307 925.992 1388.01 1839.62 2312.79
8.29539 492.307 927.988 1391.01 1843.62 2317.78
8.31293 493.348 929.988 1393.95 1847.62 2322.78
8.33077 494.348 931.984 1396.95 1851.62 2327.76
8.33077 495.348  933.99 1399.95 1855.61 2332.77
8.34828 496.389  935.99 1402.89 1859.61 2337.77
8.34828 497.445  937.99 1405.88 1863.57 2342.77
8.34828 498.496 939.971 1408.85 1867.57 2347.77
8.36607 499.496 941.971 1411.85 1871.55 2352.77
8.38385 500.496 943.974 1414.85 1875.53 2357.77
8.40164 501.496 945.974 1417.85 1879.51 2362.78
8.40164 502.496 947.979 1420.85 1883.49 2367.79
8.40164  503.55 949.979 1423.83 1887.49 2372.75
8.40164  504.55 951.981 1426.83 1891.49 2377.75
8.41926  505.55 953.977 1429.83 1895.49 2382.74
8.43659  506.59 955.977 1432.77 1899.49 2387.74
8.43659  507.59 957.983 1435.77 1903.48 2392.75
8.45399 508.637 959.983 1438.77 1907.48 2397.68
8.45399 509.693 961.983 1441.75 1911.43 2402.68
8.47159 510.693 963.986 1444.75 1915.41 2407.68
8.48884 511.733 965.986  1447.7 1919.41 2412.68
8.50645 512.733 967.986  1450.7 1923.39 2417.69
8.52405 513.733 969.988  1453.7 1927.37 2422.69
8.54165 514.733 971.991  1456.7 1931.35 2427.69
8.54165 515.789 973.991  1459.7 1935.32 2432.67
8.55915 516.789 975.987  1462.7 1939.32 2437.65
8.55915 517.789 977.993  1465.7  1943.3 2442.66
8.57648 518.837 979.993  1468.7 1947.23 2447.66
8.59367 519.877 981.993 1471.64 1951.23 2452.66
8.59367 520.877 983.999 1474.65 1955.22 2457.66
8.59367 521.877 986.006 1477.65 1959.21 2462.66
8.61113 522.877 988.009 1480.65 1963.19 2467.66
8.62851 523.877 990.003 1483.64 1967.19 2472.66
8.64551 524.909 991.954 1486.64 1971.19 2477.66
8.66277 525.957 993.954 1489.64 1975.12 2482.66
8.67977 526.989 995.904 1492.64 1979.12 2487.66
8.69717 527.989 997.901 1495.64 1983.12 2492.65
8.71456 528.989 999.897 1498.64 1987.12 2497.63
8.71456 529.989  1001.9 1501.64 1991.11 2502.64
8.73153 531.021 1003.85 1504.64 1995.11 2507.64
8.74895 532.021 1005.85 1507.64 1999.09 2512.65
8.74895 533.021 1007.85 1510.65 2003.07 2517.66
8.74895 534.076 1009.85 1513.65 2007.04 2522.64
8.74895 535.129 1011.84 1516.65 2010.99 2527.64
8.74895 536.129 1013.85 1519.65 2014.98 2532.65
8.74895 537.129 1015.85 1522.65 2018.96 2537.66
 8.7662 538.129 1017.85 1525.65 2022.94 2542.66
8.78339 539.129 1019.85 1528.65 2026.94 2547.64
8.78339 540.129 1021.86 1531.65 2030.93 2552.65
 8.8006 541.129 1023.86 1534.65 2034.91 2557.65
8.81763 542.176 1025.86 1537.65 2038.85 2562.65
8.83452 543.214 1027.86 1540.59 2042.85 2567.65
8.85154 544.261 1029.86 1543.59 2046.78 2572.65
8.85154 545.261 1031.86 1546.59 2050.77 2577.66
8.86872 546.261 1033.86 1549.59 2054.75 2582.67
8.88546 547.292 1035.82 1552.59 2058.75 2587.67
8.88546 548.339  1037.8 1555.56 2062.75 2592.67
8.88546 549.339  1039.8 1558.57 2066.73 2597.68
8.90257 550.339  1041.8 1561.57 2070.71 2602.68
8.90257 551.392  1043.8 1564.56 2074.67 2607.68
8.91966 552.392  1045.8 1567.56 2078.66 2612.68
8.91966 553.392 1047.81 1570.56 2082.64 2617.68
8.91966 554.392 1049.81 1573.57 2086.63 2622.68
8.91966 555.441 1051.79 1576.57 2090.63 2627.65
8.93645 556.487 1053.79 1579.57 2094.57 2632.65
8.95344 557.487  1055.8 1582.57 2098.55 2637.65
8.97036 558.487 1057.79 1585.57 2102.55 2642.64
8.98735 559.487 1059.79 1588.57 2106.53 2647.64
8.98735 560.539 1061.79 1591.56 2110.49 2652.64
9.00408 561.583 1063.79 1594.56 2114.49 2657.57
9.02098 562.583 1065.79 1597.56 2118.49 2662.56
9.02098 563.583 1067.79 1600.57 2122.47 2667.56
9.03758  564.62 1069.79 1603.51 2126.47 2672.56
 9.0545  565.62 1071.79 1606.51 2130.46 2677.56
 9.0545 566.672 1073.79  1609.5 2134.42 2682.56
9.07133 567.672 1075.79  1612.5 2138.42 2687.55
9.08815 568.672 1077.78 1615.49 2142.42 2692.55
9.10503 569.672 1079.78 1618.49  2146.4 2697.55
9.12185 570.672 1081.78 1621.48  2150.4 2702.55
9.13868 571.672 1083.77 1624.48  2154.4 2707.54
9.13868  572.72 1085.76 1627.48  2158.4 2712.51
9.15533 573.763 1087.76 1630.48  2162.4 2717.45
9.15533 574.763 1089.76 1633.48 2166.38 2722.45
9.15533 575.763 1091.77 1636.49 2170.37 2727.45
9.17207 576.763 1093.76 1639.49 2174.37 2732.44
9.18886 577.763 1095.76 1642.49 2178.35 2737.44
9.18886 578.812 1097.76 1645.47 2182.35 2742.41
9.20521 579.842 1099.72 1648.47 2186.35 2747.41
9.20521 580.894 1101.72 1651.47 2190.32  2752.4
9.20521 581.894 1103.72 1654.47  2194.3 2757.41
 9.2217 582.937 1105.72 1657.47  2198.3 2762.35
9.23823 583.981 1107.72 1660.47 2202.24 2767.35
9.25472 585.024 1109.72 1663.47 2206.24 2772.29
9.25472 586.071 1111.71 1666.47 2210.24 2777.25
9.25472 587.117 1113.69 1669.44 2214.24 2782.25
9.25472 588.117  1115.7 1672.45 2218.23 2787.25
9.27133 589.117  1117.7 1675.45 2222.21 2792.25
9.28794 590.117  1119.7 1678.45 2226.19 2797.25
9.28794 591.117 1121.71 1681.45 2230.18 2802.26
9.28794 592.166  1123.7 1684.45 2234.14 2807.26
9.30443 593.166 1125.69 1687.44 2238.14 2812.26
9.30443 594.166  1127.7 1690.45 2242.12 2817.26
9.30443 595.214  1129.7 1693.43 2246.12 2822.23
9.30443 596.214  1131.7 1696.44 2250.11 2827.23
9.32082 597.214  1133.7 1699.42 2254.11 2832.23
9.32082 598.214  1135.7 1702.43  2258.1 2837.23
9.33719 599.214  1137.7 1705.42  2262.1 2842.23
9.33719 600.261 1139.68 1708.42  2266.1  2847.2
9.33719 601.261 1141.69 1711.43 2270.09  2852.2
9.35317  602.29 1143.64 1714.43 2274.09  2857.2
9.35317  603.29 1145.65 1717.43 2278.08  2862.2
9.35317  604.34 1147.65 1720.42 2282.04  2867.2
9.35317 605.384 1149.63 1723.39 2286.04  2872.2
9.36927 606.426 1151.63 1726.39 2290.04 2877.14
9.36927 607.476 1153.63 1729.39 2294.01 2882.12
9.38553 608.476 1155.63  1732.4 2297.99 2887.12
9.40151 609.512 1157.63 1735.34 2301.99 2892.12
 9.4176 610.555 1159.63 1738.34 2305.93 2897.12
9.43386 611.555 1161.64 1741.34 2309.91 2902.12
9.43386 612.555 1163.64 1744.34 2313.91 2907.12
9.43386 613.599 1165.62 1747.32 2317.91 2912.12
9.43386 614.599 1167.63 1750.32  2321.9 2917.12
9.44987 615.642 1169.63 1753.32 2325.84 2922.12
9.46605 616.642 1171.63 1756.32 2329.82 2927.12
9.46605 617.686 1173.61  1759.3 2333.82 2932.12
9.46605 618.734  1175.6  1762.3 2337.78 2937.12
9.46605 619.784  1177.6  1765.3 2341.75  2942.1
9.46605 620.784 1179.61  1768.3 2345.73 2947.11
9.48183 621.819 1181.61 1771.24 2349.73 2952.11
9.49771 622.861 1183.61 1774.24 2353.73 2957.06
9.49771 623.904 1185.59 1777.22 2357.73 2962.06
9.49771 624.904 1187.59 1780.22 2361.73 2967.06
9.49771 625.953 1189.59 1783.21  2365.7 2972.06
9.49771 626.953  1191.6 1786.21 2369.68 2977.06
9.49771 627.953  1193.6 1789.21 2373.67 2982.07
9.51346 628.994  1195.6 1792.21 2377.67 2987.02
9.52932 629.994 1197.59  1795.2 2381.67 2992.02
9.54498 631.029 1199.59 1798.15 2385.67 2997.02
9.54498 632.029 1201.59 1801.15 2389.66 3002.02
9.56085 633.029 1203.59 1804.15 2393.66 3007.01
9.56085 634.029 1205.59 1807.15 2397.66 3012.01
9.57666 635.029 1207.59 1810.14 2401.66 3017.01
9.57666 636.076 1209.58 1813.14 2405.62 3022.01
9.57666 637.119 1211.56 1816.11 2409.62 3027.01
9.59249 638.119 1213.56 1819.11  2413.6 3032.01
9.60816 639.162 1215.56 1822.11 2417.54 3037.01
9.62398 640.162 1217.56 1825.11 2421.52 3042.02
9.63981 641.162 1219.56 1828.11 2425.51 3047.02
9.65563 642.162 1221.56 1831.11 2429.49 3052.02
9.67119 643.196 1223.56 1834.06 2433.49 3057.02
9.67119 644.241 1225.55 1837.06 2437.49 3061.99
9.67119 645.241 1227.55 1840.06 2441.49 3066.99
9.68678 646.281 1229.55 1843.06 2445.49 3071.93
9.68678 647.326 1231.54 1846.06 2449.49  3076.9
9.70253 648.326 1233.54 1849.06 2453.47  3081.9
9.71823 649.326 1235.54 1852.06 2457.47 3086.89
9.73371 650.361 1237.54 1855.01 2461.47 3091.89
9.74946 651.361 1239.54 1858.01 2465.45 3096.89
9.74946 652.409 1241.54 1861.01 2469.42 3101.87
9.76518 653.409 1243.54 1864.01  2473.4 3106.87
9.76518 654.457 1245.54 1867.01 2477.37 3111.86
9.78088 655.457 1247.54 1870.01 2481.35 3116.86
9.78088 656.457 1249.54 1873.02 2485.34 3121.86
9.78088 657.505 1251.54 1876.02 2489.31 3126.85
9.78088 658.505 1253.54 1879.02  2493.3 3131.86
9.78088 659.505 1255.54 1882.02  2497.3 3136.86
9.78088 660.505 1257.54 1885.02 2501.28 3141.86
9.78088 661.549 1259.53 1888.02 2505.28 3146.83
9.78088 662.549 1261.53 1891.03 2509.27 3151.84
9.79641 663.549 1263.53 1894.03 2513.25 3156.84
9.79641 664.596 1265.53 1897.02 2517.22 3161.84
9.81191 665.596 1267.53 1900.02  2521.2 3166.84
9.81191 666.643 1269.53 1903.01 2525.17 3171.84
9.82712 667.677 1271.53 1905.96 2529.17 3176.84
9.82712 668.724 1273.53 1908.95 2533.13 3181.84
9.82712 669.765 1275.52 1911.92 2537.13 3186.84
9.82712 670.809 1277.51 1914.92 2541.13 3191.81
9.84237 671.851 1279.51 1917.92 2545.07 3196.81
9.84237 672.892 1281.49 1920.89 2549.07 3201.81
9.85758 673.932 1283.49 1923.89 2553.07 3206.75
9.85758 674.977 1285.49 1926.88 2557.07 3211.73
9.85758 676.023 1287.49 1929.86 2561.04 3216.73
9.87273 677.063 1289.49 1932.86 2565.04 3221.67
9.88781 678.096 1291.49 1935.82 2569.04 3226.67
9.88781 679.096 1293.49 1938.82 2573.03 3231.68
9.88781 680.141 1295.49  1941.8 2577.03 3236.65
9.88781 681.183 1297.47 1944.78 2581.03 3241.65
9.88781 682.227 1299.46 1947.78 2585.03 3246.62
9.88781 683.273 1301.45 1950.78 2588.99 3251.62
9.90276 684.306 1303.45 1953.73 2592.99 3256.62
9.91772  685.34 1305.45 1956.68 2596.99 3261.62
9.93293  686.34 1307.46 1959.68 2600.97 3266.62
9.93293 687.385 1309.46 1962.66 2604.97 3271.59
9.94787 688.418 1311.46 1965.61 2608.97 3276.59
9.94787 689.463 1313.46  1968.6 2612.97 3281.56
9.94787 690.463 1315.46  1971.6 2616.96 3286.57
9.96276 691.497 1317.46 1974.55 2620.96 3291.57
9.96276 692.542 1319.45 1977.55 2624.92 3296.57
9.96276 693.586 1321.44 1980.55 2628.92 3301.54
9.97761 694.619 1323.44  1983.5 2632.92 3306.54
9.99265 695.619 1325.43 1986.49 2636.92 3311.54
9.99265 696.663 1327.42 1989.49 2640.92 3316.51
9.99265 697.708 1329.41 1992.49 2644.89 3321.51
9.99265 698.708 1331.41  1995.5 2648.87 3326.52
10.0076 699.708 1333.41 1998.49 2652.87 3331.52
10.0076 700.708 1335.41 2001.49 2656.86 3336.52
10.0226 701.708 1337.41 2004.49 2660.85 3341.52
10.0376 702.708 1339.41  2007.5 2664.83 3346.52
10.0376 703.708 1341.42  2010.5 2668.82 3351.52
10.0526 704.708 1343.42 2013.49 2672.82 3356.51
10.0673 705.742 1345.42 2016.45 2676.82 3361.51
10.0823 706.742 1347.42 2019.44 2680.82  3366.5
10.0972 707.742 1349.42 2022.44  2684.8  3371.5
 10.112 708.775 1351.42 2025.39  2688.8  3376.5
 10.112 709.821 1353.42 2028.39 2692.77 3381.48
 10.112 710.867 1355.42 2031.38 2696.74 3386.48
10.1267   711.9 1357.42 2034.33 2700.74 3391.48
10.1267 712.944 1359.41 2037.33  2704.7 3396.48
10.1416 713.944 1361.41 2040.33 2708.68 3401.48
10.1565 714.944 1363.41 2043.33 2712.67 3406.49
10.1714 715.944 1365.41 2046.33 2716.65 3411.49
 10.186 716.971 1367.37 2049.33 2720.65 3416.49
10.2009 717.971 1369.37 2052.33 2724.65 3421.48
10.2009 718.971 1371.37 2055.33 2728.65 3426.48
10.2158 719.971 1373.37 2058.32 2732.65 3431.47
10.2158 721.015 1375.37  2061.3 2736.65 3436.44
10.2158 722.059 1377.37  2064.3 2740.61 3441.44
10.2306 723.059 1379.37  2067.3  2744.6 3446.44
10.2453 724.097 1381.37  2070.3  2748.6 3451.39
10.2453 725.097 1383.37  2073.3  2752.6 3456.39
10.2599 726.135 1385.37  2076.3  2756.6 3461.34
10.2745 727.168 1387.37 2079.26  2760.6 3466.34
10.2745 728.208 1389.35 2082.23  2764.6 3471.34
10.2892 729.247 1391.35 2085.23 2768.54 3476.34
 10.304 730.247 1393.35 2088.23 2772.53 3481.34
10.3188 731.247 1395.35 2091.22 2776.53 3486.34
10.3188 732.291 1397.35  2094.2 2780.53 3491.31
10.3188 733.291 1399.35  2097.2 2784.52 3496.32
10.3188 734.331 1401.34 2100.18 2788.52 3501.32
10.3188 735.374 1403.34 2103.16 2792.52 3506.29
10.3188 736.374 1405.34 2106.17 2796.51 3511.29
10.3188 737.417 1407.34 2109.15 2800.51 3516.26
10.3331 738.443  1409.3 2112.15 2804.51 3521.26
10.3478 739.443  1411.3 2115.15 2808.49 3526.26
10.3478 740.443  1413.3 2118.16 2812.48 3531.27
10.3478 741.443  1415.3 2121.16 2816.47 3536.28
10.3478 742.489  1417.3 2124.16 2820.44 3541.26
10.3622 743.521  1419.3 2127.11 2824.44 3546.26
10.3622 744.564 1421.29 2130.11  2828.4 3551.26
10.3622 745.609 1423.29  2133.1 2832.37 3556.26
10.3622 746.651 1425.28  2136.1 2836.37 3561.23
10.3622 747.651 1427.28  2139.1 2840.36 3566.24
10.3622 748.651 1429.28 2142.11 2844.35 3571.25
10.3622 749.651 1431.28 2145.11 2848.33 3576.26
10.3622 750.696 1433.28 2148.11  2852.3 3581.24
10.3622 751.739 1435.28 2151.11 2856.27 3586.24
10.3622 752.779 1437.26 2154.09 2860.27 3591.24
10.3766 753.779 1439.26 2157.08 2864.27 3596.24
 10.391 754.779 1441.25 2160.07 2868.27 3601.24
10.4052 755.811 1443.25 2163.02 2872.27 3606.24
10.4193 756.837 1445.21 2166.02 2876.27 3611.24
10.4193 757.837 1447.21 2169.02 2880.26 3616.25
10.4193 758.837 1449.22 2172.03 2884.25 3621.25
10.4337 759.837 1451.21 2175.03 2888.25 3626.24
10.4337  760.88  1453.2 2178.03 2892.21 3631.24
10.4479 761.919  1455.2 2181.03 2896.16 3636.24
10.4479 762.963  1457.2 2184.03 2900.13 3641.22
10.4623 763.963 1459.21 2187.03 2904.11 3646.22
10.4623 764.963 1461.21 2190.03  2908.1 3651.23
10.4623 766.004  1463.2 2193.03  2912.1  3656.2
10.4764 767.043  1465.2 2196.03 2916.05  3661.2
10.4907 768.043  1467.2 2199.03 2920.03  3666.2
10.5049  769.08  1469.2 2202.03 2924.03 3671.15
10.5192  770.08  1471.2 2205.03 2928.02 3676.15
10.5332 771.105 1473.16 2208.03 2932.02 3681.15
10.5476 772.105 1475.16 2211.03    2936 3686.15
10.5618 773.105 1477.16 2214.03    2940 3691.14
10.5618 774.105 1479.16 2217.03 2943.99 3696.15
10.5761 775.105 1481.16 2220.02 2947.99 3701.15
10.5903 776.105 1483.15 2223.01 2951.99 3706.15
10.6046 777.105 1485.15 2226.01 2955.98 3711.15
10.6046 778.105 1487.16 2229.01 2959.96 3716.16
10.6046 779.149 1489.16 2232.01 2963.93 3721.14
10.6046 780.149 1491.16 2235.02 2967.93 3726.14
10.6189 781.149 1493.16 2238.02 2971.91 3731.14
10.6331 782.149 1495.16 2241.02 2975.89 3736.15
10.6331  783.19 1497.15 2244.02 2979.89 3741.12
10.6331  784.19 1499.15 2247.02 2983.88 3746.12
10.6331  785.19 1501.15 2250.02 2987.87 3751.13
10.6331 786.233 1503.15 2253.02 2991.84 3756.12
10.6331 787.233 1505.16 2256.03 2995.83 3761.12
10.6331 788.277 1507.16 2259.03  2999.8  3766.1
10.6471 789.314 1509.16 2262.03 3003.75  3771.1
10.6471 790.314 1511.16 2265.03 3007.74 3776.11
10.6471 791.357 1513.16 2268.01 3011.71 3781.11
10.6471 792.398 1515.16    2271 3015.71 3786.08
10.6471 793.439 1517.15    2274 3019.71 3791.05
10.6611 794.439 1519.15    2277 3023.69 3796.05
10.6611  795.48 1521.15 2279.98 3027.69 3801.03
10.6611  796.52 1523.14 2282.98 3031.69    3806
10.6751  797.52 1525.14 2285.98 3035.68    3811
10.6751 798.561 1527.14 2288.97 3039.68 3815.97
10.6751 799.561 1529.14 2291.97 3043.67 3820.98
10.6889 800.592 1531.14 2294.93 3047.67 3825.98
10.6889 801.592 1533.14 2297.93 3051.66 3830.99
10.6889 802.635 1535.14 2300.93 3055.63 3835.98
10.7028 803.635 1537.14 2303.93 3059.61 3840.98
10.7165 804.661  1539.1 2306.93 3063.61 3845.98
10.7303 805.696  1541.1 2309.93 3067.61 3850.93
10.7442 806.696  1543.1 2312.93  3071.6 3855.93
10.7442 807.696 1545.11 2315.93 3075.59 3860.93
10.7582 808.696 1547.11 2318.93 3079.57 3865.93
10.7582 809.738  1549.1 2321.93 3083.54 3870.93
 10.772 810.738  1551.1 2324.93 3087.54 3875.92
10.7859 811.738  1553.1 2327.93 3091.52 3880.92
10.7998 812.738 1555.09 2330.92 3095.52 3885.92
10.8136 813.775 1557.09 2333.92 3099.47 3890.92
10.8273 814.812 1559.09 2336.92 3103.42 3895.92
 10.841 815.837 1561.05 2339.92 3107.42 3900.92
 10.841 816.879 1563.05 2342.92 3111.39 3905.91
 10.841 817.922 1565.05 2345.92 3115.36 3910.89
10.8548 818.922 1567.05 2348.92 3119.36 3915.89
10.8685 819.959 1569.05 2351.92 3123.31 3920.89
10.8685 820.959 1571.05 2354.91 3127.31 3925.89
10.8685 821.959 1573.05 2357.91 3131.31 3930.89
10.8685 823.001 1575.05 2360.91 3135.29 3935.88
10.8685 824.001 1577.05 2363.91 3139.29 3940.88
10.8685 825.039 1579.04 2366.89 3143.29 3945.88
10.8685 826.039 1581.04 2369.89 3147.28 3950.88
10.8823 827.039 1583.04 2372.89 3151.26 3955.88
10.8961 828.039 1585.04  2375.9 3155.25 3960.88
10.8961  829.08 1587.04  2378.9 3159.21 3965.88
10.8961 830.121 1589.03  2381.9 3163.18 3970.88
10.9096 831.151 1591.03 2384.85 3167.18 3975.88
10.9232 832.186 1593.03 2387.85 3171.18 3980.83
10.9232 833.225 1595.02 2390.85 3175.18  3985.8
10.9368 834.225 1597.01 2393.85 3179.18 3990.79
10.9503  835.25 1598.98 2396.85 3183.18 3995.79
10.9503  836.25 1600.98 2399.85 3187.17  4000.8
10.9503 837.288 1602.97 2402.83 3191.17  4005.8
10.9503 838.325 1604.95 2405.81 3195.17  4010.8
10.9503 839.325 1606.96 2408.81 3199.16  4015.8
10.9639 840.325 1608.95  2411.8 3203.16  4020.8
10.9774  841.36 1610.95  2414.8 3207.16 4025.75
10.9909 842.395 1612.95  2417.8 3211.16  4030.7
11.0043 843.425 1614.95 2420.76 3215.16  4035.7
11.0043 844.425 1616.96 2423.76 3219.15 4040.71
11.0178 845.459 1618.96 2426.76 3223.15 4045.66
11.0178 846.459 1620.96 2429.76 3227.14 4050.67
11.0312 847.489 1622.96 2432.72 3231.14 4055.67
11.0312  848.53 1624.95 2435.72  3235.1 4060.67
11.0448  849.53 1626.95 2438.72 3239.09 4065.67
11.0584  850.53 1628.95 2441.72 3243.07 4070.67
11.0584  851.57 1630.95  2444.7 3247.07 4075.65
11.0584 852.609 1632.95 2447.69 3251.07 4080.62
11.0717 853.639 1634.95 2450.64 3255.07 4085.62
11.0853 854.639 1636.94 2453.64 3259.07 4090.61
11.0988 855.639 1638.94 2456.65 3263.06 4095.61
11.1124 856.639 1640.95 2459.65 3267.05 4100.61
11.1124 857.681 1642.95 2462.65 3271.02  4105.6
11.1124 858.722 1644.95 2465.63 3274.99  4110.6
11.1124 859.761 1646.95 2468.62 3278.99 4115.57
11.1124 860.802 1648.95 2471.61 3282.96 4120.57
11.1259 861.802 1650.95 2474.61 3286.94 4125.57
11.1393 862.802 1652.94  2477.6 3290.94 4130.57
11.1528 863.802 1654.94 2480.59 3294.94 4135.57
11.1662 864.802 1656.93 2483.58 3298.94 4140.57
11.1797 865.802 1658.93 2486.58 3302.93 4145.57
11.1931 866.802 1660.93 2489.57 3306.93 4150.57
11.1931 867.802 1662.93 2492.58 3310.92 4155.58
11.1931 868.839 1664.91 2495.55 3314.92 4160.58
11.2066 869.839 1666.91 2498.55  3318.9 4165.58
11.2066  870.88 1668.91 2501.55 3322.88 4170.57
11.2199 871.915 1670.91 2504.55 3326.83 4175.57
11.2334 872.915 1672.92 2507.55 3330.81 4180.57
11.2465  873.94 1674.88 2510.55 3334.81 4185.57
11.2599 874.974 1676.88 2513.55 3338.81 4190.52
11.2731 876.003 1678.88 2516.51 3342.81 4195.52
11.2731 877.044 1680.88 2519.51 3346.79 4200.51
11.2731 878.044 1682.88 2522.51 3350.77 4205.51
11.2865 879.044 1684.88 2525.51 3354.76 4210.51
11.2999 880.044 1686.88 2528.51 3358.76  4215.5
11.2999 881.044 1688.88 2531.51 3362.75 4220.51
11.2999 882.082 1690.87 2534.51 3366.75 4225.48
11.3133 883.082 1692.87 2537.51 3370.73 4230.48
11.3133 884.122 1694.87  2540.5 3374.71 4235.48
11.3266 885.122 1696.87  2543.5 3378.71 4240.48
11.3399 886.122 1698.87 2546.49 3382.71 4245.48
11.3399 887.163 1700.87 2549.49 3386.68 4250.46
11.3532 888.163 1702.86 2552.49 3390.68 4255.45
11.3532 889.202 1704.86 2555.47 3394.68 4260.43
11.3666 890.202 1706.86 2558.47 3398.66 4265.43
11.3798 891.202 1708.86 2561.47 3402.66 4270.43
11.3798 892.241 1710.85 2564.47 3406.63 4275.43
 11.393  893.27 1712.85 2567.42 3410.63 4280.43
11.4063  894.27 1714.85 2570.42 3414.63 4285.42
11.4195  895.27 1716.85 2573.41 3418.63 4290.41
11.4195 896.308 1718.84 2576.41 3422.63 4295.39
11.4328 897.308 1720.84 2579.41 3426.62 4300.39
11.4328 898.348 1722.84  2582.4 3430.59 4305.39
11.4461 899.348 1724.84  2585.4 3434.59 4310.38
11.4594 900.348 1726.84  2588.4 3438.57 4315.38
11.4726 901.348 1728.84 2591.39 3442.57 4320.37
11.4726 902.388 1730.84 2594.39 3446.55 4325.36
11.4726 903.427 1732.84 2597.39 3450.51 4330.36
11.4726 904.466 1734.83 2600.39 3454.48 4335.36
11.4857 905.495 1736.83 2603.35 3458.48 4340.36
11.4989 906.495 1738.82 2606.34 3462.48 4345.36
11.5121 907.495 1740.83 2609.34 3466.47 4350.36
11.5121 908.535 1742.83 2612.34 3470.44 4355.35
11.5121 909.535 1744.83 2615.34 3474.43 4360.35
11.5253 910.535 1746.83 2618.34 3478.43 4365.34
11.5384 911.569 1748.83 2621.34 3482.38 4370.34
11.5516 912.569 1750.82 2624.34 3486.38 4375.34
11.5516 913.569 1752.83 2627.34 3490.37 4380.34
11.5516 914.605 1754.81 2630.31 3494.37 4385.34
11.5647 915.605 1756.81  2633.3 3498.37 4390.34
11.5647 916.605 1758.81 2636.31 3502.36 4395.35
11.5779 917.605 1760.81 2639.31 3506.35 4400.35
11.5779 918.644 1762.81  2642.3 3510.32 4405.35
11.5779 919.644 1764.81  2645.3 3514.31 4410.36
 11.591 920.644 1766.81  2648.3  3518.3 4415.36
 11.591 921.682 1768.81 2651.29  3522.3 4420.33
 11.591  922.72 1770.81 2654.27  3526.3 4425.31
 11.591 923.758 1772.81 2657.26  3530.3 4430.29
 11.604 924.758 1774.81 2660.26  3534.3 4435.28
11.6171 925.758 1776.81 2663.26 3538.28 4440.28
11.6171 926.758 1778.81 2666.26 3542.27 4445.28
11.6301 927.792 1780.81 2669.26 3546.23 4450.28
11.6431 928.792  1782.8 2672.25 3550.23 4455.28
11.6431 929.828 1784.79 2675.25 3554.23 4460.26
11.6562 930.828 1786.79 2678.25 3558.21 4465.26
11.6692 931.828 1788.79 2681.25  3562.2 4470.26
11.6823 932.828 1790.79 2684.25 3566.18 4475.26
11.6952 933.861 1792.79 2687.25 3570.18 4480.21
11.7082 934.894 1794.79 2690.25 3574.18 4485.17
11.7211 935.928 1796.79 2693.25 3578.14 4490.17
11.7341 936.928 1798.79 2696.25 3582.14 4495.16
11.7471  937.96 1800.79 2699.25 3586.14 4500.11
11.7471 938.999 1802.78 2702.25 3590.11 4505.11
11.7471 940.035 1804.77 2705.25 3594.11 4510.09
11.7601 941.035 1806.77 2708.25 3598.09 4515.09
11.7731 942.035 1808.77 2711.25 3602.09 4520.08
11.7731 943.073 1810.76 2714.25 3606.06 4525.08
11.7731 944.108 1812.75 2717.23 3610.06 4530.08
11.7731 945.143 1814.74 2720.21 3614.06 4535.08
 11.786 946.175 1816.74 2723.21 3618.06 4540.03
11.7987 947.198  1818.7 2726.21 3622.06 4545.03
11.7987 948.198 1820.71 2729.21 3626.05 4550.04
11.8117 949.198 1822.71 2732.21 3630.04 4555.04
11.8246 950.198  1824.7 2735.21 3634.04 4560.03
11.8246 951.235 1826.69 2738.21 3638.04    4565
11.8246 952.235 1828.69 2741.21 3642.04    4570
11.8374 953.268 1830.69 2744.21 3645.99    4575
11.8502 954.296 1832.69 2747.17 3649.99    4580
11.8629 955.319 1834.66 2750.17 3653.99    4585
11.8758 956.319 1836.65 2753.17 3657.99 4589.99
11.8888 957.319 1838.66 2756.17 3661.98 4594.99
11.8888 958.319 1840.66 2759.17 3665.97    4600
11.8888 959.319 1842.66 2762.17 3669.96 4605.01
11.8888 960.355 1844.65 2765.17 3673.96 4609.98
11.8888 961.393 1846.64 2768.17 3677.92 4614.98
11.8888 962.393 1848.64 2771.17 3681.92 4619.98
11.8888 963.432 1850.64 2774.17  3685.9 4624.97
11.9016 964.432 1852.64 2777.17 3689.89 4629.97
11.9143  965.46 1854.64 2780.13 3693.89 4634.97
11.9272  966.46 1856.64 2783.13 3697.87 4639.97
11.9272 967.498 1858.64 2786.13 3701.85 4644.96
11.9272 968.498 1860.65 2789.13 3705.84 4649.96
11.9398 969.526 1862.65 2792.09 3709.84 4654.96
11.9526 970.526 1864.64 2795.09 3713.84 4659.95
11.9655 971.526 1866.64 2798.09 3717.83 4664.95
11.9655 972.562 1868.63 2801.09 3721.83 4669.92
11.9782 973.562 1870.63 2804.09 3725.83 4674.91
11.9782 974.599 1872.62 2807.09 3729.79 4679.91
11.9909 975.632 1874.62 2810.09 3733.75 4684.91
12.0036 976.664 1876.62 2813.09 3737.75 4689.87
12.0164 977.664 1878.63 2816.09 3741.73 4694.87
12.0292 978.664 1880.62 2819.09 3745.73 4699.87
12.0292 979.701 1882.62 2822.07 3749.73 4704.84
 12.042 980.701 1884.62 2825.07 3753.73 4709.84
 12.042 981.736 1886.61 2828.07 3757.73 4714.81
12.0546 982.764 1888.61 2831.03 3761.73 4719.81
12.0673 983.764 1890.61 2834.03 3765.72 4724.81
12.0673   984.8  1892.6 2837.03 3769.72 4729.78
12.0799 985.822 1894.57 2840.03 3773.72 4734.78
12.0926 986.822 1896.56 2843.02 3777.72 4739.78
12.1051 987.845 1898.53 2846.02 3781.72 4744.78
12.1176 988.867 1900.49 2849.02 3785.72 4749.78
12.1304 989.867 1902.49 2852.01 3789.72 4754.78
12.1431 990.867 1904.49 2855.01 3793.72 4759.77
12.1431 991.901 1906.47 2857.99 3797.72 4764.77
12.1558 992.901 1908.47 2860.99 3801.72 4769.76
12.1685 993.901 1910.47 2863.98 3805.72 4774.76
12.1813 994.901 1912.47 2866.98 3809.71 4779.76
12.1813 995.937 1914.47 2869.97 3813.71 4784.73
12.1813 996.937 1916.47 2872.97  3817.7 4789.74
 12.194 997.937 1918.47 2875.97  3821.7 4794.73
 12.194 998.937 1920.47 2878.98 3825.69 4799.73
12.2067 999.937 1922.47 2881.98 3829.69 4804.72
12.2194 1000.94 1924.47 2884.98 3833.68 4809.72
 12.232 1001.94 1926.46 2887.97 3837.68 4814.72
 12.232 1002.97 1928.45 2890.97 3841.68  4819.7
12.2447 1003.97 1930.45 2893.96 3845.68 4824.69
12.2573    1005 1932.45 2896.96 3849.68 4829.65
12.2573 1006.04 1934.45 2899.96 3853.65 4834.63
12.2573 1007.08 1936.45 2902.95 3857.65 4839.61
12.2573 1008.08 1938.45 2905.95 3861.65 4844.61
12.2699 1009.08 1940.45 2908.95 3865.65  4849.6
12.2699 1010.08 1942.45 2911.95 3869.65  4854.6
12.2824 1011.11 1944.45 2914.95 3873.65 4859.56
12.2951 1012.11 1946.45 2917.95 3877.63 4864.56
12.2951 1013.15 1948.45 2920.95 3881.61 4869.54
12.2951 1014.15 1950.46 2923.96  3885.6 4874.54
12.3076 1015.18 1952.46 2926.96  3889.6  4879.5
  12.32  1016.2 1954.46 2929.92  3893.6  4884.5
  12.32  1017.2 1956.46 2932.92 3897.59  4889.5
12.3325 1018.24 1958.46 2935.92 3901.55  4894.5
12.3449 1019.26 1960.43 2938.92 3905.55  4899.5
12.3449 1020.26 1962.43 2941.92 3909.55  4904.5
12.3449 1021.26 1964.43 2944.92 3913.54 4909.51
12.3449 1022.29 1966.43 2947.91 3917.54 4914.49
12.3575 1023.29 1968.43 2950.91 3921.52 4919.49
12.3699 1024.33 1970.43 2953.91 3925.48 4924.49
12.3699 1025.36 1972.42 2956.91 3929.48 4929.46
12.3825 1026.36 1974.42 2959.91 3933.47 4934.46
 12.395 1027.36 1976.42 2962.91 3937.47 4939.45
12.4076 1028.36 1978.42 2965.91 3941.45 4944.45
12.4076  1029.4 1980.42 2968.89 3945.45 4949.43
12.4199 1030.42 1982.38 2971.89 3949.45 4954.43
12.4323 1031.45 1984.38 2974.89 3953.41 4959.43
12.4323 1032.49 1986.38 2977.88 3957.38 4964.43
12.4323 1033.52 1988.37 2980.86 3961.38 4969.43
12.4447 1034.55 1990.37 2983.82 3965.38 4974.43
 12.457 1035.57 1992.37 2986.78 3969.38 4979.43
 12.457 1036.57 1994.38 2989.79 3973.37 4984.43
12.4695 1037.57 1996.37 2992.79 3977.37 4989.42