2.66667       2 2.66667 2.66667       5       6
4.47312       3 4.66667 4.47312  8.3871      11
4.47312 4.28571 6.66667 7.47312 12.3871 15.7143
4.47312  5.6813 8.83757 9.90663 16.3871 20.7143
4.47312  6.6813 10.8376 12.4356 20.5703 26.0021
5.23104  7.6813 12.6739 15.4356 24.5703 30.4079
6.04049  8.6813 14.6739 17.8241 28.3724 35.4079
6.79391  9.6813 16.5041 20.8241 32.3724 39.8243
6.79391  10.917 18.6106 23.4819 36.3724 44.8243
6.79391 12.1021 20.6106 26.4819  40.321 49.6905
6.79391 13.1021 22.6601 29.4819 44.3304 54.6316
6.79391 14.2472 24.6405 32.4819 48.2049 59.6316
6.79391 15.4528 26.6405 35.2305 52.2049 64.6774
6.79391 16.6584 28.6405  37.979 56.2049 69.7233
6.79391 17.6584 30.7412 40.7646 60.2049 74.8371
7.22501 18.6584 32.7412 43.7646 64.0251 79.5858
7.22501 19.7979 34.7408 46.7646 68.0251 84.4466
7.63219 20.7979 36.7408 49.7646 71.8587 89.2057
7.63219 21.9662 38.7408 52.5599 75.8952 94.2057
7.63219 23.1378 40.7408 55.3634 79.8952 99.2306
7.97702 24.1832 42.7408 58.3634 83.5049 104.231
8.34966 25.1832 44.7408 61.0898 87.4058 109.231
8.34966 26.3432 46.7408 63.9038 91.4319 114.231
8.70786 27.3432 48.7408 66.6452 95.4319 119.131
9.01595 28.3107 50.4653 69.6452 99.4319 124.131
9.36506 29.3107 52.4194  72.342 103.432 129.131
9.72041 30.3107 54.4194 75.0869 107.432 134.031
10.0582 31.3639 56.4194 77.6959 111.432 139.031
10.3959 32.4171 58.4194  80.305 115.432 144.031
10.3959 33.4171  60.441  83.305 119.426 149.015
10.7238 34.4171  62.347  86.305 123.192 154.015
10.7238  35.515 64.3359  89.305 127.192 158.928
11.0402 36.5631 66.3359 91.9404 131.192 163.928
11.3605 37.5631 68.2603 94.9404 135.192 168.683
11.3605 38.6855 70.2603 97.7774 139.192 173.724
11.3605 39.7804 72.2487 100.777 143.192 178.641
11.3605  40.902 74.2487 103.619 147.192 183.677
11.3605  41.902 76.2648 106.619 151.189 188.665
11.6447 42.9503 78.2648 109.286 155.189 193.665
11.9077 43.9202  80.032 112.286 159.189 198.665
11.9077 45.0342  82.032 115.134 163.227 203.665
11.9077 46.1482  84.032 117.983 167.265 208.665
11.9077 47.1482 86.0416 120.983 171.265 213.655
12.1777 48.1482 88.0416 123.983 175.149 218.501
12.1777  49.238 90.0416 126.983 179.114 223.446
12.4464  50.238 92.0416 129.784 183.114 228.376
12.7081  51.238 93.9772 132.784 187.114 233.179
12.9723  52.238 95.9772 135.784 191.003 238.025
13.2395  53.238 97.9772 138.582 194.938 243.025
13.2395  54.238  100.02 141.471 198.938 248.093
13.4994  55.238 101.983 144.248 202.938 253.093
13.4994  56.238 104.027 147.139 207.004 258.093
13.7325  57.209 105.823 150.139 211.004 263.093
13.7325  58.209 107.862 153.031 215.004 268.162
13.7325 59.3015 109.862 155.903  219.04 273.162
13.9768 60.3015 111.862 158.903 222.936 278.021
 14.202 61.2734 113.665 161.903 226.936 283.021
 14.202 62.2734 115.669 164.903 230.939 288.013
 14.202 63.3395  117.65 167.903 234.893 293.013
14.4344 64.3395 119.574 170.903 238.736 298.013
14.6617 65.3527 121.574 173.903 242.495 303.013
 14.898 66.3527 123.534 176.707 246.495 308.013
 14.898 67.4188 125.519 179.707 250.495 312.962
15.1242 68.4421 127.519 182.707 254.495 317.712
15.1242 69.4421 129.524 185.707 258.496 322.707
15.1242 70.5237 131.524 188.599 262.522 327.707
15.3437 71.5474 133.524 191.599 266.522 332.464
15.5685 72.5474 135.524 194.599 270.426 337.334
15.7856 73.5591 137.524 197.599 274.198 342.334
16.0072 74.5591 139.454 200.599 278.046 347.334
16.0072 75.5591 141.485  203.52 282.095 352.334
16.0072 76.5591 143.485 206.435 286.134  357.38
16.0072 77.6223 145.485 209.435 290.108 362.343
16.0072 78.6223 147.515 212.357 294.156 367.343
16.2151 79.6434 149.515 215.357 298.156 372.114
16.2151 80.7007 151.499 218.357 302.114 377.114
16.2151 81.7579 153.484 221.357 306.072 382.114
16.2151 82.7579 155.512 224.281 310.072 387.162
16.2151 83.7579 157.512 227.202  314.11 392.204
16.2151 84.7579 159.539 230.126  318.11 397.252
16.4085 85.7692 161.539 233.126 321.905 402.252
16.4085 86.7692 163.568 236.054 325.948 407.252
16.6071 87.7692 165.568 238.911 329.893 412.252
16.6071 88.8267 167.568 241.911 333.868 417.219
16.6071 89.8267 169.575 244.911 337.865 422.215
16.6071 90.8947 171.575 247.823 341.865 427.235
 16.796 91.8947 173.526 250.823 345.865 432.095
16.9829 92.9172 175.526 253.614 349.865 437.095
16.9829 93.9843 177.526 256.526 353.865 442.115
16.9829 94.9843 179.532 259.526 357.864 447.111
16.9829 96.0508 181.532  262.44 361.864  452.13
17.1632 97.0705 183.532  265.44 365.864  456.93
17.3361 98.0485 185.381  268.44 369.864  461.93
17.3361 99.0485 187.386  271.44 373.864 466.926
17.3361 100.048 189.386 274.369 377.897 471.964
17.3361 101.113 191.401 277.289 381.897 476.964
17.5131 102.113 193.355 280.289 385.897 481.833
17.5131 103.113  195.36 283.289 389.898 486.828
17.6874 104.113 197.304 286.289 393.779 491.828
17.8626 105.113 199.258 289.289 397.779 496.698
18.0403 106.113 201.258 292.168 401.779 501.642
18.2137 107.133 203.258 294.975 405.779 506.642
18.2137 108.195 205.273 297.898 409.779 511.642
18.2137 109.195 207.296 300.834 413.779 516.683
18.2137 110.256 209.311 303.758 417.779 521.683
18.3822 111.276 211.311 306.569 421.779 526.683
18.5503 112.293 213.311 309.569 425.779 531.498
18.5503 113.293 215.334 312.505 429.779 536.539
18.7105 114.272 217.194 315.505 433.779 541.539
18.8782 115.272  219.14 318.505 437.665 546.539
19.0478 116.272 221.109 321.366 441.665 551.539
19.2129  117.28 223.109 324.366 445.493 556.539
19.2129  118.28 225.109 327.301 449.523 561.574
19.2129 119.337 227.109 330.226 453.541 566.574
19.3776 120.337 229.056 333.226 457.429 571.574
 19.543 121.337 231.011 336.226 461.429 576.453
 19.543 122.337 233.031 339.166 465.429 581.494
 19.709 123.337 235.031 342.047 469.382 586.494
19.8741 124.337     237 344.913 473.382 591.494
19.8741 125.337  239.02 347.852 477.382 596.534
19.8741 126.337 241.023 350.852 481.382 601.532
 20.034 127.354 243.023 353.675 485.382 606.532
 20.034 128.397 245.013 356.675 489.382 611.499
 20.034 129.438 247.001 359.675 493.352 616.499
 20.034 130.438  249.02 362.616 497.352 621.539
 20.034 131.492  251.02 365.544 501.352 626.558
20.1833 132.472 252.891 368.544 505.352 631.558
20.3416 133.472 254.891 371.434 509.352  636.51
20.3416 134.524 256.891 374.362 513.352 641.529
 20.496 135.524  258.84 377.362 517.248 646.529
 20.496 136.567  260.84 380.362 521.229 651.505
 20.496 137.567 262.842 383.362 525.229 656.504
20.6504 138.567 264.842 386.251 529.186 661.504
20.6504 139.619 266.842 389.182 533.202 666.504
20.6504 140.619 268.861 392.128 537.238 671.504
20.6504 141.659 270.851 395.128 541.238 676.474
20.7934 142.641 272.727 398.128 545.238 681.474
20.7934 143.641 274.744 401.072 549.238 686.513
20.7934 144.641 276.762 404.018 553.273 691.513
20.7934  145.69 278.762  406.95 557.273 696.531
20.9414  146.69 280.762 409.846 561.273 701.488
 21.087  147.69 282.714 412.846 565.175 706.488
21.2271 148.672 284.593 415.846 569.175 711.488
21.3716 149.684 286.593 418.846 573.175 716.331
21.5186 150.684 288.564 421.727 577.175 721.331
21.6635 151.699 290.564 424.568 581.175 726.331
21.8106 152.699 292.536 427.449 585.175 731.331
 21.956 153.699 294.487 430.449 589.078 736.331
22.1015 154.699 296.439 433.449 592.981 741.331
 22.247 155.699  298.39 436.449 596.885 746.331
 22.247 156.699  300.39 439.392 600.909 751.363
 22.247 157.699 302.406 442.341 604.943 756.363
22.3911 158.699 304.365 445.341 608.943 761.261
22.5351 159.699 306.323 448.341 612.943 766.159
22.5351 160.744 308.323 451.278 616.943 771.177
22.6799 161.744 310.323 454.178 620.943 776.132
22.6799 162.781 312.312 457.178 624.943 781.106
22.8198 163.785 314.312 460.178 628.799 786.106
22.9565 164.766 316.194 463.178 632.799 791.106
23.0932 165.747 318.077 466.178 636.799 796.106
23.0932 166.794 320.086 469.122 640.799 801.106
23.0932 167.839 322.086 472.061 644.814 806.106
23.0932 168.884 324.086 475.001  648.83 811.106
23.0932 169.884 326.086 477.947 652.854 816.137
23.0932 170.931 328.094 480.891 656.854 821.137
23.0932 171.968 330.094 483.891 660.837 826.117
23.2292 172.981 332.094 486.742 664.837 831.117
23.2292 173.981 334.094 489.688 668.861 836.147
 23.366 174.981 336.094 492.688   672.8 841.071
 23.366 175.981 338.107 495.638   676.8 846.108
23.5023 176.981  340.08  498.53   680.8 851.108
23.5023 177.981  342.08 501.476 684.823 856.138
23.6379 178.981 344.052 504.368 688.823 861.138
23.7716 179.993 346.052 507.222 692.823 866.138
23.9042 180.997 348.052 510.222 696.687 871.138
24.0375 182.006 350.052 513.222 700.687 875.995
24.1729 183.006 352.025 516.114 704.687 880.995
24.1729 184.049 354.025 519.053 708.687 886.013
24.3081 185.049 356.025 521.955  712.65 891.013
24.3081 186.049 358.037 524.906  716.65  896.05
24.3081 187.082 360.025 527.906 720.629  901.05
24.4392 188.091 362.025 530.906 724.629  905.91
24.5721 189.091 364.025 533.906 728.569 910.836
24.5721 190.133 366.025 536.849 732.585 915.836
24.7029 191.145 368.025 539.706 736.585 920.836
24.8359 192.145 370.025 542.613 740.585 925.796
24.9681 193.145 372.025 545.613 744.526 930.723
24.9681 194.177 374.014 548.613 748.505 935.723
24.9681 195.177 376.014 551.561 752.528 940.752
24.9681  196.21 378.003 554.561 756.528  945.73
24.9681  197.21 380.016 557.514 760.528 950.765
25.0951 198.213 382.016 560.514 764.397 955.765
25.0951 199.213 384.028 563.467 768.397   960.8
25.2239 200.213 386.028 566.467  772.34 965.729
25.3517 201.213 387.985 569.467 776.255 970.729
25.3517 202.213 389.997  572.42 780.255 975.763
25.4775 203.216 391.997  575.42 784.126 980.763
25.6063 204.216 393.997 578.328 788.089 985.763
25.7294 205.199 395.892 581.328 792.089 990.763
25.7294 206.199 397.891 584.328 796.088 995.765
25.7294 207.199 399.902 587.282 800.088  1000.8
25.8554 208.199  401.86 590.282 804.004  1005.8
25.9816 209.199 403.822 593.282 808.004 1010.71
26.1062 210.201 405.822 596.282 811.877 1015.71
26.2307 211.204 407.822 599.282  815.75 1020.71
26.3581 212.204 409.822 602.193 819.712 1025.71
26.3581 213.204 411.822 605.145 823.731 1030.74
26.4844 214.204 413.796 608.045 827.731 1035.74
26.6105 215.204 415.796 611.045 831.672 1040.67
26.6105 216.235 417.796 614.045 835.656 1045.66
26.7361 217.235 419.796 617.045 839.598 1050.59
26.7361 218.272 421.796 619.992 843.598 1055.61
26.8617 219.272 423.796 622.905 847.598 1060.57
26.9858 220.272 425.754 625.905 851.516 1065.57
27.1095 221.281 427.754 628.773 855.516 1070.57
27.1095  222.32 429.763 631.725 859.516 1075.57
27.2322 223.327 431.763 634.725 863.516 1080.44
27.2322 224.357 433.763 637.725   867.5 1085.42
27.2322 225.394 435.763 640.672   871.5 1090.44
27.2322 226.432 437.763 643.622 875.512 1095.44
27.3541 227.432 439.722 646.622 879.431 1100.44
27.4723 228.414 441.622 649.622 883.431 1105.44
27.4723 229.445 443.622 652.622 887.415 1110.42
27.4723 230.483  445.63 655.576 891.415 1115.42
27.4723 231.483  447.63  658.53 895.433 1120.45
27.5933 232.483  449.63  661.53 899.377 1125.39
27.7143 233.483  451.63  664.53 903.321 1130.32
27.8338  234.49  453.63  667.53 907.321  1135.2
 27.954  235.49 455.589  670.53 911.241  1140.2
28.0737 236.498 457.589 673.402 915.241  1145.2
28.0737 237.498 459.589 676.358 919.258 1150.22
28.1922 238.501 461.589 679.358 923.138 1155.22
28.1922 239.536 463.589 682.307 927.138 1160.24
28.3128 240.536 465.589 685.225 931.138  1165.2
28.3128 241.572 467.589 688.177 935.149  1170.2
28.4322 242.572 469.589 691.177 939.094 1175.14
28.5516 243.572 471.589 694.177 943.038 1180.07
28.6668 244.555 473.492 697.177 947.038 1185.07
28.7843 245.557 475.492 700.177 950.919 1190.07
28.9017 246.559 477.492 703.177 954.799 1195.07
28.9017 247.559 479.491 706.177 958.797 1200.07
28.9017 248.559 481.503 709.141 962.821 1205.07
29.0201 249.559 483.503 712.141 966.765 1210.01
29.1385 250.559 485.503 715.141  970.71 1214.95
29.2551 251.561 487.503 718.141 974.591 1219.95
29.3693 252.543 489.407 721.141 978.591 1224.95
29.3693 253.571 491.398 724.141 982.573 1229.95
29.3693 254.605 493.398 727.096 986.583 1234.95
29.4849 255.607 495.398 730.096 990.465 1239.95
29.4849 256.642 497.398 733.052 994.475 1244.95
29.6019 257.642 499.372 735.961 998.475 1249.95
29.7174 258.648 501.372 738.961 1002.47 1254.83
 29.833 259.653 503.372 741.961 1006.47 1259.71
 29.833 260.681 505.372 744.961 1010.46 1264.69
 29.833 261.708 507.363 747.961 1014.44 1269.69
 29.833 262.736 509.363 750.961 1018.43 1274.68
29.9479 263.736 511.325 753.961 1022.35 1279.68
30.0635 264.736 513.325 756.961 1026.29 1284.62
30.1751 265.719 515.231 759.961 1030.29 1289.62
30.1751 266.719 517.242 762.928 1034.32 1294.62
30.2902 267.719 519.242 765.928 1038.26 1299.56
30.2902 268.719 521.241 768.928 1042.26 1304.56
30.2902 269.746 523.233 771.928 1046.24 1309.56
30.4027 270.748 525.233 774.928 1050.13 1314.56
30.5157 271.754 527.233 777.808 1054.13 1319.56
30.5157  272.78 529.224 780.808 1058.13 1324.54
30.5157 273.808 531.224 783.808 1062.11 1329.53
30.6296 274.808 533.224 786.733 1066.11 1334.49
30.6296 275.841  535.23 789.693 1070.11 1339.49
30.6296 276.869  537.23 792.693  1074.1 1344.48
30.6296 277.869  539.23 795.655 1078.11 1349.51
30.7422 278.869  541.23 798.581 1082.11 1354.47
30.7422 279.895 543.221 801.581 1086.11 1359.45
30.8544 280.895 545.221 804.505 1090.07 1364.45
30.8544 281.895 547.221 807.468 1094.09 1369.48
30.8544 282.921 549.213 810.468 1098.07 1374.48
30.9657 283.921 551.213 813.393 1102.03 1379.48
30.9657 284.953 553.213 816.352 1106.04 1384.48
 31.075 285.959 555.213 819.352 1110.04 1389.36
31.1851 286.959  557.18 822.352 1114.04 1394.28
31.1851 287.959 559.179 825.352 1118.04 1399.29
31.2956 288.959 561.179 828.278    1122 1404.29
31.2956  289.99 563.179 831.234    1126  1409.3
31.4054  290.99 565.179 834.234 1129.95 1414.24
31.5145  291.99 567.143 837.234 1133.88 1419.24
31.6207 292.974 569.054 840.234 1137.88 1424.24
31.7288 293.975 571.054 843.234 1141.77 1429.24
31.8374 294.981 573.054 846.119 1145.77 1434.24
31.8374 295.981 575.062 849.085 1149.77 1439.27
31.9463 296.981 577.029 852.085 1153.77 1444.19
32.0552 297.981 578.996 855.085 1157.77 1449.11
32.0552 299.007 580.996 858.085 1161.75  1454.1
32.1637 300.007 582.964 861.085 1165.75 1459.03
32.1637 301.032 584.955 864.085 1169.75 1464.01
32.2688 302.016 586.867 867.085 1173.75 1469.01
32.2688  303.04 588.858 870.085 1177.75 1473.99
32.2688  304.04 590.868 873.055 1181.77 1478.99
32.2688  305.04 592.867 876.055 1185.77    1484
32.3757  306.04 594.831 879.055  1189.7    1489
32.3757  307.07 596.831 882.013  1193.7 1494.01
32.3757  308.07 598.841 884.983 1197.72 1499.01
32.4825  309.07 600.841 887.983 1201.67 1503.95
32.4825  310.07 602.848  890.95 1205.67 1508.98
32.5889  311.07 604.848  893.95 1209.62 1513.92
 32.692 312.054 606.761  896.95 1213.62 1518.92
32.7969 313.055 608.761  899.95 1217.51 1523.92
32.7969 314.085 610.761  902.91 1221.51 1528.93
32.9033 315.085 612.761  905.84 1225.48 1533.93
33.0094 316.085 614.736 908.759 1229.48 1538.93
33.1158 317.085 616.736 911.689 1233.44 1543.93
33.2214 318.085 618.704 914.689 1237.44 1548.86
33.3279 319.085 620.704 917.619 1241.41 1553.86
33.4306 320.068 622.618 920.619 1245.41 1558.86
33.5355 321.073 624.618 923.619 1249.41 1563.75
33.6411 322.073 626.585 926.619 1253.41 1568.68
33.7439 323.056 628.499 929.619 1257.41 1573.68
33.7439 324.056 630.499 932.585 1261.42  1578.7
33.7439 325.056 632.506 935.553 1265.42 1583.72
33.8478 326.057 634.506 938.553 1269.31 1588.72
33.8478 327.057 636.513 941.522 1273.31 1593.75
33.8478 328.057 638.511 944.522 1277.31 1598.75
33.8478 329.087 640.516 947.487 1281.31 1603.75
33.9521 330.087  642.49 950.408 1285.31 1608.75
34.0533 331.071 644.405 953.408 1289.31 1613.75
34.0533   332.1 646.405 956.372 1293.32 1618.75
34.1563 333.104 648.405 959.264 1297.32 1623.75
34.1563 334.104 650.414 962.236 1301.34 1628.75
  34.26 335.104 652.414 965.236 1305.29  1633.7
34.3626 336.108 654.414 968.236 1309.29 1638.59
34.3626 337.108 656.421 971.205 1313.29 1643.62
34.3626 338.137 658.421 974.169  1317.3 1648.62
34.3626 339.137 660.427 977.138  1321.3 1653.64
34.4649 340.137 662.393 980.138 1325.23 1658.64
34.4649 341.137 664.391 983.138 1329.23 1663.64
34.4649 342.166 666.396 986.104 1333.23 1668.64
 34.567 343.166 668.371 989.026 1337.23 1673.64
34.6682  344.17 670.371 991.921 1341.23 1678.64
  34.77  345.17  672.34 994.921 1345.23 1683.57
  34.77  346.17 674.346  997.89 1349.23  1688.6
  34.77  347.17 676.346 1000.86 1353.24 1693.62
34.8716  348.17 678.321 1003.78 1357.24 1698.62
34.8716  349.17 680.328 1006.75 1361.24 1703.64
34.8716 350.193 682.328 1009.75 1365.23 1708.63
34.9716 351.197 684.328 1012.65 1369.23 1713.63
34.9716 352.226 686.333 1015.61 1373.23 1718.63
35.0726 353.226 688.333 1018.54 1377.19 1723.63
35.0726 354.255 690.337 1021.51 1381.19 1728.63
35.0726 355.255 692.344 1024.48 1385.19 1733.66
35.1697 356.239 694.262 1027.48 1389.19 1738.66
35.1697 357.266 696.262 1030.44 1393.19 1743.67
35.2686  358.27 698.262 1033.34 1397.19 1748.67
35.2686 359.293 700.254 1036.34 1401.18 1753.67
35.2686 360.315 702.246 1039.34 1405.16 1758.67
35.3669 361.319 704.246 1042.24 1409.16 1763.67
35.3669 362.319 706.246  1045.2 1413.17 1768.69
35.3669 363.341 708.246  1048.2 1417.16 1773.68
35.4656 364.341 710.223 1051.13 1421.16 1778.68
35.5638 365.341 712.189 1054.13  1425.1 1783.68
35.5638 366.363 714.181 1057.13 1429.08 1788.68
35.6626 367.363 716.181 1060.06 1433.08 1793.65
35.7613 368.363 718.181    1063 1437.05 1798.65
  35.86 369.363 720.181 1065.93 1441.02 1803.65
35.9584 370.363 722.181 1068.93 1444.97 1808.59
35.9584 371.385 724.173 1071.93 1448.97 1813.58
36.0569 372.385 726.173 1074.87 1452.97 1818.55
36.0569 373.406 728.164 1077.87 1456.97 1823.54
36.1544 374.406 730.134 1080.87 1460.97 1828.47
36.1544 375.406 732.134 1083.84 1464.98 1833.49
 36.252 376.406  734.11 1086.76 1468.98 1838.49
 36.252 377.427 736.102 1089.76 1472.97 1843.49
 36.252 378.453 738.102 1092.72 1476.97  1848.5
 36.252 379.453 740.101 1095.72 1480.97  1853.5
 36.252 380.453 742.107 1098.69 1484.97 1858.53
 36.252 381.453 744.107 1101.66 1488.98 1863.55
36.3483 382.453 746.107 1104.66 1492.93  1868.5
36.3483 383.479 748.107 1107.62 1496.93 1873.51
36.3483 384.479 750.105 1110.62 1500.93 1878.51
36.3483 385.506 752.109 1113.59 1504.93 1883.51
36.4435 386.506  754.08 1116.59 1508.93 1888.45
36.4435 387.506 756.086 1119.56 1512.93 1893.47
36.5388 388.506 758.063 1122.49 1516.93 1898.47
36.6331  389.51 760.063 1125.49 1520.93 1903.37
 36.728  390.51  762.03 1128.49 1524.87 1908.37
 36.728 391.536  764.03 1131.46 1528.88 1913.37
 36.728 392.557 766.022 1134.46 1532.88 1918.36
 36.728 393.557 768.022 1137.43 1536.89 1923.38
36.8225 394.557 770.022 1140.43 1540.84 1928.33
36.9174 395.557 772.022 1143.36 1544.84  1933.3
36.9174 396.578 774.022 1146.36 1548.83 1938.29
36.9174 397.578 776.022 1149.33 1552.84 1943.31
36.9174 398.578  778.03 1152.31 1556.86 1948.31
37.0115 399.578  780.03 1155.24 1560.86 1953.28
37.1044 400.581  782.03 1158.24 1564.86 1958.18
37.1978 401.581 783.998 1161.24  1568.8 1963.18
37.2904 402.581 785.998 1164.24 1572.71 1968.18
37.3846 403.581 787.998 1167.18 1576.71 1973.15
37.3846 404.581 789.996 1170.18  1580.7 1978.15
37.3846 405.606 791.996 1173.15  1584.7 1983.16
37.3846 406.606 793.996 1176.12 1588.71 1988.18
37.3846 407.632 795.996 1179.08 1592.72 1993.18
37.3846 408.658 798.001 1182.05 1596.72 1998.18
37.4772 409.658 800.001 1185.05 1600.68 2003.13
37.5698 410.658 802.001 1188.05 1604.63 2008.08
37.5698 411.684 804.001 1191.02 1608.64 2013.08
37.6614 412.687 806.001 1194.02 1612.64 2017.99
37.6614 413.687 808.009 1196.99 1616.66 2022.99
37.7535 414.687 810.009 1199.99 1620.62 2027.94
37.7535 415.713 812.013 1202.96 1624.62 2032.94
37.7535 416.738 814.013 1205.93 1628.62 2037.94
37.8455 417.738 816.013 1208.87 1632.59 2042.94
37.8455 418.764 818.013 1211.84  1636.6 2047.94
37.9367 419.764 819.982 1214.84 1640.54 2052.94
38.0271 420.764 821.982 1217.84 1644.45 2057.94
38.1183 421.764 823.954 1220.84 1648.45 2062.88
38.1183 422.764 825.953 1223.84 1652.45 2067.88
38.1183 423.764 827.959 1226.81 1656.45  2072.9
38.2091 424.764 829.931 1229.81 1660.45 2077.84
38.2091 425.764 831.929 1232.81 1664.45 2082.84
38.2975  426.75 833.855 1235.81 1668.45 2087.84
 38.386 427.735 835.781 1238.81 1672.45 2092.84
 38.386 428.761 837.785 1241.78 1676.45 2097.84
 38.386 429.761 839.792 1244.75 1680.46 2102.84
 38.386 430.761 841.792 1247.72 1684.47 2107.86
 38.386 431.761 843.792  1250.7 1688.48 2112.88
38.4756 432.761 845.762  1253.7 1692.42 2117.88
38.4756 433.781 847.762  1256.7 1696.41 2122.87
38.4756 434.801 849.754  1259.7  1700.4 2127.87
38.5654 435.801 851.754 1262.64 1704.37 2132.87
38.6526 436.786 853.681 1265.64 1708.37 2137.87
38.6526  437.81 855.681  1268.6 1712.37 2142.88
38.6526 438.835 857.685 1271.57 1716.37 2147.88
38.6526 439.855 859.685 1274.57 1720.36 2152.87
38.6526 440.855 861.685 1277.54 1724.37 2157.89
38.6526 441.875 863.685 1280.54 1728.36 2162.88
38.7401 442.875 865.685 1283.54 1732.27 2167.88
38.8289 443.875 867.685 1286.49 1736.27 2172.85
38.9175 444.875 869.664 1289.42 1740.27 2177.85
38.9175 445.899 871.664 1292.39 1744.27 2182.86
39.0054 446.899 873.634 1295.39 1748.21 2187.86
39.0054 447.918 875.626 1298.39  1752.2 2192.86
39.0933 448.918 877.599 1301.39  1756.2  2197.8
39.0933 449.918 879.606 1304.36 1760.22  2202.8
39.0933 450.941 881.606 1307.33 1764.22 2207.81
39.0933 451.966  883.61  1310.3 1768.22 2212.81
  39.18 452.969  885.61  1313.3 1772.22 2217.72
  39.18 453.994 887.613 1316.27 1776.22 2222.72
39.2673 454.994 889.613 1319.27 1780.18 2227.68
39.2673 455.994 891.611 1322.27 1784.17 2232.68
39.2673 456.994 893.611 1325.24 1788.18  2237.7
39.2673 457.994 895.619 1328.22  1792.2  2242.7
39.3541 458.994 897.597 1331.15  1796.2  2247.7
39.4399 459.994 899.597 1334.15 1800.11  2252.7
39.5244 460.981 901.526 1337.15 1804.11  2257.7
39.6105 461.984 903.526 1340.07 1808.11  2262.7
39.6105 462.984 905.531 1343.04 1812.11 2267.72
 39.696 463.984 907.531 1346.04 1816.03 2272.72
 39.696 465.008 909.531 1349.01 1820.04 2277.72
39.7814 466.008 911.531 1352.01 1823.95 2282.72
39.8677 467.008 913.531 1355.01 1827.91 2287.68
39.8677 468.032 915.531 1357.98 1831.92 2292.68
39.9532 469.034 917.531 1360.98 1835.92 2297.59
39.9532 470.034 919.538 1363.96 1839.93 2302.59
39.9532 471.053 921.538 1366.96 1843.92 2307.58
 40.038 472.053 923.538 1369.96 1847.84 2312.58
 40.038 473.072 925.532 1372.96 1851.82 2317.58
40.1233 474.072 927.503 1375.96 1855.77 2322.58
40.2085 475.072 929.474 1378.96 1859.71 2327.58
40.2085 476.091 931.467 1381.96  1863.7 2332.58
40.2085 477.091 933.474 1384.93 1867.71 2337.58
40.2085 478.091 935.479 1387.91 1871.71  2342.6
40.2085  479.11 937.479 1390.91  1875.7 2347.59
40.2085  480.11 939.479 1393.88 1879.71 2352.61
40.2085 481.128 941.472 1396.88  1883.7 2357.61
40.2085 482.128 943.479 1399.86 1887.72 2362.61
40.2922 483.132 945.479 1402.77 1891.72 2367.61
40.2922 484.132 947.486 1405.75 1895.73 2372.61
40.2922  485.15 949.478 1408.75 1899.73  2377.6
40.2922  486.15 951.477 1411.75 1903.73  2382.6
 40.376  487.15 953.456 1414.69 1907.73  2387.6
 40.376 488.173 955.456 1417.66 1911.74  2392.6
40.4587 489.173 957.456 1420.66 1915.65  2397.6
40.5426 490.173 959.456  1423.6 1919.65 2402.57
40.5426 491.173 961.454  1426.6 1923.65 2407.58
40.6252 492.173 963.454  1429.6 1927.57 2412.58
40.6252 493.173 965.452  1432.6 1931.57 2417.58
40.7087 494.173 967.452 1435.55 1935.57 2422.55
40.7087 495.173 969.451 1438.55 1939.56 2427.56
40.7915 496.173 971.423 1441.55 1943.51 2432.56
40.7915 497.196 973.423 1444.52 1947.51 2437.56
40.7915 498.196 975.421 1447.52 1951.51 2442.56
40.7915 499.196 977.419 1450.52 1955.51 2447.56
40.8738 500.196 979.391 1453.52 1959.46 2452.56
40.8738 501.196 981.396 1456.49 1963.46 2457.58
40.8738 502.214 983.389 1459.49 1967.44 2462.58
40.8738 503.236 985.389 1462.46 1971.44 2467.59
40.8738 504.236 987.394 1465.44 1975.44 2472.61
 40.956 505.236 989.394 1468.38 1979.44 2477.58
 40.956 506.236 991.399 1471.36 1983.44  2482.6
41.0372 507.239 993.399 1474.28 1987.44  2487.6
41.1187 508.239 995.373 1477.28 1991.44 2492.55
41.1187  509.26 997.373 1480.24 1995.44 2497.56
41.1187  510.26  999.38 1483.22 1999.46 2502.56
41.1187 511.278 1001.37 1486.22 2003.46 2507.55
41.2002 512.278 1003.37 1489.17 2007.46 2512.52
41.2002 513.296 1005.37 1492.17 2011.45 2517.51
41.2002 514.318 1007.37 1495.14 2015.45 2522.51
41.2002 515.336 1009.37 1498.14 2019.44 2527.51
41.2002 516.354 1011.36 1501.14 2023.43 2532.51
41.2002 517.354 1013.36 1504.12 2027.44 2537.53
41.2801 518.356 1015.36 1507.12 2031.44 2542.45
41.2801 519.356 1017.36 1510.09 2035.44 2547.47
41.3596 520.357 1019.36 1513.09 2039.36 2552.47
41.4393 521.359 1021.36 1516.09 2043.36 2557.39
41.4393 522.359 1023.36 1519.07 2047.37  2562.4
41.5176 523.346  1025.3 1522.07 2051.37  2567.4
41.5176 524.368  1027.3 1525.04 2055.37 2572.41
41.5176 525.385 1029.29 1528.04 2059.37  2577.4
41.5176 526.385  1031.3 1531.01 2063.37 2582.42
41.5176 527.406  1033.3 1533.98 2067.37 2587.43
41.5176 528.406  1035.3 1536.96 2071.38 2592.45
41.5176 529.423  1037.3 1539.96 2075.37 2597.44
41.5962 530.426  1039.3 1542.96 2079.37 2602.36
41.5962 531.426 1041.29 1545.96 2083.37 2607.36
41.5962 532.426 1043.29 1548.96 2087.36 2612.37
41.5962 533.443 1045.29 1551.96 2091.35 2617.37
41.6748 534.443 1047.26 1554.96 2095.35 2622.31
41.6748  535.46 1049.25 1557.96 2099.35  2627.3
41.7532  536.46 1051.23 1560.96  2103.3  2632.3
41.8313 537.464 1053.23 1563.87  2107.3  2637.3
41.8313 538.464 1055.23 1566.85 2111.31 2642.32
41.8313 539.464 1057.23 1569.83 2115.32 2647.32
41.8313 540.481 1059.23 1572.83 2119.31 2652.32
41.8313 541.502 1061.23  1575.8 2123.32 2657.32
41.9094 542.502 1063.23  1578.8 2127.28 2662.28
41.9874 543.502 1065.23  1581.8 2131.24 2667.24
42.0637  544.49 1067.16  1584.8 2135.24 2672.24
 42.141  545.49 1069.16  1587.8 2139.17 2677.24
 42.141 546.512 1071.16 1590.77 2143.17 2682.24
42.2183 547.515 1073.16 1593.69 2147.17 2687.24
42.2955 548.515 1075.16 1596.69 2151.09 2692.24
42.3716 549.503  1077.1 1599.69 2155.09 2697.24
42.3716 550.503  1079.1 1602.69 2159.09 2702.24
42.3716 551.503  1081.1 1605.67 2163.11 2707.24
42.4495 552.503  1083.1 1608.62 2167.08 2712.24
42.4495 553.503  1085.1  1611.6 2171.09 2717.26
42.4495  554.52  1087.1  1614.6 2175.08 2722.25
 42.527  555.52  1089.1 1617.55 2179.05 2727.25
 42.527  556.52  1091.1 1620.55 2183.05 2732.26
 42.527  557.52 1093.11 1623.53 2187.06 2737.26
 42.527 558.536  1095.1 1626.53 2191.06 2742.25
42.6041 559.536  1097.1 1629.48 2195.04 2747.25
42.6812 560.536  1099.1 1632.43 2199.04 2752.22
42.6812 561.557  1101.1  1635.4 2203.04 2757.22
42.7573 562.558  1103.1  1638.4 2206.97 2762.22
42.7573 563.575  1105.1  1641.4 2210.95 2767.22
42.7573 564.575  1107.1 1644.38 2214.97 2772.22
42.8336 565.575 1109.08 1647.38 2218.97 2777.17
42.8336 566.591 1111.08 1650.38 2222.96 2782.16
42.8336 567.608 1113.08 1653.38 2226.95 2787.15
  42.91 568.608 1115.08 1656.33 2230.95 2792.13
42.9846 569.596 1117.02 1659.33 2234.95 2797.13
43.0608 570.596 1119.02 1662.33 2238.91 2802.09
43.1368 571.596 1120.99 1665.33 2242.91 2807.03
43.2114 572.584 1122.93 1668.33 2246.91 2812.03
43.2874 573.584  1124.9 1671.33 2250.91 2816.98
43.2874 574.605  1126.9  1674.3 2254.92 2821.98
43.2874 575.605  1128.9 1677.28 2258.92    2827
43.2874 576.626 1130.91 1680.26 2262.92    2832
43.3632 577.626 1132.91 1683.26 2266.89 2836.96
43.4383 578.626 1134.91 1686.26 2270.81 2841.96
43.5141 579.626 1136.91 1689.26 2274.78 2846.92
43.5141 580.626 1138.91 1692.23 2278.78 2851.94
43.5893 581.629 1140.91 1695.15 2282.78 2856.94
43.5893 582.645  1142.9 1698.15 2286.78 2861.93
43.5893 583.662  1144.9 1701.15 2290.77 2866.92
43.6645 584.662 1146.88 1704.15 2294.77 2871.87
43.7401 585.662 1148.88  1707.1 2298.75 2876.87
43.8157 586.662 1150.88 1710.06 2302.75 2881.84
43.8914 587.662 1152.88 1713.01 2306.72 2886.84
43.8914 588.662 1154.88 1715.99 2310.74 2891.84
43.8914 589.677 1156.88 1718.99 2314.74 2896.83
43.8914 590.698 1158.88 1721.96 2318.74 2901.83
43.8914 591.719 1160.88 1724.94 2322.74 2906.83
43.9664 592.719 1162.88 1727.89 2326.74 2911.81
44.0406 593.719 1164.88 1730.89 2330.66 2916.81
44.0406 594.736 1166.88 1733.89 2334.65 2921.81
44.0406 595.736 1168.88 1736.87 2338.65 2926.82
44.0406 596.736 1170.89 1739.85 2342.66 2931.82
44.1146 597.738 1172.89 1742.77 2346.66 2936.82
44.1886 598.741 1174.89  1745.7 2350.66 2941.82
44.1886 599.757 1176.88  1748.7 2354.65 2946.82
44.1886 600.757 1178.89 1751.68 2358.67 2951.82
44.1886 601.777 1180.89 1754.65 2362.67 2956.83
44.2621 602.777 1182.89 1757.65 2366.59 2961.83
44.2621 603.777 1184.89 1760.63  2370.6 2966.85
44.2621 604.777 1186.88 1763.63  2374.6 2971.85
44.2621 605.797 1188.88  1766.6  2378.6 2976.85
44.3353 606.799 1190.88  1769.6  2382.6 2981.78
44.4085 607.802 1192.88 1772.52  2386.6 2986.78
44.4085 608.821 1194.88  1775.5  2390.6 2991.79
44.4085 609.837 1196.88  1778.5 2394.59 2996.78
44.4818 610.837 1198.86  1781.5 2398.55 3001.78
44.5555 611.837 1200.86 1784.45 2402.55 3006.75
44.5555 612.837 1202.87 1787.43 2406.56 3011.75
44.5555 613.837 1204.87 1790.41 2410.56 3016.77
44.6283  614.84 1206.87 1793.33 2414.56 3021.77
44.6283  615.84 1208.87 1796.31 2418.56 3026.79
44.6283  616.84 1210.88 1799.29 2422.56 3031.81
44.7007  617.84 1212.88 1802.29 2426.49 3036.81
44.7739  618.84 1214.88 1805.24 2430.46 3041.81
44.8469  619.84 1216.88 1808.24 2434.43 3046.77
44.9194 620.842 1218.88 1811.24 2438.43 3051.69
44.9194 621.858 1220.87 1814.24 2442.42 3056.69
44.9921 622.858 1222.85 1817.24 2446.37 3061.69
45.0645  623.86 1224.85 1820.16 2450.37 3066.69
45.0645  624.88 1226.85 1823.14 2454.37 3071.69
45.0645 625.896 1228.85 1826.14 2458.36 3076.69
45.0645 626.912 1230.84 1829.14 2462.35 3081.69
45.0645 627.912 1232.85 1832.12 2466.36 3086.69
45.1363 628.912 1234.85 1835.12 2470.29 3091.69
45.1363 629.912 1236.85  1838.1 2474.29 3096.71
45.2088 630.912 1238.85 1841.05 2478.29 3101.69
45.2805 631.912 1240.85 1844.05 2482.22 3106.69
45.2805 632.912 1242.85 1847.05 2486.22 3111.69
45.3527 633.912 1244.85 1850.05 2490.18 3116.65
45.4242 634.912 1246.85 1853.05 2494.11 3121.65
45.4242 635.931 1248.85 1856.03 2498.11 3126.66
45.4965 636.931 1250.85 1858.98 2502.11 3131.64
45.4965 637.931 1252.85 1861.98 2506.11 3136.64
 45.567 638.919 1254.79 1864.98 2510.11 3141.64
 45.567 639.939 1256.79 1867.96 2514.11 3146.64
 45.567 640.954 1258.78 1870.96 2518.11 3151.63
 45.567 641.954 1260.79 1873.94 2522.12 3156.63
 45.567 642.954 1262.79 1876.92 2526.12 3161.65
 45.567 643.954  1264.8  1879.9 2530.14 3166.65
45.6369 644.942 1266.74  1882.9 2534.14 3171.65
45.6369 645.942 1268.74  1885.9 2538.13 3176.65
45.6369 646.942 1270.74 1888.87 2542.14 3181.67
45.6369 647.942 1272.74 1891.86 2546.15 3186.67
45.7075 648.944 1274.74 1894.86 2550.15  3191.6
45.7781 649.947 1276.74 1897.78 2554.15  3196.6
45.7781 650.962 1278.74 1900.78 2558.14  3201.6
45.8493 651.962 1280.74 1903.74 2562.12  3206.6
45.9197 652.964 1282.74 1906.74 2566.12 3211.52
45.9905 653.964 1284.71 1909.74 2570.07 3216.52
45.9905 654.982 1286.71 1912.71 2574.07 3221.53
46.0599 655.971 1288.66 1915.71 2578.07 3226.53
46.1305 656.971 1290.63 1918.71 2582.03 3231.53
46.2012 657.971 1292.61 1921.71 2586.03 3236.48
46.2722 658.971 1294.61 1924.66    2590 3241.48
46.2722  659.99 1296.61 1927.64    2594 3246.48
46.3429  660.99 1298.59 1930.59    2598 3251.48
46.3429 662.005 1300.59 1933.59 2601.99 3256.48
46.3429  663.02 1302.58 1936.59 2605.98 3261.48
46.3429  664.04 1304.59 1939.57 2609.98 3266.48
46.3429  665.04 1306.59 1942.55 2613.98  3271.5
46.3429  666.04 1308.59 1945.55 2617.98  3276.5
46.3429 667.055 1310.58 1948.55 2621.97  3281.5
46.3429 668.055 1312.59 1951.52 2625.97 3286.52
46.3429  669.07 1314.59 1954.52 2629.96 3291.51
46.3429 670.088 1316.59  1957.5 2633.96 3296.52
46.4125 671.088 1318.56  1960.5 2637.91 3301.52
46.4125 672.088 1320.57 1963.48 2641.91 3306.54
46.4824 673.088 1322.57 1966.43 2645.91 3311.52
46.4824 674.088 1324.57 1969.41 2649.91 3316.53
46.5505 675.077 1326.51 1972.41 2653.91 3321.53
46.5505 676.077 1328.52 1975.39 2657.91 3326.55
46.5505 677.096 1330.52 1978.37 2661.91 3331.55
46.5505 678.111 1332.51 1981.37 2665.91 3336.54
46.6196 679.111 1334.49 1984.37 2669.91 3341.49
46.6884 680.113 1336.49 1987.37 2673.91 3346.42
46.7577 681.113 1338.47 1990.32 2677.91 3351.42
46.7577 682.127 1340.47 1993.32 2681.91 3356.42
46.8268 683.127 1342.47 1996.32 2685.88 3361.38
46.8961 684.127 1344.47 1999.27 2689.86 3366.38
46.9653 685.127 1346.47 2002.27 2693.82 3371.34
47.0338 686.127 1348.47 2005.27 2697.76 3376.34
47.0338 687.145 1350.47 2008.25 2701.76 3381.35
47.0338 688.145 1352.47 2011.23 2705.76 3386.37
47.1029 689.145 1354.47 2014.18 2709.73 3391.37
47.1719 690.145 1356.47 2017.18  2713.7 3396.33
47.2402 691.145 1358.47 2020.18 2717.63 3401.33
47.2402 692.145 1360.48 2023.16 2721.63 3406.35
47.3086 693.146 1362.48 2026.16 2725.63 3411.28
47.3086 694.146 1364.48 2029.14 2729.63  3416.3
47.3086 695.146 1366.48 2032.12 2733.64 3421.31
47.3086 696.165 1368.48  2035.1 2737.64 3426.31
47.3086 697.165 1370.48  2038.1 2741.63 3431.32
47.3086 698.184 1372.48 2041.08 2745.63 3436.32
47.3768 699.184 1374.46 2044.08 2749.63 3441.27
47.3768 700.198 1376.45 2047.08 2753.63 3446.26
47.4437 701.187  1378.4 2050.08 2757.63 3451.26
47.4437 702.187  1380.4 2053.05 2761.64 3456.28
47.5105 703.176 1382.34 2056.05 2765.64 3461.28
47.5785 704.176 1384.32 2059.05  2769.6 3466.28
47.5785 705.176 1386.32 2062.03  2773.6 3471.29
47.6463 706.176  1388.3 2065.03 2777.56 3476.29
47.6463 707.195  1390.3 2068.01 2781.56 3481.29
47.7141 708.195 1392.28 2071.01 2785.51 3486.29
47.7819 709.195 1394.26 2074.01 2789.51 3491.24
  47.85 710.195 1396.26 2076.97 2793.51 3496.22
  47.85 711.195 1398.26 2079.95 2797.51 3501.24
  47.85 712.209 1400.25 2082.95 2801.51 3506.23
47.9172 713.209 1402.25 2085.95 2805.45 3511.23
47.9172 714.223 1404.25 2088.95 2809.44 3516.22
47.9844 715.225 1406.25 2091.95 2813.44 3521.15
48.0518 716.225 1408.23 2094.95 2817.39 3526.15
48.0518 717.225 1410.23 2097.93  2821.4 3531.17
48.0518 718.242 1412.23  2100.9  2825.4 3536.18
48.1189 719.244 1414.23 2103.83  2829.4 3541.18
48.1859 720.246 1416.23 2106.83  2833.4 3546.11
48.2529 721.248 1418.23 2109.76  2837.4 3551.11
48.3199 722.249 1420.23 2112.76  2841.4 3556.04
48.3199 723.249 1422.23 2115.76  2845.4 3561.04
48.3199 724.268 1424.23 2118.74  2849.4 3566.04
48.3868  725.27 1426.23 2121.67  2853.4 3571.04
48.3868  726.27 1428.23 2124.65  2857.4 3576.06
48.4538  727.27 1430.21 2127.65 2861.35 3581.06
48.4538 728.288 1432.21 2130.63 2865.36 3586.06
48.4538 729.306 1434.21 2133.61 2869.36 3591.06
48.5209 730.306 1436.21 2136.57 2873.33 3596.06
48.5874 731.307 1438.21 2139.57 2877.33 3600.99
48.5874 732.321 1440.21 2142.57 2881.33 3605.98
48.6539 733.323 1442.21 2145.57 2885.33 3610.91
48.6539 734.341 1444.21 2148.55 2889.34 3615.91
48.7209 735.341 1446.21  2151.5 2893.31 3620.91
48.7209 736.358 1448.21 2154.48 2897.32 3625.91
48.7209 737.358 1450.21 2157.46 2901.32 3630.93
48.7209 738.358 1452.22 2160.44 2905.33 3635.93
48.7209 739.358 1454.21 2163.44 2909.33 3640.93
48.7869  740.36 1456.21 2166.38 2913.33 3645.93
48.8528  741.36 1458.21 2169.38 2917.26 3650.93
48.8528 742.374 1460.21 2172.38 2921.25 3655.93
48.8528 743.374 1462.21 2175.38 2925.25 3660.94
48.8528 744.374 1464.21 2178.38 2929.25 3665.94
48.8528 745.374 1466.21 2181.36 2933.26 3670.94
48.9187 746.374 1468.19 2184.36 2937.22 3675.94
48.9187 747.388 1470.18 2187.36 2941.22 3680.93
48.9187 748.406 1472.18 2190.34 2945.22 3685.93
48.9187  749.42 1474.18 2193.34 2949.21 3690.93
48.9846  750.42 1476.18 2196.29 2953.19 3695.93
48.9846  751.42 1478.18 2199.29 2957.19 3700.93
49.0505  752.42 1480.18 2202.25 2961.16 3705.93
49.0505 753.437 1482.18 2205.23 2965.17 3710.93
49.0505 754.437 1484.18 2208.21 2969.17 3715.95
49.0505 755.437 1486.19 2211.19 2973.18 3720.95
49.0505 756.451 1488.18 2214.19 2977.17 3725.95
49.0505 757.469 1490.18 2217.17 2981.18 3730.95
49.1146 758.458 1492.13 2220.17 2985.18 3735.95
49.1793 759.458 1494.13 2223.17 2989.11 3740.95
49.2447 760.458 1496.13 2226.13 2993.09 3745.95
49.3088 761.448 1498.08 2229.13 2997.09 3750.95
49.3742 762.448 1500.08 2232.09 3001.09 3755.92
49.4397 763.448 1502.08 2235.05 3005.06 3760.92
49.5049 764.448 1504.06    2238 3009.06 3765.92
49.5049 765.448 1506.06    2241 3013.06 3770.93
  49.57 766.448 1508.04    2244 3017.06 3775.88
  49.57 767.448 1510.04    2247 3021.06 3780.89
49.6353 768.448 1512.04 2249.95 3025.04 3785.89
49.6998 769.447 1514.04 2252.95 3028.97 3790.89
49.6998 770.447 1516.04 2255.93 3032.98  3795.9
49.6998 771.464 1518.04 2258.91 3036.98  3800.9
49.6998 772.464 1520.04  2261.9 3040.99  3805.9
49.6998 773.481 1522.04 2264.87 3044.99 3810.91
49.7647 774.481 1524.04 2267.83 3048.97 3815.91
49.8291 775.482 1526.04 2270.83 3052.97 3820.84
49.8937 776.482 1528.02 2273.83 3056.97  3825.8
49.8937 777.499 1530.02 2276.81 3060.97 3830.81
49.8937 778.499 1532.02 2279.81 3064.97 3835.81
49.9582 779.499    1534 2282.81 3068.97 3840.77
49.9582 780.516    1536 2285.79 3072.97 3845.77
50.0222 781.516    1538 2288.79 3076.91 3850.77
50.0222 782.516    1540 2291.77 3080.91 3855.78
50.0861 783.516    1542 2294.77 3084.85 3860.78
50.1507 784.516    1544 2297.73 3088.83 3865.78
50.1507 785.516    1546 2300.71 3092.83 3870.79
50.1507 786.516    1548 2303.71 3096.83  3875.8
50.1507 787.516 1550.01 2306.69 3100.84  3880.8
50.2137 788.505 1551.95 2309.69 3104.84  3885.8
50.2137 789.519 1553.95 2312.69 3108.83  3890.8
50.2774  790.52 1555.95 2315.69 3112.83 3895.73
50.3416  791.52 1557.95 2318.65 3116.83 3900.71
50.3416  792.52 1559.95 2321.63 3120.84 3905.71
50.3416 793.536 1561.95 2324.61 3124.84 3910.72
50.3416  794.55 1563.95 2327.61 3128.83 3915.72
50.3416  795.55 1565.95 2330.61 3132.83 3920.72
50.3416 796.567 1567.95 2333.59 3136.83 3925.72
50.3416 797.584 1569.95 2336.57 3140.83 3930.72
50.3416 798.584 1571.96 2339.55 3144.84 3935.72
50.3416 799.601 1573.96 2342.53 3148.85 3940.72
50.3416 800.617 1575.96 2345.51 3152.85 3945.73
 50.405 801.617 1577.94 2348.46 3156.85 3950.73
 50.405 802.617 1579.94 2351.46 3160.85 3955.73
50.4684 803.617 1581.94 2354.42 3164.85 3960.71
50.4684 804.635 1583.94  2357.4 3168.85 3965.71
50.4684 805.635 1585.94 2360.38 3172.85 3970.72
50.5317 806.635 1587.94 2363.34 3176.85  3975.7
50.5948 807.635 1589.93 2366.29 3180.85  3980.7
50.6575 808.636 1591.93 2369.29 3184.85 3985.64
50.7205 809.636  1593.9 2372.29 3188.81 3990.64
50.7832 810.637  1595.9 2375.29 3192.81 3995.57
50.8462 811.637 1597.88 2378.29 3196.81 4000.53
 50.909 812.639 1599.88 2381.29 3200.81 4005.47
 50.909 813.652 1601.88 2384.29 3204.81 4010.46
50.9719 814.652 1603.86 2387.29 3208.81 4015.42
50.9719 815.652 1605.86 2390.28 3212.82 4020.42
 51.035 816.652 1607.86 2393.24 3216.82 4025.39
51.0976 817.653 1609.86 2396.24 3220.82 4030.33
51.0976 818.666 1611.86 2399.24 3224.82 4035.32
51.1594 819.656 1613.81 2402.24 3228.82 4040.32
51.1594 820.656 1615.81 2405.22 3232.83 4045.33
 51.222 821.656 1617.79 2408.22 3236.83 4050.29
51.2847 822.656 1619.77 2411.22 3240.83 4055.25
51.2847 823.671 1621.77 2414.19 3244.83 4060.26
51.3475 824.671 1623.75 2417.15 3248.83 4065.26
51.3475 825.688 1625.75 2420.13 3252.83 4070.26
51.4103 826.688 1627.75 2423.09 3256.83 4075.23
51.4731 827.688 1629.75 2426.05 3260.81 4080.23
51.5357 828.688 1631.74    2429 3264.81 4085.23
51.5357 829.688 1633.74 2431.98 3268.81 4090.25
51.5983 830.688 1635.74 2434.98 3272.78 4095.22
51.6608 831.688 1637.72 2437.98 3276.78 4100.17
51.6608 832.688 1639.72 2440.96 3280.78 4105.19
51.7229  833.69 1641.72  2443.9 3284.78 4110.19
51.7229  834.69 1643.72 2446.88 3288.79 4115.19
51.7229  835.69 1645.72 2449.88 3292.79 4120.19
51.7853  836.69 1647.71 2452.84 3296.79 4125.19
51.8478  837.69 1649.71  2455.8 3300.79 4130.17
51.9099  838.69 1651.69  2458.8 3304.75 4135.17
51.9723  839.69 1653.69  2461.8 3308.72 4140.14
51.9723 840.703 1655.68  2464.8 3312.71 4145.14
51.9723 841.719 1657.68 2467.77 3316.71 4150.14
51.9723 842.731 1659.67 2470.77 3320.71 4155.14
51.9723 843.731 1661.67 2473.75 3324.72 4160.15
52.0344 844.731 1663.66 2476.71 3328.72 4165.15
52.0966 845.731 1665.66 2479.67 3332.72 4170.13
52.1586 846.731 1667.66 2482.67 3336.69 4175.09
52.2202 847.731 1669.66 2485.67 3340.63 4180.09
52.2818  848.73 1671.66 2488.67 3344.57 4185.09
52.2818 849.747 1673.66 2491.65 3348.57 4190.09
52.3436 850.747 1675.64 2494.65 3352.57 4195.05
52.3436  851.76 1677.64 2497.65 3356.57 4200.04
52.3436 852.775 1679.64 2500.63 3360.57 4205.05
52.3436 853.775 1681.64 2503.61 3364.58 4210.05
52.4049 854.775 1683.64 2506.61 3368.52 4215.05
52.4668 855.775 1685.64 2509.57 3372.49 4220.05
52.5281 856.774 1687.64 2512.57 3376.43 4225.05
  52.59 857.774 1689.64 2515.53 3380.43 4230.03
  52.59 858.791 1691.64 2518.51 3384.43 4235.03
  52.59 859.791 1693.64 2521.51 3388.43 4240.03
52.6516 860.791 1695.64 2524.51  3392.4    4245
52.7133 861.791 1697.64 2527.47  3396.4 4249.98
52.7133 862.804 1699.64 2530.47 3400.39 4254.98
52.7744 863.803 1701.64 2533.47 3404.33 4259.98
52.8361 864.803 1703.64 2536.43 3408.31 4264.98
52.8976 865.803 1705.64 2539.43 3412.28 4269.95
52.8976  866.82 1707.64 2542.41 3416.28 4274.95
52.8976 867.832 1709.63 2545.41 3420.28 4279.94
52.8976 868.844 1711.63 2548.41 3424.28 4284.93
52.8976 869.844 1713.63  2551.4 3428.29 4289.95
52.9587 870.844 1715.61  2554.4 3432.25 4294.95
  53.02 871.844 1717.59 2557.35 3436.25 4299.95
 53.081 872.844 1719.57 2560.35 3440.21 4304.95
53.1412 873.834 1721.52 2563.35 3444.21 4309.95
53.2026 874.834 1723.52 2566.31 3448.21 4314.92
53.2026 875.847 1725.52 2569.31  3452.2 4319.92
53.2026 876.847 1727.53  2572.3 3456.21 4324.92
53.2026 877.847 1729.53 2575.28 3460.22 4329.93
53.2626 878.837 1731.48 2578.28 3464.22 4334.93
53.2626 879.837 1733.47 2581.28 3468.21 4339.94
53.3225 880.827 1735.42 2584.28 3472.21 4344.94
53.3831 881.828 1737.42 2587.28 3476.21 4349.87
53.3831 882.843 1739.42 2590.26 3480.21 4354.88
53.4439 883.843  1741.4 2593.26 3484.17 4359.88
53.4439 884.843  1743.4 2596.24 3488.18 4364.89
53.5043 885.844  1745.4 2599.24 3492.18 4369.83
53.5653 886.844  1747.4  2602.2 3496.16 4374.83
53.5653 887.844 1749.41 2605.18 3500.16 4379.85
53.6261 888.844 1751.41 2608.18 3504.13 4384.81
53.6261 889.844 1753.41 2611.17 3508.14 4389.81
53.6261  890.86 1755.41 2614.15 3512.14 4394.81
53.6865  891.86 1757.39 2617.15  3516.1 4399.81
53.7471  892.86 1759.38  2620.1  3520.1 4404.81
53.8074 893.861 1761.38 2623.04  3524.1 4409.81
53.8074 894.861 1763.38 2626.02  3528.1 4414.83
53.8074 895.861 1765.38 2629.01  3532.1 4419.84
53.8074 896.877 1767.38 2631.99  3536.1 4424.84
53.8074 897.877 1769.39 2634.97  3540.1 4429.86
53.8074  898.89 1771.38 2637.97 3544.09 4434.86
53.8673 899.889 1773.38 2640.97 3548.03 4439.86
53.8673 900.889 1775.39 2643.96 3552.04 4444.86
53.9271 901.891 1777.39 2646.96 3556.04  4449.8
53.9873 902.891 1779.37 2649.91 3560.04  4454.8
54.0465  903.88 1781.32 2652.91 3564.04  4459.8
54.0465  904.88 1783.33  2655.9 3568.05  4464.8
54.0465  905.88 1785.33 2658.88 3572.05 4469.81
54.0465  906.88 1787.33 2661.86 3576.06 4474.81
54.1062 907.882 1789.33  2664.8 3580.06 4479.81
54.1062 908.897 1791.33 2667.78 3584.07 4484.81
54.1062  909.91 1793.33 2670.78 3588.06 4489.81
54.1062 910.925 1795.33 2673.76 3592.06 4494.81
54.1657 911.926 1797.33  2676.7 3596.06 4499.81
54.2256 912.926 1799.33 2679.66 3600.04 4504.81
54.2256 913.926 1801.33 2682.66 3604.04 4509.81
54.2849 914.926 1803.33 2685.66 3607.98 4514.81
54.2849 915.926 1805.33 2688.65 3611.99 4519.82
54.3444 916.926 1807.31 2691.65 3615.95 4524.82
54.4038 917.927 1809.31 2694.59 3619.95 4529.82
54.4038 918.939 1811.31 2697.59 3623.94 4534.82
54.4038 919.954 1813.31 2700.56 3627.94 4539.83
54.4038 920.969 1815.31 2703.55 3631.94 4544.83
54.4038 921.984 1817.31 2706.52 3635.94 4549.83
54.4038 922.984 1819.31 2709.51 3639.95 4554.84
54.4621 923.974 1821.26 2712.51 3643.95 4559.84
54.4621 924.989 1823.26 2715.48 3647.95 4564.85
54.5204 925.979 1825.22 2718.48 3651.95 4569.85
54.5797 926.979  1827.2 2721.44 3655.95 4574.85
54.6385 927.978  1829.2 2724.44 3659.89 4579.85
54.6385  928.99  1831.2 2727.44 3663.88 4584.85
54.6977  929.99 1833.18 2730.44 3667.88 4589.81
54.6977 931.002 1835.18 2733.44 3671.88  4594.8
54.7568 932.002 1837.18 2736.44 3675.86 4599.77
 54.815 932.992 1839.13 2739.44 3679.86 4604.77
 54.815 933.992 1841.13 2742.42 3683.86 4609.78
 54.815 935.004 1843.12 2745.42 3687.85 4614.78
 54.815 936.004 1845.12 2748.42 3691.85 4619.79
54.8739 937.004 1847.11 2751.38 3695.85 4624.79
54.8739 938.004 1849.11 2754.36 3699.86 4629.79
54.9327 939.004 1851.09 2757.36 3703.82 4634.79
54.9327 940.016 1853.08 2760.36 3707.82 4639.78
54.9327 941.016 1855.09 2763.35 3711.83 4644.78
54.9327 942.016 1857.09 2766.33 3715.83 4649.79
54.9327 943.016 1859.09 2769.32 3719.83 4654.81
54.9327 944.016 1861.09  2772.3 3723.84 4659.82
54.9911 945.016 1863.07  2775.3  3727.8 4664.82
54.9911 946.016 1865.08 2778.28 3731.81 4669.82
55.0487 947.006 1867.03 2781.28 3735.81 4674.82
55.0487 948.019 1869.03 2784.28  3739.8 4679.82
55.1062 949.009 1870.98 2787.28  3743.8 4684.82
55.1062 950.024 1872.98 2790.27  3747.8 4689.82
55.1062  951.04 1874.98 2793.25  3751.8 4694.82
55.1062 952.051 1876.98 2796.25  3755.8 4699.81
55.1062 953.063 1878.98 2799.25  3759.8 4704.81
55.1643 954.063 1880.96 2802.25 3763.76 4709.81
55.2226 955.063 1882.96 2805.21 3767.76 4714.79
55.2226 956.075 1884.96 2808.21 3771.75 4719.79
55.2804 957.077 1886.96 2811.15 3775.75 4724.79
55.2804 958.089 1888.96 2814.15 3779.74 4729.78
55.2804 959.089 1890.96 2817.13 3783.74 4734.79
 55.338 960.088 1892.96 2820.13 3787.69 4739.79
 55.338   961.1 1894.95 2823.13 3791.69 4744.79
 55.396   962.1 1896.95 2826.13 3795.66 4749.76
55.4535 963.099 1898.95 2829.13  3799.6 4754.76
55.5114 964.099 1900.93 2832.13  3803.6 4759.72
55.5114 965.113 1902.93 2835.11  3807.6 4764.73
55.5114 966.127 1904.93 2838.09  3811.6 4769.73
55.5114 967.139 1906.93 2841.09 3815.59 4774.73
55.5114 968.139 1908.93 2844.09 3819.59 4779.73
55.5114 969.151 1910.93 2847.09 3823.58 4784.73
55.5114 970.165 1912.93 2850.07 3827.58 4789.74
55.5691 971.165 1914.93 2853.03 3831.58 4794.71
55.5691 972.165 1916.93 2856.02 3835.59 4799.73
55.6267 973.165 1918.93 2859.02 3839.56  4804.7
55.6833 974.156 1920.89 2862.02 3843.56  4809.7
55.7404 975.155 1922.89 2865.02  3847.5  4814.7
 55.798 976.155 1924.89 2867.98  3851.5 4819.68
55.8552 977.155 1926.89 2870.98 3855.45 4824.68
55.9124 978.156 1928.89 2873.92 3859.45 4829.68
  55.97 979.156 1930.89 2876.89 3863.45 4834.66
56.0275 980.156 1932.87 2879.89 3867.45 4839.62
56.0851 981.156 1934.87 2882.85 3871.43 4844.62
56.0851 982.167 1936.86 2885.85 3875.43 4849.61
56.0851 983.167 1938.87 2888.83 3879.44 4854.61
56.1424 984.167 1940.85 2891.83  3883.4 4859.61
56.1424 985.167 1942.84 2894.83  3887.4 4864.61
56.1424 986.181 1944.84 2897.81  3891.4 4869.62
56.1997 987.181 1946.84 2900.81 3895.37 4874.59
56.1997 988.195 1948.84 2903.79 3899.37  4879.6
56.2571 989.195 1950.84 2906.76 3903.37 4884.58
56.2571  990.21 1952.85 2909.74 3907.37 4889.58
56.2571  991.21 1954.85 2912.73 3911.38 4894.58
56.3141  992.21 1956.83 2915.73 3915.38 4899.54
56.3712  993.21 1958.83 2918.73 3919.35 4904.51
56.3712 994.221 1960.83 2921.73 3923.35  4909.5
56.4283 995.221 1962.83 2924.73 3927.32 4914.47
56.4855 996.221 1964.83 2927.69 3931.32 4919.45
56.5424 997.221 1966.81 2930.69 3935.32 4924.42
56.5424 998.236 1968.81 2933.67 3939.33 4929.42
56.5993 999.236 1970.79 2936.67 3943.33 4934.38
56.6564 1000.24 1972.78 2939.63 3947.33 4939.38
56.6564 1001.25 1974.77 2942.63 3951.33 4944.37
56.6564 1002.25 1976.77 2945.61 3955.34 4949.37
56.6564 1003.26 1978.77  2948.6 3959.34 4954.37
56.7128 1004.26 1980.77  2951.6 3963.29 4959.37
56.7693 1005.26 1982.77  2954.6 3967.29 4964.31
56.8259 1006.26 1984.77 2957.54 3971.29 4969.31
56.8828 1007.26 1986.77  2960.5 3975.29 4974.29
56.8828 1008.27 1988.77  2963.5 3979.29 4979.29
56.8828 1009.29 1990.77 2966.48 3983.29 4984.29
56.8828  1010.3 1992.76 2969.48 3987.28 4989.29