      4       2       3       4       4       4
6.18182       3 4.63636       7 6.18182       9
8.78607       4 6.63636      10 8.78607 12.7915
8.78607       5 8.98576 13.5402 11.8965 17.7915
10.4966 5.97342 10.9858 16.5402 14.2126 22.7915
12.2071 6.94685 12.9858 19.5402 16.5286 27.7915
13.9771 7.94685 14.9858 22.3735 18.9253 32.7915
15.5098 8.81828 16.9858 25.3735 22.9253 36.3873
16.8499 9.81828 18.4534 27.5658 26.9253 41.3873
16.8499 10.8183 20.4534 31.0159 30.2952 46.5673
16.8499 12.0483 22.7789 34.0159 33.7397 51.5673
16.8499 13.0483 25.0433 37.3974 37.0937 56.5673
16.8499 14.0483  27.364 40.3974 40.5311 61.8093
17.9821 15.0483  29.364 43.1119 44.5311 65.9625
17.9821  16.139 31.4923 46.1119 48.5311 70.7435
  19.07 17.1153 33.4923 49.1119  51.467 75.7435
20.1698 18.1153  35.424 52.1119 54.4354 80.7435
20.1698 19.2897 37.7205 55.1119 57.9644 85.7435
20.1698 20.4732 39.7205 58.1119 61.5206 91.0039
 21.123 21.4732 41.7205 60.8581 65.5206 95.3045
 21.123  22.641 43.9895 63.8581 69.0839 100.305
 21.123  23.726 46.0976 66.8581 73.0839 105.111
 22.041  24.726 48.0976 69.7639 76.2601 110.111
 22.041  25.887 50.3559 72.7639 79.8408 115.111
 22.041 27.0592 52.3559 75.7639 83.4562 120.324
22.8494 28.0592 54.3559 78.5425 87.4562 124.737
23.7243 29.0592 56.3559 81.5425 90.8049 129.513
24.3765 29.8579  57.905 84.5425 94.8049 134.513
24.3765 30.8579 60.1016 87.7496 98.4013 139.513
24.3765 31.8579 62.2982 90.9567 101.998 144.513
24.3765 32.9916 64.2982 94.1934 105.627 149.513
25.0928 33.9916 66.1878 97.1934 109.627 153.907
25.8502 34.9916 68.1878 100.127 112.936 158.907
25.8502  36.132 70.1878 103.127 116.617 164.086
 26.437 36.9521 71.7809 106.127 120.617 169.086
 26.437 38.0175 73.7809 109.187 124.617 173.961
27.0107 38.8426 75.3821 112.187 128.617 178.961
27.0107 39.9538 77.3821 115.396 132.296 183.961
27.7189 40.9538 79.3821 118.396 135.765 188.784
28.4037 41.9538 81.3433 121.396 139.119 193.784
28.4037 42.9538 83.3433 124.603 142.794 198.903
28.4037 43.9538 85.3918 127.665 146.794 203.792
29.0351 44.9538 87.3918 130.503 150.794 208.322
29.6666 45.9538 89.3918 133.342 154.794 212.853
30.2059 46.7892  91.017 136.342 158.794 217.853
30.2059 47.8417 93.0643 139.342 162.794 222.753
30.2059 48.8417 95.1836 142.515 166.501 227.753
30.8293 49.8417 97.1836 145.456 169.937 232.753
30.8293 50.8417 99.3222 148.456 173.676 237.875
31.4329 51.8372 101.322 151.456 177.077 242.875
31.9859 52.8372 103.105  154.12 181.077 247.875
31.9859 53.8372 105.105 157.292 184.804 252.976
31.9859 54.9323 107.105 160.292 188.563 258.122
32.5738 55.9323 109.105 163.238 192.029 263.122
33.1371 56.9323 110.991 166.238 196.029 267.672
33.6709 57.9323 112.779 168.916 200.029 272.672
33.6709 59.0241 114.779 171.916 203.799 277.811
33.6709 60.0241 116.813 174.962 207.799 282.732
33.6709 61.0241 118.813 178.117 211.546  287.83
34.2394 62.0241 120.813 181.117 215.117  292.69
34.2394 63.1125 122.813 184.117 218.892 297.826
 34.706 63.9725 124.486 187.117 222.892 302.826
 34.706 64.9725 126.592 190.117 226.663 307.949
35.2546 65.9725 128.592 193.117 230.246 312.817
35.2546 67.0557 130.592 196.117 234.027 317.954
35.7787 68.0526 132.592 199.117 237.506 322.954
35.7787 69.1398 134.711 202.117   241.3 327.954
36.2747 70.0982 136.711 205.117   245.3 332.499
36.7706 71.0565 138.711 208.117   249.3 337.045
36.7706 72.1322 140.711 211.267 253.074 342.045
36.7706 73.1322 142.711 214.411  256.84 347.135
37.2533 74.0922 144.711 217.411  260.84 351.692
37.2533 75.0922 146.813 220.411 264.629 356.801
37.2533 76.0922 148.813 223.553 268.402 361.887
37.2533 77.1694 150.813 226.553 272.201  367.01
37.2533 78.1881 152.803 229.544 276.201  372.01
37.7289 79.1863 154.803 232.544 279.727  377.01
38.1926 80.1863 156.706 235.544 283.727 381.644
38.6363 81.1863 158.526  238.28 287.727 386.644
39.1144 82.1863 160.488  241.28 291.288 391.644
39.1144 83.2605 162.488  244.28 295.095 396.763
39.5877 84.2605 164.488 247.235 298.666 401.763
40.0561 85.2576 166.488 250.235   302.2 406.763
40.0561 86.2576  168.51 253.274   306.2 411.702
40.5107 87.2576  170.51 256.148   310.2 416.374
40.5107 88.2576 172.601 259.148 314.004 421.479
40.9575 89.2576 174.504 262.148 318.004 426.129
41.4044 90.2576 176.408 265.148 322.004 430.778
41.4044 91.2909 178.408 268.183 326.004 435.709
41.4044 92.2909 180.496 271.183 329.818 440.807
41.8417 93.2909 182.402 274.183 333.818 445.464
41.8417   94.36 184.402 277.183 337.644 450.569
41.8417 95.4244 186.402  280.31 341.453 455.569
41.8417 96.4889 188.402 283.437 345.261 460.569
41.8417 97.4889 190.478 286.559 349.064 465.569
41.8417 98.5239   192.5 289.559 353.064 470.511
42.2657 99.5222   194.5 292.559 356.642 475.511
42.2657 100.555   196.5 295.594 360.642 480.444
42.2657 101.589 198.522 298.594 364.642 485.388
42.6478 102.508 200.522 301.293 368.642 490.388
43.0668 103.508 202.522 304.253 372.263 495.388
43.0668 104.508 204.603 307.253  376.09  500.48
43.4455 105.427 206.603 309.955  380.09  505.48
43.4455 106.427 208.603 313.066 383.905 510.553
43.4455 107.427 210.684 316.066 387.733 515.645
43.4455 108.427 212.705 319.098 391.733 520.591
43.8546 109.427 214.705 322.098 395.422 525.494
43.8546 110.485 216.705 325.214 399.247 530.494
43.8546  111.55 218.793 328.214 403.094 535.494
44.2355 112.519 220.793 331.214 407.094 540.144
44.6304 113.519 222.764 334.214 410.729 545.144
45.0013 114.519 224.615 336.992 414.729 550.144
45.4023 115.519 226.615 339.992 418.425 555.047
45.4023  116.58 228.615 342.992 422.267 560.144
45.4023 117.596 230.608 345.983 426.267 565.144
45.7765 118.565 232.608 348.983 430.267 569.801
46.1704 119.565 234.608 351.983  433.97 574.704
 46.558 120.565 236.578 354.983 437.613 579.704
 46.558 121.565 238.653 357.983 441.452  584.79
46.9424 122.565 240.624 360.983 445.097  589.79
47.3268 123.565 242.594 363.983 448.742  594.79
47.3268 124.624 244.594 366.983 452.587 599.886
47.7082 125.624 246.566 369.983 456.234 604.886
47.7082 126.624 248.634 373.086 460.062 609.886
48.0785 127.624 250.634 375.982 464.062  614.62
48.0785 128.682 252.634 378.982 467.909 619.715
48.4546 129.682 254.634 381.946 471.568 624.715
48.4546 130.742 256.717 384.946 475.425 629.715
48.8174 131.742 258.639 387.946 479.425  634.43
48.8174 132.803  260.72 390.946 483.283  639.43
48.8174 133.803 262.788 394.047 487.116  644.43
49.1633 134.803  264.65 396.839 491.116  649.43
49.5352 135.803  266.65 399.839 494.831 654.343
49.5352 136.818 268.644 402.829 498.831 659.343
49.9043 137.818 270.644 405.829 502.548 664.256
 50.231  138.72 272.415 408.829 506.548 669.256
50.5997  139.72 274.415 411.829 510.267 674.169
50.9263 140.622 276.187 414.829 514.267 679.169
51.2947 141.622 278.187 417.829 517.986 684.081
51.6554 142.618 280.187 420.829 521.629 689.081
52.0186 143.618 282.157 423.829 525.297 694.081
52.0186 144.618 284.172 426.856 529.297 699.039
52.3431 145.521 285.945 429.856 533.297 704.039
52.3431 146.534 287.937 432.851 537.297 709.039
52.3431 147.534 289.937 435.944 541.136 714.106
52.6914 148.534 291.937 438.844 545.136 718.857
52.6914 149.534 293.951 441.872 549.136 723.816
53.0374 150.534 295.951 444.773 553.136 728.568
53.3559 151.438 297.728 447.773 557.136 733.568
53.7132 152.438 299.728 450.773 560.867 738.481
53.7132 153.486 301.728 453.871 564.721 743.481
53.7132 154.509 303.728 456.895 568.721 748.434
54.0612 155.509 305.696 459.895 572.406 753.434
54.4095 156.509 307.696 462.858 576.094 758.434
54.7575 157.509 309.664 465.858 579.778 763.434
55.0872 158.509 311.528 468.664 583.778 768.434
55.0872 159.531 313.528 471.686 587.778 773.389
55.4249 160.531  315.45 474.686 591.778  778.13
55.4249 161.577  317.45 477.781 595.637  783.13
55.7507 162.577 319.316 480.589 599.637  788.13
56.0874 163.577 321.316 483.492 603.637  792.89
56.0874   164.6 323.316 486.514 607.637 797.846
56.0874 165.624 325.328 489.514 611.637  802.81
56.4189 166.624 327.251 492.514 615.637 807.556
56.4189 167.624 329.262  495.54 619.637 812.518
56.4189 168.646 331.262 498.563 623.637 817.474
56.4189 169.646 333.313  501.65 627.498 822.474
56.7418 170.617 335.313  504.65 631.498  827.18
57.0747 171.617 337.313 507.611 635.204  832.18
57.0747 172.664 339.313 510.611  639.08 837.257
57.0747 173.664 341.369 513.611 642.951  842.33
57.4036 174.664 343.335 516.611 646.656  847.33
57.7165 175.664 345.207 519.427 650.656  852.33
57.7165 176.664 347.217 522.452 654.656 857.294
57.7165 177.713  349.28 525.452 658.544 862.294
58.0455 178.713  351.28 528.452 662.299  867.21
58.0455 179.726 353.271 531.448 666.299  872.21
58.0455 180.775 355.333 534.448 670.188  877.21
58.3576 181.747 357.333 537.448 674.188 881.926
58.3576 182.791 359.333 540.534 678.059 886.926
58.3576 183.791 361.333 543.614 681.923 891.981
58.3576 184.791 363.382 546.697 685.791 896.981
58.6776 185.791 365.382 549.697 689.552   901.9
58.6776 186.791 367.393 552.723 693.552 906.864
58.9774 187.791  369.27 555.546 697.552 911.864
59.2955 188.791  371.27 558.546 701.314 916.783
59.2955 189.791  373.28 561.571 705.314 921.748
59.5881 190.727  375.28 564.342 709.314 926.748
59.5881 191.727 377.291 567.366 713.314 931.713
59.5881 192.749 379.302 570.366 717.314  936.68
59.8711 193.665 381.104 573.366 721.314  941.68
59.8711 194.665 383.114 576.389 725.314 946.646
59.8711 195.665  385.16 579.468 729.189 951.646
59.8711  196.71 387.218 582.468 733.085 956.646
60.1791  197.71 389.218 585.468 736.856 961.567
60.1791 198.751 391.218  588.55 740.734 966.567
60.1791 199.751 393.229 591.574 744.734 971.533
60.1791 200.751 395.279 594.574 748.618   976.6
60.1791 201.796 397.337 597.574 752.515   981.6
60.1791 202.816 399.337 600.593 756.515  986.56
60.1791 203.836 401.337 603.613 760.515  991.52
60.4699 204.836 403.337  606.53 764.515 996.312
60.4699 205.836 405.347 609.554 768.515 1001.28
60.7461 206.776 407.347 612.338 772.515 1006.28
61.0272 207.776 409.232 615.171 776.515 1011.28
61.3133 208.749 411.232 618.171 780.515 1016.02
61.3133 209.788 413.232 621.248   784.4 1021.02
61.3133 210.788 415.277 624.322 788.281 1026.02
61.5967 211.763 417.277 627.322 792.281 1030.76
61.8878 212.763 419.277 630.287 796.025 1035.76
62.1743 213.763 421.277 633.205 800.025 1040.56
62.4527 214.763 423.163  636.04 804.025 1045.56
62.7382 215.763 425.098  639.04 808.025 1050.34
62.7382 216.782 427.098 642.059 812.025  1055.3
62.7382 217.793 429.091 645.055 816.025  1060.3
63.0294 218.793 431.091 648.055 819.813 1065.22
63.3053 219.793 432.978 650.891 823.813 1070.22
63.3053 220.813 434.978  653.91 827.813 1075.18
63.3053 221.813 436.978 656.979 831.698 1080.23
63.3053 222.813 438.988     660 835.698  1085.2
63.5892 223.813 440.956     663 839.445  1090.2
63.5892 224.824 442.949 665.996 843.445  1095.2
63.8557 225.766 444.949 668.788 847.445  1100.2
63.8557 226.766 446.959 671.808 851.445 1105.17
63.8557 227.807  449.01 674.808 855.353 1110.17
64.1357 228.807 450.979 677.808 859.104 1115.17
64.4141   229.8 452.979 680.808 862.833 1120.17
64.4141   230.8 454.979 683.875  866.72 1125.21
64.6772 231.743 456.979 686.669  870.72 1130.21
64.9513 232.743 458.916 689.669  874.72    1135
65.2304 233.743 460.916 692.632 878.477    1140
65.5044 234.743 462.852 695.632 882.477 1144.79
65.5044 235.754 464.845 698.628 886.477 1149.79
65.7849 236.754 466.845 701.628 890.273 1154.71
65.7849 237.754  468.89 704.628 894.172 1159.77
66.0615 238.754  470.89 707.591 897.932 1164.77
66.0615  239.79  472.89  710.66 901.827 1169.77
66.0615  240.79 474.934  713.66 905.726 1174.83
66.0615 241.808 476.944  716.66 909.726  1179.8
66.0615 242.819 478.937 719.656 913.726  1184.8
66.3131 243.744 480.761 722.656 917.726  1189.8
66.3131 244.783  482.81 725.656 921.638  1194.8
66.5637 245.708 484.635 728.656 925.638  1199.8
66.5637 246.742 486.635 731.724 929.535  1204.8
66.8295 247.742 488.635 734.646 933.535 1209.61
66.8295 248.777 490.635 737.714 937.433 1214.61
67.0978 249.777 492.604 740.714 941.196 1219.61
67.0978 250.787 494.597 743.711 945.196 1224.61
67.0978 251.787 496.636 746.776 949.092 1229.61
67.0978 252.787 498.674 749.841 952.988 1234.61
67.0978 253.806 500.683 752.841 956.988 1239.58
67.0978 254.806 502.683 755.905 960.881 1244.63
67.0978 255.844 504.731 758.905 964.796 1249.63
 67.341 256.771  506.56 761.905 968.796 1254.63
67.5988 257.771 508.499 764.905 972.796 1259.43
67.8633 258.771 510.499 767.905 976.602 1264.36
67.8633 259.771 512.537 770.969   980.5 1269.36
67.8633 260.781  514.53 773.967   984.5 1274.36
68.1217 261.774  516.53 776.967 988.249 1279.36
68.3631 262.702  518.36 779.967 992.249 1284.36
68.6229 263.702  520.33 782.967 996.019 1289.36
68.6229 264.719 522.338 785.967 1000.02 1294.33
68.6229 265.735 524.338 788.983 1004.02  1299.3
68.6229 266.769 526.338 791.983 1007.93 1304.36
68.6229 267.769 528.374 795.047 1011.83 1309.36
68.6229 268.769 530.374 798.109 1015.72  1314.4
68.8685 269.769 532.272 800.965 1019.72  1319.4
69.1102 270.716 534.272 803.777 1023.72  1324.4
69.1102 271.716 536.279 806.795 1027.72 1329.38
69.1102 272.748 538.279  809.86 1031.63 1334.38
69.3594 273.748 540.219  812.86 1035.63 1339.19
69.3594 274.782 542.219  815.86 1039.54 1344.24
69.3594 275.815 544.219  818.86 1043.45  1349.3
69.6067 276.815  546.16  821.86 1047.45 1354.11
69.6067 277.815 548.198  824.86 1051.36 1359.16
69.8442 278.763 550.198 827.674 1055.36 1364.16
70.0913 279.763 552.198 830.602 1059.36 1368.99
70.0913 280.763 554.205  833.62 1063.36 1373.96
70.3391 281.756 556.205  836.62 1067.12 1378.96
70.3391 282.771 558.205 839.636 1071.12 1383.93
70.5876 283.771 560.205 842.602  1074.9 1388.93
70.5876 284.771 562.205  845.66  1078.8 1393.97
70.8353 285.771 564.205 848.627 1082.59 1398.97
70.8353 286.771 566.211 851.646 1086.59 1403.95
70.8353 287.788 568.218 854.646 1090.59 1408.93
71.0833 288.788 570.218 857.646 1094.41 1413.86
71.3126 289.719 572.058 860.646 1098.41 1418.86
71.5553 290.719 574.058 863.574 1102.41 1423.69
71.8011 291.719 576.058 866.541 1106.19 1428.69
71.8011 292.719 578.058 869.598  1110.1 1433.73
71.8011  293.75 580.058  872.66    1114 1438.73
72.0331 294.699 582.058 875.479    1118 1443.73
72.0331 295.699 584.064 878.496    1122  1448.7
 72.271 296.676 586.064 881.496    1126 1453.49
 72.271 297.707 588.064 884.496 1129.92 1458.54
72.5104 298.707 590.064 887.426 1133.92 1463.37
72.7491 299.707 592.007 890.426 1137.92 1468.19
  72.99 300.699 594.007 893.426 1141.69 1473.19
73.2293 301.699 596.007 896.356 1145.69 1478.02
73.2293 302.731 598.007 899.356  1149.6 1483.08
73.4709 303.731 600.007 902.322 1153.39 1488.08
73.7144 304.731 602.007 905.322 1157.22 1493.01
73.9544 305.723 604.007 908.322 1160.98 1498.01
74.1944 306.715 606.007 911.322 1164.75 1503.01
74.1944 307.746 608.007 914.322 1168.67 1508.06
74.1944 308.776 610.007 917.382 1172.58 1513.06
74.4308 309.776  611.95 920.382 1176.58 1517.88
74.4308  310.79  613.95 923.396 1180.58 1522.85
 74.672  311.79  615.95 926.396  1184.4 1527.79
74.9082  312.79  617.95 929.327  1188.4 1532.62
75.1493  313.79  619.95 932.327 1192.23 1537.55
75.3884  314.79  621.95 935.294 1196.02 1542.55
75.3884 315.799 623.944 938.291 1200.02 1547.55
75.6112 316.733 625.787 941.291 1204.02 1552.55
75.8467 317.733 627.787 944.222 1208.02 1557.39
75.8467 318.762 629.787  947.28 1211.94 1562.39
76.0727 319.712 631.787 950.104 1215.94 1567.39
76.0727 320.744 633.828 953.104 1219.86 1572.39
76.0727 321.744 635.834 956.121 1223.86 1577.36
76.3008 322.744  637.74 958.987 1227.86 1582.36
76.5216 323.678 639.585 961.987 1231.86 1587.36
76.5216 324.708 641.585 964.987 1235.78 1592.42
76.7553   325.7 643.585 967.987 1239.56 1597.42
76.7553 326.715 645.591 970.987 1243.56 1602.39
76.9748 327.649 647.438 973.987 1247.56 1607.39
77.2092 328.649 649.438 976.953 1251.36 1612.39
77.2092 329.681 651.477 979.953 1255.29 1617.39
77.4351 330.681 653.383 982.821 1259.29 1622.39
77.4351 331.681 655.416 985.821  1263.2 1627.44
77.4351 332.713 657.455 988.821 1267.13 1632.44
 77.666 333.705 659.455 991.821 1270.91 1637.44
 77.666 334.705 661.488 994.821 1274.83 1642.49
77.8899 335.705 663.396 997.689 1278.83 1647.49
78.1139 336.705 665.303 1000.56 1282.83 1652.49
78.1139 337.705 667.334 1003.61 1286.74 1657.49
 78.334 338.657 669.334 1006.44 1290.74 1662.49
78.5634 339.648 671.334 1009.44 1294.52 1667.49
78.5634 340.661 673.334 1012.45 1298.52 1672.47
78.5634 341.689 675.334 1015.51 1302.44 1677.47
78.7895 342.689 677.278 1018.51 1306.44  1682.3
79.0188 343.689 679.248 1021.51 1310.24  1687.3
79.0188 344.689 681.279 1024.56 1314.16  1692.3
79.0188 345.689 683.283 1027.57 1318.16 1697.28
79.0188 346.689 685.316 1030.57 1322.08 1702.32
79.2479 347.689 687.316 1033.57 1325.91 1707.26
79.2479 348.704 689.321 1036.57 1329.91 1712.24
79.2479 349.732 691.321 1039.57 1333.83 1717.29
79.2479 350.732 693.353 1042.57 1337.75 1722.34
79.2479 351.732 695.353 1045.62 1341.67 1727.38
79.4626 352.685 697.353 1048.46 1345.67 1732.38
79.4626 353.693 699.346 1051.45 1349.67 1737.38
79.4626 354.707 701.351 1054.45 1353.67 1742.36
79.4626  355.72 703.351 1057.47 1357.67 1747.33
79.4626 356.729 705.345 1060.46 1361.67 1752.33
79.4626 357.729 707.375 1063.52 1365.59 1757.33
79.6818 358.729 709.375 1066.45 1369.59 1762.18
79.6818 359.759 711.412 1069.45 1373.52 1767.18
79.9015 360.751 713.412 1072.45 1377.31 1772.18
79.9015 361.751 715.442  1075.5 1381.23 1777.18
80.1207 362.743 717.442  1078.5 1385.01 1782.18
80.1207 363.771 719.442  1081.5 1388.94 1787.23
80.3393 364.763 721.442  1084.5 1392.73 1792.23
80.5607 365.763 723.442  1087.5 1396.57 1797.17
80.7775 366.763 725.389  1090.5 1400.57    1802
 80.996 367.755 727.389  1093.5 1404.36    1807
 80.996 368.769 729.394  1096.5 1408.36 1811.99
 80.996 369.796 731.394 1099.55 1412.28 1816.99
 80.996 370.823 733.394 1102.55  1416.2 1822.03
 80.996 371.853 735.431 1105.55 1420.13 1827.03
 80.996 372.853 737.436 1108.57 1424.13 1832.02
 80.996 373.853 739.467 1111.57 1428.06 1837.06
81.2081 374.832 741.467 1114.57 1432.06 1841.87
81.4219 375.832 743.467  1117.5 1436.06 1846.72
81.6358 376.832 745.467 1120.44 1440.06 1851.57
81.8392 377.771 747.325 1123.44 1444.06 1856.57
82.0512 378.749 749.325 1126.44 1448.06 1861.38
82.0512 379.775 751.325 1129.49 1451.98 1866.38
82.2684 380.775 753.325 1132.49 1455.82 1871.32
82.2684 381.775 755.325 1135.54 1459.74 1876.36
82.2684 382.805 757.361 1138.54 1463.67 1881.36
82.4703 383.744 759.219 1141.54 1467.67 1886.36
82.6722 384.683 761.078 1144.54 1471.67 1891.36
82.6722 385.683 763.108 1147.54  1475.6  1896.4
82.6722 386.697 765.113 1150.54  1479.6 1901.38
82.6722 387.697 767.143 1153.54 1483.52 1906.43
82.6722 388.697 769.143 1156.58 1487.44 1911.46
82.8842 389.697 771.115 1159.58 1491.26 1916.46
83.0901 390.697  773.03 1162.46 1495.26 1921.46
 83.301 391.689  775.03 1165.46 1499.05 1926.46
 83.301 392.702 777.035 1168.46 1503.05 1931.45
83.5104 393.702 779.035  1171.4 1507.05  1936.3
83.5104 394.728 781.035  1174.4 1510.98 1941.35
83.7215 395.728 783.035 1177.37  1514.8 1946.35
83.9303 396.728 785.035  1180.3  1518.8  1951.2
84.1293 397.668 786.895  1183.3  1522.8  1956.2
84.1293 398.668 788.895 1186.35 1526.72 1961.24
84.1293 399.676 790.889 1189.35 1530.72 1966.24
 84.337 400.676 792.889 1192.29 1534.72 1971.09
 84.337 401.701 794.889 1195.33 1538.65 1976.09
 84.337 402.726 796.889 1198.33 1542.58 1981.14
84.5341 403.667 798.751 1201.33 1546.58 1986.14
84.7403 404.667   800.7 1204.33 1550.58 1990.98
84.9506 405.667   802.7 1207.33 1554.42 1995.92
85.1568 406.667 804.648 1210.33 1558.42 2000.77
85.1568 407.667 806.652 1213.35 1562.42 2005.75
85.3652 408.667 808.652 1216.32 1566.25 2010.75
85.5618 409.608 810.514 1219.32 1570.25 2015.75
85.7679 410.608 812.514 1222.26 1574.25 2020.61
85.9675 411.564 814.514  1225.1 1578.25 2025.61
85.9675 412.591 816.548  1228.1 1582.19 2030.61
86.1636 413.533  818.41  1231.1 1586.19 2035.61
86.3728 414.533  820.41  1234.1 1590.04 2040.55
86.3728 415.557  822.41 1237.15 1593.96 2045.55
86.5714 416.512  824.41 1239.99 1597.96 2050.55
86.7787 417.512  826.41 1242.96 1601.79 2055.55
86.9847 418.504  828.41 1245.96 1605.59 2060.55
86.9847 419.504 830.436 1249.01 1609.52 2065.55
86.9847 420.504 832.436 1252.05 1613.44 2070.58
86.9847 421.527 834.436  1255.1 1617.37 2075.58
86.9847 422.551 836.436 1258.15  1621.3 2080.58
87.1898 423.551 838.408 1261.15 1625.12 2085.58
87.1898 424.563 840.412 1264.15 1629.12 2090.57
87.3959 425.563 842.412 1267.15 1632.97 2095.51
87.5981 426.563 844.361 1270.15 1636.97 2100.36
87.7991 427.542 846.361 1273.15 1640.97 2105.18
88.0014 428.542  848.31 1276.15 1644.97 2110.03
88.2002 429.542 850.228 1279.03 1648.97 2115.03
88.2002 430.542 852.228 1282.08  1652.9 2120.06
88.3987 431.542 854.145 1284.96  1656.9 2125.06
88.3987 432.542  856.17 1288.01 1660.82 2130.06
88.3987 433.554 858.173 1291.01 1664.82 2135.04
88.6008 434.546 860.173 1294.01 1668.63 2140.04
88.6008  435.57 862.173 1297.01 1672.56 2145.09
88.6008 436.594 864.173 1300.01 1676.49 2150.13
 88.795 437.551 866.173 1302.86 1680.49 2155.13
 88.795 438.551   868.2 1305.86 1684.43 2160.17
 88.795 439.574   870.2  1308.9 1688.36 2165.17
 88.795 440.585   872.2 1311.91 1692.36 2170.15
88.9879 441.542   874.2 1314.76 1696.36 2175.15
88.9879 442.553   876.2 1317.77 1700.36 2180.13
89.1872 443.544   878.2 1320.77 1704.17 2185.13
89.3852 444.544  880.15 1323.77 1708.17 2189.98
89.5846 445.535  882.15 1326.77 1711.98 2194.98
89.7826 446.535   884.1 1329.77 1715.98 2199.83
89.9751 447.493   886.1 1332.62 1719.98 2204.83
89.9751 448.493   888.1 1335.67  1723.9 2209.87
90.1671  449.45   890.1 1338.52  1727.9 2214.87
90.3615  450.45 892.019  1341.4  1731.9 2219.87
90.5507 451.393 893.887  1344.4  1735.9 2224.87
90.5507 452.393  895.89 1347.41  1739.9 2229.85
90.7502 453.393  897.89 1350.38 1743.73 2234.85
90.9485 454.384  899.89 1353.38 1747.54 2239.85
90.9485 455.394  901.89 1356.39 1751.54 2244.83
91.1473 456.394 903.861 1359.39 1755.37 2249.83
91.1473 457.406 905.864 1362.39 1759.37 2254.82
91.1473 458.428 907.864 1365.39 1763.31 2259.86
91.3431 459.428 909.815 1368.39 1767.31 2264.71
91.5307 460.372 911.683 1371.39 1771.31 2269.71
91.5307 461.382 913.683  1374.4 1775.31 2274.69
91.5307 462.382 915.686 1377.41 1779.31 2279.68
91.7245 463.361 917.686 1380.41 1783.31 2284.51
91.9207 464.352 919.686 1383.41 1787.12 2289.51
91.9207 465.359  921.68 1386.41 1791.12 2294.51
92.1071 466.303 923.549 1389.41 1795.12 2299.51
92.2986 467.303 925.469  1392.3 1799.12 2304.51
92.4901 468.303 927.389 1395.19 1803.12 2309.51
92.6846 469.303 929.339 1398.19 1807.12 2314.36
92.6846 470.328 931.368 1401.19 1811.07 2319.36
92.6846 471.328 933.391 1404.23    1815 2324.36
92.8805 472.328 935.391  1407.2 1818.84 2329.36
 93.073 473.307 937.391  1410.2 1822.84 2334.19
 93.073 474.313 939.385  1413.2 1826.84 2339.19
 93.073 475.313 941.408 1416.24 1830.77 2344.19
93.2692 476.313 943.408 1419.24 1834.63 2349.13
93.2692 477.313 945.432 1422.24 1838.57 2354.17
93.2692 478.313 947.455 1425.29  1842.5 2359.17
93.4617 479.313 949.455 1428.23  1846.5 2364.04
93.6508 480.313 951.376 1431.12  1850.5 2369.04
 93.845 481.313 953.376 1434.09 1854.34 2374.04
94.0404 482.313 955.376 1437.09  1858.2 2378.98
94.0404 483.338 957.405 1440.09 1862.15 2383.98
94.2341 484.338 959.377 1443.09 1865.98 2388.98
94.4228 485.338 961.298 1445.98 1869.98 2393.98
94.6066 486.283 963.169 1448.98 1873.98 2398.98
94.7986 487.283 965.169 1451.92 1877.98 2403.85
94.7986 488.304 967.169 1454.96 1881.92 2408.85
94.7986 489.328 969.198 1457.96 1885.86 2413.85
94.7986 490.338 971.198 1460.97 1889.86 2418.83
94.9912 491.338 973.198 1463.93  1893.7 2423.83
94.9912 492.348 975.198 1466.94  1897.7 2428.82
95.1812 493.348 977.149 1469.94  1901.7 2433.67
95.1812 494.348 979.172 1472.94 1905.64 2438.71
95.3632 495.293 981.045 1475.94 1909.64 2443.71
95.5548 496.293 983.016 1478.94 1913.48 2448.71
95.7448 497.293 985.016 1481.88 1917.48 2453.58
95.7448   498.3  987.01 1484.88 1921.48 2458.58
95.7448 499.323 989.038 1487.88 1925.43 2463.58
95.7448  500.33 991.032 1490.88 1929.43 2468.58
95.7448  501.33 993.032 1493.92 1933.36 2473.61
95.9349  502.33 995.003 1496.92  1937.2 2478.61
95.9349  503.33 997.003 1499.96 1941.13 2483.64
95.9349 504.351 999.003    1503 1945.07 2488.64
95.9349 505.372    1001 1506.04    1949 2493.64
96.1145 506.318 1002.88 1509.04    1953 2498.64
96.3005 507.298 1004.88 1512.04    1957 2503.48
96.4848 508.298  1006.8 1514.94    1961 2508.48
96.4848 509.308  1008.8 1517.94    1965 2513.47
96.6718 510.308  1010.8 1520.88    1969 2518.34
96.8574 511.288  1012.8 1523.88    1973 2523.17
97.0429 512.268  1014.8 1526.88    1977 2528.01
97.0429 513.288  1016.8 1529.92 1980.94 2533.01
97.2243 514.247  1018.8 1532.78 1984.94 2538.01
97.4095 515.227  1020.8 1535.78 1988.94 2542.84
97.5947 516.207  1022.8 1538.78 1992.94 2547.68
 97.781 517.207 1024.75 1541.78 1996.94 2552.54
 97.781 518.213 1026.75 1544.78 2000.94 2557.54
 97.781 519.213 1028.77 1547.78 2004.88 2562.58
97.9592  520.16 1030.65 1550.78 2008.88 2567.58
97.9592  521.16 1032.65 1553.82 2012.82  2572.6
98.1447  522.16 1034.65 1556.76 2016.82 2577.48
98.1447  523.16 1036.65  1559.8 2020.75  2582.5
98.3247 524.119 1038.65 1562.66 2024.75  2587.5
98.5047 525.078 1040.65 1565.52 2028.75  2592.5
98.6926 526.078 1042.65 1568.52 2032.62 2597.45
98.8747 527.078 1044.57 1571.41 2036.62 2602.45
98.8747 528.101  1046.6 1574.41 2040.57 2607.45
98.8747 529.107 1048.59 1577.41 2044.57 2612.45
98.8747  530.13 1050.62 1580.41 2048.52 2617.45
98.8747  531.15 1052.62 1583.41 2052.46 2622.48
99.0581  532.15 1054.57 1586.41 2056.46 2627.35
99.2418  533.15 1056.57 1589.35 2060.46 2632.22
99.4252  534.15 1058.52 1592.35 2064.46 2637.09
99.4252 535.159 1060.52 1595.36 2068.46 2642.07
99.6086 536.159 1062.52 1598.31 2072.46 2646.94
99.7869 537.119 1064.52 1601.17 2076.46 2651.94
99.7869 538.119 1066.52 1604.18 2080.46 2656.93
99.7869 539.119 1068.52 1607.21  2084.4 2661.96
99.9693 540.119 1070.48 1610.21  2088.4 2666.82
100.152 541.119 1072.43 1613.21  2092.4 2671.69
100.152 542.128 1074.43 1616.22  2096.4 2676.67
100.152 543.128 1076.45 1619.26 2100.34 2681.67
100.336 544.128 1078.45 1622.26 2104.21 2686.61
100.519 545.118 1080.45 1625.26 2108.04 2691.61
  100.7 546.098 1082.45 1628.26 2112.04 2696.45
100.884 547.098 1084.45 1631.26 2115.91  2701.4
101.068 548.098 1086.45 1634.23 2119.76  2706.4
101.245 549.058 1088.45 1637.09 2123.76  2711.4
101.419 550.005 1090.33 1640.09 2127.76  2716.4
101.602 550.995 1092.33 1643.09 2131.59  2721.4
101.784 551.995 1094.33 1646.03 2135.59 2726.27
101.784 552.995 1096.33 1649.05 2139.59 2731.26
101.784 554.017 1098.35 1652.05 2143.54 2736.26
101.967 555.017 1100.32 1655.05 2147.39 2741.26
101.967 556.038 1102.35 1658.05 2151.34 2746.26
102.148 557.028 1104.35 1661.05 2155.17 2751.26
102.148 558.028 1106.35 1664.06 2159.17 2756.24
102.331 559.028 1108.35 1667.06 2163.04 2761.19
102.331 560.028 1110.37 1670.09 2166.99 2766.19
102.513 561.028 1112.37 1673.06 2170.84 2771.19
102.694 562.018 1114.37 1676.06 2174.67 2776.19
102.694 563.039  1116.4 1679.06 2178.62 2781.19
102.694 564.039 1118.42 1682.06 2182.56 2786.22
102.694 565.039 1120.42  1685.1  2186.5 2791.25
102.694 566.039 1122.44  1688.1 2190.45 2796.29
 102.87 567.039 1124.37 1690.99 2194.45 2801.29
 102.87 568.061 1126.39 1693.99  2198.4 2806.29
 102.87 569.067 1128.39 1696.99  2202.4 2811.29
 102.87 570.072 1130.38 1699.99  2206.4 2816.29
 103.05 571.072 1132.38 1702.96 2210.25 2821.29
 103.05 572.092 1134.38 1705.96  2214.2 2826.32
 103.05 573.098 1136.37 1708.96  2218.2 2831.32
103.226 574.078 1138.37 1711.96  2222.2 2836.16
103.406 575.078 1140.37 1714.96 2226.07 2841.11
103.584 576.068 1142.37 1717.96  2229.9 2846.11
103.755 577.016 1144.26 1720.96  2233.9 2851.11
103.755 578.016 1146.26    1724 2237.84 2856.14
103.925 578.965 1148.14    1727 2241.84 2861.14
103.925 579.986 1150.16    1730  2245.8 2866.14
103.925 581.005 1152.16 1733.03 2249.74 2871.14
103.925 582.005 1154.16 1736.07 2253.68 2876.16
104.103 583.005 1156.16 1739.04 2257.53 2881.16
104.279 584.005 1158.12 1742.04 2261.53 2886.03
104.279 585.026 1160.14 1745.04 2265.49 2891.03
104.279 586.026 1162.16 1748.07 2269.43 2896.03
104.455 587.026 1164.13 1751.07 2273.28 2901.03
104.632 588.026  1166.1 1754.07 2277.13 2906.03
104.632 589.035 1168.11 1757.07 2281.13 2911.02
 104.81 590.035 1170.11 1760.07 2285.01 2915.97
 104.81 591.044 1172.11 1763.08 2289.01 2920.95
104.987 592.044 1174.08 1766.08 2292.86 2925.95
105.163 593.044 1176.05 1769.08 2296.71 2930.95
105.337 594.024 1178.05 1772.08 2300.71  2935.8
105.512 595.024    1180 1775.08 2304.71 2940.67
105.512 596.045 1182.03 1778.08 2308.66 2945.67
105.512 597.063 1184.03 1781.12 2312.61 2950.67
105.512 598.063 1186.05 1784.16 2316.55 2955.67
105.512 599.063 1188.07 1787.19  2320.5 2960.67
105.688 600.063 1190.07 1790.19 2324.37 2965.62
105.863 601.063 1192.04 1793.19 2328.22 2970.62
106.039 602.063 1194.04 1796.19  2332.1 2975.56
106.212 603.044 1196.04 1799.19  2336.1 2980.41
106.385 604.024 1198.04 1802.19  2340.1 2985.26
106.385  605.03 1200.03 1805.19  2344.1 2990.26
106.385 606.038 1202.03  1808.2  2348.1 2995.24
 106.56 607.038 1204.03  1811.2 2351.98 3000.18
 106.56 608.044 1206.03  1814.2 2355.98 3005.18
 106.56 609.044 1208.05  1817.2 2359.93 3010.22
106.735 610.044 1210.05 1820.17 2363.78 3015.22
106.901 610.994 1211.93 1823.17 2367.78 3020.22
106.901 611.999 1213.93 1826.17 2371.78 3025.22
106.901 613.017 1215.93 1829.21 2375.73 3030.22
106.901 614.017 1217.93 1832.24 2379.67 3035.24
106.901 615.025 1219.93 1835.25 2383.67 3040.23
107.072 616.025 1221.88 1838.25 2387.67  3045.1
107.246 617.025 1223.88 1841.25 2391.55 3050.05
107.246 618.025 1225.88 1844.29 2395.49 3055.07
107.246 619.034 1227.88 1847.29 2399.49 3060.06
107.418 620.034 1229.88 1850.26 2403.34 3065.06
107.591 621.034 1231.88 1853.23  2407.2 3070.06
107.591 622.055 1233.91 1856.23 2411.16 3075.06
107.759 623.055 1235.84 1859.13 2415.16 3080.06
107.759 624.055 1237.86 1862.13  2419.1  3085.1
107.932 625.055 1239.86 1865.13 2422.98 3090.04
108.096 626.005 1241.74 1868.13 2426.98 3095.04
108.096 627.005 1243.74 1871.14 2430.98 3100.03
108.268 628.005 1245.74 1874.11 2434.84 3105.03
108.438 629.005 1247.74 1877.06 2438.84 3109.91
108.602 629.956 1249.63 1880.06 2442.84 3114.91
108.771 630.937 1251.63 1883.06 2446.84 3119.76
108.771 631.946 1253.63 1886.06 2450.84 3124.75
108.942 632.946 1255.63 1889.02  2454.7 3129.75
108.942 633.954 1257.63 1892.03  2458.7 3134.74
109.109 634.954 1259.56 1894.94  2462.7 3139.74
109.279 635.954 1261.56 1897.88  2466.7 3144.62
109.449 636.954 1263.56 1900.83  2470.7  3149.5
109.617 637.935 1265.56 1903.83  2474.7 3154.35
109.617 638.935 1267.58 1906.87 2478.65 3159.35
109.617 639.952 1269.58  1909.9 2482.59 3164.35
109.617 640.969 1271.58 1912.94 2486.54 3169.35
109.617 641.987 1273.58 1915.97 2490.49 3174.35
109.788 642.987 1275.58 1918.97 2494.37  3179.3
109.952 643.949 1277.58 1921.85 2498.37  3184.3
109.952 644.958 1279.58 1924.85 2502.37 3189.29
 110.12 645.939 1281.58 1927.85 2506.37 3194.14
 110.12 646.945 1283.58 1930.85 2510.37 3199.14
110.285 647.945 1285.51 1933.75 2514.37 3204.14
110.453 648.945 1287.46 1936.75 2518.37 3209.02
110.617 649.907 1289.46 1939.63 2522.37 3214.02
110.617 650.907 1291.48 1942.63 2526.32 3219.05
110.782 651.907 1293.41 1945.53 2530.32 3224.05
110.951 652.907 1295.41  1948.5 2534.18 3229.05
110.951 653.927 1297.43  1951.5 2538.14 3234.05
111.115  654.89 1299.43 1954.37 2542.14 3239.05
111.115  655.89 1301.45 1957.41 2546.08 3244.05
111.283  656.89 1303.45 1960.38 2549.95 3249.05
111.283 657.907 1305.45 1963.38  2553.9 3254.08
111.283 658.927 1307.48 1966.38 2557.85 3259.08
111.444 659.878 1309.36 1969.38 2561.85 3264.08
 111.61 660.859 1311.36 1972.38 2565.85 3268.94
111.777 661.859 1313.36 1975.32 2569.85 3273.82
111.937 662.811 1315.25 1978.32 2573.85 3278.82
112.103 663.792 1317.25 1981.32 2577.85 3283.68
 112.27 664.792 1319.25 1984.27 2581.85 3288.56
 112.27 665.809 1321.25 1987.31  2585.8 3293.56
112.437 666.809 1323.22 1990.31 2589.66 3298.56
  112.6 667.772 1325.22 1993.18 2593.66 3303.56
  112.6 668.788 1327.22 1996.22 2597.61 3308.56
112.762 669.751 1329.22 1999.09 2601.61 3313.56
112.928 670.751 1331.18 2002.09 2605.61 3318.44
112.928 671.751 1333.18 2005.12 2609.56 3323.46
113.094 672.751 1335.14 2008.12 2613.56 3328.34
113.094 673.768 1337.14 2011.16 2617.51 3333.34
 113.26 674.768 1339.14 2014.12 2621.37 3338.34
 113.26 675.768 1341.14 2017.16 2625.31 3343.36
113.426 676.768 1343.14  2020.1 2629.31 3348.25
113.426 677.785 1345.14 2023.14 2633.26 3353.25
113.591 678.785 1347.14 2026.09 2637.26 3358.14
113.591 679.793 1349.14 2029.09 2641.26 3363.13
113.758 680.793 1351.14 2032.06 2645.13 3368.13
113.758 681.802 1353.14 2035.06 2649.13 3373.12
113.922 682.802  1355.1 2038.06 2653.13 3377.99
113.922 683.807 1357.09 2041.06 2657.13 3382.99
114.081 684.759 1358.98 2044.06 2661.13 3387.99
114.081 685.759    1361 2047.06 2665.08 3393.03
114.244  686.74    1363 2050.06 2669.08 3397.88
114.407 687.721    1365 2053.06 2673.08 3402.74
114.407 688.721 1367.02 2056.06 2677.03 3407.77
114.407 689.721 1369.02 2059.09 2680.98 3412.79
114.565 690.674 1370.91 2062.09 2684.98 3417.79
114.723 691.626  1372.8 2065.09 2688.98 3422.79
114.884 692.626 1374.73 2067.99 2692.98 3427.79
115.048 693.626 1376.69 2070.99 2696.98 3432.67
115.206 694.578 1378.58 2073.99 2700.98 3437.67
115.206 695.578 1380.58 2077.02 2704.92 3442.69
115.371 696.578 1382.55 2080.02 2708.79 3447.69
115.371 697.583 1384.54 2083.02 2712.79 3452.69
115.371 698.583 1386.54 2086.05 2716.73 3457.72
115.371 699.588 1388.54 2089.05 2720.73 3462.72
115.371 700.588 1390.54 2092.06 2724.73  3467.7
115.533 701.577 1392.54 2095.06 2728.58  3472.7
115.533 702.577 1394.54  2098.1 2732.53 3477.73
115.533 703.577 1396.54 2101.13 2736.48 3482.75
 115.69  704.53 1398.43 2104.13 2740.48 3487.75
 115.69 705.548 1400.45 2107.13 2744.44 3492.75
115.851 706.529 1402.45 2110.13 2748.44 3497.61
115.851 707.529 1404.47 2113.13 2752.39 3502.64
116.011 708.511 1406.47 2116.13 2756.39  3507.5
116.011 709.511 1408.47 2119.16 2760.34 3512.52
116.011 710.511 1410.48 2122.16 2764.29 3517.55
116.011 711.511  1412.5 2125.16 2768.24 3522.58
116.011 712.511 1414.52 2128.19 2772.19 3527.58
116.011 713.511 1416.52  2131.2 2776.19 3532.57
116.166 714.464 1418.41  2134.2 2780.19 3537.57
116.166 715.481 1420.43  2137.2 2784.15 3542.57
116.327 716.481 1422.43 2140.15 2788.15 3547.46
116.327 717.481 1424.45 2143.18 2792.11 3552.46
116.327 718.488 1426.45 2146.19 2796.11 3557.44
116.487 719.478 1428.45 2149.19 2799.96 3562.44
116.647 720.478  1430.4 2152.19 2803.96 3567.33
116.647 721.493  1432.4 2155.22 2807.91 3572.33
116.647 722.501  1434.4 2158.22 2811.91 3577.32
116.806 723.491  1436.4 2161.22 2815.76 3582.32
116.967 724.491  1438.4 2164.19 2819.63 3587.32
117.127 725.491  1440.4 2167.16  2823.5 3592.32
117.127 726.491 1442.41 2170.17  2827.5 3597.31
117.127 727.506 1444.41 2173.21 2831.45 3602.31
117.286 728.506 1446.36 2176.21 2835.45 3607.19
117.286 729.513 1448.36 2179.21 2839.45 3612.18
117.286 730.529 1450.36 2182.21  2843.4 3617.21
117.286 731.529 1452.38 2185.21 2847.36 3622.24
117.446 732.529 1454.38 2188.18 2851.23 3627.24
117.602 733.529 1456.31 2191.09 2855.23 3632.24
117.602 734.533 1458.31 2194.09 2859.23 3637.24
117.758 735.533 1460.24    2197 2863.23 3642.24
117.918 736.533 1462.24    2200 2867.12 3647.18
117.918 737.533 1464.26    2203 2871.07 3652.21
117.918 738.549 1466.26    2206 2875.03 3657.24
117.918 739.556 1468.26 2209.01 2879.03 3662.23
117.918 740.556 1470.28 2212.01 2882.98 3667.26
 118.07  741.51 1472.17 2215.01 2886.98 3672.26
 118.07 742.526 1474.17 2218.01 2890.93 3677.29
 118.07 743.533 1476.17 2221.01 2894.93 3682.28
 118.07 744.533 1478.19 2224.01 2898.89 3687.31
118.226 745.533 1480.19 2226.96 2902.89  3692.2
118.226 746.533  1482.2 2229.99 2906.84  3697.2
118.381 747.533 1484.14 2232.91 2910.84  3702.2
118.381 748.533 1486.15 2235.94 2914.79  3707.2
118.381 749.533 1488.15 2238.95 2918.79 3712.19
118.533 750.498 1490.15 2241.83 2922.79 3717.19
118.684 751.453 1492.05 2244.83 2926.79 3722.19
 118.84 752.453 1494.05 2247.78 2930.79 3727.09
118.995 753.435 1496.05 2250.78 2934.79 3731.95
118.995 754.449 1498.05 2253.81 2938.75 3736.95
119.145 755.404 1499.94 2256.81 2942.75 3741.95
119.145 756.421 1501.96 2259.81 2946.71 3746.95
119.299 757.421  1503.9 2262.72 2950.71 3751.95
119.299 758.438 1505.92 2265.72 2954.67 3756.95
119.299 759.445 1507.92 2268.73 2958.67 3761.94
119.456 760.445 1509.92 2271.73 2962.57 3766.89
119.611 761.445 1511.92 2274.68 2966.57 3771.78
119.768 762.445 1513.92 2277.68 2970.46 3776.73
119.768 763.462 1515.94 2280.68 2974.42 3781.73
119.924 764.462 1517.94 2283.65  2978.3 3786.73
119.924 765.477 1519.94 2286.68 2982.25 3791.73
120.079 766.477  1521.9 2289.68 2986.25 3796.62
 120.23 767.442  1523.9 2292.57 2990.25 3801.62
 120.23 768.442 1525.91 2295.57  2994.2 3806.64
120.385 769.442 1527.91 2298.54 2998.08 3811.64
120.541 770.442 1529.91 2301.51 3001.95 3816.64
120.692 771.408 1531.91 2304.39 3005.95 3821.64
120.692 772.408 1533.93 2307.39 3009.91 3826.67
120.692 773.408 1535.93  2310.4 3013.91 3831.66
120.692 774.408 1537.94  2313.4 3017.86 3836.69
120.842 775.373 1539.94 2316.28 3021.86 3841.69
120.842 776.388 1541.94 2319.32 3025.82 3846.69
120.994 777.388 1543.88 2322.23 3029.82 3851.69
121.148 778.377 1545.88 2325.23 3033.67 3856.69
121.301 779.359 1547.88 2328.23 3037.67 3861.56
 121.45 780.314 1549.78 2331.23 3041.67 3866.56
 121.45 781.314 1551.79 2334.26 3045.63 3871.56
 121.45  782.32 1553.79 2337.27 3049.63 3876.54
121.604  783.32 1555.79 2340.24  3053.5 3881.54
121.604 784.327 1557.79 2343.24  3057.5 3886.53
121.604 785.331 1559.79 2346.24  3061.5 3891.53
121.753 786.297 1561.79 2349.13  3065.5 3896.53
121.753 787.297  1563.8 2352.16 3069.46 3901.53
121.753 788.297 1565.82 2355.19 3073.41 3906.53
121.906 789.297 1567.78 2358.19 3077.41 3911.42
122.056 790.297 1569.71  2361.1 3081.41 3916.42
122.204 791.252 1571.61  2364.1 3085.41 3921.42
122.357 792.252 1573.58  2367.1 3089.29 3926.42
122.511 793.252 1575.58 2370.07 3093.16 3931.42
122.511 794.269  1577.6 2373.07 3097.13 3936.42
122.511 795.269 1579.62  2376.1 3101.08 3941.42
122.511 796.275 1581.62 2379.11 3105.08 3946.41
122.665 797.275 1583.62 2382.11 3108.98 3951.36
122.665 798.275 1585.62 2385.14 3112.93 3956.38
122.665 799.289 1587.62 2388.17 3116.88 3961.38
122.813 800.255 1589.62 2391.05 3120.88 3966.38
122.963 801.237 1591.62 2394.05 3124.88 3971.25
122.963 802.237 1593.63 2397.05 3128.84 3976.27
123.113 803.237 1595.57 2399.97 3132.84 3981.27
123.265 804.226 1597.57 2402.97  3136.7 3986.27
123.265 805.226 1599.58 2405.97 3140.66  3991.3
123.416 806.216 1601.58 2408.97 3144.52  3996.3
123.416 807.222 1603.58 2411.97 3148.52 4001.29
123.568 808.222 1605.58 2414.94 3152.39 4006.29
123.719 809.211 1607.58 2417.94 3156.25 4011.29
123.868 810.211 1609.52 2420.86 3160.25 4016.29
123.868 811.226 1611.52 2423.86 3164.21 4021.32
123.868  812.24 1613.52 2426.89 3168.17 4026.32
123.868 813.254 1615.52 2429.92 3172.12 4031.32
124.017 814.254 1617.46 2432.83 3176.12 4036.32
124.017 815.254 1619.46 2435.84 3180.12 4041.31
124.017 816.269 1621.46 2438.84 3184.08 4046.34
124.167 817.269 1623.42 2441.84 3188.08 4051.23
124.167 818.276 1625.42 2444.84 3192.08 4056.22
124.167 819.292 1627.44 2447.84 3196.04 4061.22
124.167 820.296 1629.43 2450.84 3200.04 4066.22
124.167 821.296 1631.43 2453.87 3203.99 4071.24
124.314 822.296 1633.37 2456.78 3207.99 4076.24
124.314 823.301 1635.36 2459.78 3211.99 4081.24
124.462 824.301  1637.3  2462.7 3215.99 4086.24
124.462 825.308  1639.3  2465.7 3219.99 4091.24
124.612 826.308  1641.3 2468.67 3223.87 4096.24
124.762 827.308  1643.3 2471.64 3227.75 4101.24
 124.91  828.29  1645.3 2474.64 3231.75 4106.11
125.058 829.272  1647.3 2477.64 3235.75 4110.97
125.208 830.272  1649.3 2480.61 3239.63 4115.97
125.358 831.272  1651.3 2483.58 3243.51 4120.97
125.358 832.289 1653.32 2486.58 3247.48 4125.97
125.358 833.296 1655.32 2489.58 3251.48 4130.97
125.358 834.296 1657.34 2492.61 3255.43 4135.97
125.501 835.252 1659.24 2495.61 3259.43 4140.97
125.651 836.252 1661.24 2498.58 3263.31 4145.97
  125.8 837.252 1663.21 2501.58 3267.19 4150.97
  125.8 838.266 1665.21 2504.58 3271.15    4156
  125.8 839.266 1667.21 2507.59 3275.15 4160.99
125.946 840.266 1669.15  2510.5 3279.15 4165.99
125.946 841.266 1671.15 2513.51 3283.15 4170.98
125.946  842.28 1673.15 2516.54 3287.11 4175.98
125.946 843.296 1675.17 2519.54 3291.07 4180.98
125.946 844.302 1677.17 2522.55 3295.07 4185.97
125.946 845.317 1679.17 2525.55 3299.03 4190.99
126.093 846.317 1681.13 2528.55 3303.03 4195.89
126.242 847.317 1683.13 2531.55 3306.93 4200.84
126.242 848.331 1685.13 2534.55 3310.89 4205.87
126.242 849.338 1687.13 2537.55 3314.89 4210.86
126.242 850.338 1689.13 2540.57 3318.84 4215.88
126.386 851.305 1691.13 2543.46 3322.84 4220.88
126.533 852.295 1693.13 2546.46  3326.7 4225.88
126.533 853.295 1695.14 2549.46 3330.66 4230.91
 126.68 854.295 1697.14 2552.43 3334.54 4235.91
126.824 855.262 1699.14 2555.32 3338.54 4240.91
126.824 856.276 1701.14 2558.32  3342.5 4245.94
126.972 857.276 1703.14 2561.32  3346.4 4250.89
127.119 858.276 1705.14 2564.29 3350.28 4255.89
127.265 859.276  1707.1 2567.29 3354.28 4260.78
127.265 860.289  1709.1 2570.32 3358.24 4265.78
127.411 861.289  1711.1 2573.28 3362.24 4270.68
127.411 862.294  1713.1 2576.28 3366.24 4275.68
127.411 863.294  1715.1  2579.3 3370.19 4280.71
127.411 864.294  1717.1 2582.33 3374.14 4285.73
127.556 865.276  1719.1 2585.33 3378.14  4290.6
127.556 866.282  1721.1 2588.33 3382.14 4295.59
127.556 867.282  1723.1 2591.34 3386.14 4300.58
127.703 868.282  1725.1 2594.34 3390.04 4305.53
127.703 869.296  1727.1 2597.34    3394 4310.56
127.848 870.296  1729.1 2600.29    3398 4315.46
127.993 871.296 1731.06 2603.29    3402 4320.36
127.993 872.296 1733.07 2606.32 3405.96 4325.36
127.993  873.31 1735.07 2609.35 3409.92 4330.36
128.135 874.277 1737.07 2612.24 3413.92 4335.36
128.281 875.277 1739.07 2615.24 3417.82 4340.31
128.281 876.284 1741.07 2618.24 3421.82  4345.3
128.426 877.284 1743.03 2621.24 3425.82  4350.2
128.566 878.242 1744.94 2624.24 3429.82  4355.2
128.566 879.255 1746.94 2627.24 3433.78 4360.22
128.711 880.255 1748.91 2630.24 3437.66 4365.22
128.857 881.255 1750.91 2633.24 3441.56 4370.18
128.857 882.262 1752.91 2636.24 3445.56 4375.17
129.001 883.245 1754.91 2639.24 3449.56 4380.04
129.145 884.235 1756.91 2642.24 3453.42 4385.04
129.145 885.248 1758.91 2645.27 3457.38 4390.04
129.145 886.254 1760.91 2648.28 3461.38 4395.03
129.145 887.258 1762.91 2651.28 3465.38 4400.03
129.145 888.272 1764.91  2654.3 3469.34 4405.03
129.145 889.276  1766.9 2657.31 3473.34 4410.03
129.289 890.266  1768.9 2660.31 3477.21 4415.03
129.432 891.249  1770.9 2663.31 3481.21 4419.91
129.575 892.249  1772.9 2666.26 3485.21 4424.81
129.575 893.264 1774.92 2669.26 3489.17 4429.81
129.716 894.232 1776.92 2672.15 3493.17 4434.81
129.716 895.247 1778.94 2675.15 3497.14 4439.81
129.861 896.247 1780.94 2678.15 3501.04 4444.76
129.861 897.247 1782.94 2681.18    3505 4449.78
130.002 898.247 1784.88 2684.09    3509 4454.78
130.002 899.247 1786.89 2687.12 3512.95 4459.78
130.002 900.247 1788.89 2690.15 3516.91  4464.8
130.002 901.247  1790.9 2693.18 3520.87  4469.8
130.145 902.247  1792.9 2696.13 3524.87 4474.71
130.145 903.252  1794.9 2699.13 3528.87 4479.71
130.283  904.21  1796.8 2702.13 3532.87 4484.71
130.283  905.21 1798.82 2705.16 3536.83 4489.71
130.426  906.21 1800.79 2708.16 3540.71 4494.71
130.426 907.225 1802.81 2711.16 3544.68 4499.71
130.426 908.231 1804.81 2714.16 3548.68 4504.69
130.566 909.231 1806.75 2717.08 3552.68 4509.69
130.566 910.237 1808.75 2720.09 3556.68 4514.68
130.566 911.237 1810.75 2723.11 3560.63  4519.7
130.566 912.252 1812.77 2726.11  3564.6  4524.7
130.566 913.256 1814.76 2729.11  3568.6  4529.7
130.708 914.256 1816.76 2732.09 3572.48  4534.7
130.845 915.214 1818.67 2735.09 3576.48  4539.7
130.985 916.214 1820.61    2738 3580.48  4544.7
131.123 917.183 1822.61  2740.9 3584.48  4549.7
131.123 918.196 1824.61  2743.9 3588.44 4554.73
131.264 919.196 1826.57  2746.9 3592.44 4559.63
131.406 920.196 1828.55  2749.9 3596.33 4564.63
131.549 921.196 1830.55  2752.9 3600.23 4569.58
131.549 922.196 1832.55 2755.91 3604.23 4574.57
 131.69 923.196 1834.55 2758.88 3608.12 4579.57
 131.69 924.196 1836.55  2761.9 3612.07 4584.59
 131.69 925.196 1838.56 2764.93 3616.03 4589.59
 131.69 926.202 1840.56 2767.93 3620.03 4594.58
 131.69 927.208 1842.56 2770.93 3624.03 4599.58
 131.69 928.215 1844.56 2773.93 3628.03 4604.57
 131.69 929.215 1846.56 2776.94 3632.03 4609.56
 131.69 930.215 1848.57 2779.97 3635.99 4614.56
131.832 931.215 1850.57 2782.97  3639.9 4619.52
131.973 932.215 1852.57 2785.97  3643.8 4624.47
132.112 933.215 1854.51 2788.89  3647.8 4629.47
132.112 934.215 1856.51 2791.91 3651.76 4634.49
132.112 935.228 1858.51 2794.91 3655.72 4639.52
132.112 936.233 1860.51 2797.92 3659.72 4644.51
132.252 937.233 1862.49 2800.92  3663.6 4649.51
132.252 938.238 1864.48 2803.92  3667.6 4654.51
132.393 939.238 1866.48 2806.92 3671.51 4659.46
132.393 940.242 1868.48 2809.92 3675.51 4664.46
132.532 941.242 1870.48 2812.88 3679.51 4669.37
132.672 942.242 1872.48 2815.88 3683.41 4674.32
132.809  943.21 1874.48 2818.77 3687.41 4679.32
132.945 944.179 1876.48 2821.67 3691.41 4684.32
132.945 945.185 1878.48 2824.67 3695.41 4689.31
133.084 946.168 1880.48 2827.67 3699.41 4694.19
133.222 947.168 1882.44 2830.67 3703.41 4699.09
133.362 948.168 1884.44 2833.63 3707.41 4703.99
  133.5 949.168  1886.4 2836.63 3711.41 4708.89
133.635 950.127 1888.31 2839.63 3715.41 4713.89
133.775 951.117 1890.31 2842.63 3719.28 4718.89
133.914 952.117 1892.31  2845.6 3723.17 4723.89
133.914 953.123 1894.31  2848.6 3727.17 4728.89
134.053 954.123 1896.27  2851.6 3731.17 4733.78
134.192 955.113 1898.27  2854.6 3735.04 4738.78
134.331 956.103 1900.27  2857.6 3738.91 4743.78
 134.47 957.103 1902.27 2860.55 3742.91 4748.69
134.609 958.103 1904.23 2863.55 3746.91 4753.59
134.749 959.103 1906.23 2866.55 3750.82 4758.54
134.888 960.103  1908.2 2869.55 3754.82 4763.44
135.025 961.103 1910.14 2872.47 3758.82 4768.44
135.161 962.072 1912.14 2875.37 3762.82 4773.44
135.302 963.072 1914.14 2878.37 3766.72  4778.4
135.439 964.072 1916.08 2881.29 3770.72  4783.4
135.578 965.062 1918.08 2884.29 3774.59  4788.4
135.578 966.062 1920.08  2887.3 3778.59 4793.39
135.716 967.062 1922.04  2890.3 3782.59 4798.29
135.856 968.062 1924.02  2893.3 3786.48 4803.29
135.856 969.065 1926.01  2896.3 3790.48 4808.29
135.856 970.069 1928.01  2899.3 3794.48 4813.29
135.856 971.082 1930.01 2902.32 3798.44 4818.29
135.994 972.082 1931.97 2905.32 3802.44 4823.19
135.994 973.082 1933.98 2908.35  3806.4 4828.19
135.994 974.082 1935.98 2911.37 3810.36 4833.21
135.994 975.095 1937.98  2914.4 3814.32 4838.21
135.994 976.095    1940  2917.4 3818.28 4843.23
136.132 977.085    1942  2920.4 3822.15 4848.23
136.132 978.085 1944.01  2923.4 3826.11 4853.26
 136.27 979.074 1946.01  2926.4 3829.99 4858.26
 136.27 980.074 1948.01 2929.41 3833.99 4863.25
136.404 981.043 1950.01  2932.3 3837.99 4868.25
136.543 982.043 1951.99  2935.3 3841.87 4873.25
136.681 983.043 1953.99 2938.28 3845.76 4878.25
136.681 984.047 1955.98 2941.28 3849.76 4883.25
136.818 985.037 1957.98 2944.28 3853.64 4888.25
136.818 986.037 1959.98  2947.3 3857.59 4893.27
136.952 986.997 1961.89  2950.3 3861.59 4898.27
137.089 987.997 1963.86  2953.3 3865.48 4903.27
137.223 988.956 1965.77  2956.3 3869.48 4908.27
137.223 989.969 1967.77 2959.33 3873.44 4913.27
137.223 990.983 1969.79 2962.33 3877.41 4918.27
137.359 991.983 1971.75 2965.33 3881.41 4923.17
137.497 992.983 1973.75 2968.33 3885.32 4928.13
137.636 993.983 1975.75 2971.33 3889.22 4933.08
137.772 994.967 1977.75 2974.33 3893.22 4937.96
137.772 995.979 1979.75 2977.35 3897.19 4942.96
137.909 996.979 1981.72 2980.35 3901.07 4947.96
138.043 997.948 1983.72 2983.25 3905.07 4952.96
138.043 998.953 1985.72 2986.26 3909.07 4957.95
138.043 999.968 1987.74 2989.26 3913.04 4962.95
 138.18 1000.97 1989.74 2992.21 3917.04 4967.86