      3       2       3       4       3       6
      3       3       5 7.69231 5.76923 11.5385
4.07958       4       7 10.4605 9.76923 15.6907
 5.2224 5.12052       9 13.4605 12.5059 20.6907
6.36522 6.24105      11 16.4605 15.2426 25.6907
6.36522 7.24105 13.0696 19.5574 19.2426 30.5242
6.36522  8.3308 15.0365 22.5007 23.2426 35.5242
7.22029  9.3308 17.0365 25.5233 26.3648 40.5242
7.22029 10.5694  19.298 28.5233 29.8647 45.5242
 7.8439 11.4823  21.298 30.9869 33.8647 50.5242
8.53312 12.4823 23.1694 33.9869 37.8647 54.9636
8.53312 13.6708 25.3755 36.9869   41.47 59.9636
8.53312 14.7831 27.3755 39.9961   45.47 64.8422
8.53312 15.7831 29.3755 43.1892 49.1002 70.0189
8.53312 16.7831 31.5485 46.3841 52.7323 75.0189
9.05849 17.7831 33.5485 49.2399 56.7323 79.6377
9.58386 18.7831 35.5485 52.0957 60.7323 84.2566
10.1092 19.7831 37.5485 54.9515 64.7323 88.8754
10.5858 20.7157 39.5485 57.5422 68.7323 93.8754
10.5858 21.7708 41.5628 60.4729 72.7323 98.8754
10.5858 22.7708 43.6315 63.4828 76.7323 103.797
10.5858 23.8909 45.6315 66.4828 80.5066 108.902
11.0172 24.8909  47.491  69.192 84.5066 113.902
11.4365 25.8382  49.491 71.8253 88.5066 118.902
11.8911 26.8653  51.491 74.8253 92.0249 123.902
11.8911 27.8653 53.6134 77.9096 95.8182 128.902
11.8911 28.8653 55.6134 80.9989 99.6176 134.014
12.3104 29.8653 57.6134 83.8547 103.618 138.739
12.3104 30.9624 59.6134 86.8547 107.424 143.835
12.7188 31.9897 61.6134 89.8547 110.988 148.835
12.7188 32.9897 63.7219 92.8547 114.786 153.928
13.1256 33.9897 65.7219 95.8547 118.457 158.851
13.4928 34.9407 67.7219 98.5365 122.457 163.851
  13.86 35.8916 69.7219 101.218 126.457 168.851
  13.86 36.8916 71.7738 104.197 130.457  173.82
  13.86 37.9364 73.8065 107.197 134.457 178.743
14.2344 38.9364 75.8001 110.197 138.089 183.743
14.6088 39.9364 77.7938 113.197 141.721 188.743
14.9691 40.9213 79.7938 116.197 145.721 193.398
15.3294 41.9062 81.7938 119.197 149.721 198.052
15.3294 42.9848 83.7938 122.265 153.575 203.052
15.3294 43.9848 85.8866 125.265  157.41 208.124
15.3294 45.0192 87.9064 128.211  161.41 213.124
15.3294 46.0899  89.997 131.211 165.249 218.124
15.3294 47.1308 92.0297 134.211 169.249  223.05
15.6466 48.1308 93.9345 136.989 173.249  228.05
15.6466 49.1657 95.9542 139.934 177.249  233.05
15.9386 50.0832 97.7448 142.934 181.249  238.05
16.2667 51.0832 99.7448 145.876 184.979  243.05
16.5772 52.0832 101.649 148.661 188.979  248.05
16.8823 53.0418 103.649 151.397 192.979  253.05
16.8823 54.0418 105.689 154.377 196.979 258.031
17.1903 55.0275 107.689 157.377 200.979 262.737
17.1903 56.0924 109.689 160.423 204.869 267.737
17.1903 57.1518 111.761 163.423 208.738 272.737
17.4842 58.1518 113.672 166.217 212.738 277.737
 17.793 59.1518 115.672 169.152 216.494 282.737
 18.098 60.1518 117.655 172.152 220.206 287.737
 18.098 61.2152 119.655 175.196 224.099 292.737
 18.098 62.2786 121.655 178.239 227.992 297.737
 18.098 63.2786 123.655 181.278 231.878 302.812
18.3736 64.2423 125.655 184.038 235.878 307.812
18.3736 65.3038 127.655 187.079 239.776 312.812
18.3736 66.3653 129.655  190.12 243.673 317.812
18.6529 67.3653 131.655  193.01 247.673 322.643
18.9341 68.3653  133.64  196.01 251.407 327.643
18.9341 69.3979 135.658  199.01 255.407 332.592
19.2112 70.3979 137.644  202.01 259.145 337.592
19.2112 71.3979 139.705  205.01 263.027 342.649
19.2112 72.3979 141.705 208.045  266.92 347.721
19.2112 73.4288 143.723 211.045  270.92 352.672
19.2112 74.4288 145.723 214.079 274.815 357.742
19.2112 75.4592  147.74 217.079 278.815 362.695
19.2112 76.5116  149.74 220.079 282.704 367.754
19.4688 77.5116  151.74  223.03 286.495 372.754
19.4688 78.5637   153.8  226.03 290.384 377.754
19.7162 79.5637 155.754  229.03 294.384 382.552
19.9564 80.5331 157.754 231.821 298.384 387.552
20.2103 81.5331 159.754  234.77  302.18 392.552
20.4642 82.5331 161.754  237.72 305.977 397.552
20.4642 83.5331  163.81  240.72 309.866 402.606
20.7066 84.5224  165.81  243.72 313.866 407.375
 20.949 85.5117  167.81  246.72 317.866 412.143
 21.193 86.5117 169.765  249.72 321.866 416.944
 21.193 87.5117 171.765 252.751 325.774 422.005
21.4307 88.5117 173.692 255.587 329.774 427.005
21.6653 89.4803 175.692 258.384 333.774 432.005
21.9087 90.4859 177.692 261.384 337.525 437.005
22.1353 91.4217 179.529 264.384 341.525 442.005
22.3728 92.4217 181.456  267.22 345.525 447.005
22.6134 93.4217 183.407  270.22 349.525 451.813
22.6134 94.4217 185.462 273.248 353.441 456.813
22.8452 95.3894 187.462 276.049 357.441 461.813
22.8452 96.3894 189.488 279.032 361.441 466.804
22.8452 97.4317 191.537 282.032  365.35 471.804
22.8452 98.4782 193.537 285.061 369.274 476.804
22.8452 99.5021  195.55 288.025 373.274 481.804
22.8452 100.544  197.55 291.025 377.184 486.851
22.8452 101.544 199.603  294.05 381.105 491.851
22.8452 102.587 201.603  297.05 385.016 496.898
22.8452 103.587  203.65  300.05 388.925 501.943
22.8452 104.628 205.698  303.05 392.836 506.943
22.8452 105.628 207.751 306.076 396.757 511.943
23.0627 106.634 209.751 309.076 400.534 516.943
23.0627 107.634 211.751 312.099 404.453 522.001
23.2791 108.634 213.739 315.099 408.249 527.001
23.2791 109.657 215.752 318.099 412.249 531.964
23.4953 110.657 217.752 321.054 416.078 536.964
23.4953 111.701 219.752 324.084 420.004 541.964
23.4953 112.724 221.764 327.084 424.004 546.928
 23.703 113.724 223.724 330.084 428.004 551.761
23.9135 114.724 225.711 333.084 431.806 556.761
24.1229 115.724 227.711     336 435.806 561.636
24.3354 116.724 229.711     339 439.646 566.584
24.5406 117.724 231.648 341.858 443.646 571.584
24.7433 118.697 233.648 344.682 447.646 576.584
24.9461 119.669 235.648 347.507 451.646 581.584
25.1534 120.669 237.607 350.507 455.646 586.418
25.3625 121.673 239.607 353.507 459.433 591.418
25.3625 122.694 241.618 356.474 463.433 596.418
25.3625 123.715 243.629 359.442 467.433 601.418
25.3625 124.756 245.629 362.467 471.367 606.418
25.5695 125.756 247.629 365.467 475.213 611.365
25.5695 126.778  249.64 368.435 479.213 616.365
 25.769 127.767  251.64 371.435 483.213 621.176
25.9598 128.713 253.504 374.435 487.213 626.176
25.9598 129.713 255.549 377.457 491.145 631.176
26.1492  130.66 257.414 380.457 495.145 636.176
26.1492  131.66 259.434 383.443 499.145 641.169
26.3483  132.66 261.434 386.362 503.145 646.051
26.3483  133.66 263.479 389.383 507.079 651.051
26.3483  134.66 265.517 392.383 511.003 656.088
26.3483 135.694 267.517 395.383 514.929 661.129
26.3483 136.694 269.556 398.383 518.852 666.166
26.3483 137.694 271.594 401.383 522.776 671.204
26.5401 138.694 273.594 404.305 526.776  676.09
26.7265 139.668 275.594 407.145 530.776  681.09
26.9207 140.668 277.594 410.145 534.633 686.039
27.1071 141.642 279.594 412.984 538.633 691.039
27.2987 142.643 281.594 415.984  542.44 696.039
27.2987 143.643 283.594 419.002 546.374 701.088
27.4857 144.643 285.537 421.872 550.374 706.088
27.6659 145.591 287.409 424.872 554.374 711.088
27.8561 146.591 289.409 427.793 558.374 715.977
28.0448 147.591 291.369 430.793 562.374 720.827
28.0448 148.609 293.379 433.765 566.374 725.827
28.2323 149.609  295.34 436.765 570.374 730.679
28.4209 150.609  297.34 439.765 574.186 735.679
28.6118 151.609  299.34 442.718 578.042 740.679
28.6118 152.627  301.35 445.718 582.042 745.651
28.6118 153.645  303.36  448.69 586.042 750.651
28.6118 154.645 305.394  451.69 589.973 755.686
28.7989 155.645 307.394 454.645 593.831 760.686
28.7989 156.645 309.413  457.63 597.831 765.681
28.9828 157.645 311.413  460.63 601.647 770.681
28.9828 158.645 313.447  463.63 605.578 775.716
29.1677 159.645 315.447  466.63 609.443 780.667
29.1677 160.645 317.488 469.648 613.384 785.667
29.3513 161.645 319.488 472.604 617.245 790.667
29.3513 162.662 321.497 475.604 621.245  795.64
29.3513 163.662 323.497  478.62 625.184 800.685
29.5294 164.662  325.46  481.62 629.184 805.544
29.5294 165.662  327.46 484.636 633.124 810.588
29.6989 166.613  329.34 487.636 637.124 815.588
29.8759 167.613 331.303 490.636 641.124 820.449
29.8759 168.642 333.337 493.636 645.061 825.449
 30.053 169.641 335.337 496.636 648.884 830.449
30.2256 170.616 337.337 499.489 652.884 835.449
30.2256 171.616 339.369 502.489 656.818 840.483
30.4016 172.615 341.369 505.489 660.642 845.483
30.4016 173.615 343.387 508.476 664.642 850.478
30.4016 174.643 345.387 511.476 668.578 855.515
30.5729 175.643 347.333 514.358 672.578 860.515
30.5729 176.643  349.35 517.345 676.578 865.511
 30.746 177.643  351.35 520.273 680.578  870.41
 30.746 178.643 353.387  523.29 684.524  875.41
 30.746 179.662 355.387 526.275 688.524 880.405
30.9129 180.638 357.387 529.133 692.524 885.405
30.9129 181.654 359.396 532.108 696.524 890.405
31.0811 182.642 361.396 535.108 700.524 895.249
31.0811 183.642 363.433 538.123 704.472 900.249
31.2491 184.642 365.398 541.123 708.472 905.116
31.4183 185.642 367.398 544.053 712.472 910.017
31.4183 186.661 369.398  547.04 716.472 915.011
 31.584 187.661 371.346 549.925 720.472 920.011
 31.584 188.661 373.363 552.912 724.472 925.008
 31.584 189.661 375.394 555.912 728.412 930.038
 31.584 190.661 377.394 558.924 732.359 935.078
 31.584 191.661 379.424 561.924 736.299 940.108
 31.584 192.661  381.44 564.911 740.299 945.105
 31.584 193.661 383.476 567.926 744.249 950.105
31.7487 194.661 385.476 570.926  748.13 955.059
31.9094 195.661 387.426 573.814  752.13 960.059
32.0706 196.649 389.426 576.814  756.13  964.91
32.2352 197.649 391.426 579.814 760.012 969.863
32.3997 198.649 393.426 582.772 763.889 974.863
32.3997 199.649 395.461 585.787  767.84 979.863
32.3997 200.675 397.492 588.787 771.784 984.863
32.3997 201.689 399.501 591.787 775.784  989.84
32.5601 202.687 401.501 594.787 779.625  994.84
32.5601 203.687 403.501 597.799 783.573 999.879
32.5601 204.702  405.51 600.776 787.573 1004.88
32.5601 205.716 407.519 603.752 791.573 1009.88
32.7161 206.716 409.471 606.644 795.573 1014.88
32.7161  207.73  411.48 609.644 799.573 1019.86
32.7161 208.744 413.489 612.621 803.573 1024.86
32.8693 209.722 415.489  615.49 807.573 1029.86
33.0275 210.722 417.489  618.49 811.459 1034.81
33.1831 211.722 419.456  621.49 815.459 1039.69
33.1831 212.739 421.456 624.477 819.459 1044.69
33.3374 213.728 423.456 627.477 823.459 1049.54
33.3374 214.728 425.472 630.464 827.459 1054.54
33.3374 215.728 427.505 633.477 831.414 1059.54
33.3374 216.745 429.505 636.464 835.414 1064.53
 33.489 217.745 431.459 639.359 839.414 1069.53
33.6442 218.745 433.459 642.359 843.303 1074.49
33.6442 219.762 435.459 645.345 847.303 1079.49
33.7975 220.762 437.444 648.345 851.165 1084.49
33.9496 221.762 439.412 651.345 855.165 1089.37
33.9496 222.786 441.412 654.345 859.112 1094.39
34.1017 223.784 443.412 657.345 862.962 1099.39
34.2508 224.762 445.412 660.218 866.962 1104.39
34.4015 225.751 447.412 663.218 870.962 1109.25
34.4015 226.765  449.42 666.218 874.962 1114.23
34.5522 227.765 451.389 669.218 878.962 1119.11
34.7038 228.765 453.389 672.155 882.962 1124.03
34.7038 229.778 455.397 675.133 886.962 1129.03
 34.856 230.778 457.397 678.093  890.85 1134.03
35.0006 231.736 459.295 681.093  894.85 1139.03
35.1452 232.693 461.193 684.093  898.85 1144.03
35.2961 233.693 463.193  687.03  902.85 1148.94
35.4467  234.69 465.193  690.03 906.702 1153.94
35.4467  235.69 467.219  693.03 910.651 1158.96
35.4467 236.713 469.246  696.03 914.602 1163.96
 35.596  237.71 471.246  699.03 918.455 1168.96
35.7454 238.707 473.246  702.03 922.309 1173.96
35.7454 239.707 475.276 705.042 926.266 1178.96
35.8912 240.685 477.276 707.918 930.266 1183.96
36.0414 241.685 479.276 710.918  934.16 1188.92
36.1895 242.685 481.245 713.918  938.16  1193.8
36.3395 243.685 483.245 716.878  942.05  1198.8
36.3395 244.685 485.271 719.878 945.999 1203.83
36.4848 245.663 487.271 722.755 949.999 1208.83
36.4848 246.663 489.301 725.767 953.957 1213.83
36.6294 247.641 491.301 728.644 957.957 1218.83
36.7784 248.641 493.301 731.644 961.852 1223.78
36.9271 249.641 495.301 734.604 965.743 1228.78
36.9271 250.641 497.331 737.615 969.702 1233.78
37.0712 251.619 499.331 740.493 973.702 1238.78
37.0712 252.619 501.331 743.502 977.659 1243.82
37.2179 253.619 503.315 746.502 981.528 1248.82
37.2179  254.64 505.342 749.502  985.48 1253.82
 37.363  255.64 507.311 752.502  989.48  1258.7
 37.503 256.599 509.213 755.502  993.48  1263.7
 37.503 257.622 511.213 758.516 997.443  1268.7
37.6426 258.581 513.115 761.516 1001.44  1273.7
37.6426 259.581 515.139 764.516 1005.39 1278.73
37.6426 260.601 517.165 767.516 1009.35 1283.73
37.6426 261.613 519.172 770.516 1013.35 1288.71
37.7874 262.613 521.172 773.516 1017.25 1293.67
37.9253 263.572 523.075 776.516 1021.25 1298.67
37.9253 264.592 525.075 779.516  1025.2 1303.69
38.0676 265.592 527.044 782.516  1029.2 1308.58
38.2088 266.592 528.999 785.419  1033.2 1313.58
38.2088 267.604 531.007   788.4  1037.2 1318.58
38.2088 268.624 533.031   791.4 1041.15 1323.58
38.3519 269.624 535.031   794.4 1045.05 1328.54
38.4939 270.624 537.031  797.34 1049.05 1333.46
38.4939 271.624 539.055  800.34 1053.01 1338.48
38.6298 272.583 540.959  803.34 1057.01 1343.48
38.7658 273.543 542.864  806.34 1061.01 1348.48
 38.907 274.539 544.864  809.34 1064.87 1353.48
 38.907 275.561 546.864 812.354 1068.83 1358.48
 38.907 276.583 548.864 815.367  1072.8 1363.48
39.0485 277.583 550.864 818.367  1076.7 1368.44
39.1875 278.572 552.864 821.367  1080.7 1373.31
39.1875 279.572 554.876 824.356  1084.7 1378.31
39.1875 280.572 556.876 827.366 1088.66 1383.34
39.1875 281.591 558.876 830.366 1092.61 1388.37
39.3237 282.569 560.876 833.251 1096.61 1393.37
39.4625 283.569 562.876 836.193 1100.61 1398.29
   39.6 284.558 564.876 839.193 1104.61 1403.16
   39.6 285.577 566.899 842.193 1108.57 1408.16
   39.6 286.599 568.899 845.206 1112.54 1413.16
   39.6  287.61 570.906 848.187 1116.54 1418.16
39.7367  288.61 572.876 851.187 1120.54 1423.05
39.7367  289.61 574.876 854.196  1124.5 1428.08
39.8738  290.61  576.86 857.196 1128.38 1433.08
40.0094 291.599  578.86 860.196 1132.38 1437.96
40.1447 292.599 580.817 863.104 1136.38 1442.96
40.1447 293.618  582.84 866.104 1140.33 1447.96
40.2799 294.607  584.84 869.104 1144.33 1452.84
40.4151 295.595  586.84 872.104 1148.33 1457.71
40.4151 296.616  588.84 875.117  1152.3 1462.71
40.4151 297.616 590.861 878.117 1156.26 1467.73
40.4151 298.627 592.867 881.117 1160.26 1472.72
40.4151 299.627 594.893 884.127 1164.22 1477.72
40.4151 300.645 596.893 887.127 1168.18 1482.74
40.5492 301.645 598.893 890.071 1172.18 1487.66
40.6808 302.625 600.893 892.961 1176.18 1492.66
 40.815 303.625 602.893 895.905 1180.18 1497.58
 40.815 304.625 604.918 898.915 1184.14 1502.58
 40.948 305.625 606.889 901.915 1188.14 1507.48
41.0809 306.625  608.86 904.915 1192.14 1512.38
41.0809 307.635 610.867 907.915 1196.14 1517.36
41.0809 308.635 612.892 910.924 1200.11 1522.36
41.2122 309.635  614.85 913.835 1204.11 1527.36
41.2122 310.635  616.85 916.843 1208.07 1532.39
41.2122 311.635 618.875 919.853 1212.04 1537.39
41.3426 312.635 620.833 922.764 1216.04 1542.39
41.4754 313.635 622.833 925.727 1219.94 1547.39
41.6049 314.614 624.833 928.618 1223.94 1552.39
41.7378 315.614 626.833 931.618 1227.85 1557.35
 41.869 316.614 628.805 934.618 1231.85 1562.24
 41.869 317.614 630.805 937.625 1235.82 1567.27
 41.869 318.614 632.829 940.635 1239.78 1572.27
 41.869 319.632 634.851 943.635 1243.74 1577.27
 41.869 320.632 636.851 946.643 1247.71  1582.3
42.0001 321.632 638.851 949.606 1251.61  1587.3
42.1312 322.632 640.851 952.569 1255.52  1592.3
42.1312 323.632 642.862 955.559 1259.52  1597.3
42.1312 324.652 644.862  958.57 1263.49  1602.3
42.2561 325.615 646.775  961.57 1267.49  1607.3
42.2561 326.632 648.775  964.57 1271.45 1612.32
42.2561  327.65 650.775  967.57 1275.41 1617.34
42.3848  328.65 652.775 970.517 1279.41 1622.27
42.3848  329.65 654.786 973.507 1283.41 1627.26
42.3848 330.669 656.786 976.518 1287.38 1632.26
42.3848 331.669 658.797 979.508 1291.38 1637.26
 42.513 332.669 660.797 982.472 1295.29 1642.26
42.6361 333.633 662.711 985.472 1299.29 1647.26
42.7645 334.633 664.711 988.472  1303.2 1652.22
42.8897 335.613 666.711 991.367  1307.2 1657.22
43.0173 336.613 668.694 994.367 1311.09 1662.22
43.1446 337.608 670.694 997.367 1314.96 1667.22
43.1446 338.627 672.694 1000.38 1318.93 1672.22
43.1446 339.637 674.701 1003.36 1322.93 1677.22
43.2714 340.637 676.684 1006.36 1326.82 1682.22
43.2714 341.656 678.684 1009.37 1330.79 1687.22
43.3978 342.656 680.684 1012.32 1334.79 1692.15
43.3978 343.656 682.704 1015.32 1338.75 1697.17
43.3978 344.656 684.704 1018.33 1342.72  1702.2
43.3978 345.666  686.71 1021.31 1346.72  1707.2
43.3978 346.678  688.71  1024.3 1350.72 1712.19
43.3978 347.678 690.721 1027.29 1354.72 1717.19
43.3978 348.697 692.721  1030.3 1358.69 1722.19
43.3978 349.697 694.744 1033.31 1362.66 1727.19
43.3978 350.714 696.744 1036.31 1366.62 1732.21
43.3978 351.726 698.744  1039.3 1370.62 1737.21
43.3978 352.738 700.744 1042.29 1374.62 1742.21
43.3978 353.748  702.75 1045.28 1378.62 1747.21
43.5189 354.748 704.711 1048.19 1382.62 1752.21
43.6407 355.748 706.684 1051.19 1386.62 1757.12
43.7591 356.713 708.601 1054.19 1390.62 1762.12
43.8802 357.713 710.562 1057.11 1394.62 1767.12
43.8802 358.731 712.562 1060.12 1398.59 1772.12
43.8802 359.743 714.562 1063.11 1402.59 1777.11
43.8802 360.743 716.562 1066.12 1406.56 1782.14
43.9995 361.724 718.562 1069.02 1410.56 1787.14
44.1207  362.72 720.562 1072.02 1414.44 1792.14
44.1207 363.736 722.582 1075.02  1418.4 1797.14
44.2407 364.726 724.582 1078.02  1422.4 1802.03
44.3624 365.726 726.582 1080.98 1426.32 1807.03
44.4832 366.722 728.582 1083.98  1430.2 1812.03
44.6043 367.722 730.566 1086.98 1434.09 1817.03
44.6043 368.722 732.566 1089.99 1438.06 1822.06
44.6043 369.722 734.588    1093 1442.03 1827.06
44.7241 370.722 736.561    1096 1446.03 1831.96
44.8445 371.722 738.561 1098.95 1450.03 1836.89
44.8445 372.722 740.579 1101.95 1453.99 1841.91
44.9636 373.712 742.579 1104.95 1457.99  1846.8
44.9636 374.721 744.585 1107.93 1461.99  1851.8
45.0833 375.721 746.585 1110.88 1465.99 1856.74
45.0833 376.721 748.595 1113.87 1469.99 1861.73
45.0833 377.737 750.614 1116.87 1473.96 1866.73
45.0833 378.737 752.614 1119.88 1477.93 1871.76
45.0833 379.737 754.632 1122.88 1481.89 1876.78
45.0833 380.737  756.65 1125.88 1485.85  1881.8
45.0833 381.737 758.672 1128.89 1489.82  1886.8
45.1992 382.719 760.672 1131.79 1493.82  1891.8
45.1992 383.734 762.672 1134.79 1497.79 1896.82
45.3148 384.716 764.672 1137.69 1501.79 1901.82
45.3148 385.731 766.672 1140.69 1505.75 1906.84
45.3148 386.741 768.678 1143.68 1509.75 1911.84
45.4299 387.722 770.678 1146.58 1513.75 1916.84
45.5469 388.722 772.662 1149.58 1517.65 1921.84
45.6638 389.722 774.662 1152.53 1521.65 1926.77
45.7795 390.722 776.626 1155.45 1525.65 1931.77
45.7795 391.738 778.626 1158.45 1529.61 1936.79
45.8955 392.738   780.6 1161.45 1533.61  1941.7
45.8955 393.746 782.604 1164.45 1537.61 1946.69
46.0107 394.746 784.568 1167.37 1541.61 1951.69
46.0107 395.764 786.568 1170.38 1545.59 1956.69
46.1231  396.73 788.489 1173.38 1549.59 1961.69
46.1231  397.74 790.495 1176.37 1553.59 1966.69
46.1231 398.748 792.499 1179.37 1557.59 1971.67
46.1231 399.748 794.499 1182.37 1561.56  1976.7
46.1231 400.766 796.499 1185.38 1565.53  1981.7
46.2377 401.761 798.499 1188.38 1569.42  1986.7
46.3523 402.757 800.499 1191.38 1573.31  1991.7
46.4666 403.757 802.473 1194.38 1577.31 1996.61
 46.582 404.757 804.473 1197.35 1581.23 2001.61
 46.582 405.772 806.491 1200.35 1585.19 2006.61
46.6956 406.762 808.491 1203.35 1589.19 2011.51
46.6956 407.762 810.512 1206.36 1593.17 2016.51
46.8106 408.762 812.512 1209.36 1597.09 2021.47
46.8106 409.762 814.529 1212.36 1601.05 2026.49
46.8106 410.771 816.535 1215.34 1605.05 2031.49
46.9238 411.771 818.509 1218.34 1609.05  2036.4
46.9238 412.771 820.519 1221.33 1613.05  2041.4
46.9238 413.788 822.519 1224.34 1617.03  2046.4
47.0375 414.788 824.519 1227.31 1620.95  2051.4
47.0375 415.804 826.537 1230.31 1624.91  2056.4
47.0375 416.812 828.541 1233.31 1628.91 2061.39
47.1467 417.779 830.464 1236.31 1632.91 2066.39
47.2584  418.77 832.464 1239.31 1636.91 2071.29
47.2584 419.784 834.464 1242.31 1640.88  2076.3
 47.369 420.767 836.464 1245.22 1644.88  2081.3
 47.369 421.781 838.464 1248.22 1648.85 2086.32
 47.369 422.796 840.464 1251.22 1652.81 2091.34
 47.369 423.813 842.464 1254.23 1656.79 2096.34
47.4788 424.795 844.464 1257.13 1660.79 2101.34
47.5904 425.795 846.449 1260.13 1664.69 2106.34
47.5904 426.806 848.449 1263.12 1668.69 2111.34
47.5904 427.814 850.453 1266.12 1672.69 2116.33
47.6981 428.782 852.378 1269.12 1676.69 2121.33
47.6981 429.792 854.378 1272.11 1680.69 2126.33
47.6981 430.803 856.378 1275.11 1684.69 2131.33
47.6981 431.803 858.387  1278.1 1688.69 2136.33
47.8051 432.771 860.311  1281.1 1692.69 2141.33
47.9153 433.771 862.311 1284.05 1696.69 2146.26
48.0222 434.739 864.236 1287.05 1700.69 2151.26
48.1308 435.722 866.236 1289.96 1704.69 2156.26
48.2399 436.722 868.201 1292.88 1708.69 2161.26
48.2399  437.73 870.205 1295.88 1712.69 2166.25
48.3467 438.698  872.13 1298.88 1716.69 2171.25
48.3467 439.706 874.134 1301.88 1720.69 2176.24
48.4563 440.706 876.134 1304.84 1724.69 2181.18
48.4563 441.715 878.139 1307.82 1728.69 2186.18
48.4563 442.729 880.155 1310.82 1732.66 2191.18
48.4563 443.739 882.155 1313.81 1736.66 2196.18
48.4563 444.749 884.155 1316.81 1740.66 2201.17
48.5646 445.749  886.13 1319.81 1744.66 2206.09
48.5646 446.763 888.146 1322.81 1748.63 2211.09
48.5646 447.763 890.155  1325.8 1752.63 2216.09
48.6697 448.732 892.081  1328.8 1756.63 2221.09
48.7769 449.732 894.046 1331.72 1760.63 2226.09
48.8846 450.732 896.021 1334.72 1764.63 2231.01
48.8846 451.732 898.036 1337.72  1768.6 2236.03
48.9923 452.728 900.036 1340.72 1772.49 2241.03
48.9923 453.737 902.036 1343.72 1776.49 2246.03
48.9923 454.737 904.051 1346.72 1780.46 2251.04
49.1004 455.737 906.051 1349.72 1784.39 2256.01
49.2071 456.728 908.051 1352.72 1788.39 2260.91
49.2071 457.742 910.067 1355.72 1792.36 2265.91
49.3128 458.725 912.067 1358.63 1796.36 2270.91
 49.419 459.725 914.032 1361.55 1800.36 2275.91
 49.419 460.725 916.032 1364.56 1804.33 2280.93
49.5256 461.725 918.008 1367.56 1808.33 2285.85
49.5256 462.725 920.022 1370.56  1812.3 2290.87
49.6316 463.715 922.022 1373.56  1816.3 2295.77
49.6316 464.723 924.026 1376.56  1820.3 2300.76
49.6316 465.731 926.031 1379.55  1824.3 2305.76
49.6316 466.745 928.031 1382.55 1828.27 2310.78
49.6316 467.758 930.031 1385.55 1832.24 2315.79
49.7345 468.728 931.958 1388.55 1836.24 2320.79
49.8408 469.728 933.958 1391.51 1840.17 2325.79
49.9472 470.728 935.958 1394.51 1844.09 2330.76
50.0528 471.723 937.958 1397.51 1847.99 2335.76
50.0528 472.723 939.973 1400.51 1851.96 2340.78
50.1569 473.706 941.973 1403.43 1855.96 2345.78
50.2616 474.706 943.939 1406.36 1859.96 2350.78
50.2616 475.706 945.953 1409.36 1863.93 2355.79
50.2616  476.72 947.969 1412.36  1867.9 2360.79
50.2616  477.72 949.983 1415.36 1871.87 2365.81
50.2616  478.72 951.991 1418.35 1875.87 2370.81
50.2616  479.72 954.005 1421.35 1879.84 2375.83
50.2616 480.727 956.009 1424.35 1883.84 2380.81
50.2616 481.727 958.026 1427.35 1887.82 2385.81
50.2616 482.735 960.031 1430.34 1891.82 2390.81
 50.366 483.735 962.031 1433.34 1895.75 2395.78
50.4684 484.718 964.031 1436.26 1899.75 2400.78
50.4684 485.718 966.049 1439.26 1903.72 2405.78
50.4684 486.718 968.049 1442.27  1907.7  2410.8
50.5711 487.709 970.049 1445.27  1911.7 2415.71
50.5711 488.716 972.052 1448.27  1915.7  2420.7
50.6736 489.707 974.052 1451.27  1919.7 2425.61
50.6736  490.72 976.068 1454.27 1923.67 2430.61
50.7767  491.72 978.053 1457.27 1927.58 2435.61
50.8801  492.72 980.053 1460.23 1931.51 2440.61
50.8801 493.735 982.053 1463.24 1935.49 2445.61
50.8801 494.744 984.053 1466.23 1939.49  2450.6
50.9832 495.744 986.053  1469.2 1943.41  2455.6
51.0862 496.744 988.053 1472.17 1947.34  2460.6
51.0862 497.752 990.057 1475.16 1951.34  2465.6
51.0862 498.752 992.057 1478.16 1955.31 2470.63
51.0862 499.765 994.057 1481.16 1959.29 2475.64
 51.188  500.76 996.057 1484.16 1963.19 2480.64
 51.188  501.76 998.075 1487.17 1967.16 2485.64
51.2895 502.756 1000.07 1490.17 1971.07 2490.64
51.3885 503.726 1002.01 1493.17 1975.07 2495.64
51.3885 504.726 1004.01 1496.17 1979.04 2500.66
51.3885 505.739 1006.02 1499.17 1983.01 2505.66
51.3885 506.739 1008.02 1502.18 1986.99 2510.69
51.3885 507.752 1010.04 1505.18 1990.96 2515.69
51.3885 508.752 1012.05 1508.18 1994.93  2520.7
51.4884 509.752 1014.02 1511.11 1998.93  2525.7
51.5878 510.736 1016.02 1514.03 2002.93  2530.7
51.5878 511.743 1018.02 1517.03 2006.93 2535.69
51.5878 512.752 1020.02 1520.02 2010.93 2540.69
51.6874 513.752 1021.99 1522.95 2014.93 2545.69
51.6874 514.767 1023.99 1525.96 2018.91 2550.69
51.7876 515.767 1025.97 1528.96 2022.82 2555.69
51.7876 516.767 1027.98 1531.95 2026.82 2560.69
51.8875 517.767 1029.98 1534.91 2030.82 2565.64
51.8875 518.779 1031.98 1537.91 2034.79 2570.65
51.9874 519.779 1033.97 1540.91 2038.71 2575.65
51.9874 520.787 1035.97 1543.89 2042.71 2580.65
51.9874 521.794 1037.97 1546.89 2046.71 2585.64
51.9874 522.794 1039.97  1549.9 2050.68 2590.66
52.0866 523.794 1041.97 1552.86 2054.68 2595.61
52.0866 524.802 1043.98 1555.84 2058.68 2600.61
52.0866 525.814 1045.98 1558.84 2062.65 2605.62
52.0866 526.828 1047.98 1561.85 2066.63 2610.62
52.1844 527.828 1049.95 1564.78 2070.63 2615.62
52.2835 528.828 1051.95 1567.78 2074.57 2620.59
52.2835 529.828 1053.95 1570.79 2078.54 2625.61
 52.382 530.828 1055.93 1573.79 2082.46 2630.61
 52.382 531.843 1057.93  1576.8 2086.43 2635.61
 52.382  532.85 1059.94 1579.78 2090.43 2640.61
 52.382 533.864 1061.94 1582.79 2094.41 2645.61
52.4774 534.836 1063.87 1585.79 2098.41 2650.61
52.4774 535.845 1065.87 1588.78 2102.41 2655.61
52.4774 536.857 1067.87 1591.78 2106.39 2660.63
52.5724 537.829  1069.8 1594.78 2110.39 2665.63
52.5724 538.841  1071.8 1597.78 2114.36 2670.64
52.6691 539.832  1073.8 1600.78 2118.36 2675.56
52.6691 540.845 1075.82 1603.78 2122.33 2680.56
52.7659 541.845  1077.8 1606.78 2126.33 2685.48
52.8624 542.836  1079.8 1609.78 2130.33  2690.4
52.9587 543.836 1081.76 1612.72 2134.33  2695.4
52.9587 544.848 1083.76 1615.72  2138.3 2700.41
52.9587 545.848 1085.78 1618.72 2142.28 2705.41
53.0548 546.848 1087.75 1621.66 2146.28 2710.41
53.0548 547.857 1089.75 1624.65 2150.28 2715.41
53.1506 548.857 1091.72 1627.58 2154.28 2720.41
 53.246 549.842 1093.72  1630.5 2158.28 2725.41
 53.246 550.842 1095.72 1633.51 2162.26 2730.43
53.3421 551.842 1097.69 1636.51 2166.26 2735.36
53.3421 552.842  1099.7  1639.5 2170.26 2740.36
53.4359 553.814 1101.64  1642.5 2174.26 2745.36
53.5321 554.814 1103.64 1645.46 2178.26  2750.3
53.5321 555.826 1105.64 1648.46 2182.23 2755.32
53.6276 556.817 1107.64 1651.46 2186.23 2760.23
53.6276 557.825 1109.64 1654.45 2190.23 2765.23
53.7227 558.825  1111.6 1657.39 2194.23 2770.23
53.7227 559.825 1113.62 1660.39 2198.21 2775.23
53.8183 560.821 1115.62 1663.39 2202.12 2780.23
53.9134 561.812 1117.62 1666.39 2206.12 2785.15
53.9134 562.812 1119.62 1669.39 2210.09 2790.17
53.9134 563.812 1121.63 1672.39 2214.09 2795.17
54.0092 564.812 1123.63 1675.36 2218.03 2800.17
54.0092 565.812 1125.64 1678.36    2222 2805.18
54.0092 566.812 1127.65 1681.35    2226 2810.18
54.0092 567.824 1129.65 1684.35 2229.97  2815.2
54.0092 568.836 1131.66 1687.35 2233.95  2820.2
54.1032 569.836 1133.63 1690.29 2237.95  2825.2
54.1032 570.847 1135.63 1693.29 2241.92 2830.22
54.1982 571.847 1137.63 1696.29 2245.85 2835.18
54.1982 572.854 1139.63 1699.29 2249.85 2840.18
54.1982 573.861 1141.63 1702.29 2253.85 2845.17
54.1982 574.861 1143.65 1705.29 2257.83 2850.18
54.1982 575.867 1145.65 1708.29 2261.83 2855.17
54.2921 576.867 1147.63 1711.29 2265.75 2860.17
54.3864 577.867 1149.63 1714.29 2269.68 2865.14
54.3864 578.867 1151.65 1717.29 2273.66 2870.16
54.3864 579.879 1153.66 1720.29 2277.63 2875.16
  54.48 580.879 1155.66 1723.25 2281.63  2880.1
  54.48 581.891 1157.67 1726.25 2285.61  2885.1
  54.48 582.891 1159.67 1729.25 2289.58 2890.12
54.5721 583.876 1161.67 1732.17 2293.58 2895.12
54.6653 584.876 1163.67 1735.13 2297.58 2900.07
54.6653 585.876 1165.69 1738.13 2301.56 2905.08
54.7588 586.876 1167.69  1741.1 2305.49 2910.08
54.8513 587.868 1169.69  1744.1 2309.49    2915
54.8513 588.868 1171.69 1747.11 2313.47 2920.02
54.9442 589.868 1173.69 1750.07 2317.47 2924.97
 55.036 590.853 1175.69 1752.99 2321.47 2929.97
 55.036 591.853  1177.7 1755.99 2325.45 2934.97
55.1284 592.853 1179.68 1758.99 2329.45  2939.9
55.1284 593.853 1181.68    1762 2333.42 2944.92
55.1284 594.865 1183.69    1765  2337.4 2949.92
55.2212 595.865 1185.69 1767.97 2341.34 2954.92
55.2212 596.876 1187.69 1770.97 2345.31 2959.93
55.2212 597.876 1189.69 1773.97 2349.29 2964.95
55.2212 598.883  1191.7 1776.96 2353.29 2969.95
55.2212 599.891  1193.7 1779.95 2357.29 2974.95
55.2212 600.891  1195.7 1782.95 2361.29 2979.95
55.3124 601.883  1197.7 1785.95 2365.29 2984.87
55.3124  602.89 1199.71 1788.93 2369.29 2989.87
55.3124 603.897 1201.71 1791.93 2373.29 2994.86
55.4041 604.897 1203.71 1794.91 2377.22 2999.86
55.4041 605.897 1205.71 1797.91  2381.2 3004.88
55.4952 606.892 1207.71 1800.91 2385.11 3009.88
55.4952 607.892 1209.71 1803.91 2389.09  3014.9
55.4952 608.899 1211.71 1806.91 2393.09 3019.89
55.5839 609.872 1213.65 1809.91 2397.09 3024.89
55.5839 610.872 1215.66 1812.91 2401.06  3029.9
55.5839  611.88 1217.66  1815.9 2405.06  3034.9
55.5839 612.887 1219.67  1818.9 2409.06  3039.9
55.5839 613.895 1221.67  1821.9 2413.06  3044.9
55.6746 614.895 1223.67 1824.87    2417  3049.9
55.6746 615.901 1225.67 1827.87    2421 3054.89
55.6746 616.901 1227.68 1830.87 2424.98  3059.9
55.7644 617.897 1229.68 1833.87 2428.89  3064.9
55.7644  618.91 1231.68 1836.87 2432.87  3069.9
55.7644 619.922 1233.68 1839.88 2436.85  3074.9
55.8537 620.914 1235.68 1842.88 2440.85 3079.82
55.9432  621.91 1237.68 1845.88 2444.77 3084.82
56.0323  622.91 1239.65 1848.82 2448.77 3089.82
56.1221  623.91 1241.64 1851.82 2452.69 3094.82
56.1221 624.923 1243.64 1854.83 2456.67 3099.82
56.1221 625.934 1245.65 1857.83 2460.65 3104.82
56.1221 626.945 1247.65 1860.83 2464.62 3109.84
56.2118 627.945 1249.65  1863.8 2468.56 3114.84
56.3006 628.937 1251.65  1866.8 2472.56 3119.75
56.3892 629.937 1253.62 1869.74 2476.56 3124.75
56.3892 630.948 1255.63 1872.74 2480.54 3129.75
56.4782 631.944 1257.63 1875.74 2484.45 3134.75
56.5674 632.944 1259.63  1878.7 2488.45  3139.7
56.5674 633.944 1261.65  1881.7 2492.42 3144.72
56.6564 634.944 1263.65 1884.66 2496.42 3149.67
56.7449 635.936 1265.65 1887.66 2500.42 3154.59
56.8338 636.932 1267.65 1890.66 2504.34 3159.59
56.8338 637.932 1269.66 1893.67 2508.32 3164.59
56.8338 638.932 1271.66 1896.67  2512.3 3169.61
56.9229 639.932 1273.66 1899.67 2516.24 3174.58
56.9229 640.944 1275.66 1902.68 2520.22 3179.58
 57.011 641.936 1277.66 1905.68 2524.22  3184.5
57.0991 642.928 1279.66 1908.68 2528.22 3189.42
 57.188 643.928 1281.66 1911.65 2532.16 3194.42
 57.188 644.928 1283.67 1914.65 2536.14 3199.42
 57.188 645.928 1285.69 1917.65 2540.11 3204.43
 57.188 646.928  1287.7 1920.65 2544.09 3209.44
 57.276 647.924  1289.7 1923.65    2548 3214.44
 57.276  648.93  1291.7 1926.64    2552 3219.44
 57.276 649.941  1293.7 1929.64 2555.98 3224.46
 57.276 650.948 1295.71 1932.63 2559.98 3229.46
57.3639 651.948 1297.69 1935.63  2563.9 3234.46
57.3639  652.96 1299.69 1938.64 2567.89 3239.46
57.3639 653.968 1301.69 1941.63 2571.89 3244.46
57.4514 654.968 1303.68 1944.63 2575.81 3249.46
57.5387 655.968 1305.66 1947.63 2579.81 3254.39
57.5387 656.968 1307.67 1950.63 2583.79 3259.41
57.6254 657.968 1309.64 1953.57 2587.79 3264.41
57.7131 658.968 1311.64 1956.55 2591.72 3269.41
57.8003 659.964 1313.64 1959.55 2595.64 3274.41
57.8003 660.964 1315.66 1962.55 2599.62 3279.41
57.8874  661.96 1317.66 1965.55 2603.54 3284.41
57.8874  662.96 1319.66 1968.55 2607.52 3289.43
57.8874 663.971 1321.67 1971.55 2611.49 3294.43
57.8874 664.971 1323.67 1974.56 2615.47 3299.44
57.9747 665.971 1325.67 1977.56 2619.41 3304.42
58.0595 666.946 1327.61 1980.56 2623.41 3309.42
58.1462 667.942 1329.61 1983.56 2627.33 3314.42
58.1462 668.952 1331.61 1986.56  2631.3 3319.43
58.1462 669.963 1333.62 1989.56 2635.28 3324.43
58.1462 670.963 1335.63 1992.55 2639.28 3329.43
58.2325 671.959 1337.63 1995.55  2643.2 3334.43
58.2325 672.959 1339.63 1998.55 2647.18 3339.45
58.2325 673.965 1341.63 2001.55 2651.18 3344.44
58.3188 674.965 1343.62 2004.55  2655.1 3349.44
58.4053 675.965 1345.62 2007.55 2659.05 3354.41
58.4053 676.965 1347.63 2010.56 2663.03 3359.41
58.4053 677.976 1349.64 2013.56    2667 3364.41
58.4053 678.976 1351.65 2016.55    2671 3369.41
58.4892 679.951 1353.59 2019.55    2675 3374.41
58.5748 680.951 1355.57 2022.55    2679 3379.35
58.5748 681.951 1357.58 2025.54    2683 3384.35
58.6603 682.947 1359.58 2028.54 2686.92 3389.35
58.7459 683.943 1361.58 2031.54 2690.84 3394.35
58.8314 684.939 1363.58 2034.54 2694.76 3399.35
58.9174 685.939 1365.58 2037.52  2698.7 3404.35
58.9174 686.939 1367.58 2040.52 2702.68 3409.37
 59.003 687.939 1369.56 2043.52  2706.6 3414.37
59.0889 688.939 1371.56  2046.5 2710.54 3419.37
59.0889 689.945 1373.57  2049.5 2714.54 3424.36
59.0889 690.945 1375.57  2052.5 2718.52 3429.38
59.1732 691.931 1377.57 2055.43 2722.52 3434.38
59.1732 692.931 1379.58 2058.44  2726.5 3439.38
59.2582 693.931 1381.56 2061.44  2730.5 3444.31
59.2582 694.931 1383.57 2064.43  2734.5 3449.31
59.3432 695.931 1385.57 2067.39  2738.5 3454.27
59.3432 696.937 1387.57 2070.38  2742.5 3459.27
59.3432 697.949 1389.57 2073.39 2746.48 3464.27
59.3432  698.96 1391.58 2076.39 2750.46 3469.27
59.3432 699.966 1393.59 2079.38 2754.46 3474.27
59.3432 700.972 1395.59 2082.38 2758.46 3479.26
59.3432 701.972 1397.59 2085.38 2762.44 3484.28
59.3432 702.982 1399.59 2088.38 2766.41 3489.29
59.3432 703.988 1401.59 2091.38 2770.41 3494.28
59.3432 704.988 1403.59 2094.38 2774.39  3499.3
59.4271 705.984 1405.59 2097.38 2778.31  3504.3
59.4271  706.99 1407.59 2100.38 2782.31 3509.29
  59.51 707.976 1409.59 2103.32 2786.31 3514.29
59.5936 708.976 1411.57 2106.32 2790.31 3519.23
59.6778 709.976 1413.57 2109.32 2794.26  3524.2
59.6778 710.983 1415.58 2112.31 2798.26  3529.2
59.7616 711.983 1417.56 2115.31 2802.18  3534.2
59.8452 712.979 1419.56 2118.31  2806.1  3539.2
59.8452 713.979 1421.58 2121.31 2810.09  3544.2
59.9283 714.971 1423.58 2124.31 2814.09 3549.13
59.9283 715.981 1425.58 2127.31 2818.06 3554.14
59.9283 716.981 1427.58  2130.3 2822.06 3559.14
59.9283 717.991 1429.58  2133.3 2826.04 3564.16
59.9283 718.991 1431.58 2136.31 2830.02 3569.17
59.9283 720.001 1433.58 2139.31 2833.99 3574.19
60.0096 720.977 1435.53 2142.31 2837.99 3579.19
60.0096 721.977 1437.53 2145.31 2841.97 3584.21
60.0922 722.977 1439.51 2148.31 2845.97 3589.14
60.0922 723.977 1441.51  2151.3 2849.97 3594.14
60.0922 724.987 1443.51  2154.3 2853.95 3599.16
 60.174 725.974 1445.51 2157.24 2857.95 3604.16
60.2562 726.966 1447.51 2160.24 2861.95 3609.08
60.2562 727.972 1449.52 2163.23 2865.95 3614.08
60.2562 728.978 1451.52 2166.23 2869.95 3619.08
60.2562 729.978 1453.52 2169.23 2873.93 3624.09
60.2562 730.987 1455.52 2172.23  2877.9 3629.11
60.3385 731.987 1457.52 2175.19  2881.9 3634.06
60.3385 732.987 1459.52  2178.2 2885.88 3639.08
60.4209 733.987 1461.52  2181.2 2889.82 3644.05
60.5013 734.964 1463.46  2184.2 2893.82 3649.05
60.5013 735.964 1465.48  2187.2 2897.81 3654.05
60.5013 736.973 1467.48  2190.2 2901.78 3659.07
60.5013 737.984 1469.49  2193.2 2905.76 3664.07
60.5013 738.989 1471.49  2196.2 2909.76 3669.06
60.5013 739.989  1473.5 2199.21 2913.74 3674.06
60.5811 740.965 1475.45 2202.21 2917.74 3679.06
60.5811 741.965 1477.46 2205.21 2921.72 3684.07
 60.662 742.965 1479.43 2208.15 2925.72 3689.07
60.7435 743.965 1481.42 2211.15 2929.65 3694.07
60.8247 744.965  1483.4 2214.15 2933.65 3699.01
60.9062 745.965  1485.4 2217.12 2937.65 3703.96
60.9876 746.965  1487.4 2220.08 2941.65 3708.92
61.0691 747.965 1489.39 2223.08 2945.58 3713.92
61.1509 748.965 1491.39 2226.06 2949.52 3718.92
61.1509 749.965 1493.39 2229.05 2953.52 3723.92
61.2322 750.965 1495.39 2232.02 2957.52 3728.87
61.2322 751.971 1497.39 2235.02 2961.52 3733.86
61.2322 752.971  1499.4 2238.01 2965.52 3738.86
61.3133 753.971  1501.4 2240.98 2969.52 3743.82
61.3945 754.971  1503.4 2243.94 2973.52 3748.77
61.3945 755.971 1505.41 2246.93 2977.52 3753.77
61.3945 756.977 1507.41 2249.92 2981.52 3758.77
61.4754 757.977  1509.4 2252.92 2985.45 3763.77
61.5555 758.964  1511.4 2255.86 2989.45 3768.77
61.5555 759.964  1513.4 2258.86 2993.43 3773.79
61.6365 760.964  1515.4 2261.84 2997.38 3778.79
61.6365 761.971  1517.4 2264.83 3001.38 3783.79
61.7164 762.958  1519.4 2267.76 3005.38 3788.79
61.7968 763.958 1521.38 2270.76 3009.38 3793.73
61.8778 764.958 1523.38 2273.76 3013.32  3798.7
61.8778 765.958 1525.38 2276.76 3017.32  3803.7
61.9582 766.958 1527.36 2279.76 3021.32 3808.64
62.0383 767.958 1529.34  2282.7 3025.32 3813.64
62.0383 768.958 1531.34 2285.71  3029.3 3818.66
62.0383 769.967 1533.34 2288.71 3033.28 3823.67
62.0383 770.974 1535.34  2291.7 3037.28 3828.67
62.1183 771.974 1537.32  2294.7 3041.28 3833.61
62.1988 772.974 1539.32 2297.67 3045.22 3838.61
62.2786 773.974 1541.29 2300.62 3049.22 3843.61
62.3587  774.97 1543.29 2303.62 3053.15 3848.61
62.4373 775.947 1545.24 2306.62 3057.15 3853.61
62.4373 776.953 1547.24 2309.61 3061.15 3858.61
62.5158 777.929 1549.19 2312.61 3065.15 3863.61
62.5158 778.929  1551.2 2315.62 3069.13 3868.61
62.5158 779.929  1553.2 2318.62 3073.11 3873.63
62.5158  780.94  1555.2 2321.62 3077.09 3878.63
62.5158  781.94  1557.2 2324.62 3081.09 3883.63
62.5158  782.94  1559.2 2327.62 3085.07 3888.65
62.5955  783.94  1561.2 2330.59 3089.07  3893.6
 62.675 784.936  1563.2 2333.59    3093  3898.6
62.7549 785.936  1565.2 2336.56 3096.94  3903.6
62.7549 786.936 1567.22 2339.57 3100.92  3908.6
62.8328 787.913 1569.16 2342.57 3104.92  3913.6
62.9119 788.905 1571.16 2345.57 3108.92 3918.53
62.9119 789.915 1573.17 2348.57  3112.9 3923.53
62.9912 790.915 1575.15 2351.57  3116.9 3928.47
62.9912 791.915 1577.16 2354.57 3120.88 3933.48
63.0708 792.915 1579.16 2357.54 3124.82 3938.48
63.0708 793.915 1581.17 2360.54 3128.82 3943.48
63.0708 794.915 1583.18 2363.54 3132.81 3948.48
63.0708 795.924 1585.18 2366.54 3136.79  3953.5
63.1498 796.924 1587.18 2369.51 3140.79 3958.45
63.2292 797.924 1589.18 2372.51 3144.73 3963.43
63.3077 798.924 1591.16 2375.45 3148.73 3968.43
63.3865 799.924 1593.14 2378.45 3152.73 3973.37
63.4647 800.911 1595.14 2381.39 3156.73 3978.37
63.4647 801.911 1597.14 2384.38 3160.73 3983.37
63.5434 802.911 1599.12 2387.38 3164.73 3988.31
63.6224 803.911 1601.12 2390.35 3168.73 3993.26
63.7011 804.911  1603.1 2393.35 3172.73  3998.2
63.7801 805.911  1605.1 2396.31 3176.73 4003.16
63.7801 806.911 1607.11 2399.31 3180.71 4008.17
63.8585 807.904 1609.11 2402.31 3184.71  4013.1
63.9368 808.904 1611.09 2405.26 3188.71  4018.1
64.0153 809.896 1613.09 2408.26 3192.71 4023.03
64.0936 810.896 1615.06 2411.21 3196.71 4028.03
64.1722 811.896 1617.04 2414.21 3200.71 4032.97
64.1722 812.905 1619.04 2417.21 3204.69 4037.98
64.1722 813.905 1621.05 2420.21 3208.67 4042.98
64.2504 814.905 1623.03 2423.16 3212.67 4047.98
64.2504 815.905 1625.04 2426.17 3216.65 4052.98
64.3281 816.892 1627.04  2429.1 3220.65 4057.98
64.3281 817.899 1629.04 2432.09 3224.65 4062.98
64.3281 818.905 1631.04 2435.09 3228.65 4067.98
64.4057 819.892 1633.04 2438.02 3232.65 4072.98
64.4057 820.892 1635.04 2441.02 3236.64    4078
64.4842 821.892 1637.04 2444.02 3240.58 4082.97
64.4842 822.902 1639.04 2447.03 3244.57 4087.97
64.5608 823.879 1640.99 2450.03 3248.57 4092.97
64.6374 824.857 1642.94 2453.03 3252.57 4097.97
64.6374 825.866 1644.95 2456.03 3256.55 4102.97
64.7152 826.866 1646.93 2459.03 3260.55 4107.91
64.7152 827.875 1648.93 2462.03 3264.53 4112.93
64.7929 828.875 1650.91 2465.03 3268.53 4117.87
64.8712 829.875 1652.91    2468 3272.47 4122.87
64.9492 830.875  1654.9    2471 3276.41 4127.87
64.9492 831.875 1656.91    2474 3280.39 4132.88
64.9492 832.884 1658.91    2477 3284.36 4137.89
64.9492 833.893 1660.91    2480 3288.34 4142.91
65.0269 834.893 1662.89    2483 3292.28 4147.91
65.1049 835.893 1664.89    2486 3296.22 4152.88
65.1049 836.898  1666.9 2488.99 3300.22 4157.88
65.1817 837.886  1668.9 2491.93 3304.22 4162.88
65.2595 838.886  1670.9 2494.93 3308.17 4167.85
65.3372 839.886 1672.88 2497.93 3312.11 4172.85
65.4146 840.881 1674.88 2500.93 3316.03 4177.85
65.4146 841.891 1676.89 2503.93 3320.02 4182.85
65.4146 842.901 1678.89 2506.94    3324 4187.85
65.4146 843.901 1680.89 2509.94 3327.98 4192.87
65.4146 844.908 1682.89 2512.93 3331.98 4197.87
65.4916 845.908 1684.88 2515.93 3335.98 4202.81
65.5689 846.908 1686.88  2518.9 3339.98 4207.77
65.5689 847.916 1688.88  2521.9 3343.96 4212.78
65.5689 848.926 1690.89  2524.9 3347.94 4217.78
65.5689 849.926  1692.9  2527.9 3351.92 4222.79
65.6454 850.918  1694.9  2530.9 3355.92 4227.72
65.6454 851.918 1696.91  2533.9  3359.9 4232.72
65.6454 852.918 1698.92 2536.91 3363.89 4237.72
65.6454 853.918 1700.92 2539.91 3367.87 4242.74
65.7213 854.906 1702.92 2542.85 3371.87 4247.74
65.7976 855.898 1704.92 2545.85 3375.87 4252.67
65.7976 856.907 1706.93 2548.85 3379.85 4257.67
 65.874 857.907 1708.91 2551.85 3383.85 4262.61
65.9506 858.907 1710.91 2554.81 3387.85 4267.57
65.9506 859.916 1712.92 2557.81 3391.83 4272.57
65.9506 860.927 1714.92 2560.82 3395.81 4277.57
66.0262 861.914 1716.92 2563.76 3399.81 4282.57
66.1024 862.914  1718.9 2566.76 3403.81 4287.51
66.1791 863.914  1720.9 2569.76 3407.76 4292.49
 66.254 864.892 1722.85 2572.76 3411.76 4297.49
66.3289 865.869  1724.8 2575.76 3415.76 4302.49
66.4056 866.869  1726.8 2578.73 3419.71 4307.49
66.4056 867.869 1728.81 2581.74 3423.69 4312.49
66.4811 868.857 1730.81 2584.67 3427.69 4317.49
66.4811 869.857 1732.81 2587.67 3431.69 4322.49
66.4811 870.861 1734.82 2590.67 3435.69 4327.48
66.4811 871.861 1736.83 2593.67 3439.68 4332.48
66.5557 872.839 1738.78 2596.67 3443.68 4337.48
66.6313 873.839 1740.75 2599.62 3447.68 4342.48
66.6313 874.848 1742.75 2602.62 3451.66 4347.49
66.7065 875.835 1744.75 2605.56 3455.66 4352.49
66.7809 876.813  1746.7 2608.56 3459.66 4357.49
66.8554 877.791 1748.65 2611.56 3463.66 4362.49
66.9314 878.791 1750.63 2614.56 3467.59 4367.49
67.0069 879.791 1752.61 2617.51 3471.59 4372.49
67.0821 880.778 1754.61 2620.45 3475.59 4377.49
67.0821 881.778 1756.62 2623.45 3479.57  4382.5
67.1577 882.778  1758.6 2626.45 3483.57 4387.45
67.2335 883.774  1760.6 2629.45  3487.5 4392.45
67.2335 884.784  1762.6 2632.45 3491.49 4397.45
67.2335 885.788  1764.6 2635.45 3495.49 4402.44
67.2335 886.794  1766.6 2638.44 3499.49 4407.44
67.3091 887.794 1768.59 2641.44 3503.42 4412.44
 67.385 888.794 1770.59 2644.44 3507.37 4417.42
67.4602 889.786 1772.59 2647.44 3511.37 4422.35
67.5359 890.786 1774.58 2650.44 3515.31 4427.35
67.6107 891.773 1776.58 2653.38 3519.31 4432.35
67.6856 892.761 1778.58 2656.32 3523.31 4437.35
67.6856 893.771 1780.58 2659.32  3527.3 4442.35
67.7611 894.771 1782.57 2662.32 3531.23 4447.35
67.7611 895.781 1784.57 2665.33 3535.22 4452.35
67.8365 896.776 1786.57 2668.33 3539.15 4457.35
67.8365 897.781 1788.57 2671.33 3543.15 4462.34
67.8365 898.791 1790.57 2674.33 3547.13 4467.34
67.9113 899.791 1792.54 2677.28 3551.13 4472.34
67.9113 900.791 1794.54 2680.28 3555.11 4477.36
67.9863 901.791 1796.52 2683.28 3559.11  4482.3
67.9863 902.791 1798.52 2686.29  3563.1 4487.32
67.9863 903.799 1800.52 2689.29 3567.08 4492.33
67.9863 904.804 1802.53 2692.29 3571.08 4497.32
 68.061 905.804 1804.51 2695.29 3575.08 4502.27
 68.136 906.804 1806.49 2698.29 3579.01 4507.27
 68.136 907.809  1808.5 2701.28 3583.01 4512.27
 68.136 908.815  1810.5 2704.27 3587.01 4517.27
68.2107 909.815  1812.5 2707.24 3591.01 4522.22
68.2107  910.82  1814.5 2710.24 3595.01 4527.22
68.2107  911.83  1816.5 2713.24    3599 4532.22
68.2107 912.839  1818.5 2716.25 3602.99 4537.22
68.2107 913.849  1820.5 2719.25 3606.97 4542.22
68.2854 914.849  1822.5 2722.23 3610.92 4547.22
68.2854 915.849 1824.51 2725.23  3614.9 4552.23
68.2854 916.849 1826.52 2728.23 3618.88 4557.23
68.3596 917.845 1828.52 2731.23 3622.81 4562.23
68.4341 918.845 1830.52 2734.21 3626.76 4567.23
68.5086 919.845 1832.52 2737.21 3630.71  4572.2
68.5086 920.845 1834.52 2740.21 3634.71  4577.2
68.5086 921.851 1836.52  2743.2 3638.71 4582.21
68.5086 922.851 1838.53 2746.19 3642.71 4587.21
68.5086 923.851 1840.53 2749.19 3646.71 4592.21
68.5812 924.829 1842.48 2752.19 3650.71 4597.21
68.6547 925.829 1844.46 2755.14 3654.71 4602.21
68.7279 926.817 1846.46 2758.08 3658.71 4607.21
68.8012 927.804 1848.46 2761.02 3662.71 4612.21
68.8012 928.813 1850.47 2764.02  3666.7 4617.21
68.8736 929.791 1852.42 2767.02  3670.7 4622.21
68.8736   930.8 1854.42 2770.02 3674.68 4627.22
 68.947   931.8 1856.39 2772.97 3678.68 4632.22
 68.947   932.8  1858.4 2775.96 3682.68 4637.22
69.0208   933.8 1860.38 2778.96 3686.61 4642.22
69.0208 934.804 1862.38 2781.96 3690.61 4647.22
69.0946 935.804 1864.38 2784.94 3694.56 4652.22
69.0946  936.81 1866.38 2787.93 3698.56 4657.22
69.0946 937.818 1868.38 2790.93 3702.54 4662.23
69.0946 938.828 1870.38 2793.94 3706.53 4667.23
69.0946 939.837 1872.38 2796.94 3710.52 4672.23
69.0946 940.846 1874.39 2799.94  3714.5 4677.23
69.0946 941.846  1876.4 2802.94 3718.48 4682.23
69.1676 942.846 1878.39 2805.94 3722.48 4687.17
69.1676 943.855  1880.4 2808.94 3726.46 4692.17
  69.24 944.842  1882.4 2811.88 3730.46 4697.17
  69.24 945.842 1884.41 2814.89 3734.45 4702.17
  69.24 946.852 1886.41 2817.89 3738.44 4707.17
  69.24 947.852 1888.41 2820.89 3742.44 4712.17
69.3131 948.852 1890.41 2823.89 3746.39 4717.15
69.3862 949.852 1892.41 2826.86 3750.34 4722.15
69.4593 950.852 1894.41 2829.86 3754.29 4727.13
69.4593 951.852 1896.42 2832.86 3758.29 4732.13
69.5321 952.852 1898.42 2835.83 3762.29 4737.09
69.6049 953.852  1900.4 2838.83 3766.23 4742.09
69.6049 954.852 1902.41 2841.83 3770.21  4747.1
69.6049 955.852 1904.42 2844.82 3774.21  4752.1
69.6771 956.852 1906.39 2847.77 3778.21  4757.1
69.6771 957.861 1908.39 2850.78 3782.19  4762.1
69.6771 958.871 1910.39 2853.78 3786.18  4767.1
69.7492 959.864 1912.39 2856.78 3790.18 4772.03
69.8216 960.859 1914.39 2859.78 3794.11 4777.03
69.8943 961.859 1916.39 2862.76 3798.06 4782.03
69.8943 962.859  1918.4 2865.75 3802.06 4787.04
69.8943 963.864  1920.4 2868.75 3806.06 4792.03
69.9652 964.843 1922.35 2871.75 3810.06 4797.03
69.9652 965.848 1924.35 2874.75 3814.06 4802.03
70.0375 966.848 1926.34 2877.75    3818 4807.03
70.1097 967.844 1928.34 2880.75 3821.93 4812.03
70.1818 968.839 1930.34 2883.75 3825.87 4817.03
70.1818 969.839 1932.34 2886.75 3829.85 4822.04
70.2533 970.827 1934.34 2889.69 3833.85 4827.04
70.2533 971.836 1936.35 2892.69 3837.83 4832.04
70.3256 972.836 1938.35 2895.67 3841.78 4837.04
70.3973 973.828 1940.35 2898.67 3845.78 4841.98
70.4697 974.828 1942.35 2901.64 3849.73 4846.98
70.5418 975.828 1944.34 2904.64 3853.67 4851.98
70.5418 976.828 1946.34 2907.64 3857.65 4856.99
70.5418 977.828 1948.35 2910.65 3861.64 4861.99
70.6137 978.828 1950.35 2913.62 3865.64 4866.95
70.6859 979.828 1952.35 2916.59 3869.59 4871.95
70.6859 980.834 1954.35 2919.59 3873.59 4876.95
70.7574 981.834 1956.33 2922.54 3877.59 4881.95
70.8291 982.829 1958.33 2925.54 3881.52 4886.95
70.8291 983.829 1960.33 2928.54  3885.5 4891.97
70.8291 984.837 1962.33 2931.54 3889.48 4896.98
70.8291 985.843 1964.33 2934.53 3893.48 4901.98
70.8291 986.843 1966.34 2937.54 3897.47 4906.98
70.8291 987.851 1968.34 2940.54 3901.45 4911.99
70.8291 988.859 1970.34 2943.54 3905.43    4917
70.8999 989.847 1972.34 2946.48 3909.43    4922
70.9714 990.847 1974.33 2949.48 3913.37    4927
 71.043 991.847 1976.33 2952.48 3917.32 4931.98
 71.043 992.856 1978.33 2955.48 3921.31 4936.98
 71.043 993.856 1980.34 2958.48 3925.31 4941.98
71.1139 994.856 1982.31 2961.43 3929.31 4946.98
71.1139  995.86 1984.31 2964.43 3933.31 4951.97
71.1139  996.86 1986.32 2967.42 3937.31 4956.97
71.1844 997.849 1988.32 2970.36 3941.31 4961.97
71.2556 998.849 1990.32 2973.33 3945.31 4966.93
71.3264 999.841 1992.32 2976.33 3949.31 4971.87
71.3978 1000.84 1994.32 2979.33 3953.26 4976.85
71.4689 1001.84 1996.32  2982.3 3957.26 4981.81
71.5401 1002.84 1998.32 2985.27 3961.26 4986.77