2.33333 2.33333       3 2.33333       5       6
3.90833 3.33333       5 5.33333   8.375   10.05
4.86613 4.15022 6.22532 8.33333  12.375   15.05
4.86613 5.15022 8.26033 11.3333 16.4203 19.9697
5.66487 5.99559 9.61621 14.3333 20.4203 24.9697
6.67268 6.99559 11.6162 16.8833 24.4203 29.4119
7.54631  7.9115 13.6162 19.0938 28.4203 34.4119
7.54631  8.9115 15.6209 21.9049 32.6045 39.4119
8.39042  9.9115 17.3682 24.9049 36.6045 43.8205
9.23454 10.9115 19.1155 27.9049 40.6045 48.2291
9.99458 11.8096 21.1155 30.9049 43.9464 53.2291
 10.844 12.8096 23.1155 33.5315 47.9464  57.753
 10.844 13.9161 25.1124 36.4281 51.9464  62.753
 10.844 14.9161 27.1328 39.3589 55.9464 67.8018
11.5368 15.9161 28.8661 42.3589 59.5204 72.8018
12.2652 16.9161 30.8661 45.0336 63.5204 77.3987
12.2652 18.0096 32.8614 47.9447 67.5204 82.3987
12.2652 19.1022 34.8614 50.8533 71.5204 87.3975
12.2652 20.1957 36.8569 53.7643 75.5204 92.3975
12.2652 21.2767 38.8299 56.7643 79.5204 97.3435
12.8286 22.2767 40.6136 59.7643 83.1733 102.343
13.4051 23.2767 42.6136 62.4501  86.911 107.343
 13.946  24.216 44.6136   64.97  90.911 112.343
 13.946  25.216 46.5935   67.97 94.9455 117.329
 13.946 26.2745 48.5493   70.97 98.9311 122.329
 13.946 27.2745 50.5493 73.8842 102.994 127.352
 13.946 28.3487 52.5493 76.7942 106.994 132.368
14.4145 29.3009 54.5493 79.3736 110.994 137.368
14.4145 30.3009 56.5601 82.2994 114.994 142.432
14.4145 31.3009 58.5653 85.2172  119.07 147.432
14.4145 32.3009 60.5764 88.1434  123.07 152.494
14.4145 33.3009 62.5875 91.0697  127.07 157.557
14.4145 34.3604 64.5875 93.9672 131.113 162.557
14.8401 35.3604 66.5875 96.7418 135.113 167.357
14.8401 36.3604 68.5875 99.6498 139.175 172.387
14.8401 37.3604 70.5875 102.558 143.236 177.418
15.2198 38.3162 72.5875 105.558 146.901 182.418
15.6173 39.3162 74.5875 108.558 150.738 187.183
15.9994 40.2781 76.5875 111.214 154.738 192.183
15.9994 41.3208   78.57 114.214 158.738 197.158
16.3826 42.3208 80.4516 116.949 162.738 202.158
16.7594 43.2942 82.4516 119.949 166.738 206.808
16.7594 44.3438 84.4516 122.857  170.78 211.808
17.1409 45.3438 86.4516 125.654  174.78 216.629
17.5187 46.3438 88.4516 128.423 178.633 221.629
17.5187 47.3438 90.4516 131.338 182.688  226.66
17.5187  48.395 92.4516 134.255 186.688 231.693
17.8777  49.395 94.3458 137.255 190.688  236.44
18.2318  50.395 96.2146 140.255 194.465  241.44
18.2318 51.4339 98.1981 143.255 198.465 246.417
18.2318 52.4339 100.187 146.255 202.484 251.408
18.5714 53.4107 102.187 149.255 206.484 256.092
18.5714 54.4107 104.195 152.188 210.543 261.092
18.8989 55.3703 106.195 155.188 214.256 266.092
18.8989  56.413 108.195  158.11  218.29 271.092
18.8989  57.413 110.209 161.053  222.29 276.136
19.2216  58.413 112.091 164.053 226.086 281.136
19.2216 59.4457 114.091 167.053 230.083 286.107
19.5329 60.4084 116.091 170.053 233.809 291.107
19.8454 61.3749 118.091 172.773 237.809 296.107
19.8454 62.4074 120.077 175.773 241.809 301.088
19.8454 63.4074 122.087 178.716 245.857 306.088
19.8454 64.4483 124.087  181.65 249.857 311.113
19.8454 65.4802 126.074  184.65 253.857 316.094
20.1271 66.4095 127.863  187.65 257.857 321.094
20.1271 67.4095 129.863 190.587 261.893  326.12
20.1271 68.4095 131.853 193.587 265.906 331.117
20.1271 69.4375 133.853 196.587 269.902 336.093
20.1271  70.474 135.853 199.522 273.931 341.093
20.4068 71.4535 137.853 202.522 277.931 345.834
20.4068 72.4801 139.833 205.522 281.924 350.834
20.4068 73.5174 141.833 208.463 285.924 355.855
 20.682 74.5174 143.746 211.275 289.924 360.855
 20.682 75.5583 145.754 214.226 293.924 365.855
20.9506 76.5394 147.754 217.226 297.924 370.606
20.9506 77.5743 149.754 220.163 301.952 375.606
21.2206 78.5743 151.754 223.001 305.844 380.606
21.4907 79.5743 153.754 225.839 309.736 385.606
21.7605 80.5743 155.754 228.839 313.625 390.447
21.7605 81.6104 157.754 231.782 317.625 395.468
22.0222  82.592 159.754 234.782 321.625 400.225
22.0222 83.6203 161.743 237.782 325.625 405.207
22.0222 84.6587 163.752 240.735 329.625 410.207
22.2824 85.6587 165.752 243.735 333.519 415.053
22.2824 86.6925 167.752 246.676 337.544 420.053
22.5351 87.6757 169.752 249.676 341.544 424.817
22.7845 88.6461 171.752 252.676 345.324 429.817
 23.043 89.6461 173.752 255.542 349.324 434.693
 23.043 90.6702 175.737 258.542 353.315 439.693
23.2986 91.6702 177.737  261.41 357.315  444.57
23.2986 92.6702 179.748 264.368 361.315   449.6
23.5462 93.6702 181.659 267.368 365.156   454.6
23.7975 94.6702 183.659  270.22 369.052   459.6
24.0501 95.6702 185.659 273.089 373.052 464.479
24.0501 96.7036 187.659 276.039 377.052 469.496
24.0501 97.7036  189.67 278.997 381.052 474.527
24.2942 98.7036 191.595 281.828 385.052 479.527
24.5342 99.6789 193.595 284.612 389.052 484.527
24.7782 100.679  195.52 287.443 393.052 489.527
24.7782 101.714  197.53 290.398 397.052 494.527
25.0216 102.714  199.53 293.398 400.952 499.384
25.0216 103.739 201.521 296.398 404.952 504.368
25.2608 104.739 203.448 299.232 408.952 509.368
25.2608 105.739 205.443 302.232 412.962 514.363
25.4996 106.739 207.443 305.089 416.866 519.363
25.7318 107.711 209.443 308.089 420.662 524.363
25.7318 108.733  211.43 311.089 424.653 529.363
25.9651 109.733 213.347 314.089 428.503 534.363
25.9651 110.766 215.356 317.047 432.503 539.363
25.9651 111.796 217.356 319.995 436.525 544.363
26.1942 112.796 219.274 322.995 440.377 549.363
26.4265 113.796 221.274 325.859 444.282 554.363
26.6525  114.77 223.274 328.859 448.082 559.363
26.8786 115.743 225.274 331.859 451.883 564.363
26.8786 116.765 227.263 334.859 455.872 569.363
27.1033 117.741 229.263 337.658 459.872 574.363
27.3333 118.741 231.263 340.524 463.776 579.363
27.3333 119.763 233.254 343.524 467.776  584.35
27.3333 120.792 235.254 346.476 471.795  589.35
27.5579 121.792 237.187 349.476 475.795 594.192
27.5579 122.813 239.176 352.476 479.785 599.192
27.5579 123.813 241.184 355.436 483.785 604.224
27.5579 124.842 243.184 358.388 487.785 609.243
 27.775 125.825 245.184 361.388 491.785 614.043
 27.775 126.856 247.193 364.349 495.785 619.043
27.9912 127.856 249.117 367.349 499.644 624.043
27.9912 128.856 251.117 370.305 503.665 629.065
27.9912 129.884 253.117 373.259 507.665 634.083
27.9912 130.884 255.125  376.22 511.665 639.114
27.9912 131.884 257.134 379.182 515.665 644.144
27.9912 132.884  259.13 382.182 519.669 649.145
27.9912 133.905  261.13 385.182 523.661 654.132
 28.199 134.905 263.068 388.182 527.661 658.986
 28.199 135.905 265.068  391.14 531.681 664.007
28.3961 136.855  266.92  394.14 535.681 669.007
28.3961 137.855 268.916  397.14 539.686 674.008
28.3961 138.855 270.923 400.104 543.714 679.008
28.3961 139.884  272.93 403.068 547.714 684.008
28.5978 140.884 274.869 406.068 551.714 688.868
28.8006 141.884 276.869 409.068 555.626 693.752
28.8006 142.909 278.869 412.026 559.643 698.752
28.8006 143.909 280.876 414.991 563.643 703.781
28.9911 144.861 282.733 417.991 567.643 708.781
28.9911  145.88 284.722 420.991 571.636 713.781
28.9911  146.88 286.728 423.957 575.663 718.781
28.9911 147.905 288.728 426.915  579.68 723.781
28.9911 148.925 290.719 429.915  583.68  728.77
29.1814 149.902 292.719 432.915 587.512  733.77
29.1814 150.902 294.724 435.881 591.512 738.798
29.1814 151.921 296.714 438.881 595.504 743.798
29.1814 152.948  298.72 441.848 599.504 748.798
29.1814 153.966 300.709 444.848 603.497 753.798
29.1814 154.966 302.714 447.815 607.497 758.826
29.3657 155.945 304.714 450.815 611.334 763.826
29.3657 156.945  306.71 453.815 615.337 768.827
29.5534 157.945  308.71 456.715 619.337  773.74
29.5534 158.963   310.7 459.715 623.329  778.74
29.5534 159.981 312.689 462.715 627.321  783.74
29.7363 160.981 314.624 465.715 631.203  788.74
29.9175 161.962 316.624 468.553 635.203  793.74
29.9175  162.98 318.624 471.553 639.196 798.729
30.0972  163.96 320.624 474.553 643.037 803.729
30.0972 164.985  322.63 477.522 647.037 808.729
30.2797 165.985  324.63 480.417 650.959 813.729
30.2797 167.011 326.636 483.385 654.959 818.729
30.4609 168.011 328.636 486.385 658.879 823.629
30.6397 168.997 330.636 489.385 662.879 828.464
30.6397 170.022 332.642 492.354 666.879 833.464
30.6397 171.022 334.649 495.324 670.902 838.464
30.6397 172.022 336.654 498.293 674.902 843.489
30.8154 173.009 338.654 501.293 678.902 848.327
30.8154 174.009  340.66 504.262 682.902 853.352
30.9893 174.991  342.66 507.107 686.902 858.352
31.1646 175.991 344.599 510.107 690.788 863.352
31.1646 176.991 346.599 513.072 694.803  868.37
31.1646 178.008 348.591 516.072 698.803 873.361
31.1646 179.025 350.591 519.072 702.796 878.351
31.3364 180.012 352.591 522.072 706.796 883.193
31.3364 181.036 354.597 525.042 710.796 888.193
31.5072 182.023 356.597 528.042 714.796 893.035
31.5072 183.045 358.597 531.007 718.796 898.049
31.6798 184.045 360.597 533.915 722.796 902.968
31.6798 185.062  362.59 536.915 726.796 907.958
31.8488 186.049  364.59 539.915 730.796 912.801
32.0128 187.007 366.467 542.915 734.796 917.801
32.0128 188.029 368.467 545.881 738.796 922.815
32.0128  189.05 370.467 548.846 742.796 927.828
32.1789 190.031 372.467 551.846 746.649 932.828
32.3452 191.013 374.467 554.698 750.649 937.828
32.5128 192.013 376.408 557.698 754.541 942.828
 32.682 193.013 378.408 560.698 758.466 947.733
32.8511 194.013 380.408 563.698 762.392 952.638
32.8511 195.034 382.408 566.664 766.392 957.651
32.8511  196.05 384.401 569.664 770.392 962.642
33.0186  197.05 386.401 572.664 774.318 967.548
33.1845  198.05 388.343 575.664  778.21 972.548
33.1845 199.066 390.336 578.664  782.21 977.539
33.3501 200.066 392.284 581.551  786.21 982.539
33.3501 201.087 394.284 584.518  790.21 987.551
33.3501 202.103 396.284 587.518 794.203 992.542
33.3501 203.124 398.284 590.485 798.215 997.542
33.3501 204.145 400.284 593.453 802.227 1002.54
33.5135 205.145 402.284  596.36 806.156 1007.54
33.5135 206.161 404.284  599.36 810.149 1012.53
33.6696 207.121 406.167  602.36 814.149 1017.53
33.6696 208.137  408.16  605.36 818.149 1022.52
33.6696 209.137 410.165 608.335 822.169 1027.52
33.8286 210.125 412.165 611.335 826.169 1032.38
33.9896 211.125 414.165 614.243   830.1 1037.38
34.1505 212.125 416.165 617.151 834.031 1042.38
34.3095 213.113 418.165 620.151 838.031 1047.23
34.3095 214.113 420.165 623.122 842.044 1052.25
34.4668 215.095 422.165 626.122 845.905 1057.25
34.6251 216.082 424.165 629.122 849.905  1062.1
 34.779 217.043 426.051 632.122 853.905  1067.1
34.9377 218.043 427.995 635.122 857.802  1072.1
35.0959  219.03 429.995 638.122 861.802 1076.95
35.2563  220.03 431.995 641.039 865.802 1081.88
35.4156  221.03 433.947 644.039 869.802 1086.77
 35.575  222.03 435.899 647.039 873.802 1091.65
35.7323 223.012 437.899   649.9 877.802 1096.65
35.7323 224.012 439.899 652.871 881.816 1101.67
35.8915 225.012 441.899 655.781 885.747 1106.67
 36.048 225.993 443.899 658.781 889.609 1111.67
 36.048 227.014 445.904 661.756 893.609 1116.67
 36.048 228.014 447.908 664.731 897.609 1121.69
 36.048 229.032 449.908 667.702  901.62 1126.69
36.2056 230.032 451.908  670.62  905.62 1131.61
36.3628 231.032 453.908 673.531 909.551 1136.61
36.3628 232.032 455.914 676.507  913.57 1141.61
36.5183 233.032 457.864 679.401  917.57 1146.61
36.6735 234.032  459.81 682.401 921.469 1151.61
36.8274 235.015  461.81 685.265 925.469 1156.61
36.9842 236.015  463.81 688.183 929.469 1161.54
37.1348 236.976 465.698 691.183 933.469 1166.54
37.1348 237.989 467.691 694.183 937.463 1171.54
37.2879 238.971 469.691 697.183 941.328 1176.54
37.2879 239.971 471.691 700.155 945.341 1181.55
37.2879 240.971 473.696 703.131  949.36 1186.55
37.2879 241.984 475.689 706.131 953.353 1191.55
37.2879 242.984 477.693 709.107 957.353 1196.57
37.4394 243.972 479.693 712.107 961.353 1201.44
37.5901 244.953 481.693 715.107 965.221 1206.44
37.5901 245.953 483.693 718.079 969.233 1211.45
37.7417 246.953 485.644 720.976 973.233 1216.45
37.8942 247.953 487.644 723.976 977.166 1221.37
 38.046 248.953 489.598 726.976 981.166 1226.26
38.1985 249.953 491.598 729.976 985.098 1231.18
38.1985 250.967 493.592 732.976 989.098 1236.17
38.1985 251.967 495.597 735.953 993.116 1241.17
38.3474 252.949 497.597 738.953 996.986 1246.17
 38.498 253.949 499.551 741.953 1000.99 1251.06
 38.498 254.949 501.548 744.953 1004.99 1256.06
38.6433 255.911 503.441 747.953 1008.99 1261.06
38.6433 256.911 505.441 750.927    1013 1266.08
38.7933 257.911 507.441 753.844 1016.93 1271.08
38.7933 258.911 509.438 756.844 1020.93 1276.08
38.7933 259.928 511.438 759.816 1024.94 1281.08
38.7933 260.941 513.438 762.816 1028.94 1286.07
38.7933 261.958 515.438 765.789 1032.95 1291.07
38.7933 262.958 517.442 768.768 1036.97 1296.07
38.9383  263.94 519.442  771.64 1040.97 1301.07
39.0849  264.94 521.398  774.64 1044.97 1305.97
39.2321  265.94 523.398  777.64  1048.9 1310.89
39.3792  266.94 525.398 780.558 1052.84 1315.89
39.3792  267.94 527.398 783.532 1056.85  1320.9
39.5244 268.927 529.398 786.532 1060.85 1325.77
39.5244 269.944 531.398 789.505 1064.86 1330.77
39.5244 270.944 533.402 792.482 1068.86 1335.79
39.5244 271.957 535.395 795.482 1072.85 1340.79
39.6671 272.939 537.395 798.482 1076.73 1345.79
39.8099 273.921 539.395 801.482  1080.6 1350.79
39.8099 274.937 541.395 804.456 1084.61 1355.79
39.9537 275.937 543.352 807.456 1088.61 1360.69
40.0982 276.937 545.352 810.376 1092.55 1365.69
40.0982 277.955 547.356 813.354 1096.55 1370.69
40.0982 278.971 549.356 816.327 1100.55  1375.7
40.0982 279.971  551.36 819.305 1104.55 1380.72
40.2411 280.971  553.36 822.305 1108.48 1385.64
40.2411 281.971  555.36  825.28  1112.5 1390.65
40.3838 282.971  557.36 828.207  1116.5 1395.58
40.5251 283.971  559.31 831.207  1120.4 1400.58
40.6669 284.971 561.268 834.207  1124.4 1405.48
40.8093 285.971 563.268 837.207 1128.34  1410.4
40.8093 286.987 565.268 840.181 1132.34 1415.41
40.9498 287.975 567.268 843.181 1136.34 1420.29
41.0906 288.975 569.219 846.181 1140.25 1425.29
41.2304 289.958 571.219 849.058 1144.25 1430.29
41.3701  290.94 573.219 851.936 1148.25 1435.29
41.3701  291.94 575.219 854.912 1152.26  1440.3
41.3701  292.94 577.223  857.89 1156.26 1445.32
 41.511  293.94 579.223  860.89  1160.2 1450.24
41.6505 294.928 581.223  863.89  1164.2 1455.11
41.7899 295.916 583.223  866.89  1168.2 1459.99
41.7899 296.916  585.22  869.89  1172.2 1464.99
41.9282 297.898  587.22 872.769  1176.2 1469.99
41.9282 298.898 589.224 875.748  1180.2    1475
42.0681 299.898 591.224 878.748 1184.14 1479.93
42.0681 300.898 593.224 881.724 1188.15 1484.94
42.0681 301.915 595.229 884.703 1192.15 1489.94
42.0681 302.932 597.233 887.682 1196.15 1494.94
42.0681 303.948 599.237 890.661 1200.15 1499.94
42.0681 304.964 601.237 893.637 1204.16 1504.94
42.2012 305.928  603.14 896.637 1208.16 1509.94
42.3343 306.893 605.042 899.637 1212.16 1514.94
42.3343 307.905 607.042 902.637 1216.15 1519.93
42.4717 308.905 609.042 905.566 1220.15 1524.86
42.6069 309.888 611.042 908.448 1224.15 1529.86
42.6069 310.903 613.042 911.424 1228.16 1534.86
42.7423 311.891 615.042 914.424 1232.16 1539.74
42.7423 312.891 617.042   917.4 1236.17 1544.75
42.8766 313.874 619.042 920.283 1240.17 1549.75
43.0128 314.874 621.042 923.207 1244.11 1554.75
43.1477 315.861 623.042 926.207 1248.11 1559.63
43.1477 316.861 625.046 929.186 1252.11 1564.65
43.2816 317.845 627.046 932.069 1256.11 1569.65
43.4155 318.828 629.046 934.952 1260.11 1574.65
43.5493 319.811 631.046 937.835 1264.11 1579.65
43.5493 320.822  633.04 940.835 1268.11 1584.65
43.6834 321.809  635.04 943.835 1272.11 1589.53
 43.819 322.809  637.04 946.765 1276.11 1594.46
 43.819 323.825 639.045 949.744 1280.11 1599.46
43.9539 324.825 641.045 952.744 1284.05 1604.38
 44.087 325.808 643.045 955.628 1288.05 1609.38
44.2211 326.808 645.002 958.537 1292.05 1614.38
44.2211 327.808 647.007 961.516 1296.06 1619.38
44.3556 328.808 649.007 964.516 1300.01 1624.31
44.3556 329.819 651.007 967.516    1304  1629.3
44.3556 330.835 653.012 970.495    1308  1634.3
44.4888 331.835 654.972 973.495    1312 1639.21
44.4888 332.835 656.976 976.475    1316 1644.22
44.6211 333.835  658.93 979.475 1319.92 1649.22
44.6211 334.835 660.935 982.454 1323.93 1654.22
44.7539 335.835 662.935 985.454 1327.87 1659.15
44.8863 336.835 664.896 988.454 1331.87 1664.06
45.0173 337.818 666.896 991.454 1335.76 1669.06
45.1482   338.8 668.896 994.454 1339.65 1674.06
45.2801   339.8  670.85 997.454 1343.56 1679.06
45.4125   340.8  672.81 1000.45 1347.56 1683.96
45.4125   341.8 674.808 1003.45 1351.56 1688.96
45.5444   342.8 676.769 1006.45 1355.56 1693.87
45.5444   343.8 678.769 1009.43 1359.57 1698.88
45.5444   344.8 680.767 1012.43 1363.57 1703.88
45.5444 345.811 682.761 1015.43 1367.57 1708.88
45.5444 346.821 684.757 1018.43 1371.57 1713.88
45.5444 347.821 686.755 1021.43 1375.57 1718.88
45.5444 348.821 688.755 1024.41 1379.58 1723.89
45.6741 349.821 690.716 1027.41 1383.58  1728.8
45.6741 350.821 692.714 1030.41 1387.58  1733.8
45.6741 351.835 694.714 1033.39 1391.59  1738.8
45.8038 352.835 696.714 1036.32 1395.59 1743.74
45.8038  353.85 698.718  1039.3 1399.59 1748.74
45.8038  354.86 700.713  1042.3 1403.59 1753.73
45.9316  355.86 702.669  1045.3 1407.51 1758.73
45.9316 356.871 704.669  1048.3  1411.5 1763.72
46.0599 357.871 706.669  1051.3 1415.45 1768.65
46.0599 358.871 708.673 1054.28 1419.46 1773.65
46.1862 359.854 710.673 1057.17 1423.46 1778.65
46.1862 360.869 712.677 1060.15 1427.46 1783.65
46.3141 361.869 714.677 1063.09 1431.46 1788.59
46.3141 362.869 716.681 1066.07 1435.48 1793.59
46.4409 363.869 718.643 1069.07 1439.48  1798.5
46.4409  364.88 720.639 1072.07 1443.48 1803.49
46.4409  365.88 722.643 1075.05 1447.49 1808.49
46.4409  366.88 724.641 1078.05 1451.49 1813.49
46.5654 367.863 726.641 1081.05 1455.38 1818.49
46.5654 368.877 728.641 1084.03 1459.38  1823.5
46.5654 369.877 730.645 1087.01  1463.4  1828.5
46.6909 370.877 732.645 1089.94 1467.34  1833.5
46.6909 371.887 734.641 1092.94 1471.34  1838.5
46.6909 372.897 736.636 1095.94 1475.34 1843.49
46.8157 373.897 738.636 1098.87 1479.29 1848.49
46.9395 374.886 740.636 1101.87 1483.29 1853.38
46.9395 375.886 742.641 1104.85  1487.3 1858.38
 47.064 376.886 744.641 1107.85 1491.25 1863.31
47.1869  377.87 746.641 1110.75 1495.25 1868.31
47.3117  378.87 748.641 1113.68 1499.25 1873.25
47.3117 379.883 750.641 1116.66 1503.26 1878.25
47.3117 380.896 752.641 1119.64 1507.26 1883.26
47.4319 381.864 754.553 1122.64 1511.26 1888.26
47.5541 382.848 756.553 1125.53 1515.26 1893.26
47.6782 383.848 758.553 1128.47 1519.26  1898.2
47.6782 384.861 760.553 1131.45 1523.27  1903.2
47.6782 385.861 762.553 1134.43 1527.28 1908.21
47.6782 386.861 764.553  1137.4 1531.29 1913.22
47.6782 387.861 766.557 1140.39 1535.29 1918.23
47.6782  388.87 768.552 1143.39 1539.28 1923.23
47.7989 389.855 770.552 1146.28 1543.28 1928.23
47.7989 390.855 772.556 1149.26  1547.3 1933.23
47.9193 391.839 774.556 1152.16  1551.3 1938.23
47.9193 392.853  776.56 1155.14  1555.3 1943.23
48.0404 393.853 778.522 1158.06  1559.3 1948.23
 48.162 394.853 780.522 1161.06 1563.24 1953.16
 48.162 395.863 782.518 1164.06 1567.24 1958.16
 48.162 396.873 784.513 1167.06 1571.24 1963.15
 48.162 397.873 786.512 1170.06 1575.25 1968.15
48.2821 398.873 788.473 1172.97 1579.25 1973.15
48.4028 399.873 790.473 1175.97 1583.19 1978.08
48.5219 400.857 792.473 1178.97 1587.09 1983.08
48.6411 401.842 794.473 1181.87 1591.09 1988.08
48.6411 402.854 796.473 1184.85  1595.1 1993.08
48.6411 403.864 798.469 1187.85  1599.1 1998.08
48.6411 404.864 800.469 1190.83 1603.11 2003.09
48.7611 405.864 802.469 1193.77 1607.11 2008.03
48.7611 406.864 804.469 1196.74 1611.12 2013.04
48.8798 407.864 806.428 1199.74 1615.04 2018.04
48.9993 408.864 808.428 1202.74 1618.99 2022.97
48.9993 409.864 810.432 1205.73    1623 2027.97
49.1177 410.864 812.391 1208.73 1626.93 2032.97
49.1177 411.864 814.395 1211.71 1630.93 2037.99
49.2351 412.848 816.395 1214.71 1634.82 2042.99
 49.354 413.848 818.395 1217.64 1638.77 2047.99
49.4714 414.832 820.395 1220.64 1642.67 2052.99
49.4714 415.832 822.399 1223.62 1646.67    2058
49.5895 416.832 824.361 1226.54 1650.67    2063
49.7066 417.817 826.361 1229.44 1654.67    2068
49.7066 418.817 828.361 1232.42 1658.68 2073.02
49.8249 419.817 830.361 1235.35 1662.63 2078.02
49.9428 420.817 832.326 1238.35 1666.63 2082.93
50.0597 421.802 834.326 1241.35 1670.53 2087.93
 50.178 422.802 836.326 1244.35 1674.47 2092.87
 50.178 423.802 838.324 1247.35 1678.48 2097.87
 50.178 424.814 840.324 1250.33 1682.48 2102.87
50.2924 425.783 842.241 1253.33 1686.48 2107.87
50.2924 426.796 844.245 1256.31 1690.48 2112.87
50.2924 427.796 846.249  1259.3  1694.5 2117.87
50.4092 428.796 848.214  1262.3  1698.5 2122.79
50.5258 429.796 850.177 1265.22  1702.5 2127.79
50.5258 430.808 852.177  1268.2 1706.51 2132.79
50.5258 431.821 854.181 1271.18 1710.51 2137.79
50.6427 432.821 856.181 1274.12 1714.51 2142.73
50.6427 433.821 858.179 1277.12 1718.51 2147.73
50.7583 434.821 860.139 1280.12 1722.43 2152.73
50.7583 435.821 862.139  1283.1 1726.44 2157.74
50.8744 436.821 864.139 1286.03 1730.39 2162.74
50.8744 437.834 866.143 1289.02 1734.39 2167.74
50.8744 438.843 868.143 1292.02 1738.39 2172.74
50.9893 439.843 870.103 1295.02 1742.31 2177.74
51.1049 440.843 872.103 1297.95 1746.26 2182.74
51.2204 441.843 874.103 1300.95 1750.21 2187.67
51.2204 442.856 876.108 1303.93 1754.21 2192.67
 51.335 443.856 878.068 1306.93 1758.13 2197.67
 51.335 444.869 880.072 1309.92 1762.13 2202.67
 51.335 445.878 882.068 1312.92 1766.13 2207.67
 51.335 446.878 884.068  1315.9 1770.14 2212.68
 51.335 447.887 886.068  1318.9 1774.14 2217.67
51.4495 448.887 888.068 1321.84 1778.14 2222.62
 51.564 449.887 890.068 1324.78 1782.14 2227.56
51.6769 450.872 892.068 1327.78 1786.04 2232.56
 51.788 451.842 893.987 1330.78 1790.04 2237.56
 51.788 452.854 895.987 1333.76 1794.05 2242.56
 51.788 453.862 897.982 1336.76 1798.05 2247.56
51.8987 454.832 899.902 1339.76 1802.05 2252.56
51.8987 455.832 901.906 1342.74 1806.06 2257.56
51.8987 456.844 903.906 1345.72 1810.06 2262.57
51.8987 457.844 905.909 1348.71 1814.07 2267.57
51.8987 458.857 907.913 1351.69 1818.07 2272.57
 52.011 459.857 909.877 1354.61 1822.07 2277.57
 52.011 460.868 911.877 1357.59 1826.07 2282.58
52.1226 461.857 913.877 1360.59 1830.07 2287.48
52.2345 462.857 915.838 1363.59    1834 2292.48
52.3465 463.857 917.802 1366.52    1838 2297.48
52.4592 464.857 919.802 1369.46    1842 2302.43
52.4592 465.857 921.802 1372.44 1846.01 2307.44
52.5684 466.828 923.722 1375.44 1850.01 2312.44
52.5684 467.836 925.718 1378.44 1854.01 2317.43
52.6791 468.821 927.718 1381.44 1857.91 2322.43
52.7903  469.81 929.718 1384.44 1861.91 2327.33
52.9014   470.8 931.718 1387.44 1865.91 2332.23
52.9014 471.811 933.718 1390.42 1869.91 2337.24
53.0132 472.811 935.718 1393.36 1873.86 2342.24
53.0132 473.823 937.722 1396.34 1877.86 2347.24
53.1234 474.809 939.722 1399.24 1881.86 2352.24
53.1234 475.817 941.718 1402.24 1885.86 2357.24
53.2318 476.788 943.639 1405.24 1889.86 2362.24
53.3418 477.773 945.639 1408.24 1893.77 2367.24
53.4532 478.773 947.639 1411.19 1897.77 2372.18
53.5645 479.773 949.639 1414.12 1901.72 2377.18
53.5645 480.773 951.639  1417.1 1905.73 2382.19
53.5645 481.781 953.634  1420.1 1909.73 2387.19
53.5645 482.781 955.634 1423.09 1913.73  2392.2
53.6753 483.781 957.634 1426.03 1917.73 2397.15
53.7855 484.781 959.601 1429.03 1921.73 2402.07
53.8961 485.781 961.601 1432.03 1925.69 2407.01
53.8961 486.781 963.604 1435.01 1929.69 2412.02
54.0065 487.781 965.604 1437.95 1933.64 2417.02
54.1165 488.781 967.571 1440.95 1937.64 2421.94
54.1165 489.789 969.567 1443.95 1941.63 2426.94
 54.226 490.789 971.528 1446.95 1945.56 2431.94
 54.226 491.789 973.532 1449.93 1949.57 2436.94
 54.226   492.8 975.532 1452.91 1953.58 2441.94
 54.335   493.8 977.494 1455.91 1957.51 2446.94
 54.335   494.8 979.498  1458.9 1961.52 2451.94
54.4439   495.8  981.46  1461.9 1965.45 2456.94
54.4439 496.812 983.463 1464.88 1969.45 2461.94
54.5519 497.798 985.463 1467.88 1973.36 2466.94
54.5519 498.809 987.463 1470.86 1977.37 2471.94
54.6604 499.809 989.428 1473.79 1981.37 2476.94
54.6604 500.809 991.428 1476.77 1985.38 2481.96
54.7692 501.809 993.428 1479.77 1989.33  2486.9
54.8768 502.794 995.428 1482.77 1993.23  2491.9
54.8768 503.794 997.426 1485.77 1997.23  2496.9
54.9841  504.78 999.426 1488.77 2001.14  2501.9
54.9841 505.788 1001.42 1491.77 2005.14  2506.9
54.9841 506.788 1003.42 1494.76 2009.14 2511.91
55.0919 507.788 1005.39 1497.76 2013.14 2516.84
55.0919 508.796 1007.39 1500.76 2017.13 2521.84
55.1995 509.796 1009.35 1503.76 2021.13 2526.76
55.1995 510.807 1011.35 1506.74 2025.13 2531.77
 55.306 511.792 1013.35 1509.74 2029.04 2536.77
 55.306 512.792 1015.36 1512.72 2033.05 2541.77
 55.306   513.8 1017.35 1515.72 2037.05 2546.77
55.4133   514.8 1019.35 1518.66 2041.01 2551.77
55.4133 515.811 1021.35 1521.64 2045.01 2556.77
55.5206 516.811 1023.35 1524.59 2049.01 2561.71
55.6265 517.797 1025.35  1527.5 2053.01 2566.71
55.7331 518.797 1027.32 1530.42 2057.01 2571.71
55.8375 519.768 1029.24 1533.42 2061.01 2576.71
55.8375 520.776 1031.24 1536.42 2065.01 2581.71
55.8375 521.784 1033.24 1539.42 2069.01 2586.71
55.8375 522.795 1035.24 1542.41 2073.01 2591.71
55.9439 523.795 1037.24 1545.41 2076.97 2596.65
56.0501 524.795  1039.2 1548.41 2080.97 2601.58
56.0501 525.803  1041.2 1551.41 2084.96 2606.58
56.1563 526.803  1043.2 1554.41 2088.91 2611.52
 56.262 527.803 1045.16 1557.41 2092.85 2616.52
56.3671 528.788 1047.16 1560.41 2096.75 2621.52
56.3671 529.796 1049.16 1563.41 2100.75 2626.52
56.3671 530.804 1051.16 1566.41 2104.75 2631.51
56.4725 531.804 1053.12 1569.34 2108.75 2636.51
56.4725 532.804 1055.12 1572.32 2112.76 2641.52
56.5781 533.804 1057.12 1575.32 2116.71 2646.47
56.5781 534.812 1059.12 1578.32 2120.71 2651.46
 56.681 535.784 1061.04 1581.32 2124.71 2656.46
 56.681 536.794 1063.04  1584.3 2128.71 2661.47
56.7836 537.766 1064.97  1587.3 2132.71 2666.47
56.8889 538.766 1066.97 1590.24 2136.66 2671.47
 56.993 539.752 1068.97 1593.15 2140.66 2676.47
57.0982 540.752 1070.97 1596.09 2144.62 2681.47
57.2023 541.738 1072.97 1599.09 2148.53 2686.47
57.2023 542.738 1074.97 1602.08 2152.53 2691.48
57.2023 543.738 1076.97 1605.06 2156.53  2696.5
57.3068 544.738 1078.94 1608.06 2160.53 2701.42
57.3068 545.749 1080.94 1611.04 2164.53 2706.42
57.4112 546.749 1082.91 1614.04 2168.53 2711.35
57.4112 547.761 1084.91 1617.03 2172.53 2716.35
57.5153 548.761 1086.88 1620.03 2176.53 2721.28
57.5153 549.761 1088.88 1623.03 2180.53 2726.28
57.5153 550.761 1090.88 1626.02 2184.55 2731.28
57.5153 551.771 1092.88    1629 2188.55 2736.29
57.5153 552.778 1094.88    1632 2192.54 2741.28
57.6187 553.778 1096.85    1635 2196.54 2746.21
57.6187 554.789 1098.85 1637.98 2200.54 2751.21
57.6187 555.789 1100.85 1640.98 2204.54 2756.21
57.7218 556.789 1102.82 1643.98 2208.54 2761.14
57.8247 557.789 1104.79 1646.91 2212.54 2766.14
57.8247   558.8 1106.79  1649.9 2216.55 2771.14
57.8247 559.811 1108.79 1652.88 2220.55 2776.14
57.9278 560.811 1110.79 1655.83 2224.55 2781.09
58.0309 561.811 1112.79 1658.78 2228.55 2786.04
58.1331 562.801 1114.79 1661.78 2232.55 2790.95
58.1331 563.808 1116.79 1664.78 2236.55 2795.95
58.1331 564.819 1118.79 1667.76 2240.55 2800.95
58.2352 565.819 1120.75 1670.76 2244.48 2805.95
58.3377 566.819 1122.75 1673.71 2248.43 2810.95
58.3377 567.831 1124.76 1676.69 2252.43 2815.95
58.4399 568.831 1126.72 1679.69 2256.43 2820.88
58.5424 569.831 1128.72 1682.64 2260.43 2825.83
58.6443 570.831 1130.69 1685.64 2264.37 2830.83
58.6443 571.831 1132.69 1688.63 2268.38 2835.83
58.6443 572.838 1134.69 1691.63 2272.38 2840.83
58.6443 573.846 1136.68 1694.63 2276.38 2845.82
58.7459 574.846 1138.65 1697.63 2280.38 2850.75
58.8473 575.846 1140.62 1700.56 2284.38 2855.75
58.8473 576.846 1142.62 1703.56 2288.38 2860.75
58.8473 577.846 1144.62 1706.54 2292.38 2865.77
58.9489 578.846 1146.62 1709.54 2296.33 2870.71
59.0505 579.846 1148.62 1712.49 2300.33 2875.66
59.0505 580.857 1150.62 1715.48 2304.33 2880.66
59.0505 581.857 1152.62 1718.48 2308.33 2885.66
59.0505 582.864 1154.61 1721.48 2312.33 2890.66
59.1504 583.851 1156.61 1724.48 2316.25 2895.66
59.2512 584.851 1158.58 1727.48 2320.25 2900.59
59.3498 585.824 1160.51 1730.48 2324.25 2905.59
59.3498 586.835 1162.51 1733.46 2328.25 2910.59
59.4499 587.825 1164.51 1736.46 2332.25  2915.5
59.5483 588.798 1166.44 1739.46 2336.25  2920.5
59.6493 589.798 1168.44 1742.41 2340.25 2925.45
 59.749 590.785 1170.44 1745.41 2344.16 2930.45
59.8488 591.771 1172.44 1748.33 2348.16 2935.45
59.8488 592.771 1174.44 1751.33 2352.16 2940.45
59.9483 593.757 1176.44 1754.24 2356.16 2945.45
60.0486 594.757 1178.41 1757.17 2360.16 2950.45
60.0486 595.767 1180.41 1760.16 2364.17 2955.45
60.0486 596.767 1182.41 1763.14 2368.18 2960.45
60.0486 597.777 1184.41 1766.13 2372.18 2965.45
60.1477 598.763 1186.41 1769.13  2376.1 2970.45
60.1477 599.763 1188.41 1772.13  2380.1 2975.46
60.2466  600.75 1190.41 1775.13 2384.01 2980.46
60.3442 601.723 1192.34 1778.13 2388.01 2985.46
60.3442  602.73 1194.34 1781.13 2392.01 2990.45
60.3442  603.73 1196.34 1784.11 2396.01 2995.47
60.4428 604.717 1198.34 1787.11 2399.93 3000.47
60.4428 605.726 1200.34 1790.09 2403.93 3005.47
60.4428 606.726 1202.34 1793.09 2407.93 3010.47
60.5414 607.716 1204.34 1796.09 2411.93 3015.39
60.6408 608.716 1206.34 1799.04 2415.93 3020.34
60.6408 609.716 1208.33 1802.04 2419.93 3025.34
60.7389 610.702 1210.33 1804.96 2423.93 3030.34
60.8381 611.702 1212.33  1807.9 2427.88 3035.34
60.8381 612.702 1214.34 1810.89 2431.88 3040.35
60.8381 613.702 1216.33 1813.89 2435.88 3045.35
60.8381 614.709 1218.33 1816.89 2439.88 3050.35
60.8381 615.716 1220.33 1819.89 2443.88 3055.35
60.8381 616.723 1222.33 1822.89 2447.88 3060.35
60.9354  617.71 1224.33 1825.89 2451.79 3065.35
60.9354 618.717 1226.32 1828.89 2455.79 3070.34
61.0337 619.717 1228.32 1831.84 2459.79  3075.3
61.1319 620.717 1230.32 1834.79 2463.79 3080.25
61.1319 621.724 1232.32 1837.79 2467.79 3085.25
61.2277 622.698 1234.25 1840.79 2471.79 3090.25
61.3252 623.698 1236.21 1843.79 2475.73 3095.25
61.4228 624.698 1238.18 1846.72 2479.73 3100.25
61.5208 625.698 1240.18 1849.67 2483.68 3105.25
61.5208 626.705 1242.18 1852.67 2487.68 3110.25
61.5208 627.714 1244.18 1855.65 2491.68 3115.25
61.6175   628.7 1246.18 1858.65  2495.6 3120.25
61.7152   629.7 1248.18  1861.6 2499.56 3125.25
61.8122  630.69 1250.18  1864.6 2503.56 3130.17
61.8122 631.697 1252.18  1867.6 2507.55 3135.16
61.8122 632.697 1254.17  1870.6 2511.55 3140.16
61.8122 633.706 1256.17 1873.58 2515.56 3145.16
61.8122 634.713 1258.17 1876.58 2519.56 3150.16
61.9089 635.713 1260.14 1879.52 2523.56 3155.16
61.9089 636.713 1262.14 1882.52 2527.56 3160.16
62.0058 637.713 1264.14 1885.46 2531.52 3165.16
62.1027 638.713 1266.14 1888.46 2535.47 3170.11
62.1027 639.713 1268.14 1891.45 2539.48 3175.11
62.1985   640.7 1270.14 1894.45  2543.4 3180.11
62.2946  641.69 1272.14 1897.45  2547.4 3185.02
62.2946 642.699 1274.14 1900.44  2551.4 3190.03
62.2946 643.706 1276.13 1903.44  2555.4 3195.03
62.2946 644.715 1278.13 1906.42  2559.4 3200.04
62.3909 645.715 1280.13 1909.37 2563.36 3205.04
62.4869 646.715  1282.1  1912.3 2567.36 3210.04
62.4869 647.724  1284.1 1915.28 2571.36 3215.04
62.5821  648.71  1286.1  1918.2 2575.36 3220.04
62.5821 649.717  1288.1  1921.2 2579.36 3225.04
62.6777 650.717 1290.07 1924.14 2583.36 3230.04
62.7728 651.704 1292.07 1927.14 2587.27 3235.04
62.7728 652.704 1294.07 1930.12 2591.27 3240.05
62.7728 653.704 1296.07 1933.11 2595.27 3245.07
62.7728 654.711 1298.07 1936.11 2599.27 3250.07
62.7728 655.711 1300.07 1939.09 2603.28 3255.08
62.7728 656.711 1302.07 1942.08 2607.28 3260.09
62.7728 657.718 1304.07 1945.08 2611.28 3265.09
62.7728 658.727 1306.07 1948.06 2615.28 3270.09
62.8678 659.727 1308.07 1951.02 2619.28 3275.04
62.9626 660.727 1310.04 1954.02 2623.28 3279.97
62.9626 661.727 1312.04    1957  2627.3 3284.97
62.9626 662.733 1314.04    1960 2631.29 3289.97
63.0552 663.708 1315.97    1963 2635.29 3294.97
63.1496 664.708 1317.94    1966 2639.29 3299.91
63.2422 665.683 1319.87    1969 2643.29 3304.91
63.2422 666.689 1321.87    1972 2647.29  3309.9
63.2422 667.696 1323.87    1975 2651.28  3314.9
63.2422 668.702 1325.87    1978 2655.28  3319.9
63.2422 669.711 1327.87 1980.99 2659.28  3324.9
63.2422  670.72 1329.87 1983.97 2663.28 3329.91
63.3356  671.71 1331.87 1986.97 2667.28 3334.83
63.3356 672.719 1333.87 1989.95 2671.29 3339.83
63.4294 673.719 1335.87 1992.95 2675.25 3344.78
63.5212 674.694 1337.81 1995.95 2679.25 3349.78
63.6141 675.681 1339.81 1998.87 2683.25 3354.78
63.6141 676.681 1341.81 2001.86 2687.25 3359.79
63.6141 677.691 1343.81 2004.85 2691.25 3364.79
63.6141 678.691 1345.81 2007.83 2695.26 3369.79
63.6141 679.691 1347.81 2010.82 2699.26  3374.8
63.6141   680.7 1349.81  2013.8 2703.27  3379.8
63.6141 681.708 1351.81 2016.78 2707.27 3384.81
63.6141 682.708 1353.81 2019.77 2711.27 3389.82
63.6141 683.717 1355.81 2022.75 2715.27 3394.83
63.7069 684.717 1357.81  2025.7 2719.23 3399.83
63.7069 685.717 1359.81 2028.69 2723.24 3404.83
63.7069 686.717 1361.82 2031.68 2727.24 3409.84
63.7069 687.726 1363.82 2034.66 2731.24 3414.84
63.7972 688.702 1365.75 2037.66 2735.24 3419.84
63.8887 689.689 1367.75 2040.59 2739.24 3424.84
63.8887 690.689 1369.76 2043.57 2743.25 3429.84
  63.98 691.676 1371.76 2046.57 2747.17 3434.84
  63.98 692.676 1373.76 2049.56 2751.18 3439.85
  63.98 693.686 1375.76 2052.55 2755.18 3444.85
64.0714 694.677 1377.76 2055.55 2759.18 3449.77
64.0714 695.677 1379.76 2058.55 2763.18 3454.77
64.0714 696.677 1381.76 2061.53 2767.18 3459.78
64.1631 697.677 1383.76 2064.48 2771.18 3464.74
64.2529 698.652 1385.69 2067.48 2775.18 3469.74
64.2529  699.66 1387.69 2070.47 2779.18 3474.75
64.2529  700.66 1389.69 2073.45 2783.18 3479.76
64.3437 701.651 1391.69 2076.45 2787.18 3484.68
64.3437 702.659 1393.69 2079.44 2791.18 3489.68
64.4346 703.659 1395.66 2082.38 2795.18 3494.68
 64.525 704.647 1397.66 2085.38 2799.11 3499.68
 64.525 705.647 1399.66 2088.38 2803.11 3504.68
64.6153 706.634 1401.66 2091.38 2807.03 3509.68
64.6153  707.64 1403.66 2094.38 2811.03 3514.68
64.7063  708.64 1405.66 2097.38 2814.99 3519.63
64.7063  709.64 1407.66 2100.36    2819 3524.63
64.7063 710.649 1409.66 2103.35    2823 3529.63
64.7063 711.649 1411.66 2106.34    2827 3534.64
64.7063 712.657 1413.66 2109.32    2831 3539.65
64.7968 713.657 1415.66 2112.32 2834.96  3544.6
64.7968 714.663 1417.66 2115.32 2838.96  3549.6
64.8866 715.654 1419.66 2118.32 2842.96 3554.52
64.8866 716.654 1421.66 2121.31 2846.96 3559.53
64.8866 717.654 1423.66 2124.31 2850.97 3564.53
64.8866 718.662 1425.66 2127.29 2854.97 3569.54
64.8866 719.668 1427.65 2130.29 2858.96 3574.54
64.8866 720.678 1429.66 2133.28 2862.96 3579.54
64.8866 721.687 1431.66 2136.27 2866.96 3584.54
64.8866 722.687 1433.66 2139.25 2870.96 3589.55
64.8866 723.687 1435.66 2142.24 2874.97 3594.56
64.9752 724.675 1437.66 2145.24 2878.89 3599.56
65.0637 725.662 1439.66 2148.24 2882.82 3604.56
65.1531 726.662 1441.66 2151.19 2886.78 3609.56
65.1531 727.669 1443.66 2154.19 2890.77 3614.56
65.2421 728.669 1445.63 2157.19 2894.77  3619.5
65.2421 729.669 1447.63 2160.18 2898.78  3624.5
65.2421 730.669 1449.63 2163.18 2902.78  3629.5
65.3306 731.659 1451.63 2166.18 2906.78 3634.42
65.3306 732.665 1453.63 2169.18 2910.78 3639.42
65.4187 733.653 1455.63 2172.18  2914.7 3644.42
65.4187 734.661 1457.63 2175.16 2918.71 3649.42
65.5069 735.652 1459.63 2178.16 2922.71 3654.34
65.5938 736.628 1461.57 2181.16 2926.71 3659.34
65.5938 737.628 1463.57 2184.15 2930.72 3664.34
65.5938 738.628 1465.57 2187.14 2934.73 3669.35
65.5938 739.637 1467.57 2190.12 2938.73 3674.35
65.6819 740.637 1469.54 2193.06 2942.73 3679.35
65.7703 741.637 1471.54 2196.06 2946.69  3684.3
65.8584 742.637 1473.51 2199.06 2950.69 3689.24
65.9468 743.637 1475.51 2202.02 2954.65 3694.24
65.9468 744.645 1477.51    2205 2958.65 3699.25
66.0333 745.622 1479.45    2208 2962.65 3704.25
66.0333 746.628 1481.45    2211 2966.64 3709.24
66.0333 747.628 1483.45 2213.99 2970.65 3714.25
 66.121 748.628 1485.42 2216.99 2974.59 3719.25
66.2091 749.628 1487.42 2219.94 2978.59 3724.21
66.2091 750.628 1489.42 2222.93  2982.6 3729.21
66.2091 751.628 1491.42 2225.91 2986.61 3734.22
66.2961 752.615 1493.42 2228.84 2990.61 3739.22
66.2961 753.615 1495.42 2231.83 2994.61 3744.23
66.2961 754.621 1497.42 2234.83 2998.61 3749.23
66.3838 755.621 1499.42 2237.78 3002.61 3754.19
66.4705 756.609 1501.42 2240.78 3006.53 3759.19
66.5576   757.6 1503.42 2243.78 3010.53 3764.11
66.5576   758.6 1505.42 2246.77 3014.54 3769.12
66.6446   759.6 1507.39 2249.77 3018.48 3774.12
66.7303 760.576 1509.33 2252.77 3022.48 3779.12
66.7303 761.576 1511.33 2255.77 3026.48 3784.12
66.7303 762.584 1513.33 2258.75 3030.48 3789.13
66.8172 763.584 1515.29 2261.75 3034.42 3794.13
66.8172 764.584  1517.3 2264.74 3038.42 3799.14
66.9037 765.575  1519.3 2267.74 3042.42 3804.06
66.9906 766.575 1521.27 2270.74 3046.42    3809
67.0773 767.575 1523.24 2273.74 3050.37    3814
67.0773 768.575 1525.24 2276.73 3054.37 3819.01
67.0773 769.581 1527.24 2279.73 3058.37 3824.01
67.1634 770.569 1529.24 2282.65 3062.37 3829.01
67.1634 771.569 1531.24 2285.64 3066.37 3834.02
67.1634 772.569 1533.24 2288.63 3070.38 3839.03
67.1634 773.569 1535.23 2291.63 3074.38 3844.03
67.1634 774.576 1537.23 2294.61 3078.38 3849.04
67.2496 775.576 1539.21 2297.55 3082.38 3854.04
67.2496 776.582  1541.2 2300.55 3086.38 3859.04
67.3355 777.582 1543.17 2303.55 3090.32 3864.04
67.4218 778.582 1545.17 2306.55 3094.28 3868.99
67.5078 779.582 1547.14 2309.55 3098.23 3873.99
67.5078 780.582 1549.14 2312.54 3102.23    3879
67.5078 781.588 1551.14 2315.54 3106.23    3884
67.5078 782.594 1553.13 2318.54 3110.23 3888.99
67.5078 783.594 1555.13 2321.53 3114.23    3894
67.5078 784.594 1557.14 2324.52 3118.24    3899
67.5078 785.599 1559.13 2327.52 3122.24    3904
67.5934 786.599 1561.13 2330.52  3126.2 3908.96
67.5934 787.607 1563.13  2333.5  3130.2 3913.96
67.6786 788.607  1565.1  2336.5 3134.15 3918.96
67.7641 789.607  1567.1  2339.5 3138.11 3923.92
67.8498 790.607  1569.1 2342.46 3142.11 3928.87
67.9348 791.598  1571.1 2345.46 3146.11  3933.8
68.0196 792.586  1573.1 2348.46 3150.04  3938.8
68.1051 793.586  1575.1 2351.41    3154  3943.8
68.1051 794.586  1577.1  2354.4    3158 3948.81
68.1051 795.594  1579.1 2357.38    3162 3953.81
68.1051 796.603 1581.11 2360.37    3166 3958.81
68.1051 797.608  1583.1 2363.37    3170 3963.81
68.1897 798.599  1585.1 2366.37    3174 3968.73
68.2732 799.576 1587.04 2369.37    3178 3973.73
68.2732 800.582 1589.04 2372.37    3182 3978.73
68.3578 801.582 1591.01 2375.37 3185.95 3983.73
68.4425 802.582 1592.98 2378.37 3189.89 3988.73
68.4425 803.588 1594.98 2381.37 3193.89 3993.73
68.5275 804.588 1596.98 2384.33 3197.89 3998.69
68.6119 805.579 1598.98 2387.33 3201.89 4003.61
68.6965 806.579 1600.95 2390.33 3205.89 4008.55
68.6965 807.579 1602.95 2393.32  3209.9 4013.56
68.6965 808.587 1604.95 2396.31  3213.9 4018.56
68.6965 809.587 1606.96 2399.29 3217.91 4023.56
68.7806 810.578 1608.96 2402.29 3221.91 4028.49
68.8649 811.578 1610.93 2405.29 3225.85 4033.49
68.8649 812.584 1612.93 2408.29 3229.85 4038.48
68.8649 813.592 1614.93 2411.28 3233.85 4043.48
68.9487 814.583 1616.93 2414.28 3237.85 4048.41
68.9487 815.591 1618.93 2417.27 3241.85 4053.41
69.0327 816.591  1620.9 2420.21 3245.85 4058.41
69.0327 817.599  1622.9  2423.2 3249.86 4063.41
69.1164  818.59  1624.9  2426.2 3253.86 4068.33
69.1998 819.578  1626.9  2429.2 3257.79 4073.33
69.2841 820.578  1628.9 2432.16 3261.79 4078.29
69.3682 821.578  1630.9 2435.16 3265.75 4083.25
69.4517 822.566  1632.9 2438.16 3269.68 4088.25
69.5355 823.566 1634.87 2441.16 3273.62 4093.25
69.6197 824.566 1636.87 2444.12 3277.62  4098.2
69.7036 825.566 1638.84 2447.06 3281.62  4103.2
69.7036 826.566 1640.84 2450.05 3285.63 4108.21
 69.786 827.544 1642.78 2453.05 3289.63 4113.21
69.8699 828.544 1644.76 2456.05 3293.63 4118.16
69.8699 829.549 1646.76 2459.05 3297.63 4123.15
69.8699 830.557 1648.76 2462.03 3301.63 4128.15
69.8699 831.563 1650.75 2465.03 3305.63 4133.15
 69.952  832.54 1652.69 2468.03 3309.63 4138.15
 70.035 833.528 1654.69 2471.03 3313.56 4143.15
70.1183 834.519 1656.69 2474.03 3317.56 4148.08
70.2021 835.519 1658.69 2476.99 3321.56 4153.04
70.2021 836.525 1660.69 2479.99 3325.55 4158.03
70.2021 837.533  1662.7 2482.98 3329.55 4163.03
70.2021 838.533  1664.7 2485.97 3333.56 4168.03
70.2021 839.539 1666.69 2488.97 3337.56 4173.03
70.2021 840.547  1668.7 2491.96 3341.56 4178.03
70.2021 841.547  1670.7 2494.95 3345.57 4183.04
70.2021 842.553  1672.7 2497.95 3349.57 4188.04
70.2836  843.53 1674.64 2500.95 3353.57 4193.04
70.3664  844.53 1676.61 2503.95 3357.57 4197.98
70.3664 845.537 1678.61 2506.93 3361.57 4202.99
70.3664 846.543 1680.61 2509.93 3365.56 4207.99
70.4477 847.521 1682.55 2512.93 3369.56 4212.99
70.4477 848.521 1684.55 2515.93 3373.56 4217.99
70.4477 849.521 1686.55 2518.92 3377.57    4223
70.5296 850.509 1688.55 2521.92  3381.5    4228
70.5296 851.509 1690.55 2524.91  3385.5 4233.01
70.5296 852.515 1692.54 2527.91  3389.5 4238.01
70.5296  853.52 1694.54 2530.91  3393.5    4243
70.5296 854.526 1696.53 2533.91  3397.5    4248
70.5296 855.531 1698.53 2536.91  3401.5    4253
70.5296 856.538 1700.53 2539.89  3405.5 4258.01
70.6115 857.538 1702.51 2542.89  3409.5 4262.95
70.6929 858.527 1704.51 2545.89 3413.43 4267.95
 70.775 859.527 1706.51 2548.85 3417.39 4272.95
 70.775 860.535 1708.51 2551.84 3421.39 4277.95
 70.775 861.542 1710.51 2554.83 3425.39 4282.95
 70.775 862.551 1712.51 2557.82 3429.39 4287.95
70.8568 863.551 1714.51 2560.82 3433.36 4292.91
70.9382 864.551 1716.48 2563.82 3437.31 4297.91
70.9382 865.558 1718.48  2566.8 3441.31 4302.91
70.9382 866.558 1720.49 2569.79 3445.31 4307.91
70.9382 867.565 1722.49 2572.78 3449.32 4312.91
71.0198 868.565 1724.49 2575.74 3453.32 4317.87
71.0198 869.565 1726.49 2578.73 3457.33 4322.87
71.0198 870.572 1728.49 2581.71 3461.33 4327.88
71.0198 871.572 1730.49  2584.7 3465.33 4332.89
71.0198 872.572 1732.49 2587.69 3469.34 4337.89
71.0198  873.58 1734.49 2590.68 3473.34 4342.89
71.1006  874.58 1736.46 2593.63 3477.34 4347.89
71.1816  875.58 1738.46 2596.58  3481.3 4352.89
71.2627  876.58 1740.46 2599.58 3485.26 4357.85
71.2627  877.58 1742.46 2602.58 3489.26 4362.85
71.2627  878.58 1744.46 2605.57 3493.26 4367.86
71.2627 879.587 1746.46 2608.56 3497.26 4372.87
71.3434 880.587 1748.46 2611.51 3501.23 4377.87
71.4227 881.566  1750.4 2614.51 3505.23 4382.87
71.4227 882.566  1752.4 2617.51 3509.23 4387.87
71.5027 883.554  1754.4 2620.51 3513.16 4392.87
71.5027 884.554  1756.4  2623.5 3517.17 4397.87
71.5027 885.561  1758.4 2626.49 3521.17 4402.88
71.5829 886.561 1760.37 2629.49 3525.12 4407.88
 71.663 887.561 1762.35 2632.49 3529.06 4412.88
71.7433 888.561 1764.32 2635.49 3533.06 4417.82
71.7433 889.569 1766.32 2638.48 3537.06 4422.82
71.8223 890.548 1768.26 2641.48 3541.06 4427.82
71.9027 891.548 1770.26 2644.44 3545.06 4432.78
71.9027 892.548 1772.26 2647.43 3549.07 4437.79
 71.983 893.548 1774.26 2650.38 3553.03 4442.79
 71.983 894.553 1776.26 2653.38 3557.03 4447.79
72.0617 895.532  1778.2 2656.38 3561.03 4452.79
72.0617 896.532  1780.2 2659.37 3565.03  4457.8
72.0617 897.532  1782.2 2662.36 3569.04 4462.81
72.0617 898.539  1784.2 2665.34 3573.04 4467.81
72.0617 899.539 1786.21 2668.33 3577.05 4472.81
72.1413 900.539 1788.18 2671.33    3581 4477.81
72.1413 901.544 1790.17 2674.33    3585  4482.8
72.1413 902.551 1792.17 2677.32    3589 4487.81
72.2207 903.551 1794.15 2680.27    3593 4492.81
72.2207 904.556 1796.14 2683.27    3597 4497.81
   72.3 905.556 1798.11 2686.27 3600.95 4502.81
72.3796 906.556 1800.11 2689.27 3604.91 4507.77
72.3796 907.556 1802.11 2692.26 3608.92 4512.77
72.3796 908.556 1804.11 2695.24 3612.92 4517.78
72.3796 909.556 1806.12 2698.23 3616.93 4522.78
72.4575 910.535 1808.06 2701.23 3620.93 4527.78
72.4575 911.535 1810.06 2704.22 3624.94 4532.78
72.4575 912.535 1812.06 2707.21 3628.95 4537.78
 72.536 913.524 1814.06 2710.15 3632.95 4542.78
72.6137 914.502 1816.01 2713.15 3636.95 4547.78
72.6926 915.502 1817.98  2716.1 3640.95 4552.78
72.7703 916.481 1819.92  2719.1 3644.95 4557.78
72.7703 917.481 1821.92 2722.08 3648.95 4562.79
72.7703 918.486 1823.92 2725.08 3652.95 4567.79
72.8486 919.475 1825.92 2728.08 3656.88 4572.79
72.8486 920.475 1827.92 2731.08 3660.88 4577.79
72.9272 921.475 1829.89 2734.08 3664.83 4582.79
72.9272 922.483 1831.89 2737.08 3668.83 4587.79
 73.006 923.483 1833.89 2740.03  3672.8 4592.79
 73.006  924.49 1835.89 2743.02  3676.8  4597.8
73.0848  925.49 1837.89 2745.98  3680.8 4602.76
73.0848  926.49 1839.89 2748.97  3684.8 4607.77
73.0848 927.496 1841.89 2751.96  3688.8 4612.78
 73.163 928.496 1843.86 2754.96 3692.74 4617.78
 73.163 929.496 1845.86 2757.96 3696.75 4622.78
 73.163 930.496 1847.86 2760.94 3700.75 4627.79
 73.163 931.501 1849.86 2763.94 3704.75 4632.79
 73.163 932.501 1851.86 2766.93 3708.75 4637.79
 73.163 933.501 1853.86 2769.93 3712.76 4642.79
73.2408 934.493 1855.86 2772.93 3716.76 4647.72
73.2408 935.493 1857.86 2775.91 3720.76 4652.73
73.2408 936.499 1859.86  2778.9 3724.76 4657.74
73.3185 937.499 1861.84  2781.9 3728.76 4662.68
73.3185 938.499 1863.84 2784.89 3732.76 4667.69
73.3964 939.499 1865.84 2787.85 3736.73 4672.69
 73.474 940.499 1867.81  2790.8 3740.73 4677.69
73.5519 941.499 1869.81 2793.75 3744.69 4682.69
73.5519 942.504 1871.81 2796.75 3748.69 4687.69
73.6291 943.493 1873.81 2799.75 3752.62 4692.69
73.7066 944.493 1875.78 2802.75 3756.57 4697.69
73.7838 945.482 1877.78 2805.75  3760.5 4702.69
 73.861 946.472 1879.78 2808.75 3764.44 4707.69
 73.861 947.477 1881.78 2811.75 3768.44 4712.69
 73.861 948.484 1883.78 2814.74 3772.44 4717.69
 73.861 949.489 1885.78 2817.74 3776.44 4722.69
73.9383 950.489 1887.75 2820.69 3780.44 4727.69
73.9383 951.489 1889.75 2823.69 3784.44 4732.69
74.0153  952.48 1891.75 2826.69 3788.44 4737.63
74.0926  953.48 1893.72 2829.69 3792.44 4742.57
74.1701  954.48 1895.72 2832.69  3796.4 4747.53
74.1701 955.485 1897.72 2835.69  3800.4 4752.53
74.2475 956.485 1899.72 2838.65  3804.4 4757.49
74.2475 957.491 1901.71 2841.65  3808.4 4762.49
74.3249 958.491 1903.71 2844.61  3812.4 4767.45
74.3249 959.491 1905.71 2847.61  3816.4 4772.46
74.4007  960.47 1907.66 2850.61  3820.4 4777.46
74.4779  961.47 1909.66 2853.61 3824.37 4782.41
74.4779 962.475 1911.65 2856.61 3828.37 4787.41
74.4779 963.475 1913.65  2859.6 3832.37 4792.42
74.5548 964.475 1915.63  2862.6 3836.37 4797.37
74.5548  965.48 1917.63  2865.6 3840.37 4802.37
74.6312 966.469 1919.63 2868.54 3844.37 4807.37
 74.708 967.469  1921.6 2871.54 3848.37 4812.32
74.7844 968.458  1923.6 2874.54  3852.3 4817.32
74.8611 969.458 1925.57 2877.49  3856.3 4822.32
74.8611 970.464 1927.57 2880.47  3860.3 4827.32
74.8611 971.472 1929.58 2883.47  3864.3 4832.32
74.9375 972.464 1931.58 2886.47  3868.3 4837.26
74.9375  973.47 1933.58 2889.45 3872.31 4842.26
74.9375 974.476 1935.57 2892.45  3876.3 4847.26
75.0141 975.476 1937.57 2895.45 3880.27 4852.21
75.0908 976.476 1939.57 2898.45 3884.23 4857.17
75.1674 977.476 1941.57 2901.41  3888.2 4862.17
75.2441 978.476 1943.57 2904.37 3892.16 4867.17
75.3203 979.467 1945.57 2907.37 3896.16 4872.11
75.3968 980.467 1947.55 2910.37 3900.16 4877.05
75.4729 981.456 1949.55 2913.37  3904.1 4882.05
75.4729 982.456 1951.55 2916.37  3908.1 4887.06
75.4729 983.461 1953.55 2919.37  3912.1 4892.05
75.5488  984.45 1955.55 2922.31  3916.1 4897.05
75.6247 985.439 1957.55 2925.31 3920.03 4902.05
75.6247 986.439 1959.55  2928.3 3924.04 4907.05
75.6247 987.439 1961.55 2931.28 3928.04 4912.06
75.7004 988.428 1963.55 2934.22 3932.04 4917.06
75.7765 989.428 1965.52 2937.22 3935.99 4922.06
75.8527 990.428  1967.5 2940.22 3939.99 4927.01
75.9287 991.428 1969.47 2943.22 3943.94 4932.01
75.9287 992.434 1971.47 2946.21 3947.94 4937.01
76.0051 993.434 1973.47 2949.17 3951.94 4941.98
76.0051 994.441 1975.47 2952.16 3955.95 4946.98
 76.081 995.441 1977.44 2955.11 3959.95 4951.98
 76.157 996.441 1979.42 2958.11 3963.95 4956.93
76.2332 997.441 1981.42 2961.07 3967.91 4961.93
76.3092 998.441  1983.4 2964.07 3971.91 4966.87
76.3092 999.448  1985.4 2967.06 3975.92 4971.87
76.3092 1000.45  1987.4 2970.05 3979.93 4976.87
76.3092 1001.46  1989.4 2973.04 3983.93 4981.87