      3       2       3       4       3       6
      3    3.75   5.625       7   5.625      11
   3.96    4.75   7.425    9.24   9.625      16
   3.96    5.75 9.89626   12.24 12.8285 21.3253
   3.96 7.06628 11.8963  15.042 16.8285  26.207
4.60081 8.06628 13.8213 17.4761 20.8285  31.207
4.60081 9.34553 15.8213 20.2476 24.8285 36.1562
4.60081 10.3455 17.8213 23.2387 28.4963 41.4974
5.02203 11.2927 19.4529 26.2387 32.4963 46.4974
5.02203 12.5435 21.4529 29.2387 36.0955 51.6473
5.02203 13.7336 23.4885  32.013 40.0955 56.6473
5.02203 14.9768 25.4885  35.013 43.7248 61.7749
5.39052 16.0757 27.4885  38.013 47.7248 66.3075
5.75303 17.1568 29.4885 40.5694 51.7248 71.3075
6.08242  18.139 31.1768 43.5694 55.7248 76.3075
6.08242 19.2942 33.1622 46.5694 59.7248  81.167
6.08242 20.5232 35.1622 49.5359 63.5293  86.167
6.08242 21.6935 37.1673 52.3605 67.5293  91.167
6.08242 22.6935 39.2971  55.361  71.399  96.167
6.37158 23.7724 41.2971  57.993  75.399 101.167
6.37158 24.7724 43.3572  60.886  79.399 106.214
6.37158 25.7724 45.4821 63.8699 83.2902 111.214
 6.6451 26.7724 47.4345 66.8699 87.2902 115.988
6.91014 27.8402 49.4345  69.537 91.2902 120.988
6.91014 29.0207 51.4345 72.4856 95.1612 125.988
 7.1737 30.1276 53.4345 75.4856 98.7907 130.988
 7.1737 31.1276 55.4345  78.453 102.674 136.137
 7.1737 32.1276 57.5069  81.453 106.513 141.226
7.41212 33.1954 59.5069  84.453 110.513  145.92
7.65695 34.1954 61.4724 87.2425 114.513  150.92
7.65695 35.1954 63.4724  90.211 118.409 156.055
7.65695 36.1954 65.5385  93.211 122.263 161.135
7.65695 37.3265 67.5866  96.211 126.084 166.135
7.88515 38.3265 69.6008  99.211 129.842 171.135
7.88515 39.3265 71.6482 102.129 133.842 176.169
7.88515 40.3265 73.6956 105.048 137.842 181.203
8.09519 41.3265 75.6587 108.048 141.842  186.03
8.30148 42.3796 77.6587 111.048 145.842 190.771
 8.5181 43.3796 79.6587 114.048 149.647 195.749
8.72447 44.4307 81.6587 117.048 153.647 200.491
8.72447 45.5425 83.7021 120.048 157.492 205.491
8.93393 46.5425 85.7116 123.048 161.273 210.491
9.13912 47.5425 87.6803 125.874 165.273 215.491
9.13912 48.6427 89.6803 128.787 169.273 220.478
9.33948 49.6427 91.6463 131.787 173.273 225.312
9.33948 50.7411 93.6463 134.703 177.273 230.297
9.33948 51.7411 95.7242 137.692 181.206 235.297
9.33948 52.7411  97.802 140.681  185.14 240.297
 9.5248 53.7877  99.802 143.681  189.14 245.065
9.71956 54.7877 101.802 146.619 193.007 250.065
9.71956 55.8881 103.802 149.619 196.884 255.088
9.90903 56.8881 105.802 152.619 200.722 260.061
9.90903 57.8881 107.843 155.562 204.722 265.076
9.90903 58.9692 109.857 158.467 208.722 270.076
10.0753 59.9589   111.7 161.467 212.722 275.076
10.0753 61.0389 113.712 164.375 216.722 280.076
10.2529 62.0389 115.716 167.375  220.54 285.076
10.4279 63.0982 117.716 170.375 224.306 290.076
10.5915  64.088 119.563 173.375 228.306 295.076
10.7551 65.0778 121.409 176.375 232.306 300.076
10.9268 66.1165 123.409 179.375 236.306 304.866
11.1037 67.1165 125.407 182.375 240.131 309.866
11.1037 68.1165 127.467 185.371 244.076 314.866
11.1037 69.1841 129.465 188.371 248.076 319.801
11.1037 70.2701 131.465 191.371  251.97 324.821
11.2677  71.308 133.465 194.371  255.97 329.619
11.2677 72.3755 135.463 197.371  259.97 334.553
11.4293 73.4139 137.463 200.371  263.97 339.353
11.5932 74.4663 139.463 203.371 267.754 344.353
11.5932 75.4663 141.518 206.369   271.7 349.353
11.5932 76.5569 143.518 209.351 275.627 354.353
11.5932 77.6266 145.524 212.276 279.627 359.353
11.5932 78.6927 147.522 215.276 283.627 364.288
11.7521 79.6927 149.522 218.228 287.516 369.288
 11.907 80.6927 151.492 221.103 291.516 374.288
 12.062 81.6927 153.464 224.103 295.516 379.161
 12.062 82.6927 155.503 227.103 299.442 384.198
 12.218 83.6927 157.503 230.103 303.315 389.168
 12.218 84.7582 159.508 233.033 307.315 394.168
 12.218 85.8237 161.513 235.962 311.315 399.168
12.3655 86.8593 163.513 238.962 315.315 403.985
12.3655 87.8593  165.55 241.962 319.244 409.018
12.3655 88.9296  167.55  244.91 323.244 414.001
 12.511 89.9296 169.522 247.792 327.244 419.001
12.6567 90.9296 171.497 250.792 331.244 423.881
12.7947 91.9212 173.367 253.792 335.244 428.881
12.9419 92.9212 175.367 256.712 339.244 433.814
12.9419 93.9212 177.367 259.703 343.197 438.869
13.0859 94.9212  179.34 262.703 347.197 443.752
13.2296 95.9638  181.34 265.703 351.011 448.752
13.2296 97.0411  183.34 268.686 354.951 453.752
13.3735 98.0411  185.34 271.607 358.951 458.686
13.3735 99.0411 187.365 274.574 362.951 463.696
13.5159 100.041 189.359 277.574 366.815 468.696
13.5159 101.105 191.359 280.526 370.815  473.68
13.6567 102.105 193.359 283.449 374.815 478.616
13.6567 103.105 195.402 286.444 378.776 483.616
13.6567 104.173 197.402 289.444 382.699 488.625
13.6567 105.173 199.434 292.444 386.638 493.654
13.6567 106.173 201.458 295.412 390.638 498.663
13.7933 107.173 203.458 298.367 394.546 503.663
13.7933 108.234 205.458  301.32 398.546 508.649
13.9258 109.234 207.431 304.215 402.546 513.649
13.9258 110.289 209.436 307.154 406.546 518.649
13.9258 111.289 211.436 310.145 410.504 523.699
14.0572 112.289 213.431 313.145 414.378 528.699
14.1872 113.289 215.405 316.041 418.378 533.699
14.3152 114.311 217.405 318.892 422.378 538.699
14.3152 115.311 219.427 321.858 426.378 543.711
14.4466 116.311 221.427 324.813 430.292 548.711
14.4466 117.311 223.449 327.779 434.292 553.722
14.5755 118.311 225.444 330.779 438.169 558.722
14.5755  119.37 227.462 333.779 442.091 563.722
14.5755  120.37 229.491 336.779 446.034  568.75
14.5755 121.436 231.491 339.762 449.985  573.75
14.5755 122.497 233.491 342.762 453.914  578.76
14.6935 123.489 235.381 345.762 457.914  583.76
14.6935 124.554 237.381 348.746 461.866  588.76
14.6935 125.614 239.381 351.746 465.796  593.77
14.6935 126.669 241.381 354.701 469.796 598.759
14.6935 127.729 243.381 357.701 473.726 603.769
14.6935 128.777 245.378 360.701 477.726 608.723
14.8141 129.777 247.378 363.661 481.646 613.723
14.9275 130.771 249.272 366.661 485.646 618.723
14.9275 131.829 251.272 369.661 489.578 623.733
15.0448 132.865 253.272 372.661 493.425 628.733
15.1573 133.859 255.166 375.661 497.425 633.733
15.1573 134.859 257.184 378.631 501.425 638.744
15.1573 135.909 259.186 381.579 505.425 643.744
15.1573 136.909 261.221 384.575 509.394 648.744
15.1573 137.909 263.239 387.546 513.394 653.755
15.1573 138.955 265.235 390.546 517.394 658.713
15.2718 139.955 267.235 393.546 521.303  663.69
15.2718 141.011 269.235 396.546 525.237 668.699
15.3795 142.005 271.133 399.546 529.237 673.699
15.4926 143.005 273.128 402.546  533.13 678.699
15.6046 144.005 275.103 405.458  537.13 683.699
15.6046  145.06 277.103 408.458 541.065 688.708
15.7116 146.054 279.002 411.458 545.065 693.708
15.7116 147.109 281.002 414.458 549.001 698.718
 15.822 148.109 282.978 417.372 553.001 703.718
 15.822 149.168 284.978 420.357 556.957 708.718
15.9332 150.168 286.978 423.357 560.868 713.695
16.0447 151.168 288.978 426.321 564.793 718.695
16.0447 152.221 290.991 429.321 568.728 723.695
16.1545 153.221 292.991 432.258 572.728 728.647
16.1545 154.221 295.012 435.258 576.679 733.675
16.2612  155.24 297.012 438.133 580.679 738.675
16.3694  156.24 298.989 441.133 584.679  743.59
16.4761 157.258 300.989 444.008 588.679  748.59
16.4761  158.31 302.989 447.008 592.618 753.599
16.5834 159.342 304.989 450.008 596.479 758.599
16.5834 160.342  307.01 453.008 600.432 763.626
16.6911 161.342 309.003 456.008  604.33 768.626
16.6911 162.342 311.003     459 608.295 773.669
16.7985 163.342 313.003     462  612.21 778.647
16.7985 164.389 315.003 464.962  616.21 783.638
16.7985 165.389 317.003 467.954 620.175 788.681
16.7985 166.389 319.024 470.954 624.128 793.708
16.9035 167.389 321.018 473.954 628.029 798.708
17.0075 168.419 323.018 476.954 631.894 803.708
17.1116 169.449 325.018 479.954  635.76 808.708
17.2157 170.449 326.995 482.954  639.76 813.627
17.3214 171.449 328.995 485.919 643.689 818.627
17.3214 172.489  330.99 488.919 647.689 823.592
17.3214 173.529 332.985 491.919 651.689 828.556
17.4242 174.529 334.962 494.919 655.689 833.476
17.4242 175.574 336.962 497.883 659.689 838.467
17.5265 176.574  338.94 500.883 663.689 843.388
17.5265 177.619  340.94 503.847 667.689 848.379
17.6288 178.619  342.94  506.79 671.689 853.334
17.6288 179.667 344.952  509.79 675.629 858.334
17.6288 180.667  346.98 512.788 679.602 863.334
17.7293 181.667 348.958 515.788 683.602 868.255
17.8298 182.667 350.936 518.788 687.602 873.177
17.9295 183.688 352.936 521.788 691.602 878.056
18.0265 184.681 354.846 524.788 695.602 883.056
18.0265 185.681 356.864 527.788  699.56  888.08
18.1275 186.681 358.864 530.788 703.481 893.058
 18.224 187.675 360.774 533.788 707.481 898.058
18.3238 188.675 362.751 536.712 711.481 903.058
18.3238 189.713 364.746 539.712 715.481 908.025
18.4231 190.713 366.722 542.636 719.481 913.025
18.4231 191.755 368.722 545.603 723.481 918.016
18.4231 192.755 370.734  548.58 727.481 923.026
18.5213 193.755 372.711 551.505 731.481 928.026
18.6202 194.755 374.711  554.45 735.481 932.982
18.7198 195.755 376.711 557.416 739.415 937.982
18.8188 196.755 378.703 560.416 743.325 942.982
18.8188 197.804 380.703 563.404 747.288 947.982
18.9172 198.804 382.703  566.35 751.288 952.938
18.9172 199.804 384.715 569.327 755.288 957.948
19.0151 200.804 386.715 572.273 759.288 962.905
19.0151 201.804  388.74 575.271 763.265 967.905
19.0151 202.804 390.753 578.248 767.265 972.915
19.1106 203.823 392.753 581.248 771.265 977.801
19.2068 204.823 394.731 584.248 775.265 982.726
19.2068 205.823 396.743 587.227 779.265 987.736
19.3026 206.823 398.722 590.227 783.265 992.662
 19.399 207.823 400.722 593.174 787.265 997.618
 19.399 208.823 402.734 596.152 791.265 1002.63
19.4953 209.823 404.734 599.152 795.192  1007.6
19.4953 210.865 406.734 602.152 799.143 1012.61
19.4953 211.865 408.759  605.15 803.121 1017.61
19.5903 212.865  410.75  608.15 807.034 1022.61
19.6835 213.878  412.75 611.044 811.034 1027.61
19.6835 214.878  414.75 614.037 815.007 1032.64
19.6835 215.878 416.775 617.034 818.985 1037.64
 19.774 216.871 418.691 620.034 822.985 1042.64
 19.774 217.916 420.691 623.022 826.952 1047.64
 19.774 218.955 422.691 625.991 830.952 1052.64
19.8665 219.978 424.691 628.991 834.836 1057.64
19.9589 221.002 426.691 631.991  838.72 1062.64
19.9589 222.002 428.691 634.985 842.693 1067.67
19.9589 223.035 430.687 637.985 846.693 1072.64
20.0517 224.035 432.687 640.953 850.632 1077.64
20.1428 225.052 434.687 643.953 854.632 1082.53
20.1428 226.052 436.711 646.951 858.611 1087.53
 20.234 227.052 438.689 649.881 862.611 1092.53
20.3225 228.045 440.608 652.881 866.611 1097.53
20.3225 229.045 442.631 655.879  870.59 1102.53
20.3225 230.085  444.64 658.879 874.541 1107.53
20.4128 231.107  446.64 661.879 878.428 1112.53
20.5005 232.101 448.559 664.879 882.428 1117.53
20.5005 233.137 450.559  667.85 886.428 1122.53
20.5906 234.137 452.538  670.85 890.428 1127.46
20.5906 235.137 454.553  673.85 894.393 1132.48
20.6802 236.137 456.531 676.782 898.393 1137.48
20.7709 237.137 458.531 679.751 902.334 1142.48
20.8605 238.137 460.509 682.683 906.334 1147.48
 20.951 239.137 462.509 685.683 910.265 1152.45
 20.951 240.137 464.524 688.683  914.23 1157.47
 20.951 241.176 466.524 691.683 918.185 1162.48
 20.951 242.176 468.524 694.677 922.159 1167.51
21.0403 243.176 470.524 697.677 926.092 1172.49
21.1278 244.187 472.524 700.578 930.092 1177.49
21.1278 245.187 474.546 703.576 934.072 1182.49
21.2168 246.187 476.546 706.576 938.004 1187.47
21.2168 247.225 478.554 709.576 941.958 1192.47
21.3045 248.225 480.533  712.51 945.958 1197.47
21.3928 249.225 482.533 715.461 949.958 1202.43
21.4805 250.225 484.512 718.395 953.958 1207.43
21.5681 251.246 486.512 721.395 957.849 1212.43
21.6558 252.246  488.49 724.329 961.849 1217.43
21.6558 253.281  490.49   727.3 965.849 1222.42
21.6558 254.281 492.504   730.3 969.816 1227.44
21.6558 255.318 494.504   733.3 973.772 1232.45
21.6558 256.355 496.513   736.3 977.726 1237.45
21.6558 257.388 498.513 739.266 981.726 1242.45
21.7418 258.388 500.493 742.266 985.726 1247.38
21.8286 259.388 502.493 745.266 989.661 1252.36
21.8286 260.418 504.489 748.266 993.661 1257.34
 21.915 261.418 506.489 751.266 997.595 1262.32
22.0012 262.418  508.48 754.266 1001.52 1267.32
22.0873 263.418  510.48 757.219 1005.52 1272.28
22.0873 264.452  512.48 760.191 1009.52 1277.27
22.0873 265.486  514.48 763.164 1013.52 1282.27
22.0873 266.516 516.476 766.164 1017.52 1287.24
22.1728 267.516 518.476 769.164 1021.45 1292.22
22.2569  268.53 520.476 772.164 1025.45 1297.12
 22.341 269.545 522.476 775.164 1029.45 1302.02
 22.341 270.581 524.476 778.164 1033.41 1307.03
22.4253 271.581 526.456 781.164 1037.41 1311.96
22.5091 272.596 528.456 784.164 1041.41 1316.86
22.5091 273.596 530.456 787.158 1045.39 1321.89
22.5931 274.596 532.437 790.158 1049.39 1326.83
22.5931 275.596  534.45 793.158 1053.36 1331.85
22.5931 276.596  536.45 796.153 1057.33 1336.87
22.5931 277.627 538.451 799.121 1061.33 1341.87
22.6757 278.642 540.451 802.121 1065.33 1346.78
22.6757 279.677 542.451 805.121 1069.29 1351.78
22.7579 280.692 544.451 808.121 1073.29 1356.69
22.7579 281.725 546.451 811.095 1077.29 1361.68
22.8413 282.725 548.451 814.066 1081.24 1366.68
22.8413  283.76 550.451 817.066  1085.2 1371.68
22.9244  284.76 552.451 820.037 1089.14 1376.68
22.9244  285.76  554.46  823.02 1093.14 1381.69
22.9244 286.795 556.468  826.02  1097.1 1386.69
22.9244 287.795 558.468 829.015 1101.08 1391.72
23.0057 288.795 560.449 832.015 1105.08 1396.66
23.0057 289.795 562.462 835.015 1109.05 1401.67
23.0871 290.795 564.454 838.015 1112.98 1406.67
 23.169 291.795 566.454 840.986 1116.92 1411.67
  23.25 292.795 568.435 843.986 1120.92 1416.61
23.3302 293.804 570.435 846.896 1124.92 1421.61
23.4104 294.814 572.435 849.807 1128.92 1426.61
23.4104 295.844 574.435 852.776 1132.92 1431.61
23.4906 296.858 576.435 855.776 1136.92 1436.52
23.4906 297.858 578.445 858.759 1140.92 1441.52
23.4906 298.858 580.458 861.759 1144.89 1446.54
23.5708 299.858 582.439 864.759 1148.89 1451.48
23.6508 300.876 584.439 867.759  1152.8 1456.48
23.7317 301.876 586.439 870.759 1156.74 1461.46
23.7317 302.876 588.449 873.743 1160.74 1466.46
23.7317 303.904 590.445 876.743 1164.74 1471.44
23.8113 304.904 592.425 879.683 1168.74 1476.44
23.8113 305.937 594.425 882.683  1172.7 1481.45
23.8906 306.937 596.405 885.623  1176.7 1486.45
23.8906 307.971 598.405 888.623 1180.66 1491.45
23.8906 308.998 600.402 891.623 1184.66 1496.43
23.9695 309.998 602.384 894.623 1188.66 1501.37
24.0478 311.012 604.384 897.623 1192.66 1506.27
24.0478 312.012 606.396 900.623 1196.63 1511.29
24.1268 313.012 608.388 903.623 1200.56 1516.29
24.1268 314.039 610.384 906.623 1204.56 1521.27
24.2043 315.048 612.384 909.537 1208.56 1526.27
24.2043 316.081 614.391 912.537 1212.52 1531.27
24.2043 317.116 616.391 915.527 1216.49 1536.27
24.2828 318.116 618.391 918.527 1220.44 1541.24
24.2828 319.116   620.4 921.511 1224.44 1546.25
24.3603 320.116 622.382 924.511 1228.44 1551.19
24.4385 321.116 624.382 927.511 1232.38 1556.17
24.5165 322.116 626.382  930.47 1236.38 1561.13
24.5165 323.148 628.389  933.47 1240.34 1566.13
24.5165 324.148 630.407 936.468 1244.33 1571.13
24.5165 325.181 632.407 939.468 1248.29 1576.14
24.5932 326.198 634.407 942.468 1252.19 1581.14
24.6704 327.198 636.399 945.468 1256.13 1586.14
 24.748 328.198 638.399 948.441 1260.08 1591.14
 24.748 329.225 640.396 951.441 1264.08 1596.12
24.8253 330.225 642.396 954.414 1268.02 1601.12
24.8253 331.225 644.414 957.412 1272.01 1606.12
24.9009 332.234 646.414 960.328 1276.01 1611.12
24.9773 333.234 648.396 963.328 1280.01 1616.06
24.9773 334.268 650.396 966.319 1283.98 1621.06
25.0526 335.277 652.396 969.235 1287.98 1626.06
25.0526 336.305 654.397 972.206 1291.98 1631.06
25.1285 337.305 656.379 975.206 1295.98    1636
25.1285 338.305 658.379 978.201 1299.96 1641.02
25.1285 339.305 660.397 981.199 1303.95 1646.02
25.1285 340.334 662.397 984.176 1307.95 1651.02
25.1285  341.36 664.394 987.176 1311.95 1655.99
25.2039  342.36 666.386 990.176 1315.88 1660.99
25.2794  343.36 668.386 993.176 1319.83 1665.97
25.2794  344.36 670.403 996.174 1323.81 1670.97
25.2794 345.391  672.41 999.174 1327.77 1675.97
25.2794 346.391 674.422 1002.17 1331.74 1680.99
25.2794 347.422 676.429 1005.17 1335.71 1685.99
25.3528  348.43 678.429 1008.09 1339.71 1690.99
25.4269  349.43  680.41 1011.04 1343.71 1695.99
25.4269  350.43 682.419 1014.02 1347.71 1700.99
25.4269 351.464 684.419 1017.01 1351.68 1705.99
25.5011 352.464 686.419 1020.01 1355.63 1710.97
25.5747 353.464 688.401 1022.96 1359.63 1715.97
25.6487 354.464 690.393 1025.96 1363.56 1720.97
 25.722 355.476 692.393 1028.96 1367.56 1725.89
25.7956 356.476 694.376 1031.96 1371.56 1730.83
25.7956 357.507 696.376 1034.96 1375.53 1735.84
 25.869 358.507 698.357  1037.9 1379.53 1740.84
25.9424 359.523 700.357  1040.9 1383.44 1745.84
25.9424 360.556 702.357 1043.89 1387.41 1750.84
26.0138  361.55 704.292 1046.89 1391.41 1755.84
 26.087  362.55 706.274 1049.84 1395.41 1760.84
 26.087 363.583 708.274 1052.83 1399.39 1765.84
 26.087 364.583 710.291 1055.83 1403.37 1770.84
26.1602 365.583 712.282 1058.83 1407.31 1775.84
26.1602 366.583 714.294 1061.83 1411.28 1780.85
26.2333 367.583 716.294 1064.83 1415.23 1785.83
26.2333 368.609 718.294  1067.8 1419.23 1790.83
26.2333 369.634 720.291  1070.8 1423.23 1795.81
26.2333 370.634 722.308  1073.8 1427.22 1800.81
 26.306 371.634 724.308 1076.77 1431.17 1805.81
26.3787 372.634 726.308 1079.75 1435.12 1810.81
26.3787 373.662 728.308 1082.73 1439.12  1815.8
26.4504 374.677 730.308 1085.73 1443.03  1820.8
26.4504 375.677 732.319 1088.73 1447.01 1825.82
26.4504 376.677 734.336 1091.72 1450.99 1830.82
26.4504 377.707 736.342 1094.72 1454.96 1835.82
  26.52   378.7 738.279 1097.72 1458.96 1840.82
26.5905 379.708 740.279 1100.65 1462.96 1845.82
26.6621 380.708 742.279 1103.61 1466.96 1850.79
26.6621 381.732 744.276 1106.61 1470.96 1855.76
26.7334 382.732 746.268 1109.61 1474.89 1860.76
26.8051 383.732 748.268 1112.58 1478.85 1865.76
26.8765 384.732 750.268 1115.54 1482.85 1870.73
26.9469  385.74 752.268 1118.47 1486.85 1875.73
26.9469 386.767 754.268 1121.44 1490.85 1880.73
 27.018 387.767  756.26 1124.44 1494.79 1885.73
 27.018 388.767 758.271 1127.44 1498.76 1890.74
 27.018 389.767 760.271 1130.44 1502.74 1895.76
 27.018 390.767 762.281 1133.44 1506.72 1900.78
27.0886 391.767 764.281  1136.4 1510.72 1905.74
27.0886 392.796 766.281  1139.4 1514.68 1910.75
27.1593 393.796 768.281 1142.38 1518.64 1915.75
27.2291 394.807 770.281 1145.38 1522.64 1920.67
27.2976   395.8  772.22 1148.38 1526.64 1925.67
 27.368   396.8  774.22 1151.34 1530.64 1930.64
 27.368 397.827  776.22 1154.32 1534.64 1935.63
27.4373 398.834  778.22 1157.24 1538.64 1940.63
27.4373 399.859  780.22 1160.21 1542.64 1945.63
27.4373 400.859  782.22 1163.21 1546.62 1950.65
27.5075 401.859  784.22 1166.18 1550.58 1955.65
27.5767  402.87  786.22 1169.18 1554.58 1960.57
27.6467  403.87  788.22 1172.18 1558.52 1965.55
27.6467 404.894 790.217 1175.18 1562.52 1970.53
 27.716 405.908 792.217 1178.18 1566.44 1975.53
 27.716 406.908 794.225 1181.17 1570.44 1980.54
 27.716 407.908 796.225 1184.17 1574.42 1985.56
 27.716 408.931 798.222 1187.17 1578.42 1990.54
27.7843 409.939 800.222 1190.09 1582.42 1995.54
27.8535 410.939 802.222 1193.05 1586.42 2000.51
27.8535 411.965 804.222 1196.03 1590.42 2005.51
27.8535 412.995 806.222 1199.02  1594.4 2010.51
27.9214 414.003 808.222 1201.95  1598.4 2015.51
27.9214 415.003 810.229 1204.93  1602.4 2020.51
27.9902 416.003 812.229 1207.93 1606.35 2025.49
27.9902 417.029 814.229 1210.91 1610.35 2030.49
28.0569 418.022 816.169 1213.91 1614.35 2035.49
28.1254 419.022 818.161 1216.91 1618.29 2040.49
28.1936 420.022 820.144 1219.86 1622.29 2045.49
28.2622 421.022 822.144 1222.86 1626.24 2050.47
28.2622 422.022 824.151 1225.85 1630.24 2055.48
28.2622 423.048 826.151 1228.83 1634.24 2060.47
28.3304 424.048 828.151 1231.79 1638.24 2065.44
28.3304 425.048 830.166 1234.79 1642.23 2070.44
 28.398 426.062 832.166 1237.79 1646.15 2075.44
28.4656 427.062 834.149 1240.74 1650.15 2080.44
28.4656 428.084 836.146 1243.74 1654.15 2085.42
28.5332 429.084  838.13 1246.74 1658.15 2090.37
28.5992 430.078 840.071 1249.74 1662.15 2095.37
28.5992 431.078 842.081 1252.74 1666.12 2100.38
28.6671 432.078 844.081 1255.74 1670.07 2105.36
 28.733 433.071 846.021 1258.74 1674.07 2110.36
28.7989 434.064 847.962 1261.74 1678.07 2115.36
28.7989 435.091 849.967 1264.74 1682.04 2120.36
28.8664 436.091 851.967  1267.7 1686.04 2125.33
28.9341 437.091 853.967 1270.68    1690 2130.33
 29.001 438.101 855.967 1273.68    1694 2135.25
29.0687 439.101 857.967 1276.65 1697.96 2140.25
29.0687 440.101 859.982 1279.65 1701.94 2145.25
29.1352 441.108 861.982 1282.58 1705.94 2150.25
29.1352 442.134 863.987 1285.58 1709.91 2155.25
29.1352 443.134 865.994 1288.56 1713.91 2160.26
29.2022 444.134 867.994 1291.53 1717.91 2165.23
29.2675 445.127 869.936 1294.53 1721.91 2170.23
29.2675 446.156 871.936 1297.52 1725.89 2175.23
29.2675 447.185 873.936 1300.51 1729.87 2180.23
29.3336 448.195 875.936 1303.51 1733.87 2185.15
29.3336 449.195 877.945 1306.51 1737.85 2190.17
29.3336 450.219 879.945 1309.49 1741.85 2195.16
29.3997 451.219 881.928 1312.44 1745.85 2200.16
29.3997 452.244 883.928 1315.42 1749.85 2205.16
29.3997 453.265 885.925 1318.42 1753.85 2210.14
 29.466 454.265 887.925 1321.42  1757.8 2215.12
29.5313 455.272 889.925 1324.35  1761.8 2220.12
29.5974 456.272 891.925 1327.31  1765.8 2225.09
29.6627 457.278 893.925 1330.24  1769.8 2230.09
 29.728 458.285 895.925 1333.17  1773.8 2235.09
 29.728 459.285 897.939 1336.17 1777.79 2240.09
29.7936 460.298 899.939 1339.17 1781.71 2245.09
29.7936 461.319 901.936 1342.17 1785.71 2250.07
 29.859 462.333 903.936 1345.17 1789.63 2255.07
29.9249 463.333 905.936 1348.17 1793.59 2260.05
29.9249 464.357 907.936 1351.15 1797.59 2265.05
  29.99 465.366 909.936 1354.15 1801.59 2269.97
  29.99 466.366 911.936 1357.14 1805.57 2274.99
30.0555 467.366 913.936 1360.11 1809.57 2279.96
30.1213 468.366 915.936 1363.08 1813.53 2284.96
30.1213 469.394 917.936 1366.07 1817.51 2289.96
30.1213  470.42 919.941 1369.07 1821.48 2294.96
30.1213 471.443 921.941 1372.05 1825.48 2299.96
30.1213 472.443 923.948 1375.04 1829.48 2304.97
30.1213 473.443 925.958 1378.04 1833.46 2309.98
30.1855 474.452 927.958 1381.04 1837.46 2314.91
30.1855 475.452 929.972 1384.04 1841.45 2319.91
30.2494 476.459 931.972 1386.96 1845.45 2324.91
30.2494 477.459 933.986 1389.96 1849.43 2329.91
30.2494 478.459 935.995 1392.96 1853.41 2334.92
30.3134 479.471 937.995 1395.96 1857.34 2339.92
30.3134 480.494 939.996 1398.94 1861.34 2344.92
30.3134 481.519     942 1401.94 1865.31 2349.92
30.3134 482.542     944 1404.92 1869.31 2354.92
30.3767 483.549     946 1407.85 1873.31 2359.92
30.4403 484.562     948 1410.85 1877.23 2364.92
30.4403 485.562 950.015 1413.85 1881.22 2369.92
30.4403 486.582 952.012 1416.85 1885.22  2374.9
30.4403 487.582 954.012 1419.84  1889.2 2379.92
30.5035 488.595 956.012 1422.84 1893.13 2384.92
30.5671 489.595 958.004 1425.84 1897.07 2389.92
30.6291 490.589 959.948 1428.84 1901.07 2394.92
30.6291 491.609 961.945 1431.84 1905.07  2399.9
30.6925 492.609 963.937 1434.84 1909.02  2404.9
30.7561 493.609 965.937 1437.84 1912.97 2409.88
30.8193 494.609 967.922 1440.84 1916.97 2414.84
30.8824 495.622 969.922 1443.84  1920.9 2419.84
30.9456 496.622 971.907 1446.84  1924.9 2424.79
30.9456 497.622 973.913 1449.83  1928.9 2429.79
30.9456 498.647 975.913 1452.83 1932.87  2434.8
30.9456 499.671 977.913 1455.83 1936.84  2439.8
31.0084 500.671 979.897 1458.78 1940.84  2444.8
31.0714 501.671 981.897 1461.75 1944.84 2449.77
31.0714 502.692 983.894 1464.75 1948.84 2454.75
31.1341 503.692 985.879 1467.75 1952.84 2459.71
31.1968 504.692 987.863  1470.7 1956.84 2464.71
31.2591 505.701 989.863  1473.7 1960.84 2469.63
31.3217 506.713 991.863  1476.7 1964.76 2474.63
31.3844 507.713 993.847 1479.66 1968.76 2479.63
31.3844 508.713  995.86 1482.65 1972.75 2484.63
31.3844 509.713 997.869 1485.65 1976.73 2489.65
31.3844 510.737 999.874 1488.65  1980.7 2494.65
31.3844 511.737 1001.88 1491.65 1984.68 2499.66
31.3844 512.761 1003.88 1494.65 1988.66 2504.66
31.3844 513.785 1005.89 1497.65 1992.63 2509.66
31.3844 514.812 1007.89 1500.65 1996.61 2514.66
31.3844 515.839 1009.89 1503.64 2000.59 2519.66
31.4463 516.839 1011.88 1506.64 2004.54 2524.66
31.5084 517.839 1013.88 1509.62  2008.5 2529.66
31.5084 518.839 1015.89  1512.6  2012.5 2534.67
31.5084 519.861 1017.89 1515.58  2016.5 2539.66
31.5084 520.881 1019.88 1518.58  2020.5 2544.65
31.5702 521.881 1021.88 1521.56 2024.46 2549.65
31.5702 522.881 1023.89 1524.56 2028.44 2554.66
31.6316 523.881 1025.88 1527.56 2032.38 2559.66
31.6928 524.881 1027.87 1530.56 2036.38 2564.61
31.7542 525.881 1029.86 1533.56 2040.33 2569.61
31.8157 526.881 1031.86 1536.53 2044.33 2574.58
31.8157 527.881 1033.86 1539.52 2048.32  2579.6
31.8767 528.893 1035.86 1542.52 2052.24  2584.6
31.9378 529.893 1037.85 1545.52 2056.24 2589.56
31.9988 530.893 1039.83 1548.48 2060.24 2594.56
32.0596 531.902 1041.83 1551.48 2064.24 2599.49
32.0596 532.925 1043.84 1554.48 2068.21 2604.49
32.0596 533.925 1045.84 1557.47  2072.2 2609.51
32.0596 534.925 1047.84 1560.47 2076.18 2614.52
32.0596 535.925 1049.86 1563.47 2080.17 2619.52
32.1191 536.919  1051.8 1566.47 2084.17 2624.52
32.1191 537.919  1053.8 1569.47 2088.15 2629.54
32.1191 538.941  1055.8 1572.45 2092.15 2634.53
32.1795 539.941 1057.79 1575.45 2096.15 2639.49
32.2399 540.941 1059.77 1578.45 2100.15 2644.44
32.2399 541.962 1061.77 1581.43 2104.15 2649.44
32.2399 542.962 1063.78 1584.42 2108.15 2654.45
32.2399 543.962 1065.79 1587.41 2112.14 2659.45
32.2995 544.968 1067.79 1590.35 2116.14 2664.45
32.2995 545.989 1069.79 1593.33 2120.14 2669.45
32.2995  547.01 1071.79 1596.31 2124.14 2674.45
32.3595  548.01 1073.79 1599.28 2128.14 2679.42
32.3595  549.01  1075.8 1602.28 2132.12 2684.43
32.3595 550.032 1077.81 1605.28  2136.1 2689.43
32.3595 551.032 1079.81 1608.27 2140.08 2694.45
32.3595 552.054 1081.81 1611.25 2144.08 2699.44
32.4189 553.054 1083.79 1614.21 2148.08 2704.44
32.4785 554.054 1085.78 1617.21 2152.03 2709.44
32.5376 555.063 1087.78 1620.21 2156.03 2714.38
32.5972 556.063 1089.78 1623.21 2159.98 2719.38
32.5972 557.063 1091.78 1626.21 2163.96 2724.39
32.5972 558.082 1093.78 1629.21 2167.96 2729.37
32.6566 559.082 1095.78 1632.18 2171.96 2734.34
32.6566 560.082 1097.78 1635.17 2175.95 2739.36
 32.716 561.082 1099.78 1638.15 2179.91 2744.36
 32.716 562.103 1101.78 1641.13 2183.91 2749.36
 32.716 563.103 1103.79 1644.13 2187.89 2754.37
 32.716 564.125 1105.79 1647.12 2191.89 2759.37
32.7737 565.119 1107.74 1650.12 2195.89 2764.37
32.8313 566.113 1109.69 1653.12 2199.89 2769.37
  32.89 567.113 1111.67 1656.07 2203.89 2774.37
  32.89 568.113 1113.67 1659.07 2207.87 2779.38
  32.89 569.113 1115.68 1662.07 2211.86 2784.38
32.9482 570.118 1117.68    1665 2215.86 2789.38
33.0066 571.129 1119.68    1668 2219.79 2794.38
33.0655 572.129 1121.68 1670.98 2223.76 2799.38
33.0655 573.154 1123.68 1673.97 2227.74 2804.38
33.0655 574.175 1125.68 1676.95 2231.74 2809.38
33.0655 575.175 1127.69 1679.94 2235.74 2814.39
33.0655 576.197 1129.69 1682.94 2239.71 2819.39
33.0655 577.197 1131.71 1685.94  2243.7 2824.39
33.1237 578.197 1133.71 1688.91  2247.7 2829.36
 33.182 579.197 1135.71 1691.88  2251.7 2834.33
33.2399 580.209 1137.71 1694.88 2255.63 2839.33
33.2399 581.233 1139.71 1697.87 2259.62 2844.33
33.2978 582.233 1141.69 1700.87 2263.62 2849.29
33.3557 583.233 1143.68 1703.87 2267.62 2854.25
33.3557 584.253 1145.68 1706.85 2271.62 2859.25
33.3557 585.253 1147.69 1709.85 2275.61 2864.25
33.3557 586.275 1149.69 1712.85 2279.58 2869.25
33.3557 587.297 1151.69 1715.85 2283.56 2874.25
33.4135 588.297 1153.69 1718.82 2287.56 2879.22
 33.471 589.297 1155.68 1721.82 2291.56 2884.18
33.5287 590.297 1157.68 1724.79 2295.56 2889.15
33.5287 591.319 1159.68 1727.79 2299.53 2894.15
33.5287 592.319 1161.69 1730.78 2303.52 2899.15
33.5862 593.319 1163.68 1733.78 2307.47 2904.15
33.5862 594.341 1165.69 1736.78 2311.45 2909.15
33.6437 595.341 1167.69 1739.78  2315.4 2914.14
33.6437 596.341  1169.7 1742.78 2319.39 2919.15
33.6437 597.363  1171.7 1745.78 2323.36 2924.15
33.7003 598.369  1173.7 1748.72 2327.36 2929.15
33.7003 599.369  1175.7 1751.72 2331.35 2934.17
33.7003 600.369  1177.7 1754.71 2335.33 2939.19
33.7003 601.389  1179.7  1757.7 2339.33 2944.18
 33.757   602.4  1181.7  1760.7 2343.27 2949.18
33.8141   603.4  1183.7 1763.67 2347.23 2954.18
33.8708   604.4 1185.68 1766.67 2351.23 2959.14
33.8708   605.4 1187.69 1769.66 2355.23 2964.15
33.8708 606.418 1189.69 1772.66 2359.23 2969.13
33.9277 607.418 1191.69 1775.66 2363.19 2974.11
33.9277 608.442 1193.69 1778.66 2367.17 2979.11
33.9277  609.46 1195.68 1781.66 2371.17  2984.1
33.9277  610.46 1197.69 1784.65 2375.17  2989.1
33.9829 611.454 1199.64 1787.65 2379.17  2994.1
33.9829 612.475 1201.64 1790.63 2383.17  2999.1
34.0395 613.475 1203.64 1793.61 2387.14  3004.1
34.0395 614.475 1205.65 1796.61 2391.13  3009.1
34.0955 615.486 1207.65 1799.61 2395.06  3014.1
34.0955 616.486 1209.65  1802.6 2399.05 3019.12
34.0955 617.486 1211.66  1805.6 2403.04 3024.12
34.1517 618.486 1213.66 1808.58    2407 3029.12
34.1517 619.507 1215.66 1811.58 2410.98 3034.12
34.1517 620.526 1217.66 1814.56 2414.98 3039.12
34.2076 621.526 1219.66 1817.56 2418.93 3044.12
34.2635 622.526 1221.66 1820.53 2422.93  3049.1
34.3188 623.531 1223.66 1823.47 2426.93  3054.1
34.3747 624.531 1225.66 1826.44 2430.93 3059.07
34.4303 625.542 1227.66 1829.44 2434.86 3064.07
34.4861 626.542 1229.64 1832.44 2438.86 3069.03
34.5419 627.542 1231.64 1835.41 2442.86    3074
 34.598 628.542 1233.64 1838.39 2446.83    3079
 34.654 629.542 1235.64 1841.39 2450.79 3083.99
34.7095  630.55 1237.64 1844.39 2454.79 3088.92
34.7655  631.55 1239.64 1847.39 2458.75 3093.91
34.8212  632.55 1241.63 1850.39 2462.75 3098.86
34.8212 633.569 1243.63 1853.37 2466.75 3103.86
34.8212 634.592 1245.63 1856.36 2470.73 3108.86
34.8766 635.602 1247.63 1859.36 2474.67 3113.86
34.8766  636.62 1249.63 1862.36 2478.67 3118.85
34.9317 637.625 1251.63  1865.3 2482.67 3123.85
34.9317 638.646 1253.63  1868.3 2486.64 3128.85
34.9317 639.665 1255.63 1871.28 2490.64 3133.85
34.9873 640.665 1257.63 1874.26 2494.61 3138.85
35.0425 641.665 1259.61 1877.22 2498.61 3143.85
35.0978 642.665  1261.6 1880.18 2502.61 3148.85
35.0978 643.686  1263.6 1883.18 2506.58 3153.85
35.0978 644.703  1265.6 1886.18 2510.58 3158.84
35.0978 645.724  1267.6 1889.18 2514.56 3163.84
35.1524 646.729  1269.6 1892.12 2518.56 3168.84
35.1524  647.75  1271.6 1895.12 2522.54 3173.84
35.2073  648.75 1273.59 1898.12 2526.54  3178.8
35.2625  649.75 1275.59 1901.12  2530.5 3183.78
35.3178  650.75 1277.59  1904.1 2534.46 3188.78
35.3178 651.768 1279.59  1907.1 2538.46 3193.77
35.3178 652.786 1281.59 1910.08 2542.46 3198.77
35.3727 653.786 1283.58 1913.08 2546.42 3203.77
35.3727 654.786 1285.58 1916.08  2550.4 3208.78
35.4274 655.786 1287.57 1919.08  2554.4 3213.74
35.4274 656.805 1289.57 1922.06  2558.4 3218.74
35.4821 657.805 1291.56 1925.06 2562.36 3223.74
35.4821 658.824 1293.56 1928.04 2566.36 3228.74
35.4821 659.844 1295.56 1931.04 2570.33 3233.74
35.5363 660.852 1297.56 1934.04 2574.33 3238.68
35.5363 661.852 1299.57 1937.04 2578.32 3243.68
35.5363 662.871 1301.57 1940.02 2582.32 3248.68
35.5363 663.891 1303.58 1943.02  2586.3 3253.68
35.5906 664.891 1305.57 1946.02 2590.25 3258.68
35.6448 665.891 1307.56 1949.02 2594.25 3263.64
35.6989 666.891 1309.54 1951.98 2598.25 3268.64
35.6989 667.891 1311.54 1954.97 2602.24 3273.66
 35.752 668.886  1313.5 1957.97 2606.24 3278.66
 35.752 669.906  1315.5 1960.97 2610.21 3283.66
 35.752 670.906 1317.51 1963.97  2614.2 3288.66
 35.752 671.906 1319.51 1966.97 2618.19 3293.67
 35.752 672.924 1321.51 1969.95 2622.19 3298.67
 35.752 673.924 1323.52 1972.95 2626.18 3303.68
 35.752 674.944 1325.52 1975.93 2630.18 3308.68
35.8053 675.949 1327.52 1978.87 2634.18 3313.68
35.8579 676.943 1329.47 1981.87 2638.18 3318.68
35.8579 677.965 1331.47 1984.87 2642.16 3323.68
35.9118 678.965 1333.47 1987.85 2646.13 3328.68
35.9654 679.965 1335.47 1990.82 2650.13 3333.65
35.9654 680.965 1337.48 1993.81 2654.13 3338.66
36.0189 681.965 1339.46 1996.81 2658.13 3343.62
36.0721 682.973 1341.46 1999.81 2662.13 3348.56
36.1253  683.98 1343.46 2002.81 2666.13  3353.5
36.1785 684.988 1345.46 2005.81 2670.13 3358.44
36.1785  686.01 1347.46  2008.8 2674.11 3363.44
36.1785 687.032 1349.46 2011.79  2678.1 3368.44
36.2318 688.032 1351.45 2014.79  2682.1  3373.4
36.2318 689.032 1353.45 2017.78  2686.1  3378.4
36.2851 690.032 1355.45 2020.78 2690.05  3383.4
36.3386 691.032 1357.45 2023.78 2694.01 3388.39
36.3386 692.032 1359.45 2026.78    2698  3393.4
36.3386 693.032 1361.45 2029.78 2701.99 3398.42
36.3907 694.026  1363.4 2032.78 2705.99 3403.42
36.3907 695.046  1365.4 2035.78 2709.96 3408.42
36.4436 696.046 1367.39 2038.74 2713.96 3413.42
36.4967 697.046 1369.38 2041.74 2717.92 3418.42
36.4967 698.065 1371.38 2044.72 2721.92 3423.42
36.5498 699.065 1373.37 2047.72 2725.87 3428.42
36.5498 700.082 1375.37 2050.72 2729.87  3433.4
36.5498 701.082 1377.38 2053.72 2733.86 3438.41
36.6025 702.082 1379.37 2056.72 2737.86 3443.37
36.6025 703.082 1381.38 2059.72 2741.85 3448.37
36.6025 704.082 1383.39 2062.72 2745.84 3453.37
36.6554 705.082 1385.39  2065.7 2749.81 3458.37
36.6554   706.1 1387.39 2068.68 2753.81 3463.37
36.6554 707.119 1389.39 2071.68 2757.78 3468.37
36.7069 708.114 1391.35 2074.68 2761.78 3473.37
36.7069 709.114 1393.35 2077.68 2765.77 3478.38
36.7595 710.114 1395.35 2080.68 2769.73 3483.37
36.7595 711.136 1397.35 2083.67 2773.71 3488.37
36.7595 712.152 1399.35 2086.67 2777.71 3493.35
36.8119 713.152 1401.34 2089.67 2781.67 3498.35
36.8119 714.168 1403.34 2092.67 2785.67 3503.34
36.8119 715.187 1405.34 2095.66 2789.67 3508.33
36.8119 716.206 1407.34 2098.64 2793.67 3513.33
 36.864 717.206 1409.33 2101.64 2797.63 3518.33
 36.916 718.206 1411.32 2104.64 2801.63 3523.29
 36.916 719.206 1413.32 2107.64 2805.61 3528.31
36.9682 720.206 1415.32 2110.62 2809.58 3533.31
37.0202 721.206 1417.31 2113.62 2813.54 3538.31
37.0202 722.206 1419.32 2116.62 2817.52 3543.32
37.0712   723.2 1421.27 2119.62 2821.52 3548.32
37.1229  724.21 1423.27 2122.62 2825.46 3553.32
37.1739 725.204 1425.23 2125.62 2829.46 3558.32
37.1739 726.204 1427.23 2128.61 2833.46 3563.32
37.1739 727.204 1429.24 2131.61 2837.44 3568.33
37.1739 728.222 1431.24 2134.59 2841.44 3573.33
37.1739 729.239 1433.24 2137.57 2845.44 3578.33
37.2256 730.239 1435.23 2140.57  2849.4 3583.33
37.2256 731.256 1437.23 2143.57  2853.4 3588.32
37.2256 732.256 1439.24 2146.57 2857.39 3593.32
37.2256 733.275 1441.24 2149.57 2861.37 3598.32
37.2256 734.291 1443.24 2152.57 2865.37 3603.31
37.2256 735.291 1445.24 2155.57 2869.36 3608.32
37.2767 736.301 1447.24 2158.57 2873.29 3613.32
37.2767 737.301 1449.24 2161.56 2877.29 3618.33
37.2767 738.317 1451.24 2164.56 2881.29 3623.32
37.2767 739.338 1453.24 2167.55 2885.28 3628.32
37.3278 740.338 1455.24 2170.52 2889.28 3633.29
37.3787 741.347 1457.24 2173.52 2893.22 3638.29
37.3787 742.367 1459.24 2176.52  2897.2 3643.29
37.4298 743.367 1461.23 2179.52 2901.15 3648.29
 37.481 744.367 1463.23 2182.51 2905.12 3653.29
 37.481 745.383 1465.23 2185.51 2909.12 3658.28
37.5319 746.383 1467.22 2188.51 2913.08 3663.28
37.5319 747.401 1469.22 2191.49 2917.08 3668.28
37.5319 748.419 1471.22 2194.48 2921.08 3673.27
37.5825 749.428 1473.22 2197.48 2925.02 3678.27
37.5825 750.449 1475.22 2200.47    2929 3683.27
37.5825 751.449 1477.22 2203.46    2933 3688.28
37.5825 752.467 1479.22 2206.44    2937 3693.28
37.5825 753.486 1481.22 2209.44 2940.98 3698.28
37.6333 754.486 1483.22 2212.42 2944.95 3703.28
37.6333 755.486 1485.23 2215.42 2948.94 3708.28
37.6834 756.493 1487.23 2218.42 2952.94 3713.23
37.7339 757.493 1489.23 2221.42  2956.9 3718.23
37.7843 758.493 1491.22 2224.42  2960.9 3723.19
37.8343 759.497 1493.22 2227.37  2964.9 3728.19
37.8839 760.492 1495.17 2230.37  2968.9 3733.19
37.8839 761.492 1497.18 2233.37 2972.89 3738.19
37.8839  762.51 1499.18 2236.35 2976.89 3743.18
37.8839  763.51 1501.19 2239.34 2980.89 3748.19
37.8839 764.526 1503.18 2242.34 2984.89 3753.18
37.9339 765.535 1505.18 2245.34 2988.83 3758.18
37.9339 766.535 1507.19 2248.33 2992.83 3763.18
37.9339 767.535  1509.2 2251.33 2996.82 3768.18
37.9836 768.542  1511.2 2254.33 3000.82 3773.12
38.0336 769.542 1513.18 2257.29 3004.82 3778.12
38.0336 770.542 1515.19 2260.29 3008.82 3783.13
38.0336 771.542  1517.2 2263.28 3012.81 3788.13
38.0833 772.551  1519.2 2266.28 3016.75 3793.13
38.0833 773.567  1521.2 2269.28 3020.75 3798.12
38.1331 774.567 1523.18 2272.28 3024.75 3803.08
38.1331 775.567 1525.19 2275.27 3028.75 3808.08
38.1331 776.585 1527.19 2278.26 3032.75 3813.08
38.1826 777.594 1529.19 2281.26 3036.69 3818.08
38.2319 778.598 1531.19 2284.21 3040.69 3823.08
38.2814 779.605 1533.19 2287.21 3044.69 3828.02
38.2814 780.605 1535.19  2290.2 3048.68 3833.04
38.3306 781.609 1537.19 2293.15 3052.68 3838.04
38.3801 782.618 1539.19 2296.15 3056.62 3843.04
38.3801 783.618 1541.19 2299.15 3060.61 3848.05
38.4296 784.627 1543.19 2302.15 3064.56 3853.05
38.4791 785.627 1545.18 2305.15 3068.56 3858.02
38.5286 786.627 1547.16 2308.15 3072.56 3862.98
38.5286 787.646 1549.16 2311.15 3076.53 3867.98
38.5286 788.646 1551.16 2314.14 3080.52    3873
38.5286 789.662 1553.16 2317.14 3084.52 3877.98
38.5781 790.662 1555.16 2320.14 3088.49 3882.97
38.6266 791.656 1557.12 2323.14 3092.49 3887.97
38.6761 792.656 1559.12 2326.12 3096.49 3892.95
38.6761 793.656 1561.12 2329.11 3100.48 3897.96
38.6761 794.673 1563.12  2332.1 3104.48 3902.96
38.7255 795.673 1565.12 2335.08 3108.45 3907.96
38.7255 796.673 1567.12 2338.08 3112.43 3912.97
38.7255 797.673 1569.13 2341.08 3116.41 3917.98
38.7255 798.688 1571.13 2344.08 3120.41 3922.97
38.7255 799.709 1573.13 2347.07  3124.4 3927.97
38.7255 800.726 1575.13 2350.06  3128.4 3932.96
38.7745 801.726 1577.13 2353.03  3132.4 3937.94
38.8232 802.733 1579.13 2356.03  3136.4 3942.89
 38.872 803.733 1581.11 2358.99  3140.4 3947.89
38.9202 804.727 1583.07 2361.99  3144.4 3952.89
38.9202 805.748 1585.07 2364.99 3148.39 3957.89
38.9202 806.748 1587.08 2367.98 3152.39 3962.89
38.9202 807.765 1589.08 2370.97 3156.39 3967.89
38.9202  808.78 1591.07 2373.97 3160.39 3972.88
38.9689  809.78 1593.07 2376.94 3164.39 3977.85
39.0175  810.78 1595.06 2379.94 3168.39 3982.82
39.0175 811.798 1597.06 2382.94 3172.37 3987.82
39.0175 812.798 1599.06 2385.94 3176.35 3992.83
39.0175 813.798 1601.06 2388.93 3180.35 3997.84
39.0662 814.798 1603.06 2391.93 3184.32 4002.82
39.1149 815.798 1605.06 2394.93 3188.29 4007.81
39.1149 816.798 1607.07 2397.92 3192.29 4012.81
39.1634 817.798 1609.07 2400.89 3196.29 4017.79
39.2115 818.803 1611.07 2403.84 3200.29 4022.79
39.2115 819.803 1613.08 2406.84 3204.27  4027.8
39.2115 820.822 1615.08 2409.83 3208.26  4032.8
 39.259 821.817 1617.03 2412.83 3212.26  4037.8
39.3075 822.817 1619.03 2415.82 3216.23  4042.8
39.3555 823.821 1621.03 2418.76 3220.23  4047.8
39.4038 824.821 1623.03 2421.76 3224.19  4052.8
39.4038 825.821 1625.03 2424.76 3228.18 4057.81
39.4038 826.821 1627.03 2427.76 3232.16 4062.82
 39.452 827.821 1629.02 2430.76 3236.16 4067.79
39.4998 828.825 1631.02 2433.71 3240.16 4072.79
39.4998 829.842 1633.02 2436.69 3244.16 4077.78
39.4998 830.858 1635.02 2439.68 3248.16 4082.78
39.5471 831.853 1636.98 2442.68 3252.16 4087.78
39.5954 832.853 1638.98 2445.68 3256.13 4092.77
39.6435 833.853 1640.97 2448.68 3260.09 4097.77
39.6915 834.862 1642.97 2451.68 3264.03 4102.77
39.6915 835.862 1644.97 2454.67 3268.02 4107.78
39.7396 836.862 1646.97 2457.67 3271.98 4112.77
39.7874 837.868 1648.97 2460.67 3275.98 4117.72
39.8355 838.868 1650.97 2463.65 3279.98 4122.69
39.8837 839.868 1652.97 2466.65 3283.95 4127.68
39.8837 840.868 1654.98 2469.65 3287.94 4132.68
39.8837 841.884 1656.98 2472.63 3291.94 4137.68
39.9317 842.884 1658.97 2475.63  3295.9 4142.68
39.9317 843.902 1660.97 2478.63 3299.88 4147.68
39.9797 844.902 1662.97 2481.63 3303.85 4152.66
40.0276 845.902 1664.97 2484.61 3307.85 4157.64
40.0276  846.92 1666.98 2487.61 3311.83 4162.64
 40.075 847.924 1668.98 2490.55 3315.83 4167.64
 40.123 848.924 1670.98 2493.54  3319.8 4172.64
 40.171 849.924 1672.98 2496.52 3323.77 4177.64
 40.171  850.94 1674.98  2499.5 3327.77 4182.64
40.2184 851.943 1676.98 2502.45 3331.77 4187.64
40.2184 852.959 1678.98 2505.44 3335.77 4192.64
40.2184 853.974 1680.98 2508.44 3339.77 4197.63
40.2662 854.974 1682.98 2511.44 3343.73 4202.61
40.2662 855.974 1684.98 2514.43 3347.72 4207.63
40.2662  856.99 1686.97 2517.42 3351.72 4212.63
40.3137  857.99 1688.97 2520.39 3355.72 4217.61
40.3614  858.99 1690.97 2523.37 3359.69 4222.61
40.3614 860.005 1692.97 2526.37 3363.69 4227.59
40.3614 861.022 1694.98 2529.37 3367.67 4232.59
40.3614 862.022 1696.98 2532.37 3371.66  4237.6
40.4089 863.022 1698.98 2535.37 3375.63 4242.59
40.4089  864.04 1700.98 2538.37 3379.61 4247.59
40.4561  865.04 1702.97 2541.34 3383.61 4252.59
40.4561 866.055 1704.97 2544.32 3387.61 4257.59
40.4561 867.055 1706.98 2547.32  3391.6 4262.59
40.5034 868.055 1708.98 2550.32 3395.56 4267.57
40.5507 869.055 1710.97 2553.32 3399.52 4272.57
40.5978 870.055 1712.96 2556.29 3403.52 4277.57
40.6451 871.055 1714.96 2559.29 3407.49 4282.56
 40.692 872.062 1716.96 2562.29 3411.49 4287.51
40.7393 873.062 1718.95 2565.29 3415.45 4292.51
40.7393 874.077 1720.95 2568.27 3419.45 4297.51
40.7393 875.077 1722.95 2571.27 3423.44 4302.52
40.7393 876.077 1724.96 2574.27 3427.43 4307.53
40.7863 877.077 1726.95 2577.27 3431.39 4312.53
40.7863 878.096 1728.95 2580.26 3435.37 4317.53
40.8332 879.105 1730.95 2583.26 3439.32 4322.53
40.8803 880.105 1732.95 2586.26 3443.28 4327.52
40.9273 881.105 1734.95 2589.24 3447.28 4332.49
40.9742 882.105 1736.94 2592.24 3451.28 4337.46
 41.021 883.113 1738.94 2595.24 3455.23 4342.46
 41.021 884.132 1740.94 2598.23 3459.22 4347.46
 41.068 885.132 1742.94 2601.21 3463.22 4352.44
 41.115 886.132 1744.94 2604.18 3467.22 4357.41
41.1616 887.136 1746.94 2607.13 3471.22 4362.41
41.2081 888.139 1748.94 2610.08 3475.22 4367.41
41.2548 889.145 1750.94 2613.08 3479.22 4372.36
41.2548 890.162 1752.94 2616.07 3483.22 4377.36
41.2548 891.177 1754.94 2619.05 3487.22 4382.36
41.2548 892.193 1756.94 2622.04 3491.22 4387.36
41.3016 893.193 1758.93 2625.04 3495.18 4392.36
41.3016 894.207 1760.93 2628.04 3499.18 4397.35
41.3482 895.215 1762.93 2631.04 3503.12 4402.35
41.3482  896.23 1764.93 2634.04 3507.12 4407.34
41.3941 897.224 1766.89 2637.04 3511.12 4412.34
41.3941 898.242 1768.89 2640.04  3515.1 4417.34
41.3941 899.259 1770.89 2643.04 3519.08 4422.34
41.3941 900.277 1772.89 2646.03 3523.07 4427.34
41.3941 901.277  1774.9 2649.03 3527.05 4432.34
41.3941 902.295  1776.9 2652.03 3531.03 4437.35
41.3941 903.311  1778.9 2655.02 3535.03 4442.34
41.3941 904.326  1780.9    2658 3539.03 4447.34
41.4404 905.326 1782.89    2661    3543 4452.34
41.4404 906.343 1784.89    2664 3546.98 4457.34
41.4404 907.359 1786.89 2666.99 3550.98 4462.34
41.4404 908.377 1788.89 2669.98 3554.96 4467.34
41.4862 909.381 1790.89 2672.93 3558.96 4472.34
41.5321 910.387 1792.89 2675.93 3562.96 4477.29
41.5783 911.387 1794.89 2678.93 3566.93 4482.28
41.6246 912.387 1796.89 2681.93  3570.9 4487.26
41.6706 913.395 1798.89 2684.93 3574.84 4492.26
41.7166 914.395 1800.88  2687.9 3578.84 4497.26
41.7625 915.402 1802.88  2690.9 3582.84 4502.21
41.7625 916.402 1804.89  2693.9 3586.83 4507.22
41.8085 917.402 1806.87 2696.86 3590.83 4512.22
41.8085 918.402 1808.88 2699.86 3594.83 4517.23
41.8543 919.408 1810.88 2702.86 3598.83 4522.17
41.8543 920.408 1812.89 2705.85 3602.82 4527.17
41.8543 921.408 1814.89 2708.85 3606.82 4532.18
41.8543 922.423 1816.89 2711.83 3610.82 4537.18
41.9003 923.423 1818.89 2714.81 3614.79 4542.18
41.9003 924.441 1820.89 2717.81 3618.78 4547.18
41.9003 925.457 1822.89 2720.79 3622.78 4552.18
 41.946 926.465 1824.89 2723.79 3626.73 4557.18
41.9916 927.473 1826.89 2726.79 3630.67 4562.18
42.0374 928.473 1828.89 2729.77 3634.67 4567.15
42.0374 929.492 1830.89 2732.76 3638.66 4572.15
42.0374 930.492  1832.9 2735.76 3642.66 4577.16
42.0828 931.496  1834.9 2738.71 3646.66 4582.16
42.1284 932.496 1836.88 2741.71 3650.66 4587.12
42.1284 933.511 1838.88 2744.69 3654.66 4592.12
 42.174 934.511 1840.87 2747.69 3658.66 4597.09
42.2196 935.511 1842.87 2750.67 3662.66 4602.07
42.2196 936.527 1844.87 2753.65 3666.66 4607.07
42.2196 937.527 1846.88 2756.65 3670.66 4612.07
42.2644 938.522 1848.84 2759.65 3674.66 4617.07
42.3098  939.53 1850.84 2762.65 3678.61 4622.07
42.3098 940.546 1852.84 2765.65 3682.59 4627.07
42.3098 941.546 1854.84 2768.64 3686.58 4632.08
42.3098 942.562 1856.84 2771.63 3690.58 4637.08
42.3098 943.562 1858.85 2774.63 3694.56 4642.09
42.3098 944.576 1860.84 2777.63 3698.56 4647.08
 42.355 945.576 1862.83 2780.63 3702.56 4652.05
42.4002 946.583 1864.83 2783.63 3706.51 4657.05
42.4453 947.591 1866.83 2786.63 3710.46 4662.05
42.4907 948.591 1868.82 2789.63 3714.42 4667.05
42.5361 949.591 1870.82 2792.61 3718.39 4672.05
42.5361 950.608 1872.82 2795.61 3722.37 4677.05
42.5815 951.608 1874.82 2798.59 3726.34 4682.05
42.6265 952.614 1876.82 2801.59 3730.34    4687
42.6265 953.628 1878.82 2804.59 3734.34 4691.99
42.6265 954.628 1880.83 2807.59 3738.34 4696.99
42.6717 955.628 1882.83 2810.57 3742.34 4701.97
42.6717 956.644 1884.83 2813.57 3746.32 4706.97
42.7167 957.644 1886.82 2816.57 3750.32 4711.93
42.7167 958.663 1888.82 2819.56  3754.3 4716.93
42.7167 959.679 1890.83 2822.56 3758.28 4721.93
42.7617 960.679 1892.83 2825.54 3762.28 4726.91
42.8066 961.679 1894.81 2828.51 3766.28 4731.91
42.8516 962.679  1896.8 2831.51 3770.28 4736.88
42.8516 963.695  1898.8 2834.49 3774.28 4741.87
42.8516 964.713  1900.8 2837.49 3778.27 4746.87
42.8961 965.716  1902.8 2840.44 3782.27 4751.87
42.8961 966.731  1904.8 2843.42 3786.27 4756.87
42.9409 967.739  1906.8 2846.42 3790.22 4761.87
42.9409 968.756  1908.8 2849.42  3794.2 4766.87
42.9856 969.756 1910.79 2852.39  3798.2 4771.87
43.0297 970.751 1912.75 2855.39  3802.2 4776.87
43.0297 971.751 1914.75 2858.39 3806.19 4781.89
43.0297 972.766 1916.75 2861.38 3810.19 4786.88
43.0297 973.783 1918.76 2864.38 3814.17 4791.88
43.0745 974.783 1920.76 2867.38 3818.14 4796.87
43.1191 975.783 1922.74 2870.34 3822.14 4801.87
43.1637 976.783 1924.73 2873.34 3826.14 4806.84
43.1637 977.799 1926.73 2876.34 3830.12 4811.84
43.2081 978.805 1928.73 2879.34 3834.12 4816.79
43.2081 979.821 1930.73 2882.34  3838.1 4821.79
43.2081 980.821 1932.73 2885.34 3842.09  4826.8
43.2525 981.821 1934.72 2888.31 3846.09  4831.8
43.2967 982.825 1936.72 2891.26 3850.09  4836.8
43.2967 983.843 1938.72 2894.25 3854.08  4841.8
43.3412 984.843 1940.72 2897.23 3858.08 4846.78
43.3856 985.843 1942.71  2900.2 3862.08 4851.78
43.3856 986.861 1944.71 2903.19 3866.07 4856.78
  43.43 987.861  1946.7 2906.19 3870.07 4861.75
  43.43 988.876  1948.7 2909.18 3874.07 4866.75
43.4745 989.876  1950.7 2912.16 3878.04 4871.75
43.4745 990.876  1952.7 2915.16 3882.03 4876.75
43.4745 991.876 1954.71 2918.15 3886.03 4881.76
43.4745 992.876 1956.71 2921.15 3890.02 4886.77
43.5187 993.876  1958.7 2924.12 3894.02 4891.77
43.5187 994.876  1960.7 2927.12 3898.01 4896.77
43.5187  995.89  1962.7 2930.12 3902.01 4901.76
43.5187 996.903  1964.7 2933.12 3906.01 4906.75
43.5187 997.903 1966.71 2936.12    3910 4911.76
43.5187 998.903 1968.71 2939.12 3913.99 4916.76
43.5187 999.918 1970.71  2942.1 3917.99 4921.76
43.5187 1000.92 1972.72  2945.1 3921.98 4926.77
43.5627 1001.92 1974.71  2948.1 3925.94 4931.77
43.6065 1002.92  1976.7 2951.07 3929.94 4936.77
43.6503 1003.93  1978.7 2954.07 3933.89 4941.77
43.6503 1004.94  1980.7 2957.06 3937.89 4946.76
43.6503 1005.94  1982.7 2960.05 3941.88 4951.78
43.6503 1006.96  1984.7 2963.05 3945.86 4956.78
43.6503 1007.97  1986.7 2966.05 3949.86 4961.76
43.6941 1008.97  1988.7 2969.03 3953.86 4966.74
43.7378 1009.97 1990.69 2972.03 3957.86 4971.71
43.7378 1010.99 1992.69 2975.03 3961.84 4976.71
43.7817 1011.99 1994.69 2978.01 3965.82 4981.71
43.7817 1012.99 1996.69 2981.01 3969.82 4986.72
43.8253 1013.99 1998.68 2983.97 3973.82 4991.72