3.33333       2 3.33333       4       5 3.33333
5.64103 3.38462 5.33333       7       9 5.64103
7.94872 4.76923 7.33333      10      13 7.94872
9.74656 5.76923 9.33333 12.2618 15.9403 12.9487
10.9233 6.46574 10.4601 15.2618 19.9403 17.9487
12.2614 7.25785 12.4601 17.1315 23.9403 22.9487
12.2614 8.42154 14.4579 20.1315 27.7788 27.9487
12.2614 9.42154 16.5443 23.0366 31.7874 32.9487
12.2614 10.5751   18.57 25.8572 35.7874 37.9487
13.3072 11.4771   20.57 28.8572 38.8397 42.9487
14.1874 12.2363 21.9306 31.8572 42.8397 47.9487
 15.231 13.2363 23.5438 34.2005 46.8397 52.9487
 15.231 14.3443 25.5147 37.2005 50.7608 57.9487
 16.208 15.3443 27.1514 39.5868 54.7608 62.9487
 16.208 16.4975 29.1514 42.5868 58.8765 67.6798
17.2332 17.4975 31.1514 45.2806 62.8765 71.9608
18.2532 18.4975 33.1514 48.2806 66.5977 76.2197
18.2532  19.607 35.1514 51.1765 70.5923 81.2197
19.1364  20.607 36.8523 54.1765 74.0081 86.2197
19.1364 21.7043 38.8145 57.1765 77.9487 91.2197
19.1364 22.7043 40.8878 60.2306 81.9487 96.0922
20.0099 23.7043 42.8878 63.2306 85.6892 100.478
20.0099 24.8337 44.8878 66.2306 89.7721 105.266
20.8458 25.8337 46.8878 68.9974 93.7721 109.663
20.8458 26.8337 48.9482 71.9974 97.8928 114.482
21.6171 27.8266 50.9482 74.9974 101.893 118.718
22.3883 28.8194 52.9482 77.9974 105.893 122.954
22.3883 29.9017 54.9367 80.9266 109.893 127.954
22.3883 31.0259  57.002 83.9266 113.893 132.764
23.0833 32.0259 58.7715 86.9266 117.428 137.764
23.0833 33.1071 60.7556 89.8612 121.428 142.764
23.0833 34.1071 62.7556 92.9069 125.544 147.603
23.0833 35.2249 64.7556 95.9517 129.544 152.441
23.0833 36.3354 66.7556 98.9517 133.628 157.246
23.7226 37.3416 68.7556 101.952 137.628 161.601
23.7226 38.4585 70.7556 105.001 141.628 166.434
24.3368 39.4585 72.7556  107.72 145.295 171.434
24.3368 40.4585 74.7656 110.696 149.309 176.434
24.9168 41.4585 76.5475 113.334 153.309 181.434
 25.515 42.4585 78.5475 116.055  156.99 186.434
 25.515 43.4585 80.6089 119.101  160.99 191.327
26.1032 44.4602 82.6089 122.101  164.99 195.737
26.6572  45.404 84.6089 125.101 168.492 200.737
27.2435 46.4026 86.6089 128.101 172.492 205.152
27.2435 47.5026 88.6089 131.138 176.492 210.016
27.7857  48.448 90.6089 134.138 180.004 215.016
27.7857 49.5404 92.6089 137.138 184.063 219.864
27.7857 50.6035 94.5961 140.138 188.013 224.864
27.7857 51.6676 96.5853 143.084 192.013 229.864
27.7857 52.7305 98.5723 146.084 195.963 234.864
28.3116 53.7305 100.572 148.849 199.672 239.864
28.8563 54.7305 102.572 151.849 203.513 244.478
28.8563 55.7305 104.572 154.887 207.585 249.369
28.8563 56.7305 106.572 157.925 211.656  254.26
28.8563 57.8193 108.572 160.956 215.656  259.14
29.3719 58.8193 110.572 163.956  219.51 263.771
29.3719 59.9074 112.572 166.989  223.51  268.65
29.3719 60.9938 114.614 169.989  227.51 273.522
29.3719  62.079 116.614 172.989 231.558 278.389
29.8162 63.0181 118.614 175.605 235.558 283.389
29.8162 64.1022 120.654 178.605 239.558 288.264
29.8162 65.1656 122.654 181.568 243.531 293.264
30.2272 66.0638 124.345 184.568 247.531 298.264
30.2272 67.0638 126.393 187.608 251.531 303.176
30.2272 68.0638 128.441 190.648 255.531 308.089
30.2272 69.1446 130.441 193.675 259.531 312.981
30.6483 70.1079 132.441 196.675 263.147 317.981
31.0857 71.1079 134.441 199.482 266.903 322.981
31.0857 72.1079 136.488 202.519 270.903 327.897
31.5299 73.1079 138.488 205.519 274.773 332.583
 31.969 74.1079 140.416 208.519 278.773 337.215
32.4082 75.1079 142.345 211.519 282.773 341.847
32.8473 76.1079 144.274 214.519 286.773 346.479
33.2535  77.049 146.274 217.171 290.773 351.479
33.6965  78.049 148.274 220.171 294.648 356.162
34.1286 79.0498 150.274 223.171 298.648 360.729
34.5173   79.95 151.985 226.171 302.648 365.729
34.5173   80.95 154.023 229.171 306.706 370.633
34.9433 81.9492 156.023 232.171 310.706 375.207
35.3666 82.9492 158.023 234.984  314.47 380.207
 35.767 83.8883 160.023 237.644  318.47 385.207
 35.767 84.8883 162.023 240.674  322.53 390.118
 35.767 85.9362 164.023 243.645 326.511 395.118
 35.767 86.9362 166.066  246.68 330.511  400.04
36.1616 87.8953 168.066  249.68 334.157  405.04
  36.56 88.8953 169.918  252.43 338.157  410.04
36.9751 89.8953 171.847  255.43 342.157 414.696
37.3847 90.8912 173.847  258.43 346.157  419.29
37.3847 91.8912 175.847 261.459 350.214 424.204
37.7992 92.8912 177.847 264.459 354.097 428.907
37.7992 93.9545 179.847 267.486 358.097 433.817
38.1931 94.9545 181.721 270.486 361.829 438.817
38.6029 95.9545 183.721 273.486 365.711 443.525
39.0035 96.9504 185.721 276.486 369.711 448.128
39.0035 97.9504 187.721 279.518 373.765 453.042
39.0035 98.9504 189.761 282.555 377.765 457.965
39.0035 99.9504 191.801 285.593 381.765 462.888
39.4008  100.95 193.801 288.593 385.653 467.602
39.7897 101.947 195.801 291.593 389.653 472.217
39.7897 102.947 197.841 294.631 393.653 477.138
39.7897 104.006 199.841 297.663 397.653 482.047
39.7897 105.044 201.835 300.663 401.621 487.047
40.1608 106.044 203.718 303.663 405.367 492.047
40.5319 107.044 205.601 306.663 409.114 497.047
40.5319 108.044 207.635 309.663 413.161 501.965
40.9036 109.044 209.635 312.502  416.95 506.965
40.9036 110.099 211.635 315.502 420.987 511.873
40.9036 111.156 213.666 318.502 424.987 516.786
41.2392 112.068 215.419 321.502 428.987 521.786
41.2392 113.068 217.426 324.498 432.984 526.786
41.2392 114.105 219.419 327.498 436.954 531.786
41.5693 115.018 221.176 330.498 440.954 536.786
41.5693 116.018 223.205 333.498 444.999 541.711
41.9207 117.018 225.092 336.498 448.761 546.711
41.9207 118.018 227.123 339.534 452.761 551.643
42.2456 118.933 228.883 342.534 456.761 556.643
42.2456 119.985 230.908 345.534 460.761 561.567
42.6027 120.985 232.908 348.534 464.656 566.315
42.9529 121.979 234.908 351.534 468.656  570.97
43.2942 122.979 236.774 354.327 472.656  575.97
43.2942 124.031 238.798 357.327 476.656 580.894
43.2942 125.082 240.822 360.327 480.656 585.818
43.6386 126.077 242.822 363.327 484.656 590.479
 43.972  127.04 244.822 366.327  488.36 595.479
 43.972 128.076 246.822 369.312 492.339 600.479
 43.972 129.108 248.812 372.289 496.339 605.479
44.3163 130.108 250.812 375.204 500.339  610.22
44.6388 131.055 252.812 377.935 504.339  615.22
44.9829 132.055 254.812 380.848 508.339 619.962
44.9829 133.103 256.812 383.848 512.372 624.881
44.9829 134.103 258.812 386.877 516.415 629.811
44.9829  135.15 260.812 389.877 520.448  634.73
45.3063  136.15 262.687 392.679 524.448  639.73
45.6373 137.145 264.687 395.679 528.448 644.404
45.9433 138.065 266.461 398.679 532.448 649.404
46.2586 139.012 268.461 401.416 536.448 654.404
46.2586 140.058 270.461 404.416 540.482 659.325
46.5794 141.058 272.337  407.22 544.482 664.325
46.8926 142.006 274.337 409.958 548.482 669.325
46.8926 143.037 276.329 412.935 552.482 674.325
47.2037 143.986 278.329 415.674 556.482 679.325
47.5348 144.986 280.329 418.674 560.385  684.09
47.5348 146.018 282.329 421.654 564.374  689.09
47.5348 147.062 284.329 424.654 568.407 694.014
47.5348 148.105 286.329 427.654 572.439 698.938
 47.857 149.105 288.269 430.654 576.439 703.675
 47.857 150.105 290.272 433.646 580.444 708.675
48.1787 151.105 292.272 436.561 584.444 713.439
48.1787 152.134 294.263 439.561 588.425 718.439
48.4841 153.098 296.263 442.561 592.155 723.439
48.7895 154.063 298.263 445.561 595.885 728.439
48.7895 155.107 300.283 448.561 599.885 733.374
48.7895 156.107 302.283 451.582 603.925 738.313
49.0911 157.072 304.283 454.582 607.658 743.313
49.3976 158.072 306.183 457.582 611.452 748.313
49.3976 159.072 308.183 460.604  615.49 753.254
49.6974 160.037 310.183 463.604 619.225 758.254
49.9971 161.002 312.183 466.604  622.96 763.254
50.2988 162.002 314.067 469.419  626.96 768.254
50.6119 163.002 316.067 472.419 630.863 773.038
50.6119  164.03  318.06 475.419 634.842 778.038
50.9209  165.03 320.002 478.419 638.842 782.787
50.9209 166.072 322.021 481.419 642.842 787.726
51.2302 167.072 324.021 484.419 646.747 792.512
 51.531 168.072 325.923 487.419 650.544 797.512
 51.531 169.099 327.916 490.398 654.544 802.512
 51.531 170.139 329.916 493.398 658.569 807.447
 51.531 171.167 331.908 496.378 662.569 812.447
 51.531 172.167 333.912 499.375 666.569 817.447
 51.531 173.194 335.905 502.375 670.548 822.447
 51.531 174.222 337.898 505.355 674.548 827.447
51.8274 175.222 339.841 508.355 678.548 832.207
51.8274 176.249 341.834 511.355 682.527 837.207
51.8274 177.277 343.827 514.355 686.507 842.207
51.8274 178.306 345.827 517.341 690.492 847.207
51.8274 179.306 347.847 520.341 694.524 852.154
52.1173 180.306 349.792 523.341 698.524  856.92
52.1173 181.306 351.792 526.362 702.557 861.866
52.4055 182.306 353.738 529.362 706.557 866.633
52.4055 183.345 355.738 532.362 710.581 871.569
52.6784 184.299 357.738 535.134 714.581 876.569
52.6784 185.299 359.759 538.158 718.581 881.523
52.6784 186.338 361.759 541.176 722.581 886.466
52.9523 187.307 363.759 544.176 726.339 891.466
52.9523 188.346 365.759 547.194 730.339  896.41
53.2353 189.346 367.759 550.119 734.339 901.202
53.5094 190.346 369.653 552.951 738.339 906.202
53.5094 191.346 371.653 555.971 742.371  911.15
53.5094 192.383 373.653 558.971 746.395 916.089
53.5094 193.411 375.653 561.957 750.381 921.089
53.5094 194.411 377.653 564.976 754.413 926.038
53.5094 195.449  379.67 567.976 758.413 930.983
53.5094 196.475 381.662 570.957 762.413 935.983
53.7636 197.408 383.475 573.957 766.413 940.983
53.7636 198.408 385.475 576.976 770.444 945.933
53.7636 199.444 387.475 579.976 774.468 950.873
53.7636 200.444 389.477 582.973 778.469 955.873
54.0205 201.402 391.477 585.758 782.469 960.873
54.0205 202.439 393.493 588.758 786.469  965.82
 54.285 203.439 395.493 591.642 790.321  970.82
54.5525 204.439 397.442 594.642 794.321 975.604
54.5525 205.474 399.442 597.642 798.345 980.545
54.8119 206.474 401.341 600.483 802.345 985.545
54.8119 207.499 403.333 603.483 806.327 990.545
54.8119 208.534 405.333 606.483  810.35 995.487
55.0726 209.534 407.333 609.368 814.205 1000.49
55.3372 210.534 409.333 612.296 818.205 1005.29
55.3372 211.571 411.348 615.296 822.205 1010.24
55.6006 212.571 413.348 618.224 826.205 1015.05
55.8582 213.571 415.263 621.224 830.032 1020.05
55.8582 214.571 417.279 624.224 834.063    1025
56.1164 215.571 419.279  627.11 837.919    1030
56.1164 216.571 421.282 630.106 841.921    1035
56.1164 217.595 423.275 633.106 845.903    1040
56.3686 218.595 425.177 635.951 849.903    1045
56.6208 219.595 427.079 638.796 853.903    1050
56.6208 220.631 429.079 641.809 857.903 1054.96
56.8613 221.568 430.902 644.809 861.903 1059.96
56.8613 222.568 432.916 647.809 865.933 1064.91
57.1066 223.528 434.916 650.604 869.933 1069.91
57.1066 224.528 436.918 653.598 873.937 1074.91
57.3537   225.5 438.918 656.598 877.718 1079.91
57.5979  226.46 440.918 659.394 881.718 1084.91
57.8501  227.46 442.918 662.281 885.579 1089.91
58.1005  228.46 444.835 665.281 889.412 1094.91
58.1005  229.46 446.849 668.281 893.439 1099.87
58.3378 230.397 448.675 671.281 897.439 1104.87
58.3378  231.43 450.687 674.281 901.439 1109.82
58.3378 232.462 452.687 677.281 905.459 1114.77
58.5817 233.434 454.687 680.281 909.243 1119.77
58.5817 234.467 456.699 683.281 913.243 1124.73
58.5817 235.467 458.701 686.276 917.246 1129.73
58.8317 236.467 460.701 689.205 921.246 1134.55
58.8317 237.498 462.701 692.205 925.265  1139.5
59.0775 238.491 464.701 695.205 929.265 1144.26
59.3233 239.483 466.701 698.205 933.265 1149.02
59.3233 240.483 468.715 701.205 937.293 1153.98
59.3233 241.483 470.715 704.218  941.32 1158.94
59.3233 242.483 472.715 707.231 945.348  1163.9
59.3233 243.506 474.709 710.214 949.348  1168.9
59.3233 244.537 476.709 713.214 953.368 1173.85
59.3233 245.569 478.721 716.214 957.368  1178.8
59.3233 246.602 480.733 719.214 961.368 1183.76
59.3233 247.602  482.75 722.232 965.368 1188.73
59.3233 248.602 484.767 725.249 969.368 1193.69
59.3233 249.602 486.784 728.266 973.368 1198.66
59.5594 250.595 488.784 731.266 977.368 1203.43
59.5594 251.595 490.801 734.283 981.368 1208.39
59.7913 252.595 492.711 737.141 985.368 1213.39
59.7913 253.595 494.713 740.136 989.371 1218.39
59.7913 254.627 496.725 743.136 993.371 1223.35
59.7913 255.657 498.725 746.136 997.391  1228.3
60.0218 256.657 500.648 749.136 1001.24  1233.3
 60.256 257.657 502.602 752.136 1005.24 1238.11
 60.256 258.657 504.602 755.149 1009.26 1243.07
 60.256 259.688 506.614 758.149 1013.26 1248.03
 60.256 260.711 508.614 761.135 1017.26 1253.03
 60.256 261.743 510.614 764.147 1021.26 1257.99
 60.256 262.764 512.607 767.147 1025.24 1262.99
60.4823 263.764 514.531 770.147 1029.09 1267.99
60.7128 264.764 516.531 773.082 1033.09 1272.82
60.9291 265.708 518.371 776.082 1037.09 1277.82
61.1502 266.671 520.371 778.898 1041.09 1282.82
61.3749 267.671 522.284  781.76 1045.09 1287.82
61.3749 268.693 524.278 784.745 1049.09 1292.82
61.5904 269.637 526.119 787.745 1053.09 1297.82
61.5904 270.637 528.119 790.756 1057.12 1302.78
61.5904 271.637 530.119 793.752 1061.12 1307.78
61.5904 272.665 532.119 796.752 1065.14 1312.73
61.5904 273.687 534.113 799.737 1069.14 1317.73
61.5904 274.708 536.105 802.737 1073.13 1322.73
61.5904  275.73 538.105 805.723 1077.12 1327.73
61.8141  276.73 540.059 808.723 1081.12 1332.56
61.8141 277.751 542.059 811.709 1085.11 1337.56
62.0324 278.751 543.974 814.576 1089.11 1342.56
62.0324 279.751 545.985 817.576 1093.14 1347.52
62.2528 280.745 547.985 820.576 1097.14 1352.31
62.4703 281.745 549.899 823.444 1101.14 1357.31
62.6933 282.745 551.899 826.444 1105.07 1362.15
62.9164 283.745 553.899 829.444    1109    1367
62.9164 284.745   555.9 832.439    1113    1372
62.9164 285.745 557.911 835.439 1117.03 1376.96
63.1246 286.691 559.757 838.439 1121.03 1381.96
63.1246  287.72 561.757 841.449 1125.03 1386.92
63.3442  288.72 563.711 844.449 1129.03 1391.75
63.5606  289.72 565.637 847.449 1132.89 1396.75
63.7802  290.72 567.592 850.449 1136.89 1401.57
63.7802  291.72 569.602 853.449 1140.91 1406.54
63.7802  292.74 571.593 856.449  1144.9 1411.54
63.7802  293.74 573.603 859.449 1148.93  1416.5
63.7802  294.74 575.616 862.465 1152.93 1421.47
63.7802  295.74 577.616 865.476 1156.95 1426.43
63.7802 296.759 579.608 868.476 1160.94 1431.43
63.9898 297.734 581.608 871.476 1164.76 1436.43
63.9898 298.734 583.607 874.472 1168.76 1441.43
63.9898 299.761 585.607 877.472 1172.78 1446.39
63.9898 300.761 587.617 880.472 1176.81 1451.35
63.9898 301.782 589.611 883.459 1180.81 1456.35
63.9898 302.802 591.611 886.446  1184.8 1461.35
63.9898 303.802 593.611 889.457 1188.82 1466.32
64.1978 304.802 595.539 892.457 1192.69 1471.32
64.1978  305.83 597.548 895.457 1196.69 1476.28
 64.408  306.83 599.505 898.457 1200.69 1481.11
64.6188  307.83 601.505 901.398 1204.69 1485.96
64.6188 308.849 603.496 904.398 1208.67 1490.96
64.8172 309.798  605.35 907.398 1212.67 1495.96
65.0195 310.764  607.35 910.229 1216.67 1500.96
65.2297 311.764  609.35 913.229 1220.61 1505.82
65.4281 312.713 611.203 916.229 1224.61 1510.82
65.6335 313.713 613.122 919.105 1228.61 1515.82
65.8429 314.713 615.077 922.105 1232.61 1520.65
66.0413 315.661 616.931 925.105 1236.61 1525.65
66.0413 316.688 618.931 928.115 1240.61 1530.62
66.0413 317.715 620.938 931.115 1244.61 1535.58
66.2499 318.715 622.938 934.056 1248.61 1540.43
66.4585 319.715 624.938 936.997 1252.61 1545.28
66.4585 320.715 626.947 939.997 1256.64 1550.25
66.4585 321.734 628.947 942.984 1260.63 1555.25
66.4585 322.754 630.939 945.972 1264.63 1560.25
66.4585 323.773 632.939 948.959 1268.62 1565.25
66.4585   324.8 634.939 951.969 1272.62 1570.21
66.4585 325.827 636.947 954.969 1276.62 1575.18
66.6588 326.827 638.868 957.848 1280.62 1580.18
66.8526 327.777 640.724 960.848 1284.62 1585.18
66.8526 328.803 642.731 963.848 1288.62 1590.14
66.8526  329.83 644.731 966.857 1292.62 1595.11
67.0517  330.83 646.652 969.737 1296.62 1600.11
67.0517  331.83 648.659 972.737 1300.65 1605.07
67.2512  332.83  650.59 975.737 1304.52 1610.07
67.2512 333.856  652.59 978.746 1308.52 1615.04
67.2512 334.883  654.59 981.755 1312.52    1620
67.4522 335.883 656.546 984.755 1316.52 1624.85
67.4522 336.883 658.556  987.77 1320.52 1629.82
 67.649 337.883 660.478 990.652 1324.52 1634.82
 67.649 338.883 662.475 993.648 1328.52 1639.82
 67.649 339.902 664.468 996.636 1332.52 1644.82
 67.649 340.928 666.468 999.645 1336.52 1649.79
 67.649 341.947  668.46 1002.63 1340.52 1654.79
67.8478 342.947  670.46 1005.63 1344.46 1659.65
67.8478 343.973  672.46 1008.64 1348.46 1664.61
68.0427 344.973 674.392 1011.64 1352.34 1669.61
68.0427 345.973 676.392 1014.65 1356.36 1674.58
68.0427 346.973 678.389 1017.65 1360.37 1679.58
68.2294 347.925 680.251 1020.65 1364.37 1684.58
68.2294 348.944 682.251 1023.64 1368.36 1689.58
68.4251 349.944 684.208 1026.64 1372.36 1694.43
68.6113 350.896  686.07 1029.64 1376.36 1699.43
68.6113 351.914  688.07 1032.62 1380.35 1704.43
 68.797 352.866 689.932 1035.62 1384.35 1709.43
68.9858 353.835 691.932 1038.47 1388.35 1714.43
69.1747 354.803 693.932 1041.31 1392.35 1719.43
69.1747 355.803 695.929 1044.31 1396.36 1724.43
 69.363 356.772 697.929 1047.15 1400.36 1729.43
69.5513 357.741 699.929 1049.99 1404.36 1734.43
69.5513 358.759 701.921 1052.98 1408.36 1739.43
69.5513 359.759 703.927 1055.98 1412.38  1744.4
69.5513 360.759 705.924 1058.98 1416.39  1749.4
69.7448 361.759 707.924 1061.98 1420.33 1754.26
69.9383 362.759 709.924 1064.98 1424.27 1759.13
69.9383 363.759 711.924 1067.98 1428.29  1764.1
69.9383 364.759  713.93 1070.98 1432.32 1769.07
70.1276 365.759 715.862 1073.98  1436.2 1774.07
70.1276 366.759 717.871    1077  1440.2 1779.05
70.1276 367.776 719.871 1079.99 1444.19 1784.05
70.1276 368.776 721.868 1082.98  1448.2 1789.05
70.1276 369.776 723.865 1085.98  1452.2 1794.05
70.1276   370.8 725.865 1088.99  1456.2 1799.02
70.1276   371.8 727.871 1091.99 1460.23 1803.99
70.3139   372.8 729.805 1094.99 1464.11 1808.99
70.3139 373.817 731.795 1097.99  1468.1 1813.99
70.3139 374.834 733.786 1100.99 1472.09 1818.99
70.4958 375.804 735.786 1103.83 1476.09 1823.99
70.4958  376.82 737.776 1106.83 1480.09 1828.99
70.6743 377.774 739.644 1109.83 1484.09 1833.99
70.6743 378.774 741.649 1112.83 1488.11 1838.96
70.8614 379.774 743.649 1115.78 1492.11 1843.83
71.0479 380.774 745.607 1118.78 1496.11 1848.68
71.0479 381.774 747.607 1121.79 1500.13 1853.65
71.2318 382.774 749.541 1124.79 1504.01 1858.65
71.2318 383.774 751.538 1127.78 1508.02 1863.65
71.2318 384.797 753.538 1130.79 1512.02 1868.62
71.4175 385.797 755.538 1133.79 1515.96 1873.49
71.6012 386.797 757.538 1136.71 1519.86 1878.49
71.7863 387.797 759.497 1139.71 1523.86 1883.35
71.7863 388.797 761.493  1142.7 1527.87 1888.35
71.9716 389.797 763.493  1145.7 1531.81 1893.22
71.9716 390.797 765.493 1148.71 1535.83 1898.19
72.1527 391.797 767.421  1151.6 1539.83 1903.19
72.3375 392.797 769.421  1154.6 1543.78 1908.07
72.3375 393.821 771.425  1157.6 1547.78 1913.04
72.5216 394.821 773.425 1160.55 1551.78 1917.91
72.5216 395.821 775.425 1163.56  1555.8 1922.88
72.5216 396.844 777.425 1166.57  1559.8 1927.85
72.5216 397.844 779.433 1169.58  1563.8 1932.83
72.6985 398.814 781.433 1172.43  1567.8 1937.83
72.8779 399.814 783.361 1175.32  1571.8 1942.83
72.8779 400.836 785.361 1178.32 1575.81 1947.79
72.8779 401.836 787.361 1181.33 1579.83 1952.76
 73.058 402.829 789.361 1184.33 1583.83 1957.59
73.2398 403.829 791.361 1187.28 1587.83 1962.46
73.2398 404.846 793.354 1190.27 1591.83 1967.46
73.2398 405.867 795.354 1193.27 1595.85 1972.42
73.4189 406.867 797.354 1196.19 1599.75 1977.42
73.4189  407.89 799.354 1199.19 1603.75 1982.39
 73.595 408.868 801.354 1202.19  1607.6 1987.39
 73.595 409.884 803.345 1205.19 1611.59 1992.39
 73.595 410.884 805.345  1208.2 1615.61 1997.36
 73.595 411.884 807.342  1211.2 1619.62 2002.36
 73.595 412.906 809.342  1214.2 1623.62 2007.33
 73.595 413.927 811.342  1217.2 1627.63  2012.3
73.7716 414.921 813.342  1220.2 1631.63 2017.13
73.7716 415.936 815.333  1223.2 1635.63 2022.13
73.9478  416.93 817.333  1226.2 1639.63 2026.96
74.1239  417.93 819.333 1229.12 1643.53 2031.96
74.1239  418.93 821.338 1232.12 1647.55 2036.93
74.2988  419.93 823.276 1235.12 1651.44 2041.93
74.2988  420.93 825.276 1238.13 1655.46  2046.9
74.4741 421.923 827.276 1241.13 1659.46 2051.73
74.6469 422.902 829.276 1244.13 1663.31 2056.73
74.8234 423.902 831.237 1247.13 1667.31  2061.6
74.9986 424.902 833.237 1250.05 1671.22  2066.6
  75.17 425.873 835.237 1252.91 1675.22  2071.6
  75.17 426.873 837.244 1255.92 1679.22 2076.58
  75.17 427.873 839.242 1258.92 1683.22 2081.58
  75.17 428.889 841.242  1261.9 1687.22 2086.58
75.3441 429.882 843.242  1264.9 1691.22 2091.41
75.5181 430.882 845.242 1267.83 1695.12 2096.41
75.6913 431.882 847.181 1270.83 1699.01 2101.41
75.8665 432.882 849.141 1273.83 1703.01 2106.27
76.0421 433.882 851.141 1276.77 1707.01 2111.15
76.2162 434.875 853.141 1279.77 1711.01 2115.98
76.3864 435.847 855.141 1282.63 1715.01 2120.98
76.5621 436.847 857.141 1285.63 1718.96 2125.86
76.5621 437.847 859.147 1288.63 1722.98 2130.83
76.5621 438.847 861.147 1291.64    1727 2135.81
76.7369 439.847 863.147 1294.59    1731 2140.68
76.7369 440.867 865.147 1297.59 1735.01 2145.65
76.9109 441.867 867.108 1300.59 1739.01 2150.51
77.0812 442.845 869.108 1303.59 1742.86 2155.51
77.0812 443.861 871.102 1306.58 1746.86 2160.51
77.2553 444.861 873.102 1309.58 1750.81 2165.39
77.4253  445.84 875.102 1312.58 1754.66 2170.39
77.5977 446.833 877.102 1315.58 1758.66 2175.23
77.5977 447.833 879.107 1318.58 1762.68  2180.2
77.7661 448.804 881.107 1321.44 1766.68  2185.2
77.7661 449.819 883.099 1324.44 1770.68  2190.2
 77.934 450.791 885.099  1327.3 1774.68  2195.2
 77.934 451.812 887.099 1330.31 1778.68 2200.17
 77.934 452.812 889.099 1333.31  1782.7 2205.15
 77.934 453.812 891.107 1336.32  1786.7 2210.13
78.1021  454.79 893.107 1339.32 1790.55 2215.13
78.1021  455.79 895.107 1342.33 1794.57  2220.1
78.2714  456.79 897.048 1345.33 1798.46  2225.1
78.4415  457.79 899.048 1348.25 1802.37  2230.1
78.4415 458.806 901.042 1351.24 1806.37  2235.1
78.6127 459.806 903.042 1354.19 1810.37 2239.98
78.6127 460.806 905.042  1357.2 1814.39 2244.95
78.7831 461.806 907.004  1360.2 1818.39 2249.82
78.9541 462.806 909.004  1363.2 1822.33  2254.7
79.1227 463.806 910.945  1366.2 1826.22  2259.7
79.1227 464.806 912.945 1369.21 1830.24 2264.67
79.2927 465.806 914.907 1372.21 1834.24 2269.54
79.2927 466.821 916.901  1375.2 1838.24 2274.54
79.2927  467.84 918.901  1378.2 1842.26 2279.51
79.2927  468.86 920.901  1381.2 1846.27 2284.48
79.4571 469.832 922.901 1384.06 1850.27 2289.48
79.6227 470.811 924.901 1387.06 1854.13 2294.48
79.6227 471.825 926.893 1390.06 1858.12 2299.48
79.6227 472.825 928.891 1393.06 1862.13 2304.48
79.7909 473.825 930.854 1396.06 1866.13 2309.35
79.7909 474.825 932.854 1399.07 1870.15 2314.32
79.7909 475.845 934.859 1402.07 1874.15 2319.29
79.7909 476.845 936.867 1405.08 1878.15 2324.27
79.7909 477.866 938.867 1408.08 1882.15 2329.25
79.7909 478.866 940.865 1411.08 1886.15 2334.25
79.7909 479.866  942.87 1414.08 1890.17 2339.22
79.7909  480.88 944.862 1417.08 1894.16 2344.22
 79.955  481.88 946.805 1420.08 1898.06 2349.22
80.1183  482.88 948.739 1422.98 1902.06 2354.22
80.2817  483.88 950.674 1425.88 1906.06 2359.22
 80.448  484.88 952.674 1428.88 1910.01 2364.11
 80.448 485.894 954.674 1431.87    1914 2369.11
 80.448 486.894 956.674 1434.88 1918.02 2374.08
80.6087 487.867 958.674 1437.75 1922.02 2379.08
80.7671 488.825 960.557 1440.75 1926.02 2384.08
80.9311 489.825 962.557 1443.67 1929.93 2389.08
81.0965 490.825 964.557 1446.62 1933.93 2393.97
81.2605 491.818 966.557 1449.62 1937.93 2398.81
81.4224 492.797 968.557 1452.62 1941.79 2403.81
81.5874 493.797  970.52 1455.62 1945.79 2408.68
81.5874 494.797 972.528 1458.63 1949.79 2413.66
81.5874 495.811  974.52 1461.63 1953.78 2418.66
81.5874 496.826 976.514 1464.62 1957.78 2423.66
81.7491 497.826  978.45 1467.53 1961.78 2428.66
81.9114 498.826 980.392 1470.53 1965.68 2433.66
81.9114  499.84 982.386 1473.52 1969.68 2438.66
82.0756  500.84 984.386 1476.52 1973.63 2443.55
82.0756 501.859 986.386 1479.52 1977.64 2448.52
82.2347 502.832 988.386 1482.39 1981.64 2453.52
82.2347 503.832 990.394  1485.4 1985.64  2458.5
82.2347 504.846 992.388 1488.39 1989.64  2463.5
82.3964 505.839 994.388 1491.39 1993.64 2468.35
82.5596 506.839 996.388 1494.39 1997.59 2473.24
82.5596 507.839 998.386 1497.38 2001.59 2478.24
82.5596 508.839 1000.39  1500.4 2005.59 2483.22
82.7206 509.839 1002.39 1503.32 2009.51 2488.22
82.8817 510.839 1004.39 1506.25 2013.42 2493.22
82.8817 511.858 1006.39 1509.25 2017.42 2498.19
82.8817 512.858 1008.39 1512.26 2021.44 2503.17
 83.039 513.832 1010.39 1515.13 2025.44 2508.17
 83.194 514.791 1012.28 1518.13 2029.44 2513.17
83.3544 515.783 1014.28 1521.13 2033.44 2518.02
83.3544 516.803 1016.28 1524.14 2037.44 2522.99
83.3544 517.803 1018.29 1527.15 2041.44 2527.97
83.5156 518.803 1020.29 1530.15 2045.39 2532.86
83.6769 519.803 1022.29 1533.15 2049.33 2537.75
 83.838 520.803 1024.29  1536.1 2053.33 2542.64
 83.838 521.803 1026.28 1539.09 2057.34 2547.64
83.9944 522.776 1028.28 1541.96 2061.34 2552.64
83.9944 523.776 1030.29 1544.96 2065.36 2557.62
84.1536 524.769 1032.29 1547.96 2069.36 2562.47
84.1536 525.783 1034.28 1550.96 2073.36 2567.47
84.3134 526.783 1036.25 1553.96 2077.36 2572.34
84.4702 527.762 1038.25 1556.96 2081.22 2577.34
84.4702  528.78 1040.25 1559.96 2085.24 2582.31
84.6267  529.76 1042.25 1562.96  2089.1 2587.31
84.6267 530.778 1044.25 1565.96  2093.1 2592.29
84.6267 531.778 1046.26 1568.97  2097.1 2597.27
84.7834 532.778 1048.19 1571.88  2101.1 2602.27
84.9427 533.778 1050.19 1574.83  2105.1 2607.16
 85.102 534.778 1052.19 1577.83 2109.05 2612.05
 85.102 535.778  1054.2 1580.84 2113.05 2617.03
85.2597 536.778  1056.2 1583.77 2116.96 2622.03
85.2597 537.778  1058.2 1586.77 2120.98 2627.01
85.4158 538.778 1060.14 1589.68 2124.98 2632.01
85.5746 539.778 1062.14 1592.68 2128.93  2636.9
85.7319 540.778 1064.14 1595.61 2132.84  2641.9
85.8862 541.752 1066.14 1598.48 2136.84  2646.9
85.8862 542.765 1068.14 1601.47 2140.84  2651.9
85.8862 543.765 1070.14 1604.48 2144.86 2656.88
86.0444 544.765 1072.14 1607.48 2148.81 2661.77
86.0444 545.765 1074.14 1610.47 2152.81 2666.77
86.0444 546.778 1076.13 1613.47 2156.81 2671.77
86.2019 547.778 1078.13 1616.42 2160.81 2676.66
86.2019  548.79 1080.12 1619.42  2164.8 2681.66
86.2019 549.803 1082.12 1622.42  2168.8 2686.66
86.3524 550.763    1084 1625.42  2172.8 2691.66
86.3524 551.781 1086.01 1628.42  2176.8 2696.64
86.5048 552.755 1088.01  1631.3  2180.8 2701.64
86.5048 553.769    1090 1634.29  2184.8 2706.64
86.5048 554.769    1092 1637.29  2188.8 2711.64
86.6545 555.729 1093.89 1640.29  2192.8 2716.64
86.6545 556.729  1095.9  1643.3  2196.8 2721.62
86.6545 557.729  1097.9  1646.3 2200.82  2726.6
86.8037 558.689 1099.79  1649.3 2204.82  2731.6
 86.955 559.663 1101.79 1652.18 2208.82  2736.6
87.1104 560.663 1103.79 1655.13 2212.82 2741.49
87.1104 561.676 1105.79 1658.12 2216.82 2746.49
87.2624 562.656 1107.79 1661.12 2220.68 2751.49
87.4157 563.656 1109.74 1664.12 2224.59 2756.49
87.5685 564.656 1111.68 1667.03 2228.59 2761.49
87.5685 565.674 1113.68 1670.03 2232.59 2766.47
87.7233 566.674 1115.68 1672.98 2236.59 2771.36
87.7233 567.674 1117.67 1675.98 2240.59 2776.36
87.8767 568.674 1119.67 1678.91 2244.51 2781.36
  88.03 569.666 1121.67 1681.91 2248.51 2786.21
  88.03 570.666 1123.68 1684.92 2252.51  2791.2
 88.184 571.666 1125.64 1687.92 2256.51 2796.08
88.3383 572.666 1127.64 1690.87 2260.51 2800.97
88.4885  573.64 1129.64 1693.75 2264.51 2805.97
88.4885  574.64 1131.64 1696.75 2268.53 2810.95
88.6402  575.64 1133.58 1699.66 2272.53 2815.95
88.7881 576.601 1135.48 1702.66 2276.53 2820.95
88.7881 577.601 1137.48 1705.67 2280.54 2825.93
88.7881 578.618 1139.48 1708.67 2284.54  2830.9
88.9404 579.618 1141.48  1711.6 2288.46  2835.9
88.9404  580.63 1143.47  1714.6 2292.46  2840.9
88.9404 581.648 1145.47  1717.6 2296.46 2845.88
88.9404 582.648 1147.47 1720.61 2300.47 2850.86
88.9404 583.648 1149.48 1723.61 2304.49 2855.84
88.9404 584.648 1151.48 1726.61 2308.49 2860.82
89.0866 585.609 1153.38 1729.61 2312.49 2865.82
89.2357 586.589 1155.38 1732.61 2316.36 2870.82
89.2357 587.602 1157.37 1735.61 2320.36 2875.82
89.2357 588.618 1159.37 1738.61 2324.37  2880.8
89.2357 589.634 1161.37 1741.61 2328.38 2885.77
89.2357  590.65 1163.37 1744.61  2332.4 2890.74
89.3864  591.65 1165.34 1747.61  2336.4 2895.62
89.5337 592.624 1167.34 1750.48  2340.4 2900.62
89.5337 593.624 1169.34 1753.48 2344.41  2905.6
89.6833 594.617 1171.34 1756.48 2348.41 2910.46
 89.833 595.617 1173.34 1759.42 2352.33 2915.46
89.9838 596.617 1175.34 1762.37 2356.33 2920.36
89.9838 597.634 1177.34 1765.37 2360.33 2925.34
90.1333 598.626 1179.34 1768.37 2364.33 2930.19
90.2809 599.607 1181.34 1771.37  2368.2 2935.19
90.2809 600.607 1183.35 1774.38  2372.2 2940.18
90.4254 601.568 1185.24 1777.38  2376.2 2945.18
90.5728 602.548 1187.24 1780.38 2380.08 2950.18
90.5728 603.561 1189.24 1783.37 2384.08 2955.18
90.5728 604.578 1191.24 1786.37 2388.08 2960.16
90.5728  605.59 1193.24 1789.37 2392.08 2965.16
90.7224  606.59 1195.24 1792.37 2396.03 2970.06
90.7224  607.59 1197.24 1795.38 2400.03 2975.04
  90.87  608.59 1199.19 1798.38 2403.93 2980.04
91.0181  609.59 1201.19 1801.31 2407.85 2985.04
91.0181  610.59 1203.19 1804.31 2411.87 2990.02
91.1655  611.59 1205.14 1807.31 2415.77 2995.02
91.3117 612.571 1207.14 1810.31 2419.65 3000.02
91.3117 613.587 1209.14 1813.31 2423.66 3004.99
91.3117 614.603 1211.14 1816.31 2427.66 3009.97
91.4574 615.584 1213.14 1819.31 2431.53 3014.97
91.4574 616.584 1215.15 1822.32 2435.53 3019.96
91.6057 617.584 1217.15 1825.28 2439.53 3024.86
91.6057 618.595 1219.14 1828.28 2443.53 3029.86
91.6057 619.608 1221.14 1831.27 2447.53 3034.86
91.7498 620.583 1223.14 1834.15 2451.53 3039.86
91.7498 621.599 1225.14 1837.15 2455.53 3044.83
91.8963 622.592 1227.14 1840.15 2459.53  3049.7
 92.041 623.572 1229.14 1843.15  2463.4  3054.7
92.1887 624.572 1231.14 1846.15 2467.35  3059.6
92.3341 625.572 1233.08 1849.07 2471.35  3064.6
92.3341 626.589 1235.08 1852.07 2475.35 3069.58
92.4778 627.564 1237.08 1854.95 2479.35 3074.58
92.4778  628.58 1239.09 1857.95 2483.35 3079.56
92.6238 629.573 1241.09 1860.95 2487.35 3084.42
92.6238 630.573 1243.09 1863.95 2491.37  3089.4
92.7678 631.553 1245.09 1866.95 2495.24  3094.4
92.7678 632.553 1247.09 1869.95 2499.26 3099.38
92.9117 633.534 1249.09 1872.95 2503.14 3104.38
93.0583 634.534 1251.09 1875.91 2507.14 3109.28
93.0583 635.545 1253.08 1878.91 2511.13 3114.28
93.0583 636.545 1255.09 1881.91 2515.15 3119.26
93.2044 637.545 1257.09 1884.86 2519.15 3124.15
93.3506 638.545 1259.09 1887.82 2523.15 3129.05
93.4912 639.507 1260.98 1890.82 2527.15 3134.05
93.6373 640.507 1262.98 1893.77 2531.15 3138.95
93.6373 641.524 1264.99 1896.77 2535.15 3143.93
93.7797 642.499 1266.99 1899.66 2539.15 3148.93
93.7797  643.51 1268.98 1902.66 2543.14 3153.93
93.9254  644.51 1270.98 1905.66 2547.09 3158.83
93.9254 645.526 1272.99 1908.66 2551.09 3163.81
93.9254 646.542 1274.99 1911.66 2555.09 3168.79
94.0696 647.534 1276.99 1914.66 2559.09 3173.66
94.2137 648.534 1278.99 1917.59 2563.02 3178.66
94.2137 649.534 1280.99 1920.59 2567.03 3183.64
94.2137 650.534 1282.99 1923.59 2571.05 3188.62
94.3531 651.497 1284.89 1926.59 2575.05 3193.62
94.4963 652.497 1286.84 1929.59 2578.96 3198.62
 94.639 653.497 1288.78 1932.51 2582.96 3203.62
94.7827 654.497 1290.78 1935.44 2586.88 3208.62
94.7827 655.497 1292.78 1938.44 2590.88 3213.62
94.7827 656.512 1294.79 1941.44 2594.88  3218.6
94.9243 657.493 1296.79 1944.44 2598.76  3223.6
94.9243 658.493 1298.79 1947.44 2602.77 3228.58
94.9243 659.508 1300.79 1950.44 2606.79 3233.55
94.9243 660.519 1302.79 1953.43 2610.78 3238.55
94.9243 661.531 1304.79 1956.43 2614.78 3243.55
94.9243 662.545 1306.79 1959.43 2618.79 3248.53
95.0623 663.508 1308.69 1962.43 2622.79 3253.53
95.2035 664.508 1310.63 1965.34 2626.79 3258.53
95.3451 665.508 1312.58 1968.34  2630.7 3263.53
95.4849 666.484 1314.58 1971.22  2634.7 3268.53
95.4849 667.484 1316.58 1974.23 2638.71 3273.51
95.6279 668.484 1318.58 1977.23 2642.67 3278.41
95.7656 669.447 1320.48 1980.23 2646.67 3283.41
95.7656 670.462 1322.48 1983.23 2650.67 3288.39
95.9069 671.462 1324.43 1986.23 2654.58 3293.39
96.0486 672.462 1326.43 1989.17  2658.5 3298.39
96.0486 673.462 1328.43 1992.17 2662.51 3303.37
96.1901 674.462 1330.43 1995.11 2666.44 3308.37
96.1901 675.478 1332.43 1998.11 2670.44 3313.36
96.3309 676.478 1334.38 2001.11 2674.35 3318.36
96.4729 677.478 1336.35 2004.11 2678.35 3323.25
96.4729 678.493 1338.35 2007.11 2682.35 3328.23
96.6099 679.456 1340.25 2010.11 2686.35 3333.23
96.6099 680.456 1342.24 2013.11 2690.35 3338.23
96.7492 681.437 1344.24 2016.11 2694.23 3343.23
96.7492 682.449 1346.24  2019.1 2698.23 3348.23
96.7492 683.464 1348.24  2022.1 2702.23 3353.21
96.8855 684.428 1350.14  2025.1 2706.23 3358.21
 97.025 685.428 1352.09 2028.02 2710.23 3363.21
 97.025 686.428 1354.09 2031.03 2714.23  3368.2
97.1629 687.403 1356.09 2033.91 2718.23  3373.2
97.3016 688.384 1358.09 2036.91 2722.11  3378.2
97.4418 689.376 1360.09 2039.91 2726.11 3383.06
97.5797 690.352 1362.09  2042.8 2730.11 3388.06
97.7159 691.315 1363.99  2045.8 2734.11 3393.06
97.8546 692.296 1365.99  2048.8 2737.99 3398.06
97.8546 693.296    1368  2051.8 2742.01 3403.05
97.9955 694.296    1370 2054.76 2746.01 3407.95
98.1332 695.272    1372 2057.64 2750.01 3412.95
98.2732 696.263    1374 2060.64 2754.01 3417.82
98.4092 697.227  1375.9 2063.64 2758.01 3422.82
98.4092 698.227  1377.9 2066.65 2762.02  3427.8
98.5485 699.227 1379.85 2069.65 2765.93  3432.8
98.6889 700.227 1381.81 2072.65 2769.93 3437.69
98.6889 701.238 1383.81 2075.64 2773.93 3442.69
 98.828 702.238 1385.76 2078.64 2777.84 3447.69
 98.828 703.252 1387.76 2081.64 2781.85 3452.67
 98.828 704.263 1389.76 2084.63 2785.85 3457.67
 98.828 705.263 1391.76 2087.63 2789.86 3462.65
 98.828 706.276 1393.76 2090.63 2793.87 3467.63
98.9679 707.276 1395.76 2093.63 2797.83 3472.54
98.9679 708.287 1397.75 2096.63 2801.82 3477.54
98.9679 709.298 1399.75 2099.63 2805.82 3482.54
98.9679 710.298 1401.75 2102.62 2809.83 3487.54
99.1071 711.298 1403.75 2105.62 2813.78 3492.44
99.2463 712.298 1405.75 2108.58 2817.78 3497.35
99.2463 713.308 1407.75 2111.57 2821.78 3502.35
99.3843   714.3 1409.75 2114.57 2825.78 3507.22
99.5223 715.292 1411.75 2117.57 2829.78 3512.09
99.6604 716.292 1413.75 2120.51  2833.7 3517.09
99.6604 717.302 1415.74 2123.51  2837.7 3522.09
99.7973 718.302 1417.68 2126.43  2841.7 3527.09
99.7973 719.317 1419.69 2129.43  2845.7 3532.07
 99.931 720.281 1421.59 2132.43  2849.7 3537.07
100.067 721.262 1423.59 2135.43 2853.58 3542.07
100.067 722.277 1425.59 2138.43 2857.58 3547.05
100.204 723.277 1427.53 2141.35 2861.58 3552.05
100.341 724.277 1429.49 2144.35  2865.5 3557.05
100.477 725.258 1431.49 2147.35 2869.38 3562.05
100.613 726.239 1433.49 2150.35 2873.26 3567.05
100.613 727.239 1435.49 2153.36 2877.26 3572.04
100.613 728.254 1437.49 2156.36 2881.26 3577.02
100.751 729.254 1439.49 2159.31 2885.26 3581.93
100.887 730.254 1441.44 2162.31 2889.17 3586.93
101.023 731.254 1443.39 2165.23 2893.17 3591.93
101.023 732.267 1445.39 2168.23 2897.18 3596.91
101.159 733.249 1447.39 2171.23 2901.06 3601.91
101.159 734.249 1449.39 2174.23 2905.08 3606.89
101.159 735.249  1451.4 2177.23 2909.09 3611.87
101.159 736.259  1453.4 2180.22 2913.09 3616.87
101.159  737.27  1455.4 2183.22 2917.09 3621.87
101.294  738.27 1457.35 2186.22    2921 3626.87
101.294 739.284 1459.35 2189.22    2925 3631.86
101.294 740.297 1461.35 2192.22 2929.01 3636.83
101.294 741.311 1463.35 2195.22 2933.01 3641.82
101.294 742.321 1465.34 2198.22 2937.01 3646.82
101.294 743.336 1467.35 2201.22 2941.01  3651.8
101.294 744.336 1469.35 2204.22 2945.02 3656.78
101.429 745.336 1471.35 2207.16 2948.94 3661.78
101.564 746.328 1473.35 2210.16 2952.94 3666.66
101.564 747.338 1475.35 2213.15 2956.94 3671.66
101.699 748.338  1477.3 2216.15 2960.86 3676.66
101.699 749.338  1479.3 2219.15 2964.86 3681.66
101.834 750.338  1481.3 2222.15 2968.81 3686.57
101.968 751.338 1483.24 2225.07 2972.81 3691.57
102.102  752.32 1485.24 2228.07  2976.7 3696.57
102.236 753.312 1487.24 2231.07  2980.7 3701.44
102.371 754.304 1489.24 2234.07  2984.7 3706.31
102.506 755.304 1491.21 2237.07  2988.7 3711.21
102.506 756.318 1493.21 2240.07  2992.7 3716.19
102.506 757.318 1495.21 2243.07  2996.7 3721.19
102.641 758.318 1497.18 2246.07  3000.7 3726.09
102.641 759.318 1499.17 2249.07 3004.71 3731.09
102.641 760.318 1501.18 2252.07 3008.72 3736.07
102.773 761.299 1503.18 2255.07 3012.61 3741.07
102.773 762.299 1505.17 2258.07 3016.61 3746.07
102.773  763.31 1507.17 2261.06 3020.61 3751.07
102.903 764.275 1509.08 2264.06 3024.61 3756.07
102.903 765.289 1511.08 2267.06 3028.61 3761.06
103.037 766.289 1513.08    2270 3032.54 3766.06
103.037 767.302 1515.08    2273 3036.55 3771.04
 103.17 768.294 1517.08    2276 3040.55 3775.91
103.304 769.294 1519.08 2278.96 3044.55 3780.82
103.304 770.294 1521.08 2281.96 3048.56  3785.8
103.437 771.294 1523.03 2284.96 3052.48  3790.8
103.569 772.294 1524.98 2287.88 3056.48  3795.8
103.702 773.294 1526.93 2290.88 3060.39  3800.8
103.702 774.294 1528.94 2293.89 3064.39 3805.79
103.835 775.294 1530.94 2296.89 3068.34  3810.7
103.968 776.294 1532.88 2299.81 3072.34  3815.7
103.968 777.307 1534.88 2302.81 3076.35 3820.68
104.099 778.289 1536.88 2305.81 3080.24 3825.68
104.099 779.303 1538.88 2308.81 3084.24 3830.66
104.099 780.316 1540.88 2311.81 3088.24 3835.65
 104.23 781.316 1542.83 2314.74 3092.24 3840.65
 104.23 782.329 1544.83 2317.74 3096.25 3845.63
104.363 783.321 1546.83 2320.74 3100.25  3850.5
104.363 784.332 1548.83 2323.73 3104.25  3855.5
104.496 785.332 1550.83 2326.73  3108.2 3860.41
104.626 786.314 1552.83 2329.73 3112.09 3865.41
104.626 787.328 1554.83 2332.73 3116.09  3870.4
104.626  788.34 1556.83 2335.73  3120.1 3875.38
104.757  789.34 1558.78 2338.65  3124.1 3880.38
 104.89  790.34 1560.78 2341.61  3128.1 3885.29
 104.89  791.34 1562.78 2344.62  3132.1 3890.27
 104.89 792.354 1564.78 2347.62  3136.1 3895.26
105.022 793.354 1566.75 2350.62  3140.1 3900.16
105.022 794.354 1568.76 2353.62  3144.1 3905.15
105.153 795.354 1570.72 2356.62  3148.1 3910.05
105.153 796.367 1572.72 2359.62 3152.11 3915.03
105.153 797.367 1574.72 2362.63 3156.12 3920.01
105.153 798.377 1576.72 2365.62 3160.12 3925.01
105.153 799.391 1578.72 2368.62 3164.12 3929.99
105.153 800.404 1580.72 2371.62 3168.13 3934.97
105.284 801.396 1582.72 2374.62 3172.13 3939.85
105.413 802.378 1584.72 2377.62 3176.02 3944.85
105.544 803.378 1586.72 2380.58 3180.02 3949.76
105.673 804.361 1588.72 2383.58 3183.91 3954.76
105.804 805.361 1590.72 2386.54 3187.91 3959.67
105.933 806.343 1592.72 2389.54 3191.79 3964.67
106.063 807.343 1594.67 2392.46 3195.79 3969.67
106.192 808.343 1596.62 2395.39 3199.79 3974.67
106.321 809.325 1598.62 2398.39 3203.68 3979.67
106.452 810.325 1600.62 2401.33 3207.61 3984.67
106.583 811.325 1602.62 2404.33 3211.57 3989.58
106.583 812.325 1604.61 2407.33 3215.57 3994.58
106.583 813.339 1606.61 2410.33 3219.57 3999.57
106.583 814.349 1608.61 2413.32 3223.57 4004.57
106.583 815.349 1610.62 2416.33 3227.57 4009.55
106.711 816.326 1612.62 2419.22 3231.57 4014.55
106.837 817.291 1614.53 2422.22 3235.57 4019.55
106.966 818.291 1616.47 2425.15 3239.57 4024.55
106.966 819.301 1618.47 2428.15 3243.56 4029.55
107.095 820.301 1620.42 2431.07 3247.56 4034.55
107.095 821.311 1622.42 2434.06 3251.56 4039.55
107.225 822.311 1624.38 2437.06 3255.56 4044.46
107.225 823.311 1626.38 2440.06 3259.57 4049.46
107.225 824.323 1628.38 2443.06 3263.57 4054.44
107.354 825.323 1630.35 2446.06 3267.57 4059.34
 107.48 826.289 1632.26 2449.06 3271.57 4064.34
 107.48 827.299 1634.26 2452.05 3275.57 4069.34
107.608 828.299  1636.2 2454.98 3279.57 4074.34
107.608 829.312  1638.2 2457.98 3283.57 4079.32
107.608 830.326 1640.21 2460.98 3287.57 4084.31
107.738 831.326 1642.21 2463.98 3291.53 4089.22
107.866 832.326 1644.21 2466.92 3295.46 4094.22
107.994 833.326 1646.16 2469.92 3299.38 4099.22
107.994 834.335 1648.15 2472.92 3303.37 4104.22
108.123 835.335 1650.12 2475.92 3307.37 4109.12
108.251 836.318 1652.12 2478.92 3311.26 4114.12
108.378 837.318 1654.07 2481.85 3315.26 4119.12
108.378  838.33 1656.07 2484.85 3319.27  4124.1
108.378 839.343 1658.07 2487.85 3323.27 4129.09
108.506 840.335 1660.07 2490.85 3327.27 4133.97
108.631 841.301 1661.98 2493.85 3331.27 4138.97
108.759 842.301 1663.98 2496.79  3335.2 4143.97
108.888 843.301 1665.98 2499.79 3339.16 4148.88
109.016 844.301 1667.93 2502.71 3343.16 4153.88
109.142 845.284 1669.93 2505.71 3347.05 4158.88
109.271 846.284 1671.93 2508.71    3351  4163.8
109.396  847.25 1673.84 2511.71    3355  4168.8
109.525  848.25 1675.81 2514.71    3359  4173.7
109.653  849.25 1677.81 2517.66 3362.93  4178.7
109.781  850.25 1679.81  2520.6 3366.86  4183.7
 109.91  851.25 1681.81 2523.56 3370.86 4188.61
 109.91 852.263 1683.81 2526.56 3374.86  4193.6
110.037 853.263 1685.75 2529.49 3378.86  4198.6
110.164 854.263  1687.7 2532.41 3382.86  4203.6
110.164 855.275  1689.7 2535.41 3386.87 4208.58
110.293 856.275  1691.7 2538.37 3390.87 4213.49
110.418 857.242 1693.61 2541.37 3394.87 4218.49
110.418 858.251 1695.61 2544.37 3398.87 4223.49
110.542 859.217 1697.52 2547.37 3402.87 4228.49
110.542 860.227 1699.52 2550.36 3406.87 4233.49
110.542  861.24 1701.52 2553.36 3410.87 4238.47
110.542  862.24 1703.52 2556.36 3414.87 4243.47
110.669  863.24 1705.52  2559.3  3418.8 4248.47
110.796  864.24 1707.46 2562.23  3422.8 4253.47
110.796 865.252 1709.46 2565.23 3426.81 4258.45
110.923 866.252 1711.46 2568.17 3430.74 4263.45
111.046 867.218 1713.37 2571.17 3434.74 4268.45
111.046 868.218 1715.38 2574.17 3438.75 4273.44
111.046 869.218 1717.38 2577.17 3442.75 4278.43
111.172 870.218 1719.33  2580.1 3446.75 4283.43
111.172 871.218 1721.33  2583.1 3450.76 4288.42
111.172 872.227 1723.32  2586.1 3454.76 4293.42
111.172 873.237 1725.32  2589.1 3458.76 4298.42
111.298  874.22 1727.32  2592.1 3462.65 4303.42
111.423  875.22 1729.27 2595.02 3466.65 4308.42
111.548 876.198 1731.27 2597.92 3470.65 4313.42
111.673 877.198 1733.22 2600.85 3474.65 4318.42
111.673 878.198 1735.21 2603.84 3478.66 4323.42
111.673  879.21 1737.21 2606.85 3482.66  4328.4
  111.8  880.21 1739.21 2609.85 3486.61 4333.32
  111.8  881.22 1741.21 2612.84 3490.61 4338.32
111.926  882.22 1743.21 2615.78 3494.54 4343.32
112.052 883.212 1745.21 2618.78 3498.54  4348.2
112.052 884.221 1747.21 2621.78 3502.54  4353.2
112.178 885.221 1749.21 2624.73 3506.54 4358.11
112.178 886.221 1751.21 2627.73 3510.55 4363.11
112.305 887.221 1753.21 2630.69 3514.55 4368.03
112.305 888.221 1755.21 2633.69 3518.56 4373.01
 112.43 889.221 1757.21 2636.64 3522.49 4378.01
112.556 890.221 1759.21 2639.58 3526.42 4383.01
 112.68 891.204 1761.21 2642.58 3530.32 4388.01
112.802 892.171 1763.12 2645.58 3534.32 4393.01
112.928 893.171 1765.12 2648.54 3538.32 4397.93
112.928 894.171 1767.12 2651.55 3542.32 4402.92
112.928 895.181 1769.12 2654.54 3546.32 4407.92
112.928 896.181 1771.12 2657.54 3550.33 4412.91
113.051 897.158 1773.12 2660.44 3554.33 4417.91
113.051 898.167 1775.11 2663.44 3558.32 4422.91
113.051 899.176 1777.11 2666.43 3562.32 4427.91
113.177 900.176 1779.11 2669.39 3566.32 4432.82
113.302 901.168 1781.11 2672.39 3570.32  4437.7
113.302 902.177 1783.11 2675.38 3574.32  4442.7
113.302 903.177 1785.11 2678.39 3578.33 4447.69
113.427 904.177 1787.08 2681.39 3582.33  4452.6
113.552 905.177 1789.05 2684.39 3586.33  4457.5
113.676 906.177 1791.01 2687.39 3590.25  4462.5
113.801 907.177 1792.97 2690.39 3594.25 4467.41
113.801 908.187 1794.97 2693.38 3598.25 4472.41
113.801 909.199 1796.97 2696.38 3602.25 4477.39
113.801 910.208 1798.97 2699.38 3606.25 4482.39
113.801 911.221 1800.97 2702.38 3610.25 4487.38
113.925 912.221 1802.94 2705.38 3614.25 4492.29
113.925 913.221 1804.94 2708.38 3618.26 4497.27
113.925 914.221 1806.94 2711.38 3622.27 4502.27
114.049 915.221 1808.94 2714.32  3626.2 4507.27
114.172 916.221 1810.89 2717.32 3630.12 4512.27
114.172 917.232 1812.89 2720.32 3634.13 4517.25
114.172 918.242 1814.89 2723.31 3638.13 4522.25
114.172 919.251 1816.89 2726.31 3642.13 4527.25
114.292 920.219  1818.8 2729.31 3646.13 4532.25
114.412 921.186 1820.71 2732.31 3650.13 4537.25
114.412 922.196 1822.71  2735.3 3654.13 4542.25
114.412 923.196 1824.71  2738.3 3658.13 4547.25
114.535 924.196 1826.66 2741.23 3662.13 4552.25
114.535 925.205 1828.66 2744.22 3666.13 4557.25
114.658 926.205 1830.66 2747.16 3670.06 4562.25
114.658 927.205 1832.66 2750.17 3674.07 4567.24
 114.78 928.197 1834.66 2753.17 3678.07 4572.13
 114.78 929.209 1836.66 2756.17 3682.07 4577.11
114.902 930.209 1838.61  2759.1 3686.07 4582.11
115.025 931.209 1840.61 2762.04 3690.01 4587.11
115.148 932.209 1842.61 2765.04 3693.96 4592.03
115.271 933.209 1844.58 2768.04 3697.96 4596.94
115.271 934.218 1846.58 2771.03 3701.96 4601.94
115.393 935.218 1848.53 2773.96 3705.96 4606.94
115.393  936.23 1850.53 2776.96 3709.96 4611.92
115.393  937.23 1852.53 2779.97 3713.96 4616.92
115.512 938.198 1854.44 2782.97 3717.96 4621.92
115.512 939.207 1856.44 2785.96 3721.96 4626.92
115.633 940.191 1858.44 2788.96 3725.86 4631.92
115.633 941.191 1860.44 2791.97 3729.86 4636.91
115.753 942.169 1862.44 2794.87 3733.86 4641.91
115.753 943.181 1864.44 2797.87 3737.86 4646.89
115.872 944.149 1866.36 2800.87 3741.86 4651.89
115.993 945.149 1868.31 2803.87 3745.78 4656.89
116.114 946.127 1870.31 2806.77 3749.78 4661.89
116.232 947.095 1872.23 2809.77 3753.78 4666.89
116.353 948.078 1874.23 2812.77 3757.68 4671.89
116.475  949.07 1876.23 2815.77 3761.68 4676.78
116.595 950.053 1878.23 2818.77 3765.57 4681.78
116.595 951.062 1880.22 2821.77 3769.57 4686.78
116.595 952.062 1882.22 2824.77 3773.57 4691.77
116.595 953.074 1884.22 2827.77 3777.57 4696.76
116.717 954.074 1886.22 2830.77 3781.53 4701.68
116.717 955.074 1888.22 2833.78 3785.54 4706.67
116.839 956.074 1890.22 2836.78  3789.5 4711.59
116.839 957.083 1892.22 2839.77  3793.5 4716.59
116.839 958.094 1894.22 2842.77  3797.5 4721.57
116.839 959.106 1896.23 2845.77  3801.5 4726.56
116.959 960.089 1898.23 2848.77  3805.4 4731.56
116.959 961.097 1900.22 2851.77  3809.4 4736.56
117.079 962.097 1902.17  2854.7  3813.4 4741.56
117.079 963.097 1904.17  2857.7 3817.41 4746.54
117.079 964.097 1906.17  2860.7 3821.41 4751.54
117.201 965.097 1908.17  2863.7 3825.37 4756.46
117.201 966.109 1910.17  2866.7 3829.37 4761.45
117.321 967.101 1912.17  2869.7 3833.37 4766.34
117.441 968.101 1914.12 2872.63 3837.37 4771.34
117.441 969.113 1916.12 2875.63 3841.37 4776.33
117.562 970.113 1918.12 2878.59 3845.37 4781.24
117.681 971.096 1920.12 2881.59 3849.27 4786.24
117.798 972.064 1922.04 2884.59 3853.27 4791.24
117.798 973.064 1924.03 2887.59 3857.27 4796.24
117.918 974.056 1926.03 2890.59 3861.27 4801.13
118.039 975.056 1928.03 2893.55 3865.27 4806.05
118.159 976.056 1929.99 2896.55  3869.2 4811.05
118.159 977.056 1931.99 2899.55  3873.2 4816.04
118.277 978.034 1933.99 2902.46  3877.2 4821.04
118.398 979.034 1935.99 2905.46 3881.15 4825.96
118.398 980.045 1937.99 2908.46 3885.16 4830.95
118.517 981.028 1939.99 2911.46 3889.06 4835.95
118.636 982.028 1941.94 2914.39 3893.06 4840.95
118.756  983.02 1943.94 2917.39 3897.06 4845.83
118.876  984.02 1945.91 2920.39 3901.06 4850.74
118.876 985.028 1947.91 2923.39 3905.06 4855.74
118.876 986.028 1949.91 2926.38 3909.06 4860.74
118.994 987.007 1951.91 2929.29 3913.06 4865.74
119.112  987.99 1953.91 2932.29 3916.96 4870.74
119.231  988.99 1955.86 2935.22 3920.96 4875.74
119.231     990 1957.86 2938.22 3924.97 4880.73
119.351     991 1959.83 2941.22 3928.97 4885.64
119.351     992 1961.83 2944.22 3932.98 4890.62
119.351     993 1963.83 2947.22 3936.98 4895.62
119.351  994.01 1965.83 2950.22 3940.98 4900.62
119.351  995.02 1967.83 2953.22 3944.98  4905.6
119.351 996.029 1969.83 2956.21 3948.98  4910.6
119.351 997.039 1971.83 2959.21 3952.99 4915.58
 119.47 998.039 1973.78 2962.14 3956.99 4920.58
119.585 999.008 1975.69 2965.14 3960.99 4925.58
119.585 1000.01 1977.69 2968.14    3965 4930.57
119.703 1001.01 1979.65 2971.07    3969 4935.57
119.703 1002.02 1981.65 2974.07 3973.01 4940.55
119.822 1003.02  1983.6 2977.07 3976.93 4945.55