      1       3       3       3       5       6
    1.6     4.8       5       6       9     9.6
    1.6     5.8 7.42718 8.91262      13 14.2602
    1.6     6.8 9.42718 11.8693 17.3126 18.9909
    1.6 8.31187 11.4272 14.5082 21.1618 23.9909
  1.908 9.31187 13.4272 17.5082 25.2355 28.6092
  1.908 10.8238 15.4272  20.351 29.2355 33.2544
  1.908 12.2174 17.4134 22.9712 33.2355 38.2544
2.13998 13.2174 19.5305 25.9712 37.2355 42.9054
2.13998  14.568 21.5262  28.625 41.2355 47.9054
2.13998  15.568 23.5262 31.5418 45.4373 52.7868
2.13998 16.8571 25.4744 34.5418 49.1999 57.7868
2.29687 18.0931 27.4744 37.5418 52.8071 62.7868
2.47042 19.0931 29.4744 40.3783  56.797 67.7868
2.47042 20.4219 31.4744 43.3783 60.7501 72.5048
2.47042 21.4219 33.4744 46.3254 64.8774 77.4306
2.47042 22.7303 35.4744 49.3254 68.8398 82.1597
2.47042 23.9986 37.4538 52.0776 72.8398 87.1597
2.47042 25.3029 39.4538 55.0776 76.7985 91.8967
2.60266 26.3029 41.4538  58.026 80.7985 96.8161
2.71363 27.4244 43.2213  61.026 84.7985 101.816
2.84152 28.4244 45.2213 63.9019 88.7948 106.816
2.96841 29.4244 47.2408 66.7556 92.7948 111.816
 3.0953 30.4244 49.2602 69.6093 96.7948 116.816
3.22385 31.4244 51.2602 72.6093 100.815 121.668
3.22385 32.4244 53.3479 75.5664 104.815 126.623
3.34371 33.4244 55.3312 78.5664 108.712 131.623
3.34371 34.6093 57.2927 81.5664 112.565 136.623
3.34371 35.8414 59.2927 84.4703 116.565 141.487
3.45838 36.8414  61.326 87.4703 120.565 146.339
3.45838 38.0322 63.3081 90.2974 124.565 151.339
3.56847 39.0322 65.3235  93.172 128.565 156.339
3.56847 40.0322 67.3715 96.0931 132.596 161.339
3.56847 41.2125 69.3579 98.9264 136.596 166.339
3.67229 42.2125 71.3759 101.805 140.596 171.339
3.67229 43.4045 73.3759 104.805 144.566 176.177
3.67229 44.6087 75.3759 107.712 148.566 181.065
 3.7691 45.6087 77.3628 110.712 152.482 186.065
 3.7691 46.7903 79.3628 113.581 156.433 191.065
3.86269 47.9522 81.3628 116.581 160.433 195.809
 3.9497 49.0323 83.1956 119.581 164.433 200.809
4.04308 50.1915 85.1956 122.581 168.433 205.557
4.13852 51.1915 87.2067 125.474 172.433 210.557
4.23396 52.1915 89.2177 128.368 176.433 215.557
4.32487 53.3122 91.2177 131.368 180.221 220.557
4.32487 54.3122 93.2177  134.33 184.285  225.53
4.41857 55.3122 95.2374  137.33 188.285 230.417
4.41857 56.4791 97.2374  140.33 192.257 235.278
4.41857 57.6406 99.2372  143.33 196.257 240.116
4.50802 58.6406 101.246 146.232 200.257 245.116
4.50802  59.799 103.246 149.232 204.257 249.958
4.50802  60.799 105.281 152.172 208.282 254.958
4.59476  61.799 107.281 155.172  212.29 259.864
4.59476  62.799 109.314 158.114 216.314 264.864
4.67962  63.799 111.314 161.034 220.309 269.864
4.67962 64.9597 113.314 163.964 224.309 274.774
4.75975  66.072 115.314 166.771 228.309 279.774
4.84308  67.072 117.314 169.691 232.306 284.774
4.84308  68.072 119.349 172.691 236.334 289.711
4.84308 69.2177 121.349 175.691 240.312 294.588
4.84308 70.2177 123.381 178.634 244.337 299.588
4.91944 71.3248 125.381  181.45 248.337 304.588
4.99866 72.3248 127.381 184.372 252.336 309.588
5.07783 73.3248 129.398 187.372 256.336 314.491
  5.157 74.3248 131.416 190.372 260.336 319.394
  5.157 75.4411  133.39 193.372 264.246 324.394
  5.157 76.5857  135.39 196.306 268.246 329.316
5.23067 77.6798  137.39 199.306 272.078 334.316
5.30435 78.7739  139.39 202.306  275.91 339.316
5.30435  79.898 141.379 205.193  279.91 344.316
5.30435  80.898  143.41  208.14 283.932 349.316
5.30435  81.898 145.441 211.088 287.953 354.316
5.30435  82.898 147.472 214.088 291.974 359.264
5.30435 84.0349 149.472 217.024 295.974 364.191
5.37568 85.0349 151.482 219.943 299.974 369.191
 5.4474 86.0349 153.482 222.943 303.976 374.117
 5.4474 87.1608 155.482 225.943 307.954 379.013
 5.5188 88.1608 157.482 228.904 311.954  383.98
5.59019 89.1608 159.482 231.865 315.954 388.948
5.59019 90.2663 161.459 234.865 319.872 393.948
5.65867  91.372 163.459 237.865 323.872 398.773
5.72754  92.372 165.449 240.865 327.813 403.773
5.72754 93.4931 167.449 243.865 331.792 408.674
5.72754 94.6101 169.449 246.865 335.792 413.556
5.79581 95.6101 171.449 249.865 339.794 418.486
5.79581 96.6101 173.477  252.82 343.812 423.486
5.79581 97.6101 175.505  255.82 347.832 428.437
5.79581 98.6101 177.546 258.795 351.832  433.42
5.79581 99.6101 179.574  261.75  355.85  438.42
5.85895 100.695 181.574 264.602  359.85  443.42
5.92176 101.775 183.574 267.602 363.707  448.42
5.92176 102.775 185.602 270.602 367.726 453.374
5.98667 103.775 187.602 273.568 371.726 458.343
6.05074 104.775  189.61 276.496 375.726 463.343
6.11564 105.775  191.61 279.462 379.726 468.313
6.11564 106.775 193.649 282.436 383.726 473.298
6.11564 107.879 195.652 285.436 387.726 478.192
6.11564 108.987 197.652 288.436 391.707 483.103
6.11564 110.091 199.652 291.361 395.678 488.103
6.11564 111.205 201.652 294.308 399.678 493.041
6.17605 112.205 203.643 297.308 403.626 498.041
6.17605 113.205  205.67 300.308 407.643 502.997
6.17605 114.302 207.663 303.218 411.643 507.997
6.17605 115.408 209.663 306.218 415.624 512.911
6.17605 116.511 211.663 309.144 419.595 517.911
6.23146 117.556 213.562 312.144 423.595 522.911
6.29019 118.556 215.575 315.144 427.595 527.839
6.34945 119.556 217.575 318.113 431.595 532.811
6.40756 120.556 219.566 321.113 435.546 537.811
6.46476 121.632 221.566  323.98 439.546 542.811
6.46476 122.734 223.566  326.98 443.527 547.728
6.46476 123.828 225.559 329.893 447.527 552.728
 6.5207 124.899 227.559 332.893   451.4 557.728
6.57688 125.975 229.559 335.761   455.4 562.728
6.57688 127.082 231.559 338.711   459.4 567.672
6.57688 128.082 233.582 341.711 463.415 572.633
6.63401 129.082 235.582 344.679 467.415 577.607
6.68981 130.168 237.582 347.679 471.415 582.466
6.68981 131.263 239.583 350.679 475.415  587.37
6.74599 132.263 241.594 353.679 479.415 592.302
6.80161 133.263 243.586 356.679 483.367 597.302
6.80161 134.263  245.62 359.658 487.367 602.289
6.80161 135.263  247.62 362.636 491.403 607.276
6.80161 136.263 249.644 365.636 495.418 612.238
6.85588 137.263 251.636 368.636 499.371 617.238
6.91068 138.263 253.647 371.636 503.371 622.172
6.96267 139.304 255.555 374.636 507.371 627.172
6.96267 140.384 257.538 377.636 511.308 632.172
6.96267  141.47  259.53 380.557 515.308 637.172
6.96267 142.569  261.53 383.512 519.308 642.119
7.01544 143.649  263.53 386.512 523.308 646.985
7.06748 144.715  265.53 389.512  527.19 651.985
7.06748 145.805  267.53 392.512  531.19 656.896
7.06748 146.805 269.552 395.512 535.204  661.86
7.06748 147.897 271.552 398.512 539.187 666.785
7.11839 148.963 273.552 401.512  543.07 671.785
7.11839 149.963 275.552 404.493 547.102 676.772
7.11839 151.059 277.552 407.449 551.102 681.719
7.11839 152.059 279.573 410.416 555.115 686.719
7.16822 153.123 281.573 413.416 559.001 691.719
 7.2182 154.191 283.573 416.298 563.001 696.719
7.26936 155.191 285.583 419.298 567.001 701.658
7.32058 156.191 287.583 422.253 570.995 706.658
7.32058 157.191 289.583 425.233 575.026 711.647
7.32058 158.279 291.583 428.233 579.009 716.575
7.32058 159.366 293.583 431.173 582.983 721.575
7.37106 160.366 295.583 434.146 586.983 726.551
7.42052 161.442 297.583 437.146 590.983 731.426
7.47051 162.442 299.588 440.091 594.983 736.426
7.47051 163.442 301.617 443.073 598.983 741.415
7.47051 164.442 303.637  446.04 602.995 746.415
7.52032 165.442 305.637 449.014 606.995 751.391
7.56746 166.479 307.553 452.014 610.995 756.391
7.61694 167.479 309.553  454.97  614.99 761.391
7.66409 168.516 311.469  457.97  618.99 766.391
7.71243 169.579 313.469 460.858  622.99 771.391
7.76193 170.579 315.469 463.858 626.989 776.343
7.76193 171.662 317.469 466.858 630.972 781.275
 7.8088 172.699 319.386 469.858 634.972 786.275
7.85668 173.758 321.386 472.858 638.866 791.275
7.85668 174.841 323.386 475.858 642.849 796.209
7.85668 175.922 325.385 478.858 646.849  801.13
7.85668 176.922 327.403 481.828 650.861  806.13
7.90382 177.983 329.403  484.72 654.861  811.13
7.90382 178.983 331.403 487.701 658.889  816.12
7.90382 180.063 333.401 490.701 662.889 821.041
7.95027 181.121 335.401 493.701 666.785 826.041
7.95027 182.121 337.401 496.684 670.813 831.031
7.95027 183.121 339.401 499.666  674.84 836.021
7.99733 184.121 341.401 502.624 678.835 841.021
8.04338 185.181 343.401 505.518 682.835 846.021
8.09031 186.181 345.405 508.467 686.835 851.021
8.09031 187.258 347.404 511.467 690.835 855.945
 8.1367 188.258 349.396 514.467 694.797 860.945
8.18248 189.317 351.396 517.362 698.797 865.945
8.22926 190.317 353.396  520.32 702.792 870.945
8.22926 191.395 355.396 523.265  706.77 875.945
8.22926 192.395 357.413 526.236 710.782 880.945
8.22926 193.471 359.413 529.181  714.76 885.945
8.22926 194.471 361.431 532.151 718.772 890.945
8.22926 195.471 363.448 535.151 722.783 895.917
8.22926 196.549 365.448 538.151 726.767 900.856
8.27392 197.615 367.448 541.151 730.767 905.744
8.31904 198.615 369.452 544.102 734.767 910.744
8.36416 199.615 371.455 547.053 738.767 915.744
8.36416 200.687 373.449 549.989 742.767 920.744
8.40879 201.687 375.441 552.989  746.73 925.744
8.45379 202.687 377.441 555.948 750.726 930.744
8.49881 203.687 379.441 558.948 754.724 935.701
8.54369 204.687 381.445   561.9 758.724 940.701
8.58892 205.687 383.445 564.874 762.724 945.681
8.63354 206.687 385.437 567.874 766.687 950.681
8.63354 207.759 387.437 570.822 770.667 955.681
8.67825 208.759 389.443 573.822 774.667  960.63
8.67825 209.832 391.443  576.77 778.647  965.63
8.72301 210.832 393.443 579.745 782.647 970.611
8.72301 211.832 395.443 582.727 786.672 975.603
8.72301 212.832 397.467 585.709 790.672 980.597
8.76732 213.832 399.467 588.684 794.672 985.577
 8.8096 214.863 401.394 591.684 798.672 990.577
8.85313 215.925 403.394 594.684 802.672 995.472
8.89742 216.925 405.394 597.659 806.672 1000.45
8.89742 217.925 407.394 600.642 810.697 1005.44
8.94128 218.925 409.394 603.602 814.693 1010.44
8.98479 219.925 411.386 606.602 818.658 1015.44
8.98479 220.925 413.402 609.575 822.669 1020.44
9.02864 221.925 415.402  612.55 826.669 1025.43
9.02864  222.99 417.396  615.49 830.669 1030.43
9.02864 224.064 419.396 618.454 834.669 1035.39
9.02864 225.064 421.411 621.454 838.679 1040.36
9.02864 226.064 423.434 624.438 842.679 1045.36
9.07095 227.123 425.434 627.438 846.679 1050.25
9.11397 228.123 427.434 630.413 850.679 1055.24
9.11397 229.123 429.449 633.413  854.69 1060.21
9.15566 230.172 431.449 636.413   858.6 1065.21
9.19777  231.23 433.449 639.413   862.6 1070.11
9.23959 232.281 435.449  642.32   866.6 1075.11
9.23959 233.345 437.443 645.262   870.6 1080.11
9.28122 234.397 439.443 648.169   874.6 1085.11
9.32272 235.445 441.443 651.169  878.51 1090.11
9.36421 236.493 443.443 654.169 882.421 1095.11
9.36421 237.564 445.443 657.134 886.421 1100.07
9.36421 238.636 447.443 660.099 890.421 1105.04
9.40618 239.636 449.449 663.099 894.421 1109.99
 9.4482 240.636 451.449 666.061 898.417 1114.99
9.49017 241.636 453.454 669.061 902.417 1119.94
9.53219 242.636 455.454 672.024 906.412 1124.94
9.57421 243.636 457.454 674.986 910.408 1129.94
9.61535 244.683 459.454 677.986  914.32 1134.94
9.65738 245.683 461.454 680.986 918.316  1139.9
9.69909 246.683 463.447 683.986 922.282  1144.9
9.69909 247.753 465.447 686.952 926.282 1149.87
9.69909 248.753 467.447 689.935 930.305 1154.86
9.73988 249.799 469.447 692.935 934.218 1159.86
9.73988 250.865 471.447 695.935 938.204 1164.81
9.78105 251.865  473.44 698.935 942.169 1169.81
9.82205 252.921  475.44 701.935 946.169 1174.71
9.86354 253.921  477.44 704.935 950.166 1179.68
9.90519 254.921  479.44 707.912 954.166 1184.66
9.94619 255.976  481.44 710.912 958.166 1189.56
9.98736 256.976 483.432 713.912 962.132 1194.56
9.98736  258.04 485.432 716.912 966.118 1199.51
10.0288  259.04 487.432 719.889 970.118 1204.49
10.0697 260.095 489.432 722.889 974.118  1209.4
 10.111 261.095 491.432 725.889 978.115 1214.36
 10.111 262.095 493.453 728.874 982.115 1219.35
10.1517 263.149 495.453 731.874 986.115 1224.26
 10.193 264.149 497.453 734.852 990.115 1229.24
10.2343 265.149 499.453  737.83 994.115 1234.22
10.2756 266.149 501.453 740.807 998.115  1239.2
10.2756 267.149 503.453 743.792 1002.14 1244.19
10.2756 268.208 505.448 746.739 1006.14 1249.19
10.2756 269.271 507.448 749.739 1010.12 1254.14
10.2756 270.271 509.469 752.725 1014.12 1259.14
10.2756 271.271 511.483 755.701 1018.13 1264.14
10.2756 272.331 513.482 758.701 1022.13 1269.08
10.2756 273.331 515.482 761.686 1026.16 1274.07
10.3141 274.357 517.417 764.686 1030.16 1279.07
10.3141 275.417 519.416 767.686 1034.16 1284.01
10.3539 276.417 521.418 770.645 1038.16 1289.01
10.3935 277.417 523.411 773.645 1042.12 1294.01
10.4333 278.417 525.411  776.61 1046.12 1299.01
10.4727 279.469 527.411  779.61 1050.12 1303.92
10.4727  280.53 529.411  782.61  1054.1 1308.87
10.5126  281.53 531.411 785.589  1058.1 1313.85
10.5523  282.53 533.411 788.554  1062.1 1318.85
10.5523 283.594 535.411 791.524  1066.1 1323.82
10.5918 284.594 537.411  794.49 1070.09 1328.82
10.5918 285.594 539.424 797.467  1074.1 1333.82
10.6298  286.62 541.361 800.467  1078.1 1338.82
10.6694  287.62 543.361 803.445  1082.1  1343.8
10.6694  288.62 545.374 806.422 1086.11  1348.8
10.7086  289.62 547.374 809.388 1090.11  1353.8
10.7476  290.62 549.367 812.388 1094.08  1358.8
10.7855 291.644 551.304 815.388 1098.08  1363.8
10.8247 292.644 553.308 818.388 1102.08 1368.76
 10.864 293.644 555.308 821.355 1106.07 1373.76
10.9029 294.644   557.3 824.355 1110.04 1378.76
10.9421 295.644 559.301 827.314 1114.04 1383.76
10.9421 296.644 561.314 830.292 1118.05 1388.76
10.9813 297.644 563.314 833.271 1122.05 1393.74
10.9813 298.701 565.314 836.229 1126.03 1398.74
11.0203 299.701 567.314 839.196 1130.03 1403.74
11.0203 300.752 569.303 842.196 1133.99 1408.74
11.0591 301.752 571.306 845.196 1137.99  1413.7
11.0591 302.752 573.319 848.196    1142 1418.68
11.0965 303.776 575.257 851.196    1146 1423.68
11.1345 304.815 577.257 854.196 1149.92 1428.68
11.1731 305.815 579.261 857.196 1153.92 1433.64
11.1731 306.871 581.261 860.156  1157.9 1438.64
11.2109 307.911 583.261 863.156 1161.83 1443.64
11.2109 308.971 585.261 866.127 1165.83  1448.6
11.2493 309.971 587.262 869.088 1169.83  1453.6
11.2877 310.971 589.262 872.088 1173.82 1458.57
11.2877 311.971 591.274 875.088 1177.83 1463.55
11.2877 313.027 593.274 878.088 1181.82 1468.51
 11.326 314.027 595.274 881.067 1185.82 1473.49
 11.326 315.076 597.262 884.067 1189.78 1478.49
 11.326 316.132 599.262 887.067 1193.77 1483.44
11.3638 317.132 601.263 890.028 1197.77 1488.44
11.4015 318.132 603.256 893.028 1201.74 1493.44
11.4015 319.186 605.254 896.028 1205.74 1498.39
11.4392 320.186 607.255  898.99 1209.74 1503.39
11.4763 321.227 609.255 901.912 1213.74 1508.39
11.5139 322.227 611.248 904.912 1217.71 1513.39
11.5139 323.279 613.242 907.866 1221.71 1518.39
11.5139 324.279  615.26 910.853 1225.71 1523.39
11.5139 325.279 617.278 913.839 1229.71 1528.38
11.5139  326.33 619.273 916.793 1233.71 1533.38
11.5139  327.33  621.29  919.78 1237.71 1538.38
11.5508  328.33 623.283  922.78 1241.68 1543.38
11.5876 329.376 625.283  925.78 1245.68  1548.3
11.6247 330.376 627.286  928.78 1249.68 1553.26
11.6617 331.376 629.279  931.78 1253.65 1558.26
11.6617 332.433 631.279 934.752 1257.65 1563.23
11.6987 333.433 633.279 937.721 1261.64 1568.23
11.7357 334.433 635.279  940.69 1265.64 1573.23
11.7728 335.433 637.279  943.69 1269.63 1578.19
11.8095 336.478 639.279  946.69 1273.63 1583.11
11.8465 337.478 641.279 949.658 1277.63 1588.11
11.8465 338.478 643.291 952.658 1281.63 1593.09
11.8465 339.478 645.302 955.638 1285.64 1598.09
11.8465  340.53 647.301 958.638 1289.64 1603.04
11.8465 341.576 649.291 961.638 1293.61 1608.04
11.8465 342.623  651.28 964.638 1297.57 1613.04
11.8831 343.623  653.28 967.618 1301.57 1618.03
11.9194 344.623 655.273 970.618 1305.54 1623.03
11.9558 345.623 657.273 973.618 1309.54 1627.99
11.9923 346.623 659.273 976.618 1313.53 1632.96
12.0287 347.623 661.274 979.581 1317.53 1637.96
12.0287 348.676 663.274 982.581 1321.52 1642.92
12.0287 349.728 665.274 985.581 1325.51 1647.88
12.0644 350.766 667.274 988.507 1329.51 1652.88
12.1001 351.803 669.274 991.507 1333.44 1657.88
12.1001 352.803 671.285 994.488 1337.45 1662.88
12.1001 353.803 673.297 997.468 1341.45 1667.88
12.1001 354.803 675.308 1000.47 1345.46 1672.86
12.1358 355.803 677.301 1003.47 1349.43 1677.86
12.1714 356.846 679.301 1006.47 1353.43 1682.78
12.2071 357.846 681.294 1009.47  1357.4 1687.78
12.2071 358.846 683.311 1012.46  1361.4 1692.78
12.2071 359.896  685.31 1015.46  1365.4 1697.73
12.2429 360.896  687.31 1018.44  1369.4 1702.71
12.2429 361.945 689.309 1021.44  1373.4 1707.66
 12.278 362.983 691.309 1024.36  1377.4 1712.66
 12.278 364.028 693.299 1027.36 1381.37 1717.66
 12.278 365.028  695.31 1030.34 1385.38 1722.66
 12.278 366.077 697.309 1033.34 1389.38 1727.62
12.3122 367.098 699.254 1036.34 1393.38 1732.62
12.3476 368.098 701.254 1039.34 1397.37 1737.58
12.3476 369.149 703.254 1042.34 1401.36 1742.54
12.3476 370.196 705.249  1045.3 1405.36 1747.54
12.3476 371.246 707.249 1048.27 1409.35 1752.54
12.3825 372.246 709.251 1051.27 1413.35 1757.51
12.3825 373.293 711.247 1054.22 1417.35 1762.51
12.3825 374.293 713.247 1057.21 1421.36  1767.5
12.4172 375.293 715.247 1060.18 1425.36  1772.5
12.4172 376.337 717.237 1063.18 1429.33  1777.5
12.4172 377.337 719.248 1066.18 1433.34 1782.48
12.4172 378.337 721.258 1069.18 1437.34 1787.47
12.4172 379.386 723.257 1072.18 1441.34 1792.42
12.4515 380.386  725.25 1075.18 1445.32 1797.42
12.4515 381.432 727.246 1078.13 1449.32 1802.42
12.4858 382.432 729.246 1081.13 1453.31 1807.39
12.4858 383.481 731.246  1084.1  1457.3 1812.39
12.4858 384.525 733.236  1087.1 1461.26 1817.39
12.4858 385.525 735.247 1090.08 1465.27 1822.39
12.5193 386.559 737.247 1093.08  1469.2 1827.39
12.5193 387.605 739.242 1096.04  1473.2 1832.39
12.5193 388.605 741.242 1099.03 1477.22 1837.39
12.5532 389.605 743.242    1102 1481.21 1842.39
12.5869 390.605 745.242 1104.97 1485.21 1847.39
12.6208 391.605 747.245 1107.97 1489.21 1852.35
12.6547 392.605 749.245 1110.95 1493.21 1857.33
12.6885 393.605 751.247 1113.95 1497.21  1862.3
12.7222 394.605 753.241 1116.95 1501.19  1867.3
12.7222 395.653 755.241 1119.91 1505.17  1872.3
12.7222 396.704 757.241 1122.89 1509.17 1877.27
12.7557 397.704 759.234 1125.89 1513.15 1882.27
12.7891 398.745 761.234 1128.89 1517.15  1887.2
12.7891 399.745 763.245 1131.87 1521.15  1892.2
12.7891 400.745 765.256 1134.85 1525.16  1897.2
12.7891 401.796 767.256 1137.83 1529.16 1902.17
12.8223 402.796 769.249 1140.83 1533.13 1907.17
12.8223 403.796 771.259 1143.83 1537.14 1912.16
12.8556 404.796 773.259 1146.83 1541.14 1917.13
12.8887 405.836 775.259 1149.83 1545.14 1922.05
12.9217 406.876 777.259 1152.83 1549.14 1926.98
 12.955 407.876 779.259  1155.8 1553.13 1931.98
12.9883 408.876 781.259 1158.77 1557.13 1936.98
12.9883 409.924 783.259 1161.77 1561.12 1941.94
12.9883 410.924 785.269 1164.77 1565.13 1946.93
13.0214 411.924 787.272 1167.77 1569.13 1951.89
13.0541 412.957 789.272 1170.77 1573.06 1956.89
13.0872 413.957 791.272 1173.74 1577.05 1961.89
13.1194 414.976  793.22 1176.74 1581.05 1966.89
13.1194 416.022 795.219 1179.74 1585.05 1971.85
13.1523 417.022 797.212 1182.74 1589.03 1976.85
13.1523 418.022 799.223 1185.72 1593.04 1981.85
13.1523 419.022 801.233 1188.72 1597.04 1986.83
13.1523 420.022 803.247 1191.71 1601.04 1991.83
13.1523 421.065 805.243 1194.67 1605.04 1996.83
13.1851 422.065 807.243 1197.67 1609.04  2001.8
13.1851 423.111 809.243 1200.64 1613.02  2006.8
13.2175 424.111 811.237 1203.64    1617  2011.8
13.2175  425.16 813.237 1206.62    1621 2016.77
13.2492 426.179 815.186 1209.62    1625 2021.77
13.2492 427.222 817.182 1212.58    1629 2026.77
13.2492 428.222 819.191 1215.58    1633 2031.76
13.2816 429.222 821.191 1218.58    1637 2036.73
13.2816 430.265 823.187 1221.54    1641 2041.73
13.3141 431.265 825.187 1224.52    1645 2046.71
13.3459 432.297 827.187 1227.52 1648.94 2051.71
13.3782 433.297 829.187 1230.49 1652.94 2056.71
13.4101 434.331 831.187 1233.42 1656.94 2061.71
13.4422 435.369 833.187 1236.42 1660.94 2066.64
13.4422 436.414 835.187 1239.39 1664.92 2071.64
13.4422 437.462 837.187 1242.37 1668.92 2076.62
13.4422 438.462 839.201 1245.36 1672.92 2081.61
13.4743 439.462 841.201 1248.33 1676.92 2086.61
13.5059 440.494 843.201 1251.33 1680.85 2091.61
13.5059 441.536 845.197 1254.29 1684.85 2096.61
13.5059 442.536 847.206 1257.29 1688.86  2101.6
13.5379 443.536 849.206 1260.27 1692.86 2106.58
13.5696 444.574 851.206 1263.27 1696.86 2111.52
13.6017 445.574 853.206 1266.26 1700.86  2116.5
13.6017 446.574 855.206 1269.25 1704.88  2121.5
13.6017 447.618 857.205 1272.25 1708.88 2126.45
13.6017 448.665 859.205 1275.22 1712.88 2131.43
13.6334 449.665 861.205 1278.22 1716.87  2136.4
13.6652 450.665 863.205 1281.21 1720.87 2141.39
13.6652 451.665 865.205 1284.19 1724.89 2146.38
13.6969 452.665 867.205 1287.18 1728.89 2151.37
13.6969  453.71 869.205 1290.18 1732.88 2156.33
13.6969  454.71 871.205 1293.17 1736.89 2161.33
13.6969  455.71 873.215 1296.15  1740.9 2166.33
13.6969 456.754 875.215 1299.12 1744.89 2171.33
13.6969 457.797 877.213 1302.12 1748.89 2176.29
13.6969 458.841 879.213 1305.09 1752.87 2181.29
 13.728 459.841 881.207 1308.09 1756.85 2186.29
 13.728 460.841 883.221 1311.08 1760.85 2191.29
 13.728 461.887 885.221 1314.05 1764.85 2196.26
13.7591 462.887 887.221 1317.05 1768.84 2201.23
13.7591 463.931 889.221 1320.05 1772.83  2206.2
13.7901 464.931 891.223 1323.05 1776.83 2211.17
13.7901 465.931 893.232 1326.05 1780.84 2216.15
 13.821 466.931 895.232 1329.03 1784.83 2221.15
 13.821 467.972 897.228 1331.99 1788.83 2226.15
 13.821 469.019 899.228 1334.97 1792.83 2231.13
13.8517 470.019 901.228 1337.94 1796.83 2236.13
13.8825 471.019 903.228 1340.94 1800.83  2241.1
13.8825 472.062 905.228 1343.94 1804.82 2246.07
13.8825 473.062 907.228 1346.93 1808.84 2251.06
13.9124  474.08  909.18 1349.93 1812.84 2256.06
13.9124 475.124  911.18 1352.93 1816.83 2261.03
13.9428  476.16  913.18 1355.93 1820.83 2265.96
13.9428  477.16  915.18 1358.92 1824.84 2270.96
13.9428  478.16  917.19  1361.9 1828.85 2275.96
13.9732  479.16 919.192  1364.9 1832.85 2280.93
13.9732 480.206 921.192 1367.88 1836.85  2285.9
14.0032 481.237 923.192 1370.82 1840.85  2290.9
14.0032 482.283 925.192  1373.8 1844.85 2295.88
14.0328 483.301 927.144  1376.8 1848.85 2300.88
14.0328 484.301 929.154 1379.78 1852.85 2305.88
14.0628 485.337 931.154 1382.78 1856.85 2310.81
14.0628 486.379 933.154 1385.75 1860.84 2315.81
14.0926 487.409 935.154 1388.75 1864.78 2320.81
14.0926 488.409 937.163 1391.73 1868.79 2325.81
14.1226 489.409 939.157 1394.73 1872.77 2330.81
14.1226 490.451 941.157  1397.7 1876.75 2335.81
14.1519 491.469  943.11  1400.7 1880.75 2340.81
14.1519 492.514  945.11 1403.68 1884.75 2345.79
14.1519 493.554 947.106 1406.65 1888.75 2350.79
14.1818 494.554 949.106 1409.65 1892.75 2355.76
14.1818 495.592 951.097 1412.65 1896.72 2360.76
14.1818 496.592 953.106 1415.63 1900.73 2365.76
14.2114 497.627 955.106 1418.63 1904.73  2370.7
14.2114 498.669 957.105 1421.63 1908.73 2375.66
14.2409 499.704 959.105 1424.63 1912.73 2380.59
14.2409 500.704 961.118 1427.62 1916.73 2385.59
14.2704  501.74 963.118 1430.62 1920.73 2390.52
14.2704  502.74 965.126 1433.62 1924.73 2395.51
14.2998 503.776 967.126 1436.62 1928.73 2400.45
14.3287 504.793  969.08 1439.62 1932.73 2405.45
14.3582 505.793 971.079 1442.59 1936.73 2410.45
14.3582 506.831 973.071 1445.59  1940.7 2415.45
14.3879 507.831 975.071 1448.57  1944.7 2420.43
14.4174 508.831 977.071 1451.55  1948.7 2425.43
14.4174 509.831 979.083 1454.54  1952.7 2430.43
14.4174 510.868 981.075 1457.54 1956.68 2435.43
14.4468 511.868 983.075 1460.54 1960.67  2440.4
14.4468 512.868 985.088 1463.53 1964.67  2445.4
14.4468 513.868 987.096 1466.53 1968.68 2450.38
14.4468 514.868 989.105 1469.53 1972.68 2455.37
14.4754 515.885 991.059 1472.53 1976.68 2460.37
14.5044  516.92 993.059 1475.53 1980.68 2465.31
14.5044 517.956  995.05 1478.53 1984.66 2470.31
14.5044 518.997 997.049 1481.53 1988.66 2475.27
14.5328 520.014 999.003 1484.53 1992.66 2480.27
14.5328 521.055    1001  1487.5 1996.64 2485.27
14.5328 522.096    1003  1490.5 2000.63 2490.24
14.5328 523.096 1005.02 1493.49 2004.63 2495.23
14.5328 524.135 1007.01 1496.45 2008.63 2500.23
14.5615  525.17 1009.01 1499.45 2012.63 2505.17
14.5901   526.2 1011.01  1502.4 2016.63 2510.17
14.6186 527.229 1013.01  1505.4 2020.58 2515.17
14.6473 528.264 1015.01  1508.4 2024.58 2520.11
14.6762 529.264 1017.01 1511.37 2028.57 2525.11
14.6762 530.264 1019.02 1514.36 2032.58 2530.11
14.7044 531.281 1020.97 1517.36 2036.58 2535.11
14.7044 532.317 1022.97 1520.36 2040.55 2540.11
14.7331 533.317 1024.97 1523.33 2044.55 2545.11
14.7331 534.317 1026.97 1526.33 2048.55 2550.09
14.7331 535.317 1028.99 1529.32 2052.55 2555.09
14.7331 536.317 1030.99 1532.31 2056.56 2560.09
14.7617 537.317    1033 1535.31 2060.56 2565.06
14.7617 538.317    1035 1538.31 2064.56 2570.04
14.7903 539.317    1037 1541.29 2068.56 2575.04
14.7903 540.355    1039 1544.25 2072.56 2580.04
14.7903 541.395    1041 1547.25 2076.55 2585.01
14.8188 542.395    1043 1550.24 2080.55    2590
14.8472 543.395    1045 1553.21 2084.55    2595
14.8472 544.395    1047  1556.2 2088.56    2600
14.8472 545.395 1049.01  1559.2 2092.57 2604.98
14.8756 546.395 1051.01 1562.18 2096.56 2609.98
14.8756 547.395 1053.02 1565.16 2100.57 2614.98
14.8756 548.434 1055.01 1568.16 2104.57 2619.95
14.9038 549.434 1057.01 1571.13 2108.57 2624.95
14.9038 550.472 1059.01  1574.1 2112.57 2629.95
14.9038 551.472 1061.02 1577.08 2116.58 2634.95
14.9038 552.472 1063.03 1580.07 2120.58 2639.95
14.9319 553.472 1065.03 1583.07 2124.58 2644.92
14.9599 554.472 1067.03 1586.07 2128.58 2649.89
 14.988 555.472 1069.03 1589.05 2132.57 2654.89
 14.988 556.472 1071.04 1592.05 2136.58 2659.88
 14.988 557.472 1073.04 1595.05 2140.59 2664.86
 14.988 558.509 1075.04 1598.01 2144.59 2669.86
15.0159 559.509 1077.04 1600.99 2148.59 2674.86
15.0159 560.543 1079.03 1603.99 2152.56 2679.86
15.0436 561.543 1081.03 1606.99 2156.54 2684.86
15.0713 562.576 1083.03 1609.99 2160.54  2689.8
15.0989 563.605 1085.03 1612.93 2164.54  2694.8
15.0989 564.646 1087.03 1615.91 2168.54 2699.78
15.0989 565.685 1089.02 1618.91 2172.54 2704.75
15.0989 566.685 1091.03  1621.9 2176.54 2709.75
15.0989 567.685 1093.04 1624.88 2180.55 2714.75
15.0989 568.685 1095.05 1627.87 2184.56 2719.75
15.0989 569.724 1097.05 1630.87 2188.55 2724.72
15.1264 570.724 1099.05 1633.84 2192.55 2729.72
15.1264  571.76 1101.04 1636.81 2196.55 2734.72
15.1264  572.76 1103.04  1639.8 2200.56 2739.71
15.1539  573.76 1105.04 1642.78 2204.56  2744.7
15.1814  574.76 1107.04 1645.78 2208.56 2749.67
15.1814 575.798 1109.04 1648.78 2212.56 2754.64
15.1814 576.836 1111.04 1651.75 2216.55 2759.64
15.2088 577.836 1113.04 1654.75 2220.54 2764.61
15.2361 578.836 1115.04 1657.73 2224.54 2769.61
15.2635 579.836 1117.04 1660.71 2228.53 2774.61
15.2903 580.852    1119 1663.71 2232.53 2779.61
15.3175 581.852 1120.99 1666.71 2236.51 2784.61
15.3449 582.852 1122.99 1669.69 2240.51  2789.6
15.3449 583.852 1124.99 1672.69 2244.53  2794.6
15.3722 584.852    1127 1675.69 2248.53 2799.57
15.3996 585.852    1129 1678.67 2252.53 2804.56
15.3996 586.852    1131 1681.67 2256.53 2809.54
15.3996 587.852    1133 1684.66 2260.54 2814.54
15.4268 588.852    1135 1687.64 2264.54 2819.54
15.4268 589.889    1137 1690.64 2268.54 2824.51
15.4539 590.889    1139 1693.64 2272.52 2829.51
15.4807 591.915    1141 1696.64 2276.46 2834.51
15.5076 592.943    1143 1699.58 2280.46 2839.51
15.5076 593.943 1145.01 1702.58 2284.46  2844.5
15.5076 594.979 1147.01 1705.58 2288.46 2849.47
15.5347 595.979 1149.01 1708.58 2292.46 2854.44
15.5347 596.979 1151.01 1711.58 2296.47 2859.43
15.5617 597.979 1153.01 1714.55 2300.46 2864.43
15.5617 599.016 1155.01 1717.55 2304.46  2869.4
15.5881 600.031 1156.97 1720.55 2308.46  2874.4
15.5881 601.067 1158.97 1723.52 2312.46  2879.4
 15.615 602.067 1160.97 1726.49 2316.46  2884.4
15.6419 603.067 1162.97 1729.49 2320.46 2889.37
15.6689 604.067 1164.97 1732.49 2324.46 2894.34
15.6689 605.067 1166.97 1735.49 2328.47 2899.34
15.6689 606.102 1168.96 1738.45 2332.47 2904.34
15.6689 607.102 1170.97 1741.45 2336.47 2909.34
15.6953 608.127 1172.97 1744.45 2340.42 2914.34
15.6953 609.163 1174.97 1747.45 2344.42  2919.3
 15.722 610.163 1176.97 1750.45  2348.4  2924.3
15.7487 611.163 1178.97 1753.45 2352.39 2929.28
15.7752  612.19 1180.97 1756.39 2356.39 2934.28
15.7752 613.226 1182.97 1759.39 2360.39 2939.25
15.8018 614.226 1184.96 1762.39 2364.37 2944.25
15.8018 615.263 1186.96 1765.39 2368.37 2949.22
15.8018 616.301 1188.96 1768.39 2372.36 2954.19
15.8018 617.337 1190.96 1771.37 2376.35 2959.19
15.8018 618.376 1192.96 1774.35 2380.35 2964.17
15.8283 619.376 1194.96 1777.33 2384.34 2969.17
15.8283 620.412 1196.96  1780.3 2388.33 2974.17
15.8548 621.412 1198.96  1783.3 2392.33 2979.14
15.8548 622.412 1200.97  1786.3 2396.34 2984.13
15.8548 623.448 1202.97  1789.3 2400.34 2989.09
15.8548 624.487 1204.97 1792.28 2404.34 2994.07
15.8548 625.487 1206.97 1795.28 2408.34 2999.06
 15.881 626.487 1208.97 1798.25 2412.34 3004.06
15.9071 627.513 1210.97  1801.2 2416.34 3009.06
15.9328 628.529 1212.93  1804.2 2420.34 3014.06
15.9589 629.559 1214.93  1807.2 2424.34    3019
15.9589 630.559 1216.94 1810.19 2428.34    3024
15.9849 631.585 1218.94 1813.19 2432.29    3029
16.0111 632.585 1220.95 1816.19 2436.29 3033.97
16.0374 633.585 1222.95 1819.18 2440.29 3038.96
16.0638 634.585 1224.95 1822.16 2444.29 3043.95
16.0638 635.585 1226.95 1825.15  2448.3 3048.95
16.0638 636.585 1228.96 1828.14  2452.3 3053.95
16.0638 637.617 1230.95 1831.14 2456.28 3058.95
16.0638 638.617 1232.96 1834.12 2460.28 3063.95
16.0638 639.617 1234.97 1837.12 2464.28 3068.95
16.0895 640.643 1236.97 1840.06 2468.28 3073.95
16.1154 641.673 1238.97 1843.06 2472.28 3078.89
16.1154  642.71 1240.97 1846.06 2476.28 3083.86
16.1154  643.71 1242.98 1849.05 2480.28 3088.86
16.1154 644.746 1244.98 1852.05 2484.28 3093.83
16.1154  645.78 1246.98 1855.02 2488.28 3098.83
16.1154 646.818 1248.98    1858 2492.28 3103.82
16.1412 647.818 1250.98    1861 2496.28 3108.79
16.1412 648.853 1252.98 1863.98 2500.27 3113.79
16.1412 649.889 1254.98 1866.98 2504.26 3118.76
16.1412 650.889 1256.98 1869.96 2508.26 3123.76
16.1412 651.889 1258.99 1872.95 2512.27 3128.76
16.1667 652.919 1260.99 1875.95 2516.27  3133.7
16.1667 653.955 1262.99 1878.92 2520.26  3138.7
16.1667 654.989 1264.99 1881.92 2524.26 3143.67
16.1667 655.989    1267 1884.92 2528.26 3148.67
16.1921 657.019    1269 1887.92 2532.26 3153.61
16.2175  658.05    1271 1890.92 2536.26 3158.56
16.2431  659.05    1273 1893.92 2540.26 3163.53
16.2683 660.074    1275 1896.92 2544.21 3168.53
16.2683  661.11    1277 1899.89  2548.2 3173.53
16.2939  662.11    1279 1902.88  2552.2 3178.52
16.2939 663.145    1281 1905.88 2556.19 3183.49
16.2939 664.179    1283 1908.85 2560.19 3188.49
16.2939 665.214    1285 1911.82 2564.18 3193.49
16.2939 666.245 1286.99 1914.82 2568.16 3198.49
16.2939 667.281 1288.99 1917.82 2572.15 3203.46
16.3192 668.281 1290.99 1920.82 2576.15 3208.44
16.3445 669.281 1292.99  1923.8 2580.15 3213.44
16.3445 670.316 1294.99 1926.77 2584.14 3218.44
16.3698 671.316 1296.99 1929.77 2588.13 3223.42
16.3698 672.347 1298.98 1932.77 2592.11 3228.42
16.3698 673.379 1300.98 1935.77 2596.09 3233.42
16.3698 674.416 1302.98 1938.75 2600.09  3238.4
16.3946 675.441 1304.98 1941.75 2604.04  3243.4
16.4198 676.441 1306.98 1944.75 2608.03 3248.38
16.4447 677.466 1308.98  1947.7 2612.03 3253.38
16.4447   678.5 1310.97 1950.67 2616.03 3258.38
16.4698   679.5 1312.97 1953.65 2620.03 3263.38
16.4949   680.5 1314.97 1956.62 2624.03 3268.38
16.4949   681.5 1316.98 1959.62 2628.03 3273.38
16.5197 682.525 1318.98 1962.57 2632.03 3278.38
16.5447 683.525 1320.98 1965.54 2636.03 3283.38
16.5447 684.562 1322.98 1968.52 2640.03 3288.36
16.5447 685.599 1324.98  1971.5 2644.03 3293.34
16.5447 686.633 1326.98  1974.5 2648.03  3298.3
16.5697 687.633 1328.98  1977.5 2652.03 3303.28
16.5946 688.633 1330.98  1980.5 2656.03 3308.25
16.5946 689.633 1332.99  1983.5 2660.04 3313.24
16.6193 690.658 1334.99  1986.5 2663.99 3318.24
16.6441 691.658 1336.98  1989.5 2667.97 3323.24
16.6441 692.691 1338.98 1992.47 2671.97 3328.24
 16.669 693.691 1340.98 1995.45 2675.97 3333.24
 16.669 694.727 1342.98 1998.43 2679.97 3338.22
16.6936 695.753 1344.98 2001.38 2683.97 3343.22
16.6936 696.753 1346.98 2004.37 2687.98 3348.22
16.7184 697.753 1348.98 2007.37 2691.98  3353.2
16.7432 698.753 1350.98 2010.35 2695.98  3358.2
16.7432 699.753 1352.99 2013.35 2699.98 3363.19
16.7432 700.753 1354.99 2016.34 2703.99 3368.18
16.7432 701.753    1357 2019.33 2707.99 3373.18
16.7679 702.753    1359 2022.32 2711.99 3378.17
16.7679 703.786    1361 2025.32 2715.99 3383.14
16.7925 704.786 1362.99 2028.32 2719.97 3388.14
16.8172 705.786 1364.99 2031.32 2723.97 3393.11
16.8172 706.822 1366.99  2034.3 2727.97 3398.09
16.8418 707.822 1368.99  2037.3 2731.97 3403.07
16.8664 708.822 1370.99  2040.3 2735.97 3408.05
16.8664 709.822    1373  2043.3 2739.97 3413.04
16.8911 710.822    1375 2046.29 2743.97 3418.03
16.9157 711.822    1377 2049.29 2747.97    3423
16.9401 712.851    1379 2052.29 2751.97 3427.95
16.9401 713.881 1380.99 2055.29 2755.95 3432.95
16.9401 714.915 1382.99 2058.29 2759.94 3437.92
16.9646 715.915 1384.99 2061.27 2763.94 3442.92
16.9889 716.939 1386.99 2064.27 2767.89 3447.92
17.0133 717.968 1388.99 2067.27 2771.89 3452.87
17.0377 718.996 1390.99 2070.27 2775.89 3457.82
17.0622 719.996 1392.99 2073.25 2779.89  3462.8
17.0867 720.996 1394.99 2076.23 2783.89  3467.8
17.0867 722.032 1396.99 2079.21 2787.89 3472.79
17.1111 723.061 1398.99 2082.21 2791.89 3477.73
17.1111 724.061 1400.99  2085.2  2795.9 3482.73
17.1354 725.089 1402.99  2088.2  2799.9 3487.68
17.1354 726.122 1404.99  2091.2  2803.9 3492.65
17.1598 727.122 1406.99 2094.18  2807.9 3497.65
17.1842 728.122 1408.99 2097.18  2811.9 3502.62
17.1842 729.155 1410.99 2100.18  2815.9 3507.59
17.2086 730.155 1412.99 2103.18  2819.9 3512.57
17.2327 731.178 1414.99 2106.18 2823.85 3517.57
17.2327 732.178    1417 2109.18 2827.86 3522.56
17.2327  733.21 1418.99 2112.15 2831.86 3527.56
17.2327 734.244 1420.99 2115.15 2835.85 3532.53
17.2327 735.277 1422.99 2118.15 2839.85  3537.5
17.2327 736.312 1424.99 2121.14 2843.85 3542.48
17.2327 737.346 1426.99 2124.14 2847.84 3547.45
17.2327 738.377 1428.99 2127.11 2851.84 3552.45
17.2568 739.377 1430.99 2130.09 2855.84 3557.45
17.2807 740.402 1432.99 2133.04 2859.84 3562.45
17.2807 741.436 1434.99 2136.04 2863.83 3567.43
17.3048 742.436 1436.99 2139.04 2867.83  3572.4
17.3289 743.436 1438.99 2142.02 2871.83  3577.4
17.3529 744.464 1440.99 2145.02 2875.83 3582.35
17.3529 745.493 1442.98 2148.02 2879.81 3587.35
17.3529 746.529 1444.98    2151 2883.81 3592.33
17.3764 747.543 1446.94    2154 2887.81 3597.33
17.4002 748.566 1448.94    2157 2891.76 3602.33
 17.424 749.589 1450.94    2160 2895.71 3607.33
 17.424 750.589 1452.95 2162.99 2899.71 3612.33
 17.448 751.589 1454.95 2165.97 2903.71 3617.33
17.4721 752.589 1456.95 2168.95 2907.71 3622.32
17.4721 753.623 1458.95 2171.95 2911.71 3627.29
17.4721 754.652 1460.95 2174.95 2915.68 3632.29
17.4721 755.652 1462.95 2177.95 2919.69 3637.29
17.4721 756.681 1464.94 2180.95 2923.67 3642.29
 17.496 757.681 1466.94 2183.93 2927.67 3647.28
17.5198 758.681 1468.93 2186.93 2931.65 3652.28
17.5198 759.711 1470.93 2189.93 2935.63 3657.28
17.5198 760.711 1472.93 2192.93 2939.63 3662.27
17.5198  761.74 1474.93 2195.93 2943.61 3667.27
17.5198  762.74 1476.93 2198.93 2947.62 3672.26
17.5435  763.74 1478.93 2201.93 2951.62 3677.24
17.5435  764.74 1480.94 2204.92 2955.62 3682.24
17.5673  765.74 1482.94 2207.91 2959.62 3687.23
17.5911  766.74 1484.94 2210.89 2963.62 3692.22
17.6146 767.764 1486.94 2213.85 2967.62 3697.22
 17.638 768.787 1488.94 2216.85 2971.57 3702.22
17.6617 769.787 1490.94 2219.82 2975.57 3707.22
17.6617 770.819 1492.94 2222.82 2979.57 3712.19
17.6854 771.819 1494.94 2225.82 2983.57 3717.16
17.6854 772.852 1496.94 2228.82 2987.57 3722.14
17.6854 773.886 1498.94 2231.81 2991.57 3727.12
17.6854 774.919 1500.94 2234.81 2995.56 3732.09
17.6854  775.95 1502.93 2237.78 2999.56 3737.09
17.7087 776.974 1504.93 2240.73 3003.56 3742.09
17.7087 778.005 1506.93  2243.7 3007.56 3747.09
17.7323 779.005 1508.93  2246.7 3011.56 3752.07
17.7555 780.027 1510.93  2249.7 3015.51 3757.07
17.7791 781.027 1512.93  2252.7 3019.51 3762.05
17.7791 782.027 1514.94  2255.7 3023.51 3767.04
17.8021 783.041  1516.9  2258.7 3027.51 3772.04
17.8256 784.041  1518.9 2261.69 3031.51 3777.04
17.8256 785.071  1520.9 2264.66 3035.51 3782.04
17.8256 786.106  1522.9 2267.64 3039.51 3787.02
 17.849 787.106  1524.9 2270.62 3043.51 3792.02
17.8724 788.106  1526.9  2273.6 3047.51 3797.02
17.8724 789.106  1528.9 2276.59 3051.52 3802.02
17.8956 790.128  1530.9 2279.59 3055.47 3807.02
17.9189 791.128 1532.89 2282.59 3059.45 3812.02
17.9421 792.151 1534.89 2285.59 3063.41 3817.02
17.9421 793.183 1536.89 2288.57  3067.4 3822.02
17.9421 794.215 1538.89 2291.55 3071.39 3827.02
17.9421 795.247 1540.89 2294.52 3075.38 3832.02
17.9421 796.279 1542.89 2297.52 3079.37 3836.99
17.9421 797.311 1544.89  2300.5 3083.36 3841.99
17.9421 798.345 1546.89 2303.49 3087.36 3846.98
17.9421 799.345  1548.9 2306.49 3091.37 3851.96
17.9421 800.377  1550.9 2309.46 3095.36 3856.96
17.9652 801.377  1552.9 2312.44 3099.35 3861.96
17.9882   802.4  1554.9  2315.4 3103.35 3866.96
18.0114   803.4  1556.9 2318.38 3107.35 3871.95
18.0343 804.424  1558.9 2321.34 3111.35 3876.95
18.0343 805.456  1560.9 2324.32 3115.34 3881.95
18.0343 806.484 1562.89 2327.32 3119.32 3886.95
 18.057 807.498 1564.85 2330.32 3123.32 3891.95
 18.057 808.529 1566.85 2333.32 3127.32 3896.92
 18.057 809.529 1568.86 2336.32 3131.33 3901.91
 18.057 810.557 1570.85 2339.32  3135.3 3906.91
18.0801 811.557 1572.85  2342.3  3139.3  3911.9
18.1031 812.557 1574.85  2345.3  3143.3 3916.88
18.1031 813.586 1576.85  2348.3 3147.28 3921.88
18.1031 814.586 1578.85  2351.3 3151.29 3926.88
18.1258 815.609 1580.85 2354.25 3155.29 3931.88
18.1485 816.632 1582.85  2357.2 3159.29 3936.88
18.1715 817.632 1584.85 2360.18 3163.29 3941.88
18.1942 818.655 1586.85 2363.18 3167.24 3946.88
18.2172 819.655 1588.85 2366.17 3171.24 3951.87
18.2172 820.683 1590.84 2369.17 3175.22 3956.87
18.2172 821.714 1592.84 2372.15 3179.21 3961.87
  18.24 822.714 1594.83 2375.15 3183.19 3966.87
  18.24 823.714 1596.84 2378.14  3187.2 3971.87
18.2627 824.737 1598.84 2381.14 3191.15 3976.87
18.2627 825.767 1600.84 2384.11 3195.15 3981.87
18.2627 826.798 1602.84 2387.11 3199.15 3986.84
18.2852 827.821 1604.84 2390.11  3203.1 3991.84
18.3078 828.844 1606.84 2393.07  3207.1 3996.84
18.3306 829.844 1608.84 2396.04  3211.1 4001.84
18.3306 830.872 1610.83 2399.04 3215.08 4006.84
18.3534 831.872 1612.83 2402.04 3219.08 4011.82
18.3534 832.905 1614.83 2405.03 3223.08  4016.8
18.3761 833.905 1616.83 2408.03 3227.06  4021.8
18.3761 834.937 1618.83 2411.03 3231.06 4026.78
18.3987 835.964 1620.83 2414.03 3235.06 4031.73
18.3987 836.993 1622.82    2417 3239.06 4036.73
18.4213 837.993 1624.82    2420 3243.06 4041.71
 18.444 838.993 1626.82    2423 3247.05 4046.69
18.4666  840.02 1628.82    2426 3251.05 4051.64
18.4892 841.046 1630.82    2429 3255.05 4056.59
18.5118 842.046 1632.82    2432 3259.03 4061.59
18.5345 843.046 1634.82 2434.98 3263.03 4066.59
18.5345 844.046 1636.83 2437.98 3267.03 4071.59
18.5571 845.046 1638.83 2440.98 3271.03 4076.56
18.5571 846.077 1640.83 2443.95 3275.02 4081.56
18.5571 847.077 1642.84 2446.95 3279.02 4086.56
18.5571  848.11 1644.84 2449.93 3283.02 4091.54
18.5571  849.11 1646.84 2452.92 3287.03 4096.54
18.5571 850.141 1648.84 2455.92 3291.03 4101.51
18.5796 851.141 1650.84  2458.9 3295.03 4106.51
18.5796 852.141 1652.84 2461.89 3299.03 4111.51
18.5796 853.171 1654.84 2464.89 3303.03 4116.48
18.6021 854.171 1656.84 2467.89 3307.03 4121.46
18.6245 855.197 1658.84 2470.89 3311.03 4126.41
18.6245 856.197 1660.85 2473.88 3315.04 4131.41
18.6245 857.228 1662.85 2476.86 3319.03 4136.41
18.6245 858.259 1664.85 2479.84 3323.02 4141.41
18.6469 859.259 1666.85 2482.84 3327.01 4146.39
18.6691 860.285 1668.85 2485.84 3331.01 4151.34
18.6915 861.285 1670.85 2488.84 3335.01 4156.32
18.7135 862.298 1672.82 2491.84 3339.01 4161.32
18.7135 863.327 1674.81 2494.81 3343.01 4166.32
18.7135 864.327 1676.81 2497.81 3347.02 4171.32
18.7358 865.327 1678.81 2500.78 3351.02 4176.32
18.7358 866.327 1680.82 2503.77 3355.03 4181.32
18.7581 867.327 1682.82 2506.75 3359.02 4186.32
18.7581 868.327 1684.82 2509.75 3363.03 4191.32
18.7804 869.327 1686.82 2512.75 3367.03  4196.3
18.7804 870.354 1688.81 2515.75 3371.01  4201.3
18.7804 871.387 1690.81 2518.73 3375.01 4206.28
18.7804 872.417 1692.81 2521.73 3379.01 4211.25
18.7804 873.417 1694.82 2524.72 3383.01 4216.25
18.8026 874.417 1696.82 2527.72 3387.01 4221.23
18.8248 875.417 1698.82 2530.72 3391.01 4226.21
 18.847 876.417 1700.82 2533.71 3395.01  4231.2
 18.847 877.447 1702.82 2536.69    3399  4236.2
18.8692 878.447 1704.82 2539.67    3403 4241.19
18.8914 879.447 1706.82 2542.67    3407 4246.17
18.8914 880.447 1708.82 2545.67    3411 4251.16
18.9131  881.46 1710.79 2548.67    3415 4256.16
18.9352  882.46 1712.79 2551.65    3419 4261.16
18.9352  883.46 1714.79 2554.65 3423.01 4266.15
18.9352  884.49 1716.79 2557.65    3427 4271.13
18.9573  885.49 1718.79 2560.65    3431  4276.1
18.9573 886.522 1720.79 2563.64    3435 4281.09
18.9573 887.522  1722.8 2566.64 3439.01 4286.08
18.9573 888.552  1724.8 2569.64 3443.01 4291.05
18.9573 889.584  1726.8 2572.62 3447.01 4296.03
18.9792 890.584  1728.8  2575.6 3451.01 4301.03
18.9792 891.613  1730.8  2578.6 3455.01 4306.01
 19.001 892.635  1732.8 2581.56 3459.01 4311.01
19.0229 893.635  1734.8 2584.54    3463 4316.01
19.0229 894.635  1736.8 2587.53 3467.01    4321
19.0229 895.667  1738.8 2590.52 3471.01 4325.99
19.0448 896.667  1740.8 2593.52 3475.01 4330.96
19.0448 897.697  1742.8 2596.52 3479.01 4335.94
19.0663 898.709 1744.76 2599.52 3483.01 4340.94
19.0663 899.739 1746.76 2602.52 3487.01 4345.91
19.0881 900.739 1748.76 2605.52 3490.99 4350.91
19.0881 901.739 1750.76 2608.51    3495 4355.91
19.0881 902.769 1752.76 2611.51    3499 4360.88
19.1095 903.781 1754.72 2614.51    3503 4365.88
19.1095 904.813 1756.72 2617.49    3507 4370.87
19.1313 905.813 1758.72 2620.49 3510.99 4375.85
19.1313 906.813 1760.73 2623.48    3515 4380.85
 19.153 907.813 1762.73 2626.46    3519 4385.85
19.1747 908.813 1764.73 2629.46    3523 4390.83
19.1963 909.838 1766.73 2632.46    3527 4395.78
19.1963  910.87 1768.73 2635.45    3531 4400.76
19.1963   911.9 1770.73 2638.42 3534.99 4405.76
19.1963   912.9 1772.73 2641.42 3538.99 4410.75
19.1963 913.931 1774.73 2644.41 3542.99 4415.74
19.2178 914.952 1776.73 2647.41 3546.95 4420.74
19.2394 915.952 1778.73 2650.39 3550.95 4425.74
19.2609 916.977 1780.73 2653.39 3554.95 4430.69
19.2609 918.007 1782.73 2656.39 3558.94 4435.67
19.2609 919.007 1784.74 2659.39 3562.95 4440.66
19.2609 920.007 1786.74 2662.38 3566.95 4445.66
19.2823 921.028 1788.74 2665.38 3570.91 4450.66
19.3039 922.028 1790.74 2668.36 3574.91 4455.66
19.3039 923.057 1792.74 2671.36 3578.91 4460.63
19.3039 924.088 1794.74 2674.34 3582.91 4465.61
19.3254 925.088 1796.74 2677.34 3586.91 4470.59
19.3468  926.11 1798.74  2680.3 3590.91 4475.59
19.3468 927.138 1800.74 2683.28 3594.91 4480.59
19.3468 928.167 1802.74 2686.26  3598.9 4485.59
19.3682 929.167 1804.74 2689.24  3602.9 4490.59
19.3682 930.195 1806.74 2692.21  3606.9 4495.59
19.3682 931.222 1808.73 2695.21 3610.88 4500.59
19.3682 932.222 1810.74  2698.2 3614.88 4505.59
19.3682 933.251 1812.73  2701.2 3618.88 4510.56
19.3894 934.271 1814.73  2704.2 3622.84 4515.56
19.3894 935.271 1816.73 2707.19 3626.85 4520.56
19.3894 936.271 1818.74 2710.19 3630.85 4525.55
19.3894 937.303 1820.74 2713.18 3634.85 4530.54
19.4107 938.303 1822.74 2716.18 3638.85 4535.51
19.4107 939.334 1824.74 2719.16 3642.85  4540.5
19.4107 940.334 1826.75 2722.16 3646.85  4545.5
 19.432 941.334 1828.75 2725.16 3650.85 4550.48
19.4531 942.358 1830.75 2728.16 3654.85 4555.43
19.4531 943.358 1832.75 2731.15 3658.86 4560.43
19.4531 944.388 1834.75 2734.13 3662.85 4565.43
19.4531 945.388 1836.75 2737.13 3666.86 4570.42
 19.474   946.4 1838.72 2740.13 3670.86 4575.42
19.4951   947.4 1840.72 2743.13 3674.84 4580.42
19.4951   948.4 1842.72 2746.13 3678.84 4585.41
19.4951   949.4 1844.73 2749.12 3682.85 4590.41
19.5159 950.412  1846.7 2752.12 3686.85 4595.41
19.5371 951.412  1848.7 2755.11 3690.85  4600.4
19.5371 952.438 1850.69 2758.11 3694.83  4605.4
19.5582 953.438 1852.69 2761.09 3698.82  4610.4
19.5793 954.438 1854.69 2764.09 3702.82 4615.38
19.6005 955.438 1856.69 2767.08 3706.82 4620.37
19.6005 956.438 1858.69 2770.07 3710.83 4625.37
19.6216 957.438 1860.69 2773.05 3714.83 4630.37
19.6426 958.438 1862.69 2776.05 3718.81 4635.37
19.6637 959.438 1864.69 2779.03 3722.81 4640.37
19.6848 960.438 1866.69 2782.03 3726.81 4645.36
19.6848 961.438 1868.69 2785.02 3730.81 4650.36
19.7059 962.438 1870.69 2788.02 3734.81 4655.34
 19.727 963.438 1872.69 2790.99 3738.81 4660.34
19.7481 964.438 1874.69 2793.98 3742.81 4665.33
19.7481 965.465 1876.69 2796.96 3746.81 4670.33
19.7481 966.496 1878.69 2799.94 3750.81 4675.31
19.7691 967.496 1880.69 2802.93  3754.8 4680.31
19.7691 968.524 1882.69 2805.91  3758.8 4685.31
19.7898 969.536 1884.66 2808.91  3762.8 4690.31
19.7898 970.565 1886.66 2811.91  3766.8 4695.29
19.7898 971.565 1888.66  2814.9 3770.81 4700.28
19.8104 972.577 1890.62  2817.9 3774.81 4705.28
19.8104 973.577 1892.63 2820.89 3778.81 4710.28
19.8104 974.605 1894.63 2823.89 3782.81 4715.26
19.8104 975.635 1896.63 2826.88 3786.81 4720.24
19.8311 976.656 1898.63 2829.84 3790.81 4725.24
19.8519  977.68 1900.63 2832.84 3794.81 4730.19
19.8519 978.708 1902.63 2835.84 3798.81 4735.17
19.8726 979.728 1904.63 2838.84 3802.76 4740.17
19.8726 980.755 1906.63 2841.81 3806.76 4745.17
19.8934 981.755 1908.62 2844.81 3810.75 4750.17
19.8934 982.755 1910.62 2847.81 3814.76 4755.17
19.9143 983.755 1912.62 2850.81 3818.75 4760.15
19.9143 984.782 1914.62 2853.78 3822.75 4765.15
19.9351 985.782 1916.62 2856.76 3826.75 4770.15
19.9351 986.782 1918.62 2859.75 3830.76 4775.15
19.9351  987.81 1920.62 2862.75 3834.76 4780.12
19.9351 988.839 1922.62 2865.75 3838.75  4785.1
19.9558 989.839 1924.62 2868.73 3842.75  4790.1
19.9764 990.859 1926.62 2871.69 3846.75  4795.1
 19.997 991.883 1928.62 2874.69 3850.75 4800.06
 19.997 992.913 1930.62 2877.68 3854.75 4805.04
 19.997 993.941 1932.62 2880.68 3858.75 4810.01
20.0177 994.941 1934.61 2883.68 3862.74 4815.01
20.0384 995.941 1936.61 2886.68 3866.74 4819.99
20.0591 996.941 1938.61 2889.66 3870.73 4824.99
20.0796 997.962 1940.61 2892.62 3874.73 4829.99
20.1003 998.962 1942.62 2895.62 3878.73 4834.97
20.1003 999.962 1944.62 2898.62 3882.74 4839.96
20.1206 1000.97 1946.59 2901.62 3886.74 4844.96
20.1206 1001.97 1948.59 2904.61 3890.75 4849.96
20.1206 1002.97 1950.59  2907.6 3894.75 4854.96
20.1206    1004 1952.59  2910.6 3898.73 4859.96
20.1412    1005 1954.58  2913.6 3902.72 4864.96
20.1618    1006 1956.58  2916.6  3906.7 4869.96
20.1823    1007 1958.57  2919.6 3910.68 4874.96
20.1823 1008.03 1960.57 2922.58 3914.68 4879.96
20.2028 1009.05 1962.57 2925.58 3918.68 4884.92
20.2028 1010.08 1964.57 2928.58 3922.67 4889.89
20.2232  1011.1 1966.57 2931.54 3926.67 4894.89
20.2232 1012.12 1968.57 2934.54 3930.65 4899.89
20.2438 1013.12 1970.57 2937.54 3934.65 4904.88
20.2438 1014.15 1972.56 2940.54 3938.63 4909.88
20.2438 1015.18 1974.56 2943.52 3942.62 4914.88
20.2643 1016.18 1976.56 2946.52  3946.6 4919.88
20.2848 1017.18 1978.56 2949.52  3950.6 4924.86
20.2848 1018.18 1980.56 2952.51 3954.61 4929.86
20.2848  1019.2 1982.55 2955.49 3958.61 4934.86
20.2848 1020.23 1984.55 2958.49 3962.59 4939.86
20.2848 1021.26 1986.55 2961.48 3966.59 4944.84
20.2848 1022.26 1988.55 2964.47  3970.6 4949.84
20.3052 1023.26 1990.55 2967.46  3974.6 4954.83
20.3255 1024.28 1992.55 2970.46  3978.6 4959.79
20.3255 1025.28 1994.55 2973.45 3982.61 4964.78
20.3459 1026.28 1996.54 2976.45 3986.59 4969.78
20.3459 1027.31 1998.54 2979.44 3990.59 4974.77
20.3459 1028.31 2000.54 2982.43  3994.6 4979.77