2.66667 2.66667       3       4 2.66667       6
2.66667 5.01961       5       7 5.01961 11.2941
2.66667 6.01961       7  10.603 7.60329 17.1074
 3.5433 7.01961       9  13.603 10.1028 22.7313
 3.5433 8.44141 10.8229 16.3583 14.1028 27.7313
4.22242 10.0593 12.8229 19.3583 16.8058 32.7313
4.22242 11.7472 14.8229 22.3583 19.6257 38.2234
4.83465 12.7472 16.8229 25.3583 22.4713 43.7656
5.25622 13.8587 18.2898 28.3583 26.4713 48.7656
5.25622  15.229 20.0982 31.3583 30.4713 53.5871
5.72239  16.229 22.0982 34.1395 34.4713 58.3397
5.72239  17.229 24.2136 37.1395 37.7712 63.9244
5.72239  18.229 26.1464  40.104 41.7712 69.0271
 6.1194  19.229 27.9604  43.104 45.7712 73.8161
 6.1194 20.6769 30.0658  46.104 49.2178 78.8161
 6.1194 21.9579 31.9285 48.9604 53.2178 83.8161
6.42534 23.0557 33.5247 51.9604 57.2178 88.8161
6.42534 24.4739 35.5869 54.9604 60.7374 93.8161
6.42534 25.7453 37.5869 57.8154 64.7374 98.6896
6.42534 27.1341 39.5869 60.9343 68.2297  103.69
6.69733 28.2828 41.5869 63.5137 72.2297  108.69
6.69733 29.2828 43.6976 66.7372 75.8955  113.69
7.01128 30.2828 45.6976 69.8656 79.4532  118.69
7.32958 31.2828 47.7722 72.8656 83.0603  123.69
7.32958 32.5171 49.6572 75.8656 87.0603  128.57
7.63093 33.5171 51.6572 78.9848 90.6397  133.57
7.92045 34.7888 53.6572 81.9848 94.0786  138.57
7.92045 35.7888  55.614 84.9746 98.0786 143.624
7.92045  37.007  57.614 87.8672 102.079 148.513
7.92045 38.3115  59.614 90.9645 105.677 153.513
8.18115 39.5725  61.614 93.9645 109.155 158.513
8.43094 40.5725 63.4952 96.8335 113.155 163.513
8.65577 41.6545 65.1885 99.8335 117.155 168.513
8.92045 42.6545 67.1885 102.833 120.738 173.666
9.17048 43.6545 69.1885 105.716 124.738 178.533
9.17048 44.8527 71.1885 108.617 128.738 183.433
9.17048 45.8527  73.265 111.786 132.493 188.433
9.17048 47.0441 75.1688  114.69 136.493 193.433
9.38511 48.1452 77.1688 117.375 140.493 198.433
 9.6051 49.2738 79.1688 120.375 144.493 203.085
 9.8251 50.4023 81.1688 123.375 148.493 207.736
 9.8251 51.5885  83.079 126.278 152.493 212.736
 9.8251 52.5885  85.079 129.361 156.216  217.93
10.0599 53.5885 87.1118 132.361 159.948  222.93
10.0599 54.5885 89.1781 135.501 163.742  227.93
10.0599 55.7638 91.1781 138.418 167.742 232.838
10.0599 57.0043 93.2063 141.418 171.474 237.838
10.2529  58.098 95.2063 144.132 175.474 242.838
10.4589  59.098 97.1198 147.132 179.474 247.718
10.4589 60.2684 99.0433 150.132 183.474 252.624
10.4589 61.4399 101.043  153.05 187.474 257.535
10.4589 62.6627 103.043 156.096 191.205 262.535
10.4589  63.831 104.964 159.006 195.205 267.535
10.4589 65.0585 106.983 162.006 198.959 272.535
10.6308  66.128 108.742 165.006 202.959 277.535
10.8028 67.1974   110.5 168.006 206.959 282.535
10.8028 68.3655   112.5 170.927 210.959 287.446
10.8028 69.5802   114.5 173.964 214.707 292.446
10.9921 70.5802   116.5 177.012 218.469 297.446
10.9921 71.5802 118.527 180.012 222.269  302.62
10.9921 72.7887 120.527 183.051 226.022  307.62
11.1674 73.7887 122.527  185.97 230.022 312.525
11.1674 75.0002 124.538  188.97 233.798 317.525
11.3399 76.0002 126.538 191.891 237.798 322.432
11.5143  77.169 128.538 194.891 241.455 327.432
11.5143 78.3269 130.467 197.891 245.455 332.346
11.6844 79.3269 132.467 200.813 249.455 337.253
11.6844 80.4805 134.393 203.733 253.455 342.253
11.8391 81.5462 136.173 206.733 257.455 347.253
12.0065 82.5462 138.173 209.656 261.455 352.163
12.0065 83.5462 140.173 212.712 265.266 357.296
12.0065 84.5462 142.147 215.707 269.266 362.327
12.1688 85.5462 144.068 218.623 273.266 367.327
12.3198 86.6076 145.856 221.623 277.266 372.327
12.4735 87.6883 147.856 224.389 281.266 377.327
 12.642 88.6883 149.856  227.42 285.066 382.327
12.8093 89.6883 151.856  230.42 288.839 387.387
12.8093 90.8666 153.856 233.447 292.634 392.387
12.9698 91.8666 155.856 236.372 296.634 397.302
13.1218 92.9436 157.856 239.143 300.634 402.302
13.1218 94.1234  159.86 242.143  304.45 407.302
13.2748  95.221  161.86 245.143  308.45 412.052
13.2748  96.221 163.896 248.226  312.33 417.052
13.2748  97.221 165.914 251.226 316.176 422.187
13.4338  98.221 167.914 254.226 319.962 427.243
13.5927  99.221 169.914 257.226 323.748 432.298
 13.737 100.274 171.717 260.226 327.748 437.298
13.8914 101.274 173.647 263.226 331.748 442.213
14.0409 102.364 175.647 266.226 335.748 446.974
14.1954 103.364 177.647 269.155 339.748  451.89
14.3549 104.364 179.647 272.179 343.565  456.89
14.3549 105.364  181.68 275.258 347.452  461.89
14.5077 106.364  183.68 278.189 351.452 466.807
14.6612  107.49  185.68 281.189 355.173 471.807
14.8148 108.616  187.68 284.189 358.893 476.807
14.9577 109.663  189.49 287.189 362.893 481.807
14.9577 110.823 191.493 290.189  366.73 486.807
15.0991 111.871 193.304 293.189  370.73 491.807
15.0991 112.992 195.242 296.129  374.73 496.807
15.0991 113.992 197.271 299.206 378.624 501.807
15.2509 114.992 199.271 302.206 382.429 506.851
15.2509 115.992   201.3 305.283 386.323 511.851
15.3931 117.075   203.3 308.283 390.323 516.626
15.3931 118.075 205.314 311.283  394.19 521.745
15.5419 119.075 207.314 314.283     398 526.787
15.5419 120.075 209.292 317.281     402 531.811
15.5419  121.19 211.292 320.227     406  536.75
15.5419 122.305 213.292 323.173     410 541.688
15.6837 123.421 215.292 326.173 413.741 546.688
15.6837 124.565 217.292 329.196 417.575 551.688
15.6837  125.68 219.237 332.196 421.575 556.628
15.6837 126.794  221.18  335.14 425.575 561.628
15.6837 127.932  223.18  338.14 429.396 566.669
15.6837 128.932 225.194  341.14  433.27 571.782
15.6837 129.932 227.207  344.14 437.144 576.894
15.8215 130.932 229.207 347.162 440.983 581.894
15.8215 131.932 231.235 350.233 444.884 586.894
15.8215 132.932 233.214 353.231 448.884 591.918
15.8215 133.932 235.228 356.231  452.76 597.028
15.8215 134.932 237.241 359.231 456.636 602.139
15.8215  136.04 239.189 362.231 460.636 607.083
  15.95  137.04 241.189 365.173 464.636 612.013
16.0826  138.04 243.194 368.173 468.498 617.013
16.2146  139.04 245.194 371.195 472.344 622.013
16.2146 140.145 247.143 374.195 476.344 626.958
16.3427 141.253 249.143 377.195 480.108 631.958
16.3427 142.388 251.147 380.195 483.969 636.958
16.3427 143.493 253.094 383.143 487.969 641.958
16.3427 144.493 255.075 386.141 491.969 646.981
16.4712 145.493 257.079 389.141 495.836 651.981
16.5907 146.549 259.079 391.965 499.836 656.981
16.5907 147.549 261.092 394.965 503.719 662.085
16.5907 148.651 263.092 397.916 507.719 667.031
16.5907 149.753 265.042 400.865 511.719 672.031
16.5907  150.88 267.042 403.883 515.572 677.031
16.5907 151.983 269.042 406.834 519.572 681.978
16.7144 152.983 271.047 409.834 523.444 686.978
16.8375 153.983 273.047 412.854 527.301 691.978
16.8375 155.084 275.047 415.806 531.301 696.925
16.8375 156.084 277.047 418.841 535.179 702.012
16.9498 157.124 278.894 421.841 539.179 707.012
16.9498 158.224 280.846 424.841 543.179 711.961
16.9498 159.323 282.796 427.792 547.179 716.961
17.0694 160.323 284.796 430.811 551.041 721.961
17.0694 161.323 286.807 433.811 554.932 727.059
17.0694 162.421  288.76 436.811 558.932 732.008
17.1845 163.421  290.76 439.757 562.932 736.946
17.1845 164.421  292.77 442.757 566.825 742.042
17.2946 165.474  294.77 445.594 570.825 747.042
17.2946  166.59  296.77 448.594 574.673 752.079
17.2946  167.59 298.794 451.652 578.591 757.079
17.2946  168.59 300.805 454.652 582.485 762.174
17.4072 169.687 302.805 457.652 586.275 767.174
17.4072 170.782 304.805 460.606 590.275 772.125
17.5186 171.782 306.805 463.553 594.275 777.066
17.5186 172.782 308.816 466.553 598.171  782.16
17.6323 173.782  310.82 469.553 602.053  787.16
17.6323 174.782  312.82 472.585 605.939 792.241
17.6323 175.874 314.775 475.538 609.939 797.241
17.6323 176.874 316.785 478.538 613.836 802.334
17.7409 177.874 318.785 481.486 617.836 807.277
17.8524 178.874  320.79 484.486  621.72 812.277
17.9559 179.911 322.649 487.486  625.72 817.277
17.9559 181.002 324.605 490.486  629.72 822.231
17.9559 182.118 326.606 493.486 633.603 827.231
18.0661 183.118  328.61 496.486 637.489 832.231
18.1734 184.118  330.61 499.435 641.489 837.175
18.1734 185.118  332.62 502.435 645.389 842.265
18.1734 186.232 334.621 505.435 649.273 847.265
18.1734 187.232 336.644  508.49 653.197 852.265
18.1734 188.345 338.646  511.49 657.082 857.265
18.2734 189.382 340.509  514.49 661.082 862.265
18.3746 190.431 342.509  517.34 665.082 867.265
18.4746 191.467 344.373  520.34 669.082 872.265
 18.577 192.528 346.373  523.34 673.082 877.101
18.6836 193.528 348.373  526.34 676.943 882.133
18.6836 194.528 350.382  529.34 680.847  887.22
18.6836 195.615 352.339 532.296 684.847  892.22
18.6836 196.615 354.359 535.348 688.774  897.22
18.6836 197.615 356.342 538.344 692.774 902.241
18.6836 198.615 358.351 541.344 696.679 907.327
18.6836   199.7 360.351 544.302 700.679 912.284
18.7848   200.7 362.302 547.249 704.679 917.284
18.7848   201.7 364.322 550.301 708.608 922.284
18.7848 202.784 366.322 553.259 712.608 927.242
18.8853  203.87 368.322 556.259 716.422 932.242
18.9877  204.87 370.322 559.273 720.305 937.242
18.9877  205.97 372.322 562.273 724.173 942.274
18.9877 207.077 374.323 565.273 728.065 947.274
19.0868 208.077 376.323 568.226 732.065 952.222
19.0868 209.077 378.344 571.276 735.994 957.222
19.1855 210.077 380.344  574.23 739.994  962.17
19.1855 211.182 382.345  577.23 743.888  967.17
19.2805 212.228 384.345 580.089 747.888  972.17
19.2805 213.326 386.345 583.089 751.758 977.201
19.3785  214.41 388.345 586.089 755.577 982.201
19.4761  215.41 390.301 589.089 759.577 987.148
19.4761 216.508 392.301 592.089 763.448 992.179
19.4761  217.61 394.301 595.102 767.333 997.179
19.5743  218.61 396.301 598.102 771.204 1002.21
19.5743  219.61 398.321  601.15 775.135 1007.21
19.6708 220.692 400.321  604.15 778.956 1012.21
19.7668 221.692 402.275   607.1 782.956 1017.21
19.7668 222.773 404.236   610.1 786.956 1022.17
19.7668 223.869 406.236   613.1 790.829  1027.2
19.7668 224.869 408.236 616.126 794.733 1032.27
19.7668 225.869 410.256 619.174 798.665 1037.27
19.8627 226.869 412.256 622.174 802.538  1042.3
19.9586 227.869 414.256 625.174 806.412 1047.33
20.0532  228.95 416.256 628.174 810.236 1052.33
20.0532 230.029 418.256 631.135 814.236 1057.29
20.1471 231.029 420.213 634.135 818.236 1062.24
20.2429 232.029 422.213  637.15 822.126 1067.24
20.2429 233.107 424.213 640.111 826.126  1072.2
20.2429 234.207 426.215 643.111 830.024  1077.2
20.3321  235.24 428.094 646.111 834.024  1082.2
20.3321 236.317 430.055 649.072 838.024  1087.2
20.4268 237.317 432.058 652.072 841.927  1092.2
20.4268  238.41 434.058 655.072 845.804 1097.23
20.5152 239.443 435.937 658.072 849.804 1102.23
20.5152 240.443 437.945 661.072 853.719 1107.31
20.5152 241.535 439.945 664.072 857.597 1112.34
20.6064 242.535 441.901 667.024 861.597 1117.34
20.6978 243.535 443.901 669.981 865.597 1122.29
20.6978 244.535 445.909 672.981 869.512 1127.37
20.6978 245.535 447.917 675.981 873.428 1132.44
20.6978 246.611 449.917 678.943 877.428  1137.4
20.7879 247.611 451.917 681.899 881.428 1142.36
20.8754 248.653 453.917  684.77 885.428 1147.36
20.8754 249.728 455.881 687.731 889.428 1152.36
20.8754 250.804 457.843 690.731 893.428 1157.32
20.9647 251.804 459.802 693.731 897.428 1162.27
20.9647 252.804  461.81 696.731 901.346 1167.34
20.9647 253.893  463.81 699.731 905.228 1172.37
20.9647 254.967 465.773 702.731 909.228 1177.34
20.9647 255.967 467.773 705.754  913.14  1182.4
  21.05 257.009 469.773 708.627  917.14  1187.4
21.1345  258.04 471.658 711.627  921.14  1192.4
21.1345  259.04 473.658  714.65 925.053 1197.47
21.1345 260.132 475.658 717.661  928.95 1202.47
21.1345 261.219 477.658 720.661 932.834 1207.49
21.1345 262.293 479.621 723.623 936.834 1212.49
21.1345 263.367 481.585 726.586 940.834 1217.49
21.2172 264.398 483.471 729.586 944.834 1222.49
21.3017  265.45 485.471 732.586 948.834 1227.36
21.3877  266.45 487.471 735.544 952.834 1232.31
21.4736  267.45 489.429   738.5 956.834 1237.31
21.5614  268.45  491.43   741.5 960.746 1242.31
21.6458 269.501  493.43   744.5 964.746 1247.18
21.6458 270.501 495.446 747.542 968.688 1252.18
21.7327 271.501 497.446 750.542 972.575  1257.2
 21.816 272.542 499.446 753.418 976.575  1262.2
 21.816 273.614 501.411 756.381 980.575  1267.2
 21.816 274.614 503.396 759.377 984.575 1272.22
 21.816 275.614 505.396 762.398 988.493 1277.28
21.9006 276.614 507.396 765.357 992.493 1282.24
21.9852 277.614 509.356 768.312 996.493 1287.24
22.0699 278.614 511.356 771.271 1000.49  1292.2
22.1545 279.614 513.316 774.227 1004.49  1297.2
22.1545 280.614 515.331 777.267 1008.44  1302.2
22.1545 281.684 517.297 780.231 1012.44  1307.2
22.2401 282.684 519.297 783.231 1016.35  1312.2
22.3241 283.684 521.297  786.19 1020.35 1317.15
22.3241 284.754 523.262 789.155 1024.35 1322.15
22.4048 285.783 525.153 792.155 1028.35 1327.15
22.4048  286.87 527.152 795.155 1032.27 1332.15
22.4859 287.909 529.152 798.035 1036.27 1337.15
22.4859 288.979 531.152 800.999 1040.27 1342.12
22.5706 289.979 533.151 803.999 1044.18 1347.12
22.5706 290.979 535.137 806.994 1048.18 1352.14
22.6544 291.979 537.137 809.994 1052.07 1357.16
22.7357 293.026 539.137 812.994 1056.07 1362.03
22.8184 294.026 541.099 815.994 1060.07 1366.99
22.8184 295.026 543.114 819.032 1064.02 1371.99
22.8184 296.026 545.128  822.07 1067.97 1376.99
22.8184 297.094 547.095 825.036 1071.97 1381.99
22.8982 298.132 549.095 827.918 1075.97 1386.99
22.8982   299.2 551.095 830.883 1079.97 1391.96
22.8982 300.285 553.093 833.883 1083.89 1396.96
22.8982 301.353 555.093 836.848 1087.89 1401.92
22.8982 302.353 557.093 839.867 1091.81 1406.98
 22.976 303.381 558.987 842.867 1095.81 1411.98
 22.976 304.448 560.954 845.833 1099.81 1416.98
23.0564 305.448 562.954 848.793 1103.81 1421.94
23.1355 306.495 564.954 851.793 1107.81 1426.81
23.1355 307.562 566.921 854.793 1111.81 1431.78
23.1355 308.562 568.908 857.789 1115.81  1436.8
23.1355 309.644 570.908 860.796 1119.72  1441.8
 23.215 310.644  572.87 863.754 1123.72  1446.8
23.2925 311.681  574.87 866.639 1127.72  1451.8
23.3733 312.681  576.87 869.646 1131.63  1456.8
23.4529 313.681 578.833 872.646 1135.63 1461.75
23.4529 314.759 580.833 875.646 1139.53 1466.78
23.5294 315.786 582.729 878.646 1143.53 1471.78
23.5294 316.867 584.729 881.652 1147.45 1476.78
23.5294 317.867 586.729  884.67 1151.37 1481.83
23.6091 318.867 588.729  887.67 1155.28 1486.85
23.6879 319.931 590.729  890.67 1159.13 1491.85
23.7679 320.931 592.729 893.677 1163.04 1496.85
23.7679 322.013 594.727 896.677 1166.97 1501.85
23.8464 323.013 596.727 899.638 1170.97 1506.81
23.8464 324.078 598.694 902.638 1174.97 1511.78
23.8464 325.143 600.661 905.638 1178.97 1516.75
23.9253 326.143 602.661 908.638 1182.87 1521.77
23.9253 327.219 604.661 911.638 1186.77 1526.79
24.0031 328.283 606.661 914.638 1190.63 1531.79
24.0809 329.347 608.661 917.638 1194.49 1536.79
24.0809 330.347 610.648 920.634 1198.49  1541.8
24.0809 331.347 612.653 923.634 1202.42 1546.86
 24.159 332.347 614.653 926.634 1206.32 1551.88
24.2372 333.347 616.653 929.634 1210.22  1556.9
24.3118 334.373 618.552 932.634 1214.22  1561.9
 24.389 335.373 620.516 935.634 1218.22 1566.86
 24.389 336.437 622.483 938.634 1222.22 1571.83
 24.466 337.437 624.447 941.634 1226.22 1576.79
 24.466 338.437 626.451 944.634 1230.16 1581.85
24.5414 339.481 628.451 947.634 1234.16 1586.73
24.5414  340.56 630.449 950.634 1238.08 1591.73
24.6167 341.604 632.449 953.634 1242.08 1596.61
24.6945 342.604 634.447 956.634 1246.01 1601.61
24.7709 343.604 636.412 959.634 1250.01 1606.57
24.7709 344.683 638.409 962.634 1253.93 1611.57
24.7709 345.683 640.414 965.634 1257.87 1616.63
24.7709 346.683 642.414 968.652  1261.8 1621.68
24.7709 347.683 644.401 971.648  1265.8  1626.7
24.7709 348.761 646.399 974.648 1269.72  1631.7
24.8444 349.795 648.399  977.54 1273.72  1636.7
24.8444 350.868 650.399  980.54 1277.63 1641.72
24.9177 351.903 652.399 983.432 1281.63 1646.72
24.9939 352.903 654.399 986.438 1285.55 1651.72
25.0689 353.903 656.364 989.438 1289.55 1656.68
25.0689 354.903 658.368 992.438 1293.48 1661.74
25.0689 355.903 660.372 995.438 1297.42  1666.8
25.1444 356.903 662.372 998.438 1301.33 1671.81
25.1444 357.978 664.372 1001.44 1305.25 1676.81
 25.217 359.012 666.372 1004.34 1309.25 1681.81
25.2914 360.012 668.337  1007.3 1313.25 1686.81
25.2914 361.012 670.337 1010.31 1317.18 1691.87
25.3655 362.012 672.302 1013.31 1321.18 1696.83
25.3655 363.088   674.3 1016.31 1325.11 1701.83
25.3655 364.088 676.312 1019.35 1329.06 1706.83
25.4369 365.113 678.216 1022.35 1333.06 1711.83
25.4369 366.113 680.228 1025.38 1337.02 1716.83
25.5116 367.113 682.226 1028.38 1340.94 1721.83
 25.584 368.155 684.226 1031.38 1344.94 1726.71
25.6584 369.155 686.226 1034.38 1348.85 1731.73
25.6584 370.155 688.238 1037.41 1352.81 1736.73
25.7294 371.179 690.143 1040.41 1356.81 1741.73
 25.801 372.212 692.143 1043.31 1360.81 1746.73
25.8732 373.253 694.143 1046.31 1364.81 1751.62
25.8732 374.312 696.143 1049.28 1368.81 1756.59
25.9471 375.312 698.143 1052.28 1372.71  1761.6
 26.021 376.312 700.143 1055.28 1376.62 1766.62
26.0941  377.37 702.143 1058.28 1380.49 1771.62
26.1672  378.37 704.143 1061.24 1384.49 1776.58
26.1672 379.444 706.141 1064.24 1388.42 1781.58
26.1672 380.503 708.112 1067.21 1392.42 1786.58
26.2398 381.503 710.077 1070.18 1396.42 1791.58
26.2398 382.561 712.077 1073.15 1400.42 1796.55
26.3112 383.602 714.077 1076.15 1404.42 1801.44
26.3845 384.602 716.077 1079.15 1408.33 1806.46
26.4559 385.643 718.077 1082.15 1412.33 1811.35
26.5272 386.684 720.077 1085.15 1416.33 1816.23
26.5272 387.684 722.065 1088.14 1420.33 1821.25
26.5272 388.684 724.054 1091.14 1424.33 1826.27
26.5272 389.754 726.054 1094.14 1428.26 1831.27
26.5272 390.812 728.025 1097.11 1432.26 1836.27
26.5973 391.845 730.025 1100.01 1436.26 1841.27
  26.67 392.845 732.025 1103.02 1440.18 1846.27
  26.67 393.845 734.036 1106.05 1444.14 1851.27
  26.67 394.915 736.036 1109.05 1448.06 1856.27
26.7402 395.955 738.036 1112.05 1452.06 1861.15
26.7402 397.013 740.008 1115.02 1456.06 1866.15
26.8123 398.013 742.008 1118.03 1459.98 1871.15
26.8123  399.07 744.008    1121 1463.98 1876.13
26.8123  400.07 745.997    1124 1467.98 1881.14
26.8123  401.07 747.997 1127.01 1471.92 1886.19
26.8818  402.11 749.997 1130.01 1475.92 1891.08
26.8818 403.167 751.968 1133.01 1479.92 1896.05
26.9531 404.167 753.968 1136.02 1483.85 1901.05
27.0242 405.167 755.968 1139.02 1487.76 1906.06
27.0242 406.167 757.972 1142.02  1491.7 1911.12
27.0242 407.236 759.972 1145.02 1495.63 1916.12
27.0942 408.236 761.972 1147.99 1499.63 1921.08
27.1649 409.236 763.972 1150.99 1503.54  1926.1
27.2328 410.259 765.881 1153.99 1507.54  1931.1
27.2328 411.259 767.893 1157.02  1511.5  1936.1
27.2328 412.315 769.865 1160.02  1515.5 1941.07
27.2328 413.315 771.865 1163.03 1519.44 1946.11
27.3012 414.354 773.865 1166.03 1523.44 1951.01
27.3716 415.354 775.865 1169.04 1527.37 1956.01
 27.439 416.377 777.775 1172.04 1531.37 1961.01
27.5084 417.377 779.741    1175 1535.37 1966.01
27.5084 418.432 781.741 1177.97 1539.37 1970.98
27.5084 419.432 783.741 1180.99 1543.31 1976.02
27.5084 420.432 785.745 1183.99 1547.25 1981.07
 27.578 421.432 787.745 1186.99 1551.17 1986.09
 27.578 422.499 789.745 1189.99  1555.1 1991.09
27.6467 423.499 791.712 1192.96  1559.1 1996.09
27.7154 424.499 793.679 1195.92  1563.1 2001.09
27.7826  425.53 795.679 1198.82  1567.1 2006.09
27.8521  426.53 797.679 1201.82 1571.01  2011.1
27.8521  427.53  799.69 1204.85 1574.97  2016.1
27.8521  428.53  801.69 1207.87 1578.91 2021.15
27.8521 429.584  803.69 1210.84 1582.91 2026.12
27.8521 430.648  805.69 1213.84 1586.83 2031.14
27.8521 431.702 807.663 1216.81 1590.83 2036.14
27.9207 432.702 809.663 1219.81 1594.75 2041.15
27.9885 433.702 811.631 1222.78 1598.75 2046.15
27.9885 434.757 813.604 1225.75 1602.75 2051.15
27.9885 435.811 815.577 1228.72 1606.75 2056.15
 28.057 436.811 817.574 1231.72 1610.69 2061.15
28.1237 437.849 819.574 1234.72 1614.69 2066.05
28.1921 438.849 821.574 1237.73 1618.61 2071.05
28.2597 439.849 823.574 1240.69 1622.61 2076.01
28.2597 440.916 825.571 1243.69 1626.55 2081.01
28.3257 441.945 827.571  1246.6 1630.55 2086.01
28.3931 442.945 829.571 1249.56 1634.55 2090.98
28.3931 443.945 831.571 1252.58 1638.49 2096.02
28.4612 444.945 833.571 1255.58 1642.42 2101.02
28.5265 445.967 835.485 1258.58 1646.42 2106.02
28.5265  447.02 837.458 1261.58 1650.42 2110.99
28.5944  448.02 839.458 1264.58 1654.35 2115.99
28.5944  449.02 841.458  1267.6 1658.29 2121.04
28.6613  450.02 843.426 1270.56 1662.29 2126.04
28.7292  451.02 845.423 1273.56 1666.23 2131.04
28.7292  452.02 847.433 1276.59 1670.19 2136.04
28.7292 453.072 849.406 1279.59 1674.19 2141.01
28.7964 454.072 851.406 1282.59 1678.11 2146.02
28.7964 455.134 853.406 1285.59 1682.03 2151.04
28.8628 456.134 855.375 1288.56 1686.03 2156.04
28.9293 457.184 857.375 1291.56 1689.91 2161.04
28.9939 458.205 859.289 1294.56 1693.91 2166.04
29.0585 459.226 861.204 1297.56 1697.91 2171.04
29.1231 460.247 863.118 1300.56 1701.91 2176.04
29.1231  461.31 865.118 1303.56 1705.85 2181.04
29.1902  462.31 867.118 1306.56 1709.78 2186.04
29.1902 463.362 869.092 1309.54 1713.78 2191.04
29.1902 464.423 871.092 1312.54  1717.7 2196.06
29.1902 465.486 873.092 1315.54 1721.63 2201.06
29.2552 466.522 875.092 1318.54 1725.63 2205.96
 29.321 467.522  877.06 1321.51 1729.63 2210.96
 29.321 468.587 879.057 1324.51 1733.57 2215.96
29.3875 469.587 881.057 1327.51  1737.5 2220.96
29.3875 470.587  883.06 1330.51 1741.45    2226
 29.453 471.587  885.06 1333.48 1745.45 2230.97
29.5168 472.608 886.976 1336.48 1749.45 2235.97
29.5168 473.659 888.949 1339.45 1753.45 2240.97
29.5822 474.659 890.919 1342.45 1757.45 2245.93
29.5822 475.659 892.919 1345.47 1761.39 2250.98
29.6483 476.659 894.915 1348.47 1765.33 2255.98
29.6483 477.659 896.924  1351.5  1769.3 2260.98
29.7116  478.68 898.841  1354.5  1773.3 2265.98
29.7776  479.68 900.837  1357.5 1777.23 2270.98
29.7776 480.742 902.837  1360.5 1781.17 2275.98
29.8435 481.742 904.833  1363.5 1785.11 2280.98
29.9093 482.742 906.829  1366.5 1789.04 2285.98
29.9093 483.805 908.826  1369.5 1792.98 2290.98
29.9093 484.866 910.826 1372.51 1796.92 2295.98
29.9093 485.866 912.835 1375.53 1800.88 2300.98
29.9093 486.866 914.835 1378.55 1804.83 2306.02
29.9093 487.929 916.832 1381.55 1808.77 2311.02
29.9093 488.992 918.829 1384.55 1812.71 2316.02
29.9742 489.992 920.829 1387.55 1816.64 2321.02
29.9742 491.055 922.826 1390.55 1820.58 2326.02
30.0365 492.075 924.744 1393.55 1824.58 2331.02
30.1012 493.075 926.744 1396.55 1828.51 2336.02
30.1012 494.075 928.733 1399.55 1832.51 2341.03
30.1659 495.075 930.729 1402.55 1836.45 2346.03
30.1659 496.075 932.729 1405.56  1840.4 2351.07
30.1659 497.125 934.703 1408.56  1844.4 2356.05
30.2301 498.125 936.703 1411.56 1848.32 2361.06
30.2301 499.183 938.703 1414.56 1852.25 2366.08
30.2301 500.241 940.703 1417.56 1856.17 2371.09
30.2301 501.241 942.712 1420.59 1860.14 2376.09
 30.292 502.268 944.712  1423.5 1864.14 2381.09
 30.356 503.268 946.709  1426.5 1868.08 2386.09
 30.356 504.328 948.709 1429.51 1872.01 2391.09
30.4191 505.328 950.679 1432.51 1876.01 2396.06
30.4191 506.378 952.653 1435.51 1880.01 2401.03
 30.482 507.378 954.623 1438.47 1884.01 2406.03
30.5456 508.378 956.623 1441.48 1887.94 2411.03
30.6085 509.378 958.593 1444.48 1891.94    2416
30.6085 510.435 960.593 1447.48 1895.87 2421.01
30.6085 511.435 962.593 1450.49 1899.82 2426.05
30.6717 512.435 964.593 1453.49 1903.74 2431.07
30.6717 513.495 966.593  1456.5 1907.68 2436.07
30.6717 514.544 968.568 1459.47 1911.68 2441.07
 30.735 515.544 970.565 1462.47 1915.62 2446.07
30.7958 516.563 972.484 1465.47 1919.62 2451.07
30.7958 517.612 974.459 1468.47 1923.62 2456.04
30.7958 518.612 976.467  1471.5 1927.58 2461.04
30.7958 519.612 978.476 1474.52 1931.55 2466.04
30.7958 520.612 980.484 1477.55 1935.51 2471.04
30.8565 521.639 982.484 1480.46 1939.51 2476.04
30.8565 522.639 984.474 1483.46 1943.51 2481.06
30.8565 523.695 986.474 1486.46 1947.44 2486.07
30.9181 524.742 988.474 1489.46 1951.33 2491.07
30.9181  525.79 990.449 1492.44 1955.33 2496.07
30.9797  526.79 992.449 1495.41 1959.33 2501.04
30.9797 527.838 994.449 1498.38 1963.33 2506.02
31.0416 528.838 996.449 1501.38 1967.26 2511.03
31.0416 529.838 998.457 1504.41 1971.22 2516.03
31.1029 530.838 1000.46 1507.38 1975.22    2521
31.1642 531.838 1002.43 1510.35 1979.22    2526
31.1642 532.886  1004.4 1513.33 1983.22    2531
31.2259 533.886  1006.4 1516.33 1987.15 2536.01
31.2876 534.886  1008.4 1519.33 1991.08 2541.02
31.3472 535.906 1010.32 1522.33 1995.08 2546.02
31.3472 536.906 1012.33 1525.35 1999.04 2551.02
31.4089 537.906 1014.33 1528.35 2002.98 2556.02
31.4089 538.906 1016.32 1531.35 2006.98 2561.03
31.4089 539.953 1018.32 1534.33 2010.98 2566.01
31.4089     541 1020.32  1537.3 2014.98 2570.99
31.4089 542.057 1022.32 1540.31 2018.92 2575.99
31.4702 543.057 1024.32 1543.31 2022.86 2580.99
31.5308 544.103 1026.32 1546.31 2026.75 2585.99
31.5308 545.162 1028.32 1549.31  2030.7 2590.99
31.5913 546.162 1030.29 1552.31  2034.7 2595.95
31.6517 547.162 1032.26 1555.31  2038.7 2600.92
31.7122 548.207 1034.26 1558.31 2042.59 2605.92
31.7711 549.226 1036.18 1561.31 2046.59 2610.92
31.7711 550.226 1038.19 1564.33 2050.56 2615.92
31.7711 551.226 1040.19 1567.35 2054.51 2620.96
31.8314 552.226 1042.16 1570.35 2058.51 2625.93
31.8922 553.226 1044.16 1573.35 2062.44 2630.93
31.9532 554.226 1046.16 1576.35 2066.39 2635.93
32.0123 555.251 1048.16 1579.27 2070.39 2640.93
32.0733 556.251 1050.15 1582.27 2074.33 2645.93
32.0733 557.251 1052.16 1585.29  2078.3 2650.93
32.0733 558.307 1054.16  1588.3 2082.24 2655.93
32.0733 559.307 1056.15 1591.29 2086.24 2660.94
32.0733 560.307 1058.15 1594.29 2090.19 2665.98
32.0733 561.365 1060.15 1597.29 2094.13 2670.98
32.1334 562.365 1062.15 1600.29 2098.06 2675.99
32.1334  563.42 1064.15  1603.3    2102 2680.99
 32.193 564.465 1066.15  1606.3  2105.9 2685.99
32.2514  565.49 1068.15 1609.21  2109.9 2690.99
 32.311 566.534 1070.15 1612.21  2113.8 2695.99
32.3705 567.534 1072.12 1615.18  2117.8 2700.99
32.4308 568.534 1074.12 1618.18 2121.74 2705.99
32.4896 569.565 1076.12 1621.18 2125.74  2710.9
32.4896 570.565 1078.12 1624.18 2129.69 2715.95
32.5476 571.584 1080.04 1627.18 2133.69 2720.95
32.5476 572.637 1082.04 1630.18 2137.63 2725.96
32.5476 573.637 1084.04  1633.2 2141.58    2731
32.6068 574.637 1086.04 1636.17 2145.58 2735.97
32.6661 575.681 1088.04 1639.17 2149.47 2740.97
32.6661 576.737 1090.04 1642.17 2153.42 2745.97
32.6661 577.737 1092.04 1645.17 2157.37 2751.01
 32.725 578.737 1094.01 1648.14 2161.37 2756.01
32.7826 579.756 1095.94 1651.14 2165.37 2761.01
32.7826 580.756 1097.94 1654.15 2169.32 2766.05
32.7826 581.812 1099.94 1657.15 2173.27 2771.05
32.8414 582.812 1101.94 1660.12 2177.27 2776.02
32.8995 583.843 1103.94 1663.12 2181.27 2780.93
32.9583 584.843 1105.94 1666.09 2185.27  2785.9
32.9583 585.888 1107.94 1669.07 2189.27 2790.88
33.0169 586.888 1109.91 1672.07 2193.27 2795.85
33.0762 587.888 1111.91 1675.07 2197.21 2800.85
33.0762 588.944 1113.91 1678.07 2201.16 2805.85
33.0762 589.998 1115.91 1681.08  2205.1 2810.85
33.0762 590.998 1117.89 1684.08  2209.1 2815.86
33.0762 592.053 1119.89 1687.08 2213.04 2820.86
33.1351 593.053 1121.89 1690.08 2216.98 2825.86
33.1933 594.053 1123.87 1693.05 2220.98 2830.86
33.2516 595.096 1125.87 1696.05 2224.88 2835.86
33.2516  596.14 1127.84 1699.05 2228.88 2840.84
33.3098  597.14 1129.84 1702.03 2232.88 2845.81
33.3098 598.193 1131.84 1705.03 2236.81 2850.82
33.3098 599.248 1133.84 1708.03 2240.76 2855.82
33.3098 600.293 1135.82    1711 2244.76 2860.82
 33.367 601.324 1137.82    1714 2248.76 2865.73
33.4248 602.324 1139.79 1716.97 2252.76 2870.73
33.4831 603.324 1141.79 1719.97 2256.69 2875.74
33.4831 604.324 1143.79 1722.97 2260.64 2880.78
33.4831 605.368 1145.77 1725.97 2264.64 2885.76
33.5407 606.368 1147.74 1728.94 2268.64 2890.76
33.5989 607.368 1149.74 1731.94 2272.58 2895.77
33.5989 608.368 1151.75 1734.97 2276.54 2900.77
33.5989 609.412 1153.75 1737.95 2280.54 2905.75
33.5989 610.412 1155.75 1740.96  2284.5 2910.79
33.5989 611.457 1157.72 1743.94  2288.5 2915.79
33.5989 612.501 1159.72 1746.91  2292.5 2920.77
33.5989 613.501 1161.71 1749.91  2296.5 2925.78
33.6559 614.501 1163.69 1752.88  2300.5 2930.78
 33.713 615.543 1165.69 1755.88  2304.4 2935.78
 33.713 616.543 1167.68 1758.88  2308.4 2940.79
 33.713 617.597 1169.67 1761.88 2312.35 2945.79
 33.713 618.597 1171.67 1764.89  2316.3 2950.83
33.7698 619.597 1173.67 1767.86  2320.3  2955.8
33.8265 620.597 1175.65 1770.86  2324.3 2960.77
 33.884 621.597 1177.64 1773.86 2328.24 2965.77
 33.884 622.597 1179.65 1776.89 2332.21 2970.77
  33.94 623.627 1181.65 1779.89 2336.21 2975.68
  33.94 624.627 1183.65 1782.89 2340.17 2980.72
  33.94 625.679 1185.65 1785.89 2344.11 2985.72
33.9971 626.679 1187.65  1788.9 2348.06 2990.72
34.0536 627.721 1189.65  1791.9 2351.96 2995.72
34.1107 628.721 1191.65  1794.9  2355.9 3000.72
34.1677 629.721 1193.65  1797.9 2359.84 3005.73
34.2235  630.75 1195.65  1800.9 2363.84 3010.64
34.2235 631.804 1197.65  1803.9 2367.79 3015.64
34.2235 632.804 1199.65 1806.91 2371.74 3020.68
34.2798 633.804 1201.62 1809.91 2375.74 3025.65
34.3355 634.834 1203.62 1812.91 2379.74 3030.56
34.3355 635.886 1205.62 1815.91 2383.68 3035.56
34.3355 636.929 1207.62 1818.89 2387.68 3040.54
34.3355 637.929 1209.62  1821.9 2391.64 3045.58
34.3921 638.929 1211.62  1824.9 2395.58 3050.58
34.3921 639.981 1213.62 1827.91 2399.52 3055.58
34.3921 641.023 1215.62 1830.89 2403.52 3060.56
34.4467  642.04 1217.55 1833.89 2407.52 3065.56
34.5019  643.07 1219.55 1836.89 2411.52 3070.47
34.5019  644.07 1221.55 1839.89 2415.48 3075.51
34.5577  645.07 1223.55 1842.86 2419.48 3080.48
34.5577  646.07 1225.55 1845.87 2423.43 3085.52
34.6133  647.07 1227.52 1848.84 2427.43 3090.52
34.6133 648.112  1229.5 1851.84 2431.43  3095.5
34.6683 649.142  1231.5 1854.84 2435.43 3100.41
34.6683 650.194  1233.5 1857.84 2439.38 3105.41
34.7242 651.194  1235.5 1860.84 2443.32 3110.42
34.7242 652.237 1237.48 1863.84 2447.32  3115.4
34.7242 653.237 1239.48 1866.85 2451.27 3120.43
34.7795 654.237 1241.48 1869.83 2455.27 3125.41
34.8342 655.266 1243.48 1872.83 2459.27 3130.32
34.8342 656.266 1245.48 1875.83 2463.23 3135.36
34.8342 657.266 1247.48 1878.83 2467.19  3140.4
34.8342 658.318 1249.48 1881.83 2471.14  3145.4
34.8342 659.318 1251.48 1884.85 2475.11  3150.4
34.8882 660.341 1253.48 1887.77 2479.11  3155.4
34.9432 661.341 1255.46 1890.77 2483.11 3160.37
34.9972 662.363 1257.46  1893.7 2487.11 3165.37
35.0509  663.38 1259.39  1896.7 2491.11 3170.37
35.0509 664.429 1261.39  1899.7 2495.05 3175.38
35.1063 665.429 1263.39  1902.7 2498.99 3180.38
35.1606 666.458 1265.39  1905.7 2502.99  3185.3
35.1606 667.458  1267.4 1908.72 2506.96  3190.3
35.1606 668.509 1269.39 1911.72 2510.91  3195.3
35.1606 669.509 1271.39 1914.73 2514.87 3200.33
35.2158 670.509 1273.39 1917.73 2518.82 3205.33
35.2709 671.509 1275.39 1920.74 2522.76 3210.33
 35.325 672.538 1277.39 1923.74 2526.76 3215.25
 35.325 673.538 1279.39 1926.74 2530.72 3220.29
35.3799 674.538 1281.39 1929.74 2534.66  3225.3
35.3799 675.538 1283.39 1932.75 2538.61 3230.33
35.3799 676.538 1285.39 1935.76 2542.57 3235.36
35.4347 677.538 1287.39 1938.76  2546.5 3240.37
35.4896 678.538 1289.39 1941.76 2550.45 3245.37
35.4896 679.579 1291.39 1944.74 2554.45 3250.35
35.4896  680.62 1293.37 1947.72 2558.45 3255.35
35.5432 681.649 1295.37 1950.72 2562.45 3260.27
35.5432  682.69 1297.35  1953.7 2566.45 3265.27
35.5979  683.69 1299.34  1956.7  2570.4 3270.27
35.5979  684.74 1301.34  1959.7 2574.35 3275.27
35.5979 685.781 1303.34 1962.68 2578.35 3280.25
35.6507 686.797 1305.27 1965.68 2582.35 3285.25
35.7046 687.797 1307.25 1968.65 2586.35 3290.25
35.7585 688.797 1309.22 1971.65 2590.35 3295.22
35.7585 689.797 1311.22 1974.67  2594.3 3300.25
35.7585 690.797 1313.22 1977.68 2598.26 3305.29
35.8123 691.797  1315.2 1980.68 2602.26 3310.26
35.8123 692.797  1317.2 1983.69 2606.22 3315.29
35.8123 693.846  1319.2 1986.69 2610.16 3320.29
35.8123 694.895  1321.2  1989.7 2614.11 3325.29
35.8653 695.923  1323.2  1992.7 2618.11 3330.21
35.8653 696.964  1325.2 1995.68 2622.11 3335.19
35.9191 697.964  1327.2 1998.68 2626.05  3340.2
35.9191 698.964  1329.2  2001.7 2630.02  3345.2
35.9725 700.002  1331.2  2004.7 2633.93  3350.2
35.9725 701.002 1333.21 2007.72  2637.9  3355.2
36.0258 702.002 1335.21  2010.7  2641.9 3360.17
36.0779 703.018 1337.14  2013.7  2645.9 3365.17
36.0779 704.065 1339.14  2016.7 2649.84 3370.18
36.1303 705.087 1341.14 2019.62 2653.84 3375.18
 36.183 706.114 1343.14 2022.62 2657.84  3380.1
36.2356 707.142 1345.14 2025.62 2661.84 3385.02
36.2356 708.192 1347.14 2028.62 2665.79 3390.02
36.2356 709.192 1349.13 2031.62 2669.79 3395.03
36.2891 710.192 1351.13 2034.62 2673.73 3400.04
36.3421  711.23 1353.13 2037.62 2677.64 3405.04
36.3421 712.277 1355.13 2040.62 2681.58 3410.05
36.3951 713.277 1357.13 2043.59 2685.58 3415.02
36.4486 714.277 1359.13  2046.6 2689.52 3420.02
36.4486 715.277 1361.12  2049.6 2693.52 3425.03
36.4486 716.324 1363.12  2052.6 2697.46 3430.05
36.5014 717.324  1365.1  2055.6 2701.46 3435.02
36.5014 718.371  1367.1  2058.6 2705.41 3440.03
36.5545 719.371  1369.1  2061.6 2709.34 3445.04
36.6061 720.386 1371.03  2064.6 2713.34 3450.04
36.6061 721.386 1373.03 2067.61  2717.3 3455.07
 36.658 722.407 1375.03 2070.53  2721.3 3460.07
36.7098 723.429 1377.03 2073.46  2725.3 3465.07
36.7619 724.456 1379.03 2076.46  2729.3 3469.99
36.7619 725.456 1381.03 2079.46 2733.26 3475.03
36.8134 726.471 1382.97 2082.46 2737.26 3480.03
 36.866 727.471 1384.97 2085.44 2741.26    3485
36.9189 728.471 1386.97 2088.44  2745.2 3490.01
36.9189 729.471 1388.97 2091.45 2749.16 3495.04
36.9706 730.492 1390.97 2094.37 2753.16 3500.04
36.9706 731.532 1392.95 2097.35 2757.16 3505.04
37.0222 732.553 1394.95 2100.28 2761.16 3510.04
37.0222 733.601 1396.95 2103.29 2765.11 3515.04
37.0735 734.616 1398.88 2106.29 2769.11 3520.04
37.0735 735.616 1400.88 2109.29 2773.07 3525.07
37.1246 736.631 1402.81 2112.29 2777.07 3530.07
37.1758 737.647 1404.75 2115.29 2781.07 3535.07
37.1758 738.647 1406.75  2118.3 2785.03 3540.11
37.1758 739.647 1408.75 2121.31 2788.99 3545.14
37.2274 740.673 1410.75 2124.31 2792.99 3550.06
37.2274 741.673 1412.75 2127.33 2796.96 3555.06
37.2274 742.673 1414.75 2130.34 2800.92 3560.09
37.2794 743.673 1416.75 2133.31 2804.92 3565.06
37.3314 744.673 1418.73 2136.29 2808.92 3570.06
37.3314 745.673 1420.72 2139.29 2812.92 3575.07
37.3314 746.673 1422.72  2142.3 2816.88  3580.1
37.3832 747.673 1424.72 2145.27 2820.88 3585.08
37.4345   748.7 1426.72 2148.27 2824.88    3590
37.4868   749.7 1428.72 2151.27 2828.82 3595.01
37.5386   750.7 1430.72 2154.25 2832.82 3599.98
37.5386   751.7 1432.72 2157.25 2836.78 3605.01
37.5386   752.7 1434.71 2160.25 2840.78 3610.02
37.5386 753.739 1436.71 2163.23 2844.78 3615.01
37.5907 754.739 1438.71 2166.23 2848.73 3620.01
37.6428 755.739 1440.71 2169.23 2852.68 3625.01
37.6428 756.739 1442.71 2172.24 2856.64 3630.04
37.6428 757.777 1444.69 2175.24 2860.64 3635.02
37.6943 758.813 1446.69 2178.24 2864.55 3640.02
37.6943  759.86 1448.69 2181.24  2868.5 3645.02
37.7457  760.86 1450.66 2184.21  2872.5 3650.02
37.7457 761.906 1452.66 2187.22 2876.45 3655.02
37.7457 762.944 1454.64 2190.22 2880.45    3660
37.7962 763.965 1456.64 2193.15 2884.45    3665
37.7962 765.009 1458.64 2196.15 2888.39 3670.01
37.8463 766.024 1460.58 2199.15 2892.39 3675.01
37.8463 767.024 1462.58 2202.16 2896.35 3680.04
37.8463 768.024 1464.58 2205.17 2900.31 3685.07
37.8979 769.024 1466.57 2208.17 2904.26 3690.07
37.8979 770.024 1468.57 2211.17 2908.23 3695.11
37.8979 771.024 1470.57 2214.17 2912.23 3700.12
37.8979 772.024 1472.56 2217.16 2916.23 3705.13
37.8979 773.024 1474.56 2220.16 2920.19 3710.16
37.9476 774.039 1476.49 2223.16 2924.19 3715.16
37.9476 775.077 1478.47 2226.16 2928.19 3720.15
37.9979 776.103 1480.47 2229.16 2932.19 3725.07
37.9979 777.103 1482.47 2232.16 2936.19 3730.08
38.0485 778.103 1484.44 2235.14 2940.19 3735.08
38.0485 779.148 1486.44 2238.14 2944.14 3740.08
38.0983 780.168 1488.44 2241.07 2948.14 3745.08
38.1481 781.188 1490.44    2244 2952.14 3750.08
38.1481 782.235 1492.44    2247  2956.1 3755.08
38.1986 783.235 1494.41 2249.97  2960.1 3760.08
38.2484 784.255 1496.41 2252.91  2964.1 3765.08
38.2993 785.255 1498.41 2255.91 2968.05 3770.08
38.2993 786.302 1500.41 2258.91    2972 3775.08
38.2993 787.302 1502.41 2261.91 2975.97 3780.11
38.2993  788.34 1504.41 2264.89 2979.97  3785.1
38.2993 789.377 1506.41 2267.87 2983.97 3790.08
38.2993 790.422 1508.41 2270.87 2987.92 3795.08
38.3499 791.422 1510.41 2273.87 2991.87 3800.08
38.3499  792.46 1512.39 2276.87 2995.87 3805.06
38.3499  793.46  1514.4 2279.89 2999.84 3810.06
   38.4  794.46 1516.37 2282.87 3003.84 3815.06
38.4505  795.46 1518.37 2285.87 3007.79 3820.06
38.4998  796.48 1520.37  2288.8 3011.79 3825.06
38.4998  797.48 1522.36  2291.8 3015.79 3830.07
38.5498  798.48 1524.34 2294.77 3019.79 3835.07
38.5993 799.505 1526.34 2297.77 3023.79    3840
38.6497 800.505 1528.33 2300.77 3027.75    3845
38.6997 801.505 1530.31 2303.77 3031.75 3849.97
38.6997 802.505 1532.32 2306.79 3035.72 3854.97
38.6997 803.542 1534.32 2309.77 3039.72 3859.95
38.6997 804.542 1536.32 2312.77 3043.69 3864.99
38.6997 805.587 1538.32 2315.77 3047.64 3869.99
38.6997 806.633 1540.31 2318.77 3051.59 3874.99
38.7494 807.668 1542.31 2321.77 3055.51 3879.99
38.7983 808.688 1544.31  2324.7 3059.51 3884.99
38.8475 809.713 1546.31  2327.7 3063.51 3889.91
38.8964 810.733 1548.31 2330.64 3067.51 3894.91
38.8964  811.77 1550.29 2333.64 3071.51 3899.89
 38.946  812.77 1552.27 2336.64 3075.51 3904.87
 38.946  813.77 1554.26 2339.63 3079.51 3909.88
38.9955  814.77 1556.24 2342.61 3083.51 3914.88
 39.045  815.77 1558.22 2345.58 3087.51 3919.88
 39.045 816.814 1560.22 2348.59 3091.46 3924.88
 39.045 817.851  1562.2 2351.57 3095.46 3929.88
39.0937 818.871  1564.2  2354.5 3099.46 3934.88
39.0937 819.871 1566.19  2357.5 3103.46 3939.89
39.0937 820.871 1568.18  2360.5 3107.46  3944.9
 39.142 821.885 1570.12  2363.5 3111.46  3949.9
 39.142 822.929 1572.12  2366.5 3115.42  3954.9
39.1908 823.954 1574.12  2369.5 3119.42 3959.82
39.1908 824.991 1576.12 2372.48 3123.42 3964.81
 39.239 826.005 1578.05 2375.48 3127.42 3969.81
 39.239 827.005 1580.05 2378.48 3131.42 3974.82
39.2885 828.005 1582.05 2381.48 3135.37 3979.82
39.3371  829.03 1584.05 2384.48 3139.37 3984.74
39.3371  830.03 1586.05  2387.5 3143.34 3989.74
39.3852 831.044 1587.99  2390.5 3147.34 3994.74
39.3852 832.044    1590 2393.52 3151.32 3999.74
39.3852 833.044    1592 2396.53 3155.28 4004.77
 39.434 834.078    1594 2399.53  3159.2 4009.77
39.4825 835.103    1596 2402.53  3163.2  4014.7
39.5307 836.122    1598 2405.46  3167.2  4019.7
  39.58 837.122    1600 2408.46 3171.15  4024.7
39.6289 838.122 1601.97 2411.43 3175.15  4029.7
39.6782 839.122 1603.97 2414.43  3179.1  4034.7
39.6782 840.159 1605.97 2417.42  3183.1 4039.68
39.6782 841.202 1607.97 2420.42 3187.05 4044.68
39.7263 842.221 1609.97 2423.35 3191.05 4049.68
39.7263 843.263 1611.97 2426.35    3195 4054.69
39.7263 844.263 1613.97 2429.36 3198.96 4059.72
39.7749 845.263 1615.97 2432.34 3202.96 4064.69
39.8241 846.263 1617.97 2435.34 3206.92 4069.69
39.8241   847.3 1619.95 2438.34 3210.92 4074.68
39.8241 848.336 1621.93 2441.32 3214.92 4079.68
39.8241 849.336 1623.93 2444.33 3218.88  4084.7
39.8241 850.379 1625.93 2447.33 3222.83  4089.7
39.8241 851.415 1627.91 2450.33 3226.83 4094.69
39.8717 852.435 1629.91 2453.26 3230.83 4099.69
39.8717 853.435 1631.91 2456.27 3234.79 4104.72
39.8717 854.435 1633.92 2459.29 3238.77 4109.72
39.8717 855.471  1635.9 2462.27 3242.77 4114.72
39.8717 856.507 1637.88 2465.27 3246.77  4119.7
39.8717 857.507 1639.87 2468.27 3250.77 4124.71
39.9191 858.526 1641.87 2471.21 3254.77 4129.71
39.9191  859.57 1643.87 2474.21 3258.73 4134.71
39.9191  860.57 1645.87 2477.21  3262.7 4139.74
39.9671  861.57 1647.87 2480.18  3266.7 4144.72
40.0154  862.57 1649.87 2483.18 3270.65 4149.72
40.0634  863.57 1651.85 2486.16 3274.65 4154.72
40.0634 864.611 1653.85 2489.16  3278.6 4159.73
40.1117 865.611 1655.84 2492.16 3282.55 4164.73
40.1599 866.611 1657.84 2495.16  3286.5 4169.73
40.1599 867.611 1659.84 2498.16 3290.46 4174.76
40.2078 868.611 1661.82 2501.16 3294.46 4179.74
40.2556 869.611  1663.8 2504.13 3298.46 4184.74
40.3035 870.645  1665.8 2507.13 3302.38 4189.74
40.3504 871.658 1667.74 2510.13 3306.38 4194.74
40.3504 872.694 1669.74 2513.11 3310.38 4199.72
40.3972 873.707 1671.68 2516.11 3314.38 4204.72
40.3972 874.707 1673.68 2519.13 3318.36 4209.72
 40.445  875.74 1675.68 2522.13 3322.28 4214.72
 40.445 876.784 1677.68 2525.13 3326.24 4219.72
 40.445 877.825 1679.68 2528.13 3330.19 4224.73
40.4919 878.844 1681.68 2531.07 3334.19 4229.73
40.4919 879.844 1683.68 2534.08 3338.15 4234.76
40.4919 880.885 1685.68 2537.08  3342.1 4239.77
40.4919 881.927 1687.68 2540.08 3346.05 4244.77
40.4919 882.927 1689.68 2543.09 3350.02  4249.8
40.5384 883.941 1691.62 2546.09 3354.02  4254.8
40.5851  884.96 1693.62 2549.02 3358.02  4259.8
40.6321 885.984 1695.62 2552.02 3362.02 4264.73
40.6788 887.002 1697.62 2554.96 3366.02 4269.73
40.6788 888.038 1699.62 2557.94 3370.02 4274.71
40.6788 889.081 1701.61 2560.94 3373.98 4279.71
40.6788 890.081 1703.61 2563.94 3377.98 4284.72
 40.726 891.114 1705.61 2566.94  3381.9 4289.72
 40.726 892.114 1707.61 2569.94 3385.86 4294.75
40.7732 893.114 1709.59 2572.94 3389.86 4299.73
40.8203 894.114 1711.56 2575.94 3393.86  4304.7
40.8678 895.114 1713.56 2578.94 3397.81 4309.71
40.8678 896.149 1715.56 2581.92 3401.81 4314.69
40.9154 897.149 1717.56 2584.92 3405.77 4319.69
40.9616 898.162  1719.5 2587.92 3409.77 4324.69
40.9616 899.162  1721.5 2590.94 3413.74 4329.69
40.9616 900.205  1723.5 2593.94  3417.7 4334.69
41.0089 901.205  1725.5 2596.94 3421.65  4339.7
41.0089  902.24 1727.48 2599.94 3425.65 4344.68
41.0089  903.24 1729.48 2602.94 3429.62 4349.71
41.0089  904.24 1731.49 2605.96 3433.59 4354.71
41.0089 905.281 1733.49 2608.96 3437.54 4359.72
41.0557 906.281 1735.47 2611.94 3441.54 4364.72
41.0557 907.281 1737.47 2614.96 3445.52 4369.72
41.0557 908.281 1739.47 2617.96 3449.49 4374.75
41.1019 909.304 1741.47 2620.96 3453.49 4379.68
41.1019 910.346 1743.47 2623.96 3457.44 4384.68
41.1481 911.369 1745.47 2626.96 3461.44 4389.61
41.1481 912.369 1747.46 2629.96 3465.44 4394.62
41.1947 913.402 1749.46 2632.96 3469.36 4399.62
41.2413 914.434 1751.46 2635.96 3473.28 4404.62
 41.287 915.447  1753.4 2638.96 3477.28 4409.62
 41.287 916.482 1755.39 2641.96 3481.28  4414.6
 41.287 917.524 1757.39 2644.96 3485.24  4419.6
41.3328 918.542 1759.39  2647.9 3489.24  4424.6
41.3328 919.576 1761.39 2650.88 3493.24 4429.59
41.3795 920.576 1763.39 2653.88 3497.19 4434.59
 41.425  921.59 1765.33 2656.88 3501.19 4439.59
 41.425 922.631 1767.33 2659.88 3505.14 4444.59
 41.425 923.631 1769.33 2662.88 3509.11 4449.62
 41.425 924.671 1771.33 2665.88 3513.06 4454.63
 41.425 925.711 1773.33 2668.88 3517.01 4459.64
 41.425 926.711 1775.33 2671.89 3520.98 4464.67
41.4716 927.711 1777.32 2674.89 3524.94 4469.67
41.4716 928.746 1779.31 2677.87 3528.94 4474.67
41.5177 929.746 1781.28 2680.87 3532.94 4479.64
41.5641 930.746 1783.28 2683.87 3536.88 4484.65
41.5641 931.746 1785.28 2686.87 3540.85 4489.68
41.5641  932.78 1787.27 2689.85 3544.85 4494.68
41.5641  933.78 1789.27 2692.87 3548.83 4499.68
41.6104  934.78 1791.27 2695.87 3552.78 4504.68
 41.656 935.803 1793.27 2698.87 3556.78 4509.61
 41.656 936.844 1795.27 2701.87 3560.74 4514.61
41.7022 937.844 1797.27 2704.87 3564.69 4519.62
 41.748 938.876 1799.27 2707.87 3568.61 4524.62
41.7935   939.9 1801.27 2710.87 3572.61 4529.55
41.7935 940.934 1803.25 2713.87 3576.61 4534.53
41.7935 941.968 1805.24 2716.87 3580.61 4539.52
41.8397 942.968 1807.24 2719.87 3584.56 4544.52
41.8397 944.007 1809.24 2722.87 3588.51 4549.53
41.8858 945.007 1811.23 2725.87 3592.47 4554.53
41.8858 946.007 1813.23 2728.87 3596.44 4559.56
41.8858 947.041 1815.21 2731.87 3600.44 4564.54
41.8858 948.041 1817.21 2734.88 3604.41 4569.57
41.9318 949.041 1819.21 2737.88 3608.36 4574.57
41.9318 950.075 1821.21 2740.87 3612.36 4579.55
41.9777 951.075 1823.21 2743.87 3616.31 4584.55
41.9777 952.075 1825.22 2746.87 3620.28 4589.58
41.9777 953.117 1827.21 2749.87 3624.24 4594.58
42.0231 954.117 1829.19 2752.87 3628.24 4599.56
42.0231 955.117  1831.2 2755.88 3632.22 4604.56
42.0689 956.117 1833.19 2758.88 3636.18 4609.56
42.1147 957.117 1835.19 2761.88 3640.14 4614.56
42.1147 958.117 1837.19 2764.89  3644.1 4619.59
42.1604 959.117 1839.19 2767.89 3648.06 4624.59
42.2054  960.14 1841.19 2770.89 3652.06 4629.52
42.2508  961.14 1843.19 2773.87 3656.06 4634.49
42.2965  962.14 1845.19 2776.87 3660.01 4639.49
42.2965  963.18 1847.19 2779.87 3663.97 4644.49
42.2965  964.18 1849.18 2782.87 3667.97  4649.5
42.3417  965.18 1851.16 2785.85 3671.97  4654.5
 42.387  966.18 1853.14 2788.85 3675.97 4659.48
 42.387 967.214 1855.12 2791.83 3679.97 4664.48
42.4322 968.214 1857.12 2794.81 3683.97 4669.45
42.4768 969.232 1859.12 2797.75 3687.97 4674.45
42.4768  970.27 1861.12 2800.75 3691.92 4679.46
42.5214 971.288 1863.12 2803.69 3695.92 4684.46
42.5214 972.321  1865.1 2806.69 3699.92 4689.45
42.5668 973.321  1867.1 2809.69 3703.88 4694.45
42.6113 974.339  1869.1 2812.62 3707.88 4699.45
42.6113  975.38  1871.1 2815.62 3711.84 4704.45
42.6556 976.393 1873.04 2818.62 3715.84 4709.45
42.6556 977.427 1875.02 2821.61 3719.84 4714.45
42.7006 978.458 1877.02 2824.61 3723.76 4719.45
42.7459 979.458 1879.02 2827.61 3727.72 4724.45
42.7909 980.458 1881.02 2830.59 3731.72 4729.42
42.7909 981.491 1883.02 2833.57 3735.72 4734.41
42.7909 982.532 1885.02 2836.57 3739.68 4739.41
42.7909 983.573 1887.02 2839.57 3743.64 4744.41
42.7909 984.606    1889 2842.55 3747.64 4749.41
 42.836 985.606    1891 2845.55 3751.59 4754.41
42.8812 986.606    1893 2848.55 3755.55 4759.41
42.8812 987.606    1895 2851.56 3759.51 4764.44
42.8812  988.64 1896.98 2854.54 3763.51 4769.44
42.9256 989.662 1898.98 2857.54 3767.51 4774.37
42.9256 990.695 1900.96 2860.54 3771.51 4779.36
42.9256 991.735 1902.96 2863.55 3775.47 4784.36
42.9256 992.768 1904.95 2866.53 3779.47 4789.36
42.9702 993.768 1906.92 2869.53 3783.47 4794.33
42.9702 994.802 1908.91 2872.51 3787.47 4799.33
42.9702 995.842  1910.9 2875.51 3791.44 4804.33
42.9702 996.883  1912.9 2878.51  3795.4 4809.33
42.9702 997.921  1914.9 2881.51 3799.35 4814.34
42.9702  998.96  1916.9 2884.51  3803.3 4819.35
42.9702 999.993  1918.9  2887.5  3807.3 4824.34
43.0139 1001.01  1920.9 2890.44  3811.3 4829.34
43.0582 1002.04  1922.9 2893.44 3815.23 4834.34
43.1025 1003.04 1924.88 2896.41 3819.23 4839.34
43.1472 1004.04 1926.88 2899.41 3823.18 4844.34
43.1918 1005.04 1928.88 2902.41 3827.14 4849.34
43.1918 1006.04 1930.87 2905.41 3831.14 4854.34
43.1918 1007.08 1932.87 2908.41  3835.1 4859.34
43.1918 1008.08 1934.86 2911.41  3839.1 4864.35
43.1918 1009.11 1936.84 2914.41  3843.1 4869.34
43.2359 1010.11 1938.84 2917.39  3847.1 4874.32
43.2359 1011.15 1940.83 2920.37  3851.1 4879.32
43.2359 1012.19 1942.82 2923.37 3855.06 4884.32
  43.28 1013.19  1944.8 2926.37 3859.06 4889.29
  43.28 1014.23  1946.8 2929.37 3863.03 4894.29
  43.28 1015.26 1948.78 2932.37 3867.03 4899.28
  43.28 1016.29 1950.77 2935.36 3871.03 4904.28
43.3243 1017.29 1952.76 2938.36 3874.99 4909.28
43.3682 1018.29 1954.74 2941.33 3878.99 4914.28
43.3682 1019.29 1956.75 2944.35 3882.97 4919.28
43.3682 1020.33 1958.73 2947.33 3886.97 4924.28
43.3682 1021.33 1960.73 2950.34 3890.93  4929.3
43.3682 1022.33 1962.73 2953.34  3894.9 4934.33
43.4119 1023.33 1964.71 2956.34  3898.9 4939.31
43.4549 1024.34 1966.65 2959.34  3902.9 4944.31
43.4986 1025.37 1968.65 2962.34 3906.83 4949.31
43.4986 1026.37 1970.65 2965.35 3910.79 4954.33
43.4986 1027.37 1972.65 2968.36 3914.76 4959.36
43.4986 1028.41 1974.65 2971.36 3918.72 4964.37
43.4986 1029.44 1976.65 2974.34 3922.72 4969.35
43.4986 1030.47 1978.64 2977.34 3926.72 4974.34
43.4986 1031.51 1980.64 2980.34 3930.67 4979.34
43.5413 1032.53 1982.58 2983.34 3934.67 4984.34
43.5413 1033.56 1984.58 2986.33 3938.67 4989.32
43.5413 1034.56 1986.58 2989.33 3942.64 4994.35
 43.585 1035.56 1988.58 2992.33  3946.6 4999.35