3.33333       2 3.33333       4       5 3.33333
5.90476       3 5.33333       7 8.85714 5.90476
5.90476       4  7.5985 9.97303 12.6189 10.9048
6.91682 4.68559 8.90086  12.973 16.6189 15.9048
8.04263 5.44823 10.9009 15.0846 20.6189 20.9048
9.22439 6.44823 12.5026 17.3011 24.6189 25.9048
  10.58 7.44823   14.34 20.3011 28.6189 29.7117
11.7498 8.44823 15.9255 22.5457 32.6189 34.7117
12.9191 9.44823 17.5103 25.5457 35.8649 39.7117
12.9191 10.4482 19.6259 28.6321 39.8649 44.5097
13.9406 11.2744 21.6259 31.6321 43.0172 49.5097
15.0877 12.2744 23.4053 34.6321 47.0172 53.5833
16.1193 13.2744 25.0056 37.0002 51.0172 58.5833
16.1193 14.2744 27.0056 40.0288 55.1932 63.3787
16.1193 15.3101 28.9651 43.0288 59.1979 68.3787
16.1193 16.3101 30.9522 45.9807  63.259 73.3787
16.1193 17.3494 32.9522 48.9105 67.2899 78.3787
17.0185 18.3494 34.9522  51.639 71.2899  82.751
 17.883 19.2815 36.9522  54.639 75.2899 86.9544
18.7299 20.2815 38.9522 57.2266 78.8554 91.9544
19.6222 21.2815 40.9522 59.9531 82.8554 96.3356
20.4363 22.2815 42.6511 62.4402 86.8554 101.336
21.3238 23.2815 44.6511 65.1519 90.8554 105.736
22.1108 24.1409 46.6511 68.1519  94.209 110.736
22.1108 25.2047  48.707 71.1519  98.209 115.617
22.8957 26.2047  50.436 74.1519 101.695 120.617
22.8957 27.2047  52.436 77.1533 105.811 125.499
23.7063 28.2047  54.436 80.1533 109.558 129.942
24.4839 29.2047  56.436 82.7823 113.151 134.942
25.2923 30.2047  58.436 85.7823 116.887 139.398
25.2923 31.2438 60.4461 88.7331 120.887 144.398
25.9409  32.045 61.9962 91.7331 124.887 149.398
 26.706  33.045 63.8248 94.7331 128.887 153.804
 26.706  34.045 65.8232 97.6993 132.923 158.804
27.4359 34.9754 67.8232 100.699 136.923 163.144
27.4359 36.0018 69.8232 103.655 140.941 168.144
27.4359 37.0231 71.8038 106.655 144.939 173.144
27.4359 38.0231 73.8297 109.655 149.028 178.029
27.4359 39.0724 75.8672 112.655 153.028 182.942
27.4359 40.1218 77.9047 115.655 157.028 187.855
28.0909 41.1218 79.7646 118.655 161.028  192.34
28.7459 42.1218 81.6246 121.655 165.028 196.825
29.3722 43.1218 83.4029 124.655 168.624 201.825
29.3722 44.1445  85.381 127.655 172.623 206.825
29.3722 45.1445 87.3735 130.634 176.651 211.825
29.9449 46.0247 89.3735 133.181 180.651 216.825
30.5378 47.0247 91.1433 135.818 184.651 221.825
30.5378 48.0247 93.1361 138.788 188.689 226.825
31.1244 49.0247 94.9251 141.788 192.313 231.825
31.1244 50.0247 96.9251 144.794 196.391 236.741
31.1244 51.0535 98.9185 147.772 200.391 241.741
31.1244 52.0535  100.93 150.772 204.465 246.655
31.6794 53.0535 102.729 153.772 208.111 251.655
32.1863 53.9025 104.373 156.772 212.111 256.655
32.7481 54.9025 106.373 159.508 215.813 261.655
33.3201 55.9025 108.231 162.508 219.813 266.225
33.3201 56.9294 110.219 165.493 223.813 271.225
33.3201 57.9673 112.219  168.51 227.813  276.17
33.8777 58.9673 114.219 171.331 231.813 280.792
33.8777 59.9943 116.208 174.314 235.813 285.792
33.8777 60.9943 118.208  177.32 239.879  290.72
34.3756 61.8906 120.208 179.926 243.879  295.72
34.3756 62.9196 122.208 182.926 247.934 300.637
34.9019 63.9196 124.079 185.926 251.934  305.24
35.4324 64.9196 126.079 188.926 255.763  309.88
35.4324  65.956 128.079 191.942 259.763 314.827
35.9416  66.956 130.079   194.7 263.496 319.827
35.9416 67.9923 132.079 197.714 267.496 324.777
36.4254 68.9076 134.079 200.714 271.097 329.777
36.4254 69.9076 136.071 203.695 275.124 334.777
36.9028  70.824 138.071 206.695  278.73 339.777
36.9028 71.8514 140.071 209.695 282.773 344.706
37.3911 72.8021 142.071 212.695 286.773 349.267
37.3911 73.8343 144.071 215.711 290.773 354.219
37.8797 74.8343 145.954 218.711 294.773 358.848
37.8797 75.8667 147.954 221.728 298.773 363.798
37.8797  76.899 149.954 224.745 302.773 368.749
37.8797  77.899 151.971 227.768 306.773 373.709
 38.328 78.8208 153.971 230.768 310.403 378.709
 38.328 79.8208 155.971 233.779 314.453 383.649
 38.328 80.8511 157.971 236.797 318.453 388.601
38.7808 81.8065 159.971 239.797 322.453 393.193
38.7808 82.8257 161.964 242.784 326.453 398.193
38.7808 83.8257 163.964 245.796 330.502 403.132
39.2172 84.8257 165.809 248.796 334.221 408.132
39.2172 85.8448 167.801 251.785 338.221 413.132
39.2172 86.8448 169.816 254.808 342.221 418.093
39.6487 87.8448 171.816 257.612 345.986 423.093
39.6487 88.8448 173.831 260.633 349.986 428.056
39.6487 89.8697 175.831 263.633 354.023 432.994
39.6487 90.8981 177.831  266.65 358.023 437.949
40.0344 91.7823 179.561  269.65 362.023 442.949
40.4599 92.7823 181.561 272.516 366.023 447.657
40.8455 93.6665 183.291 275.516 370.023 452.657
40.8455 94.6923 185.291 278.534 374.023 457.614
40.8455 95.6923 187.302 281.556 378.023 462.581
40.8455 96.6923 189.293 284.549  382.04 467.581
40.8455 97.7057 191.293 287.531 386.045 472.581
41.2542 98.7057 193.293 290.531 389.907 477.309
41.2542  99.719 195.277 293.531  393.91 482.309
41.6589 100.719 197.277 296.531 397.774  487.04
41.6589 101.735 199.268 299.524 401.774  492.04
41.6589 102.735 201.273 302.524 405.817 496.992
41.6589 103.761 203.283 305.524 409.817 501.956
42.0373 104.761  205.13 308.299 413.817 506.956
42.4302 105.761  207.13 311.299 417.685 511.694
42.8232 106.761  209.13 314.299 421.554 516.433
42.8232 107.786  211.13 317.316 425.554 521.391
43.1948 108.722  213.13 320.316 429.247 526.391
 43.584 109.722  215.13 323.316 433.114 531.134
 43.584 110.722  217.13 326.329 437.151 536.084
43.9669 111.722 219.037 329.329 441.151 540.794
44.3295 112.643 221.037 332.045 445.151 545.794
44.7072 113.643 223.037 334.875 448.944 550.794
44.7072 114.664 225.037 337.875 452.976 555.741
44.7072 115.664 227.044 340.875 457.015 560.696
44.7072 116.664 229.044 343.885 461.051 565.648
44.7072 117.664 231.044 346.896 465.088 570.601
45.0789 118.664 233.044  349.78 469.088 575.345
45.0789 119.664 235.044 352.791 473.126 580.297
45.0789 120.684 237.044 355.791 477.159 585.244
45.4446 121.684 239.044 358.677 481.159 589.992
45.8109 122.684 241.044 361.677 485.037 594.747
46.1772 123.684 243.044 364.677 488.915 599.502
46.1772 124.696 245.044 367.663 492.918 604.502
46.1772 125.696 247.057 370.683 496.918 609.469
46.5079 126.597 248.826 373.683 500.918 614.469
46.8675 127.597 250.826 376.573 504.918  619.22
47.2209 128.597 252.826 379.412 508.725  624.22
47.2209 129.608 254.814 382.412 512.725  629.22
47.2209 130.627 256.814 385.412 516.758 634.168
47.2209 131.638 258.802 388.412 520.758 639.168
47.2209 132.652 260.796 391.404 524.758 644.168
 47.556 133.594 262.796 394.404 528.482 649.168
47.8996 134.559 264.796 397.404 532.482 653.859
48.2369 135.559 266.661 400.202 536.482 658.859
48.5836 136.559 268.578 403.202 540.482 663.596
48.9235 137.559 270.457 406.202 544.263 668.596
48.9235 138.581 272.466 409.202 548.263 673.564
48.9235 139.593 274.454 412.202 552.264 678.564
48.9235 140.615 276.464 415.202 556.264 683.532
49.2565 141.615 278.345 418.202 560.049 688.532
49.5925 142.581 280.345 421.202 564.049  693.23
49.5925 143.592 282.334 424.202  568.05  698.23
 49.931 144.592 284.334 427.098  572.05 702.996
50.2642 145.592 286.334 429.948 575.867 707.996
50.2642 146.613 288.334 432.962 579.867  712.96
50.2642 147.626 290.327 435.956 583.867  717.96
50.5988 148.626 292.327 438.956 587.753 722.739
50.9281 149.594 294.327 441.956 591.753 727.443
50.9281 150.594 296.338 444.975 595.753 732.412
51.2604 151.594 298.338 447.975 599.641 737.192
 51.587 152.594 300.338 450.829 603.461 742.192
 51.587 153.605 302.338 453.817 607.461 747.192
51.9001 154.538 304.338 456.572 611.461 752.192
52.2174 155.482 306.338 459.572 615.199 757.192
52.5421 156.449 308.338 462.572 619.199 761.901
52.5421 157.469 310.338 465.586 623.199 766.866
52.5421 158.479 312.329 468.586 627.197 771.866
52.8656 159.479 314.252 471.586 631.197 776.619
52.8656 160.499 316.252 474.601 635.197 781.585
 53.173 161.432 318.252 477.361 639.197 786.585
 53.173 162.432  320.26 480.361 643.229 791.546
 53.173 163.451  322.26 483.375 647.229 796.513
53.4808 164.397  324.26 486.375 650.975 801.513
53.4808 165.417  326.27 489.375 654.975 806.482
53.4808 166.436 328.281 492.375 658.975 811.452
53.7811 167.371 330.281  495.14 662.975 816.452
53.7811  168.38 332.273  498.14 666.974 821.452
53.7811 169.392 334.269 501.132 670.974 826.452
53.7811 170.408 336.269 504.132 674.999 831.411
 54.069  171.32 338.069 507.132 678.999 836.411
54.3696  172.32 339.949 509.952 682.999 841.411
54.3696 173.338 341.949 512.964 686.999 846.381
54.6759 174.338 343.875 515.964 690.999 851.148
54.6759 175.338 345.885  518.98 694.999 856.123
54.9779 176.306 347.885  521.98 698.999 860.852
55.2824 177.306 349.812  524.98 702.999 865.621
55.2824 178.306 351.817  527.98  707.03 870.584
55.2824 179.306 353.827 530.996  711.03 875.558
55.2824 180.324 355.827  534.01  715.03 880.527
55.5698 181.261 357.827 536.785  719.03 885.527
55.8664 182.261 359.827  539.65 722.868 890.527
55.8664  183.27 361.818  542.65 726.868 895.527
55.8664 184.287 363.818 545.663 730.868 900.497
55.8664 185.287 365.824 548.663 734.898 905.462
55.8664 186.287  367.82 551.656 738.908 910.462
56.1568 187.287  369.82 554.524 742.749 915.462
56.1568 188.296 371.812 557.524 746.749 920.462
56.1568 189.304 373.804 560.524 750.749 925.462
56.4446 190.274 375.804 563.524 754.749 930.204
56.7299 191.274 377.703 566.524 758.564 935.204
56.7299 192.283 379.703 569.513 762.566 940.204
57.0071 193.223 381.703 572.296 766.566 945.204
57.2778  194.14 383.515 575.296 770.566 950.204
57.5484 195.058 385.327 578.296 774.566 955.204
 57.832 196.058 387.226 581.296 778.383 960.204
 57.832 197.074 389.233 584.296 782.383 965.181
 57.832 198.074 391.241  587.31 786.383  970.16
 57.832  199.09 393.248  590.31 790.383 975.136
58.1175  200.09 395.248  593.31 794.285  979.95
58.3936  201.04 397.248  596.31 798.058  984.95
 58.679  202.04 399.248  599.31 801.959 989.764
58.9519  202.98 401.248 602.098 805.959 994.764
58.9519  203.99 403.244 605.092 809.959 999.764
58.9519 205.003 405.244 608.092 813.981 1004.73
58.9519 206.018 407.244 611.103 817.981  1009.7
 59.215 206.937 409.061 614.103 821.981  1014.7
 59.215 207.937 411.057 617.098  825.99  1019.7
59.4932 208.937 412.988 620.098  829.99 1024.49
59.4932 209.952 414.994 623.098  833.99 1029.47
59.4932 210.952  416.99 626.094     838 1034.47
59.7615 211.904  418.99 629.094  841.78 1039.47
60.0331 212.904 420.893 632.094 845.604 1044.47
60.3046 213.904 422.797 635.094 849.429 1049.47
 60.573 214.856 424.797 638.094 853.209 1054.47
60.8413 215.808 426.797 641.094 856.989 1059.47
60.8413 216.808   428.8 644.094 861.012 1064.44
61.1133 217.777   430.8 647.094 865.012  1069.2
61.1133 218.785 432.795  650.09 869.012  1074.2
61.3705 219.706 434.617  653.09 873.012  1079.2
61.6395 220.706 436.522  656.09 876.838  1084.2
61.6395  221.72 438.527  659.09 880.838 1089.18
61.6395  222.72 440.527 662.099 884.858 1094.16
61.9042  223.72 442.419 664.942 888.858 1099.16
61.9042 224.733 444.419 667.953 892.858 1104.13
61.9042 225.733 446.424 670.966 896.858 1109.11
61.9042 226.733 448.419 673.964 900.866 1114.11
 62.171 227.733 450.351 676.964 904.866 1118.91
62.4358 228.703 452.351 679.964 908.866 1123.68
62.4358  229.71 454.343 682.964 912.867 1128.68
62.4358  230.71 456.343 685.972 916.888 1133.65
62.7017  231.71 458.343 688.972 920.793 1138.48
62.7017 232.717 460.335 691.972 924.795 1143.48
62.7017 233.717  462.34 694.986 928.795 1148.46
62.9649 234.717  464.34 697.903 932.795 1153.28
62.9649 235.723  466.34 700.896 936.795 1158.28
62.9649 236.735  468.34 703.896 940.814 1163.25
63.2215 237.735 470.249 706.896 944.649 1168.25
63.2215 238.735 472.251 709.896 948.671 1173.22
63.4805 239.735 474.186 712.896 952.671 1178.03
63.7304 240.678 476.186 715.703 956.671 1183.03
63.7304 241.685 478.186 718.696 960.672 1188.03
63.9821 242.639 480.186 721.696 964.466 1193.03
63.9821 243.646 482.186 724.689 968.466 1198.03
64.2355 244.646 484.096 727.689 972.303 1203.03
64.2355 245.657 486.096 730.689  976.32    1208
64.2355 246.668 488.096 733.689 980.338 1212.97
64.4815 247.612 490.096 736.498 984.338 1217.97
64.7312 248.612 491.994 739.351 988.338 1222.97
64.9867 249.612 493.994 742.269 992.338  1227.8
64.9867 250.625 495.999 745.269 996.338 1232.78
64.9867 251.632 497.991 748.269 1000.34 1237.78
65.2361 252.632 499.902 751.269 1004.18 1242.78
65.2361 253.645 501.906 754.269 1008.18 1247.77
 65.489 254.645 503.906 757.269 1012.09  1252.6
 65.489 255.658 505.911 760.269 1016.09 1257.59
 65.489 256.668 507.911 763.269 1020.11 1262.56
 65.489 257.675 509.911 766.262 1024.11 1267.56
65.7386 258.675 511.911 769.182 1028.11 1272.39
65.7386 259.688 513.915 772.182 1032.11 1277.37
65.9847 260.688 515.915 775.072 1035.97 1282.37
66.2243 261.634 517.915 777.886 1039.97 1287.37
66.2243 262.645 519.915 780.886 1043.99 1292.34
66.2243 263.645 521.911 783.883 1047.99 1297.34
 66.471 264.645 523.911 786.804 1051.99 1302.18
66.7152 265.645 525.911 789.694 1055.86 1307.18
66.7152 266.653 527.906 792.691 1059.86 1312.18
66.7152 267.661 529.902 795.687 1063.86 1317.18
66.9562 268.661 531.817 798.687  1067.7 1322.18
67.1948 269.618 533.817 801.687 1071.51 1327.18
67.1948  270.63 535.821 804.687 1075.51 1332.16
67.1948 271.637 537.821  807.68 1079.51 1337.16
67.4355 272.637 539.821 810.573 1083.37 1342.16
 67.676 273.609 541.821 813.573 1087.37 1346.95
67.9166 274.609 543.821 816.466 1091.24 1351.95
68.1559 275.609 545.737 819.466 1095.08 1356.95
68.3937 276.609 547.641 822.325 1099.08 1361.95
68.3937 277.617 549.636 825.321 1103.08 1366.95
68.6297 278.575 551.636 828.321 1106.89 1371.95
68.6297 279.575 553.633 831.319  1110.9 1376.95
68.6297 280.575 555.635 834.319 1114.91 1381.93
68.6297 281.583 557.631 837.316 1118.91 1386.93
68.6297 282.595 559.635 840.316 1122.91 1391.91
68.6297 283.603  561.63 843.312 1126.91 1396.91
68.6297 284.613  563.63 846.312 1130.93 1401.89
68.6297 285.623  565.63 849.312 1134.94 1406.86
68.6297 286.623 567.635 852.322 1138.94 1411.85
68.6297 287.623 569.635 855.327 1142.96 1416.83
68.8562 288.573 571.635 858.151 1146.96 1421.83
69.0874 289.573 573.554 861.151 1150.81 1426.83
69.3097 290.504 575.399 864.151 1154.81 1431.83
69.3097 291.514 577.399 867.151 1158.82  1436.8
69.5426 292.514 579.339 870.151 1162.82 1441.63
69.5426 293.514 581.341 873.151 1166.84 1446.61
69.5426 294.526 583.344 876.151 1170.84  1451.6
69.7691 295.485 585.344 879.151 1174.65  1456.6
70.0016 296.485 587.344 882.151 1178.57 1461.45
70.2304 297.485 589.264 885.151 1182.42 1466.45
70.4546 298.435 591.264 887.977 1186.42 1471.45
70.4546 299.435  593.26 890.975 1190.43 1476.45
70.4546 300.441 595.254 893.975 1194.43 1481.45
70.4546 301.452 597.254 896.982 1198.43 1486.43
70.6811 302.452 599.174 899.982 1202.28 1491.43
70.6811 303.459 601.169 902.979 1206.28 1496.43
70.9078 304.432 603.169 905.979 1210.28 1501.23
70.9078 305.442 605.169 908.979 1214.29 1506.21
71.1338 306.415 607.169 911.979 1218.29 1511.01
71.1338 307.425 609.169 914.987 1222.29 1515.99
71.3617 308.425 611.169 917.987 1226.21 1520.85
71.3617 309.431 613.169 920.981 1230.21 1525.85
71.3617 310.431 615.169 923.986 1234.22 1530.83
71.5846 311.431 617.091 926.986 1238.08 1535.83
71.5846 312.437 619.091 929.981 1242.08 1540.83
71.5846 313.437 621.091 932.987 1246.09 1545.81
71.8048 314.437 623.001 935.856 1250.09 1550.81
72.0297 315.437 625.001 938.856 1254.01 1555.67
72.2491 316.398 627.001 941.856 1257.83 1560.67
72.4706 317.398 628.923 944.856 1261.68 1565.67
72.6878  318.35 630.923 947.688 1265.68 1570.67
72.9012 319.284 632.776 950.688 1269.68 1575.67
72.9012 320.294 634.776 953.695 1273.68 1580.65
 73.122 321.294 636.698 956.695 1277.54 1585.65
73.3461 322.294 638.698 959.695 1281.46 1590.51
73.5691 323.294  640.64 962.695 1285.46 1595.35
73.5691 324.294  642.64   965.7 1289.47 1600.33
73.7812 325.229 644.492   968.7 1293.47 1605.33
73.9999 326.229 646.403 971.571 1297.47 1610.33
74.2186 327.229 648.313 974.443 1301.47 1615.33
74.4372 328.229 650.223 977.314 1305.47 1620.33
74.4372 329.236 652.218 980.312 1309.47 1625.33
74.6599 330.236 654.218 983.312 1313.39 1630.19
 74.882 331.236 656.218 986.238 1317.39 1635.04
75.0972 332.187 658.218 989.072 1321.39 1640.04
75.3165 333.187  660.14 992.072 1325.24 1645.04
 75.539 334.187  662.14 995.072 1329.16  1649.9
 75.539 335.193  664.14 998.066 1333.16  1654.9
 75.539 336.203 666.142 1001.07 1337.16 1659.89
75.7603 337.203 668.142 1004.07 1341.08 1664.75
75.7603 338.203 670.144 1007.07 1345.08 1669.74
75.9809 339.203 672.144 1010.07 1348.99  1674.6
 76.197 340.203 674.055 1012.95 1352.99  1679.6
 76.197 341.203 676.055 1015.95 1357.01 1684.58
76.4137 342.203 677.978 1018.95 1360.87 1689.58
76.6264 343.156 679.978 1021.79 1364.87 1694.58
76.6264 344.156 681.981  1024.8 1368.87 1699.57
76.6264 345.165 683.981  1027.8 1372.87 1704.56
76.8342 346.101 685.836  1030.8 1376.87 1709.56
77.0507 347.101 687.836 1033.71 1380.75 1714.56
77.0507 348.111 689.836 1036.71 1384.75 1719.54
77.2663 349.084 691.836 1039.71 1388.75 1724.35
77.4791 350.046 693.836 1042.71 1392.57 1729.35
 77.696 351.046 695.778 1045.71 1396.57  1734.2
 77.696 352.046  697.78 1048.72 1400.57 1739.19
77.9109  353.02  699.78 1051.72 1404.57    1744
78.1283  354.02  701.78 1054.72 1408.49 1748.86
78.1283  355.03 703.782 1057.72 1412.49 1753.85
78.3344 355.967 705.639 1060.72 1416.49 1758.85
 78.544 356.919 707.639 1063.56 1420.49 1763.85
78.7602 357.919 709.639 1066.49 1424.49 1768.71
78.9765 358.919 711.639 1069.41 1428.49 1773.56
78.9765 359.919 713.639 1072.42  1432.5 1778.54
79.1921 360.919 715.639 1075.35  1436.5  1783.4
79.1921 361.919 717.639 1078.35 1440.52 1788.38
79.4076 362.919 719.639 1081.35 1444.44 1793.25
79.6187 363.919 721.553 1084.22 1448.44 1798.25
79.6187 364.919 723.553 1087.22 1452.45 1803.23
79.8335 365.919 725.553 1090.22 1456.37  1808.1
80.0441 366.919 727.467  1093.1 1460.37  1813.1
 80.252 367.872 729.467 1095.94 1464.37  1818.1
80.4638 368.872 731.391 1098.94 1468.24  1823.1
80.4638 369.877 733.391 1101.93 1472.24  1828.1
80.4638 370.877 735.387 1104.93 1476.24  1833.1
80.6754 371.877 737.387 1107.84 1480.12  1838.1
80.8841 372.839 739.387 1110.84 1483.95  1843.1
80.8841 373.839 741.387 1113.84 1487.97 1848.08
80.8841 374.839 743.389 1116.85 1491.97 1853.07
81.0956 375.839 745.333 1119.85 1495.97 1857.92
81.3051 376.839 747.258 1122.85 1499.83 1862.92
81.5171 377.839 749.258 1125.78 1503.83 1867.78
81.5171 378.839  751.26 1128.78 1507.83 1872.77
81.7291 379.839  753.26 1131.78 1511.75 1877.64
81.9406 380.839  755.26 1134.71 1515.75  1882.5
82.1525 381.839  757.26 1137.71 1519.67 1887.37
82.3634 382.839 759.204 1140.71 1523.67 1892.21
82.3634 383.839 761.206 1143.72 1527.67  1897.2
82.5699 384.802 763.206 1146.72  1531.5  1902.2
82.5699 385.807   765.2 1149.72  1535.5  1907.2
82.5699 386.816 767.202 1152.72  1539.5 1912.19
82.7754 387.779 769.202 1155.72 1543.33 1917.19
82.7754 388.784 771.202 1158.72 1547.33 1922.19
82.7754 389.792 773.202 1161.72 1551.33 1927.18
82.9846 390.792 775.202 1164.72 1555.25 1932.05
83.1839 391.731 777.064 1167.72 1559.25 1937.05
83.3921 392.731 779.008 1170.72 1563.25 1941.89
83.3921 393.739 781.008 1173.72 1567.27 1946.87
83.3921 394.748  783.01 1176.72 1571.27 1951.86
83.5983 395.748  785.01 1179.63 1575.15 1956.86
83.5983 396.757 787.011 1182.63 1579.15 1961.85
83.5983 397.762 789.011 1185.63 1583.15 1966.85
83.8034 398.762 791.011 1188.54 1587.03 1971.85
84.0101 399.762 793.011 1191.47 1591.03 1976.72
84.2149 400.736 795.011 1194.47 1595.03 1981.54
84.2149 401.736 797.007 1197.47 1599.04 1986.54
84.2149 402.736 799.007 1200.47 1603.05 1991.52
84.4164   403.7 801.007 1203.47 1606.89 1996.52
84.6224   404.7 803.007 1206.47 1610.81 2001.39
84.6224   405.7 805.008 1209.47 1614.82 2006.38
84.6224 406.708 807.008 1212.48 1618.82 2011.37
84.6224 407.708 809.004 1215.47 1622.83 2016.37
84.6224 408.713 811.004 1218.47 1626.83 2021.37
84.8261 409.713 813.004  1221.4 1630.83 2026.23
84.8261 410.713 815.001  1224.4 1634.83 2031.23
85.0296 411.713 817.001  1227.4 1638.75  2036.1
85.0296 412.713 819.001  1230.4 1642.77 2041.09
85.0296 413.713 821.001 1233.41 1646.78 2046.07
85.2229 414.653 822.868 1236.41 1650.78 2051.07
85.4245 415.653 824.814 1239.41 1654.78 2055.93
85.6226 416.617 826.814 1242.41 1658.61 2060.93
85.6226 417.617 828.816 1245.41 1662.61 2065.92
85.6226 418.617 830.812 1248.41 1666.62 2070.92
85.6226 419.623 832.808 1251.41 1670.62 2075.92
85.6226 420.631 834.808 1254.42 1674.62  2080.9
85.6226 421.636 836.802 1257.42 1678.62  2085.9
85.6226 422.636 838.803 1260.42 1682.63 2090.89
85.6226  423.64 840.803 1263.41 1686.63 2095.89
85.8176 424.605 842.803 1266.41 1690.47 2100.89
86.0125  425.57 844.803 1269.41 1694.31 2105.89
86.2117  426.57 846.803 1272.41 1698.24 2110.77
86.4049 427.525 848.803 1275.27 1702.24 2115.77
86.5951 428.467 850.671 1278.27 1706.24 2120.77
86.5951 429.471 852.666 1281.27 1710.24 2125.77
86.7929 430.471 854.613 1284.27 1714.24 2130.62
86.7929 431.478 856.613 1287.27 1718.25  2135.6
86.7929 432.478 858.615 1290.27 1722.25 2140.59
86.9889 433.478 860.615 1293.19 1726.14 2145.59
86.9889 434.478 862.615 1296.19 1730.15 2150.58
87.1775  435.42 864.485 1299.19 1734.15 2155.58
87.1775 436.425  866.48 1302.19 1738.15 2160.58
87.3656 437.367  868.35 1305.19 1742.15 2165.58
87.3656 438.373  870.35 1308.19 1746.16 2170.56
87.3656 439.373 872.351  1311.2 1750.16 2175.55
87.5596 440.349 874.351  1314.2 1754.16 2180.38
87.5596 441.349 876.351  1317.2 1758.17 2185.37
87.7526 442.349 878.283  1320.2 1762.04 2190.37
87.7526 443.353 880.283  1323.2 1766.04 2195.37
87.9391 444.295 882.154  1326.2 1770.04 2200.37
87.9391 445.303 884.155  1329.2 1774.04 2205.36
88.1252 446.246 886.027  1332.2 1778.04 2210.36
88.1252 447.246 888.027  1335.2 1782.05 2215.35
88.1252 448.253 890.027 1338.21 1786.05 2220.34
88.3173 449.253 892.027 1341.12 1789.95 2225.34
88.5026 450.195 893.899 1344.12 1793.95 2230.34
88.6954 451.195 895.846 1347.12 1797.95 2235.19
88.6954   452.2  897.84 1350.12 1801.95 2240.19
88.8863   453.2 899.772 1353.12 1805.83 2245.19
89.0761   454.2 901.693 1356.01 1809.83 2250.19
89.2689   455.2 903.693 1358.95 1813.83 2255.07
89.4582 456.165 905.693 1361.95 1817.67 2260.07
89.4582  457.17 907.688 1364.95 1821.67 2265.07
89.4582 458.173 909.688 1367.94 1825.67 2270.07
89.6497 459.173 911.636 1370.94 1829.67 2274.93
89.8417 460.173 913.636 1373.88 1833.67  2279.8
90.0302 461.139 915.636 1376.88 1837.52  2284.8
90.0302 462.145 917.636 1379.89 1841.52 2289.79
90.0302 463.145 919.636 1382.89 1845.52 2294.78
90.2213 464.145 921.636 1385.83 1849.52 2299.65
90.2213  465.15 923.632 1388.83 1853.52 2304.65
90.4121  466.15 925.632 1391.77 1857.52 2309.52
90.4121  467.15 927.631 1394.77 1861.53 2314.51
90.4121 468.155 929.626 1397.77 1865.53 2319.51
90.5991 469.155 931.549 1400.66 1869.53 2324.51
90.7894 470.155 933.549 1403.66 1873.46 2329.39
90.9781 471.155 935.549 1406.57 1877.35 2334.39
90.9781 472.162 937.549 1409.57 1881.35 2339.39
91.1664 473.162 939.549 1412.49 1885.24 2344.39
91.3559 474.162 941.549 1415.43 1889.24 2349.26
 91.544 475.138 943.549 1418.43 1893.24  2354.1
91.7338 476.138 945.549 1421.43 1897.17 2358.98
91.9237 477.138 947.549 1424.43  1901.1 2363.86
91.9237 478.146  949.55 1427.43  1905.1 2368.85
91.9237 479.146 951.546 1430.43  1909.1 2373.85
 92.109 480.112 953.546 1433.43 1912.95 2378.85
92.2981 481.112 955.546 1436.43 1916.88 2383.74
92.4854 482.088 957.546 1439.43 1920.88 2388.57
92.6707 483.054 959.546 1442.43 1924.73 2393.57
92.8598 484.054 961.546 1445.43 1928.65 2398.46
92.8598 485.054 963.546 1448.43 1932.66 2403.44
92.8598 486.054 965.547 1451.44 1936.66 2408.44
92.8598 487.054 967.548 1454.45 1940.66 2413.43
92.8598 488.059 969.543 1457.45 1944.66 2418.43
92.8598 489.066 971.544 1460.45 1948.66 2423.42
92.8598  490.07  973.54 1463.45 1952.66 2428.42
93.0429 491.037  975.54 1466.45 1956.51 2433.42
93.0429 492.037  977.54 1469.45 1960.53 2438.41
93.0429 493.037 979.536 1472.45 1964.53 2443.41
93.2267 494.037 981.471 1475.45 1968.41 2448.41
93.2267  495.04 983.471 1478.45 1972.41 2453.41
93.4106 496.017 985.471 1481.45 1976.41 2458.25
93.4106 497.024 987.472 1484.45 1980.41 2463.24
93.5955 498.024 989.472 1487.39 1984.41 2468.11
93.5955 499.028 991.472 1490.38 1988.41 2473.11
93.7789 500.028 993.472  1493.3  1992.3 2478.11
93.9617 501.028 995.408  1496.3 1996.19 2483.11
 94.143 501.995 997.408  1499.3 2000.04 2488.11
 94.143 503.001 999.408  1502.3 2004.05  2493.1
94.3223 503.959 1001.41 1505.17 2008.05  2498.1
94.3223 504.965 1003.41 1508.17 2012.05 2503.09
94.5043 505.965 1005.34 1511.17 2015.93 2508.09
94.6867 506.942 1007.34 1514.17 2019.93 2512.93
94.8691 507.918 1009.34 1517.17 2023.93 2517.77
95.0501 508.918 1011.27 1520.06 2027.93 2522.77
95.2334 509.918 1013.22 1523.06 2031.93 2527.64
95.2334 510.918 1015.22 1526.06 2035.94 2532.63
95.2334 511.925 1017.22 1529.06 2039.94 2537.62
95.4151 512.902 1019.22 1532.06 2043.94 2542.46
 95.591 513.848  1021.1 1535.06 2047.94 2547.46
95.7727 514.824  1023.1 1538.06 2051.94  2552.3
95.7727 515.828  1025.1 1541.06 2055.94  2557.3
95.9506 516.786  1027.1 1543.93 2059.94  2562.3
95.9506 517.786  1029.1 1546.93 2063.94  2567.3
95.9506  518.79 1031.09 1549.93 2067.94  2572.3
96.1326  519.79 1033.09 1552.87 2071.94 2577.18
96.3146  520.79 1035.09 1555.81 2075.94 2582.06
96.3146 521.796 1037.09 1558.81 2079.94 2587.05
96.4916 522.755 1039.09 1561.68 2083.94 2592.05
  96.67 523.722 1041.09 1564.68  2087.8 2597.05
  96.67 524.722 1043.09 1567.68  2091.8 2602.03
96.8486 525.722 1045.02 1570.57  2095.8 2607.03
97.0287 526.722 1047.02  1573.5  2099.7 2612.03
97.0287 527.722 1049.02  1576.5  2103.7 2617.02
97.0287 528.722 1051.02  1579.5 2107.71 2622.01
97.0287 529.728 1053.02 1582.51 2111.71    2627
97.2044 530.687 1055.02 1585.37 2115.71    2632
97.3829 531.687 1056.95 1588.37  2119.6    2637
97.3829 532.687 1058.95 1591.37 2123.61 2641.99
97.3829 533.687 1060.96 1594.38 2127.61 2646.98
97.3829  534.69 1062.96 1597.38 2131.61 2651.98
97.5604  535.69 1064.89 1600.38 2135.49 2656.98
97.5604 536.694 1066.89 1603.38 2139.49 2661.98
97.5604   537.7 1068.89 1606.38 2143.49 2666.97
97.5604 538.705 1070.89 1609.38  2147.5 2671.96
 97.736 539.705 1072.82 1612.28  2151.5 2676.96
 97.736 540.711 1074.82 1615.28  2155.5 2681.95
 97.736 541.711 1076.82 1618.28 2159.51 2686.94
97.9068 542.658  1078.7 1621.28 2163.51 2691.94
98.0776 543.605 1080.58 1624.28 2167.51 2696.94
98.0776 544.608 1082.58 1627.28 2171.51 2701.94
98.2519 545.576 1084.58 1630.28 2175.37 2706.94
98.4278 546.553 1086.58 1633.28 2179.37 2711.79
98.6025 547.553 1088.51 1636.18 2183.37 2716.79
98.6025 548.553 1090.51 1639.18 2187.38 2721.78
98.6025 549.553 1092.51 1642.19 2191.38 2726.77
 98.778 550.553 1094.51 1645.11 2195.28 2731.77
98.9516  551.52 1096.51 1648.11 2199.14 2736.77
99.1252 552.488 1098.51 1651.11    2203 2741.77
99.1252 553.488  1100.5 1654.11    2207 2746.77
99.1252 554.494 1102.51 1657.11    2211 2751.76
99.1252 555.498  1104.5 1660.11    2215 2756.76
99.2998 556.498  1106.5 1663.03  2218.9 2761.76
99.4738 557.498 1108.44 1666.03 2222.79 2766.76
99.6469 558.498 1110.37 1668.93 2226.79 2771.76
99.8214 559.498 1112.37 1671.86 2230.69 2776.76
99.8214 560.503 1114.37 1674.86 2234.69 2781.75
99.8214 561.509 1116.37 1677.87 2238.69 2786.74
99.8214 562.509 1118.37 1680.87  2242.7 2791.73
99.8214 563.509 1120.37 1683.87  2246.7 2796.73
 99.993 564.477 1122.37 1686.87 2250.56 2801.73
 99.993 565.477 1124.37 1689.87 2254.57 2806.72
100.167 566.477 1126.37 1692.81 2258.57  2811.6
100.339 567.477 1128.31 1695.81 2262.46  2816.6
100.507 568.425 1130.19 1698.81 2266.46  2821.6
100.507  569.43 1132.19 1701.81 2270.47 2826.59
100.507  570.43 1134.19 1704.81 2274.47 2831.59
100.679  571.43 1136.19 1707.74 2278.37 2836.59
100.679  572.43 1138.18 1710.74 2282.38 2841.59
100.679 573.433 1140.18 1713.74 2286.38 2846.59
100.853 574.433 1142.18 1716.74 2290.31 2851.49
100.853 575.437 1144.18 1719.74 2294.31 2856.49
100.853 576.437 1146.18 1722.74 2298.32 2861.48
100.853 577.443 1148.18 1725.74 2302.32 2866.47
101.023 578.443 1150.12 1728.74 2306.21 2871.47
101.023 579.443 1152.12 1731.74 2310.22 2876.46
101.023 580.448 1154.12 1734.74 2314.22 2881.45
101.023 581.448 1156.12 1737.74 2318.22 2886.45
101.191 582.417 1158.12 1740.74 2322.09 2891.45
101.362 583.417 1160.12 1743.68 2326.09 2896.33
101.531 584.417 1162.05 1746.58 2330.09 2901.33
101.701 585.417 1163.99 1749.58 2333.98 2906.33
101.701 586.417 1165.98 1752.59 2337.98 2911.33
 101.87 587.417 1167.92 1755.59 2341.87 2916.33
 101.87 588.417 1169.92 1758.59 2345.88 2921.32
 102.04 589.417 1171.92 1761.53 2349.88 2926.21
102.208 590.417 1173.85 1764.43 2353.88 2931.21
102.208 591.417 1175.85 1767.43 2357.88 2936.21
102.372 592.366 1177.74 1770.43 2361.88 2941.21
 102.54 593.335 1179.74 1773.43 2365.74 2946.21
 102.54 594.338 1181.73 1776.43 2369.74 2951.21
102.709 595.338 1183.73 1779.36 2373.65 2956.21
102.876 596.338 1185.66 1782.26 2377.65 2961.21
102.876 597.343 1187.66 1785.26 2381.66  2966.2
103.045 598.321 1189.66 1788.26 2385.66 2971.05
103.045 599.321 1191.66 1791.26 2389.66 2976.05
103.045 600.325 1193.66 1794.26 2393.66 2981.05
103.045 601.328 1195.66 1797.26 2397.66 2986.05
103.213 602.328 1197.61 1800.26 2401.66 2990.92
103.213 603.328 1199.61 1803.26 2405.67 2995.91
103.213 604.333 1201.61 1806.27 2409.67  3000.9
103.378 605.302 1203.61 1809.27 2413.53  3005.9
103.544 606.271 1205.61 1812.27  2417.4  3010.9
 103.71 607.271 1207.54 1815.17  2421.4  3015.9
 103.71 608.275 1209.54 1818.17  2425.4  3020.9
103.877 609.275 1211.49 1821.17  2429.4 3025.78
104.043 610.275 1213.42 1824.07  2433.4 3030.78
104.043 611.275 1215.42 1827.07  2437.4 3035.78
104.043  612.28 1217.42 1830.08  2441.4 3040.77
104.043 613.286 1219.42 1833.08  2445.4 3045.77
104.043 614.286 1221.42 1836.08 2449.41 3050.76
104.204 615.236 1223.31 1839.08 2453.41 3055.76
104.204 616.239  1225.3 1842.08 2457.41 3060.76
104.204 617.239  1227.3 1845.08 2461.42 3065.75
104.204 618.239  1229.3 1848.09 2465.42 3070.75
104.368 619.239 1231.24 1851.09 2469.32 3075.75
104.368 620.244 1233.24 1854.09 2473.32 3080.74
 104.53 621.206 1235.24 1856.96 2477.32 3085.74
104.696 622.206  1237.2 1859.96 2481.32 3090.62
104.696 623.206  1239.2 1862.96 2485.33 3095.61
104.859 624.176  1241.2 1865.96  2489.2 3100.61
104.859 625.176 1243.19 1868.96  2493.2 3105.61
105.023 626.176 1245.15 1871.96  2497.2 3110.49
105.189 627.176 1247.15 1874.91  2501.2 3115.38
105.189 628.181 1249.15 1877.91  2505.2 3120.38
105.351 629.181 1251.08 1880.81  2509.2 3125.38
105.515 630.181 1253.02 1883.81 2513.09 3130.38
105.679 631.159 1255.02 1886.81 2517.09 3135.23
105.679 632.159 1257.02 1889.82 2521.09 3140.23
105.841 633.128 1259.02 1892.82 2524.96 3145.23
105.841 634.128 1261.02 1895.83 2528.96 3150.22
105.841 635.132 1263.01 1898.83 2532.96 3155.22
106.005 636.132 1265.01 1901.83  2536.9 3160.12
106.005 637.138 1267.01 1904.83  2540.9 3165.12
106.167 638.138 1268.95 1907.73  2544.9 3170.12
 106.33 639.138 1270.95 1910.66  2548.8 3175.12
 106.33 640.143 1272.95 1913.66  2552.8 3180.11
 106.33 641.149 1274.95 1916.66  2556.8 3185.11
 106.33 642.152 1276.94 1919.66 2560.81 3190.11
 106.33 643.156 1278.94 1922.66 2564.81 3195.11
 106.33  644.16 1280.94 1925.67 2568.81  3200.1
106.493  645.16 1282.94 1928.67 2572.74    3205
106.654  646.16 1284.94  1931.6 2576.65    3210
106.816  647.16 1286.94 1934.53 2580.56    3215
106.816  648.16 1288.93 1937.53 2584.56    3220
106.976 649.131 1290.93 1940.53 2588.43    3225
106.976 650.134 1292.93 1943.52 2592.43    3230
106.976 651.134 1294.93 1946.53 2596.44 3234.99
107.137 652.134 1296.93 1949.46 2600.34 3239.99
107.137 653.134 1298.93 1952.46 2604.35 3244.99
107.299 654.134 1300.93  1955.4 2608.35 3249.88
107.299 655.134 1302.93  1958.4 2612.35 3254.88
 107.46 656.134 1304.93 1961.35 2616.35 3259.78
107.621 657.134 1306.88 1964.35 2620.35 3264.66
107.621 658.134 1308.88 1967.35 2624.36 3269.65
107.621 659.134 1310.88 1970.35 2628.36 3274.65
107.621 660.138 1312.88 1973.36 2632.36 3279.64
107.779 661.109 1314.88 1976.36 2636.23 3284.64
107.779 662.112 1316.88 1979.35 2640.23 3289.64
107.779 663.115 1318.88 1982.35 2644.23 3294.64
107.938 664.094 1320.88 1985.35 2648.23 3299.51
108.093 665.046 1322.77 1988.35 2652.23 3304.51
108.251 666.017 1324.77 1991.35 2656.11 3309.51
108.411 667.017 1326.77 1994.35 2660.04 3314.41
108.571 668.017 1328.77 1997.28 2663.95 3319.41
108.571 669.017 1330.77 2000.29 2667.95  3324.4
108.729 669.995 1332.77 2003.29 2671.95 3329.27
108.888 670.974 1334.77 2006.29 2675.95 3334.13
108.888 671.977 1336.76 2009.29 2679.95 3339.13
108.888  672.98 1338.76 2012.29 2683.95 3344.13
109.048  673.98 1340.76 2015.29 2687.89 3349.03
109.048 674.985 1342.76 2018.29 2691.89 3354.03
109.048 675.988 1344.76 2021.29 2695.89 3359.03
109.048 676.992 1346.76 2024.29 2699.89 3364.02
109.048 677.992 1348.76  2027.3 2703.89 3369.01
109.201 678.945 1350.65  2030.3 2707.89 3374.01
109.201 679.948 1352.65  2033.3 2711.89 3379.01
109.201 680.948 1354.65  2036.3  2715.9    3384
109.201 681.953 1356.65  2039.3  2719.9    3389
109.358 682.953 1358.59  2042.3  2723.8    3394
109.513 683.924 1360.59  2045.3 2727.67    3399
109.513 684.929 1362.59  2048.3 2731.67 3403.99
109.513 685.933 1364.59  2051.3 2735.68 3408.98
109.513 686.938 1366.59  2054.3 2739.68 3413.98
109.513 687.938 1368.59 2057.31 2743.68 3418.97
109.513 688.938 1370.59 2060.31 2747.68 3423.96
109.669 689.938 1372.59 2063.24 2751.59 3428.96
109.823  690.91 1374.59 2066.24 2755.47 3433.96
109.823  691.91 1376.59 2069.25 2759.47 3438.95
109.823 692.914 1378.59 2072.25 2763.47 3443.95
109.823 693.918 1380.59 2075.25 2767.48 3448.94
109.823 694.923 1382.59 2078.26 2771.48 3453.93
109.974 695.876 1384.49 2081.26 2775.48 3458.93
 110.13 696.876 1386.49  2084.2 2779.48 3463.83
 110.13 697.876 1388.49 2087.21 2783.48 3468.82
 110.13 698.879 1390.49 2090.21 2787.48 3473.82
 110.13 699.879 1392.48 2093.21 2791.48 3478.81
 110.13 700.883 1394.48 2096.22 2795.48 3483.81
110.283 701.883 1396.43 2099.22 2799.38 3488.81
110.283 702.886 1398.43 2102.21 2803.38 3493.81
110.283  703.89 1400.43 2105.21 2807.39  3498.8
110.438  704.89 1402.43 2108.21 2811.32  3503.7
110.592  705.89 1404.43 2111.15 2815.24  3508.7
110.743 706.854 1406.43 2114.03 2819.24  3513.7
110.896 707.854 1408.38 2117.03 2823.14  3518.7
110.896 708.859 1410.38 2120.04 2827.14  3523.7
111.049 709.859 1412.32 2123.04 2831.04  3528.7
111.049 710.859 1414.32 2126.04 2835.04 3533.69
111.203 711.859 1416.32 2128.99 2839.04 3538.59
111.203 712.859 1418.32 2131.99 2843.04 3543.58
111.203 713.859 1420.32 2134.99 2847.05 3548.58
111.355 714.859 1422.26  2137.9 2851.05 3553.58
111.355 715.859 1424.25  2140.9 2855.05 3558.58
111.507 716.859 1426.25 2143.84 2858.97 3563.58
111.507 717.864 1428.25 2146.84 2862.97 3568.57
111.659 718.864 1430.19 2149.75 2866.97 3573.57
111.809 719.828 1432.19 2152.64 2870.97 3578.57
111.957 720.782 1434.09 2155.64 2874.97 3583.57
111.957 721.787 1436.09 2158.64 2878.97 3588.56
111.957 722.791 1438.09 2161.64 2882.97 3593.56
111.957 723.791 1440.08 2164.64 2886.97 3598.56
112.109 724.791 1442.04 2167.64 2890.97 3603.45
112.109 725.794 1444.04 2170.64 2894.97 3608.45
112.256 726.748 1445.94 2173.64 2898.97 3613.45
112.256 727.751 1447.94 2176.64 2902.97 3618.45
112.256 728.751 1449.94 2179.64 2906.97 3623.45
112.406 729.751 1451.88 2182.55 2910.97 3628.45
112.556 730.723 1453.88 2185.55 2914.84 3633.45
112.708 731.723 1455.88  2188.5 2918.84 3638.35
112.708 732.727 1457.88 2191.51 2922.84 3643.34
112.708  733.73 1459.87 2194.51 2926.84 3648.34
112.859  734.73 1461.87 2197.45 2930.84 3653.24
113.009  735.73 1463.82 2200.45 2934.75 3658.24
113.009  736.73 1465.82 2203.45 2938.75 3663.24
113.161  737.73 1467.82 2206.45 2942.69 3668.15
113.161 738.734 1469.81 2209.46 2946.69 3673.15
113.312 739.734 1471.81 2212.46 2950.63 3678.06
113.463 740.734 1473.81 2215.39 2954.54 3683.06
113.463 741.734 1475.81 2218.39 2958.55 3688.05
113.609 742.688 1477.71 2221.39 2962.55 3693.05
113.609 743.692 1479.71 2224.39 2966.55 3698.04
113.759 744.692 1481.71 2227.34 2970.55 3702.95
113.909 745.692 1483.67 2230.34 2974.55 3707.84
114.058 746.664 1485.67 2233.34 2978.43 3712.84
114.207 747.664 1487.61 2236.25 2982.43 3717.84
114.207 748.668 1489.61 2239.26 2986.43 3722.83
114.354 749.634 1491.61 2242.15 2990.43 3727.83
114.354 750.638 1493.61 2245.15 2994.43 3732.82
114.354 751.642 1495.61 2248.15 2998.43 3737.82
114.354 752.645  1497.6 2251.15 3002.43 3742.82
114.354 753.647  1499.6 2254.15 3006.43 3747.82
114.354  754.65  1501.6 2257.15 3010.43 3752.82
114.503  755.65 1503.56 2260.15 3014.43 3757.71
114.651 756.622 1505.56 2263.15 3018.31 3762.71
114.651 757.622 1507.56 2266.15 3022.32  3767.7
114.651 758.622 1509.56 2269.15 3026.32  3772.7
114.651 759.625 1511.56 2272.15 3030.32  3777.7
114.799 760.625 1513.56  2275.1 3034.32  3782.6
114.799 761.625 1515.56 2278.11 3038.32 3787.59
114.946 762.598 1517.56 2281.11  3042.2 3792.59
114.946 763.601 1519.56  2284.1  3046.2 3797.59
114.946 764.605 1521.55  2287.1  3050.2 3802.59
114.946 765.608 1523.55  2290.1  3054.2 3807.59
114.946 766.611 1525.55  2293.1  3058.2 3812.59
115.093 767.591 1527.55  2296.1  3062.2 3817.46
115.093 768.594 1529.55  2299.1  3066.2 3822.46
115.241 769.594 1531.55  2302.1 3070.14 3827.37
115.385 770.559 1533.55 2304.99 3074.14 3832.37
115.385 771.559 1535.55 2307.99 3078.15 3837.37
115.385 772.562 1537.54 2310.99 3082.15 3842.37
115.532 773.542 1539.54 2313.99 3086.15 3847.24
115.532 774.547 1541.54 2316.99 3090.15 3852.24
115.674 775.502 1543.44 2319.99 3094.15 3857.24
115.674 776.505 1545.44 2322.99 3098.15 3862.24
115.674 777.505 1547.44    2326 3102.15 3867.23
115.818 778.471 1549.44 2328.89 3106.15 3872.23
115.818 779.474 1551.44 2331.89 3110.15 3877.23
115.962  780.44 1553.44 2334.78 3114.15 3882.23
115.962  781.44 1555.44 2337.78 3118.15 3887.23
116.103 782.396 1557.34 2340.78 3122.15 3892.23
 116.25 783.396 1559.34 2343.78 3126.09 3897.14
116.396 784.396 1561.34 2346.73 3130.09 3902.05
116.541 785.396 1563.29 2349.73    3134 3907.05
116.541 786.396 1565.29 2352.73    3138 3912.04
116.541 787.399 1567.29 2355.73    3142 3917.04
116.686 788.399 1569.23 2358.65    3146 3922.04
116.831 789.379 1571.23 2361.65    3150 3926.91
116.975 790.352 1573.23 2364.65 3153.89 3931.91
 117.12 791.352 1575.17 2367.65 3157.79 3936.91
 117.12 792.352 1577.17 2370.65  3161.8 3941.91
117.261 793.308 1579.08 2373.65  3165.8 3946.91
117.405 794.281 1581.08 2376.65 3169.68 3951.91
117.405 795.281 1583.07 2379.65 3173.68  3956.9
 117.55 796.281 1585.07  2382.6 3177.68 3961.81
117.695 797.281 1587.02  2385.6 3181.59 3966.81
117.695 798.285 1589.02  2388.6 3185.59  3971.8
117.695 799.288 1591.02 2391.61 3189.59  3976.8
117.695 800.288 1593.02 2394.61  3193.6 3981.79
117.839 801.268 1595.02 2397.61  3197.6 3986.67
117.983 802.248 1597.02 2400.61  3201.6 3991.54
117.983  803.25 1599.02 2403.61  3205.6 3996.54
118.127  804.25 1600.96 2406.61  3209.5 4001.54
 118.27  805.25 1602.91 2409.53  3213.5 4006.54
 118.27  806.25 1604.91 2412.53 3217.51 4011.54
118.415  807.25 1606.91 2415.48 3221.51 4016.44
118.556 808.217 1608.91 2418.37 3225.51 4021.44
118.556  809.22  1610.9 2421.37 3229.51 4026.44
118.556 810.223  1612.9 2424.37 3233.51 4031.44
118.556 811.223  1614.9 2427.37 3237.52 4036.43
118.556 812.223  1616.9 2430.38 3241.52 4041.43
  118.7 813.223 1618.86 2433.38 3245.52 4046.32
  118.7 814.227 1620.86 2436.38 3249.52 4051.32
118.843 815.227 1622.81 2439.38 3253.43 4056.32
118.982 816.184 1624.71 2442.38 3257.43 4061.32
119.125 817.164 1626.71 2445.38 3261.43  4066.2
119.268 818.144 1628.71 2448.38 3265.43 4071.07
119.412 819.144 1630.71 2451.38 3269.37 4075.99
119.555 820.144 1632.66 2454.38 3273.28 4080.99
119.555 821.144 1634.66 2457.38 3277.28 4085.98
119.694 822.101 1636.56 2460.38 3281.28 4090.98
119.837 823.101 1638.51 2463.38 3285.19 4095.98
119.976 824.057 1640.42 2466.38 3289.19 4100.98
119.976 825.057 1642.41 2469.38 3293.19 4105.98
119.976 826.061 1644.41 2472.38 3297.19 4110.98
120.118 827.041 1646.41 2475.38 3301.19 4115.86
120.257 827.997 1648.32 2478.38 3305.19 4120.86
120.257     829 1650.31 2481.38 3309.19 4125.86
120.398 829.973 1652.31 2484.38 3313.08 4130.86
120.398 830.977 1654.31 2487.38 3317.08 4135.85
 120.54 831.977 1656.26 2490.38 3320.99 4140.85
 120.68 832.944 1658.26 2493.27 3324.99 4145.85
120.823 833.944 1660.26 2496.27 3328.93 4150.77
120.966 834.944 1662.22 2499.27 3332.93 4155.67
121.108 835.944 1664.17 2502.27 3336.84 4160.67
 121.25 836.944 1666.12 2505.27 3340.75 4165.67
121.392 837.924 1668.12 2508.27 3344.75 4170.54
121.392 838.926 1670.12 2511.27 3348.75 4175.54
121.392 839.929 1672.12 2514.28 3352.75 4180.54
121.534 840.929 1674.12 2517.23 3356.75 4185.44
121.677 841.929 1676.12 2520.23 3360.69 4190.36
121.677 842.931 1678.12 2523.23 3364.69 4195.36
121.677 843.931 1680.12 2526.23 3368.69 4200.35
121.819 844.931 1682.12 2529.23 3372.63 4205.27
121.957 845.888 1684.02 2532.23 3376.63 4210.27
122.098 846.888 1685.97 2535.23 3380.54 4215.27
 122.24 847.888 1687.93 2538.23 3384.54 4220.17
 122.24 848.888 1689.93 2541.23 3388.54 4225.16
122.381 849.888 1691.87 2544.15 3392.54 4230.16
122.522 850.868 1693.87 2547.15 3396.54 4235.04
122.664 851.868 1695.87  2550.1 3400.54 4239.95
122.802 852.825 1697.78  2553.1 3404.54 4244.95
122.943 853.825 1699.73  2556.1 3408.45 4249.95
122.943 854.825 1701.73 2559.11 3412.46 4254.94
123.084 855.825 1703.73 2562.06 3416.46 4259.85
123.226 856.825 1705.73 2565.06  3420.4 4264.76
123.368 857.825 1707.73 2568.06 3424.34 4269.68
123.509 858.825 1709.67 2570.98 3428.34 4274.68
123.509 859.828 1711.67 2573.98 3432.34 4279.67
123.649 860.828 1713.62 2576.98 3436.25 4284.67
123.649 861.828 1715.62 2579.98 3440.26 4289.67
123.791 862.828 1717.62 2582.98  3444.2 4294.58
123.791 863.831 1719.61 2585.98  3448.2 4299.58
123.791 864.831 1721.61 2588.99  3452.2 4304.58
 123.93 865.805 1723.61 2591.99 3456.09 4309.58
124.071 866.785 1725.61 2594.99 3460.09 4314.46
124.212 867.785 1727.61 2597.94 3464.09 4319.37
124.349 868.742 1729.52 2600.94 3468.09 4324.37
 124.49 869.742 1731.52 2603.94 3472.03 4329.28
124.629 870.709 1733.52 2606.83 3476.03 4334.28
124.629 871.712 1735.52 2609.83 3480.04 4339.28
 124.77 872.712 1737.52 2612.78 3484.04 4344.18
 124.77 873.715 1739.52 2615.78 3488.04 4349.18
 124.77 874.719 1741.51 2618.78 3492.04 4354.17
 124.77 875.719 1743.51 2621.79 3496.04 4359.17
124.909 876.719 1745.46 2624.79 3499.96 4364.17
124.909 877.719 1747.46 2627.79 3503.96 4369.16
124.909 878.719 1749.46  2630.8 3507.96 4374.16
124.909 879.722 1751.46  2633.8 3511.96 4379.15
124.909 880.726 1753.46  2636.8 3515.96 4384.15
125.047   881.7 1755.46  2639.8 3519.85 4389.15
125.047 882.702 1757.46  2642.8 3523.85 4394.15
125.047 883.702 1759.45  2645.8 3527.85 4399.15
125.047 884.702 1761.45  2648.8 3531.85 4404.15
125.047 885.702 1763.45  2651.8 3535.86 4409.14
125.047 886.702 1765.45 2654.81 3539.86 4414.14
125.047 887.706 1767.45 2657.81 3543.86 4419.13
125.186 888.706 1769.41 2660.81 3547.86 4424.03
125.186  889.71 1771.41 2663.81 3551.86 4429.03
125.321 890.668 1773.31 2666.81 3555.86 4434.03
125.321 891.668 1775.31 2669.81 3559.86 4439.03
125.459 892.648 1777.31 2672.81 3563.86 4443.91
125.459 893.651 1779.31 2675.81 3567.86 4448.91
125.459 894.653 1781.31 2678.81 3571.86 4453.91
125.594  895.62 1783.31 2681.71 3575.86 4458.91
125.594  896.62 1785.31 2684.71 3579.87  4463.9
125.594 897.622  1787.3 2687.71 3583.87  4468.9
125.731 898.603  1789.3 2690.71 3587.87 4473.78
125.731 899.603  1791.3 2693.72 3591.87 4478.78
125.731 900.605  1793.3 2696.72 3595.86 4483.78
125.731 901.607  1795.3 2699.72 3599.86 4488.78
125.731 902.609  1797.3 2702.72 3603.86 4493.78
125.868 903.609  1799.3 2705.66 3607.79 4498.78
125.868 904.609  1801.3 2708.66 3611.79 4503.78
126.005 905.609  1803.3 2711.62 3615.79 4508.69
126.005 906.609 1805.29 2714.62 3619.79 4513.68
126.005 907.609 1807.29 2717.62  3623.8 4518.68
 126.14 908.577 1809.29 2720.52  3627.8 4523.68
 126.14 909.579 1811.29 2723.52  3631.8 4528.68
 126.14 910.579 1813.29 2726.52  3635.8 4533.67
126.276 911.579 1815.29 2729.47  3639.8 4538.58
126.413 912.579 1817.29 2732.42 3643.72 4543.58
126.547 913.553 1819.29 2735.42 3647.61 4548.58
126.547 914.553 1821.29 2738.42 3651.62 4553.57
126.547 915.553 1823.29 2741.42 3655.62 4558.57
126.684 916.553 1825.29 2744.38 3659.62 4563.48
 126.82 917.553 1827.29 2747.38 3663.56  4568.4
126.957 918.553 1829.29 2750.33 3667.56 4573.31
127.092 919.553 1831.29 2753.27 3671.49 4578.31
127.092 920.553 1833.29 2756.27 3675.49  4583.3
127.092 921.556 1835.29 2759.27 3679.49  4588.3
127.226 922.524 1837.29 2762.17 3683.49  4593.3
127.226 923.528 1839.29 2765.17 3687.49 4598.29
127.226 924.531 1841.29 2768.17 3691.49 4603.29
127.361 925.531 1843.24 2771.17 3695.41 4608.29
127.497 926.531 1845.24 2774.17 3699.35 4613.21
127.497 927.531 1847.24 2777.18 3703.35 4618.21
127.497 928.534 1849.24 2780.18 3707.36  4623.2
127.631 929.515 1851.24 2783.18 3711.36 4628.08
127.763 930.473 1853.14 2786.18 3715.36 4633.08
127.763 931.476 1855.14 2789.18 3719.36 4638.08
127.898 932.476 1857.11 2792.18 3723.36 4642.98
128.033 933.476 1859.11 2795.12 3727.29 4647.98
128.168 934.476 1861.07 2798.12 3731.29 4652.88
128.303 935.457 1863.07 2801.12 3735.29 4657.77
128.303  936.46 1865.07 2804.12 3739.29 4662.76
128.437 937.441 1867.07 2807.12 3743.29 4667.65
128.571 938.422 1869.07 2810.12 3747.29 4672.53
128.571 939.424 1871.06 2813.12 3751.29 4677.53
128.571 940.424 1873.06 2816.12  3755.3 4682.52
128.706 941.424 1875.06 2819.07  3759.3 4687.44
128.841 942.424 1877.06 2822.03  3763.3 4692.35
128.975 943.424 1879.01 2824.95  3767.3 4697.35
128.975 944.426    1881 2827.95  3771.3 4702.35
128.975 945.429    1883 2830.95  3775.3 4707.34
128.975 946.431    1885 2833.95  3779.3 4712.34
129.109 947.431    1887 2836.95 3783.24 4717.26
129.242 948.431 1888.95 2839.88 3787.24 4722.26
129.242 949.432 1890.95 2842.88 3791.24 4727.26
129.242 950.436 1892.95 2845.88 3795.24 4732.26
129.242 951.436 1894.94 2848.88 3799.25 4737.26
129.242 952.436 1896.94 2851.88 3803.25 4742.25
129.376 953.436  1898.9 2854.88 3807.25 4747.15
 129.51 954.436  1900.9 2857.88  3811.2 4752.07
129.644 955.436  1902.9 2860.88 3815.14 4756.99
129.644 956.439  1904.9 2863.88 3819.14 4761.99
129.644 957.441  1906.9 2866.88 3823.14 4766.99
129.644 958.444  1908.9 2869.88 3827.14 4771.99
129.778 959.444  1910.9 2872.84 3831.14  4776.9
129.909 960.419  1912.9 2875.84 3835.03  4781.9
129.909 961.419  1914.9 2878.84 3839.03 4786.89
130.043 962.419  1916.9 2881.84 3842.98 4791.81
130.176 963.419 1918.86 2884.84 3846.98 4796.72
130.308 964.394 1920.86 2887.84 3850.87 4801.72
130.441 965.394 1922.83 2890.84 3854.87 4806.62
130.574 966.394 1924.83 2893.84 3858.82 4811.54
130.707 967.394 1926.78 2896.84 3862.73 4816.54
130.707 968.394 1928.78 2899.84 3866.74 4821.54
 130.84 969.394 1930.78 2902.79 3870.66 4826.54
 130.84 970.396 1932.78 2905.79 3874.66 4831.54
130.969 971.355 1934.69 2908.79 3878.66 4836.54
130.969 972.355 1936.69 2911.79 3882.67 4841.53
131.101 973.355 1938.64 2914.79 3886.58 4846.53
131.233 974.337 1940.64 2917.79 3890.58 4851.42
131.366 975.337 1942.64 2920.73 3894.51 4856.42
131.366  976.34 1944.64 2923.73 3898.51 4861.41
131.497 977.315 1946.64 2926.73 3902.41 4866.41
131.497 978.317 1948.64 2929.73 3906.41 4871.41
131.629 979.317 1950.64 2932.69 3910.41 4876.33
131.761 980.317 1952.59 2935.69 3914.32 4881.33
131.893 981.298 1954.59 2938.69 3918.32 4886.21
132.026 982.298 1956.59 2941.69 3922.27 4891.13
132.158 983.298 1958.59 2944.63 3926.19 4896.13
 132.29 984.298 1960.54 2947.63 3930.11 4901.13
132.422 985.298 1962.51 2950.63 3934.11 4906.04
132.422 986.298  1964.5 2953.63 3938.11 4911.04
132.422 987.298  1966.5 2956.63 3942.11 4916.04
132.422   988.3  1968.5 2959.63 3946.11 4921.04
132.551  989.26 1970.41 2962.63 3950.11 4926.04
132.679 990.219 1972.32 2965.63 3954.11 4931.04
132.811 991.219 1974.28 2968.63 3958.11 4935.94
132.944 992.219 1976.28 2971.63 3962.06 4940.87
133.075 993.219 1978.23 2974.56 3966.06 4945.87
133.207 994.219 1980.23 2977.51 3970.06 4950.78