      1 3.33333 3.33333       4 3.33333       6
 1.3913 4.63768 4.63768       7 7.33333      11
 1.9653 5.63768 6.63768 9.88789 11.3333 15.5381
2.57867 6.63768 8.63768 12.8879 14.8705 20.3876
2.57867 7.63768 10.6985 15.9628 18.8705 25.2518
2.57867 9.11328 12.6985 18.9628 22.5163 30.1305
2.57867 10.5524 14.7038 21.9628 26.0719 35.1305
2.93554 11.5524 16.7387 24.9628 29.6801 40.1305
3.28075 12.5524 18.7387 27.8984 33.6801 44.8497
3.28075 13.8768 20.7387 30.8419 37.6801 49.5818
3.28075 14.8768  22.851 33.8419 41.5178 54.6317
3.28075 16.1957  24.851 36.8422 45.1986 59.6317
3.52958 17.4241  26.851 39.8422 49.1986 64.1545
3.52958 18.7156  28.851 42.7954 53.1986 68.9098
3.52958 19.7156  30.851 45.9096 57.0699 73.9244
3.52958 21.0238  32.851 48.9096 60.8566 78.8295
3.71404 22.1225 34.5678 51.9096 64.8566 83.8295
3.71404 23.3837 36.5678  54.869 68.8566 88.6087
3.89529 24.5249 38.5678 57.5467 72.8566 93.6087
3.89529 25.7769 40.5368 60.5467 76.8566 98.3877
4.09099 26.7769 42.5368 63.5467 80.7179 103.331
4.09099 27.7769 44.5368 66.6265   84.63 108.339
4.25713  28.905 46.5368 69.3323   88.63 113.339
4.43148 30.0888 48.5368 72.3323   92.63 117.981
4.61695 31.0888 50.5368 75.3323 96.5068 122.918
4.78327 32.2087 52.5368 78.0461 100.507 127.918
4.96402 33.2087 54.5221 81.0461 104.507 132.752
4.96402  34.418 56.5074 84.0461 108.312 137.752
4.96402  35.418 58.5618 87.0461  112.25  142.76
4.96402  36.418 60.5618 90.0998 116.188 147.769
5.12694  37.418 62.5493 93.0998 120.188 152.618
5.29044  38.418 64.5493  96.069 124.188 157.485
5.29044  39.418 66.5493 99.1209 128.133 162.488
5.44365 40.5594 68.5493 102.121 132.133 167.194
5.44365 41.7527 70.5493 105.121 136.021 172.113
5.44365 42.9308 72.5493 108.087 140.021 176.969
5.58859 44.0739 74.5493 111.087 144.021 181.681
5.58859 45.0739 76.5846  114.12 147.953 186.681
5.73451 46.0739 78.5846 117.099 151.953 191.555
5.73451 47.0739 80.5846  120.15 155.911 196.546
5.87696 48.0739 82.5846 123.135 159.784 201.546
5.87696 49.2346 84.5846 126.108 163.784 206.412
5.87696 50.3711 86.5371 129.019 167.784 211.412
5.87696 51.3711 88.5371 132.065 171.746 216.404
5.87696 52.3711 90.5802 135.065 175.709 221.398
5.87696 53.3711 92.6233 138.065 179.672 226.391
5.87696 54.3711 94.6663 141.065 183.636 231.385
6.00262 55.3711 96.6663 144.065 187.562 236.333
6.00262 56.4931 98.6251 146.984 191.562 241.333
6.12571 57.4931 100.625 149.984  195.49 246.281
6.24767 58.4931 102.625  152.97 199.382 251.281
6.24767 59.4931  104.65 155.988 203.382 256.239
6.24767 60.4931 106.674 159.006 207.382 261.196
6.35837 61.5649 108.674 161.824 211.382 266.196
6.47255 62.6705 110.674 164.824 215.382 270.977
6.47255 63.6705 112.674 167.861 219.351  275.97
6.58722 64.6705 114.671 170.861 223.351 280.859
6.70329 65.6705 116.671 173.861 227.287 285.808
6.81798 66.6705 118.667 176.861 231.176 290.808
6.93074 67.6705 120.629 179.786 235.176 295.808
6.93074 68.6705 122.666 182.786 239.146 300.801
6.93074 69.6705 124.702 185.786 243.116 305.795
7.03402 70.7088  126.56 188.786 247.116 310.795
7.03402 71.8336  128.56 191.786 251.047 315.739
7.13798 72.8953  130.56  194.62 255.047 320.739
7.13798 74.0112  132.56   197.6 258.952 325.739
7.24324 75.1026  134.56   200.6 262.952 330.543
7.24324 76.2175  136.56 203.578 266.952  335.45
  7.342 77.2568 138.422 206.578 270.952  340.45
  7.342 78.3681 140.414 209.578 274.952 345.347
7.44621 79.3681 142.407 212.578 278.854 350.347
7.55043 80.3681   144.4 215.578 282.757 355.347
 7.6549 81.3681   146.4 218.561  286.67 360.347
 7.6549 82.4749 148.391 221.561  290.67 365.249
 7.6549  83.584 150.391  224.54  294.67  370.16
7.75408  84.667 152.391  227.54 298.487  375.16
 7.8557  85.667 154.391 230.522 302.487 380.077
 7.8557  86.667  156.42 233.522 306.463 385.072
 7.8557 87.7734  158.42 236.503 310.375 390.072
7.95459 88.7734 160.415 239.503 314.282 395.072
8.05439 89.7734 162.415 242.503 318.226 400.029
8.05439 90.8774 164.415 245.485 322.139 405.029
8.05439 91.9784 166.407 248.485 326.139 409.936
8.14508 93.0141  168.28 251.485 330.139 414.936
8.24176 94.0141  170.28  254.47 334.058 419.936
8.24176 95.0141 172.296 257.483 338.058 424.908
8.24176 96.0141 174.296 260.511 342.033 429.904
8.24176 97.0141 176.322 263.511 346.009 434.902
8.24176 98.1125 178.322 266.495 349.927 439.902
8.24176 99.2083 180.314 269.495 353.927 444.815
8.24176 100.306 182.314 272.476 357.927 449.736
 8.3301 101.381 184.314 275.476 361.763 454.736
8.41509 102.415 186.194 278.476 365.763 459.736
8.50535 103.415 188.194 281.463 369.686 464.736
8.50535  104.51 190.186 284.463   373.6 469.736
 8.5895 105.544 192.068 287.463   377.6 474.736
 8.5895 106.544 194.085 290.481 381.564 479.736
8.67784 107.544 196.085 293.469 385.489 484.736
8.76618 108.544 198.085 296.456 389.413 489.736
8.85268 109.615 200.085 299.456 393.255 494.736
8.85268 110.708 202.085 302.442 397.177 499.736
8.85268   111.8 204.077 305.442 401.093 504.736
 8.9393   112.8 206.077 308.431 405.017 509.736
 9.0264   113.8 208.077 311.431 408.963 514.702
 9.0264 114.891 210.077 314.417 412.885 519.702
 9.0264 115.891   212.1 317.417  416.86 524.705
9.11129 116.891 214.095 320.417 420.781 529.705
9.19629 117.891 216.095 323.407 424.706 534.705
9.19629 118.891 218.117 326.407  428.68 539.709
9.28034 119.891 220.117  329.39  432.68 544.642
9.28034 120.977 222.111  332.39   436.6 549.642
9.36364 121.977 224.111 335.373   440.6 554.575
9.36364 123.061 226.101 338.373   444.6 559.501
 9.4432 124.106 228.101 341.248   448.6 564.501
9.52275 125.152 230.101 344.123   452.6 569.501
9.60107 126.181 231.994 347.123   456.6 574.501
9.68358 127.181 233.987 350.123 460.524 579.501
9.68358 128.266 235.987  353.11 464.452 584.501
9.76395  129.33 237.987  356.11 468.308 589.501
9.84571  130.33 239.987 359.092 472.308 594.437
9.92613 131.395 241.987 362.092 476.308 599.292
9.92613 132.479 243.987 365.079 480.237 604.292
10.0059 133.543 245.987 368.079 484.237 609.148
10.0059 134.632 247.987 371.079 488.183 614.113
10.0059 135.632 249.998 374.088 492.183 619.093
10.0857 136.632 251.993 377.088 496.109 624.093
10.0857 137.714 253.993 380.075  500.04 629.093
10.1636 138.778 255.993 383.075  504.04 633.951
10.1636  139.86 257.993 386.062  507.97 638.951
10.1636  140.86 260.003 389.071  511.97 643.931
10.1636  141.86 262.019 392.087 515.939 648.931
10.1636  142.86  264.03 395.096 519.939 653.912
10.2408  143.86  266.03 398.096 523.891 658.882
10.3164 144.922  268.03 401.096 527.891 663.745
10.3164 145.922  270.03 404.118 531.868 668.746
10.3925 146.922 272.021 407.118 535.868 673.678
10.3925 147.922 274.036 410.134 539.838 678.678
10.3925     149 276.036 413.122 543.771 683.678
10.4676     150 278.031 416.122 547.701 688.678
10.4676     151 280.042 419.132 551.701 693.658
10.4676     152 282.057 422.147 555.671 698.658
10.5418     153 284.057 425.137 559.606 703.658
10.5418     154 286.067 428.146 563.606 708.639
 10.612 155.025 287.972 431.146 567.606 713.639
 10.612 156.097 289.964 434.146 571.606 718.574
 10.612 157.171 291.964 437.132 575.606 723.516
10.6843 158.171 293.955 440.132 579.606 728.452
10.6843 159.245 295.955 443.121 583.543 733.452
10.6843 160.317 297.947 446.121 587.543 738.388
10.7527 161.342 299.853 449.121 591.543 743.388
10.7527 162.342 301.853 452.142 595.522 748.388
10.7527 163.342 303.853 455.163 599.501 753.388
10.8232 164.342 305.853 458.149 603.501 758.331
10.8232 165.342 307.853  461.17  607.48 763.331
10.8937 166.342 309.853  464.17 611.437 768.304
10.9628 167.397 311.853  467.17 615.313 773.304
10.9628 168.397 313.862  470.18 619.313 778.285
10.9628 169.466 315.862 473.166 623.313 783.229
11.0313 170.466 317.836 476.123 627.313 788.229
11.0313 171.466 319.849 479.138 631.286 793.229
11.0313 172.535 321.849 482.125 635.286 798.174
11.0313 173.535 323.866 485.125 639.267 803.176
11.0313 174.604 325.866 488.112 643.267  808.12
11.0313 175.604 327.875 491.121 647.267 813.102
11.0313 176.663 329.853 494.084 651.267 818.102
11.0313 177.663 331.862 497.093 655.267 823.085
11.0313 178.729 333.854 500.093 659.267 828.026
11.0972 179.729 335.846 503.093 663.267 832.967
11.1621 180.782 337.846 506.093  667.15 837.967
11.1621 181.782 339.863 509.093 671.132 842.969
11.1621 182.782 341.863 512.112 675.112 847.969
11.2246 183.805 343.777 515.112 679.112 852.969
11.2246 184.805 345.789 518.127 683.086 857.969
11.2246 185.871 347.783 521.127 687.026 862.969
11.2884 186.871 349.759 524.087 691.026 867.969
11.3522 187.871 351.734 527.048 695.026 872.969
11.3522 188.936 353.734 530.035 699.026 877.917
11.3522 189.993 355.713 532.999 703.026 882.917
11.3522 190.993 357.721 536.008 707.026   887.9
11.4146 192.043 359.721 539.008 710.914   892.9
11.4754 193.066 361.637 542.008 714.914   897.9
11.5386 194.066 363.637 544.996 718.914  902.85
11.5386 195.066 365.652 547.996 722.897 907.852
11.5386  196.13 367.652 550.986 726.842 912.852
11.5386  197.13 369.666 553.986 730.825 917.854
11.6003  198.13 371.643 556.948 734.825 922.854
11.6003  199.13 373.643 559.966 738.806 927.855
11.6003 200.193 375.637 562.966 742.749 932.855
11.6003 201.254 377.629 565.966 746.749 937.801
11.6615 202.254 379.621 568.966 750.749 942.748
11.7228 203.254 381.615 571.966 754.694 947.748
11.7228 204.254  383.63 574.966 758.677  952.75
11.7832 205.254 385.606 577.929 762.677  957.75
11.7832 206.315 387.598 580.929 766.677 962.698
11.7832 207.377 389.598 583.919 770.624 967.698
11.8427 208.425 391.598 586.919 774.517 972.698
11.8427 209.487 393.598  589.91 778.464 977.698
11.9027 210.487  395.59  592.91 782.464 982.646
11.9626 211.487  397.59 595.898 786.464 987.598
12.0229 212.487  399.59 598.898 790.427 992.575
12.0229 213.487 401.601 601.911 794.404 997.575
12.0826 214.487 403.593 604.911 798.404 1002.52
12.1415 215.534 405.593 607.911 802.404 1007.42
12.1991 216.555 407.514 610.911 806.404 1012.42
 12.258 217.602 409.514 613.911 810.404 1017.31
 12.258 218.602 411.521  616.92 814.404  1022.3
12.3177 219.602 413.521  619.92 818.368 1027.27
12.3177 220.665 415.521  622.92  822.33 1032.25
12.3177 221.724 417.515  625.92 826.277 1037.25
12.3765 222.724 419.509  628.92 830.224 1042.25
12.3765 223.782 421.509 631.908 834.224  1047.2
12.3765 224.842 423.509   634.9 838.173  1052.2
12.3765 225.893  425.49 637.868 842.173  1057.2
12.4339 226.939  427.49 640.868 846.173  1062.1
12.4339 227.939 429.503 643.868 850.158  1067.1
12.4915 228.939 431.495 646.868 854.158 1072.05
12.5493 229.939  433.49 649.868 858.106 1077.05
12.5493 230.997  435.49 652.857 862.106    1082
12.5493 232.059  437.49 655.857  866.07 1086.98
12.6058 233.104  439.49 658.857 869.968 1091.98
12.6058 234.104 441.503 661.857 873.953 1096.98
12.6058 235.104 443.512  664.87 877.931 1101.98
12.6627 236.104 445.512  667.87 881.897 1106.96
12.7194 237.104 447.512 670.862 885.848 1111.96
12.7194 238.104 449.519  673.87 889.848 1116.94
12.7759 239.104 451.519 676.859 893.848  1121.9
12.7759 240.104 453.532 679.859 897.833  1126.9
12.7759  241.16 455.532 682.851 901.784  1131.9
12.7759  242.16 457.532 685.867 905.768  1136.9
12.7759  243.16 459.541  688.88 909.746  1141.9
12.8307 244.203 461.541  691.88 913.648  1146.9
12.8307 245.203 463.551 694.892 917.626  1151.9
12.8307 246.257 465.544 697.892 921.626 1156.85
12.8307 247.257 467.553 700.904 925.604 1161.85
12.8836 248.277 469.481 703.904 929.604 1166.85
12.8836 249.332 471.476 706.904 933.554 1171.85
12.9374 250.374 473.476 709.904 937.458 1176.85
12.9915 251.374 475.455 712.871 941.458 1181.85
12.9915  252.43 477.455 715.864  945.41 1186.85
13.0457  253.43 479.447 718.864  949.41  1191.8
13.0457 254.484 481.442 721.864 953.361  1196.8
13.0457 255.543 483.442 724.864 957.325 1201.78
13.0978 256.562 485.371 727.864 961.325 1206.78
13.1516 257.562 487.371 730.854 965.325 1211.74
13.1516 258.562 489.377 733.861 969.325 1216.72
13.2045 259.604 491.377 736.861 973.231 1221.72
13.2581 260.604 493.377 739.851 977.231 1226.68
13.2581 261.657 495.372 742.851 981.182 1231.68
13.3109 262.699 497.372 745.851 985.088 1236.68
13.3637  263.74 499.372 748.851 988.993 1241.68
13.3637 264.794 501.367 751.851 992.945 1246.68
13.3637 265.847 503.367 754.841 996.945 1251.64
13.3637 266.894 505.348 757.812 1000.94 1256.64
13.4147 267.913 507.278 760.812 1004.94 1261.64
13.4147 268.967 509.278 763.805  1008.9 1266.64
13.4147 269.967 511.283 766.813  1012.9 1271.62
 13.467 270.967 513.276 769.813  1016.9 1276.58
13.5189 271.967 515.255 772.781  1020.9 1281.58
13.5189 272.967 517.267 775.781 1024.88 1286.58
13.5189 274.018 519.259 778.781 1028.88 1291.54
13.5189 275.018 521.268 781.793 1032.86 1296.54
13.5189 276.018 523.268 784.809 1036.85 1301.54
13.5699 277.059 525.268 787.809 1040.85 1306.45
13.6209   278.1 527.268 790.809 1044.85 1311.36
13.6209   279.1 529.268 793.824 1048.83 1316.36
13.6722   280.1 531.263 796.824 1052.78 1321.36
13.7235   281.1 533.263 799.815 1056.78 1326.32
13.7235   282.1 535.263  802.83 1060.77 1331.32
13.7235   283.1 537.263 805.845 1064.75 1336.32
13.7747   284.1 539.263 808.845 1068.72  1341.3
13.7747 285.151 541.263 811.839 1072.68  1346.3
13.8254 286.151 543.255 814.839 1076.68 1351.25
13.8254 287.206 545.255 817.839 1080.64 1356.23
13.8254 288.206  547.26 820.846 1084.64 1361.22
 13.876 289.206  549.26 823.846 1088.61  1366.2
13.9258 290.245  551.26 826.846 1092.61 1371.11
13.9258 291.296  553.26  829.84 1096.57 1376.11
13.9755 292.336  555.26  832.84 1100.57 1381.02
14.0259 293.336  557.26  835.84 1104.54    1386
14.0762 294.336  559.26 838.833 1108.49    1391
14.1266 295.336  561.26 841.833 1112.46 1395.98
 14.177 296.336  563.26 844.833 1116.43 1400.96
14.2272 297.336 565.256 847.833 1120.39 1405.96
14.2272 298.336 567.261 850.841 1124.39 1410.95
14.2774 299.336 569.261 853.841 1128.35 1415.93
14.3276 300.336 571.261 856.841 1132.32 1420.91
14.3276 301.384 573.261 859.832 1136.32 1425.87
14.3276 302.427 575.244 862.807 1140.32 1430.87
14.3276 303.476 577.239 865.807 1144.28 1435.87
14.3772 304.476 579.234 868.807 1148.23 1440.87
14.4262 305.514 581.234 871.807 1152.23 1445.78
14.4262 306.556 583.218 874.781 1156.23 1450.78
14.4262 307.556 585.229 877.781 1160.22 1455.79
14.4262 308.556 587.239 880.781 1164.21 1460.79
14.4747 309.594 589.239 883.781 1168.21  1465.7
14.4747 310.643 591.239 886.775 1172.17  1470.7
14.4747 311.643 593.239  889.79 1176.15  1475.7
14.4747 312.643 595.247 892.801 1180.13  1480.7
14.4747 313.643 597.255 895.813 1184.11  1485.7
 14.523 314.643 599.255 898.804 1188.11 1490.66
14.5714 315.643 601.255 901.795 1192.11 1495.62
14.5714 316.643  603.26 904.802 1196.11 1500.61
14.5714 317.684 605.244 907.777 1200.11 1505.61
14.6189 318.721 607.244 910.777 1204.03 1510.61
14.6671 319.721 609.244 913.777    1208 1515.59
14.6671 320.767 611.244 916.769    1212 1520.56
 14.715 321.767 613.244 919.763 1215.96 1525.56
 14.715 322.767 615.244 922.777 1219.94 1530.56
 14.715 323.767 617.255 925.777 1223.93 1535.56
14.7626 324.767 619.255 928.771 1227.89 1540.56
14.8098 325.767 621.236 931.743 1231.89 1545.56
14.8098 326.814 623.236 934.737 1235.85 1550.56
14.8572 327.814 625.229 937.737 1239.85 1555.52
14.9046 328.814 627.229 940.731  1243.8 1560.52
14.9516  329.85 629.229 943.731 1247.72 1565.52
14.9516  330.85 631.234 946.738 1251.72  1570.5
14.9516 331.896  633.23 949.738 1255.68  1575.5
14.9984 332.896 635.211  952.71 1259.68  1580.5
14.9984 333.896 637.211 955.724 1263.66 1585.51
14.9984 334.942 639.211 958.719 1267.62 1590.51
14.9984 335.942 641.216 961.726 1271.62 1595.49
14.9984 336.942 643.224 964.737 1275.61 1600.49
15.0436 337.958 645.163 967.737 1279.61 1605.49
15.0901 338.958 647.163 970.728 1283.61 1610.46
15.0901 340.003 649.159 973.728 1287.56 1615.46
15.0901 341.049 651.159 976.722 1291.52 1620.46
15.0901 342.094 653.159 979.714 1295.52 1625.42
15.1362 343.094 655.154 982.714 1299.48 1630.42
15.1362 344.139 657.154 985.709 1303.44 1635.42
15.1362 345.139 659.165 988.709 1307.43 1640.42
15.1822 346.139 661.165 991.709  1311.4  1645.4
15.2275 347.174 663.165 994.709 1315.32  1650.4
15.2721 348.189 665.104 997.709 1319.32  1655.4
15.2721 349.233 667.104  1000.7 1323.32 1660.37
15.3173 350.268 669.104  1003.7 1327.24 1665.37
15.3173 351.268 671.109 1006.71 1331.24 1670.36
15.3628 352.268 673.109  1009.7 1335.24 1675.32
15.3628 353.312 675.109 1012.69 1339.24 1680.29
15.3628 354.312 677.116  1015.7 1343.22 1685.29
15.3628 355.312 679.121 1018.71 1347.22 1690.27
15.3628 356.355 681.121  1021.7 1351.22 1695.24
15.3628   357.4 683.117  1024.7 1355.18 1700.24
15.3628 358.443 685.117 1027.69 1359.18  1705.2
15.4073 359.443 687.099 1030.67 1363.18  1710.2
15.4073 360.481 689.083 1033.64 1367.18  1715.2
15.4073 361.526 691.083 1036.64 1371.14  1720.2
15.4073  362.57 693.083 1039.63  1375.1  1725.2
15.4512 363.605 695.083 1042.63  1379.1 1730.12
15.4957 364.605 697.083 1045.63 1383.08 1735.11
15.5398 365.605 699.066 1048.61 1387.08 1740.11
15.5398 366.648 701.062 1051.61 1391.04 1745.11
15.5398 367.692 703.058 1054.61    1395 1750.11
15.5398 368.739 705.058 1057.61 1398.97 1755.09
15.5829 369.762 707.058 1060.54 1402.97 1760.09
15.6266 370.762  709.04 1063.51 1406.97 1765.09
15.6697 371.785  711.04 1066.45 1410.97 1770.09
15.6697 372.829  713.04 1069.44 1414.93 1775.09
15.6697 373.872 715.036 1072.44 1418.89 1780.09
15.6697 374.915 717.036 1075.43 1422.89 1785.06
15.6697 375.958 719.036 1078.42 1426.89 1790.02
15.7132 376.958 721.036 1081.42 1430.89 1794.99
15.7563 377.992 723.036 1084.42 1434.81 1799.99
15.7563 378.992 725.036 1087.43  1438.8 1804.99
15.7563 380.035 727.032 1090.43 1442.76 1809.99
15.7563 381.078 729.032 1093.42 1446.76 1814.95
15.7563 382.078 731.032 1096.43 1450.75 1819.95
15.7563 383.078 733.041 1099.43 1454.74 1824.96
15.7992 384.078 735.041 1102.43  1458.7 1829.96
15.7992 385.121 737.037 1105.43 1462.66 1834.96
15.7992 386.163 739.037 1108.42 1466.66 1839.92
15.8407 387.178 740.981 1111.42 1470.66 1844.92
15.8823 388.193 742.924 1114.42 1474.66 1849.92
15.9251 389.193 744.924 1117.42 1478.63 1854.91
15.9677 390.193 746.924 1120.41 1482.59 1859.91
16.0104 391.193 748.919 1123.41 1486.56 1864.91
16.0531 392.193 750.919 1126.41 1490.52 1869.91
16.0958 393.193 752.915 1129.41 1494.48 1874.91
16.1385 394.193 754.915 1132.41 1498.45 1879.89
16.1809 395.193 756.898 1135.38 1502.45 1884.89
16.2232 396.226 758.898 1138.38 1506.45 1889.82
16.2651 397.248 760.898 1141.32 1510.45 1894.82
16.2651 398.289 762.892 1144.32 1514.45 1899.78
16.2651  399.33 764.892 1147.31 1518.45 1904.75
16.2651 400.367 766.878 1150.29 1522.45 1909.75
16.2651 401.409 768.878 1153.28 1526.42 1914.75
16.2651  402.45 770.878 1156.28 1530.42 1919.72
16.3068 403.483 772.878 1159.28 1534.42 1924.64
16.3068 404.483 774.884 1162.29  1538.4 1929.64
16.3068 405.527 776.884 1165.29 1542.37 1934.62
16.3068 406.568 778.878 1168.29 1546.37 1939.59
16.3068 407.613 780.878 1171.29 1550.35 1944.57
16.3482 408.613 782.861 1174.26 1554.35 1949.57
16.3482 409.654 784.857 1177.26 1558.31 1954.57
16.3482 410.696 786.857 1180.25 1562.27 1959.57
16.3897 411.696 788.857 1183.25 1566.24 1964.57
16.3897 412.696 790.864 1186.26 1570.22 1969.57
16.4307 413.729 792.864 1189.26 1574.15 1974.57
16.4307  414.77  794.86 1192.26 1578.11 1979.57
16.4307  415.77 796.863 1195.26 1582.11 1984.56
16.4307 416.811 798.863 1198.26 1586.11 1989.53
16.4307 417.852 800.863 1201.25 1590.07 1994.53
16.4716 418.852 802.863 1204.24 1594.07  1999.5
16.4716 419.896 804.863 1207.24 1598.05 2004.48
16.5122 420.896 806.847 1210.22 1602.05 2009.48
 16.553 421.896 808.843 1213.22 1606.01 2014.48
 16.553 422.936 810.837 1216.22 1610.01 2019.45
16.5938 423.936 812.837 1219.21 1614.01 2024.41
16.6338 424.958 814.837 1222.15 1618.01 2029.41
16.6338 425.998 816.837 1225.14 1622.01 2034.38
16.6338 426.998 818.844 1228.15 1625.99 2039.38
16.6338 428.042 820.844 1231.15 1629.97 2044.37
16.6742 429.042  822.84 1234.15 1633.93 2049.37
16.7139 430.063  824.84 1237.09 1637.93 2054.37
16.7139 431.063 826.844 1240.09 1641.93 2059.36
16.7542 432.063 828.844 1243.09 1645.93 2064.32
16.7938 433.085 830.844 1246.02 1649.93 2069.32
16.8339 434.085 832.828    1249 1653.93 2074.32
16.8339 435.125 834.828 1251.99 1657.93 2079.29
16.8742 436.125 836.828 1254.98 1661.93 2084.26
16.8742 437.125 838.828 1257.99 1665.92 2089.26
 16.914 438.156 840.828 1260.99 1669.92 2094.19
 16.914 439.191 842.814 1263.97 1673.92 2099.19
 16.914  440.23 844.814 1266.96 1677.92 2104.16
 16.954  441.23 846.814 1269.96 1681.88 2109.16
 16.954 442.271 848.814 1272.95 1685.85 2114.16
 16.954  443.31 850.808 1275.95 1689.85 2119.13
16.9937  444.31 852.802 1278.95 1693.85 2124.09
17.0332  445.31 854.786 1281.93 1697.85 2129.09
17.0332  446.35 856.786 1284.92 1701.81 2134.09
17.0726 447.381 858.786 1287.92 1705.74 2139.09
17.1123 448.381 860.786 1290.92 1709.71 2144.09
17.1123 449.381 862.793 1293.93 1713.69 2149.09
17.1123 450.381 864.793 1296.94 1717.68 2154.09
17.1515 451.381 866.777 1299.91 1721.68 2159.09
17.1515  452.42 868.773 1302.91 1725.65 2164.09
17.1907  453.42 870.758 1305.89 1729.65 2169.09
17.2301  454.42 872.758 1308.88 1733.65 2174.06
17.2695  455.42 874.752 1311.88 1737.65 2179.03
17.2695 456.459 876.752 1314.87 1741.65    2184
17.3078 457.473 878.699 1317.87 1745.65    2189
17.3078 458.473 880.703 1320.88 1749.65 2193.99
17.3078 459.512 882.703 1323.87 1753.61 2198.99
17.3463 460.533 884.703 1326.81 1757.61 2203.99
17.3845 461.547 886.651 1329.81 1761.61 2208.99
17.4233 462.577 888.651 1332.81 1765.61 2213.92
17.4617 463.598 890.651 1335.76 1769.61 2218.92
17.5005 464.628 892.651 1338.76 1773.61 2223.85
17.5005 465.628 894.654 1341.76 1777.61 2228.84
17.5005 466.669 896.654 1344.76 1781.59 2233.83
17.5005 467.703 898.641 1347.74 1785.59 2238.83
17.5005 468.741 900.641 1350.73 1789.59  2243.8
17.5393 469.741 902.641 1353.73 1793.56  2248.8
17.5393 470.741 904.649 1356.73 1797.55  2253.8
17.5393 471.779 906.643 1359.73 1801.55 2258.77
17.5393 472.779 908.647 1362.73 1805.55 2263.76
17.5393 473.779 910.652 1365.74 1809.53 2268.76
17.5774 474.809 912.652 1368.74 1813.53 2273.69
17.5774 475.847 914.652 1371.73  1817.5 2278.69
17.6157 476.847 916.646 1374.73  1821.5 2283.66
17.6541 477.847  918.64 1377.73  1825.5 2288.63
17.6541 478.847 920.648 1380.73 1829.49 2293.63
17.6541 479.847 922.654 1383.74 1833.47 2298.63
17.6541 480.847 924.658 1386.75 1837.47 2303.62
17.6923 481.847 926.658 1389.75 1841.45 2308.61
17.7303 482.847 928.652 1392.75 1845.45 2313.57
17.7303 483.884 930.646 1395.75 1849.45 2318.54
17.7684 484.884 932.646 1398.74 1853.45 2323.51
17.7684 485.924 934.646 1401.74 1857.43  2328.5
17.7684 486.961 936.641 1404.74 1861.43 2333.47
17.7684 487.999 938.641 1407.73 1865.39 2338.47
17.7684 489.037 940.641 1410.72 1869.39 2343.44
17.8052  490.05  942.59 1413.72 1873.39 2348.44
17.8429  491.05  944.59 1416.72 1877.39 2353.41
17.8429 492.088  946.59 1419.71 1881.36 2358.41
17.8429 493.088 948.594 1422.72 1885.36  2363.4
17.8429 494.121 950.581  1425.7 1889.36  2368.4
17.8795 495.134  952.53  1428.7 1893.36  2373.4
17.9167 496.134 954.516 1431.67 1897.36  2378.4
17.9542 497.134 956.511 1434.67 1901.33  2383.4
17.9542 498.174 958.511 1437.67  1905.3 2388.38
17.9914 499.174 960.496 1440.65  1909.3 2393.38
18.0286 500.174 962.482 1443.63  1913.3 2398.38
18.0656 501.203 964.482 1446.63 1917.24 2403.38
18.0656 502.203 966.489 1449.63 1921.23 2408.38
 18.103 503.203 968.489 1452.63 1925.21 2413.37
  18.14 504.231 970.489 1455.63 1929.14 2418.37
18.1771 505.231 972.474 1458.61 1933.14 2423.37
18.2136 506.244 974.425 1461.61 1937.14 2428.37
18.2136 507.277 976.412 1464.59 1941.14 2433.37
18.2136 508.316 978.412 1467.59 1945.12 2438.35
18.2136 509.316 980.412  1470.6 1949.11 2443.36
  18.25 510.335 982.412 1473.54 1953.11 2448.36
  18.25 511.372 984.407 1476.54 1957.07 2453.36
 18.287 512.372 986.403 1479.54 1961.04 2458.36
 18.287 513.372 988.408 1482.55 1965.03 2463.36
 18.287 514.372 990.414 1485.56 1969.02 2468.36
18.3239 515.372 992.414 1488.55 1972.98 2473.36
18.3605   516.4 994.414 1491.55 1976.98 2478.29
18.3973   517.4 996.409 1494.55 1980.95 2483.29
18.4339 518.429 998.409 1497.55 1984.95 2488.23
18.4339 519.465 1000.41 1500.54 1988.92 2493.23
18.4339 520.465 1002.41 1503.55 1992.91 2498.23
18.4339 521.501 1004.41 1506.55 1996.91  2503.2
18.4339  522.54 1006.41 1509.55 2000.89 2508.18
18.4701 523.568 1008.41 1512.55 2004.89 2513.12
18.4701 524.568 1010.41 1515.56 2008.88 2518.12
18.5063 525.596 1012.41 1518.56 2012.81 2523.12
18.5063 526.632 1014.41 1521.55 2016.78 2528.12
18.5063 527.664  1016.4 1524.53 2020.78 2533.12
18.5063 528.699  1018.4 1527.52 2024.78 2538.09
18.5063 529.736 1020.39 1530.52 2028.75 2543.09
18.5423 530.736 1022.38  1533.5 2032.75 2548.09
18.5423 531.736 1024.38 1536.51 2036.75 2553.08
18.5423 532.736 1026.38 1539.52 2040.74 2558.08
18.5423 533.772 1028.38 1542.51 2044.71 2563.08
18.5423 534.807 1030.38  1545.5 2048.71 2568.06
 18.578 535.835 1032.38  1548.5 2052.71 2572.99
 18.578 536.873 1034.38  1551.5 2056.69 2577.98
 18.578 537.909 1036.38  1554.5 2060.65 2582.98
18.6138 538.909 1038.38  1557.5 2064.62 2587.98
18.6138 539.945 1040.38 1560.49 2068.62 2592.95
18.6495 540.945 1042.38 1563.48 2072.62 2597.92
18.6852 541.945 1044.38 1566.48 2076.59 2602.92
18.7206 542.972 1046.38 1569.48 2080.53 2607.92
18.7206 544.007 1048.37 1572.48 2084.53 2612.89
18.7206 545.007 1050.37 1575.48 2088.53 2617.89
18.7206 546.007 1052.38 1578.49 2092.52 2622.89
18.7561 547.007 1054.38 1581.49 2096.49 2627.89
18.7916 548.007 1056.38 1584.48 2100.46 2632.89
18.7916 549.007 1058.38 1587.49 2104.44 2637.89
18.7916 550.007 1060.39  1590.5 2108.43 2642.89
 18.827 551.007 1062.39 1593.49 2112.43 2647.86
 18.827 552.007 1064.39  1596.5 2116.42 2652.86
18.8623 553.007 1066.38  1599.5 2120.39 2657.86
18.8976 554.007 1068.38 1602.49 2124.39 2662.83
18.8976 555.038 1070.37 1605.48 2128.39 2667.83
18.9328 556.038 1072.36 1608.48 2132.39  2672.8
18.9328 557.072 1074.36 1611.47 2136.39 2677.77
18.9328 558.109 1076.36 1614.47 2140.37 2682.76
18.9671 559.122 1078.32 1617.47 2144.37 2687.76
 19.002 560.149 1080.32 1620.47 2148.37  2692.7
 19.002 561.149 1082.32 1623.47 2152.36  2697.7
 19.002 562.184 1084.32 1626.46 2156.33  2702.7
 19.037 563.184 1086.32 1629.46  2160.3  2707.7
 19.037 564.184 1088.33 1632.46 2164.29  2712.7
19.0719 565.184 1090.33 1635.46 2168.26  2717.7
19.0719 566.215 1092.31 1638.44 2172.26  2722.7
19.0719 567.215 1094.32 1641.45 2176.24  2727.7
19.1067 568.215 1096.32 1644.44 2180.24 2732.68
19.1415 569.215 1098.32 1647.44 2184.22 2737.66
19.1415 570.249 1100.32 1650.44 2188.19 2742.66
 19.176 571.276 1102.32 1653.44 2192.19  2747.6
 19.176 572.306  1104.3 1656.42 2196.19  2752.6
 19.176 573.341  1106.3 1659.42 2200.16  2757.6
 19.176 574.376  1108.3 1662.42 2204.13  2762.6
19.2105 575.376  1110.3 1665.42  2208.1  2767.6
19.2451 576.376 1112.29 1668.42 2212.07  2772.6
19.2451 577.376 1114.29 1671.42 2216.06  2777.6
19.2451 578.376 1116.29 1674.43 2220.05  2782.6
19.2451 579.412 1118.29 1677.43 2224.03 2787.59
19.2792 580.439 1120.29 1680.43 2228.03 2792.53
19.2792 581.473 1122.29 1683.43    2232 2797.53
19.2792 582.473  1124.3 1686.44 2235.99 2802.53
19.2792 583.507  1126.3 1689.43 2239.96 2807.53
19.3126  584.52 1128.25 1692.43 2243.96 2812.53
19.3461 585.532  1130.2 1695.43 2247.96 2817.53
19.3461 586.566  1132.2 1698.43 2251.93 2822.53
19.3461 587.566  1134.2 1701.44 2255.92 2827.53
19.3799 588.566 1136.19 1704.42 2259.92 2832.53
19.4137 589.593 1138.19 1707.42 2263.86 2837.53
19.4137 590.627 1140.19 1710.42 2267.83 2842.53
19.4137 591.661 1142.19 1713.41  2271.8 2847.53
19.4471 592.679 1144.19 1716.36  2275.8 2852.53
19.4471 593.679 1146.19 1719.36 2279.79 2857.53
19.4811 594.679 1148.19 1722.36 2283.77 2862.52
19.4811 595.679  1150.2 1725.36 2287.77 2867.51
19.4811 596.712  1152.2 1728.36 2291.77 2872.48
19.4811 597.742 1154.18 1731.34 2295.77 2877.48
19.4811 598.771 1156.17 1734.32 2299.77 2882.48
19.5147 599.771 1158.17 1737.32 2303.74 2887.48
19.5147 600.771 1160.18 1740.32 2307.74 2892.48
19.5481 601.798 1162.18 1743.32 2311.74 2897.42
19.5817 602.798 1164.18 1746.32 2315.72 2902.41
 19.615 603.823 1166.18 1749.32 2319.66 2907.41
 19.615 604.857 1168.18 1752.31 2323.63 2912.41
 19.615 605.857 1170.18 1755.32 2327.63  2917.4
 19.648 606.875 1172.18 1758.27 2331.63  2922.4
19.6814 607.875 1174.18 1761.26  2335.6  2927.4
19.6814 608.875 1176.18 1764.27  2339.6 2932.39
19.6814 609.875 1178.19 1767.27 2343.59 2937.39
19.6814 610.908 1180.19 1770.27 2347.59 2942.37
19.6814 611.908 1182.19 1773.28 2351.58 2947.37
19.6814  612.94 1184.18 1776.28 2355.58 2952.34
19.6814  613.94 1186.19 1779.28 2359.57 2957.34
19.6814 614.973 1188.18 1782.28 2363.57 2962.31
19.6814 615.973 1190.18 1785.29 2367.57 2967.31
19.7145 616.973 1192.18 1788.29 2371.55 2972.29
19.7475 617.973 1194.18 1791.29 2375.55 2977.27
19.7475 619.006 1196.17 1794.29 2379.52 2982.27
19.7475 620.006 1198.18 1797.29 2383.51 2987.27
19.7803 621.006 1200.17 1800.27 2387.51 2992.27
 19.813 622.006 1202.15 1803.25 2391.51 2997.27
19.8459 623.006 1204.15 1806.25 2395.51 3002.24
19.8783 624.023 1206.15  1809.2 2399.51 3007.24
 19.911 625.049 1208.15  1812.2 2403.51 3012.18
19.9436 626.074 1210.15  1815.2 2407.45 3017.18
19.9436 627.074 1212.15  1818.2 2411.44 3022.18
19.9436 628.074 1214.15 1821.21 2415.43 3027.18
19.9764 629.074 1216.15 1824.21  2419.4 3032.18
19.9764 630.102 1218.14  1827.2  2423.4 3037.18
19.9764 631.137 1220.14  1830.2 2427.38 3042.17
20.0089 632.162 1222.14  1833.2 2431.38 3047.11
20.0414 633.162 1224.12 1836.18 2435.38 3052.11
20.0414 634.194 1226.12 1839.17 2439.38 3057.09
20.0735 635.212 1228.12 1842.12 2443.38 3062.09
20.1062 636.212 1230.12 1845.12 2447.36 3067.08
20.1062 637.244 1232.12 1848.12 2451.33 3072.08
20.1062 638.276 1234.12 1851.11 2455.33 3077.05
20.1388 639.276 1236.12  1854.1 2459.31 3082.05
20.1711 640.302 1238.12  1857.1 2463.31 3086.99
20.1711 641.302 1240.13  1860.1  2467.3    3092
20.2033 642.326 1242.13  1863.1 2471.24    3097
20.2033 643.326 1244.14 1866.11 2475.23    3102
20.2351 644.338 1246.09 1869.11 2479.23    3107
20.2351 645.338 1248.09 1872.12 2483.22    3112
20.2351 646.371 1250.09 1875.11 2487.19    3117
20.2351 647.405 1252.09 1878.11 2491.17 3121.98
20.2671  648.43 1254.09 1881.11 2495.17 3126.93
20.2993  649.43 1256.09 1884.11 2499.17  3131.9
20.2993  650.43 1258.09 1887.11 2503.17 3136.89
20.2993  651.43  1260.1 1890.11 2507.16  3141.9
20.2993 652.462  1262.1 1893.11 2511.14  3146.9
20.2993 653.462 1264.11 1896.11 2515.13  3151.9
20.2993  654.49  1266.1 1899.09 2519.13  3156.9
20.3311 655.515  1268.1 1902.09 2523.13 3161.84
20.3311 656.547  1270.1 1905.08  2527.1 3166.84
20.3311 657.547  1272.1 1908.09 2531.09 3171.84
20.3311 658.547  1274.1  1911.1 2535.08 3176.84
20.3624 659.559 1276.06  1914.1 2539.08 3181.84
20.3624  660.59 1278.05  1917.1 2543.08 3186.82
20.3624 661.618 1280.04 1920.08 2547.08 3191.82
20.3624 662.649 1282.04 1923.08 2551.08 3196.79
20.3624 663.677 1284.02 1926.06 2555.08 3201.79
20.3934 664.688 1285.98 1929.06 2559.08 3206.79
 20.425 665.688 1287.98 1932.06 2563.08 3211.77
20.4561   666.7 1289.94 1935.06 2567.08 3216.77
20.4561   667.7 1291.94 1938.07 2571.07 3221.77
20.4877   668.7 1293.94 1941.06 2575.04 3226.77
20.4877   669.7 1295.94 1944.07 2579.04 3231.76
20.4877   670.7 1297.95 1947.07 2583.03 3236.76
20.4877 671.731 1299.95 1950.07 2587.03 3241.74
20.4877 672.762 1301.94 1953.07 2591.03 3246.71
20.4877 673.793 1303.94 1956.06 2595.03 3251.69
20.4877 674.824 1305.94 1959.05 2599.01 3256.69
 20.519 675.824 1307.94 1962.05 2602.98 3261.69
20.5501 676.849 1309.94 1965.05 2606.92 3266.69
20.5808  677.86 1311.89 1968.05 2610.92 3271.69
20.5808 678.891 1313.89 1971.05 2614.92 3276.66
20.5808 679.923 1315.89 1974.05  2618.9 3281.66
 20.612 680.923 1317.89 1977.04  2622.9 3286.64
 20.612 681.923  1319.9 1980.05 2626.89 3291.64
 20.612 682.953  1321.9 1983.04 2630.89 3296.61
20.6426 683.965 1323.85 1986.04 2634.89 3301.61
20.6426 684.996 1325.85 1989.04 2638.86 3306.61
20.6426 686.027 1327.84 1992.04 2642.86 3311.59
20.6426 687.027 1329.85 1995.05 2646.85 3316.59
20.6735 688.027 1331.84 1998.05 2650.85 3321.56
20.7045 689.027 1333.84 2001.04 2654.85 3326.54
20.7353 690.051 1335.84 2004.04 2658.79 3331.54
 20.766 691.075 1337.84 2007.04 2662.74 3336.54
 20.797 692.075 1339.84 2010.03 2666.71 3341.54
20.8274 693.086  1341.8 2013.03 2670.71 3346.54
20.8584 694.086  1343.8 2016.03 2674.71 3351.51
20.8584 695.086  1345.8 2019.04  2678.7 3356.51
20.8893 696.086  1347.8 2022.04 2682.67 3361.51
20.9201 697.086 1349.78 2025.02 2686.67 3366.51
 20.951 698.086 1351.78 2028.02 2690.65 3371.51
 20.982 699.086 1353.78 2031.01 2694.62 3376.51
21.0127  700.11 1355.78 2034.01 2698.62 3381.46
21.0436  701.11 1357.78 2037.01 2702.62 3386.43
21.0746  702.11 1359.78 2040.01 2706.62 3391.41
21.1055  703.11 1361.78    2043 2710.62 3396.39
21.1055  704.11 1363.78 2046.01 2714.61 3401.39
21.1362  705.11 1365.76 2048.99 2718.61 3406.39
21.1362 706.141 1367.76 2051.99 2722.59 3411.39
21.1669 707.164 1369.76 2054.99 2726.59 3416.33
21.1975 708.188 1371.76 2057.99 2730.59 3421.28
21.1975 709.219 1373.76 2060.98 2734.56 3426.28
21.1975 710.219 1375.77 2063.98 2738.55 3431.28
21.1975 711.219 1377.77 2066.99 2742.54 3436.28
21.1975 712.249 1379.76 2069.99 2746.52 3441.28
21.1975 713.249 1381.77    2073 2750.52 3446.27
21.1975 714.249 1383.77    2076 2754.51 3451.28
21.2281 715.249 1385.76    2079 2758.48 3456.28
21.2581  716.26 1387.72    2082 2762.48 3461.28
21.2887  717.26 1389.72    2085 2766.46 3466.26
21.2887  718.29 1391.72    2088 2770.44 3471.26
21.2887 719.317 1393.71 2090.99 2774.44 3476.26
 21.319  720.34 1395.71 2093.99 2778.44 3481.21
21.3495  721.34 1397.71 2096.98 2782.41 3486.21
  21.38  722.34 1399.71 2099.98 2786.38 3491.21
21.4103 723.364 1401.71 2102.98 2790.33 3496.21
21.4406 724.387 1403.71 2105.98 2794.33 3501.16
 21.471 725.387 1405.69 2108.96 2798.33 3506.16
21.5014 726.387 1407.69 2111.96 2802.33 3511.13
21.5317  727.41 1409.69 2114.96 2806.33 3516.08
21.5622  728.41 1411.69 2117.95 2810.33 3521.05
21.5622  729.44 1413.69 2120.95 2814.31 3526.05
21.5622  730.44 1415.69 2123.95  2818.3 3531.06
21.5926  731.44 1417.69 2126.95 2822.28 3536.04
 21.623  732.44 1419.69 2129.95 2826.28 3541.02
 21.623 733.472 1421.69 2132.95 2830.26 3546.01
 21.623 734.472 1423.69 2135.96 2834.25 3551.01
 21.623 735.502 1425.69 2138.95 2838.22 3556.01
 21.623 736.531 1427.69 2141.95 2842.22 3560.98
21.6531 737.554 1429.69 2144.95 2846.22 3565.93
21.6833 738.554 1431.68 2147.95 2850.22  3570.9
21.7135 739.554 1433.68 2150.95 2854.22 3575.88
21.7135 740.581 1435.67 2153.94 2858.22 3580.88
21.7135 741.607 1437.65 2156.92 2862.22 3585.88
21.7135 742.637 1439.65 2159.92  2866.2 3590.88
21.7432 743.652 1441.65 2162.87  2870.2 3595.88
21.7731 744.676 1443.65 2165.87  2874.2 3600.83
21.8028 745.691 1445.65 2168.83  2878.2 3605.83
21.8028 746.721 1447.65 2171.82 2882.17 3610.83
21.8028 747.721 1449.66 2174.82 2886.17 3615.82
21.8328 748.721 1451.66 2177.82 2890.15 3620.82
21.8629 749.721 1453.66 2180.82 2894.13 3625.81
21.8629  750.75 1455.66 2183.81 2898.13 3630.79
21.8923 751.761 1457.62 2186.81 2902.13 3635.79
21.8923  752.79 1459.62 2189.81 2906.13 3640.76
21.8923  753.79 1461.62 2192.81 2910.12 3645.76
21.9222  754.79 1463.61 2195.81 2914.12 3650.74
21.9516 755.801 1465.57 2198.81 2918.12 3655.74
21.9516 756.831 1467.57 2201.81  2922.1 3660.74
 21.981 757.846 1469.57 2204.76  2926.1 3665.74
 21.981 758.876 1471.57 2207.76 2930.07 3670.74
 21.981 759.876 1473.57 2210.77 2934.06 3675.74
22.0109 760.876 1475.57 2213.77 2938.04 3680.73
22.0109 761.905 1477.57 2216.76 2942.02 3685.73
22.0109 762.934 1479.57 2219.76 2946.02 3690.71
22.0402  763.95 1481.57 2222.71 2950.02 3695.71
22.0698  764.95 1483.57  2225.7 2954.02 3700.68
22.0698 765.979 1485.57  2228.7 2957.99 3705.68
22.0698 766.979 1487.57 2231.71 2961.98 3710.68
22.0698  768.01 1489.57 2234.71 2965.97 3715.67
22.0698 769.039 1491.57 2237.71 2969.94 3720.67
22.0698 770.069 1493.57 2240.71 2973.92 3725.67
22.0992 771.091 1495.57 2243.71 2977.92 3730.62
22.0992 772.091 1497.57 2246.71 2981.91 3735.62
22.1285 773.091 1499.56 2249.69 2985.91 3740.62
22.1285  774.12 1501.56 2252.69 2989.91 3745.59
22.1574 775.131 1503.52 2255.69 2993.91 3750.59
22.1868 776.131 1505.51 2258.69 2997.91 3755.57
22.1868 777.159 1507.51 2261.69 3001.91 3760.55
22.1868 778.188 1509.51 2264.69 3005.91 3765.52
22.1868 779.217 1511.51 2267.68 3009.88 3770.52
22.1868 780.248 1513.51 2270.68 3013.86 3775.51
 22.216 781.248 1515.51 2273.68 3017.86 3780.49
 22.216 782.278 1517.51 2276.68 3021.84 3785.48
 22.216 783.307 1519.51 2279.67 3025.84 3790.45
 22.216 784.336 1521.51 2282.67 3029.82 3795.45
22.2452 785.336 1523.51 2285.67  3033.8 3800.44
22.2452 786.365 1525.51 2288.66 3037.78 3805.44
22.2744 787.365 1527.51 2291.66 3041.76 3810.43
22.2744 788.365 1529.51 2294.66 3045.76 3815.43
22.2744 789.365 1531.51 2297.67 3049.75 3820.43
22.2744 790.365 1533.51 2300.68 3053.74 3825.43
22.3033 791.365  1535.5 2303.66 3057.74 3830.43
22.3033 792.396  1537.5 2306.66 3061.72 3835.41
22.3033 793.425  1539.5 2309.66  3065.7 3840.41
22.3321 794.425 1541.49 2312.64  3069.7 3845.41
22.3606  795.44 1543.49 2315.59  3073.7 3850.41
22.3894  796.44 1545.48 2318.58  3077.7 3855.41
22.4183  797.44 1547.48 2321.57  3081.7 3860.39
22.4183  798.44 1549.48 2324.58 3085.69 3865.39
22.4183 799.465 1551.47 2327.56 3089.69 3870.39
22.4183 800.465 1553.47 2330.56 3093.68 3875.39
22.4469 801.487 1555.47 2333.56 3097.63 3880.39
22.4756  802.51 1557.47 2336.56 3101.63 3885.34
22.5044  803.51 1559.47 2339.56 3105.63 3890.32
22.5044 804.538 1561.46 2342.56 3109.61 3895.32
22.5044 805.538 1563.47 2345.57 3113.61 3900.31
22.5327 806.553 1565.47 2348.52 3117.61 3905.31
22.5615 807.553 1567.47 2351.52 3121.59 3910.31
22.5615 808.553 1569.47 2354.52 3125.59 3915.31
22.5615 809.582 1571.46 2357.52 3129.56 3920.31
22.5615  810.61 1573.46 2360.52 3133.54 3925.31
22.5901  811.61 1575.46 2363.52 3137.51 3930.31
22.5901  812.61 1577.46 2366.53  3141.5 3935.31
22.5901 813.635 1579.45 2369.51  3145.5 3940.31
22.6186 814.635 1581.45 2372.51  3149.5 3945.29
22.6186 815.635 1583.45 2375.52  3153.5 3950.28
 22.647 816.657 1585.45 2378.52  3157.5 3955.23
 22.675 817.668 1587.41 2381.52  3161.5 3960.23
 22.703 818.678 1589.37 2384.52  3165.5 3965.23
 22.703 819.706 1591.37 2387.51 3169.48 3970.23
 22.703 820.706 1593.37 2390.52 3173.47 3975.23
 22.703 821.706 1595.37 2393.53 3177.46 3980.23
 22.703 822.734 1597.37 2396.53 3181.46 3985.21
22.7312 823.756 1599.37 2399.53 3185.46 3990.16
22.7312 824.781 1601.36 2402.51 3189.46 3995.16
22.7596 825.781 1603.36 2405.51 3193.44 4000.15
22.7877 826.803 1605.36 2408.51 3197.44  4005.1
22.7877 827.831 1607.36 2411.51 3201.42  4010.1
22.7877 828.831 1609.36 2414.51 3205.41  4015.1
22.7877 829.831 1611.37 2417.51 3209.41  4020.1
22.7877 830.859 1613.37  2420.5 3213.41 4025.08
22.8159 831.859 1615.36  2423.5 3217.41 4030.06
22.8159 832.859 1617.37  2426.5 3221.41 4035.05
22.8439  833.88 1619.37  2429.5 3225.41    4040
22.8719 834.902 1621.37  2432.5 3229.36    4045
22.8719 835.902 1623.37 2435.51 3233.35    4050
22.8719 836.902 1625.37 2438.51 3237.35    4055
22.8719 837.929 1627.36 2441.51 3241.33    4060
22.8719 838.929 1629.37 2444.51 3245.32    4065
22.8997 839.951 1631.37 2447.51 3249.27    4070
22.8997 840.978 1633.37 2450.51 3253.27 4074.98
22.9274 841.993 1635.37 2453.47 3257.27 4079.98
22.9274 843.021 1637.37 2456.46 3261.27 4084.96
22.9274 844.021 1639.37 2459.46 3265.27 4089.95
22.9553 845.021 1641.37 2462.46 3269.25 4094.94
22.9829 846.036 1643.37 2465.42 3273.25 4099.94
23.0104 847.046 1645.33 2468.42 3277.25 4104.94
23.0104 848.046 1647.33 2471.43 3281.24 4109.94
23.0382 849.046 1649.33 2474.43 3285.22 4114.94
23.0382 850.075 1651.33 2477.43  3289.2 4119.93
23.0661 851.075 1653.33 2480.42  3293.2 4124.91
23.0939 852.075 1655.33 2483.42 3297.18 4129.91
23.1218 853.075 1657.32 2486.42 3301.18 4134.88
23.1496 854.075 1659.32 2489.41 3305.16 4139.88
23.1775 855.075 1661.32  2492.4 3309.16 4144.86
23.2053 856.075 1663.32  2495.4 3313.13 4149.86
23.2053 857.075 1665.33  2498.4 3317.13 4154.86
23.2053 858.099 1667.32 2501.39 3321.13 4159.86
 23.233 859.099  1669.3 2504.37 3325.13 4164.86
 23.233 860.099 1671.31 2507.37 3329.13 4169.86
 23.233 861.127 1673.31 2510.37  3333.1 4174.86
23.2608 862.127 1675.31 2513.37 3337.09 4179.85
23.2608 863.154  1677.3 2516.37 3341.06 4184.85
23.2608 864.181  1679.3 2519.37 3345.06 4189.83
23.2883 865.181 1681.29 2522.35 3349.06 4194.83
 23.316 866.181 1683.29 2525.35 3353.04 4199.83
 23.316 867.208 1685.29 2528.35 3357.02 4204.83
 23.316 868.208 1687.29 2531.35 3361.01 4209.83
23.3434 869.229 1689.29 2534.35 3364.96 4214.83
23.3708  870.25 1691.29 2537.35 3368.96 4219.78
23.3983  871.25 1693.28 2540.34 3372.96 4224.78
23.4255 872.265 1695.28 2543.29 3376.96 4229.78
23.4528 873.279 1697.28 2546.25 3380.96 4234.78
23.4802 874.279 1699.26 2549.24 3384.96 4239.78
23.4802 875.279 1701.27 2552.24 3388.96 4244.77
23.5078 876.279 1703.27 2555.24 3392.94 4249.77
23.5354 877.279 1705.27 2558.24 3396.92 4254.76
23.5629 878.279 1707.26 2561.24 3400.92 4259.74
23.5905 879.279 1709.26 2564.24  3404.9 4264.74
23.5905 880.306 1711.26 2567.23  3408.9 4269.72
23.6175 881.316 1713.22 2570.23  3412.9 4274.72
23.6175 882.344 1715.22 2573.23 3416.88 4279.71
23.6175 883.371 1717.22 2576.22 3420.88 4284.69
 23.645 884.371 1719.22 2579.22 3424.86 4289.69
23.6724 885.371 1721.22 2582.22 3428.86 4294.67
23.6997 886.392 1723.22 2585.22 3432.86 4299.62
23.7272 887.392 1725.21 2588.22 3436.86  4304.6
23.7272 888.392 1727.22 2591.22 3440.85  4309.6
23.7546 889.392 1729.22 2594.21 3444.85 4314.58
23.7817 890.406 1731.22 2597.17 3448.85 4319.58
23.8091 891.406 1733.22 2600.16 3452.83 4324.58
23.8364 892.427 1735.22 2603.16 3456.83 4329.53
23.8637 893.427 1737.21 2606.15 3460.83 4334.53
23.8637 894.454  1739.2 2609.15  3464.8 4339.53
23.8637  895.48  1741.2 2612.14 3468.78 4344.53
23.8906  896.49 1743.17 2615.14 3472.78 4349.53
 23.918  897.49 1745.17 2618.14 3476.77 4354.52
 23.918  898.49 1747.17 2621.15 3480.76 4359.52
 23.918 899.517 1749.16 2624.15 3484.73 4364.52
23.9453 900.517 1751.16 2627.15 3488.73  4369.5
23.9453 901.543 1753.16 2630.14 3492.73 4374.48
23.9453  902.57 1755.16 2633.14 3496.71 4379.48
23.9453 903.596 1757.16 2636.14 3500.69 4384.48
23.9453 904.596 1759.16 2639.14 3504.68 4389.48
23.9724 905.596 1761.16 2642.13 3508.68 4394.46
23.9724 906.622 1763.16 2645.13 3512.68 4399.44
23.9724  907.65 1765.16 2648.13 3516.67 4404.42
23.9991  908.66 1767.12 2651.13 3520.67 4409.42
23.9991  909.66 1769.12 2654.14 3524.66 4414.42
24.0262  910.66 1771.12 2657.13 3528.63 4419.42
24.0533  911.66 1773.12 2660.13 3532.63  4424.4
24.0533 912.686 1775.12 2663.13 3536.63 4429.38
24.0802 913.707 1777.12 2666.13 3540.63 4434.33
24.0802 914.707 1779.12 2669.13 3544.63 4439.33
24.0802 915.707 1781.13 2672.13 3548.62 4444.34
24.0802 916.707 1783.13 2675.13 3552.61 4449.34
 24.107 917.707 1785.12 2678.12 3556.61 4454.34
 24.134 918.707 1787.11 2681.12 3560.61 4459.32
24.1609 919.707 1789.11 2684.11 3564.59 4464.32
24.1609 920.732 1791.11 2687.11 3568.59 4469.29
24.1878 921.732 1793.11  2690.1 3572.59 4474.27
24.1878 922.732 1795.11 2693.11 3576.58 4479.27
24.1878 923.759 1797.11 2696.11 3580.56 4484.27
24.2147 924.759  1799.1 2699.11 3584.56 4489.25
24.2414 925.779  1801.1 2702.11 3588.56 4494.21
24.2683 926.779  1803.1 2705.11 3592.54 4499.21
 24.295 927.799  1805.1 2708.11 3596.54 4504.16
24.3219 928.799  1807.1 2711.11 3600.52 4509.16
24.3486 929.819  1809.1 2714.11 3604.52 4514.11
24.3754 930.819  1811.1  2717.1 3608.49 4519.11
24.3754 931.845 1813.09  2720.1 3612.47 4524.11
24.4023 932.845 1815.09  2723.1 3616.46  4529.1
24.4023 933.872 1817.09  2726.1 3620.43  4534.1
24.4288 934.885 1819.09 2729.06 3624.43  4539.1
24.4288 935.913 1821.09 2732.06 3628.42 4544.09
24.4288 936.939 1823.09 2735.06  3632.4 4549.09
24.4551 937.948 1825.05 2738.06  3636.4 4554.09
24.4817 938.968 1827.05 2741.06 3640.35 4559.09
24.5084 939.968 1829.04 2744.04 3644.35 4564.09
24.5351 940.968 1831.04 2747.04 3648.33 4569.09
24.5351 941.968 1833.05 2750.04 3652.32 4574.09
24.5351 942.968 1835.05 2753.05 3656.31 4579.09
24.5617 943.988 1837.05 2756.05 3660.31 4584.04
24.5617 944.988 1839.05 2759.05  3664.3 4589.04
24.5879 945.998 1841.01 2762.05  3668.3 4594.04
24.6145 946.998 1843.01 2765.05  3672.3 4599.02
24.6412 947.998 1845.01 2768.05 3676.28 4604.02
24.6412 948.998 1847.01 2771.06 3680.28 4609.02
24.6412 949.998 1849.01 2774.06 3684.27 4614.02
24.6677 951.017 1851.01 2777.06 3688.23 4619.02
24.6677 952.043 1853.01 2780.05 3692.23    4624
24.6677 953.043 1855.01 2783.06 3696.22    4629
24.6941 954.043    1857 2786.04 3700.22    4634
24.6941 955.068    1859 2789.04  3704.2    4639
24.6941 956.068 1861.01 2792.04  3708.2 4643.99
24.6941 957.094    1863 2795.04 3712.18 4648.99
24.6941 958.119    1865 2798.03 3716.18 4653.98
24.7204 959.139    1867 2801.03 3720.18 4658.93
24.7468 960.139    1869 2804.03 3724.15 4663.93
24.7468 961.139    1871 2807.04 3728.15 4668.92
24.7731 962.159    1873 2810.04 3732.11 4673.92
24.7731 963.186    1875 2813.04 3736.09 4678.91
24.7994 964.186    1877 2816.04 3740.07 4683.91
24.7994 965.211    1879 2819.03 3744.07 4688.89
24.7994 966.236 1880.99 2822.03 3748.07 4693.87
24.7994 967.259 1882.98 2825.02 3752.07 4698.87
24.7994 968.259 1884.98 2828.02 3756.07 4703.87
24.7994 969.284 1886.98 2831.02 3760.05 4708.87
24.8257 970.284 1888.98 2834.01 3764.05 4713.85
24.8257  971.31 1890.98 2837.01 3768.03 4718.85
24.8517 972.329 1892.98 2840.01 3771.98 4723.85
24.8517 973.352 1894.97    2843 3775.98 4728.85
24.8775 974.361 1896.94    2846 3779.98 4733.85
24.9037 975.361 1898.93    2849 3783.98 4738.83
24.9298 976.361 1900.93    2852 3787.98 4743.81
 24.956 977.361 1902.93    2855 3791.96  4748.8
 24.956 978.383 1904.92 2857.98 3795.96  4753.8
24.9821 979.403 1906.92 2860.98 3799.96 4758.75
25.0081 980.403 1908.91 2863.97 3803.96 4763.75
25.0343 981.403 1910.91 2866.96 3807.94 4768.75
25.0603 982.403  1912.9 2869.95 3811.94 4773.75
25.0603 983.403  1914.9 2872.95 3815.93 4778.75
25.0862 984.416  1916.9 2875.92 3819.93 4783.75
25.1119 985.426 1918.86 2878.92 3823.93 4788.75
25.1119 986.426 1920.86 2881.92 3827.93 4793.74
 25.138 987.426 1922.86 2884.91 3831.91 4798.74
 25.138 988.448 1924.86  2887.9 3835.91 4803.74
25.1637 989.461 1926.86 2890.86 3839.91 4808.74
25.1637 990.484 1928.85 2893.85 3843.91 4813.74
25.1896 991.503 1930.85 2896.85 3847.87 4818.74
25.2155 992.522 1932.85 2899.85 3851.82 4823.74
25.2412 993.531 1934.81 2902.85 3855.82 4828.74
25.2671  994.55 1936.81 2905.85 3859.78 4833.74
25.2671 995.575 1938.81 2908.84 3863.78 4838.73
25.2671 996.575 1940.81 2911.85 3867.78 4843.72
25.2671   997.6 1942.81 2914.84 3871.78  4848.7
25.2671 998.624 1944.81 2917.84 3875.78 4853.68
25.2671 999.651 1946.81 2920.84 3879.76 4858.67
25.2927 1000.66 1948.81  2923.8 3883.76 4863.67
25.2927 1001.69 1950.81  2926.8 3887.74 4868.67
25.3185 1002.69  1952.8 2929.78 3891.74 4873.67
25.3441  1003.7  1954.8 2932.74 3895.74 4878.67
25.3441  1004.7  1956.8 2935.75 3899.73 4883.67
25.3441  1005.7  1958.8 2938.75 3903.73 4888.67
25.3698  1006.7 1960.79 2941.74 3907.73 4893.67
25.3698 1007.73 1962.79 2944.73 3911.73 4898.65
25.3698 1008.75 1964.79 2947.73 3915.71 4903.64
25.3698 1009.75 1966.79 2950.74 3919.71 4908.64
25.3698 1010.78 1968.79 2953.74 3923.71 4913.62
25.3951 1011.79 1970.75 2956.74 3927.71 4918.62
25.3951 1012.81 1972.75 2959.74 3931.69 4923.61
25.4209 1013.81 1974.75 2962.74 3935.68  4928.6
25.4209 1014.84 1976.75 2965.73 3939.68 4933.58
25.4209 1015.86 1978.75 2968.72 3943.68 4938.56
25.4209 1016.89 1980.74 2971.71 3947.68 4943.56
25.4464 1017.89 1982.73  2974.7 3951.68 4948.56
25.4464 1018.89 1984.74  2977.7 3955.67 4953.56
25.4464 1019.91 1986.74  2980.7 3959.66 4958.55
25.4464 1020.91 1988.74  2983.7 3963.65 4963.55
25.4464 1021.94 1990.74  2986.7 3967.63 4968.55
25.4718 1022.94 1992.73 2989.68 3971.63 4973.55
25.4973 1023.94 1994.73 2992.68 3975.63 4978.53
25.5228 1024.94 1996.72 2995.67 3979.63 4983.53