3.33333       2 3.33333       4       5 3.33333
3.33333 3.84615 6.41026       7       9 6.41026
4.77778 4.84615 9.18803      10      13 9.18803
5.98178 5.84615  11.188   12.52  16.276  14.188
7.45893 6.84615  13.188   15.52 20.2952 17.6917
8.27283 7.59319 14.6271   18.52 24.2952 22.6917
8.27283 8.79826 16.6271 21.4592  28.151 27.6917
8.27283 9.79826 18.8863  24.375  31.976 32.6917
8.27283 10.7983 20.8863 27.6599 36.2853 37.0974
9.17907 11.7983 22.8863 30.6899 40.2853 41.1612
9.17907 12.7983 25.3021 33.9293 44.2853  45.506
9.17907 13.7983 27.3021 37.2202 48.5806 49.9197
9.17907 14.8753 29.4331 40.2202 52.3726 54.9197
9.76126 15.8753 31.2999 42.7712 56.3726 59.9197
10.4458 16.9886 33.2999 45.7712 60.3726 64.1218
11.1425 17.9886 35.2999 48.7712 64.3992 68.3985
11.8392 18.9886 37.2999 51.7712 68.4258 72.6752
11.8392 20.0544 39.3935 54.7712 72.2664 77.6752
11.8392 21.0544  41.686 57.9586 76.2664 82.1954
11.8392 22.2272  43.686 60.9586 80.5149 86.7741
11.8392 23.2784 45.7519 63.8414 84.5149 91.7741
12.4048 24.2784 47.7519 66.8914 88.5149 96.1586
12.9704 25.2784 49.7519 69.9414 92.5149 100.543
12.9704 26.3345 51.8306 72.9414 96.3801 105.543
13.4532 27.3345   53.76 75.9414 99.9679 110.543
13.4532 28.3913 55.8384 78.9414 103.833 115.543
13.4532 29.3913 58.0702 81.9414 107.983 120.161
13.9163 30.3913 60.0702 84.7617 111.699 125.161
14.3163 31.2648 61.7967 87.7617 115.699 130.161
14.7764 32.2648 63.7967 90.5826 119.418 135.161
15.2203 33.2339 65.7967 93.5826 123.005 140.161
15.6199 34.1066 67.5244 96.5826 127.005 145.161
16.1008 35.1566 69.5244 99.5826 131.005  149.63
16.1008 36.1566 71.7056 102.707 135.005 154.325
16.1008 37.2665 73.7056  105.86 139.005 159.062
16.5053 38.2027 75.7056 108.519 143.005 164.062
16.5053 39.3022 77.8844 111.519 147.005 168.784
16.9523 40.3022 79.8844 114.519 150.987 173.355
17.3725 41.3022 81.8844 117.357 154.729 178.355
17.8122 42.3477 83.8844 120.357 158.729  182.87
18.2582 43.3477 85.8844 123.357 162.703 187.449
18.2582 44.3871 87.9438 126.357 166.605 192.449
18.6565 45.3552 89.9438 129.357 170.238 197.449
18.6565 46.3834 91.9829  132.29 174.238 202.449
19.0812 47.3834 93.9829  135.29 178.205 207.058
19.4595 48.3229 95.9829 137.972 182.205 212.058
19.4595 49.3229 97.9829 141.083 186.313 216.839
19.8095 50.2101 99.7455 144.083 190.313 221.839
19.8095 51.2101 101.888 147.177 194.313 226.603
20.1857 52.2101 103.822 150.177 198.002 231.603
20.1857 53.2938 105.822 153.177 202.112  236.41
20.5234 54.1854 107.593 156.177 206.112  241.41
20.8987 55.1854 109.593 159.033 209.881  246.41
 21.274 56.1854 111.593 161.888  213.65  251.41
21.6295 57.1244 113.593 164.594  217.65  256.41
21.6295 58.1645 115.593 167.591 221.613  261.41
 21.998 59.1645 117.593 170.446 225.389  266.41
22.3773 60.1645  119.62 173.446 229.389 271.003
22.7094 61.0574 121.395 176.446 233.389 276.003
22.7094 62.1275 123.395 179.539 237.389  280.84
23.0647 63.1275 125.326 182.539 241.103  285.84
23.0647 64.1275 127.326 185.626 245.181 290.675
23.4117 65.0922 129.326 188.626 248.869 295.675
23.4117 66.1547 131.437 191.626 252.869 300.501
 23.775 67.1547 133.437   194.6 256.869 305.165
24.1351  68.172 135.437   197.6 260.869 309.787
24.5003  69.172 137.437   200.6 264.816 314.475
24.5003  70.172 139.543 203.674 268.816 319.294
24.8454  71.172 141.543 206.543 272.603 324.294
24.8454  72.172 143.652 209.543 276.663 329.125
25.1551 73.0716 145.442 212.543 280.663 334.125
25.4895 74.0716 147.376 215.543 284.395 339.125
25.4895 75.0716 149.479 218.543 288.453 343.964
25.7954 75.9723 151.272 221.543 292.453 348.964
25.7954 76.9956  153.31 224.543 296.392 353.964
25.7954 78.0542  155.31 227.543 300.467  358.83
25.7954 79.1115  157.31 230.625 304.467 363.691
25.7954 80.1115  159.31 233.704 308.532 368.547
26.1033 81.1115 161.212 236.494 312.532 373.547
26.1033 82.1412 163.212 239.497   316.5 378.547
 26.413 83.1412 165.148 242.497 320.254 383.547
 26.413  84.171 167.148   245.5 324.221 388.547
 26.413  85.171 169.189 248.499 328.181 393.547
26.7267 86.1827 171.189 251.499 332.181 398.221
27.0201 87.1287 173.189 254.259 336.181 403.221
27.0201 88.1287 175.231 257.256 340.143 408.221
27.3103 89.0753 177.231 260.019 344.143 413.221
27.3103 90.0753 179.317 263.019 348.194 418.085
27.6056 91.0753 181.256 266.019 351.959 423.085
27.6056 92.0753 183.256 269.086 356.016 427.962
27.8897 93.0226 185.256 271.854 360.016 432.962
27.8897 94.0492 187.256 274.854 363.989 437.962
28.1886 95.0492 189.263 277.854 367.989 442.656
 28.491 96.0492 191.263 280.854 371.938 447.405
 28.491 97.0492 193.343 283.909 375.938 452.271
 28.491 98.0981 195.343 286.909 380.001 457.159
 28.491 99.1123 197.362 289.875 384.001 462.159
 28.491 100.157 199.444 292.875 388.001 467.032
28.7515 101.073 201.267 295.875 392.001 472.032
28.7515 102.073 203.344 298.928 396.001 476.903
28.7515 103.073 205.422 301.928 400.048 481.777
28.7515  104.12 207.422 304.928  404.11 486.669
28.7515 105.166 209.422 307.928 408.172  491.56
29.0118 106.118 211.422 310.716 412.172  496.56
 29.275 107.118  213.34 313.534 416.172  501.56
29.5524 108.118  215.34 316.505 420.172 506.312
29.8127 109.071  217.34 319.292 424.172 511.312
29.8127 110.112 219.416 322.292 428.172 516.195
30.0616 111.032 221.248 325.292 432.172 521.195
30.0616 112.048 223.274 328.292 436.129 526.195
30.0616 113.071 225.274 331.289  440.11 531.195
 30.315 114.024 227.274 334.082  444.11 536.195
 30.315 115.024 229.344 337.082 448.155 541.079
30.5664 115.978 231.344 339.877 452.155 546.079
30.8312 116.983 233.344 342.877 456.155  550.81
30.8312 118.024 235.344  345.93 460.155 555.715
 31.083 119.024 237.266 348.756 464.155 560.715
 31.083 120.024 239.335 351.797 468.155 565.605
 31.083  121.04  241.36 354.797 472.115 570.605
 31.083  122.04 243.393 357.787 476.093 575.605
 31.083  123.04 245.461 360.787 480.137 580.494
31.3369 124.045 247.461 363.787 484.137 585.235
31.5819 125.015 249.461 366.787 487.922 590.235
31.5819 126.035 251.461 369.782 491.906 595.235
31.5819 127.056 253.461 372.777  495.89 600.235
31.5819 128.068 255.479 375.746  499.89 605.235
31.5819 129.068 257.545 378.746 503.932 610.128
31.5819 130.107 259.545 381.795 507.932  615.04
31.8281 131.107 261.545 384.795 511.891 619.834
31.8281 132.128 263.545  387.79 515.875 624.834
32.0662 133.128 265.545 390.692 519.736 629.834
32.3016 134.128 267.494 393.692 523.551 634.834
32.3016 135.148 269.494 396.687 527.535 639.834
32.5307 136.107 271.494   399.5 531.535 644.834
32.5307 137.107 273.557 402.536 535.535 649.735
32.5307 138.121 275.581 405.536 539.496 654.735
32.5307 139.132   277.6 408.506 543.496 659.735
32.5307 140.166 279.663 411.506 547.496 664.638
32.5307 141.166 281.663 414.548 551.543  669.55
32.7637 142.166 283.663 417.518 555.543 674.347
32.7637 143.203 285.663 420.563 559.543 679.265
32.7637  144.24 287.663 423.608 563.543 684.183
32.7637  145.24 289.663 426.649 567.589 689.095
32.9919  146.24 291.663 429.621 571.589 693.895
33.2128  147.24 293.615 432.621 575.416 698.895
33.2128 148.252 295.632 435.593 579.416 703.895
33.2128 149.252 297.692 438.628 583.416   708.8
33.4364 150.256 299.692 441.628 587.416 713.572
33.6543 151.256 301.645 444.628 591.244 718.572
33.8793 152.256 303.645   447.6 595.244 723.375
34.1028 153.261 305.645   450.6 599.244 728.147
34.1028 154.261 307.704 453.635 603.244 733.052
 34.309 155.194 309.565 456.635 607.244 738.052
 34.309 156.194 311.565 459.676 611.288 742.967
 34.309 157.226 313.624 462.676 615.288 747.877
34.5282 158.226 315.627 465.676 619.288 752.654
34.5282 159.244 317.627 468.673 623.273 757.654
34.5282 160.278 319.627 471.717 627.273 762.575
34.5282 161.296 321.627 474.714 631.258 767.575
34.7433 162.296 323.631 477.714 635.258 772.357
34.9531 163.296 325.585 480.714 639.094 777.357
34.9531 164.296 327.641  483.75 643.094 782.265
34.9531 165.307 329.656 486.724 647.094 787.265
34.9531 166.307 331.656 489.765 651.136 792.183
35.1571 167.307 333.592 492.624 655.136 797.183
35.3682 168.307 335.595 495.624 659.136 801.969
35.3682 169.317  337.61 498.599 663.136 806.969
 35.578 170.317 339.612 501.599 667.136 811.756
35.7737 171.254  341.48 504.599 671.136 816.756
35.9834 172.257  343.48 507.599 675.136 821.543
 36.193 173.261  345.48 510.599 679.136  826.33
36.3977 174.261 347.434 513.599 682.978  831.33
36.3977 175.291 349.488 516.599 686.978 836.245
36.3977 176.291 351.541 519.634 690.978 841.158
36.5912 177.229 353.411 522.634 694.978 846.158
  36.79 178.191 355.411 525.473 698.978 851.158
  36.79 179.203 357.429 528.473 702.947 856.158
  36.79 180.233 359.482 531.473 706.947 861.075
36.9959 181.233 361.482 534.447 710.947 865.895
37.2018 182.233 363.482 537.422 714.947 870.714
37.2018 183.233 365.534 540.456 718.947 875.629
37.2018 184.262 367.587 543.456 722.947 880.547
37.3964 185.225 369.587 546.297 726.947 885.547
37.3964 186.241 371.587 549.294 730.935 890.547
37.5932 187.241 373.543 552.294 734.782 895.547
37.7891 188.217 375.543 555.294 738.611 900.547
37.9903 189.219 377.543 558.294 742.611 905.343
37.9903  190.25 379.543 561.334 746.611 910.273
37.9903  191.25 381.543 564.371  750.65 915.197
38.1769 192.189 383.417 567.371  754.65 920.197
38.1769 193.189 385.466 570.403  758.65 925.115
38.1769 194.204 387.466 573.401 762.637 930.115
38.1769 195.204 389.515 576.401 766.669 935.034
38.1769  196.22 391.515 579.398 770.656 940.034
38.1769 197.228 393.528 582.377 774.656 945.034
38.1769 198.228 395.576 585.377 778.689 949.953
38.3675 199.228 397.576 588.299 782.576 954.953
38.3675 200.257 399.576 591.338 786.576 959.885
38.3675 201.284 401.625 594.338 790.576 964.809
38.3675 202.284 403.674 597.369 794.576 969.729
38.3675 203.293 405.687 600.348 798.576 974.729
38.5581 204.293 407.687 603.348 802.543 979.572
 38.745 205.293 409.687 606.271 806.432 984.572
 38.745 206.322 411.687 609.309 810.432 989.505
38.9309 207.322 413.687 612.234 814.322 994.505
39.1192 208.324 415.687 615.234 818.322 999.314
39.1192 209.333 417.699 618.212 822.322 1004.31
39.1192 210.342 419.712 621.191 826.322 1009.31
39.1192  211.37 421.712 624.228 830.322 1014.25
39.1192  212.37 423.759 627.258 834.322 1019.17
39.1192  213.37 425.759 630.292 838.358  1024.1
39.2993  214.37 427.719 633.292 842.218  1029.1
39.4786 215.348 429.719 636.292  846.06  1034.1
39.4786 216.348 431.742 639.287 850.043  1039.1
39.4786 217.376 433.742 642.324 854.043 1044.04
 39.662 218.376 435.742 645.324  858.01 1048.89
 39.662  219.39 437.742 648.323 861.996 1053.89
 39.662 220.399 439.753 651.302 865.996 1058.89
 39.662 221.399 441.799 654.302 870.025 1063.81
 39.662 222.426 443.799 657.302 874.062 1068.75
 39.662 223.453 445.799 660.302 878.099 1073.68
39.8379 224.453 447.799 663.231 881.994 1078.68
39.8379 225.479 449.845 666.231 885.994 1083.61
40.0131 226.479 451.845 669.161 889.889 1088.61
40.0131 227.479  453.89 672.189 893.889 1093.54
40.0131 228.479 455.935 675.217 897.889 1098.47
40.1887 229.479 457.937 678.217 901.889 1103.29
 40.361 230.479 459.899 681.217 905.754 1108.29
 40.361 231.506 461.899 684.253 909.754 1113.23
 40.361 232.506 463.944 687.281 913.754 1118.15
 40.361 233.506 465.944 690.314 917.787 1123.09
40.5284 234.474 467.944 693.178 921.787 1128.09
40.5284 235.489 469.944 696.176 925.774 1133.09
40.6977 236.489 471.907 699.176 929.642 1138.09
40.8711 237.489 473.907 702.155 933.642 1142.94
40.8711 238.499 475.923 705.155 937.615 1147.94
41.0437 239.499 477.923 708.133 941.615 1152.79
41.2098 240.468 479.923 710.998 945.615 1157.79
41.2098 241.482 481.923 713.997 949.602 1162.79
41.2098 242.482 483.923 717.028 953.634 1167.72
41.3813 243.482 485.923 720.028 957.603 1172.58
41.5485 244.482 487.887 723.028 961.472 1177.58
41.5485 245.496 489.887 726.027 965.459 1182.58
41.5485 246.522 491.887  729.06 969.459 1187.52
41.7119 247.491 493.887 731.927 973.459 1192.52
41.8777 248.491  495.85 734.927  977.33 1197.52
41.8777 249.505  497.85 737.926 981.318 1202.52
42.0429 250.505 499.814 740.926 985.188 1207.52
42.0429 251.513 501.825 743.907 989.188 1212.52
42.0429 252.538 503.825 746.907 993.221 1217.47
42.0429 253.538 505.867 749.907 997.246  1222.4
42.2038 254.508 507.867 752.776 1001.25  1227.4
42.3611 255.457 509.761 755.776 1005.25  1232.4
42.5273 256.457  511.76 758.776 1009.25 1237.23
42.6893 257.457 513.709 761.665 1013.25 1242.23
42.6893  258.48  515.75 764.665 1017.25 1247.17
 42.853  259.48  517.75 767.599 1021.15 1252.17
43.0168  260.48  519.75 770.532 1025.05 1257.17
43.0168 261.494  521.75  773.53 1029.04 1262.17
43.0168 262.494  523.79  776.53 1033.06 1267.11
43.1758 263.464  525.79 779.401 1037.06 1272.11
43.1758 264.474 527.806 782.401 1041.04 1277.11
43.3353 265.474 529.756 785.292 1045.04 1282.11
43.3353 266.474 531.776 788.286 1049.02 1287.11
43.3353 267.474 533.815  791.31 1053.02 1292.04
43.4983 268.474 535.815 794.286 1057.02  1296.9
 43.659 269.474 537.815 797.221 1060.93  1301.9
43.8179 270.455 539.815 800.221 1064.79  1306.9
43.8179 271.462 541.827 803.202 1068.79  1311.9
 43.978 272.462 543.827 806.137 1072.69  1316.9
 43.978 273.486 545.827 809.166 1076.69 1321.85
 43.978 274.509 547.827 812.194 1080.69  1326.8
 43.978 275.533 549.827 815.223 1084.69 1331.75
 43.978 276.541 551.837 818.204 1088.69 1336.75
 43.978 277.554 553.837 821.202 1092.68 1341.75
 44.132 278.526 555.837 824.077 1096.68 1346.75
 44.132 279.526 557.876 827.099 1100.68 1351.68
 44.132 280.526 559.915 830.099  1104.7 1356.62
44.2902 281.526 561.915 833.076  1108.7 1361.49
44.2902 282.533 563.926 836.057  1112.7 1366.49
44.4441 283.514 565.926 839.057 1116.57 1371.49
44.4441 284.536 567.964 842.057 1120.57 1376.43
44.6012 285.536 569.964 845.034 1124.57  1381.3
44.6012 286.557 572.003 848.034 1128.57 1386.24
44.6012 287.564 574.014 851.016 1132.57 1391.24
44.6012 288.564 576.014 854.042  1136.6 1396.18
44.6012 289.574 578.028 857.042 1140.57 1401.18
44.7554 290.574 580.028 860.042 1144.57 1406.03
44.7554 291.597 582.028 863.042  1148.6 1410.98
44.9078 292.597 584.028 865.979 1152.51 1415.98
45.0615 293.597 586.027 868.979 1156.51 1420.82
45.2162 294.597 588.027 871.979 1160.48  1425.7
45.3708 295.597 590.027 874.979 1164.45 1430.58
45.5252 296.597 592.027 877.957 1168.45 1435.45
45.6745 297.569 594.027 880.835 1172.45 1440.45
45.8282 298.569 596.026 883.835 1176.45 1445.29
45.8282 299.569 598.026 886.861 1180.48 1450.24
45.8282 300.591 600.026 889.888 1184.48 1455.19
45.9734 301.544 601.928 892.888 1188.48 1460.19
45.9734 302.553 603.942 895.888 1192.45 1465.19
45.9734 303.553 605.979  898.91 1196.45 1470.13
 46.125 304.554 607.979  901.91 1200.45 1474.98
46.2773 305.554 609.979 904.887 1204.45 1479.85
46.2773 306.566 611.979 907.885 1208.44 1484.85
46.2773 307.566 614.016 910.907 1212.44 1489.79
46.2773 308.587 616.053 913.907 1216.44 1494.73
46.4274 309.588 618.053 916.907 1220.44 1499.58
46.5782 310.588 620.053 919.885 1224.44 1504.45
 46.726 311.588  622.02 922.885 1228.33 1509.45
46.8761 312.589  624.02 925.885 1232.33  1514.3
47.0269 313.589  626.02 928.863 1236.33 1519.17
47.1779 314.589  628.02 931.863  1240.3 1524.05
47.1779 315.598 630.034 934.863 1244.28 1529.05
47.1779  316.62 632.034  937.89 1248.28    1534
47.1779  317.62  634.07 940.912 1252.28 1538.94
47.3253  318.62  636.07 943.852 1256.19 1543.94
47.4727  319.62  638.07 946.792  1260.1 1548.94
47.4727 320.626  640.08 949.774  1264.1 1553.94
47.6177 321.626 642.035 952.675  1268.1 1558.94
47.6177 322.646 644.071 955.675  1272.1 1563.89
47.6177 323.646 646.071 958.699 1276.13 1568.84
47.7618 324.646 648.026   961.6 1280.13 1573.84
47.9099 325.646 650.026   964.6  1284.1 1578.72
48.0503 326.601 651.931   967.6  1288.1 1583.72
48.0503 327.613 653.931 970.598 1292.09 1588.72
48.0503 328.613 655.966 973.598 1296.11 1593.66
48.0503 329.621  657.98 976.598 1300.09 1598.66
48.0503 330.641 660.015 979.598 1304.09 1603.61
48.0503 331.641  662.05 982.618 1308.09 1608.55
48.1887 332.596 663.957 985.618 1312.09 1613.55
48.1887 333.603 665.966 988.602 1316.09 1618.55
48.3302 334.603 667.922 991.505 1320.09 1623.55
48.4717 335.603 669.877 994.408 1324.09 1628.55
48.6124 336.577 671.877 997.293 1328.09 1633.55
48.7557 337.577 673.877 1000.23    1332 1638.55
48.7557 338.577 675.911 1003.23 1336.02  1643.5
 48.896  339.55 677.911 1006.12 1340.02  1648.5
 48.896 340.562 679.911 1009.12 1344.02  1653.5
 48.896 341.562 681.945 1012.12 1348.04 1658.44
 48.896 342.562 683.963 1015.11 1352.02 1663.44
 48.896 343.573 685.963 1018.11 1356.02 1668.44
49.0384 344.573 687.961 1021.11 1360.02  1673.3
49.0384 345.593 689.961 1024.11 1364.04 1678.26
49.1812 346.593 691.961 1027.11 1368.01 1683.14
49.3237 347.593 693.961 1030.09 1372.01 1688.02
49.3237 348.614 695.961 1033.11 1376.01 1692.98
49.3237 349.614 697.994 1036.11 1380.03 1697.93
49.4655 350.614 699.994 1039.09 1384.03 1702.81
49.6075 351.614 701.994 1042.09    1388 1707.69
49.6075  352.62 704.004 1045.07    1392 1712.69
49.6075  353.62 706.037 1048.07 1396.02 1717.64
49.7442 354.595 708.037 1050.96 1400.02 1722.64
49.7442 355.595 710.037 1053.98 1404.05 1727.59
49.8813 356.595 711.994 1056.89 1408.05 1732.59
50.0218 357.595 713.994 1059.86 1412.05 1737.47
50.0218 358.615 715.994 1062.86 1416.08 1742.43
 50.162 359.615 717.994 1065.84 1420.08 1747.31
 50.162 360.623 720.007 1068.84 1424.06 1752.31
50.2987 361.605 722.007 1071.84 1427.94 1757.31
50.4318 362.562 723.917 1074.84 1431.94 1762.31
50.4318 363.562  725.95 1077.86 1435.94 1767.26
50.5694 364.562  727.95  1080.8 1439.86 1772.26
50.7088 365.562  729.95 1083.78 1443.86 1777.14
50.7088 366.581  731.95 1086.78 1447.88  1782.1
50.7088 367.589 733.962 1089.78 1451.86  1787.1
50.7088 368.607 735.995 1092.78 1455.86 1792.05
50.7088 369.625 738.027 1095.78 1459.86 1796.99
50.8467 370.625 740.027 1098.78 1463.84 1801.88
50.9846 371.625 742.027 1101.76 1467.84 1806.77
51.1218 372.625 744.025 1104.76 1471.84 1811.63
51.1218 373.631 746.035 1107.74 1475.84 1816.63
51.2577 374.631 748.035 1110.69 1479.76 1821.63
51.2577 375.642 750.035 1113.68 1483.75 1826.63
51.3923 376.642 752.004 1116.68 1487.64 1831.63
51.5277 377.642 754.004 1119.63 1491.57 1836.63
51.5277 378.642 756.004 1122.65 1495.59 1841.59
51.5277 379.642 758.004 1125.67 1499.61 1846.54
51.5277 380.642 760.036 1128.67 1503.63 1851.49
51.6613 381.642 762.005 1131.67 1507.53 1856.49
51.6613 382.653 764.005 1134.67 1511.52 1861.49
51.6613 383.653 766.005 1137.69 1515.55 1866.45
51.7937 384.636 768.005 1140.69 1519.43 1871.45
 51.925 385.612 770.005 1143.58 1523.43 1876.45
 51.925 386.618 772.015 1146.56 1527.43 1881.45
 51.925 387.618 774.031 1149.56 1531.42 1886.45
 52.058 388.618 776.031  1152.5 1535.34 1891.45
 52.058 389.618 778.063 1155.52 1539.34  1896.4
52.1922 390.618 780.063  1158.5 1543.34 1901.29
 52.324 391.618 782.033  1161.5 1547.24 1906.29
 52.324 392.629 784.033 1164.49 1551.23 1911.29
52.4573 393.629  786.03 1167.49 1555.23 1916.16
52.5874 394.604  788.03 1170.39 1559.23 1921.16
52.5874 395.604 790.047 1173.38 1563.22 1926.16
52.7203 396.604 792.044 1176.38 1567.22 1931.03
52.7203 397.621 794.075 1179.38 1571.22 1935.98
52.7203 398.621 796.106 1182.38 1575.24 1940.93
52.8494 399.597 798.106 1185.28 1579.24 1945.93
52.8494 400.614 800.137 1188.28 1583.24 1950.88
52.9782  401.59 802.137 1191.17 1587.24 1955.88
52.9782  402.59 804.168 1194.19 1591.24 1960.83
52.9782 403.601 806.168 1197.19 1595.23 1965.83
53.1085 404.601 808.168 1200.13 1599.16 1970.83
53.1085 405.601 810.168 1203.15 1603.18 1975.79
53.2401 406.601 812.168 1206.15 1607.15 1980.69
53.2401 407.617 814.199 1209.15 1611.15 1985.64
53.3683 408.617 816.159 1212.06 1615.15 1990.64
 53.498 409.617 818.159 1215.01 1619.08 1995.64
 53.498 410.636 820.159 1218.03 1623.08  2000.6
 53.498 411.654 822.159 1221.05 1627.08 2005.56
53.6255 412.654  824.12 1223.96 1631.08 2010.56
53.7555 413.654 826.117 1226.96 1635.08 2015.44
53.8861 414.654 828.117 1229.96 1639.05 2020.33
53.8861 415.671 830.147 1232.96 1643.05 2025.29
54.0164 416.671 832.147 1235.96 1647.02 2030.18
54.1439 417.654 834.147 1238.96 1650.91 2035.18
54.1439 418.654 836.147 1241.98 1654.94 2040.14
54.1439 419.664 838.147 1244.98 1658.93 2045.14
 54.273 420.664 840.145 1247.98 1662.93 2050.01
 54.273 421.672 842.156 1250.98 1666.91 2055.01
54.4022 422.672 844.156 1253.95 1670.91 2059.91
54.4022 423.688 846.186 1256.95 1674.91 2064.86
54.5311 424.688 848.186 1259.93 1678.91 2069.75
54.5311 425.688 850.202 1262.93  1682.9 2074.75
54.6591 426.688 852.202 1265.93  1686.9 2079.63
54.6591 427.704 854.232 1268.93  1690.9 2084.58
54.6591 428.722 856.232 1271.93 1694.92 2089.54
54.6591 429.728 858.241 1274.91 1698.92 2094.54
54.6591 430.744 860.271 1277.91 1702.92 2099.49
54.7838 431.744 862.232 1280.82 1706.92 2104.49
54.7838 432.744 864.262 1283.82 1710.94 2109.45
54.9081 433.744 866.223 1286.74 1714.94 2114.45
54.9081 434.762 868.223 1289.76 1718.94 2119.41
54.9081  435.78 870.223 1292.78 1722.94 2124.37
55.0333  436.78 872.223 1295.73 1726.87 2129.37
55.0333 437.798 874.223 1298.75 1730.87 2134.33
55.0333 438.798 876.223 1301.76 1734.89 2139.29
55.0333 439.816 878.223 1304.78 1738.89 2144.25
55.1562 440.816 880.185  1307.7 1742.89 2149.25
55.2765 441.777 882.104  1310.7 1746.89 2154.25
55.3996 442.761 884.104  1313.7 1750.78 2159.25
 55.522 443.738 886.104  1316.6 1754.78 2164.25
55.6462 444.738 888.104 1319.55 1758.71 2169.25
55.6462 445.748 890.104 1322.54  1762.7 2174.25
55.7683 446.726 892.104 1325.44  1766.7 2179.25
55.8915 447.726 894.076 1328.44 1770.61 2184.25
56.0164 448.726 896.073 1331.44 1774.61 2189.13
56.0164 449.743 898.073 1334.44 1778.63 2194.09
56.1414 450.743 900.073 1337.42 1782.63 2198.99
56.2665 451.743 902.073 1340.42  1786.6 2203.89
56.2665 452.743 904.073 1343.44 1790.63 2208.85
56.2665 453.743 906.101 1346.44 1794.64 2213.81
56.3905 454.742 908.101 1349.44 1798.64 2218.69
56.3905 455.742  910.13 1352.45 1802.64 2223.64
56.3905 456.742 912.145 1355.45 1806.63 2228.64
56.3905 457.752 914.145 1358.44 1810.63 2233.64
56.3905 458.768 916.173 1361.44 1814.63  2238.6
 56.514 459.768 918.173 1364.44  1818.6  2243.5
56.6354 460.768 920.145 1367.44 1822.51  2248.5
56.7588 461.768 922.145 1370.44 1826.48  2253.4
 56.879 462.746 924.145 1373.35 1830.48  2258.4
 56.879 463.751 926.154 1376.33 1834.48  2263.4
 56.879 464.757 928.163 1379.32 1838.48  2268.4
 56.879 465.757 930.163 1382.33  1842.5 2273.36
 56.879 466.763 932.172 1385.32  1846.5 2278.36
 56.879 467.773 934.172 1388.31  1850.5 2283.36
 56.879 468.773 936.186 1391.31 1854.49 2288.36
56.9989 469.773 938.159 1394.31  1858.4 2293.36
56.9989  470.78  940.17 1397.31 1862.38 2298.36
56.9989  471.78  942.17 1400.33  1866.4 2303.33
57.1201  472.78  944.17  1403.3  1870.4 2308.23
 57.241  473.78 946.167  1406.3  1874.4 2313.11
57.3603  474.78 948.139  1409.3 1878.31 2318.11
57.4793 475.764 950.139  1412.3  1882.2 2323.11
57.5986 476.764 952.112  1415.3 1886.11 2328.11
57.5986 477.781 954.112 1418.32 1890.11 2333.07
57.7174 478.766 956.112 1421.32 1894.01 2338.07
57.7174 479.773 958.123 1424.32 1897.99 2343.07
57.8362 480.773 960.095 1427.32  1901.9 2348.07
57.9539 481.751 962.095 1430.23  1905.9 2353.07
58.0724 482.736 964.095 1433.23  1909.8 2358.07
58.0724 483.736 966.122 1436.23 1913.81 2363.03
58.0724 484.736 968.137 1439.22  1917.8 2368.03
58.1921 485.736 970.134 1442.22  1921.8 2372.92
58.3123 486.736 972.134  1445.2  1925.8 2377.82
58.4325 487.736 974.134 1448.18  1929.8 2382.72
58.5515 488.736 976.134 1451.13 1933.73 2387.72
58.6699 489.736 978.107 1454.13 1937.64 2392.72
58.6699 490.736 980.121 1457.12 1941.63 2397.72
 58.788 491.736 982.094 1460.12 1945.54 2402.72
 58.788 492.745 984.094 1463.12 1949.53 2407.72
58.9053 493.745 986.058 1466.04 1953.53 2412.72
58.9053 494.745 988.072 1469.04 1957.52 2417.72
58.9053 495.745 990.099 1472.05 1961.52 2422.68
59.0246 496.745 992.099 1475.05  1965.5 2427.58
59.1434 497.745 994.095 1478.05  1969.5 2432.47
59.1434 498.752 996.106 1481.05 1973.48 2437.47
59.1434 499.768 998.106 1484.07 1977.48 2442.44
  59.26 500.753 1000.11 1487.07 1981.38 2447.44
59.3776 501.753 1002.11 1490.02 1985.31 2452.44
59.3776 502.769 1004.11 1493.03 1989.31  2457.4
59.4956 503.769  1006.1 1496.03 1993.31 2462.29
59.6136 504.768  1008.1 1499.03 1997.31 2467.17
59.6136 505.768 1010.12 1502.03  2001.3 2472.17
59.7271 506.732 1012.04 1505.03  2005.3 2477.17
59.8449  507.73 1014.04 1508.03  2009.3 2482.05
59.9631  508.73 1016.04 1511.01  2013.3 2486.96
59.9631 509.737 1018.05 1514.01 2017.28 2491.96
59.9631 510.737 1020.08 1517.01  2021.3 2496.92
59.9631 511.737 1022.08 1520.02 2025.32 2501.88
59.9631 512.737  1024.1 1523.04 2029.32 2506.84
59.9631 513.737  1026.1 1526.05 2033.34 2511.81
59.9631 514.751 1028.13 1529.05 2037.34 2516.77
59.9631 515.757 1030.14 1532.04 2041.34 2521.77
59.9631 516.763 1032.15 1535.04 2045.32 2526.77
60.0795 517.763 1034.15 1538.02 2049.32 2531.67
60.1936 518.763 1036.11 1540.94 2053.32 2536.67
60.3082 519.763 1038.08 1543.94 2057.23 2541.67
60.4226 520.749 1040.08 1546.94 2061.13 2546.67
60.5344 521.712 1042.01 1549.94 2065.13 2551.67
60.6503 522.711 1044.01 1552.94 2069.13 2556.55
60.7662  523.71 1046.01 1555.94 2073.13 2561.44
60.7662 524.725 1048.01 1558.96 2077.13 2566.41
60.8795 525.704 1050.01 1561.87 2081.13 2571.41
60.8795 526.704 1052.03 1564.87 2085.15 2576.37
60.9927 527.683 1054.03 1567.78 2089.15 2581.37
61.1063 528.683    1056  1570.7 2093.15 2586.37
61.1063 529.698    1058 1573.71 2097.15 2591.34
61.2216 530.698    1060 1576.71 2101.15 2596.22
61.2216 531.698 1062.01 1579.71 2105.14 2601.22
61.2216 532.714 1064.01 1582.71 2109.16 2606.19
61.3364 533.712 1066.01 1585.71 2113.16 2611.08
61.3364 534.718 1068.02  1588.7 2117.16 2616.08
61.3364 535.718 1070.02 1591.71 2121.18 2621.04
 61.449 536.718 1071.98 1594.63 2125.18 2626.04
61.5611 537.697 1073.98 1597.54 2129.18 2631.04
61.6737 538.697 1075.95 1600.47 2133.18 2636.04
61.7885 539.697 1077.95 1603.44 2137.18 2640.95
61.7885 540.697 1079.97 1606.44 2141.19 2645.91
61.7885  541.71    1082 1609.44 2145.19 2650.87
61.9009 542.696    1084 1612.44 2149.09 2655.87
61.9009 543.711    1086 1615.46 2153.09 2660.84
 62.014 544.711    1088 1618.41 2157.03 2665.84
 62.126 545.711 1089.96 1621.34 2161.03 2670.84
 62.126  546.72 1091.96 1624.33 2165.02 2675.84
 62.126 547.725 1093.97 1627.32 2169.02 2680.84
62.2371 548.704 1095.97 1630.23 2173.02 2685.84
62.2371 549.713 1097.97 1633.23 2177.02 2690.84
62.3463 550.678  1099.9 1636.23 2181.02 2695.84
62.3463 551.691 1101.92 1639.23 2185.02  2700.8
62.4592 552.691 1103.92 1642.23 2189.02 2705.69
62.5726 553.691 1105.92 1645.23 2192.99  2710.6
62.6833  554.67 1107.92 1648.14 2196.99  2715.6
 62.794  555.65 1109.92 1651.05 2200.99  2720.6
 62.794  556.65 1111.93 1654.04 2204.98  2725.6
 62.905  557.65 1113.89 1656.96 2208.98  2730.6
 62.905  558.65 1115.89 1659.98    2213 2735.57
 62.905  559.65 1117.89 1662.99 2217.02 2740.54
 62.905 560.663 1119.92 1665.99 2221.02  2745.5
 62.905 561.678 1121.92 1669.01 2225.02 2750.47
 62.905 562.692 1123.92 1672.01 2229.04 2755.44
 62.905 563.707 1125.92 1675.02 2233.04 2760.41
63.0169 564.707 1127.92    1678 2237.04 2765.32
63.1283 565.706 1129.92    1681 2241.04 2770.21
63.2376 566.685 1131.92 1683.91 2245.04 2775.21
63.2376 567.694 1133.92 1686.91 2249.03 2780.21
63.3493 568.694 1135.92 1689.89 2253.03 2785.12
63.4589 569.694 1137.88 1692.81 2257.03 2790.12
63.4589 570.699 1139.89  1695.8 2261.03 2795.12
63.4589 571.699 1141.89 1698.81 2265.05 2800.08
63.4589 572.699  1143.9 1701.81 2269.04 2805.08
63.5675 573.679  1145.9 1704.72 2273.04 2810.08
63.5675 574.679  1147.9 1707.73 2277.06 2815.05
63.6784 575.679  1149.9 1710.73 2281.04 2819.97
63.6784 576.693  1151.9 1713.73 2285.06 2824.93
63.6784 577.693 1153.93 1716.73 2289.07  2829.9
63.7849 578.658 1155.86 1719.73 2293.07  2834.9
63.8954 579.658 1157.86 1722.73 2297.04 2839.81
64.0018 580.624 1159.78 1725.73 2301.04 2844.81
64.1105 581.609 1161.78 1728.73 2304.95 2849.81
64.1105 582.609 1163.81 1731.75 2308.95 2854.78
64.2198 583.609 1165.81  1734.7 2312.89 2859.78
64.2198 584.623 1167.81  1737.7 2316.91 2864.74
64.2198 585.623 1169.83 1740.71 2320.91 2869.71
64.2198 586.623 1171.83 1743.72 2324.92 2874.68
64.2198 587.637 1173.83 1746.74 2328.92 2879.65
64.2198 588.642 1175.84 1749.73 2332.92 2884.65
64.2198 589.642 1177.86 1752.74 2336.92 2889.61
 64.329 590.642 1179.86 1755.74  2340.9 2894.53
 64.329 591.642 1181.89 1758.74 2344.91 2899.49
 64.329 592.642 1183.91 1761.75 2348.91 2904.45
 64.329 593.642 1185.92 1764.74 2352.91 2909.45
64.4376 594.642 1187.92 1767.72 2356.91 2914.37
64.5463 595.642 1189.92  1770.7 2360.91 2919.28
64.5463 596.648 1191.93  1773.7 2364.89 2924.28
64.5463 597.653 1193.94 1776.69 2368.89 2929.28
64.5463 598.666 1195.96 1779.69 2372.89 2934.24
64.5463 599.666 1197.96  1782.7 2376.91 2939.21
64.6532 600.666 1199.96 1785.66 2380.85 2944.21
64.7572 601.632 1201.89 1788.66 2384.85 2949.21
64.7572 602.645 1203.89 1791.66 2388.87 2954.18
64.7572 603.645  1205.9 1794.65 2392.86 2959.18
64.7572 604.651 1207.91 1797.65 2396.85 2964.18
64.7572 605.664 1209.94 1800.65 2400.85 2969.14
 64.864 606.662 1211.94 1803.65 2404.85 2974.04
64.9692 607.662  1213.9 1806.58 2408.85 2979.04
64.9692 608.668 1215.91 1809.58 2412.83 2984.04
64.9692 609.673 1217.92 1812.58 2416.82 2989.04
64.9692 610.673 1219.94 1815.59 2420.82    2994
64.9692 611.673 1221.94 1818.61 2424.83 2998.97
64.9692 612.686 1223.94 1821.61 2428.85 3003.94
64.9692 613.686 1225.97 1824.61 2432.87 3008.91
64.9692   614.7 1227.97 1827.61 2436.88 3013.88
64.9692   615.7 1229.99 1830.62 2440.88 3018.84
64.9692 616.705    1232 1833.62 2444.87 3023.84
64.9692 617.718 1234.02 1836.62 2448.87 3028.81
64.9692 618.726 1236.02 1839.61 2452.87 3033.81
64.9692 619.734 1238.02 1842.61 2456.86 3038.81
64.9692 620.734 1240.04 1845.62 2460.86 3043.77
65.0719 621.715 1242.04 1848.54 2464.86 3048.77
 65.175 622.715 1244.01 1851.47 2468.86 3053.77
65.2785 623.715 1245.99 1854.47 2472.78 3058.77
65.3835 624.715 1247.99 1857.47 2476.76 3063.69
65.4861 625.695 1249.99 1860.38 2480.76 3068.69
65.4861 626.709 1251.99  1863.4 2484.76 3073.66
65.5892 627.696 1253.99  1866.4 2488.67 3078.66
65.5892 628.709 1255.99  1869.4 2492.69 3083.63
65.6901 629.676 1257.92  1872.4 2496.69 3088.63
65.7929 630.676 1259.89 1875.33 2500.69 3093.63
 65.897 631.674 1261.89 1878.33 2504.69 3098.53
66.0012 632.673 1263.89 1881.33 2508.69 3103.43
66.1049 633.673 1265.89 1884.28 2512.63 3108.43
66.1049 634.673 1267.91 1887.28 2516.64 3113.39
66.1049 635.686 1269.91 1890.28 2520.66 3118.36
66.1049 636.686 1271.91 1893.29 2524.67 3123.33
66.1049 637.686 1273.91 1896.31 2528.69  3128.3
66.2087 638.686 1275.91 1899.29 2532.69 3133.22
66.2087 639.693 1277.91 1902.28 2536.69 3138.22
66.3121 640.693 1279.91 1905.28 2540.69 3143.12
66.4137 641.674 1281.91  1908.2 2544.69 3148.12
66.5152 642.655 1283.91 1911.12 2548.69 3153.12
66.6186 643.654 1285.91 1914.12 2552.69 3158.02
66.7223 644.654 1287.91  1917.1 2556.69 3162.93
66.7223 645.654 1289.93 1920.11 2560.69  3167.9
66.8241 646.654  1291.9 1923.04 2564.69  3172.9
66.8241 647.654  1293.9 1926.05 2568.71 3177.87
66.8241 648.659  1295.9 1929.05 2572.69 3182.87
66.9237 649.626 1297.84 1932.05 2576.69 3187.87
67.0256 650.626 1299.81 1935.05 2580.61 3192.87
67.1288 651.626 1301.81 1938.03 2584.61 3197.79
67.2321 652.626 1303.81 1941.03 2588.59 3202.71
 67.335 653.626 1305.81 1944.03 2592.59 3207.61
67.4365 654.626 1307.78 1946.96 2596.59 3212.61
67.4365 655.626 1309.79 1949.96 2600.58 3217.61
67.4365 656.639 1311.79 1952.96  2604.6 3222.58
67.5391 657.639 1313.78 1955.96  2608.6 3227.48
67.5391 658.644 1315.79 1958.94  2612.6 3232.48
67.5391 659.644 1317.81 1961.94 2616.62 3237.45
67.6382 660.612 1319.75 1964.94 2620.62 3242.45
67.6382 661.617 1321.75 1967.94  2624.6 3247.45
67.6382 662.617 1323.76 1970.94  2628.6 3252.45
67.6382 663.617 1325.79 1973.95  2632.6 3257.41
67.7382 664.598 1327.79 1976.87  2636.6 3262.41
67.8403 665.598 1329.79 1979.85  2640.6 3267.33
67.8403 666.598 1331.81 1982.85 2644.61  3272.3
67.8403 667.598 1333.81 1985.86 2648.63 3277.27
67.9386 668.566 1335.74 1988.86 2652.63 3282.27
68.0384 669.547 1337.74 1991.78 2656.63 3287.27
68.0384 670.547 1339.76 1994.78 2660.64 3292.23
68.1379 671.528 1341.76  1997.7 2664.64 3297.23
68.1379 672.541 1343.76 2000.71 2668.64 3302.21
68.1379 673.553 1345.78 2003.71 2672.64 3307.17
68.1379 674.565 1347.78 2006.71 2676.66 3312.15
68.1379 675.565 1349.78 2009.72 2680.67 3317.12
68.1379 676.572 1351.78 2012.72 2684.67 3322.12
68.1379 677.572  1353.8 2015.72 2688.68 3327.08
68.1379 678.572 1355.82 2018.72  2692.7 3332.05
68.1379 679.585 1357.82 2021.72 2696.71 3337.02
68.2384 680.585 1359.82 2024.72 2700.69 3341.94
68.2384 681.592 1361.82 2027.72 2704.69 3346.94
68.2384 682.592 1363.85 2030.72  2708.7 3351.91
68.2384 683.596 1365.85  2033.7  2712.7 3356.91
68.3372 684.596 1367.83  2036.7 2716.63 3361.91
68.3372 685.601 1369.84  2039.7 2720.61 3366.91
68.4337  686.57 1371.77  2042.7 2724.61 3371.91
68.5302 687.538 1373.71  2045.7 2728.61 3376.91
68.5302 688.545 1375.71  2048.7 2732.61 3381.91
68.6296 689.543 1377.71  2051.7 2736.61 3386.81
68.6296 690.548 1379.71  2054.7  2740.6 3391.81
68.6296 691.553 1381.72 2057.69  2744.6 3396.81
68.6296 692.565 1383.72  2060.7  2748.6 3401.78
68.6296  693.57 1385.73  2063.7 2752.59 3406.78
68.7275  694.57  1387.7  2066.7 2756.51 3411.78
68.7275  695.57 1389.72  2069.7 2760.51 3416.78
68.7275  696.57 1391.74 2072.71 2764.51 3421.75
68.7275 697.581 1393.76 2075.71 2768.51 3426.72
68.8258  698.58 1395.76 2078.71 2772.51 3431.62
68.8258 699.587 1397.76  2081.7  2776.5 3436.62
68.9231 700.587 1399.73  2084.7 2780.43 3441.62
68.9231 701.599 1401.73 2087.72 2784.43  3446.6
68.9231 702.612 1403.73 2090.73 2788.43 3451.57
68.9231 703.612 1405.73 2093.74 2792.45 3456.55
68.9231 704.619 1407.73 2096.74 2796.44 3461.55
68.9231 705.624 1409.74 2099.74 2800.43 3466.55
69.0202 706.624 1411.74  2102.7 2804.37 3471.55
69.0202 707.628 1413.75 2105.68 2808.37 3476.55
69.1176 708.628 1415.74 2108.68 2812.37 3481.45
69.1176 709.633 1417.75 2111.68 2816.36 3486.45
69.1176 710.644 1419.77 2114.68 2820.36 3491.42
69.2135 711.644 1421.74 2117.62 2824.36 3496.42
69.3095 712.631 1423.74 2120.62 2828.28 3501.42
69.4067 713.631 1425.74 2123.62 2832.28 3506.33
69.4067 714.638 1427.74 2126.62 2836.28 3511.33
 69.502  715.62 1429.74 2129.54 2840.28 3516.33
 69.502 716.624 1431.74 2132.53 2844.28 3521.33
 69.502 717.624 1433.76 2135.54 2848.28  3526.3
 69.502 718.624 1435.77 2138.53 2852.27  3531.3
 69.502 719.636 1437.79 2141.53 2856.27 3536.27
 69.502 720.636 1439.79 2144.54 2860.29 3541.24
 69.502 721.647 1441.81 2147.54 2864.29 3546.21
69.5982 722.645 1443.81 2150.54 2868.29 3551.11
69.6947 723.645 1445.81 2153.54 2872.26 3556.04
69.6947 724.645 1447.83 2156.54 2876.28 3561.01
69.6947 725.652 1449.83 2159.54 2880.27 3566.01
69.7909 726.652 1451.83 2162.52 2884.27 3570.93
69.8864 727.652 1453.83 2165.48 2888.22 3575.93
69.8864 728.659 1455.83 2168.48 2892.22 3580.93
69.9813 729.659 1457.81 2171.48 2896.14 3585.93
69.9813 730.659 1459.81 2174.49 2900.16  3590.9
69.9813 731.659 1461.83  2177.5 2904.16 3595.87
 70.076 732.659 1463.81  2180.5 2908.09 3600.87
 70.076 733.659 1465.83  2183.5  2912.1 3605.84
70.1717 734.659 1467.83  2186.5 2916.08 3610.77
70.1717  735.67 1469.85  2189.5 2920.08 3615.73
70.1717 736.682 1471.85  2192.5 2924.09 3620.71
70.1717 737.686 1473.86 2195.48 2928.09 3625.71
70.1717 738.686 1475.87 2198.48 2932.09 3630.71
70.1717 739.693 1477.87 2201.48 2936.09 3635.71
70.1717 740.693 1479.89 2204.48  2940.1 3640.68
70.1717 741.697 1481.89 2207.48 2944.09 3645.68
70.2651 742.685 1483.89 2210.48 2948.01 3650.68
70.2651 743.689  1485.9 2213.48 2951.99 3655.68
70.2651 744.689 1487.92 2216.48 2956.01 3660.64
70.3567  745.66 1489.86 2219.48 2960.01 3665.64
70.4498 746.647 1491.86 2222.48 2963.92 3670.64
 70.543 747.634 1493.86 2225.48 2967.84 3675.64
 70.543 748.634 1495.86 2228.49 2971.86 3680.62
 70.543 749.634 1497.88  2231.5 2975.86 3685.59
 70.543 750.634 1499.89 2234.49 2979.85 3690.59
 70.543 751.634  1501.9 2237.49 2983.85 3695.59
70.6367 752.633  1503.9 2240.49 2987.85  3700.5
70.6367 753.644  1505.9 2243.49 2991.86 3705.47
70.7291 754.644 1507.87 2246.42 2995.86 3710.47
70.8216 755.644 1509.84 2249.36 2999.86 3715.47
70.8216 756.644 1511.86 2252.36 3003.88 3720.44
70.9136 757.627 1513.86 2255.29 3007.88 3725.44
70.9136 758.633 1515.86 2258.28 3011.87 3730.44
70.9136 759.638 1517.87 2261.28 3015.86 3735.44
 71.006 760.638 1519.85 2264.28 3019.79 3740.44
 71.006 761.638 1521.85 2267.29 3023.81 3745.41
71.0994 762.638 1523.85 2270.29 3027.78 3750.34
71.0994 763.649 1525.85 2273.29  3031.8 3755.31
71.0994 764.649 1527.86 2276.29 3035.79 3760.31
71.1908 765.632 1529.86 2279.21 3039.79 3765.31
71.2825 766.632 1531.83 2282.15 3043.79 3770.31
71.3753  767.63 1533.83 2285.15 3047.79 3775.22
71.4685  768.63 1535.83 2288.13 3051.79 3780.15
71.5605  769.63 1537.81 2291.13 3055.72 3785.15
71.5605  770.63 1539.82 2294.14 3059.72 3790.12
71.5605 771.641 1541.84 2297.14 3063.72 3795.09
71.6521 772.628 1543.84 2300.14 3067.64 3800.09
71.7421 773.599 1545.78 2303.14 3071.64 3805.09
71.7421 774.603 1547.79 2306.14 3075.63 3810.09
71.7421 775.603 1549.81 2309.15 3079.63 3815.06
71.8344 776.602 1551.81 2312.15 3083.63 3819.97
71.8344 777.608 1553.81 2315.15 3087.63 3824.97
71.8344  778.62 1555.81 2318.16 3091.63 3829.95
71.8344 779.631 1557.81 2321.16 3095.64 3834.92
71.8344 780.631 1559.82 2324.15 3099.64 3839.92
71.9266 781.631 1561.82 2327.14 3103.64 3844.85
72.0174 782.631 1563.79 2330.07 3107.64 3849.85
72.1089 783.631 1565.79 2333.03 3111.59 3854.85
72.1089 784.635  1567.8 2336.02 3115.59 3859.85
72.2002 785.635  1569.8 2338.98 3119.54 3864.85
72.2002 786.646  1571.8 2341.98 3123.55 3869.82
72.2002  787.65  1573.8 2344.97 3127.55 3874.82
72.2002  788.65 1575.82 2347.98 3131.55 3879.79
72.2916 789.648 1577.82 2350.98 3135.55  3884.7
72.3833 790.648 1579.82 2353.98 3139.53 3889.63
 72.474 791.648  1581.8 2356.98 3143.46 3894.63
 72.474 792.648 1583.82 2359.98 3147.47  3899.6
72.5653 793.648 1585.82 2362.98 3151.47 3904.52
72.5653 794.648 1587.83 2365.98 3155.47 3909.52
72.6561 795.648 1589.83 2368.94 3159.42 3914.52
72.7448  796.62 1591.77 2371.94 3163.42 3919.52
72.7448 797.624 1593.77 2374.93 3167.42 3924.52
72.7448 798.628 1595.78 2377.93  3171.4 3929.52
 72.836 799.628 1597.78 2380.91  3175.4 3934.44
72.9273 800.628 1599.78 2383.91 3179.38 3939.37
72.9273  801.64 1601.78 2386.92 3183.38 3944.35
73.0156 802.611 1603.72 2389.92 3187.38 3949.35
73.0156 803.622 1605.72 2392.92  3191.4 3954.32
73.1053 804.609 1607.72 2395.92 3195.32 3959.32
73.1963 805.609 1609.72  2398.9 3199.32 3964.25
73.2856 806.592 1611.72 2401.83 3203.32 3969.25
 73.376 807.592 1613.72 2404.79 3207.27 3974.25
 73.376 808.592 1615.74  2407.8 3211.27 3979.22
73.4666  809.59 1617.74  2410.8 3215.27 3984.13
73.4666  810.59 1619.74 2413.81 3219.28 3989.11
73.5561 811.578 1621.74 2416.81 3223.21 3994.11
73.5561  812.59 1623.74 2419.82 3227.21 3999.09
73.5561 813.593 1625.75 2422.81 3231.21 4004.09
73.5561   814.6 1627.75 2425.81  3235.2 4009.09
73.6438 815.571 1629.69 2428.81  3239.2 4014.09
 73.733 816.559 1631.69 2431.81 3243.13 4019.09
73.8221 817.559 1633.66 2434.75 3247.13 4024.09
73.9098  818.53  1635.6 2437.75 3251.13 4029.09
73.9996  819.53  1637.6 2440.71 3255.08 4034.09
  74.09  820.53  1639.6 2443.69 3259.08 4039.01
74.1787 821.513  1641.6 2446.62 3263.08 4044.01
74.1787 822.513  1643.6 2449.63 3267.09 4048.99
74.2687 823.511  1645.6 2452.63 3271.09  4053.9
74.3574 824.494  1647.6 2455.56 3275.09  4058.9
74.4464 825.494 1649.57  2458.5 3279.09  4063.9
74.5355 826.482 1651.57  2461.5 3283.01  4068.9
74.5355 827.482 1653.59  2464.5 3287.01 4073.87
74.5355 828.488 1655.59  2467.5 3291.01 4078.87
74.6252 829.486 1657.59  2470.5 3295.01 4083.79
74.6252 830.497 1659.59 2473.51 3299.01 4088.76
74.6252 831.508 1661.59 2476.51 3303.02 4093.74
74.6252 832.508 1663.61 2479.52 3307.02 4098.71
74.6252 833.508 1665.63 2482.53 3311.02 4103.69
74.7146 834.508 1667.62 2485.53 3315.02  4108.6
 74.803 835.508 1669.59 2488.47 3319.02  4113.6
74.8927 836.508 1671.59 2491.47    3323 4118.53
74.9817 837.508 1673.59 2494.43 3326.95 4123.53
74.9817 838.508 1675.59 2497.44 3330.97 4128.51
74.9817 839.508  1677.6 2500.44 3334.96 4133.51
74.9817 840.514  1679.6 2503.43 3338.96 4138.51
75.0704 841.514  1681.6 2506.39 3342.91 4143.51
75.1584 842.514 1683.58 2509.33 3346.91 4148.51
75.2474 843.512 1685.58 2512.33 3350.91 4153.42
75.2474 844.522 1687.59 2515.33 3354.91 4158.39
75.3367 845.522 1689.59 2518.33 3358.89 4163.33
75.4256 846.519 1691.59 2521.33 3362.89 4168.24
75.5135 847.519 1693.57 2524.27 3366.89 4173.24
75.6015 848.507 1695.57 2527.27 3370.81 4178.24
75.6904 849.505 1697.57 2530.27 3374.81 4183.15
75.7794 850.505 1699.56 2533.27 3378.81 4188.07
75.7794 851.509 1701.57 2536.27  3382.8 4193.07
75.7794 852.509 1703.59 2539.27 3386.81 4198.04
75.8684 853.509 1705.59 2542.27 3390.79 4202.97
75.9562 854.509 1707.56 2545.21 3394.79 4207.97
 76.044 855.497 1709.56 2548.21 3398.72 4212.97
 76.044 856.497 1711.57 2551.21 3402.71 4217.97
 76.044 857.508 1713.57 2554.22 3406.71 4222.95
76.1316 858.496 1715.57 2557.22 3410.64 4227.95
76.1316 859.496 1717.57 2560.23 3414.65 4232.93
76.1316 860.496 1719.58 2563.22 3418.64 4237.93
76.2202 861.496 1721.58 2566.22 3422.62 4242.86
76.2202 862.499 1723.58 2569.21 3426.62 4247.86
76.3087 863.499 1725.58 2572.21  3430.6 4252.79
 76.396 864.487 1727.58 2575.21 3434.53 4257.79
 76.396 865.491 1729.59  2578.2 3438.53 4262.79
 76.396 866.497 1731.59  2581.2 3442.52 4267.79
 76.396 867.497  1733.6  2584.2 3446.52 4272.79
 76.396 868.508  1735.6 2587.21 3450.52 4277.77
 76.396 869.518  1737.6 2590.21 3454.53 4282.75
 76.396 870.522  1739.6  2593.2 3458.53 4287.75
76.4838 871.522  1741.6 2596.18 3462.53 4292.68
76.4838 872.526 1743.61 2599.17 3466.53 4297.68
76.4838 873.535 1745.63 2602.17 3470.53 4302.65
76.5712 874.533 1747.63 2605.17 3474.53 4307.56
76.6589 875.533 1749.63 2608.17 3478.51  4312.5
76.7466 876.533 1751.63 2611.17 3482.49 4317.43
76.8343 877.533 1753.63 2614.17 3486.47 4322.36
76.8343 878.539 1755.63 2617.17 3490.47 4327.36
76.9219 879.539 1757.63 2620.17 3494.45  4332.3
77.0083 880.527 1759.63 2623.17 3498.37  4337.3
77.0083 881.527 1761.63 2626.18 3502.39 4342.27
77.0955 882.527 1763.62 2629.18 3506.39 4347.19
77.1817 883.527  1765.6 2632.12 3510.39 4352.19
77.1817 884.531  1767.6 2635.12 3514.38 4357.19
77.1817 885.542  1769.6 2638.13 3518.38 4362.17
 77.269 886.542  1771.6 2641.11 3522.38  4367.1
77.3551  887.53  1773.6 2644.11  3526.3  4372.1
77.4421 888.528  1775.6 2647.11  3530.3 4377.02
77.4421 889.528  1777.6 2650.12 3534.32 4381.99
77.5281 890.516  1779.6 2653.12 3538.24 4386.99
77.6152 891.516  1781.6  2656.1 3542.24 4391.92
77.6152 892.516 1783.61  2659.1 3546.24 4396.92
77.6152  893.52 1785.62  2662.1 3550.23 4401.92
77.6152  894.52 1787.64  2665.1 3554.24  4406.9
77.7021  895.52 1789.64 2668.08 3558.24 4411.83
77.7021  896.53 1791.64 2671.08 3562.25  4416.8
77.7888  897.53 1793.64 2674.06 3566.25 4421.73
77.7888 898.536 1795.64 2677.06 3570.25 4426.73
77.7888 899.547 1797.64 2680.07 3574.25 4431.71
77.7888 900.547 1799.64 2683.07 3578.24 4436.71
77.7888 901.557 1801.64 2686.08 3582.24 4441.69
77.7888 902.567 1803.64 2689.08 3586.26 4446.67
77.8742 903.567 1805.62 2692.08 3590.19 4451.67
77.9605 904.567 1807.62 2695.08 3594.17  4456.6
77.9605 905.567 1809.64 2698.08 3598.18 4461.57
77.9605 906.567 1811.66 2701.08 3602.19 4466.55
 78.046 907.567 1813.66 2704.04 3606.14 4471.55
 78.131 908.556 1815.66 2707.04 3610.07 4476.55
 78.131  909.56 1817.66 2710.04 3614.06 4481.55
 78.131  910.57 1819.66 2713.05 3618.06 4486.53
 78.131  911.57 1821.68 2716.05 3622.07  4491.5
 78.131  912.57 1823.69 2719.05 3626.06  4496.5
78.2165  913.57 1825.69 2722.05 3630.06 4501.42
78.3019 914.568 1827.69 2725.05 3634.06 4506.33
 78.387 915.568 1829.69 2728.01 3638.02 4511.33
 78.387 916.568  1831.7 2731.01 3642.03 4516.31
 78.387 917.572 1833.71 2734.01 3646.02 4521.31
 78.387 918.582 1835.71 2737.02 3650.02 4526.29
78.4722  919.58 1837.71 2740.02 3654.02  4531.2
78.5562 920.564 1839.71 2742.95 3658.02  4536.2
78.5562 921.564 1841.72 2745.95 3662.01  4541.2
78.5562 922.564 1843.74 2748.96 3666.01 4546.18
78.6412 923.564 1845.73 2751.96 3670.01  4551.1
 78.724 924.537 1847.68 2754.96 3674.01  4556.1
 78.724 925.543 1849.68 2757.95 3678.01  4561.1
78.8092 926.543 1851.68 2760.95 3681.99 4566.03
78.8092 927.543 1853.68 2763.95 3685.98 4571.03
78.8943 928.543 1855.68 2766.95 3689.96 4575.97
 78.977 929.516 1857.63 2769.95 3693.96 4580.97
 78.977  930.52 1859.63 2772.94 3697.96 4585.97
 78.977  931.52 1861.65 2775.94 3701.97 4590.94
79.0607  932.52 1863.62 2778.88 3705.97 4595.94
79.0607  933.52 1865.62 2781.89 3709.99 4600.92
79.1431 934.493 1867.57 2784.89 3713.99 4605.92
79.2279 935.493 1869.57 2787.89 3717.97 4610.85
79.3103 936.466 1871.51 2790.89 3721.97 4615.85
79.3951 937.466 1873.51 2793.89 3725.94 4620.79
79.4796 938.466 1875.51 2796.89 3729.94 4625.71
 79.563  939.45 1877.51 2799.82 3733.94 4630.71
 79.563 940.455 1879.51 2802.82 3737.94 4635.71
 79.563 941.459 1881.51 2805.81 3741.94 4640.71
 79.563 942.469 1883.51 2808.82 3745.94 4645.69
79.6475 943.469 1885.51 2811.82 3749.92 4650.63
79.7297 944.442 1887.46 2814.82 3753.92 4655.63
79.7297 945.442 1889.47 2817.82 3757.92 4660.63
 79.813  946.43 1891.47 2820.82 3761.85 4665.63
79.8971 947.428 1893.47 2823.82 3765.85 4670.54
79.8971 948.437 1895.48 2826.82 3769.85 4675.52
79.8971 949.437  1897.5 2829.83 3773.85 4680.49
 79.979  950.41 1899.45 2832.83 3777.85 4685.49
80.0618 951.394 1901.45 2835.76 3781.85 4690.49
80.0618 952.394 1903.46 2838.76 3785.86 4695.47
80.0618 953.394 1905.48 2841.76 3789.87 4700.44
80.1436 954.368 1907.42 2844.76 3793.87 4705.44
80.1436 955.368 1909.44 2847.76 3797.88 4710.41
80.1436 956.371 1911.45 2850.75 3801.88 4715.41
80.2251 957.344 1913.39 2853.75 3805.88 4720.41
80.2251 958.354 1915.39 2856.76 3809.88 4725.39
80.3079 959.342 1917.39 2859.76  3813.8 4730.39
80.3914 960.342 1919.39 2862.76  3817.8 4735.31
 80.475 961.342 1921.38 2865.76  3821.8 4740.24
 80.475 962.342  1923.4 2868.77  3825.8 4745.21
80.5576 963.331  1925.4 2871.77 3829.73 4750.21
80.5576 964.341  1927.4 2874.78 3833.73 4755.19
80.6412 965.341  1929.4 2877.76 3837.73 4760.13
80.7248 966.341  1931.4 2880.74 3841.73 4765.06
 80.807 967.325  1933.4 2883.68 3845.73 4770.06
80.8897 968.325 1935.38 2886.68 3849.67 4775.06
80.9731 969.322 1937.38 2889.68 3853.67 4779.98
80.9731 970.326 1939.38 2892.67 3857.67 4784.98
80.9731 971.334  1941.4 2895.67 3861.67 4789.95
80.9731 972.343 1943.41 2898.67 3865.67 4794.93
81.0564 973.343 1945.41 2901.65 3869.67 4799.86
81.0564 974.343 1947.43 2904.66 3873.67 4804.84
81.0564 975.343 1949.45 2907.67 3877.67 4809.81
81.0564 976.352 1951.46 2910.67 3881.67 4814.79
81.0564 977.352 1953.48 2913.67 3885.68 4819.76
81.0564 978.361  1955.5 2916.67 3889.68 4824.74
81.1393 979.361  1957.5 2919.65 3893.68 4829.67
81.1393 980.371  1959.5 2922.66 3897.68 4834.65
81.2218 981.368  1961.5 2925.66 3901.68 4839.57
81.2218 982.372  1963.5 2928.65 3905.68 4844.57
81.2218 983.381 1965.52 2931.65 3909.68 4849.55
81.2218  984.39 1967.52 2934.66 3913.68 4854.52
81.2218  985.39 1969.53 2937.66 3917.68 4859.52
81.3035  986.39 1971.51 2940.66 3921.62 4864.52
 81.386  987.39 1973.51 2943.66  3925.6 4869.46
81.4675 988.379 1975.51 2946.66 3929.53 4874.46
81.4675 989.384 1977.51 2949.66 3933.52 4879.46
81.5477 990.358 1979.45 2952.66 3937.52 4884.46
81.5477 991.358 1981.47 2955.66 3941.53 4889.44
81.5477 992.358 1983.48 2958.66 3945.54 4894.41
81.6294 993.358 1985.48 2961.62  3949.5 4899.41
81.6294 994.358 1987.49 2964.62 3953.49 4904.41
 81.711 995.358 1989.49 2967.58 3957.45 4909.41
81.7918 996.342 1991.49 2970.52 3961.45 4914.41
81.7918 997.351 1993.51 2973.52 3965.45 4919.39
81.7918  998.36 1995.53 2976.52 3969.45 4924.36
81.7918 999.369 1997.53 2979.52 3973.46 4929.34
81.7918 1000.38 1999.54 2982.52 3977.46 4934.31
81.8734 1001.38 2001.54 2985.52 3981.46 4939.24
81.8734 1002.38 2003.54 2988.53 3985.46 4944.22