      1 4.33333       3       4 4.33333 4.33333
      1 7.41228       5 6.84211 8.33333 7.41228
1.52444 8.41228       7 10.4304 12.3333 11.2996
1.52444 10.9317 9.09645 13.4304 16.3333 14.6837
1.52444 11.9317 11.0964 17.0563  20.743  18.648
1.52444 13.8398  12.871 20.0563 24.0603  23.648
1.52444 15.6154 14.5223 22.6295 28.0603  28.648
1.75541 16.6154 16.5223  26.058 32.0603 32.9885
1.75541   18.65 18.5223  29.058 35.9862  37.028
1.96241   19.65 20.5223 32.4846 39.9862 41.3944
2.17745   20.65 22.7712 35.4846 43.9862 45.9305
2.17745   21.65 24.9568 38.8905 47.9862  50.339
2.35361 23.4015 26.9568 41.8905 51.9862 54.4114
2.50498 24.9066 28.9568 44.8905 55.3297 59.4114
2.50498 25.9066 31.1734 47.8905 59.5652 63.9593
2.65853 26.9066 33.0843 50.8261 63.5652 68.9593
2.65853 28.5942 35.0843 53.8261 67.5522 73.2847
2.82614 29.5942 37.2963 56.8261 71.5522 77.9051
2.96205 31.0174 39.2963 59.8261 74.9931 82.9051
2.96205 32.6241 41.2963  62.925 78.9931 87.1995
3.09131 34.0477 43.2963  65.925 82.4402 92.1995
3.24785 35.0477 45.2963  68.925 86.6148 96.8683
3.39202 36.6035 47.2963  71.925 90.6148 101.168
3.39202 38.1745 49.2963  75.012 94.6148  105.51
3.52926 39.1745 51.2963 78.0468 98.4428  110.51
3.52926 40.7227 53.2963 81.1312 102.443 114.878
3.52926 42.1177  55.122 83.9105 106.443 119.878
3.63433 43.3716  56.763 86.9105 110.443 124.878
3.77121 44.3716  58.763 89.9105 114.602 129.581
3.88048 45.6572  60.763 92.5156 118.602 134.581
3.88048 47.0343 62.5957 95.3059 122.602 139.581
3.98304 48.2774   64.25 98.3059 126.602 144.581
3.98304 49.7696   66.25 101.345 130.602  149.05
4.08576 51.0532   68.25 103.958 134.602  154.05
4.20422 52.0532 70.2289 106.958 138.505  159.05
4.20422 53.5421 72.2289 109.958 142.467   163.6
4.20422 55.0153 74.2289 112.984 146.467 168.101
4.31519 56.4674 76.2289 115.984 150.467 172.538
4.40968 57.7038  77.898 118.984 154.467 177.538
4.50707 58.9783  79.898 121.612 158.467 182.538
4.50707 59.9783 81.8956 124.652 162.429 187.538
4.50707 61.3609 83.8956 127.526 166.173 192.538
4.50707 62.7401 85.7813 130.526 169.908 197.538
4.59543 63.9701  87.463 133.526 173.908 202.538
4.59543 64.9701 89.5369 136.526 178.032  207.34
4.68823 66.2821 91.5369 139.526 181.627  212.34
4.78895 67.2821 93.5369 142.523 185.529  217.34
 4.8819  68.588 95.5369 145.523  189.13  222.34
 4.8819  69.588 97.5985 148.663  193.13 227.138
 4.8819  70.588 99.5985 151.799 197.203 231.929
4.96556 71.7976 101.305 154.799 201.203 236.929
4.96556 73.1984 103.282 157.799 205.203 241.552
4.96556 74.6062 105.282 160.799  209.15 246.198
5.05827 75.6062 107.282 163.801 213.055 251.198
5.05827 76.9147 109.138 166.636 217.055 256.198
5.14802 78.2794 111.138 169.636 221.055 260.743
5.14802 79.2794   113.2 172.636 225.156  265.58
5.24091 80.2794   115.2 175.751 229.156 270.372
5.24091 81.2794 117.253 178.882 233.156 275.189
5.32784 82.6276 119.253 181.882 237.156 279.754
5.41966 83.6276 121.253 184.882 241.243 284.575
5.41966 84.6276 123.305 188.012 245.243 289.393
5.41966 85.9101 125.174 190.861 249.243 294.393
5.50802 86.9101 127.174 193.973 253.243 299.192
5.50802 88.2118 129.174 196.878 257.036 304.192
5.59549 89.2118 131.174 199.878 261.118 309.023
 5.6741  90.465 133.174 202.878 264.786 314.023
5.75844  91.465 135.153 205.878 268.722 319.023
5.75844  92.465  137.21 208.878 272.811 323.878
5.84479  93.465 139.267 211.878 276.811 328.734
5.92752  94.465 141.267 214.877 280.729 333.734
5.92752 95.7921 143.252 217.877 284.729 338.422
5.92752 97.1245 145.252 220.877  288.69 343.129
5.92752 98.1245 147.252 223.986 292.752 347.958
5.92752 99.1245 149.248 227.022  296.72 352.958
5.99745 100.294 151.008 230.022  300.72 357.958
5.99745 101.565 153.008 232.938 304.533 362.958
5.99745 102.881 154.991 235.938 308.533  367.66
5.99745 104.202 156.991 238.938 312.493  372.38
5.99745 105.452 158.874 241.804 316.493  377.38
5.99745 106.761 160.874 244.807 320.493 382.067
5.99745 107.761 162.916 247.915 324.493 386.917
5.99745 109.008 164.801 250.783 328.493 391.917
6.06918 110.008 166.801 253.783 332.422 396.917
6.06918 111.008 168.849 256.783 336.502 401.789
6.06918 112.269 170.766 259.783 340.324 406.789
6.14197 113.269 172.814 262.783 344.324 411.668
6.14197 114.269 174.861 265.783 348.402 416.543
6.14197 115.269 176.901 268.884 352.402 421.403
6.14197 116.521 178.822 271.884 356.229 426.403
6.21172 117.521 180.822 274.971 360.229 431.245
6.27952 118.521 182.822 277.972  364.16 436.245
6.27952 119.802 184.822 280.976  368.16  440.96
6.27952 121.048 186.745 283.976 371.991  445.96
6.27952 122.048  188.74 287.009 375.964  450.96
6.27952 123.325  190.74 290.013 379.964 455.679
6.34389  124.59  192.74 293.013 383.964 460.351
6.34389 125.871 194.722 296.013 387.964 465.086
6.40487 127.081 196.722 299.013 391.693 470.086
6.47146 128.081 198.768 302.013 395.693 474.974
6.47146 129.303 200.664 304.894 399.693 479.974
6.47146  130.58 202.646 307.894 403.693 484.715
6.53483  131.58  204.63 310.894 407.645 489.715
6.53483 132.859  206.63 313.894 411.607 494.474
6.53483  134.13  208.63 316.896 415.607 499.203
6.59095 135.282 210.422 319.896 419.607 504.203
6.59095 136.555 212.403 322.896 423.607 508.949
6.65177 137.555 214.363 325.875 427.607 513.949
6.65177  138.79 216.288 328.875 431.447 518.949
6.65177  139.79  218.32 331.966 435.447 523.825
6.70892 140.991  220.32 334.966 439.188 528.825
6.76608 142.193  222.32 337.966  442.93 533.825
6.76608 143.425  224.32 340.895 446.769 538.825
6.82028 144.574 226.117 343.895 450.769 543.825
6.82028 145.574 228.155 346.895 454.831 548.726
6.87405 146.721 229.953 349.895 458.831 553.726
6.93333 147.721 231.937 352.895 462.788 558.726
6.99418 148.721 233.972 355.895 466.788  563.63
6.99418 149.946 235.972 358.826 470.632  568.63
6.99418 150.946 238.008 361.826 474.692 573.534
6.99418 152.201 239.986 364.826 478.692 578.302
6.99418 153.201 242.014 367.909 482.692 583.189
7.04858 154.392 244.014 370.909 486.446 588.189
7.10524 155.392 245.976 373.891 490.446 593.189
7.16232 156.392 247.976 376.894 494.386 598.189
7.16232 157.636 249.976 379.892 498.386 602.948
7.16232 158.888 251.976 382.892 502.344 607.737
7.16232 160.136 253.955 385.892 506.344  612.51
7.21411 161.294 255.955 388.682 510.344  617.51
7.21411 162.541 257.934 391.682 514.344 622.284
7.26876 163.773 259.934 394.682 518.344 626.998
7.32367 164.773 261.897 397.664 522.344 631.998
7.38055 165.773 263.932 400.664 526.344 636.907
7.43121  166.91 265.743 403.664 530.344 641.907
7.43121  167.91 267.743 406.738 534.383 646.795
7.43121  168.91 269.743 409.811 538.421 651.683
7.43121  169.91 271.769  412.89 542.421 656.578
7.48548  170.91 273.754  415.89 546.382 661.578
7.48548 172.117 275.754 418.826  550.24 666.578
7.53855 173.337 277.754 421.826  554.24 671.305
 7.5922 174.337 279.754 424.828 558.184 676.305
 7.5922 175.543 281.689 427.828 562.044 681.305
7.64571 176.543 283.674 430.828 566.005 686.305
7.69667  177.72 285.674 433.828 569.777 691.305
7.69667 178.923 287.674 436.766 573.636 696.305
7.69667 179.923 289.699  439.84 577.636 701.206
7.69667 180.923 291.693 442.868 581.613 706.206
7.74828 182.136 293.693 445.868 585.613 710.941
7.74828 183.136 295.693 448.939 589.646 715.837
7.74828 184.359 297.693 451.937 593.646 720.617
7.79998 185.359  299.68 454.937 597.608 725.617
7.85273 186.359  301.68 457.937 601.649 730.523
7.85273 187.359 303.711 460.937 605.699 735.441
7.85273 188.359 305.706 463.964 609.677 740.441
7.90322 189.359 307.672 466.948 613.677 745.441
7.90322 190.538 309.587 469.854 617.677 750.441
7.90322 191.753 311.587 472.851 621.677 755.229
7.95438 192.753 313.587 475.912 625.677 760.117
8.00078 193.877 315.416 478.912 629.677 765.117
8.04718 195.002 317.245 481.912 633.677 770.117
8.04718 196.192 319.245 484.853 637.545 775.117
8.04718 197.408 321.224 487.853 641.545 779.922
8.04718 198.599 323.162 490.853 645.416 784.922
8.04718 199.819 325.162 493.853 649.378  789.74
8.09734 200.819 327.189 496.853 653.378 794.663
8.14323 201.957 329.189 499.669 657.378 799.663
8.14323 202.957 331.216 502.669 661.427 804.588
8.18887 204.094 333.216 505.486 665.427 809.588
8.18887 205.303 335.216 508.481 669.427 814.384
8.23838 206.303 337.243 511.481 673.427 819.308
8.23838 207.303 339.237 514.505 677.408 824.308
8.23838 208.303 341.231 517.529  681.39 829.308
8.28425 209.463 343.231 520.529 685.184 834.308
8.28425 210.675 345.231 523.529 689.147 839.133
8.28425 211.883 347.211 526.529 693.147 843.945
 8.3326 212.883 349.237 529.529 697.147 848.871
  8.377 214.017 351.237 532.351 701.147 853.871
8.42421 215.017 353.237 535.351 705.099 858.871
8.42421 216.186 355.158 538.262 709.099 863.871
8.47199 217.186 357.158 541.315 713.099  868.77
8.47199 218.354 359.078 544.226 717.099  873.77
8.51886 219.354 361.065 547.226 721.066  878.77
8.51886 220.557 363.044 550.226 725.066 883.588
8.56479 221.746 365.044 553.226 729.066 888.353
8.61073 222.935 367.044 556.226 733.066 893.117
8.61073 223.935  369.07 559.226 737.112 898.046
8.61073 224.935 371.091 562.288 741.112 902.963
8.61073 225.935 373.091 565.346 745.143 907.875
8.65468 227.088 375.091 568.346 748.946 912.875
8.65468 228.288 377.071 571.346 752.946 917.695
8.69965 229.474 379.071 574.346 756.946 922.464
8.69965 230.474 381.097 577.346  760.99 927.393
8.69965 231.474 383.123 580.346 765.035 932.322
8.74292 232.625 385.123 583.346 768.841 937.322
8.74292 233.819 387.123 586.341 772.841 942.134
8.78458 234.933 388.967 589.341 776.841 947.134
8.82676 236.061 390.967  592.17 780.841 952.134
8.82676 237.061 392.962 595.192 784.825 957.134
8.87199 238.061 394.962 598.242 788.825 962.039
8.91662 239.061 396.949 601.242 792.793 967.039
8.96199 240.061 398.949 604.242 796.827 971.959
9.00663 241.061 400.936 607.242 800.796 976.959
9.00663 242.253 402.917 610.242 804.796 981.787
9.05104 243.253 404.904 613.242 808.764 986.787
9.09604 244.253 406.904 616.291 812.764 991.693
9.14118 245.253 408.904 619.291 816.798 996.614
9.14118 246.253 410.923 622.349 820.798 1001.54
9.18596 247.253 412.923 625.398 824.798 1006.44
9.22961 248.427 414.923 628.398 828.798 1011.22
9.22961 249.427 416.923 631.453 832.827 1016.14
9.22961 250.592 418.923 634.401 836.715 1021.14
9.22961 251.756 420.923 637.348 840.602 1026.14
9.27305 252.756 422.923 640.348 844.559 1031.14
9.27305 253.756 424.918 643.369 848.543 1036.14
9.31642 254.756 426.906 646.369 852.512 1041.14
9.35925 255.927 428.906 649.369 856.512 1045.93
9.35925 256.927 430.906 652.423  860.54 1050.84
9.35925 258.112 432.906 655.423 864.509 1055.69
9.39934 259.218  434.76 658.423 868.509 1060.69
9.44217 260.218  436.76 661.423 872.466 1065.69
 9.4858 261.218  438.76 664.423 876.498 1070.62
 9.4858 262.218  440.76 667.476 880.525 1075.54
 9.4858 263.366  442.69 670.398 884.525 1080.54
9.52678 264.503  444.69 673.398 888.346 1085.54
9.52678 265.685  446.69 676.398 892.315 1090.39
9.52678 266.685 448.685 679.419   896.3 1095.39
9.52678 267.685 450.685 682.471 900.327 1100.31
9.56604 268.788 452.542 685.471 904.327 1105.31
9.56604 269.788 454.536 688.492 908.312 1110.31
9.60515 270.891 456.394 691.492 912.312 1115.31
9.60515 272.047 458.394 694.442 916.205 1120.31
9.64727 273.047 460.394 697.488 920.205 1125.22
9.64727 274.047 462.415 700.488 924.244 1130.16
9.68933 275.047 464.415 703.488 928.274 1135.09
9.73065 276.047 466.415 706.488 932.233 1140.09
9.77272 277.047 468.415 709.488 936.263 1145.01
9.77272 278.217 470.415 712.483 940.263 1149.85
9.77272 279.392 472.415 715.483 944.233  1154.7
9.77272 280.392 474.409 718.503 948.219  1159.7
9.81433 281.392  476.43 721.503 952.219 1164.64
9.81433 282.392 478.446 724.557 956.219 1169.57
9.85569 283.392 480.446 727.557 960.248  1174.5
9.89598  284.55 482.446 730.557 964.248  1179.3
 9.9346 285.661 484.446 733.408 968.248  1184.3
 9.9346 286.661 486.463 736.461 972.248 1189.23
 9.9346 287.661 488.484 739.461 976.287 1194.17
9.97359  288.79 490.484 742.461 980.119 1199.17
9.97359  289.96 492.484 745.461  984.09 1204.03
10.0144  290.96 494.484 748.461  988.12 1208.96
10.0144  291.96   496.5 751.514  992.12 1213.89
10.0525 293.068   498.5 754.367  996.12 1218.89
10.0525 294.237   500.5 757.367 1000.09 1223.75
10.0525 295.384 502.452 760.367 1003.99 1228.75
10.0525 296.384 504.473 763.367 1008.03 1233.69
10.0918 297.384 506.447 766.354 1012.03 1238.69
 10.129  298.48 508.314 769.354 1016.03 1243.69
10.1672 299.607 510.314 772.354 1019.86 1248.69
10.2044 300.703  512.18 775.354 1023.86 1253.69
10.2439 301.703  514.18 778.354 1027.83 1258.69
10.2815  302.81  516.18 781.209 1031.83 1263.69
10.2815 303.955  518.18 784.163 1035.73 1268.69
10.3185  305.05 520.048 787.163 1039.73 1273.69
10.3185 306.213  522.03 790.163 1043.73 1278.55
10.3564 307.339  524.03 793.163 1047.56 1283.55
10.3564 308.484 525.983 796.163 1051.47 1288.55
10.3564 309.648 527.983 799.163 1055.44 1293.41
 10.396 310.648 529.983 802.163 1059.46 1298.35
10.4355 311.648 531.983 805.163 1063.49 1303.28
 10.474 312.799 533.983 808.163 1067.49 1308.09
 10.474 313.799 535.997 811.213 1071.49 1313.03
 10.474 314.962 537.997 814.213 1075.46 1317.89
 10.474 315.962 539.997 817.259 1079.48 1322.82
 10.474 317.105  541.95 820.259 1083.39 1327.82
 10.512 318.254  543.95 823.259 1087.39 1332.64
 10.512 319.414 545.933 826.259 1091.39  1337.5
10.5507 320.414 547.933 829.259 1095.41 1342.43
10.5877 321.537 549.933 832.259 1099.25 1347.43
10.6259 322.537 551.933 835.258 1103.22 1352.43
10.6629  323.66 553.933 838.258 1107.06 1357.43
10.6629 324.818 555.916 841.258 1111.06 1362.29
10.7006 325.966 557.916 844.258 1115.06  1367.1
10.7392 326.966 559.916 847.258 1119.08 1372.04
10.7392 328.127 561.916 850.258 1123.05 1376.91
10.7759 329.249 563.916 853.258 1126.89 1381.91
10.7759 330.249  565.93 856.307 1130.89 1386.84
10.7759 331.249 567.945 859.355 1134.89 1391.78
10.7759 332.403 569.945  862.35 1138.89 1396.63
10.8113 333.495 571.818  865.35 1142.89 1401.63
10.8495 334.495 573.835  868.35 1146.89 1406.58
10.8866 335.641 575.835  871.35 1150.89 1411.39
10.9239 336.641 577.809 874.338 1154.89 1416.39
 10.962 337.641 579.809 877.338 1158.92 1421.33
 10.962 338.641 581.809 880.383 1162.94 1426.26
10.9999 339.641 583.809 883.422 1166.94 1431.19
10.9999 340.641 585.809 886.467 1170.96 1436.12
10.9999 341.792 587.809 889.463 1174.96 1440.97
10.9999 342.929 589.765 892.463 1178.87 1445.97
11.0348 344.019 591.639 895.463 1182.87 1450.97
11.0701 345.119 593.639 898.327 1186.87 1455.97
11.0701 346.119 595.657 901.327 1190.91 1460.92
11.0701 347.272  597.64 904.327 1194.91 1465.79
11.1068 348.272  599.64 907.327 1198.87 1470.79
11.1068 349.408 601.596 910.327 1202.78 1475.79
11.1068 350.557 603.596 913.322 1206.78 1480.64
 11.144 351.557 605.612 916.322 1210.78 1485.59
 11.144 352.557 607.626 919.368 1214.78 1490.53
 11.144  353.71 609.626 922.368 1218.75  1495.4
 11.144 354.844 611.626 925.326 1222.66  1500.4
11.1805 355.844 613.626 928.364 1226.66 1505.33
11.1805 356.992 615.626 931.359 1230.66 1510.18
11.1805 357.992  617.62 934.377 1234.65 1515.18
11.2154 359.108  619.62 937.377  1238.5 1520.18
11.2154 360.242  621.62 940.335  1242.4 1525.18
11.2154 361.366 623.561  943.27  1246.4 1530.18
11.2515 362.366 625.561 946.307  1250.4 1535.11
11.2515 363.366 627.574 949.353  1254.4 1540.05
11.2515 364.499 629.531 952.353 1258.31 1545.05
11.2515 365.645 631.531 955.348 1262.31 1549.91
11.2515 366.769 633.471 958.284 1266.31 1554.91
11.2515 367.769 635.471 961.326 1270.34 1559.85
11.2515 368.919 637.471 964.326 1274.31 1564.72
 11.287 369.919 639.471 967.326 1278.33 1569.67
11.3225 370.919 641.471 970.363 1282.33 1574.59
11.3225 372.064 643.471 973.358 1286.33 1579.45
11.3574 373.064 645.471 976.358  1290.3 1584.45
 11.392 374.201 647.471 979.358  1294.3 1589.28
 11.392 375.201 649.485 982.403  1298.3 1594.22
11.4265 376.337 651.485 985.403  1302.3 1599.05
11.4265 377.483 653.469 988.403  1306.3 1603.92
11.4616 378.483 655.469  991.44  1310.3 1608.85
 11.496 379.619 657.469  994.44  1314.3 1613.68
11.5312 380.619 659.469  997.44 1318.32 1618.62
11.5656 381.755 661.469 1000.44 1322.32 1623.45
11.5993 382.868 663.469 1003.44 1326.17 1628.45
11.5993 383.997 665.469  1006.4 1330.09 1633.45
11.5993 384.997 667.469 1009.44 1334.11 1638.39
11.5993 386.144 669.469 1012.44 1338.08 1643.27
11.6342 387.144 671.469 1015.44  1342.1 1648.21
11.6342 388.144 673.482 1018.49  1346.1 1653.15
11.6342 389.289 675.482 1021.49 1350.08 1658.03
11.6342 390.431 677.482 1024.48 1354.08 1662.89
11.6687 391.431 679.482 1027.52 1358.08 1667.82
11.7027 392.431 681.482 1030.52 1362.04 1672.82
11.7027 393.574 683.467 1033.52 1366.04 1677.69
11.7366 394.574 685.444 1036.51 1370.04 1682.69
11.7707 395.574 687.433 1039.51 1374.02 1687.69
11.7707 396.574 689.446 1042.55 1378.02 1692.64
11.8043 397.707 691.446 1045.55 1382.02 1697.47
11.8386 398.707 693.446 1048.59 1386.02  1702.4
11.8386 399.833 695.405 1051.59 1389.93  1707.4
11.8721 400.965 697.405 1054.59 1393.93 1712.23
11.9057 401.965 699.382 1057.58 1397.93 1717.23
11.9396 402.965 701.371 1060.58 1401.91 1722.23
11.9396 403.965 703.384 1063.62 1405.91 1727.18
11.9737 404.965 705.384 1066.66 1409.91 1732.11
11.9737 405.965 707.397  1069.7 1413.91 1737.05
11.9737 407.089 709.397 1072.66 1417.83 1742.05
11.9737 408.213 711.357 1075.66 1421.74 1747.05
12.0054 409.296 713.243 1078.66 1425.74 1752.05
12.0386 410.425 715.243 1081.66 1429.74 1756.89
12.0386 411.425 717.259 1084.66 1433.77 1761.84
12.0386 412.541 719.204  1087.6 1437.77 1766.84
12.0722 413.541 721.204  1090.6 1441.79 1771.78
12.1055 414.541 723.193  1093.6 1445.77 1776.78
12.1055 415.677 725.193  1096.6 1449.77 1781.65
12.1055 416.677 727.206 1099.64 1453.77  1786.6
12.1387 417.677 729.195 1102.64 1457.75  1791.6
12.1387 418.816 731.195 1105.64 1461.72 1796.48
12.1707 419.922 733.195 1108.64 1465.59 1801.48
12.2041 420.922 735.195 1111.64 1469.61 1806.43
12.2041 422.036  737.14 1114.58 1473.61 1811.43
12.2361 423.142  739.14 1117.58 1477.47 1816.43
12.2691 424.142  741.13 1120.58 1481.45 1821.43
12.3024 425.142 743.145 1123.58 1485.45 1826.38
12.3024 426.279 745.145 1126.58 1489.42 1831.27
12.3024 427.279 747.161 1129.58 1493.45 1836.22
12.3355 428.279 749.161 1132.58 1497.47 1841.16
12.3674 429.384 751.161 1135.58 1501.34 1846.16
12.3674 430.384 753.177 1138.58 1505.37 1851.12
12.3674 431.384 755.193 1141.58  1509.4 1856.07
12.3996  432.51 757.193 1144.58  1513.4 1860.92
12.4313 433.614 759.193 1147.58 1517.26 1865.92
12.4313 434.746 761.193 1150.58 1521.26 1870.79
12.4313  435.88 763.179 1153.58 1525.26 1875.67
12.4313 437.012 765.179 1156.58 1529.26 1880.54
12.4313 438.012 767.195 1159.58 1533.29  1885.5
12.4313 439.012  769.19 1162.59 1537.28  1890.5
12.4625 440.116  771.19 1165.59 1541.14  1895.5
12.4931 441.195 773.081 1168.59 1545.14  1900.5
12.4931 442.306 775.027 1171.54 1549.14  1905.5
12.5252 443.306 777.017 1174.54 1553.12  1910.5
12.5252 444.437 779.017 1177.53 1557.12 1915.37
 12.557 445.437 780.995 1180.52 1561.12 1920.37
12.5889 446.437 782.995 1183.52 1565.09 1925.37
12.5889 447.547 784.942 1186.47 1569.09 1930.37
12.5889 448.665 786.904 1189.47 1573.01 1935.37
12.5889 449.797 788.889 1192.47 1577.01 1940.25
12.6207 450.797 790.879 1195.47 1580.99 1945.25
12.6515 451.899 792.879 1198.47 1584.85 1950.25
12.6515 453.017  794.84 1201.47 1588.77 1955.25
12.6816 454.096 796.732 1204.47 1592.77 1960.25
 12.712 455.182 798.732 1207.35 1596.77 1965.25
 12.712 456.182 800.747 1210.35  1600.8 1970.21
12.7427 457.284 802.747 1213.35 1604.67 1975.21
12.7427 458.284 804.758 1216.39 1608.67 1980.16
12.7733 459.386 806.758 1219.39 1612.54 1985.16
12.8047 460.386 808.737 1222.38 1616.54 1990.16
12.8358 461.508 810.737 1225.38 1620.54    1995
12.8358  462.64 812.737 1228.38 1624.51  1999.9
12.8358  463.64 814.737 1231.42 1628.53 2004.84
12.8358 464.771 816.737 1234.42  1632.5 2009.74
12.8358 465.771 818.751 1237.42 1636.53 2014.69
12.8358 466.901 820.737 1240.42 1640.53 2019.58
12.8358 468.009 822.685 1243.36 1644.53 2024.58
12.8358 469.009 824.696  1246.4 1648.53 2029.53
12.8358 470.136 826.696 1249.39 1652.53 2034.41
12.8358 471.265 828.681 1252.39 1656.53 2039.29
12.8358 472.373 830.629 1255.34 1660.53 2044.29
12.8358   473.5 832.629 1258.33 1664.53 2049.17
12.8662  474.62 834.629 1261.33 1668.53 2054.02
12.8973  475.62 836.643 1264.33 1672.53 2058.97
12.9283  476.62 838.656 1267.33 1676.53 2063.93
12.9283 477.751 840.656 1270.33 1680.51 2068.82
12.9283 478.751 842.671 1273.33 1684.53 2073.78
12.9283 479.865 844.671  1276.3 1688.46 2078.78
12.9283 480.865 846.682 1279.34 1692.46 2083.73
12.9587 481.865 848.673 1282.34 1696.43 2088.73
 12.989 482.865 850.673 1285.34  1700.4 2093.73
13.0186 483.964 852.673 1288.34 1704.27 2098.73
13.0186 484.964 854.669 1291.35 1708.26 2103.73
13.0489 485.964 856.659 1294.35 1712.24 2108.73
13.0792 486.964 858.659 1297.35 1716.21 2113.73
13.0792  488.07 860.609  1300.3 1720.21 2118.73
13.1092  489.07 862.588 1303.29 1724.21 2123.73
13.1397  490.07 864.588 1306.32 1728.21 2128.67
  13.17  491.07 866.579 1309.32 1732.19 2133.67
  13.17 492.182 868.542 1312.32 1736.12 2138.67
13.1994  493.28 870.542 1315.32 1739.99 2143.67
13.2283 494.363 872.542 1318.21 1743.99 2148.67
13.2283 495.468 874.491 1321.15 1747.99 2153.67
13.2587 496.468 876.491 1324.18 1751.99 2158.61
13.2587  497.58 878.455 1327.18 1755.91 2163.61
13.2587 498.705  880.44 1330.18 1759.91  2168.5
13.2872 499.779 882.337 1333.18 1763.91  2173.5
13.3174 500.779 884.337 1336.21 1767.91 2178.44
13.3174 501.779 886.333 1339.23  1771.9 2183.44
13.3174 502.905 888.333 1342.23 1775.88 2188.34
13.3174 503.905 890.333 1345.26 1779.89 2193.29
13.3472 504.905 892.323 1348.26 1783.87 2198.29
13.3472 505.905 894.319 1351.28 1787.86 2203.29
13.3768 506.905 896.298 1354.27 1791.86 2208.29
13.3768 508.015 898.262 1357.27 1795.79 2213.29
13.3768 509.015 900.272 1360.31 1799.79 2218.24
13.3768 510.015 902.268 1363.32 1803.78 2223.24
13.3768 511.015 904.281 1366.32  1807.8  2228.2
13.4065 512.015 906.293 1369.32  1811.8 2233.16
13.4359 513.015 908.293 1372.32 1815.77 2238.16
13.4359 514.137 910.279 1375.32 1819.77 2243.05
13.4651 515.137 912.259 1378.31 1823.77 2248.05
13.4651  516.26 914.259 1381.31 1827.75 2252.95
13.4651 517.362 916.209 1384.26 1831.75 2257.95
13.4943 518.362 918.209 1387.26 1835.72 2262.95
13.5228 519.456 920.209 1390.26  1839.6 2267.95
13.5524 520.456 922.221 1393.26  1843.6 2272.91
13.5815 521.456 924.201 1396.25  1847.6 2277.91
13.5815 522.565 926.166 1399.25 1851.52 2282.91
13.5815 523.687 928.166 1402.25  1855.5 2287.81
13.6105 524.687 930.166 1405.25 1859.47 2292.81
13.6105 525.788 932.117  1408.2 1863.47 2297.81
13.6399 526.788 934.117  1411.2 1867.49 2302.77
13.6676 527.859 936.017  1414.2 1871.49 2307.77
13.6966 528.859 938.017  1417.2 1875.46 2312.77
13.7255 529.859 939.997 1420.19 1879.46 2317.77
13.7544 530.859 941.977 1423.18 1883.46 2322.77
13.7544 531.976 943.977 1426.18 1887.46 2327.66
13.7544 533.097 945.977 1429.18 1891.43 2332.56
13.7832 534.097 947.957 1432.17 1895.43 2337.56
13.7832 535.217 949.957 1435.17 1899.41 2342.46
13.8124 536.217 951.957 1438.17 1903.43 2347.42
13.8124 537.217  953.97 1441.17 1907.45 2352.38
13.8412 538.217 955.961 1444.17 1911.43 2357.38
13.8412 539.335 957.946 1447.17 1915.43 2362.28
13.8692 540.428 959.946 1450.17 1919.31 2367.28
13.8977 541.538 961.946 1453.17 1923.31 2372.14
13.9268 542.538 963.957 1456.17 1927.31  2377.1
13.9268 543.538  965.97 1459.17 1931.33 2382.06
13.9268 544.538 967.979 1462.21 1935.33 2387.02
13.9268 545.538 969.989 1465.24 1939.33 2391.97
13.9546 546.629 971.989 1468.24 1943.21 2396.97
13.9834 547.629 973.989 1471.27 1947.21 2401.91
13.9834 548.727 975.941 1474.22 1951.21 2406.91
13.9834 549.727 977.937 1477.23  1955.2 2411.91
13.9834 550.825  979.89 1480.18  1959.2 2416.91
14.0108 551.902  981.89 1483.08  1963.2 2421.91
14.0108 552.902 983.885 1486.09 1967.19 2426.91
14.0108 554.007 985.851 1489.09 1971.12 2431.91
 14.039 555.007 987.851 1492.09  1975.1 2436.91
 14.039 556.007 989.851 1495.13 1979.11 2441.87
14.0662 557.084 991.851 1498.02 1983.11 2446.87
14.0942 558.191 993.851 1501.02 1987.11 2451.73
14.1226 559.191 995.851 1504.02 1991.13 2456.69
14.1496  560.26 997.755 1507.02 1995.13 2461.69
14.1496  561.26 999.755 1510.05 1999.14 2466.64
14.1496 562.377 1001.75 1513.05 2003.12 2471.55
14.1779 563.377 1003.75 1516.08 2007.12 2476.49
14.2063 564.377 1005.75 1519.08 2011.13 2481.45
14.2063 565.473 1007.71 1522.03 2015.13 2486.45
14.2341 566.579 1009.71 1525.03 2019.13 2491.31
14.2624 567.579 1011.71 1528.06 2023.13 2496.26
14.2624 568.694 1013.69 1531.06 2027.13 2501.16
14.2624 569.796 1015.66 1534.06 2031.07 2506.16
14.2624 570.796 1017.66 1537.09 2035.08 2511.11
14.2624 571.912 1019.66 1540.09 2039.06 2516.02
14.2905 572.912 1021.67 1543.09 2043.06 2520.98
14.2905 573.912 1023.67 1546.12 2047.07 2525.93
14.2905 575.024 1025.67 1549.12 2051.07 2530.83
 14.317 576.092 1027.58 1552.12 2055.07 2535.83
 14.317 577.194 1029.54 1555.12    2059 2540.83
14.3447 578.194 1031.53 1558.12 2062.98 2545.83
14.3723 579.194 1033.53 1561.12 2066.96 2550.83
14.4002 580.194 1035.53 1564.14 2070.96 2555.77
14.4272 581.282 1037.53 1567.14 2074.84 2560.77
14.4551 582.282 1039.53 1570.14 2078.86 2565.73
14.4551 583.282 1041.54 1573.14 2082.88 2570.69
14.4551 584.282 1043.54 1576.18 2086.89 2575.65
14.4821  585.37 1045.54 1579.18 2090.78 2580.65
14.5099  586.37 1047.54 1582.18  2094.8  2585.6
14.5099  587.37 1049.54 1585.19 2098.79  2590.6
14.5099 588.483 1051.54 1588.19 2102.76 2595.51
14.5099 589.583 1053.54 1591.16 2106.69 2600.51
14.5376 590.583 1055.55 1594.16 2110.69 2605.48
 14.564 591.658 1057.55 1597.06 2114.69 2610.48
 14.564 592.769 1059.54 1600.06 2118.69 2615.38
 14.564 593.769 1061.55 1603.09 2122.69 2620.34
14.5902 594.835 1063.45 1606.09 2126.69 2625.34
14.5902 595.835 1065.46 1609.13 2130.69 2630.29
14.6176 596.835 1067.46 1612.15 2134.69 2635.24
14.6176 597.948 1069.46 1615.15 2138.67 2640.15
14.6448 598.948 1071.46 1618.15 2142.64 2645.15
14.6713 600.034 1073.46 1621.15 2146.53 2650.15
14.6713 601.133 1075.46 1624.12 2150.46 2655.15
14.6978  602.22 1077.46 1627.12 2154.35 2660.15
 14.725  603.22 1079.45 1630.12 2158.33 2665.15
14.7519 604.322 1081.45 1633.12 2162.33 2670.02
 14.779 605.322 1083.45 1636.12  2166.3 2675.02
 14.779 606.421 1085.45 1639.09 2170.24 2680.02
 14.805 607.487 1087.36 1642.09 2174.24 2685.02
 14.805 608.487 1089.37 1645.09 2178.26 2689.99
 14.805 609.596 1091.36 1648.09 2182.26 2694.89
14.8318 610.698 1093.36 1651.09 2186.26 2699.76
14.8318 611.807 1095.34 1654.09 2190.26 2704.67
14.8578  612.88 1097.34 1656.99 2194.26 2709.67
14.8578  613.88 1099.35 1660.02 2198.26 2714.63
14.8578 614.988 1101.35 1663.02 2202.26 2719.53
14.8848 615.988 1103.35 1666.04 2206.26 2724.47
 14.911 617.074 1105.35 1669.04 2210.15 2729.47
 14.911 618.074 1107.35 1672.06 2214.14 2734.47
14.9367 619.139 1109.26 1675.06 2218.14 2739.47
14.9367 620.237 1111.22 1678.06 2222.07 2744.47
14.9367 621.335 1113.22 1681.03    2226 2749.47
14.9633 622.335 1115.21 1684.02    2230 2754.47
14.9898 623.436 1117.21 1687.02    2234 2759.35
15.0164 624.436 1119.19 1690.01    2238 2764.35
15.0164 625.544 1121.17 1693.01    2242 2769.25
15.0428 626.645 1123.17 1696.01    2246 2774.12
15.0697 627.645 1125.18 1699.01    2250 2779.09
15.0964 628.645 1127.17 1702.01 2253.99 2784.09
 15.123 629.645 1129.17 1705.01 2257.97 2789.09
 15.123 630.645 1131.17 1708.04 2261.98 2794.04
 15.123 631.645 1133.16 1711.06 2265.97 2799.04
15.1499 632.645 1135.17 1714.06 2269.97 2804.01
15.1499  633.75 1137.17 1717.05 2273.97 2808.91
15.1766  634.75 1139.17 1720.08 2277.97 2813.86
15.1766 635.855 1141.17 1723.07 2281.97 2818.76
 15.203 636.855 1143.16 1726.07 2285.95 2823.76
 15.203 637.945 1145.12 1729.02 2289.95 2828.76
15.2296 638.945 1147.12 1732.05 2293.95  2833.7
 15.256 639.945 1149.12 1735.05 2297.93  2838.7
15.2822 641.044 1151.12 1738.05 2301.93 2843.58
15.2822 642.044 1153.12 1741.08 2305.94 2848.54
15.2822 643.044 1155.11 1744.09 2309.93 2853.54
15.2822 644.044 1157.11 1747.11 2313.92 2858.54
15.2822 645.044 1159.12 1750.14 2317.92  2863.5
15.3074 646.108 1161.03 1753.14 2321.92  2868.5
15.3074 647.213 1163.02 1756.14 2325.92  2873.4
15.3074 648.213 1165.01 1759.15 2329.91  2878.4
15.3338 649.213 1167.01 1762.15 2333.93 2883.36
15.3338 650.318    1169 1765.15 2337.93 2888.27
15.3338 651.318 1171.01 1768.15 2341.95 2893.24
15.3338 652.423 1172.99 1771.15 2345.95 2898.15
15.3338 653.528 1174.98 1774.15 2349.95 2903.06
15.3338 654.528 1176.98 1777.18 2353.96 2908.01
15.3338 655.633 1178.97 1780.18 2357.96 2912.92
15.3597 656.633 1180.96 1783.18 2361.94 2917.92
15.3856 657.633 1182.95 1786.18 2365.93 2922.92
15.3856 658.633 1184.95 1789.19 2369.92 2927.92
15.3856 659.721  1186.9 1792.15 2373.92 2932.92
15.4112 660.818  1188.9 1795.15 2377.92  2937.8
15.4372 661.818  1190.9 1798.15 2381.93 2942.76
15.4372 662.911  1192.9 1801.12 2385.87 2947.76
 15.463 663.911  1194.9 1804.12 2389.85 2952.76
 15.463 664.999 1196.85 1807.08 2393.85 2957.76
15.4881 666.081 1198.85 1810.08 2397.74 2962.76
15.5136 667.177 1200.85 1813.08 2401.74 2967.64
15.5392 668.177 1202.83 1816.07 2405.74 2972.64
15.5647 669.274 1204.83 1819.07 2409.74 2977.52
15.5894 670.336 1206.75 1822.07 2413.74 2982.52
15.5894 671.336 1208.74 1825.08 2417.74 2987.52
15.5894 672.336 1210.75 1828.11 2421.74 2992.48
15.5894 673.438 1212.75 1831.11 2425.74 2997.38
 15.615 674.438 1214.74 1834.11 2429.72 3002.38
15.6405 675.438 1216.72  1837.1 2433.72 3007.38
15.6655 676.519 1218.72  1840.1 2437.61 3012.38
15.6911 677.519 1220.71  1843.1  2441.6 3017.38
15.6911  678.62 1222.71 1846.09  2445.6 3022.28
15.6911 679.721 1224.71 1849.09  2449.6 3027.19
15.7166 680.721 1226.71 1852.09 2453.57 3032.19
15.7419 681.816 1228.71 1855.09 2457.57 3037.07
15.7673 682.816 1230.71 1858.09 2461.54 3042.07
15.7918 683.878 1232.63 1861.09 2465.54 3047.07
15.7918 684.981 1234.63 1864.09 2469.52 3051.98
15.7918 686.082 1236.63 1867.09 2473.52 3056.89
15.7918 687.082 1238.64 1870.09 2477.54 3061.86
15.8167 688.162 1240.64 1873.09 2481.44 3066.86
15.8422 689.162 1242.64 1876.11 2485.44 3071.81
15.8422 690.162 1244.65 1879.14 2489.44 3076.77
15.8677 691.162 1246.65 1882.16 2493.44 3081.72
15.8677 692.162 1248.66 1885.16 2497.46 3086.69
15.8928 693.257 1250.66 1888.16 2501.46 3091.57
15.8928 694.257 1252.65 1891.18 2505.45 3096.57
15.9172 695.324 1254.65 1894.08 2509.45 3101.57
15.9172 696.416 1256.62 1897.08 2513.39 3106.57
15.9423 697.416  1258.6 1900.08 2517.39 3111.57
15.9677 698.416  1260.6  1903.1 2521.39 3116.52
15.9677 699.515  1262.6  1906.1 2525.39 3121.43
15.9928 700.515  1264.6  1909.1 2529.37 3126.43
16.0178 701.609  1266.6  1912.1 2533.37 3131.31
16.0432 702.609  1268.6  1915.1 2537.38 3136.27
16.0432   703.7 1270.57  1918.1 2541.32 3141.27
16.0683   704.7 1272.56  1921.1  2545.3 3146.27
16.0683  705.79 1274.56 1924.07 2549.24 3151.27
16.0683 706.891 1276.56 1927.07 2553.22 3156.19
16.0935 707.891 1278.56 1930.09 2557.22 3161.14
16.0935 708.891 1280.56 1933.12 2561.23  3166.1
16.0935 709.991 1282.55 1936.12 2565.23 3171.01
 16.118  711.07 1284.55 1939.12 2569.13 3176.01
16.1432  712.07 1286.56 1942.12 2573.13 3180.98
16.1432  713.07 1288.56 1945.13 2577.12 3185.98
16.1681  714.07 1290.56 1948.13 2581.09 3190.98
16.1925 715.148 1292.56 1951.13 2584.99 3195.98
16.2176 716.148 1294.56 1954.16 2588.99 3200.93
16.2427 717.148 1296.56 1957.16    2593 3205.89
16.2669 718.214 1298.56 1960.07    2597 3210.89
16.2918 719.214 1300.55 1963.07 2600.99 3215.89
16.2918 720.214 1302.54 1966.08 2604.98 3220.89
16.2918 721.214 1304.55 1969.11 2608.98 3225.86
16.3158 722.274 1306.47 1972.11 2612.98 3230.86
16.3158 723.363 1308.44 1975.11 2616.92 3235.86
16.3158  724.46 1310.44  1978.1 2620.92 3240.76
16.3158 725.557 1312.44  1981.1 2624.92 3245.67
16.3403 726.649 1314.44  1984.1 2628.92 3250.55
16.3403 727.746 1316.44 1987.09 2632.92 3255.46
16.3403 728.746 1318.44 1990.12 2636.93 3260.42
16.3652 729.746 1320.45 1993.12 2640.93 3265.39
16.3894 730.823 1322.45 1996.12 2644.83 3270.39
16.4143 731.823 1324.45 1999.12 2648.83 3275.36
16.4391 732.823 1326.45 2002.12 2652.84 3280.32
16.4391 733.823 1328.45 2005.15 2656.86 3285.28
16.4638 734.823 1330.45 2008.15 2660.84 3290.28
16.4638 735.823 1332.45 2011.18 2664.85 3295.24
16.4886 736.823 1334.45 2014.18 2668.86  3300.2
16.5124 737.888 1336.45 2017.09 2672.86  3305.2
16.5124  738.97 1338.41 2020.05 2676.86  3310.2
16.5368 740.061 1340.41 2023.05 2680.86 3315.09
16.5368 741.061 1342.41 2026.07 2684.88 3320.05
16.5368 742.157 1344.41 2029.07 2688.88 3324.96
16.5607 743.233 1346.41 2032.07 2692.78 3329.96
16.5854 744.233 1348.41 2035.07 2696.79 3334.92
16.6101 745.233 1350.41 2038.09 2700.79 3339.87
16.6347 746.233 1352.41 2041.09  2704.8 3344.83
16.6347  747.32 1354.41 2044.06 2708.74 3349.83
16.6347  748.32 1356.41 2047.09 2712.75 3354.79
16.6347 749.407 1358.41 2050.07 2716.69 3359.79
16.6582 750.465 1360.32 2053.07 2720.69 3364.79
16.6582 751.552 1362.32 2056.04 2724.63 3369.79
16.6582 752.647 1364.32 2059.03 2728.63  3374.7
16.6827 753.647 1366.32 2062.03 2732.65 3379.67
16.6827 754.647 1368.33 2065.06 2736.65 3384.63
16.6827 755.743 1370.32 2068.06 2740.65 3389.55
16.7065 756.819 1372.32 2071.06 2744.55 3394.55
16.7309 757.819 1374.33 2074.06 2748.55 3399.52
16.7309 758.906  1376.3 2077.06 2752.49 3404.52
16.7553 759.906 1378.31 2080.06 2756.49 3409.48
16.7794 760.906 1380.29 2083.06 2760.49 3414.48
16.7794 761.986 1382.25 2086.01 2764.49 3419.48
16.8038 762.986 1384.26 2089.01 2768.49 3424.45
16.8281 763.986 1386.26 2092.04 2772.49  3429.4
16.8514 765.044 1388.18 2095.04 2776.49  3434.4
16.8754 766.133 1390.18 2098.04 2780.49 3439.29
16.8754 767.213 1392.14 2100.99 2784.49 3444.29
16.8754 768.299 1394.14 2103.97 2788.43 3449.29
16.8993 769.388 1396.14 2106.97 2792.43 3454.18
16.9229 770.462 1398.14 2109.97 2796.33 3459.18
16.9229 771.559 1400.14 2112.97 2800.31  3464.1
16.9472 772.559 1402.15 2115.97 2804.31 3469.07
16.9704 773.617 1404.06 2118.97 2808.31 3474.07
16.9946 774.617 1406.07 2121.97 2812.31 3479.04
16.9946 775.617 1408.08    2125 2816.31    3484
16.9946 776.697 1410.04 2127.96 2820.31    3489
16.9946 777.697 1412.04 2130.98 2824.32 3493.97
16.9946 778.697 1414.05 2133.98 2828.34 3498.94
16.9946 779.697 1416.06 2136.98 2832.36 3503.91
16.9946 780.782 1418.03 2139.98  2836.3 3508.91
16.9946 781.868    1420 2142.98 2840.25 3513.91
 17.018 782.942    1422 2145.98 2844.15 3518.91
 17.018 783.942 1424.01 2148.98 2848.17 3523.88
 17.018 785.021 1425.97 2151.94 2852.17 3528.88
17.0417 786.021 1427.97 2154.94 2856.14 3533.88
17.0653 787.109 1429.97 2157.94 2860.14 3538.77
17.0653 788.194 1431.94 2160.94 2864.09 3543.77
 17.089 789.194 1433.94 2163.94 2868.07 3548.77
17.1129 790.194 1435.94 2166.94 2872.08 3553.73
17.1129 791.194 1437.94 2169.97 2876.09  3558.7
17.1366 792.194 1439.94 2172.97 2880.07  3563.7
17.1366 793.194 1441.93 2175.98 2884.06  3568.7
17.1602 794.194 1443.93 2178.98 2888.04  3573.7
17.1839 795.194 1445.93 2181.98 2892.01  3578.7
17.2075 796.194 1447.93 2184.98 2895.99  3583.7
17.2075 797.288 1449.93 2187.98 2899.97 3588.62
17.2311 798.288 1451.93 2190.98 2903.95 3593.62
17.2549 799.288 1453.94 2193.98 2907.95 3598.59
17.2777 800.344 1455.86 2196.98 2911.95 3603.59
17.3011 801.431 1457.86 2199.98 2915.95 3608.48
17.3011 802.523 1459.85 2202.98 2919.95  3613.4
17.3247 803.523 1461.83 2205.97 2923.95  3618.4
17.3478 804.596 1463.83 2208.97 2927.85  3623.4
17.3713 805.596 1465.83 2211.97 2931.83  3628.4
17.3713 806.596 1467.84 2214.97 2935.85 3633.37
17.3713  807.69 1469.84 2217.97 2939.83  3638.3
17.3713  808.69 1471.85 2220.97 2943.84 3643.27
17.3948  809.69 1473.85 2223.97 2947.82 3648.27
17.3948  810.78 1475.85 2226.97 2951.82 3653.19
17.3948  811.78 1477.85 2229.99 2955.83 3658.15
17.3948  812.78 1479.85 2233.02 2959.83 3663.12
17.3948  813.78 1481.86 2236.02 2963.85 3668.09
17.3948 814.858 1483.83 2238.98 2967.85 3673.09
17.3948 815.935 1485.79 2241.94 2971.85 3678.09
 17.418 816.935 1487.77 2244.94 2975.85 3683.09
17.4413 817.935 1489.77 2247.94 2979.83 3688.09
17.4648 818.935 1491.78 2250.94 2983.83 3693.06
17.4648 819.935 1493.77 2253.95 2987.82 3698.06
17.4648 821.017 1495.77 2256.92 2991.76 3703.06
17.4648 822.017 1497.78 2259.92 2995.78 3708.03
17.4874 823.078 1499.78 2262.84 2999.78 3713.03
17.5106 824.078 1501.78 2265.84 3003.76 3718.03
 17.533 825.133  1503.7 2268.84 3007.76 3723.03
17.5555 826.194  1505.7 2271.76 3011.76 3728.03
17.5789 827.194 1507.71 2274.76 3015.76    3733
17.5789 828.271 1509.67 2277.72 3019.76    3738
17.5789 829.361 1511.66 2280.72 3023.76 3742.92
17.5789  830.45 1513.66 2283.71 3027.76 3747.84
17.5789 831.527 1515.62 2286.67 3031.76 3752.84
17.6016 832.598 1517.62 2289.67 3035.67 3757.84
17.6016 833.598 1519.63 2292.67 3039.69 3762.81
17.6016 834.687 1521.63 2295.67 3043.69 3767.73
17.6246 835.687 1523.62 2298.67 3047.67 3772.73
 17.647 836.748 1525.62 2301.59 3051.67 3777.73
17.6699 837.748  1527.6 2304.58 3055.67 3782.73
17.6929 838.748  1529.6 2307.58 3059.65 3787.73
17.7155 839.819  1531.6 2310.58 3063.56 3792.73
17.7387 840.819  1533.6 2313.58 3067.57 3797.69
17.7387 841.909 1535.59 2316.58 3071.57 3802.62
17.7387 842.909 1537.59 2319.59 3075.56 3807.62
17.7387 843.909 1539.58  2322.6 3079.55 3812.62
 17.761 844.969 1541.58 2325.52 3083.55 3817.62
 17.761 846.045 1543.55 2328.48 3087.55 3822.62
 17.761 847.045 1545.55  2331.5 3091.56 3827.58
 17.761 848.125 1547.55 2334.48 3095.51 3832.58
 17.761 849.125 1549.55  2337.5 3099.51 3837.55
17.7834 850.196 1551.55  2340.5 3103.42 3842.55
17.8063 851.196 1553.55 2343.52 3107.42 3847.51
17.8285 852.256 1555.55 2346.44 3111.42 3852.51
17.8285 853.256 1557.56 2349.47 3115.42 3857.48
17.8515 854.256 1559.56 2352.47 3119.42 3862.45
17.8515 855.345 1561.55 2355.47 3123.42 3867.37
17.8743 856.345 1563.54 2358.47  3127.4 3872.37
17.8971 857.345 1565.54 2361.49  3131.4 3877.33
17.9193 858.404 1567.54 2364.41  3135.4 3882.33
17.9193 859.491 1569.54  2367.4  3139.4 3887.24
 17.942 860.491 1571.54  2370.4 3143.38 3892.24
17.9647 861.491 1573.54  2373.4 3147.36 3897.24
17.9868 862.551 1575.54 2376.32 3151.36 3902.24
18.0091  863.62 1577.54 2379.32 3155.27 3907.24
18.0091 864.695  1579.5 2382.28 3159.27 3912.24
18.0091 865.775  1581.5 2385.26 3163.22 3917.24
18.0316 866.857  1583.5 2388.26 3167.22 3922.14
18.0543 867.857 1585.49 2391.26  3171.2 3927.14
 18.077 868.857 1587.49 2394.25 3175.18 3932.14
18.0995 869.939 1589.49 2397.25 3179.18 3937.04
 18.122 871.021 1591.49 2400.25 3183.18 3941.93
 18.144  872.08 1593.49 2403.17 3187.18 3946.93
 18.144  873.08 1595.49  2406.2 3191.19  3951.9
 18.144  874.08 1597.49 2409.22  3195.2 3956.86
 18.144  875.08 1599.49 2412.23 3199.19 3961.86
18.1666  876.08 1601.48 2415.23 3203.18 3966.86
18.1891  877.08 1603.47 2418.22 3207.18 3971.86
18.1891 878.167 1605.45 2421.22 3211.18 3976.79
18.2118 879.167 1607.46 2424.22 3215.18 3981.76
18.2118 880.167 1609.47 2427.22 3219.19 3986.73
18.2118 881.167 1611.48 2430.22 3223.21 3991.71
18.2344 882.167 1613.47 2433.22  3227.2 3996.71
18.2565 883.236 1615.47 2436.22 3231.11 4001.71
18.2789 884.236 1617.45 2439.22 3235.11 4006.71
18.3015 885.236 1619.45 2442.24 3239.11 4011.67
18.3015 886.236 1621.45 2445.25  3243.1 4016.67
18.3239 887.236 1623.44 2448.24  3247.1 4021.67
18.3239 888.321 1625.44 2451.24  3251.1 4026.59
18.3239 889.408 1627.42 2454.24  3255.1 4031.51
18.3239 890.408 1629.42 2457.26 3259.11 4036.48
18.3463 891.408 1631.42 2460.26 3263.09 4041.48
18.3463 892.408 1633.42 2463.26 3267.11 4046.45
18.3463 893.408 1635.42 2466.27  3271.1 4051.45
18.3463 894.486 1637.42 2469.24 3275.05 4056.45
18.3688 895.486 1639.43 2472.24 3279.05 4061.42
18.3911 896.486 1641.42 2475.24 3283.04 4066.42
 18.413 897.554 1643.42 2478.24 3286.95 4071.42
 18.413 898.554 1645.42 2481.26 3290.94 4076.42
 18.413 899.554 1647.41 2484.27 3294.93 4081.42
18.4352 900.554  1649.4 2487.26 3298.93 4086.42
18.4574 901.554 1651.38 2490.25 3302.93 4091.42
18.4789 902.605 1653.31 2493.25 3306.93 4096.42
18.5006 903.663 1655.31 2496.17 3310.93 4101.42
18.5006 904.749 1657.31 2499.17 3314.91 4106.36
18.5006 905.749 1659.31  2502.2 3318.92 4111.32
18.5006 906.749 1661.32  2505.2 3322.94  4116.3
18.5006 907.827 1663.32 2508.17 3326.89  4121.3
18.5227 908.827  1665.3 2511.16 3330.89  4126.3
18.5441 909.878 1667.23 2514.16 3334.89  4131.3
18.5664 910.878 1669.23 2517.16  3338.9 4136.27
18.5664 911.964 1671.23 2520.16 3342.88  4141.2
18.5887 912.964 1673.24 2523.16 3346.88 4146.17
18.6108 913.964 1675.23 2526.16 3350.86 4151.17
18.6108 914.964 1677.24 2529.16 3354.88 4156.15
18.6329 915.964 1679.24 2532.16 3358.86 4161.15
18.6329 916.964 1681.24 2535.19 3362.86 4166.12
18.6544 918.021 1683.24 2538.11 3366.86 4171.12
18.6544 919.021 1685.24 2541.13 3370.87 4176.08
18.6544 920.021 1687.24 2544.16 3374.88 4181.05
18.6762 921.099 1689.24 2547.16 3378.88 4185.95
18.6762 922.099 1691.24 2550.17 3382.87 4190.95
18.6975  923.15 1693.17 2553.17 3386.87 4195.95
18.7196  924.15 1695.17 2556.18 3390.87 4200.91
18.7415  925.15 1697.15 2559.18 3394.87 4205.91
18.7637  926.15 1699.15 2562.18 3398.88 4210.88
18.7637 927.235 1701.15 2565.18 3402.86 4215.81
18.7637 928.235 1703.15 2568.19 3406.86 4220.81
18.7637 929.235 1705.14  2571.2 3410.85 4225.81
18.7637 930.318 1707.14 2574.19 3414.85 4230.73
18.7637 931.318 1709.15 2577.19 3418.87 4235.71
18.7855 932.318 1711.14 2580.19 3422.87 4240.71
18.8066 933.368 1713.06 2583.19 3426.87 4245.71
18.8286 934.368 1715.06 2586.19 3430.88 4250.68
18.8286 935.368 1717.06 2589.21 3434.89 4255.65
18.8286 936.453 1719.06 2592.21 3438.87 4260.58
18.8286 937.535 1721.06  2595.2 3442.87  4265.5
18.8286  938.61 1723.04  2598.2 3446.82  4270.5
18.8497 939.661 1724.97  2601.2 3450.82  4275.5
18.8497 940.661 1726.96 2604.21 3454.81  4280.5
18.8497 941.744 1728.95 2607.21 3458.81 4285.43
18.8497 942.744 1730.95 2610.24 3462.82  4290.4
18.8497 943.828 1732.95 2613.24  3466.8 4295.33
18.8707 944.878 1734.88 2616.24  3470.8 4300.33
18.8707 945.962 1736.88 2619.24 3474.78 4305.27
18.8925 946.962 1738.89 2622.24 3478.78 4310.24
18.8925 948.044 1740.89 2625.23 3482.78 4315.16
18.9139 949.121 1742.89 2628.23 3486.78 4320.06
18.9352 950.186 1744.89 2631.23  3490.7 4325.06
18.9352 951.186 1746.88 2634.24 3494.69 4330.06
18.9352 952.186 1748.88 2637.26  3498.7 4335.03
18.9352 953.256 1750.85 2640.23  3502.7 4340.03
18.9352 954.256 1752.85 2643.25 3506.71    4345
18.9352 955.327 1754.81 2646.21 3510.71    4350
18.9352 956.327 1756.81 2649.24 3514.72 4354.97
18.9567 957.327 1758.81 2652.25 3518.72 4359.93
18.9567 958.327 1760.81 2655.26 3522.71 4364.93
18.9782 959.327  1762.8 2658.26  3526.7 4369.93
18.9782 960.408  1764.8 2661.26  3530.7 4374.85
18.9782 961.488  1766.8 2664.26  3534.7 4379.78
18.9782 962.572  1768.8 2667.26 3538.68 4384.71
18.9989 963.622 1770.73 2670.26 3542.68 4389.71
19.0196 964.672 1772.66 2673.26 3546.68 4394.71
19.0196 965.754 1774.65 2676.26 3550.68 4399.64
19.0404 966.809 1776.65 2679.18 3554.68 4404.64
19.0404 967.879 1778.62 2682.14 3558.68 4409.64
19.0613 968.943 1780.62 2685.14  3562.6 4414.64
19.0613 969.943 1782.62 2688.17 3566.61 4419.61
19.0613 971.013 1784.58 2691.13 3570.61 4424.61
19.0613 972.083 1786.55 2694.09 3574.61 4429.61
19.0613 973.083 1788.54  2697.1  3578.6 4434.61
19.0613 974.165 1790.54  2700.1 3582.58 4439.54
19.0825 975.165 1792.54  2703.1 3586.56 4444.54
19.0825 976.165 1794.55 2706.13 3590.56 4449.51
19.1033  977.23 1796.55 2709.13 3594.48 4454.51
19.1245  978.23 1798.54 2712.13 3598.46 4459.51
19.1245 979.299 1800.51 2715.09 3602.46 4464.51
 19.145 980.349 1802.44 2718.09 3606.46 4469.51
 19.166 981.424 1804.44 2721.09 3610.46 4474.42
 19.187   982.5 1806.44 2724.09 3614.46 4479.32
19.2082   983.5 1808.44 2727.11 3618.46 4484.28
19.2082 984.573 1810.44 2730.09 3622.41 4489.28
19.2082 985.655 1812.42 2733.09 3626.41 4494.21
19.2293 986.655 1814.42 2736.09  3630.4 4499.21
19.2293 987.655 1816.41  2739.1 3634.39 4504.21
19.2293 988.735 1818.41 2742.09 3638.39 4509.14
19.2293 989.808 1820.41 2745.07 3642.34 4514.14
19.2293 990.808 1822.41 2748.08 3646.34 4519.14
  19.25 991.872 1824.41 2751.08 3650.25 4524.14
19.2711 992.872 1826.41 2754.08 3654.26 4529.11
19.2922 993.872  1828.4 2757.08 3658.25 4534.11
19.2922 994.953 1830.39 2760.08 3662.25 4539.04
19.2922 996.032 1832.39 2763.07 3666.25 4543.96
19.2922 997.032 1834.39  2766.1 3670.25 4548.94
19.2922 998.113 1836.38  2769.1 3674.25 4553.87
19.3132 999.113 1838.38  2772.1 3678.26 4558.84
19.3132 1000.11 1840.39 2775.12 3682.26 4563.81
19.3132 1001.11 1842.39 2778.14 3686.26 4568.78
19.3341 1002.11 1844.39 2781.14 3690.24 4573.78
19.3341 1003.19 1846.39 2784.14 3694.24 4578.71
19.3546 1004.26 1848.39 2787.14 3698.16 4583.71
19.3546 1005.26 1850.39 2790.16 3702.17 4588.67
19.3546 1006.26 1852.39 2793.18 3706.17 4593.65
19.3546 1007.34 1854.39 2796.18 3710.15 4598.58
19.3755 1008.34 1856.39  2799.2 3714.15 4603.54
19.3755 1009.34 1858.39 2802.22 3718.16 4608.51
19.3755 1010.42 1860.39 2805.22 3722.14 4613.45
19.3962 1011.42 1862.39 2808.22 3726.12 4618.45
19.4171 1012.42  1864.4 2811.22 3730.12 4623.42
19.4171  1013.5 1866.38 2814.22 3734.12 4628.35
19.4378  1014.5 1868.38 2817.22 3738.11 4633.35
19.4587  1015.5 1870.38 2820.22 3742.11 4638.33
19.4587  1016.5 1872.39 2823.24 3746.11  4643.3
19.4788 1017.55 1874.39 2826.17 3750.11  4648.3
19.4994 1018.63 1876.39 2829.17 3754.11 4653.21
19.5202 1019.63 1878.39 2832.19 3758.11 4658.17
19.5202 1020.69 1880.35 2835.15 3762.11 4663.17
19.5202 1021.76 1882.32 2838.12 3766.11 4668.17
19.5202 1022.76 1884.33 2841.12 3770.13 4673.15
19.5405 1023.82 1886.33 2844.12 3774.04 4678.15
19.5405 1024.82 1888.34 2847.12 3778.06 4683.12
19.5611 1025.82 1890.33 2850.12 3782.05 4688.12
19.5811 1026.87 1892.26 2853.12 3786.05 4693.12
19.6018 1027.87 1894.26 2856.12 3790.06 4698.09
19.6018 1028.95 1896.26 2859.11 3794.06 4703.02
19.6223 1030.02 1898.26 2862.11 3798.06 4707.93
19.6223 1031.09 1900.23 2865.08 3802.06 4712.93
19.6223 1032.17 1902.23 2868.07 3806.06 4717.85
19.6223 1033.25 1904.23 2871.07 3810.06 4722.78
19.6429 1034.25 1906.23 2874.07 3814.06 4727.75
19.6636 1035.25 1908.23 2877.07 3818.06 4732.72
19.6636 1036.32 1910.22 2880.07 3822.06 4737.66
19.6836 1037.38 1912.22    2883 3826.06 4742.66
 19.704 1038.38 1914.21 2885.99 3830.06 4747.66
19.7245 1039.38  1916.2 2888.99 3834.05 4752.66
19.7245 1040.38  1918.2 2892.01 3838.06 4757.63
19.7449 1041.38 1920.19 2895.01 3842.06 4762.63
19.7449 1042.46 1922.19    2898 3846.06 4767.55
19.7449 1043.46 1924.19    2901 3850.08 4772.53
19.7648  1044.5 1926.12    2904 3854.08 4777.53
19.7853  1045.5 1928.12    2907 3858.09  4782.5
19.7853  1046.5 1930.12 2910.01 3862.08  4787.5
19.7853 1047.57 1932.09 2912.98 3866.08  4792.5
19.7853 1048.64 1934.09 2915.95 3870.03  4797.5
19.8058 1049.64 1936.09 2918.95 3874.03 4802.48
19.8058 1050.64 1938.09 2921.96 3878.03 4807.48
19.8058 1051.64 1940.09 2924.97 3882.02 4812.48
19.8058 1052.71 1942.06 2927.97 3885.97 4817.48
19.8256 1053.76 1943.99 2930.97 3889.97 4822.48
19.8256 1054.84 1945.99 2933.97 3893.96 4827.41
 19.846 1055.84 1947.99 2936.97 3897.97 4832.38
19.8663 1056.84 1949.99 2939.99 3901.97 4837.35
19.8868 1057.84 1951.99 2942.99 3905.97 4842.32
19.8868 1058.92 1953.99 2945.99 3909.96 4847.25
19.8868 1059.99 1955.99 2948.97 3913.91 4852.25
19.9071 1060.99 1957.99 2951.98 3917.91 4857.22
19.9071 1062.06 1959.99 2954.96 3921.86 4862.22
19.9275 1063.06    1962 2957.96 3925.86 4867.19
19.9476 1064.13    1964 2960.96 3929.86  4872.1
19.9679 1065.13    1966 2963.98 3933.86 4877.06
19.9679 1066.13 1968.01 2966.98 3937.88 4882.04
19.9679 1067.13    1970 2969.99 3941.87 4887.04
19.9679 1068.21    1972 2972.99 3945.86 4891.98
19.9679 1069.21    1974 2976.01 3949.86 4896.95
19.9679 1070.28    1976 2978.99 3953.82 4901.95
19.9881 1071.28    1978 2981.99 3957.83 4906.92
19.9881 1072.35 1979.98 2984.99 3961.78 4911.92
20.0077  1073.4 1981.98 2987.91 3965.78 4916.92
20.0278  1074.4 1983.96 2990.91 3969.78 4921.92
20.0478  1075.4 1985.95  2993.9 3973.78 4926.92
20.0676 1076.46 1987.95  2996.9  3977.7 4931.92
20.0676 1077.54 1989.95  2999.9 3981.68 4936.86