      3       2       3       4       3       6
      3       3       5 7.69231 5.76923 11.5385
4.30726       4 7.17877 10.6923  8.2832 16.5385
4.30726       5 9.64907 14.3717 11.1335 21.5385
4.30726 6.10535 11.7822 17.3717 15.1335    26.3
5.13497 7.10535 14.0463 20.3717 18.0417    31.3
5.98283 8.27855 16.0463 23.3717 21.0206    36.3
6.61874 9.15847 18.0463 25.8558 25.0206    41.3
6.61874 10.3789 20.0463 29.3013 28.3548    46.3
7.24614 11.3627 22.0463 32.3013 32.3548 50.6888
7.24614 12.3627 24.0463 35.6617 35.7208 55.9622
7.24614 13.5625   26.38 38.6617 39.1875 60.9622
7.74734 14.5625 28.2046 41.3359 43.1875 65.9622
8.20744 15.4273 29.8797 44.3359 47.1875 70.9622
8.20744 16.5823 31.8797 47.3359 50.7201 76.2747
8.70555 17.5823 33.8797 50.2087 54.7201 80.9038
9.17463 18.5823 35.7052 52.9141 58.7201 85.9038
9.17463 19.5823 37.8832 55.9141  62.302 91.1439
9.17463  20.714 39.8832 58.9141 65.9026 96.4114
9.17463 21.7694 41.9153 61.9141 69.9026 101.324
9.17463 22.7694 43.9585  64.932 73.9026 106.263
9.17463 23.8259 45.9585 67.9449 77.9026 111.193
9.58891 24.8259 47.9585 71.0129 81.4203 116.193
9.97871 25.8259 49.9585 73.8997 85.4203 120.917
10.3515 26.8259 51.8249 76.6605 89.4203 125.917
10.3515 27.8259 53.9587 79.6605 93.1021 131.101
10.3515 28.8259  55.997 82.6698 97.1021 136.054
10.7315 29.8259 58.0526 85.6698 100.667 141.054
 11.093 30.8259 60.0526  88.556 104.667 145.806
 11.093 31.8259 62.0923 91.5639 108.667 150.758
 11.093 32.9187 64.0923 94.5639 112.398 155.935
 11.093 33.9497 66.0996 97.5256 116.398 160.935
11.4366 35.0011 68.0996 100.526 120.003 165.935
11.4366 36.0011 70.1351  103.53 124.003 170.894
11.4366 37.0962 72.2684  106.53 127.774 175.894
11.7424 38.0879 74.2684  109.53 131.774 180.597
11.7424  39.128 76.2965  112.53 135.774 185.529
12.0584  40.128 78.2965 115.559 139.429 190.529
12.0584  41.128 80.4061 118.559 143.186 195.662
12.3655 42.1752 82.4061 121.559 146.832 200.662
12.3655 43.2169 84.4061 124.562 150.832 205.618
12.3655 44.2585 86.4061 127.564 154.832 210.574
12.3655 45.3437 88.5247 130.564 158.628 215.574
12.6513 46.3917 90.5247 133.564 162.294 220.574
12.9391 47.3917 92.5247 136.564 165.987 225.593
12.9391  48.429 94.5498 139.564 169.987 230.531
12.9391 49.5112 96.5498 142.683 173.786 235.531
12.9391 50.5401 98.5561 145.648 177.786 240.531
13.1907 51.5401 100.472  148.48 181.786 245.531
13.4478 52.5401  102.43  151.48 185.786 250.316
13.4478 53.5687 104.436 154.446 189.786 255.316
13.4478 54.5687 106.526 157.446 193.585 260.427
13.6972 55.5687 108.526 160.366 197.585 265.257
13.6972 56.5687 110.526 163.454 201.389 270.364
13.6972 57.6395 112.526 166.454 205.201 275.482
13.9276  58.609 114.526 169.254 209.201 280.482
13.9276  59.609 116.556 172.253 213.201 285.453
14.1717  60.609 118.556 175.273 216.938 290.453
14.1717  61.609 120.556 178.354 220.751 295.558
14.4023  62.609 122.517 181.354 224.751 300.366
14.4023 63.6777 124.517 184.449 228.587 305.366
14.4023 64.7463 126.517 187.544 232.423 310.366
14.6344 65.7463 128.517 190.567 236.169 315.366
 14.867 66.7463 130.517 193.567 239.923  320.38
15.0905 67.7463 132.479 196.567 243.923 325.195
15.3007 68.6902 134.325 199.567 247.923 330.195
15.3007 69.6902 136.347 202.572 251.923 335.167
15.3007 70.7554 138.431 205.572 255.774 340.167
15.5245 71.7904 140.431 208.572 259.515 345.167
15.7487 72.7904  142.46 211.572 263.263 350.167
15.9656 73.7904 144.421 214.572 267.263 354.988
15.9656 74.7904 146.444 217.577 271.263  359.96
16.1781  75.786 148.444 220.577 275.263 364.752
16.3881  76.786 150.371  223.44 279.263 369.752
16.3881  77.786 152.371 226.513 283.104 374.838
16.6068  78.786 154.371 229.513 286.882 379.841
16.6068 79.8142 156.385 232.513 290.882 384.798
16.6068 80.8742 158.462 235.513 294.746 389.798
16.6068 81.9026 160.477 238.513 298.746 394.754
16.6068 82.9026 162.477 241.584 302.592 399.837
16.8076 83.9026 164.442 244.584 306.592 404.672
16.8076 84.9325 166.442 247.587 310.592 409.639
17.0129 85.9325 168.442 250.587 314.385 414.641
17.0129 86.9887 170.442 253.667 318.249 419.641
17.2157 87.9887 172.442 256.667 322.043 424.644
17.2157 88.9887 174.506 259.667 325.897 429.726
17.2157 90.0456 176.578 262.667 329.768 434.726
17.4043 91.0456 178.512 265.544 333.768 439.726
17.6011  92.075 180.512 268.544 337.541 444.726
17.7986  93.075 182.512 271.558  341.33 449.726
17.7986 94.1297 184.512 274.635 345.198 454.726
17.7986 95.1505 186.513 277.613 349.198 459.726
17.7986 96.1792 188.513 280.615 353.198 464.697
17.7986 97.2059 190.526 283.615 357.198 469.657
17.7986 98.2059 192.526 286.679 361.058 474.733
17.7986 99.2059 194.544 289.685 365.058 479.709
17.7986 100.226 196.545 292.664 369.058 484.709
17.7986 101.226 198.563 295.669 373.058 489.686
17.7986 102.278 200.563 298.741 376.934 494.686
17.7986 103.331 202.628 301.741 380.815 499.686
17.9724 104.331 204.628 304.687 384.815 504.566
18.1502 105.331 206.628 307.702 388.623 509.566
 18.324 106.331 208.628 310.649 392.623 514.445
18.5018 107.331 210.628 313.662 396.432 519.445
18.5018 108.358 212.628 316.664 400.432 524.416
18.6783 109.358 214.628 319.664 404.252 529.419
18.6783 110.385 216.628 322.666 408.252 534.391
18.6783 111.435 218.628 325.734 412.134 539.391
 18.839 112.393 220.509 328.734 416.134 544.391
18.9997 113.352 222.389 331.734 420.134 549.391
 19.172 114.352 224.407 334.734 423.945 554.391
19.3327  115.31 226.287 337.734 427.945 559.391
19.5049  116.31 228.303 340.734 431.757 564.391
19.5049 117.356 230.303 343.734 435.638 569.464
19.5049 118.356 232.354 346.734 439.517 574.535
19.5049 119.404 234.412 349.734  443.41 579.535
19.5049 120.428 236.421 352.734  447.41 584.502
19.6664 121.425 238.421 355.734  451.41 589.343
19.8266 122.425 240.363 358.632  455.41 594.343
19.9935 123.425 242.363 361.632 459.242 599.344
 20.149 124.385 244.248 364.632 463.242 604.344
20.3044 125.345 246.133 367.632 467.242 609.344
20.4673 126.345 248.133 370.581 471.242 614.232
20.4673 127.391 250.186 373.581 475.143 619.232
20.4673 128.413 252.194 376.581 479.143 624.202
20.4673 129.413 254.243  379.64 483.035 629.202
20.4673 130.458 256.296  382.64 486.936 634.202
20.6225 131.458  258.24 385.541 490.936 639.202
20.7759 132.436  260.24  388.41 494.936 644.202
20.9371 133.436  262.24  391.41 498.776   649.2
20.9371 134.459  264.24  394.41 502.776 654.177
20.9371 135.459 266.253 397.414 506.776  659.16
20.9371 136.481  268.26 400.414 510.776 664.131
21.0873 137.459  270.26 403.286 514.776 669.131
21.2348 138.421 272.151 406.286 518.776 674.131
21.2348 139.421 274.151 409.334 522.669 679.189
21.3906 140.421 276.162 412.334 526.503 684.189
21.3906 141.463 278.212 415.334 530.411 689.189
21.3906 142.485 280.212 418.334 534.411 694.167
21.5401 143.482 282.212 421.334 538.411 699.022
21.6905 144.482 284.182 424.334 542.411 703.901
21.8441 145.482 286.182  427.34 546.252 708.901
21.8441 146.502 288.189  430.34 550.252 713.873
21.9961 147.521 290.189  433.34 554.081 718.873
21.9961 148.561 292.189 436.394 557.986 723.873
21.9961 149.561 294.189 439.442 561.883 728.929
22.1466 150.561 296.189 442.448 565.727 733.929
22.1466 151.602 298.237 445.448 569.638 738.929
22.1466  152.64 300.237 448.448 573.539 743.989
22.2924  153.64 302.237 451.401 577.539  748.89
22.4378  154.64 304.208 454.401 581.539 753.773
22.4378  155.64 306.208 457.448 585.438 758.828
22.5856  156.64 308.208 460.448 589.294 763.825
22.5856 157.656 310.206 463.434 593.294 768.825
22.5856 158.656 312.206  466.48 597.193 773.878
22.5856 159.656 314.217 469.485 601.193 778.863
22.7305 160.656 316.217 472.485 605.051  783.86
22.7305 161.656 318.257 475.485 608.954 788.917
22.7305 162.694 320.257 478.538 612.864 793.917
22.8697 163.691 322.257 481.538 616.864 798.781
23.0081 164.691 324.206  484.45 620.864 803.781
23.0081 165.727 326.206  487.45  624.77 808.838
23.0081 166.742 328.205 490.436  628.77 813.838
23.0081 167.742 330.215 493.441  632.77 818.824
23.1455 168.742 332.187 496.441  636.77 823.714
23.2829 169.742  334.16 499.441  640.77 828.605
23.2829 170.742 336.198 502.441 644.678 833.658
 23.418 171.742 338.148 505.355 648.678 838.658
 23.418 172.742 340.186 508.355 652.587 843.712
 23.418 173.742 342.225 511.403   656.5 848.712
 23.418 174.779 344.268 514.403 660.419 853.712
23.5507 175.779  346.22 517.319 664.419 858.712
23.6877 176.779  348.22 520.319 668.285 863.709
23.8173 177.746 350.124 523.319 672.285 868.709
23.9518 178.746 352.124 526.276 676.285 873.617
24.0885 179.746 354.124 529.279 680.145 878.617
24.2251 180.746 356.131 532.279 684.001 883.617
24.3597 181.746 358.131 535.236 688.001 888.526
24.4963 182.746 360.131 538.239 691.861 893.526
24.4963  183.76  362.13 541.226 695.861 898.526
24.6323  184.76  364.13  544.23 699.722 903.526
24.7657  185.76 366.102  547.23 703.722  908.42
24.8977  186.76 368.054 550.146 707.722  913.42
25.0284 187.741 370.054 553.035 711.722  918.42
25.1618 188.741 372.026 556.035 715.722 923.314
25.1618 189.775 374.026 559.081 719.643 928.314
25.2969 190.775 376.026 562.082 723.506 933.314
  25.43 191.775 378.026 565.039 727.506 938.224
  25.43 192.792 380.031 568.039 731.506 943.202
  25.43 193.809 382.037 571.039 735.506 948.179
  25.43 194.823 384.035 574.026 739.506 953.179
  25.43 195.841 386.041 577.026 743.506 958.156
25.5574 196.822 388.041 579.918 747.506 963.156
 25.683 197.789 389.948 582.918 751.506 968.156
 25.683 198.789 391.957 585.921 755.506 973.144
 25.683 199.789 393.992 588.963 759.429 978.144
25.8116 200.789 395.965 591.963 763.429 983.042
25.8116 201.823 398.003 594.963 767.358 988.042
25.8116 202.823 400.003 598.001 771.276 993.087
25.8116 203.856  402.04 601.001 775.205 998.087
25.9387 204.856  404.04  603.96 779.205    1003
25.9387 205.869 406.039 606.947 783.205    1008
25.9387 206.883 408.038 609.935 787.205    1013
26.0642 207.883 410.012 612.935 791.205  1017.9
26.0642 208.883 412.046 615.976  795.13  1022.9
26.1894 209.883 414.046 618.936  799.13 1027.82
26.1894 210.915 416.083 621.936 803.061 1032.82
26.3125 211.915 418.038 624.858 807.061 1037.82
26.4362 212.912 420.038 627.858 811.061  1042.7
26.4362 213.925 422.036 630.846 815.061  1047.7
26.4362 214.955 424.036 633.846 818.986 1052.74
26.4362 215.971 426.042 636.846 822.986 1057.72
26.5582 216.968 428.042 639.846 826.986  1062.6
26.6822 217.981 430.042 642.846 830.848  1067.6
26.8036 218.981 431.997 645.769 834.848  1072.6
26.8036 219.999 433.997 648.769 838.848 1077.58
26.8036 220.999 435.997 651.804 842.772 1082.62
26.8036 221.999 438.028 654.804 846.698 1087.67
26.8036 223.012 440.027 657.792 850.698 1092.67
26.9258 224.012 442.027 660.791 854.577 1097.67
26.9258 225.012 444.036 663.794 858.577 1102.66
27.0418 225.982  445.95 666.794 862.577 1107.66
27.1637 226.982  447.95 669.794 866.464 1112.65
27.2853 227.982  449.95 672.793 870.343 1117.65
27.4045 228.978  451.95 675.793 874.343 1122.53
27.5243 229.978 453.925 678.793 878.343 1127.44
27.6404 230.948 455.839 681.793 882.343 1132.44
27.7596 231.944 457.839 684.793 886.343 1137.32
27.7596 232.956 459.837 687.782 890.343 1142.32
27.8767 233.939 461.837 690.682 894.343 1147.32
27.9953 234.935 463.837 693.682 898.343 1152.21
27.9953 235.963 465.837 696.682 902.274 1157.25
27.9953 236.963 467.845 699.686 906.274 1162.24
28.1149 237.974 469.845 702.686 910.143 1167.24
 28.235 238.974 471.845 705.686 914.033 1172.23
 28.235 240.002 473.845 708.686 917.964 1177.27
 28.235 241.017  475.85 711.686 921.964 1182.25
28.3542 242.017  477.85 714.686 925.855 1187.24
28.3542 243.046  479.85 717.723  929.79 1192.24
28.4726 244.046  481.85 720.721 933.673 1197.24
28.4726 245.058 483.849  723.71 937.673 1202.24
28.4726 246.087 485.881  726.71 941.612 1207.24
28.5884 247.087 487.856  729.71 945.612 1212.15
28.7022 248.071 489.856 732.613 949.612 1217.15
28.7022   249.1 491.888 735.613 953.551 1222.15
28.7022 250.129  493.92 738.613  957.49 1227.15
28.8136   251.1 495.838 741.613  961.49 1232.15
28.9284   252.1 497.813 744.613  965.49 1237.06
29.0448   253.1 499.813  747.61 969.376 1242.06
29.0448 254.127 501.813 750.646 973.312 1247.06
29.0448 255.155 503.813 753.682 977.249 1252.06
29.0448 256.155 505.813 756.714  981.18 1257.09
29.0448 257.182 507.813 759.714 985.114 1262.13
29.0448 258.182 509.842 762.749 989.049 1267.13
29.1577 259.182 511.842 765.713 993.049 1272.06
29.2698 260.179 513.842 768.713 997.049 1276.95
29.3842 261.179 515.842 771.713 1000.95 1281.94
29.3842 262.206 517.842 774.748 1004.88 1286.94
29.4975 263.217 519.842 777.748 1008.76 1291.94
29.4975 264.232 521.847 780.748 1012.76 1296.92
29.4975 265.247 523.851 783.748 1016.76  1301.9
29.6103 266.247 525.851 786.746 1020.65  1306.9
29.7232 267.247 527.851 789.744 1024.54  1311.9
29.7232 268.274 529.851  792.78 1028.47  1316.9
29.7232 269.274 531.858 795.783 1032.47 1321.89
29.7232   270.3 533.858 798.783 1036.41 1326.93
29.7232 271.328 535.888 801.783 1040.35 1331.93
29.8297 272.301 537.809 804.783 1044.35 1336.93
29.9408 273.301 539.809 807.781 1048.24 1341.93
30.0522 274.301 541.809 810.781 1052.14 1346.92
30.0522 275.327 543.809 813.781 1056.08 1351.95
30.0522 276.342 545.809 816.782 1060.08 1356.94
30.0522 277.342 547.816 819.785 1064.08 1361.93
30.1617 278.353 549.816 822.785 1067.95 1366.93
30.1617 279.368 551.816 825.785 1071.95 1371.91
30.1617 280.383  553.82 828.785 1075.95  1376.9
30.1617 281.398  555.82 831.786 1079.95 1381.88
30.1617 282.425  557.85 834.786  1083.9 1386.88
30.1617 283.452  559.85  837.82 1087.84 1391.88
30.1617 284.452 561.876  840.82 1091.77 1396.92
30.2675 285.449 563.876  843.82 1095.77 1401.81
30.3719 286.433 565.876 846.731 1099.77 1406.81
30.3719 287.448 567.876 849.731 1103.77  1411.8
30.4779 288.448 569.876 852.697 1107.77 1416.73
30.5847 289.459 571.876 855.697 1111.66 1421.73
30.5847 290.485 573.876  858.73  1115.6 1426.73
30.6912 291.496 575.876  861.73 1119.48 1431.73
30.6912 292.496 577.883 864.733 1123.48 1436.72
30.7976 293.496 579.883 867.732 1127.38 1441.72
30.7976 294.496 581.908 870.732 1131.31 1446.75
30.7976  295.51 583.912 873.732 1135.31 1451.73
30.9015 296.508 585.912 876.732 1139.31 1456.63
 31.003 297.482 587.837 879.732 1143.31 1461.63
 31.003 298.482 589.837 882.761 1147.25 1466.67
31.1061 299.482 591.798 885.697 1151.25 1471.67
31.2097 300.479 593.798 888.697 1155.25 1476.57
31.3151 301.479 595.798 891.697 1159.15 1481.56
31.4193 302.479 597.798 894.663 1163.15 1486.49
31.4193 303.479 599.805 897.667 1167.15 1491.48
31.4193 304.492 601.809 900.667 1171.15 1496.46
31.4193 305.507 603.809 903.667 1175.15 1501.44
31.4193 306.531 605.809 906.667  1179.1 1506.48
31.4193 307.531 607.834 909.699 1183.04 1511.48
31.4193 308.531 609.834 912.727 1186.98 1516.51
31.4193 309.556 611.834 915.727 1190.92 1521.55
31.4193 310.581 613.862 918.727 1194.86 1526.55
31.4193 311.607 615.889 921.727 1198.81 1531.55
31.4193 312.607 617.889 924.756 1202.75 1536.58
31.5173 313.582 619.816 927.756 1206.75 1541.58
31.6191 314.582 621.818 930.756 1210.65 1546.58
31.7209 315.582 623.818 933.754 1214.55 1551.58
31.7209 316.596 625.818 936.755 1218.55 1556.56
31.7209 317.596 627.818 939.783 1222.49  1561.6
31.7209  318.61 629.821 942.783 1226.49 1566.58
31.7209 319.621 631.819 945.774 1230.49 1571.58
31.7209 320.631 633.818 948.765 1234.49 1576.58
31.8211 321.631 635.819 951.765 1238.38 1581.58
31.8211 322.631 637.844 954.796 1242.33 1586.58
31.8211 323.655 639.844 957.796 1246.27 1591.61
31.8211 324.655 641.868 960.796 1250.21 1596.65
31.9204 325.655 643.868 963.795 1254.11 1601.65
31.9204 326.669 645.868 966.795 1258.11 1606.63
31.9204 327.669 647.868 969.823 1262.05 1611.66
32.0191 328.669 649.868 972.822 1265.96 1616.66
32.1178 329.669 651.868 975.821 1269.86 1621.66
32.1178 330.679 653.866 978.812 1273.86 1626.66
32.2126 331.655 655.796 981.812 1277.86 1631.66
32.3098 332.655 657.774 984.812 1281.86 1636.59
32.3098  333.68 659.801 987.812 1285.81 1641.59
 32.406  334.68 661.765 990.752 1289.81 1646.59
 32.406  335.69 663.763 993.744 1293.81 1651.59
32.5002 336.666 665.693 996.744 1297.81 1656.59
32.5002 337.666 667.715 999.744 1301.75 1661.62
32.5958 338.666 669.679 1002.68 1305.75 1666.62
 32.693 339.676 671.679 1005.68 1309.65 1671.62
32.7879 340.662 673.679  1008.6 1313.65 1676.62
32.7879 341.662 675.703 1011.63 1317.59 1681.62
32.8847 342.672 677.703 1014.63 1321.48 1686.62
32.8847 343.672 679.703 1017.66 1325.43 1691.65
32.8847 344.672 681.725 1020.66 1329.37 1696.69
32.9799 345.669 683.725 1023.66 1333.37  1701.6
33.0765 346.669 685.725 1026.66 1337.28  1706.6
33.0765 347.669 687.725 1029.68 1341.22 1711.63
33.1703 348.655 689.725  1032.6 1345.22 1716.63
33.1703 349.655 691.749 1035.63 1349.17 1721.63
33.2629 350.631  693.68 1038.63 1353.17 1726.63
33.2629 351.641 695.678 1041.63 1357.17 1731.63
33.2629 352.663 697.678 1044.63 1361.11 1736.66
33.3572 353.663 699.658 1047.63 1365.11 1741.59
33.3572 354.687 701.683 1050.63 1369.06 1746.59
33.3572  355.71 703.708 1053.63 1373.01 1751.59
33.3572 356.723 705.708 1056.63 1377.01 1756.57
33.4508 357.723 707.687 1059.63 1381.01  1761.5
33.5454 358.723 709.688 1062.63 1384.92  1766.5
  33.64 359.723 711.688 1065.62 1388.82  1771.5
  33.64 360.723  713.71 1068.62 1392.77 1776.53
33.7335 361.723  715.71 1071.59 1396.77 1781.47
33.8279 362.723  717.71 1074.59 1400.68 1786.47
33.8279 363.723 719.715 1077.59 1404.68 1791.46
33.9187   364.7 721.648 1080.59 1408.68 1796.46
33.9187   365.7  723.67 1083.59 1412.62 1801.49
34.0127   366.7  725.67 1086.59 1416.54 1806.49
34.0127 367.722  727.67 1089.62 1420.49 1811.49
34.0127 368.722 729.675 1092.63 1424.49 1816.48
34.0127 369.722 731.696 1095.63 1428.43 1821.51
34.1034 370.708 733.696 1098.55 1432.43 1826.51
34.1965 371.708 735.696 1101.55 1436.34 1831.51
34.1965 372.708 737.702 1104.55 1440.34  1836.5
34.2894 373.708 739.702 1107.55 1444.26 1841.49
34.3822 374.708 741.702 1110.55 1448.16 1846.49
34.3822  375.72 743.705 1113.55 1452.16 1851.48
34.3822  376.72 745.705 1116.57 1456.11 1856.51
34.4746  377.72 747.705 1119.57 1460.02  1861.5
34.5661  378.72 749.705 1122.54 1464.02 1866.44
34.5661 379.741 751.705 1125.54 1467.97 1871.47
34.5661 380.741 753.726 1128.54 1471.92  1876.5
34.6579 381.741 755.727 1131.54 1475.83  1881.5
34.7488 382.741 757.727 1134.52 1479.83 1886.44
34.7488 383.753  759.73 1137.52 1483.83 1891.43
34.8373  384.73 761.664 1140.52 1487.83 1896.43
34.8373 385.751 763.664 1143.54 1491.78 1901.43
34.9284  386.76 765.664 1146.54 1495.68 1906.43
34.9284 387.771 767.666 1149.54 1499.68 1911.41
35.0195 388.771 769.666 1152.54 1503.59 1916.41
35.1096 389.771 771.646 1155.54 1507.59 1921.34
35.1997 390.771 773.626 1158.54 1511.59 1926.27
35.2895 391.768 775.626 1161.54 1515.59 1931.19
35.3803 392.776 777.626 1164.54 1519.49 1936.19
35.4713 393.776 779.627 1167.54  1523.4 1941.19
35.4713 394.776 781.627 1170.57 1527.34 1946.22
35.5619 395.785 783.627 1173.57 1531.24 1951.22
35.5619 396.796 785.629 1176.57 1535.24  1956.2
35.6509 397.796 787.595 1179.51 1539.24  1961.2
35.7407 398.796 789.595 1182.48 1543.24 1966.14
35.8312 399.796 791.596 1185.48 1547.15 1971.14
35.9208 400.796 793.576 1188.48 1551.15 1976.07
35.9208 401.818 795.599 1191.48 1555.11 1981.07
35.9208 402.818 797.599 1194.51 1559.06  1986.1
35.9208 403.827 799.597  1197.5 1563.06  1991.1
35.9208 404.839   801.6  1200.5 1567.06 1996.09
36.0105 405.839   803.6  1203.5 1570.97 2001.09
36.0973 406.816 805.535  1206.5 1574.97 2006.09
36.1871 407.816 807.535  1209.5 1578.89 2011.08
36.1871 408.838 809.558  1212.5 1582.84 2016.08
36.1871 409.858 811.558  1215.5 1586.79 2021.11
36.2748 410.858 813.525 1218.44 1590.79 2026.11
36.2748 411.879 815.525 1221.47 1594.74 2031.11
36.2748 412.879 817.545 1224.47 1598.69 2036.14
36.3635 413.879 819.545 1227.47  1602.6 2041.14
36.3635 414.879 821.566  1230.5 1606.56 2046.14
36.3635 415.888 823.564 1233.49 1610.56 2051.14
 36.451 416.888 825.544 1236.49 1614.56 2056.07
36.5393 417.888 827.544 1239.49 1618.47 2061.07
36.6265 418.884 829.544 1242.49 1622.47 2065.99
36.7136 419.881 831.544 1245.49 1626.47  2070.9
36.8019 420.881 833.544 1248.49 1630.38  2075.9
36.8901 421.889 835.544 1251.49 1634.29  2080.9
36.9786 422.889 837.544 1254.49 1638.21  2085.9
37.0662 423.889 839.544 1257.46 1642.21 2090.84
37.1545 424.889 841.544 1260.45 1646.12 2095.84
37.1545 425.909 843.544 1263.48 1650.07 2100.84
37.1545 426.918 845.543 1266.47 1654.07 2105.84
37.1545 427.929 847.543 1269.47 1658.07 2110.83
37.1545 428.938 849.541 1272.47 1662.07 2115.83
37.2411 429.938 851.521 1275.47 1666.07 2120.76
37.3275 430.935 853.521 1278.47 1670.07 2125.67
37.3275 431.955 855.521 1281.49 1674.03 2130.67
37.3275 432.975 857.521 1284.49 1677.98  2135.7
37.4138 433.975 859.521 1287.47 1681.98 2140.65
37.4138 434.975 861.521 1290.49 1685.93 2145.67
37.4993 435.975 863.489 1293.44 1689.93 2150.67
37.5834 436.953 865.426 1296.44 1693.93 2155.67
37.6694 437.953 867.407 1299.44 1697.93 2160.61
37.7543  438.94 869.407 1302.36 1701.93 2165.61
37.7543  439.94 871.411 1305.37 1705.93  2170.6
37.7543  440.94 873.431 1308.39 1709.88  2175.6
37.8406 441.947 875.431 1311.39 1713.79  2180.6
37.8406 442.947 877.436  1314.4 1717.79 2185.59
 37.926 443.947 879.417  1317.4 1721.79 2190.53
 38.012 444.955 881.417  1320.4  1725.7 2195.53
38.0983 445.955 883.417 1323.39 1729.61 2200.53
38.1845 446.955 885.416 1326.39 1733.53 2205.53
 38.271 447.955 887.416 1329.39 1737.45 2210.52
 38.271 448.974 889.416 1332.42  1741.4 2215.52
38.3562 449.974 891.397 1335.42  1745.4 2220.45
38.3562 450.974 893.416 1338.44 1749.36 2225.45
38.4414 451.974 895.416 1341.42 1753.36 2230.39
38.5274 452.974 897.416 1344.42 1757.28 2235.38
38.5274 453.974 899.436 1347.44 1761.24 2240.38
38.5274 454.974 901.456 1350.47 1765.19 2245.38
38.6128 455.974 903.455 1353.47 1769.11 2250.38
38.6128 456.993 905.455 1356.47 1773.06 2255.41
38.6128 457.993 907.475 1359.49 1777.01 2260.41
38.6128 459.012 909.475 1362.49 1780.97 2265.44
38.6952 459.991 911.414 1365.49 1784.97 2270.44
38.6952  461.01 913.414 1368.52 1788.92 2275.44
38.7791  462.01 915.395 1371.52 1792.92 2280.37
38.7791  463.01 917.414 1374.54 1796.88 2285.37
38.7791 464.029 919.414 1377.57 1800.83 2290.37
38.7791  465.04 921.414 1380.57 1804.83 2295.36
38.7791 466.058 923.414 1383.57 1808.79 2300.39
38.7791 467.069 925.414 1386.57 1812.79 2305.38
38.8618 468.066 927.414 1389.57 1816.79  2310.3
38.8618 469.066 929.433  1392.6 1820.74  2315.3
38.9436 470.053 931.433 1395.53 1824.74  2320.3
39.0262  471.05 933.433 1398.53 1828.74 2325.22
39.0262  472.05 935.451 1401.53  1832.7 2330.25
39.0262 473.069 937.451 1404.55 1836.65 2335.25
39.0262 474.088 939.451 1407.58 1840.61 2340.25
39.1068 475.067 941.392 1410.58 1844.61 2345.25
39.1068 476.067 943.396 1413.58 1848.61 2350.24
39.1884 477.067 945.364 1416.53 1852.61 2355.24
39.1884 478.086 947.364 1419.56 1856.56 2360.24
39.1884 479.096 949.366 1422.56 1860.56 2365.23
39.1884 480.107 951.366 1425.56 1864.56 2370.22
39.2708 481.107 953.366 1428.56 1868.48 2375.22
39.2708 482.125 955.366 1431.58 1872.44 2380.22
39.2708 483.125 957.366  1434.6 1876.39 2385.24
39.2708 484.136 959.368  1437.6 1880.39 2390.23
39.3517 485.133 961.368  1440.6 1884.39 2395.15
39.3517 486.141 963.366  1443.6 1888.39 2400.15
39.3517 487.141 965.366 1446.62 1892.35 2405.18
39.4332 488.141 967.365 1449.62 1896.26 2410.18
39.4332 489.149 969.363 1452.61 1900.26 2415.18
39.5145 490.149 971.362 1455.61 1904.18 2420.18
39.5958 491.149 973.362 1458.61  1908.1 2425.18
39.5958 492.159 975.362 1461.61  1912.1 2430.17
39.6764 493.159 977.362 1464.59  1916.1 2435.11
39.6764 494.159 979.365 1467.59  1920.1  2440.1
39.7562 495.159 981.335 1470.54  1924.1  2445.1
 39.837 496.166 983.335 1473.54 1928.02  2450.1
 39.837 497.184 985.335 1476.54 1931.97 2455.13
39.9155 498.164 987.276 1479.54 1935.97 2460.13
39.9951 499.164 989.246 1482.49 1939.97 2465.13
39.9951 500.183 991.266 1485.49 1943.93 2470.13
40.0759 501.183 993.266 1488.49 1947.86 2475.12
40.0759 502.191 995.263 1491.49 1951.86 2480.12
40.1565 503.191 997.263 1494.48 1955.78 2485.12
 40.237 504.191 999.263 1497.48  1959.7 2490.12
 40.237 505.199 1001.26 1500.48  1963.7 2495.12
 40.237 506.217 1003.26  1503.5 1967.66 2500.12
 40.237 507.225 1005.26  1506.5 1971.66 2505.12
 40.237 508.225 1007.26  1509.5 1975.66 2510.12
 40.237 509.225 1009.27  1512.5 1979.66 2515.11
40.3144 510.205 1011.21  1515.5 1983.66 2520.11
40.3144 511.223 1013.21  1518.5 1987.62 2525.14
 40.393  512.22 1015.21  1521.5 1991.62 2530.06
40.4709 513.208 1017.21 1524.44 1995.62 2535.06
40.4709 514.208 1019.21 1527.46 1999.57 2540.08
40.5503 515.208 1021.21 1530.46 2003.49 2545.08
40.5503 516.225 1023.21 1533.46 2007.45 2550.11
40.5503 517.225 1025.21 1536.46 2011.45  2555.1
40.5503 518.235 1027.21 1539.46 2015.45 2560.09
40.6294 519.235 1029.21 1542.46 2019.38 2565.08
40.6294 520.235 1031.21 1545.48 2023.33 2570.11
40.7075 521.235 1033.19 1548.48 2027.33 2575.05
40.7075 522.253 1035.19 1551.48 2031.29 2580.07
40.7075 523.261 1037.19 1554.48 2035.29 2585.07
40.7854 524.261 1039.19 1557.45 2039.29 2590.02
40.8627 525.261 1041.16  1560.4 2043.29 2595.02
40.9406 526.261 1043.16 1563.38 2047.29 2599.97
 41.019 527.261 1045.16 1566.38 2051.21 2604.97
 41.019  528.27 1047.16 1569.38 2055.21 2609.96
 41.019  529.27 1049.16  1572.4 2059.17 2614.98
41.0966  530.27 1051.16 1575.37 2063.17 2619.93
41.1741  531.27 1053.14 1578.37 2067.17 2624.87
41.1741 532.287 1055.14 1581.37 2071.13 2629.89
41.1741 533.287 1057.16  1584.4 2075.09 2634.89
41.2509 534.287 1059.13 1587.35 2079.09 2639.89
41.2509 535.297 1061.13 1590.35 2083.09 2644.88
41.3275 536.297  1063.1  1593.3 2087.09 2649.88
41.4052 537.297  1065.1  1596.3 2091.01 2654.88
41.4814 538.285  1067.1 1599.24 2095.01 2659.88
41.4814 539.293  1069.1 1602.23 2099.01 2664.88
41.5583 540.293 1071.08 1605.23 2103.01 2669.82
41.6358 541.293 1073.08 1608.23 2106.94 2674.82
41.7132 542.299 1075.08 1611.23 2110.85 2679.82
41.7132 543.299 1077.08 1614.25 2114.81 2684.85
41.7898 544.296 1079.08 1617.25 2118.81 2689.77
41.8661 545.296 1081.05  1620.2 2122.81 2694.77
41.8661 546.314 1083.07  1623.2 2126.77 2699.77
41.8661 547.314 1085.07  1626.2 2130.77 2704.77
41.8661 548.314 1087.07 1629.22 2134.73 2709.79
41.9432 549.314 1089.07 1632.22 2138.66 2714.78
41.9432 550.324 1091.07 1635.22 2142.66 2719.77
41.9432 551.332 1093.07 1638.22 2146.66 2724.77
41.9432 552.332 1095.07 1641.24 2150.62  2729.8
41.9432 553.332 1097.09 1644.24 2154.58 2734.82
41.9432 554.332 1099.09 1647.26 2158.54 2739.84
41.9432 555.349 1101.09 1650.26  2162.5 2744.87
41.9432 556.365 1103.09 1653.26 2166.45 2749.89
41.9432 557.365 1105.09 1656.26 2170.45 2754.89
41.9432 558.373 1107.09 1659.25 2174.45 2759.89
41.9432 559.373 1109.09 1662.27 2178.41 2764.91
42.0186 560.379 1111.09 1665.27 2182.33 2769.91
42.0942 561.379 1113.09 1668.27 2186.26 2774.91
42.0942 562.389 1115.09 1671.27 2190.26  2779.9
42.1698 563.389 1117.09 1674.27 2194.19 2784.89
42.2453 564.389 1119.09 1677.27 2198.12 2789.89
42.2453 565.406 1121.09 1680.29 2202.08 2794.89
42.2453 566.406 1123.09 1683.31 2206.03 2799.91
42.2453 567.406  1125.1 1686.34    2210 2804.91
42.2453 568.422  1127.1 1689.34 2213.95 2809.94
42.2453 569.422 1129.12 1692.36 2217.92 2814.94
42.2453 570.422 1131.12 1695.38 2221.87 2819.96
42.3189 571.422 1133.09 1698.33 2225.87 2824.96
 42.393 572.422 1135.07 1701.33 2229.87 2829.91
 42.393 573.422 1137.09 1704.33 2233.83 2834.93
42.4661 574.411 1139.09 1707.27 2237.83 2839.93
42.5392 575.399 1141.09 1710.21 2241.83 2844.93
42.6132 576.399 1143.09 1713.18 2245.83 2849.88
42.6872 577.399 1145.09 1716.16 2249.83 2854.83
42.7617 578.399 1147.09 1719.16 2253.76 2859.83
42.8356 579.399 1149.07 1722.16 2257.76 2864.77
42.8356 580.408 1151.07 1725.16 2261.76 2869.76
42.8356 581.426 1153.09 1728.16 2265.72 2874.76
42.8356 582.426 1155.09 1731.16 2269.72 2879.76
42.9089 583.423 1157.09 1734.16 2273.72 2884.69
42.9089 584.423 1159.11 1737.18 2277.69 2889.69
42.9089 585.423 1161.11 1740.19 2281.69 2894.68
42.9089 586.439 1163.11 1743.21 2285.65 2899.68
42.9089 587.457 1165.13 1746.21 2289.61 2904.68
42.9826 588.457 1167.13 1749.21 2293.54 2909.68
42.9826 589.466 1169.13 1752.21 2297.54 2914.67
42.9826 590.466 1171.15 1755.23  2301.5 2919.67
43.0552 591.463 1173.15 1758.23  2305.5  2924.6
43.1279 592.463 1175.13 1761.23  2309.5 2929.55
43.1994 593.445 1177.08 1764.23  2313.5 2934.55
43.2722 594.445 1179.06 1767.23  2317.5 2939.49
43.3457 595.445 1181.06 1770.23 2321.44 2944.48
43.4184 596.445 1183.04 1773.23 2325.44 2949.43
43.4912 597.445 1185.03 1776.23 2329.44 2954.37
43.5646 598.445 1187.03 1779.22 2333.37 2959.37
43.6372 599.442 1189.03 1782.22 2337.37  2964.3
43.6372 600.442 1191.04 1785.25 2341.33  2969.3
43.6372 601.459 1193.06 1788.25  2345.3  2974.3
43.7103 602.459 1195.06 1791.24 2349.23  2979.3
43.7103 603.459 1197.08 1794.24 2353.19 2984.32
43.7831 604.464 1199.08 1797.24 2357.11 2989.32
43.7831 605.464 1201.09 1800.24 2361.07 2994.35
43.7831  606.48 1203.09 1803.26 2365.03 2999.35
 43.856  607.48 1205.09 1806.26 2368.97 3004.34
43.9278  608.48 1207.06 1809.22 2372.97 3009.34
43.9278 609.496 1209.06 1812.22 2376.93 3014.36
43.9278 610.505 1211.06 1815.22 2380.93 3019.35
43.9997 611.505 1213.05 1818.22 2384.93  3024.3
44.0722 612.505 1215.05 1821.22 2388.86  3029.3
44.1448 613.505 1217.05 1824.21 2392.79  3034.3
44.1448 614.514 1219.05 1827.21 2396.79 3039.29
44.1448 615.514 1221.06 1830.21 2400.75 3044.31
44.1448 616.514 1223.08 1833.21 2404.72 3049.34
44.1448 617.521 1225.07 1836.21 2408.72 3054.34
44.2169 618.521 1227.07 1839.21 2412.65 3059.33
44.2169 619.521 1229.07 1842.23 2416.61 3064.35
44.2169 620.537 1231.07 1845.23 2420.57 3069.37
44.2169 621.537 1233.08 1848.23 2424.57 3074.37
44.2169 622.546 1235.08 1851.23 2428.57 3079.36
44.2169 623.563 1237.09 1854.23 2432.54 3084.36
44.2169 624.563 1239.09 1857.25  2436.5 3089.38
44.2875  625.56 1241.09 1860.25  2440.5 3094.31
44.2875  626.56 1243.11 1863.25 2444.46 3099.33
44.2875 627.567 1245.11 1866.24 2448.46 3104.33
44.2875 628.567 1247.11 1869.25 2452.46 3109.33
44.3586 629.567 1249.11 1872.25  2456.4 3114.32
44.3586 630.567 1251.12 1875.25 2460.36 3119.34
44.4282 631.556 1253.12 1878.19 2464.36 3124.34
44.4973 632.538 1255.07 1881.19 2468.36 3129.34
44.5682 633.538 1257.07 1884.19  2472.3 3134.33
44.5682 634.554 1259.07 1887.21 2476.26 3139.33
44.6391 635.554 1261.07 1890.21  2480.2 3144.33
44.7098 636.554 1263.07 1893.21 2484.13 3149.33
44.7807 637.554 1265.07 1896.21 2488.07 3154.32
44.7807 638.562 1267.07 1899.21 2492.07 3159.31
44.7807 639.578 1269.07 1902.23 2496.03 3164.31
44.7807 640.587 1271.07 1905.23 2500.03  3169.3
44.8512 641.587 1273.07 1908.23 2503.97 3174.29
44.8512 642.595 1275.07 1911.23 2507.97 3179.28
44.8512 643.612 1277.09 1914.23 2511.94 3184.28
44.8512 644.627 1279.09 1917.25  2515.9 3189.28
44.8512 645.627  1281.1 1920.25 2519.86  3194.3
44.8512 646.643  1283.1 1923.25 2523.82 3199.33
44.8512 647.643 1285.12 1926.25 2527.79 3204.35
44.8512  648.65 1287.12 1929.24 2531.79 3209.35
44.9205  649.65 1289.12 1932.22 2535.79  3214.3
44.9205 650.658 1291.12 1935.22 2539.79 3219.29
44.9901 651.658 1293.12 1938.22 2543.73 3224.29
45.0592 652.658  1295.1 1941.22 2547.73 3229.23
45.1287 653.658  1297.1 1944.22 2551.66 3234.23
45.1978 654.658  1299.1  1947.2 2555.66 3239.19
45.1978 655.667  1301.1  1950.2 2559.66 3244.18
45.1978 656.676  1303.1  1953.2 2563.66 3249.17
45.1978 657.692 1305.12  1956.2 2567.63 3254.17
45.2664 658.689 1307.12  1959.2 2571.63  3259.1
45.3352 659.689 1309.12 1962.18 2575.63 3264.06
45.3352 660.689 1311.13  1965.2 2579.59 3269.06
45.3352 661.689 1313.14  1968.2 2583.59 3274.05
45.4042 662.689 1315.14  1971.2 2587.52 3279.05
45.4042 663.704 1317.14 1974.22 2591.49 3284.05
45.4731 664.704 1319.14 1977.22 2595.42 3289.05
45.5416 665.704 1321.14 1980.19 2599.42    3294
45.5416  666.72 1323.15 1983.19 2603.39    3299
45.6087 667.703  1325.1 1986.19 2607.39    3304
45.6087 668.703  1327.1 1989.21 2611.35 3309.02
45.6775 669.703  1329.1 1992.21 2615.29 3314.02
45.6775 670.703 1331.12 1995.21 2619.25 3319.04
45.6775 671.703 1333.12 1998.23 2623.22 3324.06
45.7455 672.703  1335.1 2001.23 2627.22 3329.01
45.8128 673.692  1337.1 2004.17 2631.22 3334.01
45.8128 674.701  1339.1 2007.17 2635.22    3339
45.8128 675.709  1341.1 2010.17 2639.22 3343.99
45.8811 676.709  1343.1 2013.17 2643.15 3348.99
45.9493 677.709  1345.1 2016.17 2647.08 3353.99
46.0172 678.709  1347.1 2019.15 2651.08 3358.94
46.0855 679.709  1349.1 2022.15 2655.01 3363.94
46.1536 680.715  1351.1 2025.15 2658.94 3368.94
 46.222 681.715  1353.1 2028.15 2662.88 3373.93
46.2886 682.697 1355.05 2031.15 2666.88 3378.93
46.2886 683.697 1357.05 2034.17 2670.84 3383.95
46.3568 684.697 1359.05 2037.17 2674.78 3388.95
46.3568 685.697 1361.06 2040.19 2678.74 3393.95
46.4233  686.68 1363.01 2043.19 2682.74 3398.95
46.4233 687.687 1365.01 2046.18 2686.74 3403.95
46.4911 688.692 1367.01 2049.18 2690.67 3408.95
46.4911 689.692 1369.03 2052.18 2694.63 3413.98
46.5585 690.692 1371.01 2055.18 2698.63 3418.92
46.6264 691.692 1373.01 2058.18 2702.57 3423.92
46.6943 692.692 1375.01 2061.18  2706.5 3428.92
46.7617 693.692 1377.01 2064.16  2710.5 3433.88
46.7617 694.706 1379.01 2067.16 2714.47  3438.9
46.8295 695.706 1381.01 2070.16  2718.4  3443.9
46.8295 696.721 1383.01 2073.18 2722.37  3448.9
46.8964 697.721 1384.98 2076.13 2726.37  3453.9
46.8964 698.721    1387 2079.13 2730.33 3458.92
 46.964 699.721    1389 2082.13 2734.27 3463.91
  47.03 700.704 1390.95 2085.13 2738.27 3468.91
  47.03 701.712 1392.95 2088.13 2742.27 3473.91
  47.03 702.712 1394.96 2091.13 2746.23 3478.93
  47.03 703.712 1396.97 2094.13  2750.2 3483.95
  47.03 704.712 1398.99 2097.13 2754.16 3488.97
  47.03  705.72 1400.99 2100.13 2758.16 3493.96
47.0963  706.72 1402.96 2103.09 2762.16 3498.96
47.0963 707.735 1404.96 2106.11 2766.13 3503.96
47.0963 708.735 1406.98 2109.11 2770.09 3508.98
47.0963 709.735 1408.98 2112.12 2774.09 3513.98
47.1631 710.735 1410.98 2115.11 2778.03 3518.98
47.2299 711.735 1412.98 2118.11 2781.96 3523.98
47.2299 712.735 1414.98 2121.13 2785.93    3529
47.2965  713.74 1416.98 2124.13 2789.86    3534
47.3631 714.745 1418.98 2127.13 2793.78    3539
47.3631 715.759 1420.98 2130.13 2797.75 3544.02
47.4282 716.742 1422.93 2133.13 2801.75 3549.02
47.4282 717.742 1424.93 2136.15 2805.71 3554.04
47.4282 718.742 1426.93 2139.16 2809.67 3559.06
47.4282 719.749 1428.93 2142.16 2813.67 3564.06
47.4282 720.749 1430.94 2145.18 2817.64 3569.06
47.4282 721.749 1432.96 2148.18 2821.61 3574.08
47.4938 722.749 1434.94 2151.18 2825.61 3579.03
47.4938 723.749 1436.94  2154.2 2829.57 3584.05
47.5593 724.746 1438.94  2157.2 2833.57 3588.99
47.6253 725.746 1440.94 2160.19 2837.51 3593.99
47.6253 726.754 1442.94 2163.19 2841.51 3598.98
47.6253 727.754 1444.95 2166.19 2845.47    3604
47.6912 728.754 1446.95 2169.19 2849.41    3609
47.7563 729.754 1448.93 2172.15 2853.41    3614
47.8211 730.744 1450.93  2175.1 2857.41    3619
47.8211 731.751 1452.93  2178.1 2861.41 3623.99
47.8211 732.767 1454.94  2181.1 2865.38 3628.99
47.8869 733.767 1456.94  2184.1 2869.32 3633.99
47.9525 734.771 1458.94  2187.1 2873.25 3638.99
48.0182 735.771 1460.94 2190.09 2877.19 3643.99
48.0182 736.771 1462.94 2193.11 2881.15 3649.01
48.0834 737.771 1464.94 2196.09 2885.15 3653.96
48.0834 738.771 1466.95 2199.09 2889.15 3658.96
48.1489 739.771 1468.94 2202.09 2893.08 3663.96
48.2139 740.771 1470.93 2205.09 2897.08 3668.91
48.2139 741.771 1472.93 2208.09 2901.08  3673.9
48.2139 742.771 1474.93  2211.1 2905.08  3678.9
48.2782 743.761 1476.93 2214.04 2909.08  3683.9
48.3435 744.761 1478.93 2217.04 2913.02  3688.9
48.3435 745.761 1480.95 2220.06 2916.99  3693.9
48.3435 746.767 1482.95 2223.05 2920.99  3698.9
48.3435 747.782 1484.96 2226.05 2924.96  3703.9
48.4082 748.782 1486.96 2229.03 2928.96 3708.86
48.4732 749.787 1488.96 2232.03 2932.89 3713.86
48.5375 750.787 1490.94 2234.99 2936.89 3718.86
48.6018 751.787 1492.91 2237.95 2940.89 3723.86
48.6018 752.793 1494.91 2240.95 2944.89 3728.86
48.6657 753.783 1496.91  2243.9 2948.89 3733.86
48.7296 754.773 1498.91 2246.84 2952.89 3738.86
48.7296 755.779 1500.91 2249.84 2956.89 3743.86
48.7945 756.779 1502.91 2252.83 2960.83 3748.86
48.8579 757.763 1504.86 2255.83 2964.83 3753.86
48.8579 758.763 1506.88 2258.83 2968.79 3758.88
48.8579 759.763 1508.88 2261.85 2972.76  3763.9
48.9222 760.763 1510.86 2264.85 2976.76 3768.85
48.9864 761.763 1512.84 2267.85 2980.76  3773.8
48.9864 762.776 1514.84 2270.87 2984.73  3778.8
48.9864  763.79 1516.84 2273.87 2988.69 3783.82
48.9864  764.79 1518.86 2276.89 2992.66 3788.82
48.9864 765.804 1520.86 2279.91 2996.63 3793.82
49.0507 766.809 1522.86 2282.91 3000.56 3798.82
49.1151 767.809 1524.86  2285.9  3004.5 3803.82
49.1793 768.813 1526.86  2288.9 3008.43 3808.82
49.1793 769.813 1528.86 2291.92 3012.39 3813.84
49.2433 770.813 1530.86  2294.9 3016.39 3818.79
49.2433 771.813 1532.86  2297.9 3020.39 3823.79
49.3067 772.813 1534.84 2300.86 3024.39 3828.79
49.3067 773.821 1536.84 2303.86 3028.39 3833.78
49.3067 774.821 1538.85 2306.86 3032.36  3838.8
  49.37 775.821 1540.83 2309.82 3036.36  3843.8
  49.37 776.828 1542.83 2312.82 3040.36  3848.8
  49.37 777.842 1544.83 2315.84 3044.33  3853.8
49.4332 778.842  1546.8  2318.8 3048.33  3858.8
49.4964 779.839  1548.8  2321.8 3052.33 3863.74
49.5596 780.839 1550.78 2324.76 3056.33 3868.74
49.5596 781.839 1552.78 2327.77 3060.33 3873.73
49.6234 782.839 1554.78 2330.77 3064.27 3878.72
49.6872 783.839 1556.78 2333.76 3068.21 3883.72
49.6872 784.854 1558.79 2336.76 3072.18 3888.72
49.7502 785.854 1560.77 2339.72 3076.18 3893.72
 49.814 786.854 1562.77 2342.72 3080.12 3898.72
 49.814  787.86 1564.77 2345.72 3084.12 3903.72
49.8773  788.86 1566.77  2348.7 3088.12 3908.67
49.8773 789.874 1568.78  2351.7 3092.09 3913.67
49.8773 790.881 1570.78  2354.7 3096.09 3918.66
49.8773 791.896  1572.8  2357.7 3100.07 3923.66
49.9402 792.896 1574.78  2360.7 3104.07 3928.62
50.0032 793.896 1576.78 2363.68 3108.07 3933.57
 50.066 794.893 1578.78 2366.68 3112.07 3938.51
 50.066 795.906 1580.78  2369.7 3116.03 3943.51
 50.066 796.906  1582.8 2372.71    3120 3948.51
50.1289 797.906  1584.8 2375.69    3124 3953.47
50.1917 798.906 1586.78 2378.69    3128 3958.42
50.1917 799.906 1588.78 2381.71 3131.97 3963.44
50.1917 800.906 1590.78 2384.73 3135.93 3968.46
50.1917  801.92 1592.78 2387.74  3139.9 3973.46
50.2541 802.917 1594.78 2390.74  3143.9  3978.4
50.3165 803.914 1596.78 2393.74  3147.9 3983.34
50.3165 804.927 1598.78 2396.74 3151.87 3988.36
50.3165 805.935 1600.78 2399.74 3155.87 3993.35
50.3165 806.935 1602.79 2402.74 3159.84 3998.37
50.3785 807.935 1604.77 2405.71 3163.84 4003.37
50.4409 808.935 1606.77 2408.68 3167.84 4008.33
50.5031 809.932 1608.77 2411.68 3171.84 4013.27
50.5031 810.932 1610.77 2414.69 3175.84 4018.27
50.5031 811.932 1612.79  2417.7 3179.81 4023.27
50.5031 812.932 1614.79 2420.72 3183.77 4028.29
50.5031 813.945 1616.79 2423.72 3187.74 4033.31
50.5031 814.959  1618.8 2426.72 3191.71 4038.31
50.5031 815.965  1620.8 2429.72 3195.71 4043.31
50.5654 816.965  1622.8 2432.72 3199.66  4048.3
50.5654 817.965 1624.81 2435.72 3203.62 4053.32
50.5654 818.965 1626.81 2438.72 3207.62 4058.31
50.5654 819.978 1628.81 2441.74 3211.59 4063.31
50.5654 820.986 1630.81 2444.74 3215.59 4068.31
50.5654 821.986 1632.83 2447.74 3219.56 4073.33
50.5654 822.986 1634.83 2450.74 3223.56 4078.32
50.5654 823.986 1636.83 2453.75 3227.53 4083.34
50.6258  824.97 1638.78 2456.75 3231.53 4088.34
50.6866  825.96 1640.78  2459.7 3235.53 4093.34
50.7474 826.951 1642.78 2462.65 3239.53 4098.34
50.7474 827.951  1644.8 2465.65  3243.5 4103.36
50.7474 828.957 1646.79 2468.65  3247.5 4108.36
50.7474 829.957 1648.81 2471.66 3251.47 4113.36
50.7474  830.97 1650.82 2474.66 3255.44 4118.36
50.8079 831.961 1652.82 2477.61 3259.44 4123.36
50.8079 832.968 1654.82 2480.61 3263.44 4128.35
50.8692 833.968 1656.82 2483.61 3267.38 4133.35
50.9302 834.968  1658.8 2486.61 3271.38 4138.31
 50.991 835.965  1660.8 2489.61 3275.38 4143.25
 50.991 836.965 1662.82 2492.63 3279.35 4148.25
 50.991 837.979 1664.83 2495.63 3283.32 4153.25
 50.991 838.985 1666.83 2498.63 3287.32 4158.25
51.0515 839.985 1668.81 2501.59 3291.32 4163.25
51.0515 840.998 1670.81 2504.59 3295.29 4168.27
51.0515 841.998 1672.82 2507.59 3299.26 4173.29
51.0515 843.005 1674.82 2510.59 3303.26 4178.28
51.1114 843.995 1676.82 2513.54 3307.26 4183.28
51.1114 845.009 1678.83 2516.54 3311.23 4188.28
51.1724 846.009 1680.83 2519.54 3315.18 4193.27
51.2325 847.009 1682.81  2522.5 3319.18 4198.27
51.2325 848.009 1684.82 2525.52 3323.15 4203.27
51.2325 849.015 1686.82 2528.51 3327.15 4208.27
51.2325 850.027 1688.82 2531.51 3331.11 4213.29
51.2325 851.041 1690.84 2534.51 3335.09 4218.29
51.2325 852.041 1692.84 2537.53 3339.05 4223.31
51.2325 853.041 1694.84 2540.53 3343.05  4228.3
 51.293 854.041 1696.84 2543.53    3347  4233.3
51.3528 855.041 1698.81 2546.49    3351  4238.3
51.3528 856.041 1700.82  2549.5    3355 4243.29
51.4131 857.041 1702.82 2552.49 3358.94 4248.29
51.4131 858.048 1704.82 2555.49 3362.94 4253.29
51.4131 859.061 1706.82 2558.51 3366.91 4258.29
51.4131 860.074 1708.82 2561.53 3370.88 4263.29
51.4131 861.081 1710.82 2564.53 3374.88 4268.28
51.4131 862.081 1712.82 2567.53 3378.88 4273.27
51.4725 863.081  1714.8 2570.49 3382.88 4278.27
51.4725 864.081  1716.8 2573.51 3386.85 4283.29
51.5323 865.085  1718.8 2576.51 3390.79 4288.29
51.5323 866.099 1720.81 2579.51 3394.76 4293.29
51.5323 867.099 1722.81 2582.51 3398.76 4298.29
51.5918 868.099 1724.81 2585.49 3402.76 4303.25
51.6516 869.099 1726.81 2588.48  3406.7 4308.25
51.6516 870.099 1728.82 2591.49  3410.7 4313.24
51.7113 871.099 1730.81 2594.49 3414.65 4318.24
51.7113 872.112 1732.81  2597.5 3418.62 4323.24
51.7113 873.124 1734.81  2600.5 3422.59 4328.26
51.7113 874.124 1736.81 2603.52 3426.55 4333.28
51.7113 875.131 1738.82 2606.52 3430.55 4338.27
51.7113 876.131 1740.82 2609.52 3434.55 4343.27
51.7701 877.129 1742.82 2612.52 3438.55 4348.21
51.7701 878.141 1744.82 2615.54 3442.52 4353.21
51.7701 879.148 1746.82 2618.54 3446.52  4358.2
51.8294 880.148 1748.82 2621.54 3450.47  4363.2
51.8294 881.148 1750.82 2624.55 3454.43 4368.22
51.8879 882.148 1752.79 2627.51 3458.43 4373.22
51.8879 883.148 1754.81 2630.51  3462.4 4378.24
51.9466 884.148 1756.79 2633.51  3466.4  4383.2
52.0053 885.148 1758.78 2636.51  3470.4 4388.15
52.0636 886.139 1760.78 2639.47  3474.4 4393.15
52.0636 887.139 1762.79 2642.47 3478.37 4398.17
52.0636 888.139 1764.79 2645.47 3482.37 4403.17
52.1225 889.139 1766.79 2648.46 3486.32 4408.17
52.1225 890.146 1768.79 2651.46 3490.32 4413.16
52.1225 891.152 1770.79 2654.46 3494.32 4418.16
52.1811 892.152 1772.79 2657.44 3498.32 4423.12
52.2387 893.137 1774.75 2660.44 3502.32 4428.12
52.2387 894.144 1776.75 2663.44 3506.32 4433.11
52.2387 895.144 1778.75 2666.44 3510.32 4438.11
52.2387 896.157 1780.75 2669.46 3514.29 4443.11
52.2387  897.17 1782.76 2672.46 3518.26 4448.11
52.2964 898.161 1784.76 2675.41 3522.26 4453.11
52.2964 899.161 1786.78 2678.41 3526.23 4458.13
52.2964 900.161 1788.79 2681.43  3530.2 4463.13
52.2964 901.168 1790.79 2684.43  3534.2 4468.12
52.2964 902.168  1792.8 2687.43 3538.17 4473.14
52.3546 903.168  1794.8 2690.43 3542.12 4478.14
52.4128 904.172  1796.8 2693.43 3546.05 4483.14
52.4703 905.163  1798.8 2696.38 3550.05 4488.14
52.4703 906.168  1800.8 2699.37 3554.05 4493.14
52.4703 907.168  1802.8 2702.38 3558.05 4498.13
52.5276 908.159  1804.8 2705.33 3562.05 4503.13
52.5858 909.159  1806.8 2708.33    3566 4508.13
52.5858 910.159  1808.8 2711.34 3569.97 4513.15
52.6434 911.156  1810.8 2714.34 3573.97  4518.1
52.6434 912.163  1812.8 2717.34 3577.97 4523.09
52.7013 913.167  1814.8 2720.34  3581.9 4528.09
 52.759 914.167 1816.79 2723.34  3585.9 4533.04
 52.817 915.167 1818.78 2726.34 3589.85 4538.04
 52.817 916.167 1820.78 2729.36 3593.82 4543.06
 52.817 917.167  1822.8 2732.37 3597.79 4548.06
52.8748 918.171  1824.8 2735.37 3601.73 4553.06
52.8748 919.178  1826.8 2738.37 3605.73 4558.05
52.9328 920.178  1828.8 2741.37 3609.68 4563.05
52.9906 921.178  1830.8 2744.37 3613.62 4568.05
52.9906 922.178  1832.8 2747.37 3617.62 4573.04
52.9906  923.19  1834.8 2750.37 3621.59 4578.06
53.0472 924.175 1836.76 2753.37 3625.59 4583.06
53.1045 925.175 1838.74 2756.37 3629.59 4588.02
53.1618 926.172 1840.74 2759.37 3633.59 4592.96
53.1618 927.172 1842.75 2762.39 3637.56 4597.96
53.2188 928.172 1844.73 2765.35 3641.56 4602.96
53.2188 929.179 1846.73 2768.35 3645.56 4607.96
53.2188 930.179 1848.73 2771.36 3649.53 4612.97
53.2763 931.183 1850.73 2774.36 3653.47 4617.97
53.2763 932.196 1852.75 2777.36 3657.44 4622.97
53.3326 933.181  1854.7 2780.36 3661.44 4627.97
53.3326 934.181 1856.72 2783.36 3665.41 4632.99
53.3888 935.167 1858.67 2786.36 3669.41 4637.99
53.3888 936.179 1860.69 2789.36 3673.39 4642.99
53.4462 937.179 1862.69 2792.36 3677.34 4647.99
53.5035 938.179 1864.69 2795.36 3681.28 4652.99
53.5035 939.179  1866.7 2798.36 3685.25 4658.01
53.5035 940.179 1868.71 2801.37 3689.22 4663.01
53.5035 941.186 1870.71 2804.37 3693.22    4668
53.5035 942.193 1872.71 2807.37 3697.22 4672.99
53.5598 943.184 1874.71 2810.33 3701.22 4677.99
53.6166 944.184 1876.71 2813.31 3705.22 4682.96
53.6166  945.19 1878.71 2816.31 3709.22 4687.95
53.6166 946.202 1880.71 2819.31 3713.19 4692.97
53.6166 947.209 1882.71 2822.31 3717.19 4697.96
53.6166 948.216 1884.71 2825.31 3721.19 4702.95
53.6166 949.216 1886.71 2828.32 3725.16 4707.97
53.6733 950.219 1888.71 2831.32  3729.1 4712.97
 53.729 951.205 1890.67 2834.32  3733.1 4717.97
 53.729  952.21 1892.67 2837.32  3737.1 4722.97
 53.729 953.223 1894.68 2840.32 3741.08 4727.97
 53.729 954.235 1896.68 2843.33 3745.05 4732.97
 53.729 955.242 1898.68 2846.33 3749.05 4737.96
 53.729 956.242 1900.68 2849.35 3753.02 4742.98
53.7856 957.242 1902.68 2852.35 3756.97 4747.97
53.8409 958.227 1904.64 2855.35 3760.97 4752.97
53.8972 959.227 1906.64 2858.33 3764.97 4757.94
53.9536 960.227 1908.64 2861.33 3768.92 4762.94
53.9536 961.227 1910.64 2864.33 3772.92 4767.93
53.9536 962.227 1912.65 2867.33 3776.92 4772.93
  54.01 963.227 1914.64 2870.33 3780.86 4777.93
  54.01 964.227 1916.65 2873.35 3784.83 4782.93
54.0652 965.213 1918.61 2876.35 3788.83 4787.93
54.0652 966.213 1920.61 2879.36  3792.8 4792.94
54.0652 967.213 1922.62 2882.36 3796.77 4797.96
54.0652 968.225 1924.62 2885.36 3800.74 4802.98
54.0652 969.231 1926.62 2888.36 3804.74 4807.97
54.1213 970.231 1928.62 2891.36  3808.7 4812.97
 54.177 971.228 1930.62 2894.36  3812.7 4817.91
54.2326 972.226 1932.62 2897.36  3816.7 4822.86
54.2884 973.226 1934.61 2900.36  3820.7 4827.82
54.3445 974.226 1936.61 2903.36 3824.65 4832.81
54.3998 975.217 1938.61 2906.31 3828.65 4837.81
54.3998 976.222 1940.61 2909.31 3832.65 4842.81
54.4552 977.222 1942.59 2912.28 3836.65 4847.81
54.4552 978.234 1944.59 2915.28 3840.62 4852.83
54.4552 979.234 1946.59 2918.29 3844.59 4857.85
54.5106 980.234 1948.57 2921.26 3848.59 4862.85
54.5106 981.246 1950.58 2924.26 3852.56 4867.85
54.5106 982.253 1952.58 2927.26 3856.56 4872.84
54.5106 983.258 1954.58 2930.25 3860.56 4877.84
54.5106 984.269 1956.58 2933.25 3864.53 4882.86
54.5106 985.269 1958.59 2936.25 3868.51 4887.87
54.5106 986.269 1960.59 2939.26 3872.48 4892.89
54.5106 987.269 1962.59 2942.28 3876.45 4897.91
54.5657 988.267 1964.59 2945.28 3880.45 4902.85
54.6208 989.267 1966.58 2948.28 3884.45 4907.81
54.6753 990.252 1968.54 2951.28 3888.45 4912.81
54.6753 991.264 1970.54 2954.29 3892.42 4917.81
54.7299 992.255 1972.54 2957.25 3896.42 4922.81
54.7851 993.255 1974.52 2960.25 3900.42 4927.77
54.8404 994.259 1976.52 2963.25 3904.36 4932.77
54.8404 995.259 1978.52 2966.25 3908.36 4937.77
54.8404 996.259 1980.52 2969.26 3912.33 4942.78
54.8957 997.263 1982.52 2972.26 3916.27 4947.78
54.9502 998.254 1984.52 2975.22 3920.27 4952.78
54.9502 999.254 1986.54 2978.23 3924.24 4957.78
55.0051 1000.25 1988.54 2981.23 3928.24 4962.73
55.0051 1001.25 1990.54 2984.25 3932.22 4967.75
55.0051 1002.26 1992.54 2987.26 3936.19 4972.75
55.0051 1003.26 1994.55 2990.28 3940.16 4977.75
55.0599 1004.26 1996.55 2993.26 3944.16 4982.71
55.0599 1005.27 1998.55 2996.25 3948.16 4987.71
55.1145 1006.27 2000.55 2999.25 3952.16 4992.66