      1       2 4.33333 4.33333       5 4.33333
1.72414       3 7.47126 7.33333       9 7.47126
2.35228 4.09296 9.47126 10.3333 12.2789 12.4713
 2.8831 5.09296 11.6086 12.6652 16.2789 17.4713
3.47743 6.14285 13.6086 15.6652 19.6347 22.4713
4.07177 7.19273 15.6086 18.6652 22.9905 27.4713
4.07177 8.23348 17.8671  21.366 26.9905 32.4713
4.07177 9.23348 20.2953 24.2697 30.6586 37.4713
4.53485 10.2836 22.2953 27.2697 34.1454 42.4713
5.02328 11.2836 24.2953 30.2068 38.1454 47.0457
5.44523 12.2836  26.336 32.7441 42.1454 52.0457
5.44523 13.3482 28.6186 35.7441 45.7982 57.0457
5.86674 14.3815 30.6186 38.7441 49.3434 62.0457
6.27686 15.3815  32.759 41.7441 52.7928 67.0457
6.27686  16.501  34.759 44.7823 56.6351 72.0457
6.27686  17.501  36.759 47.8803 60.5531 77.0298
6.64043  18.501 38.8882 50.8803 64.0604 82.0298
7.01264  19.538 40.8882 53.8803 67.6511 87.0298
7.36139 20.5097 42.8882 56.5598 71.6511 92.0298
7.36139 21.5097  45.172 59.5598 75.4666 96.9304
7.65966 22.3812 47.0022 62.5598 79.4666  101.93
 8.0079 23.3988 49.0022 65.5598 83.4666 106.565
8.35059 24.3988 51.0992 68.5598 87.4666 111.125
8.69328 25.3988 53.1962 71.5598 91.4666 115.685
9.04765 26.3988 55.1962 74.4769 95.1952 120.685
9.37376 27.3988 57.1857 77.1613 99.1952 125.685
9.37376 28.4412 59.3614 80.1613 103.195 130.467
9.37376 29.4412 61.5898 83.1613 107.069 135.365
9.37376 30.5098 63.5898 86.1797 111.069 140.278
9.67119 31.4778 65.5898 88.9142 115.069 145.278
9.96862 32.4459 67.5898 91.6487 119.069 150.278
9.96862 33.5102 69.5898 94.6549 123.069 155.207
10.2755 34.5102 71.5898 97.5693 127.069 159.986
 10.573 35.5102 73.6619 100.569 131.069 164.617
10.8837 36.5102 75.6619 103.569 134.921 169.454
11.1821 37.5115 77.6619 106.569 138.621 174.454
11.4883 38.5115 79.6619 109.487 142.621  179.23
11.7832 39.5115 81.7065 112.487 146.282  184.23
11.7832 40.5115 83.8868 115.487 150.185 189.147
12.0707 41.5115  85.934 118.487  153.85 194.147
12.0707 42.5115 88.0927 121.463 157.715 199.147
12.0707 43.5651 90.0927 124.474 161.715 204.082
12.0707 44.6188 92.0927 127.484 165.715 209.018
12.0707 45.6321 94.1842  130.38 169.715 214.018
12.0707 46.6638 96.3137  133.38 173.715 218.857
12.0707 47.6769 98.4047 136.275 177.715 223.857
12.0707 48.6769 100.552 139.249 181.593 228.857
12.3103 49.6769 102.548 142.014 185.593 233.857
 12.564 50.6769 104.548  144.94 189.593 238.677
12.8054 51.6507 106.548 147.725 193.593 243.677
13.0452 52.6507 108.543 150.491 197.593 248.677
13.0452 53.6779 110.661 153.491 201.449 253.677
13.2859 54.6779 112.703 156.491 205.166 258.677
13.2859 55.6779 114.838 159.456 209.166 263.577
13.5256 56.6825 116.838 162.456 213.166 268.333
13.7715 57.6825 118.838 165.456 217.041 273.211
13.7715 58.6945 120.923 168.358 221.041 278.211
13.7715 59.6945 123.068 171.358 224.962 283.146
14.0032 60.6989 125.068 174.358 228.962  287.91
14.0032 61.7102 127.151 177.263 232.962  292.91
14.2343 62.7102 129.151 180.188 236.806  297.91
14.2343 63.7538 131.151 183.187 240.806 302.868
14.2343 64.7655 133.233 186.094 244.806 307.868
14.2343 65.8144 135.233 189.094 248.771 312.854
14.4445 66.8144  137.23 191.887 252.771 317.854
14.4445 67.8595  139.23 194.888 256.724 322.854
14.4445 68.8595 141.351 197.857 260.635 327.854
14.6584 69.8595 143.351 200.787 264.635 332.709
14.6584 70.8595  145.47 203.755 268.547 337.709
14.8636 71.8595 147.506 206.755 272.306 342.709
 15.076 72.8595 149.506 209.755 276.197 347.606
 15.076    73.9 151.506 212.751 280.197  352.57
 15.076 74.9231 153.604 215.751 284.076  357.57
 15.076 75.9633 155.604 218.746 288.076 362.535
15.2695 76.9633 157.601 221.555 292.076 367.535
15.4717 77.9633 159.601 224.488 296.076   372.4
15.6737 78.9633 161.601 227.419 299.943   377.4
15.6737 79.9856 163.693 230.419 303.943 382.286
15.8691 80.9856 165.734 233.419 307.943  387.05
  16.07 81.9856 167.734 236.419 311.841  391.95
  16.07 82.9856 169.734 239.437 315.821 396.953
  16.07 83.9856 171.839 242.407 319.821 401.877
  16.07 84.9856 173.945 245.377 323.821 406.801
16.2624 85.9856 175.945 248.315 327.821 411.671
16.2624 87.0272 177.945 251.315 331.793 416.658
16.2624 88.0646 179.945  254.31 335.793 421.625
16.2624  89.102 181.945 257.306 339.793 426.592
16.2624  90.102 184.047 260.279 343.718 431.592
16.4425  91.102 186.085 263.279 347.718 436.373
16.6259  92.102 188.085 266.216 351.598 441.373
16.6259 93.1134 190.151 269.139 355.598 446.373
16.8074 94.1134 192.151 272.077 359.479 451.373
16.9821 95.1134 194.148 274.905 363.479 456.373
16.9821 96.1249 196.213 277.828 367.479 461.373
17.1468 97.0572 198.116 280.828 371.479 466.373
17.1468 98.0572 200.116 283.841 375.463 471.376
17.1468 99.0762 202.195 286.841 379.365 476.376
17.1468 100.114 204.195 289.841 383.338 481.365
17.1468 101.133 206.274 292.841  387.24 486.365
17.1468 102.167 208.274 295.835  391.24 491.337
17.1468 103.167 210.366 298.807  395.24 496.273
17.1468 104.186 212.444 301.807 399.144 501.273
 17.311 105.186 214.479 304.807 403.144 506.074
 17.311 106.186 216.578 307.807  407.09 511.028
 17.311 107.186 218.678 310.807 411.037 515.982
 17.311 108.219 220.678 313.802 415.037 520.954
 17.311 109.237 222.755 316.802 419.037 525.858
17.4665 110.237 224.755 319.646 423.037 530.858
17.6275 111.237 226.755 322.592 427.037 535.751
17.6275 112.237 228.755 325.604 431.024 540.753
17.7749 113.176 230.669 328.604 435.024 545.753
17.9319 114.176 232.669 331.604 438.867 550.753
18.0912 115.176 234.669 334.548 442.763 555.753
18.0912 116.176 236.762 337.548 446.713  560.71
18.2499 117.176 238.762 340.548 450.633 565.631
18.4078 118.176 240.762 343.493  454.53 570.631
18.5639 119.179 242.762 346.493  458.53 575.472
18.7166 120.179 244.759 349.343  462.53 580.472
18.8693 121.179 246.756 352.194  466.53 585.472
18.8693  122.21 248.756 355.191 470.501 590.472
18.8693  123.24 250.756 358.185 474.501 595.449
19.0246  124.24 252.756 361.131 478.501 600.347
19.1687 125.181 254.671 364.131 482.501 605.347
19.1687 126.181 256.757 367.131 486.454 610.307
19.1687 127.212 258.757 370.129 490.426 615.307
19.3197 128.214 260.757 373.129 494.426 620.154
19.4681 129.199 262.757 375.996 498.426 625.154
19.6185 130.197 264.757 378.996 502.278 630.154
19.6185 131.197 266.836 381.971 506.278   635.1
19.6185 132.197  268.92 384.971 510.232 640.061
19.7642 133.197 270.916 387.829 514.232 645.061
19.9041  134.14 272.834 390.829 518.232 650.061
19.9041  135.14 274.834 393.837 522.221 655.065
20.0515 136.141 276.834 396.837 526.221 659.916
20.2003 137.141 278.834 399.782 530.127 664.916
20.2003 138.167 280.834 402.776 534.127 669.896
20.2003 139.167 282.909 405.753 538.074 674.896
20.2003 140.182 284.972 408.753 541.997 679.896
20.2003 141.182 287.047  411.73 545.945 684.896
20.2003 142.211 289.047  414.73 549.924 689.887
20.2003 143.211 291.122 417.707 553.872 694.887
20.2003 144.211 293.202 420.707 557.828 699.851
20.3405 145.212 295.202 423.707 561.828  704.71
20.3405 146.212 297.202 426.715 565.817 709.713
20.4818 147.212 299.202 429.715 569.747 714.642
20.6231 148.212 301.202 432.715 573.676 719.571
20.6231 149.227 303.263 435.715 577.676 724.496
20.7627 150.227 305.263 438.665 581.587 729.496
20.7627 151.241 307.324 441.665 585.512 734.496
20.9015 152.241 309.324 444.617 589.512 739.405
21.0368 153.226 311.324 447.496 593.512 744.405
21.1756 154.226 313.324 450.447 597.512 749.315
21.1756 155.226 315.395 453.424 601.512 754.267
21.3134 156.226 317.395 456.376 605.512 759.177
21.4493 157.226 319.418 459.376 609.512 764.018
21.5852 158.226 321.442 462.376 613.512 768.858
21.5852 159.251 323.442 465.371 617.512 773.838
21.5852 160.251 325.512 468.349 621.464 778.838
21.7218 161.251 327.512 471.349 625.398 783.768
21.8562 162.249 329.512 474.349 629.266 788.768
21.9889 163.234 331.512 477.231 633.266 793.768
22.1166 164.182 333.436 480.231 637.266 798.768
22.1166 165.182 335.509 483.231 641.228 803.733
22.2505 166.182 337.509 486.231 645.228 808.599
22.3774  167.13 339.434 489.231 649.228 813.599
22.5043 168.078  341.36 492.231 653.228 818.599
22.5043 169.101  343.36 495.229 657.206 823.599
22.6305  170.05 345.285 498.229 661.206 828.599
22.7647  171.05 347.285 501.182 665.206 833.512
22.7647 172.062  349.34 504.182 669.206 838.444
22.7647 173.062  351.34  507.19 673.198 843.445
22.7647 174.069 353.384  510.14 677.198 848.445
22.7647 175.081 355.439  513.14 681.198 853.379
22.7647 176.093 357.493  516.14 685.198 858.312
22.7647 177.115 359.493 519.137 689.177 863.312
22.8943 178.115 361.493 522.093 693.177 868.227
22.8943 179.138 363.493  525.09 697.157 873.227
23.0236 180.138 365.493  528.09 701.095 878.159
23.1525 181.138 367.493 531.046 705.095 883.075
23.1525 182.138  369.56 534.046 709.061 888.042
23.1525 183.138 371.623 537.027 713.061 892.998
23.2784 184.134 373.623 540.027 716.939 897.998
23.4038 185.134 375.636 543.027 720.801 902.998
23.5301 186.133 377.636 546.027 724.801 907.872
 23.658 187.133 379.636 549.027  728.74 912.806
 23.658  188.14 381.677 551.979  732.74 917.806
23.7776 189.091 383.606 554.979  736.74 922.806
23.7776 190.091 385.667 557.961  740.74 927.764
23.9005 191.091 387.661 560.845  744.74 932.764
24.0249 192.091 389.679 563.845  748.74  937.62
24.0249 193.091  391.74 566.826  752.74 942.578
24.0249 194.097 393.781 569.779  756.74 947.578
24.0249 195.097 395.841 572.761  760.74 952.537
24.1475 196.097  397.86 575.761  764.74 957.395
24.1475 197.097  399.86 578.767 768.734 962.395
24.1475 198.108 401.911 581.767 772.734 967.332
24.1475 199.108 403.911 584.774 776.727 972.332
24.1475 200.119 405.963 587.774 780.727 977.269
24.2681 201.118 407.963 590.774 784.727 982.149
24.2681  202.13 410.014 593.774 788.727 987.087
24.3871  203.13 412.025 596.774 792.597 992.087
24.3871  204.13 414.025 599.781 796.591 997.086
 24.506  205.13 416.044 602.781 800.591 1001.95
24.6268  206.13 418.044 605.781 804.534 1006.88
24.7461 207.129 420.044 608.781 808.534 1011.77
24.8646 208.129 422.055 611.781 812.405 1016.77
24.9853 209.129 424.055 614.781 816.349  1021.7
25.1047 210.128 426.055 617.781 820.349 1026.58
 25.225 211.128 428.055 620.742 824.349  1031.5
25.3427 212.113 430.055 623.639 828.349  1036.5
25.3427 213.113 432.111 626.621  832.31  1041.5
25.3427 214.133 434.111 629.619  836.31 1046.48
25.3427 215.133 436.111 632.626 840.304 1051.48
25.3427 216.133 438.111 635.633 844.299 1056.48
25.3427 217.133 440.172 638.633  848.27 1061.45
25.4541 218.087 442.106 641.633  852.27 1066.45
25.5655 219.041 444.041 644.633  856.27 1071.45
25.5655  220.06 446.041 647.632 860.252 1076.45
25.6824  221.06 448.041 650.593 864.252 1081.37
25.6824  222.06 450.041   653.6 868.247 1086.37
25.7985  223.06 452.041 656.556 872.174 1091.37
25.7985  224.06 454.095 659.539 876.137 1096.37
25.7985 225.065 456.131 662.498 880.137 1101.37
25.9126  226.06 458.131 665.498 884.028 1106.37
25.9126  227.06 460.131 668.505 888.022 1111.37
25.9126  228.06 462.185 671.488 891.986 1116.37
26.0252  229.06 464.194 674.488 895.864 1121.37
26.1393  230.06 466.194 677.446 899.792 1126.37
26.2524 231.055 468.194 680.446 903.684 1131.37
 26.367 232.055 470.194 683.446 907.629 1136.31
 26.367 233.055 472.247  686.43 911.592 1141.31
26.4792 234.055 474.257  689.43 915.471 1146.31
26.5933 235.055 476.257  692.43 919.416 1151.25
26.7071 236.055 478.257 695.392 923.416 1156.17
26.7071 237.055 480.309 698.376 927.379 1161.17
26.7071 238.055 482.366 701.376  931.35 1166.15
26.8191 239.053 484.366 704.376  935.35 1171.04
26.8191 240.071 486.366 707.374  939.35 1176.02
26.8191  241.08  488.41 710.374 943.298 1181.02
26.9298  242.08 490.425 713.374 947.298 1185.89
27.0392  243.08 492.418 716.272 951.298 1190.89
27.1486  244.08  494.41  719.17 955.298 1195.89
27.1486  245.08  496.41 722.177 959.292 1200.89
27.2591 246.078  498.41 725.177 963.292 1205.78
27.2591 247.096  500.41 728.176 967.275 1210.78
27.2591 248.114  502.41 731.176 971.264 1215.78
27.3699 249.114  504.41 734.176 975.211 1220.72
27.4802 250.114  506.41 737.135 979.142 1225.72
27.4802 251.132  508.41 740.133 983.142  1230.7
27.5895  252.13  510.41 743.133 987.142  1235.6
27.5895  253.13 512.461 746.118 991.142 1240.56
27.5895 254.139 514.503 749.118 995.091 1245.56
27.6965 255.125 516.503 752.025 999.091 1250.56
27.8042 256.125 518.511 755.025 1002.98 1255.56
27.9133 257.125 520.511 757.988 1006.98 1260.49
28.0214 258.125 522.525 760.988 1010.98 1265.37
28.0214 259.125 524.525 763.995 1014.97 1270.36
28.0214 260.125 526.574  766.98 1018.94 1275.36
28.0214 261.134 528.617  769.98 1022.94 1280.31
28.1281 262.134 530.632  772.98 1026.94 1285.19
 28.234  263.12 532.632 775.888 1030.94 1290.19
28.3404  264.12 534.639 778.888 1034.82 1295.19
 28.446  265.12 536.631  781.79 1038.82 1300.19
28.5516  266.12 538.623 784.692 1042.82 1305.19
28.6597  267.12 540.623 787.692 1046.77 1310.13
28.6597 268.138 542.623 790.692 1050.76 1315.13
28.6597 269.155 544.623  793.69 1054.76 1320.11
28.6597 270.155 546.672 796.676 1058.76 1325.08
28.6597 271.155 548.724 799.676 1062.73 1330.05
28.6597 272.171 550.724 802.674 1066.72 1335.05
28.6597  273.18 552.766 805.674 1070.72    1340
28.6597 274.198 554.766 808.674 1074.71 1344.99
28.7628 275.185 556.766 811.584 1078.71 1349.99
28.7628 276.194 558.807 814.584 1082.71 1354.94
28.8662 277.194 560.815 817.584  1086.6 1359.94
28.8662 278.212 562.815 820.584 1090.59 1364.94
28.9705 279.212 564.815 823.549 1094.59 1369.87
28.9705 280.229 566.815 826.549 1098.58 1374.86
28.9705 281.246 568.815 829.546 1102.58 1379.85
28.9705  282.25 570.846  832.51 1106.58 1384.85
28.9705 283.259 572.887  835.51 1110.58  1389.8
29.0731 284.259 574.887 838.471 1114.51  1394.8
29.0731 285.259 576.934 841.456 1118.48  1399.8
29.1736 286.259 578.927 844.363 1122.48  1404.8
29.1736 287.268 580.967 847.363 1126.48 1409.75
29.2744 288.268 582.974 850.363 1130.37 1414.75
29.3757 289.266 584.974 853.363 1134.37 1419.65
 29.476 290.254 586.974 856.275 1138.37 1424.65
 29.476 291.254 588.974  859.28 1142.37 1429.65
29.5757 292.254 590.967 862.188 1146.37 1434.65
29.5757 293.271 592.967 865.188 1150.36 1439.64
29.5757 294.271 594.967 868.193 1154.35 1444.64
29.6755 295.271 596.974 871.193 1158.25 1449.64
29.7765 296.271 598.974 874.158 1162.25 1454.58
29.8775 297.271 600.974 877.123 1166.25 1459.51
29.8775 298.288 602.974 880.123 1170.24  1464.5
29.8775 299.293 605.005 883.087 1174.24  1469.5
29.8775 300.293 607.053 886.087 1178.21 1474.48
29.8775 301.308 609.053 889.084 1182.21 1479.47
29.9753 302.308 611.046 891.994 1186.21 1484.47
30.0737 303.308 613.053 894.994 1190.11 1489.47
30.0737 304.308 615.101 897.994 1194.08 1494.44
30.0737 305.313 617.132 900.958 1198.08 1499.44
30.0737 306.313 619.177 903.944 1202.08 1504.41
30.1681 307.275 621.121 906.944 1206.08 1509.41
30.1681 308.279 623.151 909.909 1210.08 1514.41
30.2663 309.279 625.151 912.871 1214.02 1519.41
30.2663 310.296 627.151 915.871 1218.01  1524.4
30.3637 311.294 629.151 918.871 1222.01 1529.31
30.3637  312.31 631.151 921.871    1226  1534.3
30.3637 313.326 633.151 924.869 1229.99  1539.3
30.4611 314.326 635.151 927.835 1233.99 1544.24
30.4611 315.342 637.151 930.835 1237.98 1549.23
30.4611 316.342 639.195 933.821 1241.95 1554.23
30.4611 317.357 641.195 936.818 1245.95 1559.22
30.5578 318.357 643.195 939.818  1249.9 1564.17
30.6533 319.353 645.195 942.818 1253.81 1569.17
  30.75 320.353 647.195 945.818 1257.77 1574.12
  30.75 321.361 649.232 948.818 1261.77 1579.07
  30.75 322.369 651.268 951.818 1265.72 1584.07
30.8461 323.369 653.268 954.818 1269.68 1589.02
30.8461 324.369 655.314 957.818 1273.66    1594
30.8461 325.384 657.314 960.815 1277.66 1598.99
30.9405  326.38 659.314 963.815 1281.57 1603.99
30.9405 327.395 661.314 966.812 1285.57 1608.97
31.0354 328.395 663.314 969.779 1289.57 1613.91
31.1303 329.395 665.314 972.743 1293.51 1618.91
31.2235 330.395 667.307 975.657 1297.51 1623.91
31.3184 331.395 669.307  978.62 1301.45 1628.91
31.3184 332.395 671.349 981.607 1305.42 1633.91
31.3184 333.403 673.385 984.607 1309.42 1638.87
31.3184 334.418 675.385 987.605 1313.41 1643.87
31.4125 335.418 677.385 990.572 1317.41 1648.81
31.4125 336.418 679.427 993.558 1321.38 1653.81
31.4125 337.418 681.427 996.562 1325.37 1658.81
31.4125 338.434 683.427 999.562 1329.36  1663.8
31.4125 339.434 685.472 1002.56 1333.34 1668.78
31.5039 340.422 687.472 1005.48 1337.34 1673.78
31.5964 341.421 689.472 1008.48 1341.34 1678.69
31.6856 342.385 691.419 1011.48 1345.34 1683.69
31.6856   343.4 693.419 1014.48 1349.33 1688.68
31.7777 344.399 695.419 1017.48 1353.33 1693.59
31.8693 345.399 697.424 1020.48 1357.23 1698.59
31.9622 346.399 699.424 1023.48 1361.19 1703.54
31.9622 347.399 701.466 1026.47 1365.19 1708.51
31.9622 348.413 703.466 1029.47 1369.19  1713.5
32.0536 349.413 705.476 1032.47 1373.19  1718.4
32.0536 350.421 707.511 1035.47 1377.19 1723.36
32.1418 351.386 709.459 1038.47 1381.19 1728.36
32.1418 352.386   711.5 1041.45 1385.19 1733.33
32.2318 353.386 713.493 1044.37 1389.19 1738.33
32.3236 354.386 715.493 1047.37 1393.15 1743.28
32.4144 355.381 717.493 1050.37 1397.06 1748.28
32.4144 356.381 719.536 1053.37 1401.04 1753.26
32.4144 357.381 721.579 1056.37 1405.02 1758.24
32.5045 358.381 723.584 1059.37 1408.92 1763.24
32.5045 359.381 725.624 1062.36 1412.89 1768.24
32.5045 360.396 727.624 1065.36 1416.89 1773.23
32.5045 361.411 729.624 1068.36 1420.88 1778.23
32.5045 362.415 731.652 1071.33 1424.88 1783.23
32.5941 363.414 733.652 1074.33 1428.88 1788.14
32.6806 364.379   735.6 1077.33 1432.88 1793.14
32.6806 365.379  737.64 1080.31 1436.88 1798.11
32.7689 366.379 739.633 1083.23 1440.88 1803.11
32.7689 367.393 741.633 1086.23 1444.88  1808.1
32.7689 368.406 743.633 1089.23 1448.88 1813.09
32.8573 369.406 745.638 1092.23 1452.78 1818.09
32.9451 370.406 747.631 1095.15 1456.78 1823.09
32.9451 371.406 749.631 1098.15 1460.78 1828.09
33.0334 372.406 751.641 1101.15 1464.78 1832.99
33.0334 373.413 753.673 1104.15 1468.74 1837.99
33.1215 374.409 755.673 1107.15 1472.66 1842.99
33.1215 375.424 757.673 1110.15 1476.65 1847.99
33.2096 376.422 759.673 1113.15 1480.65  1852.9
33.2981 377.422 761.673 1116.12 1484.59  1857.9
33.3866 378.422 763.673 1119.08 1488.54  1862.9
33.4744 379.418 765.673 1122.08 1492.45  1867.9
33.5623 380.418 767.683 1125.08 1496.45  1872.8
33.6507 381.418 769.683 1128.05  1500.4  1877.8
33.6507 382.431 771.683 1131.05 1504.39  1882.8
33.6507 383.439 773.716 1134.05 1508.39 1887.76
33.7379 384.439  775.72 1137.05 1512.29 1892.76
33.8253 385.434  777.72 1140.05 1516.21 1897.76
33.9133 386.434  779.72 1143.01 1520.16 1902.76
33.9133 387.449  781.72 1146.01 1524.15 1907.76
34.0005 388.445  783.72 1149.01 1528.06 1912.76
34.0883 389.445  785.72 1151.98 1532.01 1917.76
34.0883 390.452 787.753 1154.98 1536.01 1922.72
34.0883 391.459 789.785 1157.98 1540.01 1927.68
34.1748 392.459  791.79 1160.98 1543.92 1932.68
34.2589 393.426 793.739 1163.98 1547.92 1937.68
34.3457 394.426 795.748 1166.98 1551.92 1942.58
34.4331 395.426 797.748 1169.95 1555.92 1947.52
34.4331 396.432 799.779 1172.95 1559.88 1952.52
34.5188 397.432 801.772 1175.87 1563.88 1957.52
34.5188 398.432 803.812 1178.87 1567.86 1962.51
34.6051 399.428 805.812 1181.87 1571.78 1967.51
34.6922 400.428 807.812 1184.87 1575.74 1972.46
34.6922 401.442 809.812 1187.87 1579.73 1977.46
34.6922 402.456 811.812 1190.87 1583.72 1982.45
34.6922 403.456 813.812 1193.88 1587.71 1987.45
34.7754 404.423 815.762 1196.88 1591.71 1992.45
34.8616 405.423 817.762 1199.84 1595.66 1997.45
34.8616 406.427 819.787 1202.81 1599.66 2002.45
34.8616 407.427 821.824  1205.8 1603.66 2007.43
34.8616 408.427 823.824 1208.81 1607.65 2012.43
34.9472 409.427 825.824 1211.78 1611.65 2017.37
35.0322 410.423 827.824 1214.78 1615.57 2022.37
35.0322 411.437 829.824 1217.78 1619.56 2027.37
35.0322 412.449 831.824 1220.77 1623.56 2032.36
35.0322 413.462 833.824 1223.77 1627.56 2037.35
35.1159 414.462 835.816 1226.69 1631.56 2042.35
35.1159 415.469 837.846 1229.69 1635.53 2047.35
35.1159 416.469 839.846  1232.7 1639.52 2052.35
35.1997 417.469  841.85  1235.7 1643.43 2057.35
35.2843 418.469  843.85 1238.67 1647.43 2062.29
35.3691 419.469  845.85 1241.67 1651.39 2067.25
35.3691 420.481  847.85 1244.67 1655.39 2072.24
35.3691 421.494  849.85 1247.66 1659.39 2077.23
 35.452 422.494 851.842 1250.59 1663.39 2082.23
 35.452 423.506 853.842 1253.59 1667.39 2087.22
 35.452 424.519 855.842 1256.58 1671.39 2092.21
35.5358 425.519 857.842 1259.55 1675.34 2097.21
35.6189 426.515 859.842 1262.55 1679.26 2102.21
35.6189 427.527 861.842 1265.55 1683.26  2107.2
35.7027 428.527 863.842 1268.55 1687.22 2112.16
35.7027 429.527 865.842 1271.55 1691.22 2117.16
35.7027  430.54 867.842 1274.55 1695.22 2122.15
35.7027  431.54  869.88 1277.55  1699.2 2127.13
35.7853 432.538  871.88 1280.55  1703.2 2132.05
35.8671 433.538 873.872 1283.47  1707.2 2137.05
35.9493 434.538 875.876 1286.47 1711.11 2142.05
36.0315 435.538 877.879 1289.47 1715.03 2147.05
36.1139 436.534 879.879 1292.47 1718.95 2152.05
36.1139 437.534 881.914 1295.46 1722.92 2157.05
36.1969 438.534 883.914 1298.46 1726.88 2162.01
36.1969 439.537 885.938 1301.44 1730.88 2167.01
36.2796 440.537 887.938 1304.41 1734.88 2171.96
36.3622 441.537 889.938 1307.38 1738.88  2176.9
36.3622 442.537 891.975 1310.38 1742.86 2181.88
36.3622 443.544 894.004 1313.38 1746.86 2186.85
36.4444 444.544 896.004 1316.35 1750.81 2191.85
36.5259 445.544 898.008 1319.35 1754.73 2196.85
36.5259 446.548 900.031 1322.32 1758.73 2201.85
36.6081 447.548 902.031 1325.32 1762.69 2206.81
36.6904 448.548 904.031 1328.32 1766.65 2211.76
36.7712 449.548 906.023 1331.25 1770.65 2216.76
36.8532 450.548 908.023 1334.22  1774.6 2221.76
36.9348 451.546 910.023 1337.22  1778.6 2226.68
37.0158 452.535 912.023 1340.15  1782.6 2231.68
37.0978 453.535 914.023 1343.12  1786.6 2236.63
37.0978 454.542 916.052 1346.12  1790.6  2241.6
37.1797 455.542 918.052 1349.09  1794.6 2246.54
37.1797 456.554 920.052 1352.08  1798.6 2251.53
37.2616 457.554 922.052 1355.08 1802.56 2256.49
37.3427  458.55 924.052 1358.08 1806.48 2261.49
37.3427  459.55 926.086 1361.07 1810.46 2266.49
37.3427 460.563 928.086 1364.07 1814.45 2271.49
37.3427 461.563  930.12 1367.06 1818.42 2276.49
37.4231 462.563 932.123 1370.06 1822.34 2281.49
37.5044 463.563 934.123 1373.06  1826.3 2286.45
37.5848 464.563 936.126 1376.06 1830.22 2291.45
37.6649 465.552 938.126 1378.99 1834.22 2296.45
37.7453 466.552 940.129 1381.99 1838.13 2301.45
37.7453 467.552 942.165 1384.99 1842.11 2306.43
37.7453 468.552 944.199 1387.98 1846.11 2311.41
37.7453 469.552 946.232 1390.97 1850.11 2316.39
37.8248 470.552 948.224  1393.9 1854.11 2321.39
37.8248 471.565 950.224  1396.9  1858.1 2326.38
37.9041 472.565 952.216 1399.83  1862.1 2331.38
37.9839 473.565 954.223 1402.83  1866.1  2336.3
37.9839 474.565 956.256 1405.82  1870.1 2341.27
38.0637 475.561 958.256 1408.82 1874.03 2346.27
38.0637 476.573 960.256 1411.82 1878.02 2351.27
38.0637  477.58 962.284 1414.82 1882.02 2356.24
38.0637  478.58 964.284 1417.82 1886.01 2361.24
38.1408 479.549 966.237 1420.82 1890.01 2366.24
38.1408 480.549 968.271 1423.81 1893.99 2371.24
38.2204 481.549 970.271 1426.78 1897.99 2376.19
38.2973 482.519 972.224 1429.78 1901.99 2381.19
38.2973 483.519 974.257 1432.77 1905.99 2386.17
38.3762 484.514 976.257 1435.77 1909.91 2391.17
38.3762 485.514  978.29 1438.76 1913.89 2396.17
38.3762 486.521 980.317 1441.76 1917.86 2401.17
38.3762 487.527 982.344 1444.76 1921.82 2406.17
38.3762 488.527 984.379 1447.76 1925.81 2411.15
38.3762 489.527 986.412 1450.75 1929.81 2416.13
38.4538 490.516 988.412 1453.68 1933.81 2421.13
38.5298 491.486 990.366 1456.68 1937.81 2426.13
38.5298 492.498 992.366 1459.68 1941.79 2431.13
38.5298 493.498 994.398 1462.67 1945.79 2436.11
38.5298 494.509 996.398 1465.67 1949.79  2441.1
38.5298 495.509 998.433 1468.67 1953.78 2446.08
38.5298 496.513 1000.45 1471.64 1957.78 2451.08
38.6076 497.513 1002.45 1474.61 1961.78 2456.04
38.6076 498.519 1004.48 1477.61 1965.74 2461.04
38.6076 499.519 1006.51  1480.6 1969.74 2466.01
38.6076 500.531 1008.51  1483.6 1973.73 2471.01
38.6076 501.531 1010.55 1486.59 1977.73 2475.99
38.6843 502.531 1012.55 1489.59 1981.73 2480.91
38.6843 503.542 1014.55 1492.59 1985.73  2485.9
38.6843 504.548 1016.58 1495.59  1989.7  2490.9
38.7602 505.538 1018.58 1498.52  1993.7  2495.9
38.8365 506.538 1020.59 1501.52  1997.7 2500.81
38.8365 507.541 1022.61  1504.5  2001.7 2505.81
38.9129 508.539 1024.61  1507.5  2005.7 2510.74
38.9898 509.539 1026.61  1510.5 2009.66  2515.7
39.0664 510.539 1028.61 1513.47 2013.62  2520.7
39.1407  511.51 1030.56 1516.47 2017.62  2525.7
39.2169 512.505 1032.56 1519.47 2021.54  2530.7
39.2926 513.495 1034.56  1522.4 2025.54  2535.7
39.2926 514.501 1036.59  1525.4 2029.51  2540.7
39.2926 515.501 1038.62 1528.39 2033.51 2545.68
39.2926 516.501 1040.62  1531.4 2037.51 2550.68
39.2926 517.501 1042.65 1534.39 2041.49 2555.68
39.3681 518.501 1044.66 1537.39 2045.41 2560.68
39.4433 519.491 1046.66 1540.32 2049.41 2565.68
39.5194 520.491 1048.66 1543.29 2053.41 2570.63
39.5957 521.491 1050.66 1546.29 2057.37 2575.59
39.5957 522.491 1052.69 1549.28 2061.37 2580.57
39.6716 523.491 1054.69 1552.26 2065.37 2585.52
39.6716 524.503 1056.69 1555.26 2069.36 2590.52
39.6716 525.508 1058.71 1558.26 2073.36 2595.49
39.7468 526.504 1060.71 1561.26 2077.29 2600.49
 39.822   527.5 1062.71 1564.26 2081.22 2605.49
39.8973 528.498 1064.71 1567.26 2085.22 2610.42
39.8973 529.509 1066.71 1570.26 2089.21 2615.41
 39.973 530.509 1068.71 1573.26 2093.17 2620.37
 39.973  531.52 1070.71 1576.25 2097.17 2625.37
40.0477  532.52 1072.72 1579.25  2101.1 2630.37
40.0477 533.526 1074.74 1582.25 2105.06 2635.37
40.0477 534.526 1076.74 1585.26 2109.06 2640.37
40.0477 535.532 1078.77 1588.26 2113.06 2645.34
40.0477 536.532  1080.8 1591.25 2117.06 2650.32
40.0477 537.542  1082.8 1594.24 2121.06 2655.31
40.0477 538.553  1084.8 1597.24 2125.06  2660.3
  40.12 539.524 1086.76 1600.24 2129.06  2665.3
40.1942 540.522 1088.76 1603.24 2133.06 2670.23
40.1942 541.525 1090.78 1606.22 2137.06 2675.23
40.1942 542.535 1092.78 1609.21 2141.06 2680.22
40.1942 543.546 1094.78 1612.21 2145.06 2685.21
40.2673 544.546 1096.77 1615.15 2149.06 2690.21
40.3405 545.546 1098.76 1618.08 2153.06 2695.21
40.3405 546.552 1100.79 1621.08 2157.06 2700.18
40.4145 547.552 1102.79 1624.05 2161.06 2705.13
 40.488 548.548 1104.79 1627.05 2164.99 2710.13
 40.561 549.548 1106.78 1629.99 2168.99 2715.13
 40.561 550.558 1108.78 1632.98 2172.99 2720.13
 40.561 551.564  1110.8 1635.98 2176.96 2725.13
 40.561 552.575  1112.8 1638.98 2180.95 2730.13
 40.561 553.586  1114.8 1641.98 2184.94 2735.12
40.6344 554.586  1116.8 1644.96 2188.94 2740.08
40.7056 555.558 1118.76 1647.96 2192.94 2745.08
40.7768  556.53 1120.72 1650.96 2196.94 2750.08
40.8504  557.53 1122.72 1653.96 2200.91 2755.04
40.8504  558.53 1124.75 1656.96 2204.89 2760.02
40.8504  559.53 1126.75 1659.96 2208.88 2765.03
 40.923  560.53 1128.75 1662.96 2212.81 2770.03
40.9962  561.53 1130.75 1665.93 2216.76 2775.03
41.0689  562.53 1132.76 1668.93 2220.76 2779.95
41.1398 563.502 1134.72 1671.93 2224.76 2784.95
41.2129 564.502 1136.72  1674.9 2228.72 2789.95
41.2855 565.502 1138.72  1677.9 2232.64 2794.95
41.3588 566.502 1140.72  1680.9 2236.61 2799.91
41.3588 567.513 1142.72  1683.9  2240.6 2804.91
 41.432 568.513 1144.72  1686.9 2244.56 2809.87
41.5047  569.51 1146.72  1689.9 2248.56  2814.8
41.5047  570.51 1148.75 1692.89 2252.54  2819.8
41.5772  571.51 1150.75 1695.89 2256.54 2824.72
41.6501  572.51 1152.75 1698.87 2260.54 2829.68
41.6501  573.51 1154.78 1701.86 2264.52 2834.68
41.6501  574.52 1156.78 1704.86 2268.52 2839.67
41.7205 575.492 1158.74 1707.86 2272.52 2844.67
41.7927 576.488 1160.74 1710.86 2276.46 2849.67
41.8653 577.488 1162.74 1713.83 2280.41 2854.67
41.9371 578.478 1164.74 1716.77 2284.41 2859.67
41.9371 579.478 1166.77 1719.76 2288.41 2864.65
41.9371 580.488 1168.77 1722.75 2292.41 2869.64
42.0096 581.488 1170.77 1725.75 2296.38  2874.6
42.0096 582.498 1172.77 1728.75 2300.38  2879.6
42.0096 583.498  1174.8 1731.75 2304.36 2884.58
42.0096 584.503 1176.82 1734.75 2308.36 2889.55
42.0096 585.513 1178.82 1737.75 2312.36 2894.55
42.0794 586.486 1180.78 1740.75 2316.36 2899.55
42.0794 587.486 1182.81 1743.74 2320.34 2904.55
42.1503 588.476 1184.81 1746.68 2324.34 2909.55
42.1503 589.476 1186.81 1749.68 2328.33 2914.55
42.1503 590.481 1188.83 1752.68 2332.33 2919.52
42.1503 591.487 1190.86 1755.68 2336.31 2924.52
42.1503 592.487 1192.89 1758.67 2340.29 2929.52
42.1503  593.49 1194.91 1761.65 2344.29 2934.52
42.1503  594.49 1196.94 1764.65 2348.27 2939.51
42.2205  595.48 1198.94 1767.59 2352.27 2944.51
42.2916  596.48 1200.94 1770.56 2356.22 2949.51
42.2916  597.49 1202.94 1773.56 2360.22 2954.51
42.3624  598.49 1204.94 1776.53 2364.17 2959.51
 42.433 599.488 1206.94 1779.53 2368.17 2964.44
 42.433 600.498 1208.94 1782.53 2372.16 2969.43
 42.433 601.498 1210.96 1785.52 2376.16 2974.42
 42.433 602.498 1212.99 1788.52 2380.14 2979.42
42.5036 603.498 1214.99 1791.49  2384.1 2984.42
42.5036 604.498 1217.02 1794.48 2388.08 2989.42
42.5036 605.503 1219.04 1797.48 2392.08 2994.39
42.5731 606.494 1221.04 1800.42 2396.08 2999.39
42.5731 607.497 1223.06  1803.4 2400.08 3004.39
 42.643 608.494 1225.06  1806.4 2404.08 3009.32
 42.643 609.494 1227.09 1809.39 2408.08  3014.3
 42.643 610.494 1229.12 1812.38 2412.06  3019.3
 42.643 611.494 1231.12 1815.38 2416.06  3024.3
 42.643 612.494 1233.15 1818.37 2420.04  3029.3
 42.643 613.504 1235.15 1821.37 2424.04  3034.3
42.7122 614.504 1237.15 1824.37 2428.04 3039.22
42.7122 615.509 1239.18 1827.37 2432.01 3044.22
 42.781 616.499 1241.18 1830.31 2436.01 3049.22
 42.781  617.51 1243.18 1833.31    2440 3054.22
42.8504  618.51 1245.18 1836.28    2444 3059.18
42.9194  619.51 1247.18 1839.28    2448  3064.1
42.9884  620.51 1249.19 1842.28    2452 3069.03
42.9884  621.51 1251.22 1845.28    2456 3074.01
42.9884  622.51 1253.24 1848.27    2460 3078.99
42.9884  623.51 1255.24 1851.27    2464 3083.99
43.0576  624.51 1257.24 1854.27 2467.96 3088.96
43.1267  625.51 1259.24 1857.24 2471.96 3093.91
43.1267 626.515 1261.27 1860.24 2475.96 3098.88
43.1267 627.515 1263.29 1863.23 2479.96 3103.87
43.1956 628.515 1265.29 1866.23 2483.93 3108.83
43.2637 629.505 1267.29 1869.17 2487.93 3113.83
43.2637  630.51 1269.32 1872.17  2491.9 3118.83
43.3316  631.51 1271.31 1875.11  2495.9 3123.83
43.3316 632.515 1273.33 1878.11  2499.9  3128.8
43.3316 633.518 1275.35 1881.09  2503.9  3133.8
43.3316 634.529 1277.35 1884.09  2507.9  3138.8
43.3316 635.534 1279.38 1887.09 2511.87  3143.8
43.3999 636.534 1281.38 1890.07 2515.83  3148.8
43.3999 637.543 1283.38 1893.06 2519.82  3153.8
43.4662 638.517 1285.34 1896.06 2523.82  3158.8
43.4662 639.517 1287.36 1899.06  2527.8  3163.8
43.4662 640.517 1289.39 1902.05  2531.8 3168.78
43.5334 641.517 1291.38 1904.99  2535.8 3173.78
43.6015 642.517 1293.38 1907.99 2539.77 3178.75
43.6015 643.526 1295.38 1910.98 2543.77 3183.74
43.6689 644.526 1297.39 1913.98  2547.7 3188.74
43.7362 645.526 1299.39 1916.98 2551.63 3193.74
43.8033 646.526 1301.38 1919.92 2555.63 3198.74
43.8708 647.522 1303.38 1922.92 2559.56 3203.74
43.9384  648.52 1305.38 1925.92 2563.56 3208.67
44.0057  649.52 1307.38 1928.92 2567.49 3213.67
44.0057 650.525  1309.4 1931.92 2571.47 3218.67
44.0732 651.522  1311.4 1934.92 2575.47 3223.61
44.0732 652.527 1313.43 1937.92 2579.44 3228.61
44.1405 653.523 1315.43 1940.92 2583.38 3233.61
44.1405 654.526 1317.45  1943.9 2587.38 3238.61
44.1405 655.526 1319.47 1946.89 2591.38 3243.59
44.2061   656.5 1321.43 1949.89 2595.38 3248.59
44.2061   657.5 1323.46 1952.88 2599.38 3253.57
44.2061 658.509 1325.46 1955.88 2603.37 3258.57
44.2734 659.509 1327.46 1958.88 2607.34 3263.54
44.2734 660.509 1329.49 1961.87 2611.34 3268.52
44.2734 661.519 1331.49 1964.87 2615.33 3273.52
  44.34 662.519 1333.49 1967.87 2619.26 3278.52
  44.34 663.528 1335.49 1970.87 2623.26 3283.51
44.4064 664.528 1337.49 1973.87 2627.19 3288.51
44.4734 665.528 1339.49 1976.85 2631.19 3293.47
44.4734 666.531 1341.51 1979.82 2635.19 3298.47
44.4734 667.531 1343.51 1982.83 2639.19 3303.47
44.5394 668.531  1345.5 1985.77 2643.19 3308.47
44.5394 669.541  1347.5 1988.77 2647.18 3313.47
 44.606 670.541  1349.5 1991.74 2651.14 3318.47
44.6718 671.541 1351.49 1994.68 2655.14 3323.47
44.6718 672.546 1353.52 1997.68 2659.14 3328.44
44.7385 673.546 1355.52 2000.68 2663.11 3333.41
44.7385 674.551 1357.54 2003.68 2667.11 3338.38
44.7385 675.561 1359.54 2006.68  2671.1 3343.38
44.7385 676.561 1361.56 2009.67 2675.08 3348.38
44.8043 677.561 1363.57 2012.67 2679.01 3353.38
44.8706 678.561 1365.57 2015.67 2682.98 3358.35
44.8706 679.563 1367.58 2018.65 2686.98 3363.35
44.8706 680.568 1369.61 2021.65 2690.98 3368.32
44.9367 681.568 1371.61 2024.63 2694.98 3373.28
44.9367 682.573 1373.63 2027.63 2698.98 3378.25
45.0019 683.564 1375.63 2030.57 2702.98 3383.25
 45.068 684.564 1377.63 2033.57 2706.95 3388.22
45.1335  685.56 1379.63 2036.57 2710.89 3393.22
45.1995  686.56 1381.63 2039.55 2714.89 3398.18
45.2647 687.551 1383.63 2042.49 2718.89 3403.18
45.2647  688.56 1385.63 2045.49 2722.89 3408.17
45.3301  689.56 1387.63 2048.49 2726.82 3413.17
45.3301 690.569 1389.63 2051.49 2730.82 3418.16
45.3301 691.572 1391.65 2054.47 2734.82 3423.16
45.3301 692.572 1393.68 2057.47  2738.8 3428.15
45.3301 693.572 1395.68 2060.47  2742.8 3433.15
45.3957 694.572 1397.68 2063.47 2746.77 3438.12
45.3957 695.574 1399.69 2066.45 2750.77 3443.12
45.4608 696.572 1401.69 2069.45 2754.77 3448.06
45.5254 697.572 1403.69 2072.39 2758.77 3453.06
45.5254 698.572 1405.69 2075.39 2762.77 3458.06
45.5902 699.572 1407.69 2078.39  2766.7 3463.06
45.5902 700.582 1409.69 2081.39 2770.69 3468.06
45.5902 701.591 1411.69 2084.39 2774.68 3473.06
45.5902   702.6 1413.69 2087.39 2778.68 3478.05
45.6552   703.6 1415.69 2090.37 2782.64 3483.05
45.7203   704.6 1417.69 2093.37  2786.6 3488.02
45.7836 705.575 1419.65 2096.37  2790.6 3493.02
45.8478 706.575 1421.64 2099.31  2794.6 3498.02
45.9126 707.573 1423.64 2102.31  2798.6 3502.96
45.9768 708.573 1425.64 2105.25  2802.6 3507.96
45.9768 709.576 1427.65 2108.23  2806.6 3512.96
46.0414 710.572 1429.65 2111.23 2810.54 3517.96
46.0414 711.576 1431.68 2114.23 2814.52 3522.96
46.1062 712.576 1433.68 2117.21 2818.48 3527.96
 46.171 713.576 1435.68 2120.18 2822.48 3532.92
 46.171 714.581  1437.7 2123.18 2826.45 3537.92
 46.171 715.591  1439.7 2126.18 2830.44 3542.92
 46.171 716.593 1441.71 2129.16 2834.44 3547.92
46.2348 717.593 1443.71  2132.1 2838.44 3552.92
46.2989 718.593 1445.71  2135.1 2842.38 3557.92
46.3635 719.593 1447.71  2138.1 2846.35 3562.88
46.3635 720.602 1449.71  2141.1 2850.35 3567.88
46.4263 721.577 1451.67  2144.1 2854.35 3572.88
46.4904 722.575 1453.67  2147.1 2858.35 3577.82
46.4904 723.575 1455.67  2150.1 2862.34 3582.82
46.4904 724.579 1457.69  2153.1 2866.32 3587.82
46.4904 725.588 1459.69  2156.1 2870.31 3592.82
46.5543 726.588  1461.7  2159.1 2874.31 3597.75
46.5543 727.588 1463.72 2162.09 2878.31 3602.73
46.6183 728.588 1465.72 2165.07 2882.31 3607.69
46.6183 729.598 1467.72 2168.07  2886.3 3612.69
46.6183 730.598 1469.75 2171.07 2890.29 3617.68
46.6806 731.573 1471.71 2174.07 2894.29 3622.68
46.6806 732.582 1473.71 2177.07 2898.28 3627.68
46.6806 733.582 1475.74 2180.07 2902.27 3632.67
46.6806 734.591 1477.74 2183.07 2906.26 3637.67
46.7439 735.587 1479.74 2186.07  2910.2 3642.67
46.8071 736.587 1481.74 2189.07 2914.13 3647.67
46.8691 737.563  1483.7 2192.07 2918.13 3652.67
46.9321 738.554  1485.7 2195.01 2922.13 3657.67
46.9321 739.554 1487.72    2198 2926.13 3662.65
46.9321 740.554 1489.75    2201 2930.12 3667.64
46.9953 741.551 1491.75    2204 2934.12 3672.58
46.9953 742.554 1493.77 2206.98 2938.12 3677.58
47.0582 743.554 1495.77 2209.98 2942.06 3682.58
 47.121 744.545 1497.77 2212.93 2946.06 3687.58
 47.121 745.545 1499.79 2215.93 2950.04 3692.57
 47.121  746.55 1501.81 2218.93 2954.02 3697.57
47.1838  747.55 1503.82 2221.93 2957.95 3702.57
47.1838 748.553 1505.83 2224.91 2961.95 3707.57
47.1838 749.555 1507.85 2227.89 2965.95 3712.57
47.2468 750.555 1509.85 2230.87 2969.91 3717.57
47.2468 751.555 1511.88 2233.87  2973.9 3722.56
47.3097 752.555 1513.88 2236.84 2977.86 3727.56
47.3097  753.56  1515.9 2239.84 2981.86 3732.53
47.3723 754.557  1517.9 2242.84 2985.86 3737.47
47.3723 755.557 1519.92 2245.83 2989.84 3742.47
47.4351 756.557 1521.92 2248.81  2993.8 3747.47
47.4972 757.557 1523.91 2251.75  2997.8 3752.47
47.5594 758.548 1525.91  2254.7  3001.8 3757.47
47.6219 759.546 1527.91  2257.7  3005.8 3762.41
47.6219 760.548 1529.93 2260.68  3009.8 3767.41
47.6219 761.553 1531.95 2263.68  3013.8 3772.39
47.6219 762.553 1533.98 2266.67  3017.8 3777.37
47.6219 763.562 1535.98 2269.67  3021.8 3782.37
 47.684 764.558 1537.98 2272.67 3025.74 3787.37
47.7461 765.558 1539.98 2275.67 3029.74  3792.3
47.7461 766.558    1542 2278.66 3033.74 3797.29
47.7461 767.567    1544 2281.66 3037.73 3802.29
47.8081 768.567 1546.01 2284.66 3041.73 3807.22
47.8081 769.571 1548.03 2287.66 3045.71 3812.22
47.8701 770.568 1550.03 2290.66 3049.71 3817.16
47.8701 771.577 1552.03 2293.66  3053.7 3822.16
47.8701 772.585 1554.03 2296.66  3057.7 3827.16
47.9322 773.585 1556.03 2299.66 3061.67 3832.13
47.9322 774.585 1558.03 2302.66 3065.67 3837.13
47.9943 775.585 1560.03 2305.66 3069.63  3842.1
48.0558 776.585 1562.03 2308.66 3073.57  3847.1
48.1172 777.577 1564.03 2311.61 3077.57  3852.1
48.1776 778.553 1565.99 2314.61 3081.57  3857.1
48.1776 779.557 1568.01 2317.61 3085.55  3862.1
48.2392 780.555 1570.01 2320.61 3089.55 3867.04
48.2392 781.563 1572.01 2323.61 3093.55 3872.03
48.3011 782.563 1574.01 2326.61 3097.52    3877
48.3627  783.56 1576.01 2329.61 3101.52 3881.94
48.4238  784.56 1578.01 2332.55 3105.52 3886.94
48.4238  785.56 1580.01 2335.55 3109.51 3891.94
48.4849 786.551 1582.01  2338.5 3113.51 3896.94
48.5463 787.551 1584.01  2341.5 3117.45 3901.94
48.5463  788.56 1586.01  2344.5 3121.44 3906.94
 48.608  789.56 1588.01  2347.5 3125.41 3911.91
 48.608 790.568 1590.01  2350.5 3129.41 3916.91
48.6692 791.568 1592.01  2353.5 3133.35 3921.91
48.7304 792.568 1594.01  2356.5 3137.35 3926.84
48.7304 793.577 1596.01  2359.5 3141.34 3931.84
48.7304 794.577 1598.04  2362.5 3145.33 3936.83
48.7916 795.574 1600.04  2365.5 3149.33 3941.77
48.7916 796.577 1602.05 2368.48 3153.33 3946.77
 48.853 797.577 1604.05 2371.48  3157.3 3951.74
48.9144 798.577 1606.05 2374.48 3161.27 3956.71
48.9757 799.577 1608.05 2377.45 3165.23 3961.71
48.9757 800.581 1610.07 2380.45 3169.21 3966.71
49.0366 801.581 1612.07 2383.45 3173.15 3971.71
49.0366 802.586 1614.09 2386.45 3177.12 3976.71
49.0974 803.586 1616.09 2389.45 3181.06 3981.71
49.0974 804.586 1618.09 2392.46 3185.06 3986.71
49.0974 805.586 1620.12 2395.45 3189.06  3991.7
 49.158 806.586 1622.12 2398.45    3193  3996.7
49.2175 807.562 1624.08 2401.45    3197  4001.7
49.2782 808.562 1626.08 2404.45 3200.93  4006.7
49.3392 809.562 1628.08 2407.42 3204.93 4011.66
49.3392 810.566  1630.1 2410.42 3208.93 4016.63
49.4001 811.566  1632.1  2413.4 3212.93  4021.6
49.4001 812.575  1634.1  2416.4 3216.93 4026.59
49.4001 813.584  1636.1  2419.4 3220.92 4031.59
49.4606  814.58  1638.1  2422.4 3224.86 4036.59
49.4606 815.584 1640.12  2425.4 3228.84 4041.59
49.5211 816.581 1642.12  2428.4 3232.84 4046.53
49.5818 817.581 1644.12 2431.38  3236.8 4051.53
49.6425 818.581 1646.12 2434.35 3240.77 4056.53
49.7026 819.573 1648.12  2437.3 3244.77 4061.53
49.7026 820.581 1650.12  2440.3 3248.76 4066.53
49.7026  821.59 1652.12  2443.3 3252.75 4071.53
49.7633  822.59 1654.12  2446.3 3256.72  4076.5
49.8236 823.586 1656.12  2449.3 3260.67  4081.5
49.8826 824.563 1658.09  2452.3 3264.67  4086.5
49.8826 825.567 1660.11  2455.3 3268.64  4091.5
49.9429 826.564 1662.11  2458.3 3272.64 4096.44
49.9429 827.564 1664.13  2461.3 3276.63 4101.44
50.0019 828.541 1666.09  2464.3 3280.63 4106.44
50.0019 829.541 1668.12 2467.29 3284.63 4111.43
50.0619 830.537 1670.12 2470.29 3288.57 4116.43
 50.122 831.535 1672.12 2473.29 3292.57 4121.37
 50.122 832.543 1674.12 2476.29 3296.56 4126.37
 50.122 833.545 1676.13 2479.27 3300.56 4131.37
50.1822 834.545 1678.13 2482.25 3304.56 4136.33
50.1822  835.55 1680.15 2485.25 3308.56 4141.31
50.2417  836.55 1682.14 2488.19 3312.56 4146.31
50.2417  837.55 1684.17 2491.19 3316.55 4151.31
50.2417  838.55 1686.17 2494.19 3320.54 4156.31
50.3014  839.55 1688.17 2497.19 3324.54 4161.25
50.3014  840.55 1690.19 2500.18 3328.54 4166.23
50.3607 841.541 1692.19 2503.13 3332.54 4171.23
50.3607 842.544 1694.21 2506.11 3336.54 4176.23
50.3607 843.546 1696.22 2509.09 3340.54 4181.23
50.3607 844.546 1698.22  2512.1 3344.54 4186.23
50.3607 845.554 1700.22  2515.1 3348.53 4191.23
50.4201 846.552 1702.22  2518.1 3352.53 4196.18
50.4201  847.56 1704.22  2521.1 3356.53 4201.17
50.4791 848.552 1706.22 2524.05 3360.53 4206.17
50.5384 849.548 1708.22 2527.05 3364.47 4211.17
50.5976 850.544 1710.22 2530.05 3368.42 4216.17
50.5976 851.544 1712.25 2533.04 3372.42 4221.16
50.5976 852.546 1714.26 2536.02 3376.42 4226.16
50.6568 853.543 1716.26 2539.02 3380.42  4231.1
50.7163 854.543 1718.26 2542.02 3384.39 4236.07
50.7758 855.543 1720.26 2545.02 3388.36 4241.04
50.7758 856.543 1722.29 2548.02 3392.34 4246.03
50.7758 857.543 1724.31 2551.01 3396.34 4251.02
50.7758 858.543 1726.31 2554.01 3400.34 4256.02
50.8344 859.543  1728.3 2556.96 3404.34 4261.02
50.8933 860.543  1730.3 2559.96 3408.28 4266.02
50.9525 861.543  1732.3 2562.94 3412.28 4270.98
50.9525 862.546 1734.32 2565.92 3416.28 4275.98
51.0117 863.546 1736.32 2568.92 3420.25 4280.95
51.0117 864.548 1738.33  2571.9 3424.25 4285.95
51.0705 865.544 1740.33  2574.9  3428.2 4290.95
51.0705 866.544 1742.33  2577.9 3432.19 4295.96
51.0705 867.544 1744.35  2580.9 3436.19 4300.94
51.0705 868.552 1746.35 2583.89 3440.19 4305.94
51.1291 869.549 1748.35 2586.89 3444.19 4310.88
51.1291 870.549 1750.35  2589.9 3448.19 4315.88
51.1291 871.549 1752.38 2592.89 3452.19 4320.87
51.1873 872.541 1754.38 2595.84 3456.19 4325.87
51.2457 873.541 1756.38 2598.84 3460.19 4330.81
51.2457 874.545  1758.4 2601.84 3464.19 4335.78
51.2457 875.552  1760.4 2604.84 3468.19 4340.78
51.2457 876.552  1762.4 2607.84 3472.19 4345.78
51.2457  877.56  1764.4 2610.83 3476.19 4350.78
51.2457  878.56 1766.42 2613.83 3480.19 4355.76
51.2457  879.56 1768.44 2616.82 3484.17 4360.76
51.3037  880.56 1770.44 2619.82 3488.11 4365.76
51.3615  881.56 1772.44 2622.77 3492.11 4370.76
51.4198  882.56 1774.44 2625.75 3496.08 4375.76
51.4778  883.56 1776.44 2628.75 3500.08  4380.7
51.5356  884.56 1778.43 2631.69 3504.08  4385.7
51.5356 885.564 1780.45 2634.69 3508.05  4390.7
51.5356 886.564 1782.47 2637.69 3512.04  4395.7
51.5356 887.572 1784.47 2640.69 3516.03  4400.7
51.5923  888.55 1786.44 2643.69 3520.03  4405.7
51.6505  889.55 1788.44 2646.69    3524 4410.67
51.7087  890.55 1790.44 2649.67    3528 4415.63
51.7087 891.553 1792.46 2652.67    3532 4420.61
51.7664  892.55 1794.46 2655.67 3535.95 4425.61
51.8239  893.55 1796.45 2658.62 3539.95 4430.61
51.8239  894.55 1798.45 2661.62 3543.95 4435.61
51.8817 895.547 1800.45 2664.62 3547.95 4440.56
51.8817 896.554 1802.45 2667.61 3551.95 4445.55
51.9393 897.554 1804.45 2670.61 3555.89 4450.55
51.9972 898.554 1806.45 2673.59 3559.89 4455.52
51.9972 899.558 1808.47 2676.59 3563.89  4460.5
52.0551 900.558 1810.47 2679.59 3567.86 4465.47
52.0551 901.558 1812.47 2682.59 3571.86 4470.47
52.1127 902.554 1814.47 2685.59  3575.8 4475.47
52.1701 903.554 1816.47 2688.59 3579.74 4480.47
 52.228 904.554 1818.47 2691.59 3583.72 4485.44
 52.228 905.558 1820.49 2694.59 3587.72 4490.42
52.2857 906.558 1822.49 2697.57 3591.72 4495.38
52.2857 907.558 1824.51 2700.57  3595.7 4500.38
52.3434 908.558 1826.51 2703.54  3599.7 4505.34
52.3997 909.536 1828.48 2706.54  3603.7 4510.34
52.3997 910.536 1830.48 2709.55  3607.7 4515.35
52.3997 911.543 1832.48 2712.54  3611.7 4520.34
52.4573 912.543 1834.48 2715.52  3615.7  4525.3
52.4573 913.547 1836.49 2718.52  3619.7 4530.28
52.4573 914.547 1838.52 2721.52 3623.68 4535.28
52.4573 915.549 1840.53  2724.5 3627.68 4540.28
52.5143 916.549 1842.53  2727.5 3631.62 4545.28
52.5143 917.557 1844.53  2730.5 3635.62 4550.28
52.5143 918.557 1846.53  2733.5 3639.62 4555.28
52.5143 919.559 1848.55 2736.48 3643.62 4560.28
52.5143 920.567 1850.55 2739.48 3647.61 4565.28
52.5701 921.545 1852.51 2742.48 3651.61 4570.28
52.6272 922.545 1854.51 2745.46 3655.61 4575.24
52.6272 923.553 1856.51 2748.46 3659.61 4580.24
52.6272 924.555 1858.53 2751.44 3663.61 4585.24
52.6836 925.555 1860.52 2754.39 3667.61 4590.24
52.6836 926.563 1862.52 2757.39  3671.6 4595.24
52.6836  927.57 1864.52 2760.39  3675.6 4600.24
52.6836 928.578 1866.52 2763.39 3679.59 4605.24
52.7405 929.578 1868.52 2766.39 3683.57 4610.21
52.7405 930.582 1870.54 2769.39 3687.54 4615.21
52.7405 931.584 1872.55 2772.37 3691.54 4620.21
52.7405 932.586 1874.57 2775.35 3695.54 4625.21
52.7405  933.59 1876.59 2778.35 3699.52 4630.21
52.7405  934.59 1878.61 2781.35 3703.52 4635.19
 52.797  935.59 1880.61 2784.35  3707.5 4640.17
52.8535  936.59 1882.61 2787.32 3711.46 4645.17
52.8535 937.594 1884.62 2790.32 3715.44 4650.17
52.8535 938.598 1886.64 2793.32 3719.42 4655.17
52.9094  939.59 1888.64 2796.28 3723.42 4660.17
52.9094 940.598 1890.64 2799.27 3727.41 4665.17
52.9094 941.606 1892.64 2802.27  3731.4 4670.16
52.9094 942.613 1894.64 2805.27  3735.4 4675.16
52.9653 943.609 1896.64 2808.27 3739.35 4680.16
53.0213 944.606 1898.64 2811.27 3743.35 4685.11
53.0213 945.614 1900.64 2814.27 3747.35  4690.1
53.0213 946.614 1902.66 2817.27 3751.34 4695.09
53.0213 947.614 1904.69 2820.26 3755.34 4700.08
53.0213 948.614 1906.69 2823.26 3759.34 4705.08
53.0213 949.614 1908.71 2826.26 3763.32 4710.08
53.0771 950.614 1910.71 2829.23 3767.29 4715.08
53.1325 951.614  1912.7 2832.19 3771.29 4720.08
53.1881  952.61  1914.7 2835.19 3775.24 4725.08
53.2438  953.61  1916.7 2838.19 3779.24 4730.02
53.2438 954.614 1918.72 2841.19 3783.21 4735.02
53.2993 955.614 1920.72 2844.19 3787.16 4740.02
53.3552 956.614 1922.72 2847.19 3791.13 4744.99
53.3552 957.617 1924.74 2850.19 3795.13 4749.97
53.4105 958.609 1926.74 2853.14 3799.13 4754.97
 53.465 959.588  1928.7 2856.14 3803.13 4759.97
 53.465 960.592 1930.72 2859.14 3807.13 4764.95
 53.465 961.599 1932.72 2862.14 3811.12 4769.95
53.5204 962.599 1934.72 2865.14 3815.12 4774.89
53.5204 963.607 1936.72 2868.14 3819.12 4779.89
53.5204 964.615 1938.72 2871.14 3823.11 4784.89
53.5757 965.611 1940.72 2874.14 3827.06 4789.89
53.5757 966.611 1942.72 2877.14 3831.06 4794.89
53.6311 967.611 1944.72 2880.12 3835.06 4799.86
53.6854  968.59 1946.69 2883.12 3839.06 4804.86
53.6854  969.59 1948.69 2886.12 3843.05 4809.86
53.6854  970.59 1950.69 2889.12 3847.05 4814.86
53.7405 971.586 1952.69 2892.12    3851 4819.86
53.7958 972.586 1954.69  2895.1    3855 4824.83
53.8513 973.586 1956.69  2898.1 3858.97  4829.8
53.9063 974.586 1958.69  2901.1 3862.91  4834.8
53.9063 975.593 1960.69  2904.1 3866.91  4839.8
53.9611 976.585 1962.69 2907.05 3870.91  4844.8
54.0165 977.585 1964.69 2910.05 3874.89 4849.77
54.0165 978.585 1966.71 2913.05 3878.88 4854.76
54.0165 979.585 1968.73 2916.04 3882.88 4859.75
54.0718 980.585 1970.73 2919.04 3886.85 4864.72
 54.127 981.585 1972.73 2922.02 3890.85 4869.68
54.1817 982.585 1974.73 2924.97 3894.85 4874.68
54.1817 983.592 1976.73 2927.97 3898.84 4879.68
54.1817 984.596 1978.74 2930.97 3902.82 4884.68
54.1817   985.6 1980.76 2933.97 3906.82 4889.66
54.2362 986.592 1982.76 2936.93 3910.82 4894.66
54.2362 987.599 1984.76 2939.93 3914.81 4899.66
  54.29 988.578 1986.73 2942.93 3918.81 4904.66
  54.29 989.578 1988.75 2945.93  3922.8 4909.65
54.3446 990.578 1990.75 2948.93 3926.75 4914.65
54.3992 991.578 1992.75 2951.93 3930.69 4919.65
54.3992 992.578 1994.77 2954.92 3934.69 4924.64
54.3992  993.58 1996.79  2957.9 3938.69 4929.64
54.3992 994.587 1998.79  2960.9 3942.69 4934.64
54.4534 995.579 2000.79 2963.85 3946.69 4939.64
54.5079 996.579 2002.79 2966.85 3950.69 4944.58
54.5079 997.579 2004.81 2969.85 3954.68 4949.58
54.5079 998.579 2006.83 2972.84 3958.68 4954.57
54.5079 999.579 2008.85 2975.84 3962.67 4959.56
54.5625 1000.58 2010.85 2978.82 3966.63 4964.56
54.5625 1001.58 2012.87 2981.82 3970.62 4969.55
54.6165 1002.58 2014.86 2984.77 3974.62 4974.55