      3       2       3       4       3       6
      3     3.5       5       7       7    10.5
    4.2     4.5       7      10     9.8    15.5
5.19057     5.5 8.65094 12.3585    13.8    20.5
6.24858     6.5 10.4143 15.3585    17.8 24.6786
6.24858     7.5 12.5654 18.5308 21.4766 29.6786
7.08519     8.5 14.2477 21.0118 25.4766 34.6786
7.08519     9.5 16.2849 24.0162 29.4766 39.6371
7.08519 10.7084 18.2849 27.0162 33.2262 44.6791
7.80468 11.7084 20.2849 29.7596 37.2262 49.2162
8.48602 12.7306 22.2849 32.7596 41.2262 53.5127
9.20246 13.7306 24.2849 35.5254 45.2262 58.0305
9.90633 14.7306 26.1424 38.5254 49.2262 62.4691
10.4916 15.6008 27.6869 41.5254 53.2262 67.4691
10.4916 16.6008 29.7221 44.5777 57.1386 72.4691
11.0771 17.5274 31.7221 47.0657 61.1386 77.4691
11.7166 18.5274 33.5533 50.0657  64.668 82.4691
12.2675 19.3986 35.1311 53.0657  68.668 87.4691
12.9098 20.3986 37.1311 55.8439  72.668 92.0486
13.4596 21.2674 38.7125 58.8439  76.668 97.0486
14.0921 22.2674 40.7125  61.609 80.2705 102.049
14.0921 23.3555 42.7019  64.609  84.193 107.049
14.6918 24.3555 44.5192  67.609  87.776 112.049
15.2966 25.3555 46.5192 70.3919  91.776 116.661
15.9013 26.3555 48.5192 73.1749  95.776 121.273
15.9013 27.3555 50.5161 76.1867  99.776 126.264
15.9013 28.3555 52.5161 79.2117 103.738 131.278
16.4555 29.3555 54.3465 82.2117 107.353 136.278
16.4555 30.4215 56.3465  85.197 111.353 141.226
16.4555 31.4937 58.3465 88.1999 115.278 146.226
16.4555 32.5686 60.3465 91.1999 119.212 151.217
16.9633 33.5686 62.3465 94.0139 122.891 156.217
 17.471 34.5686 64.3465 96.8279 126.569 161.217
17.9404 35.4974 66.3465 99.4296 130.569 166.217
18.4469 36.4974 68.3465 102.237 134.255 171.217
18.4469 37.4974 70.3465 105.246 138.207 176.257
18.4469 38.4974 72.3458 108.237 142.207 181.266
18.8937 39.4297 74.3458 110.858 146.207 186.266
18.8937 40.4936 76.3458 113.849 150.152 191.266
19.3112 41.3886 78.0332 116.849 154.152 196.266
19.3112 42.4476 80.0299 119.849 158.096 201.266
19.7651 43.4476 82.0299 122.666 162.096 205.996
19.7651 44.4476 84.0299 125.665  166.06 211.033
19.7651 45.4476 86.0344 128.665 170.021 216.067
19.7651 46.5041 88.0344 131.656 173.973 221.067
20.1764 47.4719 90.0344 134.656 177.594 226.067
20.6013 48.4719 92.0344 137.492 181.334 231.067
21.0002 49.4106 94.0344 140.154 185.334 236.067
21.4113 50.3779 96.0344 143.154 189.334 240.688
21.4113  51.419 98.0191 146.154 193.334 245.663
21.4113 52.4713 100.019 149.145  197.29 250.663
21.4113 53.5151 102.009 152.112  201.29 255.663
21.4113 54.5649  104.01 155.112 205.239 260.663
21.4113 55.5649  106.01 158.109 209.205 265.699
21.7862 56.5378  108.01 161.109 213.205 270.352
22.1611 57.5107  110.01 164.109 217.205 275.004
22.5247 58.4544  112.01 166.802 221.205 280.004
22.8884  59.398  114.01 169.495 225.205 285.004
22.8884 60.4374 116.005  172.46 229.205 290.004
23.2562 61.4087 118.005  175.46 233.205 294.665
23.6138  62.353 120.005 178.159 237.205 299.665
23.9904  63.353 122.005     181 240.988 304.665
23.9904  64.353 124.023 183.994 244.975 309.665
23.9904 65.3909 126.023 186.962 248.975 314.659
24.3245 66.3016 127.778 189.962 252.975 319.659
24.6713 67.2468 129.778  192.67 256.975 324.659
24.6713 68.2468 131.784 195.647 260.975 329.676
24.6713 69.2826 133.784 198.647 264.935  334.68
24.6713 70.2826  135.79 201.647 268.909 339.699
  25.02 71.2826  137.79 204.497 272.909 344.501
  25.02 72.3169  139.79 207.464 276.909 349.499
25.3483 73.2659  141.79 210.187 280.909 354.499
25.3483 74.2997  143.79 213.187 284.873 359.502
25.3483 75.3338 145.792 216.187 288.838 364.502
25.3483 76.3629 147.783 219.187 292.838 369.481
25.3483 77.4012 149.783 222.167 296.819 374.481
25.3483 78.4352 151.784 225.167 300.784 379.481
 25.663  79.409 153.784 228.167 304.784 384.192
 25.663 80.4464 155.784 231.148 308.766 389.192
 25.663 81.4791 157.784 234.115 312.766 394.192
 25.663 82.5123 159.784 237.084 316.766 399.191
25.9745 83.5123 161.784 240.084  320.61 404.035
25.9745 84.5493 163.784 243.065 324.592 409.035
25.9745 85.5493 165.792 246.065  328.57 414.049
25.9745 86.5779 167.785 249.065  332.57 419.027
25.9745 87.6144 169.785 252.047 336.552 424.027
26.2703 88.6144 171.785 254.918 340.385 429.027
26.2703 89.6462 173.785 257.886 344.385 434.027
26.5641 90.6462 175.785 260.886 348.237 438.881
26.8541 91.6462 177.704 263.886 352.237 443.672
27.1435 92.6462 179.619 266.886 356.033 448.672
27.4287 93.6197 181.619 269.886 359.774 453.672
27.7181 94.6197 183.535 272.886 363.569 458.672
27.7181 95.6471 185.527 275.886 367.569 463.652
28.0071 96.6471 187.527 278.763 371.403 468.652
28.0071 97.6772 189.526 281.735 375.403 473.652
28.2905 98.6772 191.444 284.735 379.201 478.652
28.2905 99.7074 193.444 287.707 383.201 483.649
 28.575 100.707 195.444 290.707 387.054 488.512
28.8471 101.667 197.444 293.476 391.054 493.512
29.1245 102.644 199.444 296.476 395.054 498.257
29.4047 103.644 201.363 299.476 398.855 503.257
29.4047 104.678 203.363 302.463 402.834 508.257
29.4047 105.708 205.363 305.463   406.8 513.261
29.4047 106.708 207.368 308.446   410.8 518.273
29.6744 107.708  209.27 311.275   414.8 523.273
29.6744 108.708 211.276 314.275 418.776  528.29
29.6744 109.737 213.275 317.248 422.776  533.29
29.9392 110.737 215.179 320.079 426.776  538.29
 30.203 111.713 217.179 323.079 430.537  543.29
30.4675 112.691 219.179 326.079 434.537 548.047
30.7272 113.651 221.179 328.859 438.537 553.047
30.9794 114.584 222.994 331.859 442.537 558.047
31.2428 115.558 224.994 334.859 446.299 563.047
31.5062 116.532 226.994 337.859 450.062 568.047
31.7582 117.465 228.809 340.859 454.062 573.047
31.7582  118.49 230.807 343.835 458.062 578.047
32.0201  119.49  232.71  346.67 462.062 583.047
32.0201  120.49 234.714  349.67 466.039 588.066
32.0201 121.515 236.714 352.644 470.039 593.068
32.0201 122.515 238.717 355.644 474.017 598.086
32.2643  123.45 240.538 358.644 478.017 603.086
32.2643 124.476 242.538 361.644 481.991 608.086
 32.523 125.476 244.538 364.644 485.856 612.963
 32.523 126.505 246.538 367.633 489.839 617.963
32.7737 127.479 248.538 370.633 493.613 622.963
33.0243 128.454 250.538 373.633 497.388 627.963
33.0243 129.478 252.535 376.612 501.388 632.963
33.0243 130.478 254.536 379.596 505.388 637.978
33.2675 131.439 256.536 382.392 509.388 642.978
33.2675 132.463 258.536 385.392 513.356 647.986
33.5181 133.463 260.536 388.392 517.223 652.868
33.5181 134.487 262.536 391.392 521.191 657.876
33.5181 135.512 264.537 394.392 525.164 662.876
33.5181 136.512 266.537 397.382 529.147 667.903
33.7633 137.512 268.537 400.382 533.017 672.788
34.0035 138.512 270.448 403.231 537.017 677.788
34.2438 139.512 272.359  406.08 541.017 682.788
34.2438 140.512 274.359  409.07     545 687.815
34.4843 141.512 276.286  412.07     549 692.647
34.4843 142.535 278.284 415.049     553 697.647
34.7116 143.474 280.118 418.049     557 702.647
34.9504 144.474 282.045 421.049     561 707.481
34.9504 145.496 284.045 424.026     565 712.483
34.9504 146.496 286.045 427.017 568.985 717.508
34.9504 147.517 288.045 429.993 572.985  722.51
35.1786 148.481 290.045 432.802 576.985  727.51
35.1786 149.481 292.046 435.802 580.965 732.528
35.4084 150.457 294.046 438.802 584.759 737.528
35.6351  151.42 296.046 441.612 588.759 742.528
35.6351 152.445 298.046 444.601 592.745 747.528
35.6351 153.466 300.046 447.577 596.745 752.532
35.6351 154.487 302.046 450.577 600.716  757.54
35.6351 155.487 304.046 453.561 604.716 762.556
35.6351  156.51 306.046 456.561 608.693 767.556
35.8497 157.452 307.889 459.561 612.693 772.556
36.0643 158.394 309.731 462.561 616.693 777.556
36.0643 159.412 311.721 465.561 620.693  782.55
36.0643 160.434 313.719 468.561 624.673  787.55
36.0643 161.451 315.708 471.561 628.673 792.543
36.2864 162.451 317.708 474.466 632.546 797.543
 36.502 163.416 319.708 477.285 636.546 802.543
 36.502 164.433 321.698 480.285 640.546 807.537
 36.502 165.454 323.695 483.267 644.546 812.537
36.7199 166.454 325.627 486.267 648.546 817.387
36.9399 167.454 327.627 489.267  652.43 822.283
36.9399 168.473 329.627 492.244  656.43 827.286
36.9399  169.49 331.617 495.244  660.43  832.28
36.9399  170.49 333.617 498.233 664.417 837.304
 37.154  171.49 335.551 501.233 668.268 842.304
 37.154 172.513 337.551 504.224 672.255 847.304
37.3668 173.513 339.484 507.224 676.255 852.157
37.5811 174.513 341.484 510.132 680.132 857.157
37.7847 175.459 343.335 513.132 684.132 862.157
37.7847 176.479 345.331 516.115 688.132 867.157
37.9941 177.457 347.331 519.115 691.945 872.157
37.9941 178.457 349.331 522.106 695.931 877.181
38.2063 179.457 351.331 525.106 699.819 882.081
38.4148 180.436 353.331 528.106 703.819 886.894
38.4148 181.436 355.337 531.104 707.815 891.894
38.6194 182.402 357.337 533.933 711.815 896.894
38.6194 183.424 359.337 536.924 715.802 901.894
38.8274 184.424 361.272 539.924 719.802 906.751
39.0354 185.424 363.207 542.924 723.802 911.608
39.2433 186.424 365.143 545.924 727.802 916.465
39.4468  187.39 367.143 548.754 731.802 921.465
39.4468 188.406 369.132 551.754 735.802 926.459
39.6536 189.406 371.068 554.754  739.66 931.459
39.8583 190.384 373.068 557.754 743.477 936.459
39.8583 191.384 375.067 560.754 747.461 941.477
39.8583 192.401 377.067 563.754 751.436 946.484
 40.063 193.401 379.003 566.754 755.295 951.484
40.2655 194.379 381.003 569.754 759.114 956.484
40.2655 195.398 382.999 572.739 763.114 961.484
40.2655 196.398 384.997 575.726 767.114 966.499
40.2655 197.413 386.987 578.726 771.114 971.494
40.4671 198.413 388.924 581.726 775.114 976.356
40.4671 199.432 390.922 584.726 779.097 981.356
40.4671 200.449 392.922 587.707 783.097 986.358
40.6678 201.449 394.922 590.622 786.981 991.358
40.8683 202.449 396.922 593.534 790.981 996.246
41.0695 203.449 398.922 596.534 794.875 1001.15
41.0695 204.449 400.922 599.526 798.862 1006.17
41.0695 205.466 402.922 602.526 802.837 1011.18
41.0695 206.485 404.918 605.512 806.837 1016.18
41.0695 207.485 406.916 608.499 810.837 1021.19
41.0695 208.485 408.922 611.498 814.833 1026.19
41.2642 209.485 410.861 614.498 818.833 1031.06
41.4571 210.464 412.861 617.498 822.661 1036.06
41.6518 211.464   414.8 620.498 826.661 1040.93
41.8477 212.464   416.8 623.416 830.548 1045.93
41.8477 213.481   418.8 626.416 834.524 1050.93
42.0397  214.46   420.8 629.416 838.352 1055.93
42.2351  215.46   422.8 632.416 842.249 1060.84
42.4289  216.46  424.74 635.416 846.115 1065.84
42.6151  217.41 426.604 638.416 850.115 1070.84
42.6151 218.427 428.604 641.416  854.09 1075.85
42.8064 219.407 430.604 644.416  858.09 1080.68
42.9993 220.407 432.545 647.416 861.957 1085.68
42.9993 221.424 434.545 650.416 865.933 1090.68
43.1838 222.374  436.41 653.416 869.933 1095.68
43.1838 223.391 438.405 656.403 873.933 1100.68
 43.375 224.391 440.346 659.403 877.801 1105.68
 43.375  225.41 442.346 662.398 881.787 1110.68
 43.375 226.427 444.341 665.386 885.787 1115.68
43.5652 227.427 446.341 668.303 889.787 1120.58
 43.753 228.407 448.341 671.303 893.787 1125.41
 43.753 229.424 450.336 674.291 897.787 1130.41
43.9398 230.404 452.336 677.291 901.621 1135.41
43.9398 231.404 454.336 680.286 905.607 1140.43
43.9398 232.417 456.327 683.286 909.607 1145.42
43.9398 233.434 458.322 686.274 913.607 1150.42
 44.126 234.434 460.265 689.274 917.479 1155.42
 44.126 235.434 462.261 692.264 921.479 1160.44
44.3113 236.434 464.203 695.264 925.479 1165.31
 44.495 237.414 466.203 698.264 929.315 1170.31
44.6766 238.383 468.203 701.114 933.315 1175.31
44.6766 239.396 470.193 704.114 937.315 1180.31
44.8595 240.376 472.193 707.114 941.152 1185.31
45.0427 241.376 474.122 710.002 945.152 1190.31
45.0427 242.376 476.119 712.992 949.152 1195.32
45.2274 243.376 478.119 715.915 953.044 1200.32
45.4096 244.357 480.119 718.915 957.044 1205.16
45.5918 245.337 482.119 721.915 960.882 1210.16
45.5918 246.354 484.117 724.915 964.866 1215.16
45.7757 247.354 486.117 727.839 968.758 1220.16
45.9519 248.306 487.989 730.839 972.758 1225.16
45.9519 249.322 489.985 733.828 976.758 1230.16
45.9519 250.322 491.981 736.819 980.758 1235.17
45.9519 251.335 493.981 739.803 984.758 1240.17
45.9519 252.335 495.978 742.793 988.758 1245.18
45.9519 253.353 497.978 745.788 992.745 1250.18
45.9519 254.353 499.982  748.79  996.74 1255.18
45.9519 255.368 501.978 751.778 1000.74 1260.18
46.1305 256.368 503.978 754.701 1004.74 1265.08
46.3094 257.368 505.978 757.627 1008.63 1270.08
46.3094 258.384 507.974 760.616 1012.63 1275.08
46.3094 259.384 509.978 763.616 1016.63 1280.08
46.3094 260.384 511.977 766.616 1020.61  1285.1
46.3094 261.384 513.977 769.611  1024.6 1290.12
46.4846 262.384 515.921 772.611  1028.6    1295
46.4846 263.396 517.912 775.611  1032.6    1300
46.4846 264.411 519.908   778.6  1036.6    1305
46.6574 265.411  521.84 781.494  1040.6    1310
46.8321 266.411  523.84 784.421  1044.5    1315
47.0047 267.393  525.84 787.421  1048.5 1319.84
47.0047 268.393 527.839 790.421 1052.48 1324.86
47.0047 269.393 529.837 793.421 1056.47 1329.87
47.1773 270.393 531.783 796.421 1060.47 1334.76
47.1773 271.407 533.783 799.421 1064.45 1339.76
47.3492 272.407 535.728 802.421 1068.45 1344.65
47.5152 273.362 537.607 805.421 1072.45 1349.65
47.6813 274.318 539.485 808.421 1076.45 1354.65
47.8538 275.318 541.485 811.347 1080.45 1359.55
47.8538 276.334 543.485 814.342 1084.44 1364.55
48.0259 277.334 545.485  817.27 1088.34 1369.55
48.1961 278.334 547.419 820.167 1092.34 1374.55
48.3686 279.334 549.419 823.167 1096.24 1379.47
48.5399 280.334 551.365 826.167 1100.13 1384.47
48.5399 281.348 553.365 829.167 1104.11 1389.48
48.7095 282.348 555.298 832.064 1108.11 1394.48
48.8808 283.348 557.298 834.989 1112.11 1399.38
48.8808 284.348 559.294  837.98 1116.11 1404.39
48.8808 285.361 561.294 840.965 1120.11 1409.39
48.8808 286.375  563.29 843.955 1124.11 1414.39
48.8808 287.391 565.287 846.955 1128.09 1419.39
 49.049 288.391 567.233 849.955 1132.09 1424.28
49.2117 289.347 569.114 852.955 1136.09 1429.28
49.2117 290.363 571.112 855.955 1140.08 1434.28
 49.378 291.344 573.112 858.955 1143.93 1439.28
 49.378 292.344 575.114 861.956 1147.93 1444.28
 49.378 293.359 577.112 864.956 1151.92 1449.28
 49.378 294.374 579.107 867.947 1155.92 1454.28
 49.378 295.386 581.107 870.932 1159.92 1459.28
 49.378 296.386 583.104 873.932  1163.9  1464.3
49.5436 297.386 585.104 876.863 1167.81  1469.3
49.5436 298.386 587.102 879.863 1171.79 1474.31
49.5436 299.386 589.098 882.854 1175.79 1479.33
49.5436 300.402 591.098  885.85 1179.78 1484.33
49.7039 301.374 593.098 888.717 1183.78 1489.33
49.8679 302.374 595.098 891.648 1187.69 1494.33
50.0299 303.357 597.098 894.648 1191.69 1499.18
50.1931 304.357 599.045 897.648 1195.69 1504.07
50.1931 305.371 601.041 900.639 1199.69 1509.07
50.1931 306.371 603.037  903.63 1203.69 1514.08
50.3541 307.353 605.037  906.63 1207.69 1518.94
50.3541 308.353 607.033 909.622 1211.69 1523.95
50.5105 309.311 608.919 912.622 1215.69 1528.95
50.5105 310.311 610.917 915.622 1219.67 1533.97
50.5105 311.326 612.917 918.617 1223.66 1538.97
50.6699 312.309 614.917 921.617 1227.66 1543.82
50.6699  313.32 616.907 924.617 1231.66 1548.82
50.6699  314.32 618.905 927.617 1235.65 1553.84
50.6699  315.32 620.902 930.617 1239.64 1558.85
50.8296  316.32 622.902  933.55 1243.55 1563.85
50.8296  317.32 624.902 936.545 1247.54 1568.87
50.8296 318.332 626.902 939.531 1251.54 1573.87
50.9866 319.315 628.902 942.531 1255.54 1578.73
51.1456 320.315 630.902 945.531 1259.45 1583.65
 51.301 321.288 632.902 948.403 1263.45 1588.65
 51.301 322.298 634.893 951.403 1267.45 1593.65
 51.301 323.313 636.891 954.403 1271.44 1598.65
 51.301 324.327 638.889 957.403 1275.43 1603.65
51.4563 325.309 640.889 960.403 1279.29 1608.65
51.4563 326.309 642.891 963.403 1283.29 1613.65
51.4563  327.32 644.882 966.403 1287.29 1618.65
51.6119  328.32 646.832 969.403 1291.29 1623.55
51.6119 329.332 648.832 972.403 1295.27 1628.55
51.6119 330.332 650.832 975.398 1299.26 1633.57
51.7666 331.332 652.783 978.398 1303.26 1638.46
51.9187 332.305 654.783 981.273 1307.26 1643.46
51.9187 333.305 656.785 984.273 1311.26 1648.46
51.9187 334.305 658.785 987.268 1315.25 1653.48
51.9187 335.305 660.782 990.268 1319.23 1658.49
52.0711 336.305 662.723 993.175 1323.23 1663.49
52.0711 337.305 664.723  996.17 1327.22 1668.51
52.0711 338.305 666.725  999.17 1331.22 1673.51
52.2189 339.265 668.617 1002.17 1335.22 1678.51
52.2189 340.265 670.619 1005.17 1339.22 1683.51
52.2189 341.276  672.61 1008.17 1343.22 1688.51
52.3704 342.276 674.561 1011.17 1347.12 1693.51
52.3704 343.287 676.561 1014.16 1351.12 1698.51
52.5223 344.287 678.561 1017.16 1355.04 1703.44
52.5223   345.3 680.559 1020.16 1359.02 1708.44
52.5223 346.312 682.559 1023.16 1363.01 1713.44
52.5223 347.312 684.561 1026.16    1367 1718.44
52.6727 348.312 686.561  1029.1 1370.92 1723.44
52.6727 349.312 688.558  1032.1 1374.91 1728.46
52.8226 350.312 690.558 1035.03 1378.82 1733.46
52.8226 351.312 692.554 1038.02 1382.82 1738.47
52.8226 352.326 694.554 1041.02 1386.81 1743.47
52.8226 353.337 696.554 1044.01 1390.81 1748.47
52.9711 354.337 698.554 1046.94 1394.81 1753.39
53.1184 355.337 700.496 1049.85 1398.81 1758.39
53.1184 356.349 702.493 1052.84 1402.81 1763.39
53.2664 357.349 704.493 1055.78 1406.81  1768.3
53.4141 358.349 706.445 1058.78 1410.71  1773.3
53.5594 359.324 708.445 1061.66 1414.71  1778.3
53.5594 360.324 710.445 1064.65  1418.7 1783.32
53.7072 361.324 712.445 1067.59 1422.61 1788.32
53.8552 362.324 714.445 1070.59 1426.54 1793.25
54.0001 363.299 716.445 1073.47 1430.54 1798.25
54.0001 364.309 718.445 1076.46 1434.54 1803.25
54.0001  365.32 720.445 1079.45 1438.54 1808.25
54.0001  366.32 722.448 1082.45 1442.53 1813.25
54.0001  367.32 724.445 1085.45 1446.52 1818.27
54.1448 368.304 726.445 1088.45 1450.52 1823.14
54.2896 369.304 728.388 1091.36 1454.52 1828.14
54.2896 370.317 730.386 1094.36 1458.51 1833.14
54.2896 371.331 732.386 1097.35  1462.5 1838.14
54.4349 372.331 734.386 1100.29  1466.5 1843.06
54.4349  373.34 736.378 1103.29  1470.5 1848.06
54.5802  374.34 738.378 1106.29 1474.43 1852.99
54.5802  375.34 740.376 1109.29 1478.42    1858
54.7242  376.34  742.33 1112.29 1482.32    1863
54.8683  377.34 744.284 1115.29 1486.22    1868
54.8683  378.35 746.275 1118.29 1490.22    1873
54.8683 379.362 748.272 1121.28 1494.22    1878
 55.012 380.362 750.272 1124.22 1498.22 1882.92
55.1558 381.362 752.272 1127.16 1502.14 1887.92
55.2984 382.362 754.216 1130.07 1506.14 1892.92
55.2984 383.362 756.213 1133.06 1510.14 1897.93
55.2984 384.374 758.209 1136.05 1514.14 1902.93
55.2984 385.387 760.206 1139.04 1518.14 1907.93
55.4398 386.387  762.15 1141.96 1522.14 1912.93
55.5813 387.387 764.095 1144.87 1526.14 1917.93
55.7227 388.387  766.04 1147.79 1530.14 1922.93
55.8649 389.387 767.994 1150.79 1534.04 1927.93
 56.003 390.349 769.893 1153.79 1538.04 1932.93
56.1459 391.349 771.893 1156.79 1541.96 1937.86
 56.287 392.333 773.893 1159.79 1545.84 1942.86
56.4292 393.333 775.847 1162.79 1549.74 1947.86
56.4292 394.343 777.847 1165.77 1553.74 1952.86
56.4292 395.353 779.847 1168.76 1557.74 1957.87
56.4292 396.365 781.844 1171.75 1561.74 1962.87
56.5663 397.329 783.743 1174.75 1565.74 1967.87
56.7052 398.304 785.743 1177.64 1569.74 1972.87
56.8463 399.304 787.698 1180.64 1573.65 1977.87
56.9873 400.304 789.651 1183.64 1577.65 1982.77
57.1288 401.304 791.651 1186.58 1581.57 1987.77
57.2702 402.304 793.651 1189.51 1585.57 1992.69
57.4103 403.288 795.651 1192.51 1589.44 1997.69
57.4103 404.301 797.651 1195.51 1593.43 2002.69
57.4103 405.301 799.653 1198.51 1597.43 2007.69
57.5467 406.264 801.553 1201.51 1601.43 2012.69
57.6874 407.264 803.553 1204.45 1605.43 2017.62
 57.827 408.264 805.498 1207.36 1609.43 2022.62
57.9678 409.264 807.498  1210.3 1613.35 2027.62
58.1081 410.264 809.452  1213.3 1617.35 2032.52
58.2463  411.24 811.452 1216.19 1621.35 2037.52
58.3827 412.203 813.353 1219.19 1625.35 2042.52
58.5221 413.187 815.353 1222.19 1629.35  2047.4
58.5221 414.199  817.35 1225.19 1633.34  2052.4
58.5221  415.21  819.35 1228.19 1637.33  2057.4
58.6611  416.21 821.295  1231.1 1641.33  2062.4
58.7997 417.193 823.295  1234.1 1645.21  2067.4
58.9396 418.193 825.295 1237.04 1649.21 2072.33
  59.08 419.193 827.295 1240.04 1653.13 2077.26
  59.08 420.193 829.296 1243.04 1657.13 2082.26
  59.08 421.193 831.292 1246.03 1661.13 2087.27
  59.08 422.205 833.289 1249.03 1665.12 2092.27
59.2185 423.205 835.244 1252.03 1669.12 2097.18
59.2185 424.205  837.24 1255.03 1673.11 2102.19
59.2185 425.205  839.24 1258.03  1677.1 2107.21
59.2185 426.216 841.237 1261.02  1681.1 2112.21
59.3562 427.216 843.192 1264.02 1685.01 2117.21
59.3562 428.225 845.183 1267.02 1689.01 2122.21
59.3562 429.225 847.179 1270.01 1693.01 2127.22
59.4939 430.225 849.179 1273.01 1696.94 2132.15
59.6316 431.225 851.179 1276.01 1700.86 2137.09
59.6316 432.225 853.176 1279.01 1704.85  2142.1
59.7662 433.201 855.176  1281.9 1708.85  2147.1
59.7662 434.211 857.176  1284.9 1712.84 2152.11
59.7662 435.223 859.172 1287.89 1716.84 2157.11
59.9023 436.223 861.128 1290.89 1720.75 2162.11
59.9023 437.223 863.128 1293.89 1724.74 2167.12
59.9023 438.234 865.125 1296.89 1728.73 2172.12
60.0358 439.211 867.125 1299.78 1732.73 2177.12
60.1704 440.196 869.125 1302.78 1736.73    2182
60.3065 441.196 871.125 1305.78 1740.66 2186.94
60.4413 442.196 873.072  1308.7 1744.66 2191.94
60.4413 443.205 875.072 1311.68 1748.66 2196.94
60.4413 444.205 877.072 1314.68 1752.65 2201.96
60.5754 445.205 879.019  1317.6 1756.65 2206.96
60.7107 446.205 881.019 1320.54 1760.57 2211.96
60.7107 447.215 883.019 1323.54 1764.56 2216.96
60.7107 448.225 885.019 1326.54 1768.54 2221.97
60.8454 449.225 887.019 1329.48 1772.46 2226.97
60.8454 450.234 889.019 1332.47 1776.46 2231.97
60.8454 451.234 891.016 1335.46 1780.46 2236.98
60.9794 452.234 893.016  1338.4 1784.39 2241.98
60.9794 453.242 895.007  1341.4 1788.39 2246.98
60.9794 454.242 897.008  1344.4 1792.39 2251.98
61.1129 455.242 899.008 1347.34 1796.31 2256.98
61.2459 456.242 900.965 1350.34 1800.31 2261.89
61.3783 457.242 902.913 1353.26 1804.31 2266.89
61.5107 458.242 904.861 1356.18 1808.31 2271.89
61.6438 459.242 906.817 1359.18 1812.22 2276.89
61.7767 460.242 908.773 1362.18 1816.22 2281.81
61.7767 461.254 910.773 1365.18 1820.21 2286.81
61.7767 462.254  912.77 1368.18  1824.2 2291.82
61.9086 463.254 914.718  1371.1  1828.2 2296.82
61.9086 464.265 916.714 1374.09  1832.2 2301.82
61.9086 465.265 918.711 1377.09 1836.19 2306.83
61.9086 466.276 920.707 1380.08 1840.19 2311.83
61.9086 467.276 922.704 1383.08 1844.18 2316.84
61.9086 468.285 924.695 1386.08 1848.18 2321.84
 62.039 469.285 926.644    1389 1852.18 2326.84
 62.039 470.294 928.644 1391.99 1856.18 2331.85
62.1664  471.26 930.551 1394.99 1860.18 2336.85
62.2963 472.244 932.551 1397.99 1864.07 2341.85
62.2963 473.256 934.551 1400.99 1868.06 2346.85
62.2963 474.268 936.551 1403.98 1872.06 2351.85
62.4247 475.245 938.551 1406.87 1876.06 2356.85
62.4247 476.245 940.552 1409.87 1880.06 2361.85
62.5537  477.23 942.552 1412.87 1883.94 2366.85
62.6831  478.23 944.501  1415.8 1887.94 2371.85
62.8129  479.23 946.457  1418.8 1891.94 2376.76
62.8129  480.23 948.454  1421.8 1895.93 2381.78
62.9429  481.23 950.454 1424.74 1899.93  2386.7
62.9429  482.23 952.449 1427.73 1903.93 2391.72
63.0729  483.23 954.449 1430.73 1907.86 2396.65
63.2022  484.23 956.406 1433.73 1911.86 2401.57
63.3307 485.214 958.406 1436.73 1915.75 2406.57
63.3307 486.223 960.406 1439.72 1919.75 2411.57
63.3307 487.232 962.406  1442.7 1923.75 2416.58
63.4578  488.21 964.406  1445.6 1927.75 2421.58
63.5849 489.187 966.406 1448.49 1931.75 2426.58
63.5849 490.196 968.398 1451.49 1935.75 2431.58
63.5849 491.196 970.394 1454.49 1939.75 2436.59
63.7138 492.196 972.394 1457.49 1943.68 2441.53
63.8412  493.18 974.394 1460.49 1947.57 2446.53
63.9695  494.18 976.352 1463.49 1951.48 2451.53
63.9695  495.18 978.348 1466.49 1955.48 2456.54
64.0981  496.18 980.348 1469.49 1959.41 2461.48
64.2267  497.18 982.348 1472.49 1963.34 2466.42
64.2267 498.188  984.34 1475.49 1967.34 2471.42
64.3548 499.188  986.34 1478.43 1971.34 2476.35
64.4829 500.188  988.34 1481.37 1975.34 2481.28
64.4829 501.188 990.337 1484.37 1979.33 2486.29
64.6104 502.188 992.294 1487.37 1983.33 2491.21
64.6104 503.199 994.291 1490.36 1987.33 2496.21
64.7377 504.199 996.249 1493.36 1991.24 2501.21
64.8642 505.184 998.249 1496.36 1995.24 2506.09
64.9918 506.184 1000.25 1499.31 1999.17 2511.09
65.1159  507.15 1002.16 1502.31 2003.17 2516.09
65.2431  508.15 1004.12 1505.31 2007.17 2521.01
65.3708  509.15 1006.12 1508.26  2011.1 2526.01
65.3708 510.161 1008.11 1511.25  2015.1 2531.01
65.3708 511.171 1010.11 1514.25 2019.09 2536.01
65.3708 512.182 1012.11 1517.24 2023.08 2541.01
65.3708 513.182 1014.11 1520.24 2027.07 2546.02
65.3708 514.191 1016.11 1523.23 2031.07 2551.02
65.3708 515.202 1018.11 1526.23 2035.07 2556.02
65.3708 516.211 1020.11 1529.23 2039.05 2561.03
65.4969 517.211 1022.11 1532.23 2042.99 2565.97
65.6224 518.211 1024.07 1535.23 2046.99 2570.89
65.7485 519.211 1026.07 1538.23 2050.92 2575.83
 65.874 520.211 1028.02 1541.23 2054.92 2580.74
 65.874 521.221 1030.02 1544.22 2058.92 2585.74
65.9985 522.207 1032.02 1547.22 2062.92 2590.63
66.1238 523.207 1033.98 1550.22 2066.92 2595.55
66.1238 524.218 1035.98 1553.22 2070.91 2600.55
66.1238 525.228 1037.98 1556.21 2074.91 2605.55
66.1238 526.239 1039.98  1559.2 2078.91 2610.55
66.1238  527.25 1041.98  1562.2  2082.9 2615.55
66.2474 528.236 1043.98  1565.2  2086.9 2620.44
66.2474 529.246 1045.97  1568.2 2090.89 2625.44
66.2474 530.255 1047.97 1571.19 2094.89 2630.44
66.2474 531.265 1049.97 1574.18 2098.89 2635.44
66.2474 532.274 1051.97 1577.17 2102.89 2640.45
66.3678 533.241 1053.88 1580.17 2106.89 2645.45
66.4882 534.209 1055.79 1583.17 2110.89 2650.45
66.6116 535.209 1057.75 1586.17 2114.81 2655.45
 66.732 536.176 1059.66 1589.17 2118.81 2660.45
 66.732 537.176 1061.66 1592.16  2122.8 2665.46
66.8557 538.176 1063.66 1595.16 2126.74  2670.4
66.9773 539.155 1065.66 1598.06 2130.74  2675.4
66.9773 540.165 1067.66 1601.06 2134.73  2680.4
66.9773 541.165 1069.66 1604.06 2138.72 2685.41
66.9773 542.175 1071.66 1607.06 2142.72 2690.41
67.0997 543.175 1073.62 1610.06 2146.72 2695.33
67.2222 544.175 1075.58 1613.06 2150.72 2700.25
67.3449 545.175 1077.58    1616 2154.72 2705.18
67.3449 546.185 1079.57    1619 2158.71 2710.18
67.4672 547.185 1081.53    1622 2162.71  2715.1
67.4672 548.196 1083.53    1625  2166.7  2720.1
67.5863 549.164 1085.45    1628  2170.7  2725.1
67.5863 550.174 1087.44    1631  2174.7  2730.1
67.7086 551.174 1089.44    1634 2178.63 2735.04
67.8304 552.174  1091.4    1637 2182.55 2740.04
67.8304 553.174  1093.4 1639.99 2186.55 2745.05
67.9515 554.174 1095.35 1642.92 2190.55 2750.05
68.0702 555.142 1097.27 1645.92 2194.55 2755.05
68.0702 556.142 1099.27 1648.92 2198.55 2760.05
 68.192 557.142 1101.27 1651.92 2202.48    2765
68.3134 558.142 1103.23 1654.92  2206.4    2770
 68.435 559.142 1105.23 1657.87  2210.4 2774.93
 68.435  560.15 1107.23 1660.86  2214.4 2779.93
 68.435 561.159 1109.23 1663.86 2218.39 2784.94
68.5553 562.145 1111.23 1666.86 2222.39 2789.83
68.5553 563.153 1113.23 1669.86 2226.37 2794.83
68.5553 564.161 1115.22 1672.86 2230.37 2799.83
68.6751 565.147 1117.22 1675.86 2234.37 2804.73
68.6751 566.155 1119.22 1678.86 2238.36 2809.73
68.6751 567.163 1121.21 1681.86 2242.36 2814.73
68.6751 568.163 1123.21 1684.86 2246.36 2819.73
68.6751 569.173 1125.21 1687.86 2250.35 2824.73
68.7947 570.173 1127.17 1690.86 2254.27 2829.73
68.7947 571.183 1129.16 1693.86 2258.27 2834.73
68.7947 572.193 1131.16 1696.85 2262.26 2839.73
68.9124 573.172 1133.16 1699.76 2266.26 2844.73
68.9124 574.182 1135.16 1702.75 2270.26 2849.73
68.9124 575.192 1137.16 1705.75 2274.26 2854.73
68.9124 576.201 1139.15 1708.74 2278.26 2859.73
69.0303 577.187 1141.15 1711.74 2282.15 2864.73
69.1482 578.172 1143.15 1714.74 2286.05 2869.73
69.1482 579.182 1145.15 1717.74 2290.04 2874.73
69.2661 580.182  1147.1 1720.67 2294.04 2879.73
69.3847 581.182  1149.1 1723.62 2298.04 2884.67
69.3847 582.182  1151.1 1726.62 2302.03 2889.68
69.5032 583.182  1153.1 1729.57 2306.03 2894.61
69.5032 584.191  1155.1 1732.57 2310.02 2899.62
69.6212 585.191 1157.06 1735.57 2313.94 2904.62
69.7384 586.176 1159.06 1738.57 2317.84 2909.62
69.8569 587.176 1161.06 1741.57 2321.78 2914.56
69.8569 588.186 1163.06 1744.57 2325.77 2919.56
 69.972 589.155 1164.97 1747.57 2329.77 2924.56
 69.972 590.155 1166.97 1750.57 2333.76 2929.57
 69.972 591.155 1168.96 1753.56 2337.76 2934.58
70.0894 592.155 1170.93 1756.56 2341.68 2939.58
70.2071 593.155 1172.93 1759.51 2345.62 2944.58
70.3238 594.141 1174.93 1762.51 2349.51 2949.58
70.4405 595.127 1176.93 1765.51 2353.51 2954.48
70.5582 596.127 1178.93 1768.46 2357.45 2959.48
70.5582 597.135 1180.93 1771.46 2361.43 2964.48
70.5582 598.143 1182.93 1774.45 2365.43 2969.49
70.6745 599.129 1184.93 1777.45 2369.33 2974.49
70.7914 600.129 1186.89 1780.45 2373.33 2979.41
70.7914 601.138 1188.88 1783.45 2377.33 2984.41
70.7914 602.138 1190.88 1786.45 2381.32 2989.42
70.7914 603.146 1192.88 1789.45 2385.31 2994.43
70.7914 604.154 1194.88 1792.45  2389.3 2999.43
70.7914 605.154 1196.88 1795.45 2393.29 3004.44
70.9079 606.154 1198.88 1798.45 2397.23 3009.39
70.9079 607.154 1200.87 1801.45 2401.22  3014.4
70.9079 608.164 1202.87 1804.45 2405.21  3019.4
70.9079 609.164 1204.87 1807.45 2409.21  3024.4
71.0227  610.15 1206.87 1810.45 2413.11  3029.4
71.1377  611.15 1208.82 1813.38 2417.11  3034.4
71.1377 612.159 1210.82 1816.37 2421.11  3039.4
 71.253 613.159 1212.78 1819.37 2425.04  3044.4
 71.253 614.167 1214.78 1822.36 2429.04  3049.4
71.3683 615.167 1216.78 1825.31 2433.04 3054.34
71.4833 616.167 1218.74 1828.31 2436.96 3059.34
71.4833 617.167 1220.74 1831.31 2440.96 3064.34
71.4833 618.167 1222.74 1834.31 2444.96 3069.34
71.5981 619.167 1224.71 1837.31 2448.88 3074.34
71.5981 620.167 1226.71 1840.31 2452.88 3079.34
71.7112 621.146 1228.71 1843.22 2456.88 3084.34
71.7112 622.156  1230.7 1846.22 2460.87 3089.34
71.8241 623.136  1232.7 1849.13 2464.87 3094.34
71.8241 624.143  1234.7 1852.12 2468.87 3099.34
71.9382 625.143 1236.66 1855.12 2472.87 3104.26
71.9382 626.153 1238.66 1858.12 2476.87 3109.26
72.0496 627.123 1240.58 1861.12 2480.87 3114.26
72.1636 628.123 1242.54 1864.12 2484.79 3119.26
72.2769 629.109 1244.54 1867.12 2488.69 3124.26
72.2769 630.118 1246.54 1870.11 2492.69 3129.26
72.3906 631.118  1248.5 1873.11 2496.69 3134.19
72.5047 632.118  1250.5 1876.06 2500.63 3139.19
72.6159 633.088 1252.42 1879.06 2504.63 3144.19
72.7299 634.088 1254.42 1882.01 2508.63 3149.12
72.7299 635.088 1256.42 1885.01 2512.62 3154.14
72.7299 636.088 1258.41    1888 2516.62 3159.15
72.8433 637.088 1260.38    1891 2520.62 3164.07
72.9567 638.088 1262.34    1894 2524.62    3169
73.0687 639.067 1264.34 1896.91 2528.62    3174
73.1821 640.067  1266.3 1899.91 2532.54    3179
73.1821 641.067  1268.3 1902.91 2536.53 3184.01
 73.294 642.047  1270.3 1905.82 2540.53 3189.01
73.4058 643.027  1272.3 1908.73 2544.53 3194.01
73.5193 644.027  1274.3 1911.68 2548.47 3199.01
73.6301 644.997 1276.22 1914.68 2552.47 3204.01
73.7419 645.977 1278.22 1917.59 2556.47 3209.01
73.8526 646.947 1280.13 1920.59 2560.47 3214.01
73.9645 647.926 1282.13  1923.5 2564.47 3219.01
73.9645 648.936 1284.13 1926.49 2568.46 3224.01
 74.078 649.936 1286.13 1929.49  2572.4 3228.95
 74.078 650.942 1288.13 1932.49  2576.4 3233.95
 74.078 651.951 1290.12 1935.49  2580.4 3238.95
74.1882 652.921 1292.04 1938.49  2584.4 3243.95
74.3013 653.921 1294.04 1941.49 2588.34  3248.9
74.3013 654.929 1296.04 1944.49 2592.33 3253.91
74.3013 655.929 1298.04 1947.49 2596.33 3258.92
74.4139 656.929 1300.04 1950.44 2600.33 3263.85
74.4139 657.929 1302.04 1953.44 2604.33 3268.85
74.4139 658.929 1304.03 1956.44 2608.32 3273.86
74.4139 659.938 1306.03 1959.43 2612.31 3278.86
74.4139 660.947 1308.03 1962.43 2616.31 3283.86
74.4139 661.947 1310.03 1965.43 2620.31 3288.86
 74.523 662.917 1311.95 1968.43 2624.31 3293.86
 74.523 663.924 1313.94 1971.43 2628.31 3298.87
 74.523  664.93 1315.94 1974.43 2632.31 3303.87
 74.523 665.939 1317.93 1977.43 2636.31 3308.87
 74.523 666.939 1319.93 1980.42  2640.3 3313.88
74.6338 667.939  1321.9 1983.42 2644.23 3318.88
74.7449 668.939  1323.9 1986.38 2648.16 3323.88
74.8557 669.939 1325.86 1989.38 2652.09 3328.88
74.8557 670.939 1327.85 1992.37 2656.09 3333.89
74.8557 671.948 1329.85 1995.37 2660.09 3338.89
74.9664 672.948 1331.85 1998.32 2664.09 3343.83
74.9664 673.957 1333.85 2001.31 2668.09 3348.83
75.0761 674.943 1335.85 2004.31 2671.99 3353.83
75.0761 675.943 1337.84 2007.31 2675.99 3358.84
75.1862 676.943  1339.8 2010.31 2679.99 3363.77
75.1862 677.952  1341.8 2013.31 2683.98 3368.77
75.1862 678.961  1343.8 2016.31 2687.98 3373.77
75.1862 679.961  1345.8 2019.31 2691.97 3378.78
75.1862 680.969 1347.79  2022.3 2695.97 3383.78
75.1862 681.978 1349.79  2025.3 2699.96 3388.78
 75.295 682.965 1351.79  2028.3 2703.96 3393.68
75.4046 683.965 1353.79 2031.25 2707.96 3398.62
75.4046 684.965 1355.79 2034.25 2711.96 3403.63
 75.514 685.965 1357.79  2037.2 2715.96 3408.57
 75.514 686.974 1359.79  2040.2 2719.95 3413.57
 75.514 687.974 1361.79  2043.2 2723.94 3418.58
 75.514 688.974 1363.79 2046.19 2727.94 3423.59
 75.623 689.974 1365.79 2049.14 2731.94 3428.53
 75.623 690.974 1367.79 2052.14 2735.93 3433.54
75.7309  691.96 1369.79 2055.14 2739.84 3438.54
75.7309 692.969 1371.79 2058.14 2743.83 3443.54
75.7309 693.969 1373.78 2061.14 2747.82 3448.56
75.8386 694.956 1375.78 2064.14 2751.73 3453.56
 75.947 695.956 1377.78 2067.09 2755.73 3458.49
 75.947 696.956 1379.78 2070.09 2759.72 3463.51
 75.947 697.956 1381.78 2073.09 2763.72 3468.51
76.0537 698.936 1383.78    2076 2767.72 3473.51
76.1612 699.923 1385.78    2079 2771.72 3478.41
76.1612 700.932 1387.78    2082 2775.72 3483.41
76.1612 701.932 1389.78 2084.99 2779.71 3488.42
76.1612 702.932 1391.78 2087.99  2783.7 3493.43
76.2686 703.932 1393.74 2090.99 2787.63 3498.43
76.3761 704.932  1395.7 2093.99 2791.63 3503.36
76.4823 705.913  1397.7 2096.91 2795.63 3508.36
76.5876 706.884 1399.63 2099.91 2799.63 3513.36
76.6928 707.856 1401.55 2102.91 2803.63 3518.36
76.6928 708.864 1403.55 2105.91 2807.63 3523.36
76.8004 709.864 1405.55 2108.86 2811.56 3528.36
76.9055 710.835 1407.47 2111.86 2815.56 3533.36
76.9055 711.835 1409.47 2114.86 2819.56 3538.37
77.0129 712.835 1411.47 2117.81 2823.56 3543.31
77.0129 713.844 1413.46 2120.81 2827.55 3548.31
77.0129 714.844 1415.46 2123.81 2831.55 3553.32
77.0129 715.844 1417.46 2126.81 2835.54 3558.33
77.0129 716.844 1419.46  2129.8 2839.54 3563.35
77.0129 717.844 1421.46  2132.8 2843.54 3568.35
77.1188 718.831 1423.46  2135.8 2847.54 3573.25
77.2255 719.831 1425.46 2138.76 2851.48 3578.25
77.2255 720.831 1427.46 2141.75 2855.47 3583.26
77.3305 721.812 1429.46 2144.67 2859.47 3588.26
77.3305 722.818 1431.45 2147.67 2863.47 3593.27
77.3305 723.818 1433.45 2150.66 2867.46 3598.28
77.3305 724.826 1435.45 2153.66 2871.46 3603.28
77.3305 725.835 1437.44 2156.66 2875.45 3608.28
77.4359 726.835  1439.4  2159.6 2879.45 3613.28
 77.541 727.822  1441.4  2162.6 2883.45 3618.18
77.6462 728.809  1443.4  2165.6 2887.45 3623.09
77.7513 729.796  1445.4  2168.6 2891.36 3628.09
77.8564 730.782  1447.4  2171.6 2895.27 3633.09
77.8564  731.79  1449.4  2174.6 2899.26 3638.09
77.9623  732.79  1451.4  2177.6 2903.21 3643.04
77.9623 733.797 1453.39  2180.6 2907.21 3648.04
78.0665 734.777 1455.39 2183.51 2911.21 3653.04
78.0665 735.777 1457.39 2186.51  2915.2 3658.05
78.0665 736.784 1459.39 2189.51 2919.19 3663.06
78.0665 737.791 1461.39 2192.51 2923.18 3668.06
78.0665 738.799 1463.38 2195.51 2927.18 3673.06
78.1716 739.799 1465.38 2198.46 2931.18 3678.01
78.2764 740.799 1467.35 2201.46 2935.18 3682.94
78.2764 741.807 1469.35 2204.46 2939.18 3687.94
78.3805 742.793 1471.35 2207.46 2943.09 3692.94
78.4851 743.793 1473.31 2210.46 2947.02 3697.94
78.4851 744.793 1475.31 2213.45 2951.02 3702.95
78.4851   745.8 1477.31 2216.45 2955.01 3707.95
78.5898   746.8 1479.31 2219.41 2958.95 3712.95
78.6938   747.8 1481.26 2222.34 2962.95 3717.95
78.6938   748.8 1483.26 2225.34 2966.95 3722.95
78.6938   749.8 1485.26 2228.34 2970.95 3727.96
78.7959 750.772 1487.19 2231.34 2974.95 3732.96
78.7959 751.772 1489.18 2234.33 2978.95 3737.97
78.8998 752.772 1491.15 2237.33 2982.95  3742.9
78.8998 753.778 1493.14 2240.33 2986.95  3747.9
78.8998 754.786 1495.14 2243.33 2990.94  3752.9
78.8998 755.794 1497.14 2246.33 2994.94  3757.9
78.8998 756.802 1499.13 2249.32 2998.94  3762.9
78.8998 757.809 1501.13 2252.32 3002.94 3767.91
79.0033 758.809 1503.13 2255.27 3006.94 3772.85
79.0033 759.817 1505.13 2258.27 3010.93 3777.85
79.0033 760.823 1507.13 2261.27 3014.92 3782.85
79.1067 761.823 1509.13 2264.27 3018.87  3787.8
79.1067 762.823 1511.13 2267.27 3022.86 3792.81
 79.209  763.81 1513.13 2270.27 3026.77 3797.81
79.3116  764.81 1515.09 2273.21 3030.77 3802.81
79.3116  765.81 1517.09  2276.2 3034.77 3807.82
79.4132 766.792 1519.09 2279.12 3038.77 3812.82
79.5149 767.773 1521.09 2282.03 3042.77 3817.82
79.6176 768.773 1523.05 2285.03  3046.7 3822.82
79.6176 769.779 1525.05 2288.03  3050.7 3827.83
79.7202 770.779 1527.01 2291.03  3054.7 3832.76
79.8223 771.766 1529.01 2294.03  3058.7 3837.67
79.8223 772.774 1531.01 2297.03 3062.69 3842.67
79.8223 773.774 1533.01 2300.03 3066.69 3847.68
79.9246 774.774 1534.97 2303.03 3070.69 3852.61
 80.025 775.747  1536.9 2306.03 3074.69 3857.61
80.1273 776.747 1538.86 2309.03 3078.69 3862.54
80.1273 777.753 1540.86 2312.03 3082.69 3867.55
80.1273 778.759 1542.86 2315.02 3086.69 3872.55
80.1273 779.759 1544.85 2318.02 3090.68 3877.56
80.2273 780.732 1546.78 2321.02 3094.68 3882.56
80.3292 781.732 1548.75 2324.02 3098.68 3887.49
80.3292 782.739 1550.74 2327.02 3102.68 3892.49
80.3292 783.746 1552.74 2330.02 3106.67  3897.5
80.4305 784.746  1554.7 2332.96 3110.67  3902.5
80.4305 785.754  1556.7 2335.95 3114.67  3907.5
80.5321 786.754 1558.66 2338.95  3118.6  3912.5
80.6326 787.735 1560.66 2341.87  3122.6  3917.5
80.6326 788.735 1562.66 2344.87 3126.59 3922.51
80.6326 789.743 1564.66 2347.87 3130.59 3927.51
80.7339 790.743 1566.62 2350.87 3134.59 3932.44
80.7339 791.751 1568.62 2353.87 3138.59 3937.44
80.7339 792.759 1570.62 2356.86 3142.58 3942.44
80.7339 793.765 1572.62 2359.86 3146.58 3947.44
80.8342 794.752 1574.62 2362.86 3150.49 3952.44
80.9341 795.733 1576.62 2365.77 3154.49 3957.44
80.9341 796.733 1578.62 2368.77 3158.49 3962.44
80.9341 797.733 1580.62 2371.77 3162.49 3967.45
81.0348 798.733 1582.58 2374.77 3166.42 3972.45
81.1358 799.733 1584.58 2377.77 3170.37 3977.41
81.1358 800.733 1586.58 2380.77 3174.36 3982.42
 81.236 801.733 1588.54 2383.71 3178.36 3987.42
 81.236 802.741 1590.53 2386.71 3182.36 3992.42
81.3364 803.741  1592.5 2389.71  3186.3 3997.42
81.3364 804.741  1594.5 2392.71 3190.29 4002.43
81.4348 805.714 1596.43 2395.71 3194.29 4007.43
81.4348  806.72 1598.43  2398.7 3198.29 4012.43
81.4348 807.726 1600.43 2401.69 3202.29 4017.43
81.4348 808.726 1602.43 2404.68 3206.28 4022.44
81.4348 809.734 1604.43 2407.68 3210.28 4027.44
81.5347 810.734 1606.43 2410.63 3214.28 4032.39
81.5347 811.741 1608.42 2413.63 3218.28 4037.39
81.5347 812.741 1610.42 2416.63 3222.28  4042.4
81.6324 813.715 1612.35 2419.63 3226.28  4047.4
81.7315 814.703 1614.35 2422.63 3230.28 4052.31
 81.831 815.703 1616.32 2425.63 3234.28 4057.25
81.9305 816.703 1618.28 2428.63 3238.21 4062.25
82.0298 817.703 1620.24 2431.57 3242.21 4067.25
82.1293 818.703 1622.21 2434.57 3246.21 4072.18
82.2285 819.703 1624.17 2437.51 3250.21 4077.18
82.2285  820.71 1626.16  2440.5 3254.21 4082.18
82.2285  821.71 1628.16  2443.5 3258.21 4087.19
 82.328  822.71 1630.16 2446.46 3262.21 4092.13
82.4275  823.71 1632.16 2449.41 3266.16 4097.13
82.4275 824.718 1634.16 2452.41 3270.15 4102.13
82.5264 825.718 1636.12 2455.35 3274.15 4107.13
82.5264 826.724 1638.12 2458.35 3278.14 4112.14
82.5264 827.724 1640.12 2461.35 3282.13 4117.15
82.5264 828.724 1642.11 2464.35 3286.13 4122.16
82.5264 829.724 1644.11 2467.35 3290.13 4127.17
82.5264  830.73 1646.11 2470.35 3294.12 4132.17
82.5264 831.736 1648.11 2473.35 3298.11 4137.18
82.6248 832.736 1650.07 2476.35 3302.04 4142.18
82.6248 833.744 1652.07 2479.34 3306.04 4147.18
82.7234 834.744 1654.07  2482.3 3309.98 4152.18
82.7234 835.744 1656.07 2485.29 3313.98 4157.19
82.7234 836.751 1658.07 2488.29 3317.98 4162.19
82.8215 837.751 1660.03 2491.29 3321.98 4167.12
82.9199 838.751 1662.03 2494.29 3325.93 4172.08
83.0162 839.725 1663.96 2497.29 3329.93 4177.08
83.0162 840.725 1665.96 2500.29 3333.92 4182.09
83.1145 841.725 1667.96 2503.29 3337.87 4187.04
83.1145 842.725 1669.96 2506.29 3341.86 4192.05
83.1145 843.733 1671.95 2509.29 3345.86 4197.05
83.1145  844.74 1673.95 2512.29 3349.86 4202.05
83.1145 845.748 1675.95 2515.28 3353.85 4207.05
83.2111  846.73 1677.95  2518.2 3357.85 4212.05
83.3086  847.73 1679.92  2521.2 3361.85 4216.99
83.3086 848.736 1681.91  2524.2 3365.85 4221.99
83.3086 849.742 1683.91  2527.2 3369.84 4226.99
83.3086 850.748 1685.91 2530.19 3373.84 4231.99
 83.406 851.748 1687.91 2533.15 3377.79 4236.99
 83.406 852.748 1689.91 2536.15 3381.79 4241.99
83.5025 853.735 1691.91 2539.15  3385.7 4246.99
83.5978 854.709 1693.84 2542.15  3389.7 4251.99
83.6949 855.709 1695.81 2545.15 3393.64 4256.99
83.6949 856.715 1697.81 2548.15 3397.63    4262
83.6949 857.721  1699.8 2551.15 3401.63    4267
83.7913 858.709  1701.8 2554.15 3405.63 4271.92
83.7913 859.714  1703.8 2557.14 3409.63 4276.92
83.7913 860.714  1705.8 2560.14 3413.63 4281.92
83.8862 861.689 1707.73 2563.14 3417.63 4286.92
83.8862 862.689 1709.73 2566.14 3421.63 4291.93
83.8862 863.689 1711.73 2569.14 3425.62 4296.94
83.8862 864.689 1713.72 2572.14 3429.61 4301.95
83.8862 865.696 1715.72 2575.14 3433.61 4306.95
83.9825 866.696 1717.72  2578.1 3437.55 4311.95
84.0782 867.684 1719.72  2581.1 3441.47 4316.95
84.0782 868.689 1721.71  2584.1 3445.47 4321.95
84.0782 869.689 1723.71 2587.09 3449.47 4326.96
84.1739 870.689 1725.67 2590.03 3453.47 4331.96
84.1739 871.695 1727.67 2593.03 3457.45 4336.97
84.1739 872.702 1729.67 2596.03 3461.45 4341.97
84.2699 873.702 1731.67 2599.03  3465.4 4346.92
84.2699 874.708 1733.67 2602.03 3469.39 4351.93
84.2699 875.715 1735.67 2605.03 3473.39 4356.93
84.3656 876.715 1737.67 2607.99 3477.39 4361.87
84.3656 877.715 1739.67 2610.98 3481.38 4366.88
84.3656 878.721 1741.66 2613.98 3485.38 4371.88
84.4605 879.709 1743.66 2616.98 3489.38  4376.8
84.5541 880.684 1745.59 2619.98 3493.38  4381.8
84.5541 881.684 1747.59 2622.98 3497.38 4386.81
84.5541 882.689 1749.59 2625.98 3501.38 4391.81
84.5541 883.697 1751.58 2628.98 3505.37 4396.81
84.6492 884.697 1753.58 2631.94 3509.32 4401.81
84.7425 885.671 1755.52 2634.94 3513.32 4406.81
84.7425 886.671 1757.52 2637.93 3517.31 4411.82
84.8364 887.654 1759.52 2640.85 3521.31 4416.82
84.9314 888.654 1761.52 2643.81 3525.31 4421.77
84.9314  889.66 1763.52 2646.81  3529.3 4426.78
84.9314 890.665 1765.52 2649.81 3533.29 4431.78
84.9314 891.665 1767.52 2652.81 3537.29 4436.79
85.0243  892.64 1769.45 2655.81 3541.29 4441.79
85.0243  893.64 1771.45  2658.8 3545.28  4446.8
85.0243 894.645 1773.44  2661.8 3549.28  4451.8
85.0243 895.645 1775.44  2664.8 3553.28 4456.81
85.0243 896.653 1777.43 2667.79 3557.28 4461.81
85.0243 897.658 1779.43 2670.79 3561.27 4466.82
85.0243 898.658 1781.43 2673.79 3565.27 4471.83
85.0243 899.658 1783.43 2676.79 3569.26 4476.84
85.0243 900.664 1785.43 2679.78 3573.26 4481.84
85.1163 901.639 1787.37 2682.78 3577.26 4486.84
85.2096 902.626 1789.37 2685.78 3581.18 4491.84
85.3016 903.602  1791.3 2688.78 3585.18 4496.84
85.3016 904.609  1793.3 2691.77 3589.18 4501.84
85.3936 905.584 1795.23 2694.77 3593.18 4506.84
85.3936 906.591 1797.23 2697.77 3597.18 4511.84
85.3936 907.596 1799.23 2700.77 3601.18 4516.84
85.3936 908.603 1801.22 2703.76 3605.18 4521.84
85.4871 909.603 1803.22 2706.72 3609.12 4526.84
85.4871 910.609 1805.22 2709.72 3613.11 4531.85
85.4871 911.609 1807.22 2712.72 3617.11 4536.85
85.5803 912.609 1809.22 2715.68 3621.11  4541.8
85.6725 913.592 1811.22 2718.61 3625.11  4546.8
85.7652  914.58 1813.22 2721.61 3629.11 4551.71
85.8578 915.568 1815.22 2724.61 3633.11 4556.63
85.9505 916.556 1817.22 2727.61 3637.03 4561.63
85.9505 917.563 1819.22 2730.61 3641.03 4566.63
85.9505 918.563 1821.21  2733.6 3645.03 4571.64
85.9505  919.57 1823.21  2736.6 3649.03 4576.64
85.9505 920.576 1825.21 2739.59 3653.03 4581.65
85.9505 921.576 1827.21 2742.59 3657.02 4586.66
85.9505 922.583  1829.2 2745.59 3661.02 4591.66
85.9505 923.583  1831.2 2748.59 3665.02 4596.66
85.9505 924.588 1833.19 2751.59 3669.02 4601.66
86.0423 925.576 1835.19 2754.59 3672.94 4606.66
86.0423 926.583 1837.19 2757.59 3676.93 4611.66
86.1348 927.583 1839.19 2760.59 3680.89 4616.61
86.2272 928.583 1841.19 2763.59 3684.84 4621.57
86.2272 929.583 1843.19 2766.59 3688.84 4626.58
86.2272  930.59 1845.19 2769.58 3692.83 4631.58
86.3195  931.59 1847.19 2772.58 3696.78 4636.53
86.4118  932.59 1849.19 2775.58 3700.74 4641.49
86.4118 933.595 1851.19 2778.58 3704.73  4646.5
86.5038 934.595 1853.19 2781.54 3708.67  4651.5
86.5038 935.602 1855.19 2784.54 3712.67  4656.5
86.5958 936.602 1857.19  2787.5 3716.67 4661.44
86.5958 937.607 1859.18  2790.5 3720.67 4666.45
86.5958 938.607 1861.18  2793.5 3724.67 4671.45
86.5958 939.607 1863.18  2796.5 3728.67 4676.46
86.5958 940.607 1865.17  2799.5 3732.66 4681.47
86.6873 941.607 1867.17 2802.45 3736.66 4686.41
86.6873 942.612 1869.17 2805.45 3740.65 4691.42
86.6873 943.612 1871.17 2808.46 3744.65 4696.42
86.7787 944.612 1873.17 2811.42  3748.6 4701.42
86.7787 945.618 1875.17 2814.41  3752.6 4706.42
86.8698 946.618 1877.14 2817.41 3756.54 4711.42
86.9606 947.606 1879.14 2820.41 3760.54 4716.34
87.0512 948.594 1881.14 2823.41 3764.46 4721.34
87.0512 949.594 1883.14  2826.4 3768.46 4726.35
87.1424 950.594 1885.14 2829.36 3772.46  4731.3
87.2336 951.594 1887.14 2832.32 3776.41  4736.3
87.2336 952.601 1889.13 2835.32 3780.41  4741.3
87.2336 953.608 1891.13 2838.32  3784.4  4746.3
87.3244 954.608  1893.1 2841.32  3788.4 4751.24
87.4154 955.608  1895.1 2844.28 3792.35 4756.24
87.4154 956.608  1897.1 2847.28 3796.35 4761.25
87.4154 957.608 1899.09 2850.28 3800.34 4766.26
87.5045 958.584 1901.03 2853.28 3804.34 4771.26
87.5942 959.567 1903.03  2856.2 3808.34 4776.26
87.5942 960.573 1905.03  2859.2 3812.34 4781.26
87.5942 961.578 1907.02  2862.2 3816.34 4786.27
87.5942 962.583 1909.02  2865.2 3820.34 4791.27
87.6848 963.583 1911.02 2868.16 3824.28 4796.27
87.7742 964.566 1913.02 2871.08 3828.28 4801.27
87.8642 965.555 1915.02 2874.08 3832.28 4806.19
87.8642 966.555 1917.02 2877.08 3836.28  4811.2
87.8642 967.562 1919.02 2880.08 3840.28  4816.2
87.9541 968.562 1920.98 2883.02 3844.28  4821.2
87.9541 969.567 1922.97 2886.02 3848.28  4826.2
88.0444 970.567 1924.97 2889.02 3852.23 4831.16
88.1345 971.567 1926.94 2892.02 3856.17 4836.16
88.1345 972.567 1928.94 2895.02 3860.17 4841.16
88.2245 973.567 1930.91 2898.02 3864.11 4846.16
88.3136  974.55 1932.91 2900.95 3868.11 4851.16
88.4027 975.534 1934.91 2903.88 3872.11 4856.16
88.4027 976.538 1936.91 2906.88 3876.11 4861.16
88.4027 977.538  1938.9 2909.87 3880.11 4866.17
88.4027 978.545  1940.9 2912.87 3884.11 4871.17
88.4926 979.545  1942.9 2915.83 3888.11 4876.12
88.5823 980.545 1944.87 2918.83 3892.05 4881.12
88.5823  981.55 1946.87 2921.82 3896.05 4886.12
88.6715 982.539 1948.87 2924.82 3900.05 4891.04
88.7611 983.539 1950.84 2927.82 3904.05 4895.99
88.7611 984.539 1952.84 2930.82 3908.05    4901
88.8491 985.515 1954.77 2933.82 3912.05    4906
88.8491 986.522 1956.77 2936.81 3916.05    4911
88.8491 987.528 1958.77 2939.81 3920.05    4916
88.8491 988.533 1960.76 2942.81 3924.05    4921
88.9379 989.522 1962.76 2945.81 3928.05 4925.92
89.0272 990.522 1964.73 2948.81 3932.05 4930.86
 89.116 991.511 1966.73 2951.81 3936.05 4935.78
89.2044 992.494 1968.73 2954.74 3940.05 4940.78
89.2044 993.494 1970.73 2957.74 3944.04 4945.79
89.2044 994.501 1972.73 2960.74 3948.04 4950.79
89.2931  995.49 1974.73 2963.74 3952.04 4955.72
89.3824  996.49 1976.73  2966.7 3955.99 4960.72
89.4717  997.49 1978.73  2969.7 3959.94 4965.67
89.5605  998.49 1980.69 2972.64 3963.94 4970.67
89.5605  999.49 1982.69 2975.64 3967.94 4975.68
89.5605 1000.49 1984.69 2978.64 3971.93 4980.69