      1       2       4       4       4       6
1.63636       3 6.54545       7       8 9.81818
1.63636       4 9.27963 9.92405 11.3418 14.8182
1.96548 4.80451  11.146 12.9241 15.3418 19.8182
 2.2946 5.60901 13.0124 15.9241 19.3418 24.8182
 2.2946 6.60901  15.516 18.9241 23.0631 29.5932
2.67041 7.60901  17.516 21.9241 26.8405 34.4401
2.67041 8.71353  19.516 24.9241 30.7366 39.4394
2.99087 9.71353  21.516 27.9151 34.4252 44.4394
3.31972 10.7135  23.516 30.9151 38.2102 49.3255
3.31972 11.7135 25.8453 33.9151 41.9951 54.2113
3.31972 12.7442 28.1195 36.9151 45.6902 59.2113
3.59016 13.7442 30.1195 39.9224 49.4125 64.2113
3.85432 14.7555 32.1195 42.9224 53.4125 68.9359
3.85432 15.7555 34.1195 46.0389 57.2906 73.9412
4.10332 16.7555 36.1195 49.0131 61.2906  78.718
4.10332 17.7555 38.3753 52.0131 65.1185 83.6343
4.10332 18.7972 40.3753 55.0647 69.1185  88.541
4.30943 19.7972 42.4033 57.8306 73.1185  93.541
 4.5198 20.7636 44.4033 60.6537 77.1185  98.541
4.73496 21.7636 46.5171 63.6537 80.7896 103.541
4.73496 22.8002 48.5171 66.6855 84.7896 108.473
4.73496 23.7915 50.6264 69.5848 88.7896 113.473
4.73496  24.812 52.7978 72.5848 92.5978 118.473
4.73496 25.8638 54.7978 75.5848 96.5234 123.495
4.92457 26.8638 56.7978 78.5848 100.389  128.44
5.11085   27.88 58.7978 81.5848 104.186  133.44
5.29659   28.88 60.7978 84.5497 108.186  138.29
5.47504  29.853 62.7978 87.3983 112.186  143.29
5.47504  30.853 64.9375 90.3762 116.186 148.172
5.64529  31.853 66.9569 93.1866 120.186 153.172
5.64529  32.853 68.9569 96.2374 124.121 158.187
5.82014  33.853 70.9569 99.2181 127.965 163.187
5.98776  34.828 72.9569 102.076 131.965 168.187
5.98776  35.828 75.0826  105.05 135.965 173.087
6.15745  36.828 77.0826 108.027 139.818 178.087
6.32239  37.828 79.1473 111.027 143.818 182.857
6.32239 38.8433 81.2717 114.027 147.679 187.857
6.47918 39.8433 83.2872 116.854 151.679 192.857
6.64279 40.8495 85.2872 119.854 155.509 197.857
6.79962 41.8495 87.3007 122.684 159.509 202.857
 6.9599 42.8495 89.3586 125.684 163.509 207.639
7.11854 43.8261 91.3586 128.549 167.509 212.639
7.28058 44.8238 93.3586 131.549 171.509 217.479
7.28058 45.8369 95.4688 134.549 175.385 222.479
7.43989 46.8399 97.4688 137.549 179.223 227.479
7.43989 47.8727 99.4688 140.549 183.175 232.495
7.59022 48.8727 101.479 143.389 187.175 237.495
7.59022 49.8727 103.479 146.418 191.129 242.512
7.74288 50.8758 105.479 149.418 194.973 247.512
7.74288 51.9055 107.479 152.442 198.919 252.512
7.89465 52.9055 109.479 155.442 202.818 257.461
8.04208 53.9055 111.523 158.442 206.818 262.269
8.04208 54.9055 113.636 161.442 210.736 267.238
8.04208 55.9134 115.722 164.442 214.736 272.144
8.04208 56.9214 117.808 167.442 218.736  277.05
8.04208 57.9491 119.808 170.465 222.686  282.05
8.17687 58.9491 121.816 173.322 226.686  287.05
8.31602 59.9522 123.816 176.322 230.543  292.05
8.45517 60.9554 125.816 179.322 234.401  297.05
 8.5851 61.8921  127.75 182.322 238.401  302.05
8.72218 62.8921  129.79 185.322 242.401 306.873
8.72218 63.8921  131.79 188.349 246.361 311.886
8.72218 64.8991 133.867 191.349 250.361 316.802
8.72218 65.9184 135.867 194.355 254.361 321.777
8.84649 66.8578 137.803 197.355 258.361 326.777
8.84649 67.8578   139.9 200.355 262.292 331.749
8.84649 68.8757   141.9  203.36 266.292 336.726
 8.9714 69.8757 143.903 206.232 270.292 341.726
 8.9714 70.9005 145.903 209.232 274.256 346.737
 8.9714 71.9005  147.99 212.223 278.177 351.737
 8.9714 72.9234  149.99 215.243 282.135 356.737
9.08747 73.8669  151.93 218.243 286.135 361.737
9.21196 74.8669  153.93 221.243 290.055 366.693
9.21196 75.8902  155.93 224.243  294.02 371.705
9.21196 76.9068  157.93 227.247  298.02 376.685
9.21196 77.9171 160.005 230.247 301.935 381.685
9.21196 78.9171 162.085 233.241  305.86 386.685
9.21196 79.9171 164.158 236.223  309.86 391.629
9.21196 80.9384 166.158 239.242  313.82 396.629
9.21196 81.9547 168.158 242.246  317.82 401.609
9.21196 82.9773 170.158 245.246 321.786 406.621
9.32116 83.9609 172.158 248.153 325.786 411.621
9.43237 84.9627 174.158 251.153 329.673 416.621
9.43237 85.9627 176.234 254.147 333.603 421.621
9.43237 86.9627 178.303  257.13 337.603 426.569
9.43237 87.9627 180.379 260.123 341.534 431.569
9.43237 88.9781 182.379 263.126 345.534 436.551
9.53673 89.9625 184.379 266.037 349.534 441.551
9.53673 90.9625 186.453  269.03 353.466 446.551
9.64133 91.9602 188.453  272.03 357.466 451.449
9.74692 92.9602 190.453  275.01 361.381 456.449
9.84948 93.9602 192.457 277.903 365.381 461.449
9.95403 94.9576 194.457 280.903 369.381 466.347
9.95403 95.9576 196.457 283.922 373.351 471.359
9.95403 96.9777 198.457 286.922  377.32  476.37
10.0518 97.9303 200.406 289.922  381.32  481.37
10.0518 98.9498 202.406 292.922 385.289 486.381
10.1544 99.9498 204.406 295.922 389.222 491.345
10.1544 100.959 206.469 298.922  393.15 496.345
10.1544 101.959 208.542 301.922 397.096 501.327
10.2541  102.96 210.542 304.922 400.996 506.327
10.3516  103.96 212.544 307.822 404.996 511.327
10.3516 104.964 214.598 310.822 408.996 516.268
10.4512 105.964 216.598 313.822  412.93 521.234
10.4512 106.964 218.664 316.816 416.869 526.234
10.4512 107.964 220.731  319.81 420.809 531.234
10.5477 108.961 222.731  322.81 424.809 536.141
10.5477 109.961 224.797 325.804 428.749 541.141
10.5477 110.961 226.867 328.804 432.697 546.123
 10.642 111.961 228.893 331.804 436.697 551.002
 10.642 112.979 230.893 334.819 440.665 556.002
10.7359 113.976 232.893 337.819 444.665 560.911
10.7359 114.984 234.953 340.819 448.597 565.911
10.7359 116.002 236.953 343.819 452.569 570.921
10.7359 117.002 238.953 346.837 456.541 575.932
10.7359 118.002  241.01 349.822 460.541 580.889
 10.823  118.96 242.965 352.822 464.541 585.889
10.9122  119.96 244.968  355.73 468.541 590.889
10.9122 120.976 246.968 358.744  472.51 595.889
10.9122 121.975 249.007 361.706  476.51 600.889
10.9122 122.982 251.064 364.706 480.446 605.889
10.9122 123.999 253.064  367.72 484.416 610.889
10.9966 124.957 255.021  370.72 488.416 615.889
10.9966 125.957 257.021 373.736  492.39   620.9
10.9966 126.961 259.069 376.736  496.39 625.848
10.9966 127.961 261.128 379.731 500.336 630.848
11.0827 128.961 263.128 382.704 504.336 635.788
11.0827 129.961 265.181  385.69 508.336 640.749
11.0827 130.961 267.234 388.677 512.336  645.71
11.1668 131.961 269.262 391.677 516.223  650.71
11.1668 132.961 271.321 394.671  520.17  655.71
11.1668 133.968 273.375 397.671 524.109  660.71
11.2503 134.969 275.375 400.671 528.025  665.71
11.3326 135.956 277.375 403.602 532.025  670.71
11.4144 136.956 279.379 406.517 536.025  675.71
11.4144 137.963 281.432 409.517 539.965  680.71
11.4144 138.963 283.484 412.502 543.965 685.672
11.4144 139.978 285.484 415.502 547.939 690.683
11.4928 140.939 287.444 418.502 551.939 695.683
11.5712   141.9 289.405 421.502 555.939 700.683
11.6524 142.897 291.405 424.502 559.939 705.604
11.6524   143.9  293.45 427.502 563.939 710.556
11.6524   144.9   295.5 430.488 567.939  715.52
11.6524 145.906 297.551 433.488 571.882  720.52
11.6524 146.906  299.61 436.488 575.838 725.505
11.6524 147.906 301.668 439.488 579.795  730.49
11.6524 148.916 303.668  442.49 583.795 735.479
11.7277 149.878 305.631  445.49 587.795 740.479
 11.806 150.878 307.631  448.49 591.717 745.479
 11.806 151.884 309.681  451.49 595.661 750.479
11.8835 152.881 311.681  454.49 599.661 755.404
 11.961 153.878 313.681  457.49 603.661  760.33
12.0387 154.878 315.681  460.49 607.583  765.33
12.1162 155.874 317.681  463.49 611.583 770.256
12.1162 156.874 319.734 466.485 615.535 775.256
12.1162 157.874 321.734 469.499 619.512 780.265
12.1162 158.874 323.781 472.486 623.512  785.23
12.1922 159.871 325.781 475.486 627.512 790.157
12.1922 160.871 327.833 478.482 631.465 795.157
12.1922 161.871 329.889 481.482 635.424 800.142
12.2678 162.871 331.889 484.467 639.363 805.142
12.3422 163.859 333.889 487.404 643.363 810.142
12.3422 164.861 335.931 490.404 647.363 815.098
12.3422 165.874 337.931 493.404 651.341 820.106
12.3422 166.874 339.977 496.392 655.341 825.072
12.4157 167.874 342.002 499.392 659.244 830.072
12.4157 168.874 344.002 502.406 663.222 835.081
12.4866 169.839 345.966 505.406 667.222 840.081
12.4866 170.839 348.017 508.401 671.176 845.081
12.4866 171.837  350.05  511.37 675.176 850.081
 12.558 172.837 352.052 514.296 679.176 855.081
 12.558 173.837 354.105 517.296 683.136 860.067
 12.558 174.837 356.158 520.296 687.097 865.054
 12.558 175.837 358.208 523.291 691.052 870.054
12.6295 176.837 360.208 526.269 695.052 875.005
12.7009 177.837 362.208 529.246 699.052 879.956
12.7009 178.837 364.261 532.246 703.013 884.942
12.7009 179.849 366.261 535.246 706.992 889.951
12.7009 180.851 368.301 538.246 710.992 894.908
12.7009 181.863 370.301 541.246 714.972 899.917
12.7009 182.871 372.301 544.248 718.972 904.907
12.7704 183.871 374.301 547.248 722.902 909.907
12.8387 184.871 376.304 550.176 726.902 914.907
12.8387 185.876 378.349 553.176 730.853 919.907
12.8387 186.884 380.349 556.177 734.853 924.898
12.8387 187.884 382.393 559.165 738.853 929.867
12.8387 188.886 384.432 562.165 742.853 934.825
12.8387 189.898 386.432 565.176 746.831 939.825
12.9053 190.898 388.435 568.106 750.831 944.825
12.9733 191.898 390.435 571.106 754.786 949.802
12.9733 192.909 392.435 574.116 758.764 954.802
13.0405 193.909 394.435 577.116 762.697 959.802
13.0405 194.909 396.482 580.111 766.655 964.802
13.0405 195.909 398.529 583.106 770.613 969.802
13.0405  196.92 400.529 586.116 774.591 974.802
13.0405  197.92 402.571 589.104 778.591 979.772
13.0405  198.92 404.571 592.116 782.572 984.781
13.0405 199.929 406.571 595.117 786.572 989.772
13.0405 200.937 408.571 598.118 790.572 994.763
13.1052 201.934 410.571 601.118 794.572   999.7
13.1701 202.934 412.571 604.118 798.507  1004.7
13.2341 203.934 414.574 607.051 802.507  1009.7
13.2993 204.934 416.574 610.051 806.463 1014.68
13.3642 205.934 418.574 613.051 810.398 1019.68
13.4295 206.934 420.574 616.051 814.355 1024.66
13.4295 207.934 422.574 619.062 818.335 1029.67
13.4931 208.934 424.577 621.996 822.335 1034.67
 13.557 209.924 426.577 624.942 826.335 1039.67
13.6212 210.924 428.598 627.942  830.25 1044.67
13.6212 211.924 430.598 630.953 834.231 1049.67
13.6852 212.924 432.619 633.953 838.146 1054.67
13.6852 213.935 434.619 636.962 842.125 1059.67
13.6852 214.935 436.658 639.951 846.125 1064.65
13.7469 215.904 438.627 642.951 850.125 1069.65
13.7469 216.904 440.666  645.94 854.125 1074.62
13.7469 217.906 442.701  648.94 858.125 1079.58
13.7469 218.906 444.745 651.935 862.086 1084.58
 13.809 219.896 446.745 654.883 866.086 1089.58
13.8709 220.896 448.747 657.819 870.086 1094.58
13.8709 221.896 450.792 660.819 874.052 1099.57
13.8709 222.906 452.792 663.828 878.032 1104.57
13.9323 223.906 454.795 666.764 882.032 1109.57
13.9948 224.906 456.795 669.764  885.99 1114.55
14.0562 225.906 458.798   672.7  889.99 1119.55
14.0562 226.917 460.798   675.7 893.972 1124.56
14.1181 227.916 462.798   678.7  897.91 1129.56
  14.18 228.916 464.798   681.7 901.849 1134.56
14.2416 229.916 466.817   684.7 905.767 1139.56
 14.303 230.906 468.817 687.649 909.767 1144.56
14.3631 231.876 470.787 690.649 913.767 1149.56
14.4232 232.846 472.757 693.649 917.767 1154.56
14.4232  233.85 474.795 696.649 921.725 1159.56
14.4846 234.847 476.795 699.649 925.725  1164.5
14.4846 235.857 478.795 702.658 929.706  1169.5
14.5456 236.857 480.811 705.658 933.706 1174.42
14.6072 237.857 482.811 708.644 937.658 1179.42
14.6668 238.828 484.781 711.644 941.658 1184.42
14.6668 239.826 486.807 714.619 945.658 1189.42
14.6668 240.826 488.807 717.629  949.64 1194.43
14.6668 241.827  490.84 720.629  953.64  1199.4
14.7266 242.827 492.841 723.567  957.64  1204.4
14.7266 243.827 494.877 726.556  961.64 1209.37
14.7266 244.831 496.915 729.556 965.599 1214.37
14.7867  245.83 498.915 732.556 969.539 1219.37
14.8468  246.83 500.915 735.536 973.539 1224.33
14.8468  247.84 502.915 738.544 977.521 1229.33
14.8468 248.838 504.941  741.52 981.521 1234.33
14.9063 249.835 506.941  744.52 985.521 1239.28
14.9063 250.835 508.941 747.529 989.504 1244.29
14.9063 251.835 510.976 750.518 993.504 1249.26
14.9654 252.834 512.976 753.518 997.446 1254.26
15.0247 253.834 514.976 756.505  1001.4 1259.26
15.0823 254.806 516.947 759.505  1005.4 1264.26
15.1406 255.806 518.948 762.445  1009.4 1269.26
15.1406 256.804 520.974 765.421  1013.4 1274.26
15.1992 257.804 522.988 768.421  1017.4 1279.19
15.2576 258.794 524.988 771.372  1021.4 1284.19
15.2576 259.794 526.988 774.381 1025.38  1289.2
15.2576 260.795 529.019 777.381 1029.38 1294.16
15.2576 261.805 531.019 780.381 1033.37 1299.17
15.3156 262.801 533.019 783.381 1037.37 1304.12
15.3731 263.801  535.02 786.322 1041.37 1309.12
15.3731 264.801  537.02  789.33 1045.35 1314.13
15.4313 265.801  539.02 792.317 1049.31 1319.13
15.4313 266.801 541.054 795.306 1053.31  1324.1
15.4886 267.792 543.054 798.258 1057.31  1329.1
15.4886 268.801 545.054 801.258 1061.29 1334.11
15.4886 269.802 547.084 804.258 1065.29 1339.08
15.5459   270.8 549.084 807.258 1069.23 1344.08
15.5459   271.8 551.123 810.258  1073.2 1349.07
15.6026 272.791 553.123 813.211  1077.2 1354.07
15.6597  273.79 555.123 816.211 1081.15 1359.07
15.6597  274.79 557.156 819.201 1085.15 1364.05
15.6597 275.796 559.156   822.2 1089.15 1369.04
15.6597 276.796 561.194   825.2 1093.12 1374.03
15.6597 277.805 563.194   828.2  1097.1 1379.04
15.6597 278.803 565.219 831.177  1101.1 1384.04
15.6597 279.803 567.219 834.185 1105.09 1389.05
15.7142 280.776 569.191 837.185 1109.09 1394.05
15.7701 281.775 571.191 840.185 1113.03 1399.05
15.8261 282.775 573.191 843.172 1116.99 1404.05
15.8261 283.775 575.191 846.179 1120.97 1409.06
15.8817 284.772 577.191 849.179 1124.97    1414
15.9368 285.772 579.192 852.123 1128.97    1419
15.9368 286.772 581.224 855.113 1132.97 1423.98
15.9368  287.78 583.224  858.12 1136.96 1428.98
15.9923  288.78 585.224  861.12 1140.92 1433.96
16.0476 289.779 587.224  864.12 1144.87 1438.96
 16.103 290.779 589.224 867.101 1148.87 1443.93
16.1585 291.779 591.224 870.088 1152.82 1448.93
16.1585 292.787 593.224 873.088 1156.81 1453.94
16.1585 293.787 595.224 876.095 1160.79 1458.94
 16.212 294.761 597.197 879.095 1164.79 1463.94
 16.212 295.769 599.197 882.102 1168.78 1468.94
16.2661 296.769 601.198 885.047 1172.78 1473.94
16.3209 297.769 603.198 888.028 1176.78 1478.91
16.3754 298.769  605.21 891.028 1180.78 1483.84
16.3754 299.777  607.21 894.028 1184.76 1488.85
16.3754 300.776 609.233 897.007 1188.76 1493.85
16.4297 301.775 611.233 900.007 1192.71 1498.85
16.4297 302.775 613.233 903.014 1196.69 1503.86
 16.484 303.775 615.233 905.995 1200.69 1508.82
 16.484 304.778 617.264 908.995 1204.66 1513.82
 16.484 305.778   619.3 911.995 1208.63 1518.81
16.5376 306.778 621.315 914.995 1212.56 1523.81
16.5376 307.778 623.349 917.991 1216.53 1528.81
16.5915 308.778 625.349 920.991  1220.5 1533.79
16.6447 309.769 627.349 923.946  1224.5 1538.79
16.6986 310.769 629.349 926.946 1228.46 1543.78
16.6986 311.772  631.38 929.946 1232.43 1548.78
16.7523 312.772  633.38 932.946 1236.39 1553.76
16.7523 313.775 635.412 935.946 1240.36 1558.76
16.8057 314.774 637.412 938.946  1244.3 1563.76
16.8587 315.774 639.423 941.946  1248.3 1568.69
16.9121 316.774 641.423 944.928  1252.3 1573.66
16.9641 317.749 643.397 947.928  1256.3 1578.66
17.0173 318.745 645.397 950.928  1260.3 1583.61
17.0173 319.744 647.419 953.907  1264.3 1588.61
  17.07 320.734 649.419 956.863  1268.3 1593.61
  17.07 321.734 651.452 959.859 1272.27 1598.61
  17.07 322.734 653.485 962.855 1276.25 1603.61
17.1231 323.734 655.485 965.855 1280.21 1608.59
17.1757 324.734 657.499 968.855 1284.14 1613.59
17.1757 325.735 659.526 971.855 1288.14 1618.56
17.1757 326.743 661.526 974.855 1292.13 1623.57
17.1757 327.746 663.556 977.855  1296.1 1628.57
17.2278 328.746  665.57 980.855 1300.03 1633.57
17.2803 329.746  667.57 983.843 1303.99 1638.57
17.3326 330.745  669.57 986.843 1307.94 1643.57
 17.385 331.745  671.57 989.824 1311.94 1648.54
 17.385 332.752  673.57 992.824 1315.92 1653.54
17.4373 333.752  675.57 995.812 1319.88 1658.54
17.4373  334.76  677.57 998.812 1323.87 1663.55
17.4895  335.76  679.57 1001.81 1327.83 1668.53
17.4895 336.761 681.596 1004.81 1331.83 1673.51
17.4895 337.768 683.596 1007.81 1335.82 1678.52
  17.54 338.744  685.57 1010.81 1339.82 1683.52
17.5916 339.744 687.583 1013.81 1343.75 1688.52
17.5916 340.744 689.616 1016.81 1347.73 1693.52
17.5916 341.747 691.646 1019.81 1351.69 1698.52
17.5916 342.752 693.646 1022.81 1355.69 1703.51
17.5916 343.755 695.675 1025.81 1359.66 1708.51
17.6427 344.755 697.675 1028.79 1363.66 1713.48
17.6427 345.758 699.705 1031.79 1367.63 1718.48
17.6427 346.758 701.737 1034.79  1371.6 1723.48
17.6923 347.734 703.712 1037.79  1375.6 1728.48
17.6923 348.734  705.74 1040.78  1379.6 1733.46
17.7418 349.709 707.714 1043.78  1383.6 1738.46
17.7418  350.71 709.739 1046.78  1387.6 1743.43
17.7924 351.709 711.739 1049.78 1391.55 1748.43
17.8424 352.709  713.74 1052.73 1395.55 1753.43
17.8424 353.709 715.767 1055.72 1399.55 1758.41
17.8929 354.709 717.767 1058.72 1403.52  1763.4
17.8929 355.709 719.795 1061.71 1407.52 1768.38
17.9433 356.709 721.795  1064.7 1411.48 1773.38
17.9936 357.709 723.795 1067.69 1415.44 1778.38
17.9936 358.709 725.827 1070.69 1419.41 1783.37
18.0436 359.705 727.827 1073.69 1423.41 1788.33
18.0932 360.705 729.827 1076.64 1427.41 1793.33
18.1429 361.696 731.827 1079.59 1431.41 1798.33
18.1925 362.696 733.827 1082.54 1435.41 1803.33
18.2424 363.696  735.84 1085.54 1439.35 1808.33
18.2923 364.696 737.853 1088.54 1443.29 1813.33
18.2923 365.696 739.853 1091.55 1447.27 1818.33
18.2923 366.695 741.873 1094.53 1451.27 1823.33
 18.342 367.691 743.873 1097.53 1455.27 1828.29
 18.342  368.69 745.894 1100.51 1459.27 1833.29
18.3917  369.69 747.894  1103.5 1463.27 1838.26
18.4409  370.69 749.894 1106.45 1467.27 1843.26
18.4904  371.69 751.906 1109.45 1471.21 1848.26
18.4904 372.693 753.935 1112.45 1475.18 1853.26
18.4904 373.697 755.935 1115.45 1479.18 1858.25
18.4904   374.7 757.963 1118.45 1483.15 1863.25
18.5397   375.7 759.963 1121.43 1487.15 1868.22
18.5397 376.705 761.963 1124.43 1491.15 1873.22
18.5397 377.705 763.994 1127.43 1495.12 1878.21
18.5397 378.705 766.025 1130.42  1499.1 1883.21
18.5882 379.696 768.025 1133.38  1503.1 1888.21
18.5882 380.703 770.025 1136.38 1507.08 1893.22
18.6368 381.703 772.035 1139.38 1511.08 1898.16
18.6368 382.703 774.066 1142.38 1515.06 1903.15
18.6851 383.703 776.076 1145.38 1519.06 1908.09
18.6851 384.703 778.076 1148.39 1523.05  1913.1
18.6851 385.702 780.095 1151.37 1527.05  1918.1
18.6851 386.709 782.095 1154.38 1531.03  1923.1
18.6851 387.712 784.123 1157.38    1535  1928.1
 18.733 388.712 786.133 1160.38    1539 1933.04
 18.733 389.719 788.133 1163.38 1542.99 1938.04
18.7808 390.719 790.143 1166.38 1546.99 1942.99
18.8285  391.71 792.143 1169.34 1550.99 1947.99
18.8766  392.71 794.143 1172.33 1554.95 1952.99
18.9246 393.709 796.143 1175.33 1558.91 1957.99
18.9726 394.709 798.143 1178.31 1562.91 1962.96
19.0202 395.709 800.143 1181.27 1566.91 1967.96
19.0202 396.709 802.172 1184.26 1570.88 1972.96
19.0682 397.709 804.172 1187.26 1574.85 1977.94
19.1161 398.709 806.172 1190.25 1578.85 1982.91
19.1641 399.709 808.172 1193.23 1582.81 1987.91
19.2118 400.709 810.182 1196.23 1586.81 1992.85
19.2592 401.709 812.182 1199.19 1590.81 1997.85
19.3072 402.709 814.182 1202.19 1594.78 2002.84
19.3072 403.709 816.211 1205.18 1598.75 2007.84
19.3548 404.709  818.22 1208.18 1602.75 2012.78
19.4021 405.709  820.22 1211.14 1606.75 2017.78
19.4499 406.709  822.22 1214.12 1610.72 2022.78
19.4499 407.714  824.22 1217.12 1614.72 2027.78
19.4977 408.714  826.22 1220.12 1618.69 2032.76
19.4977 409.714  828.25 1223.12 1622.66 2037.75
19.4977 410.714  830.25 1226.13 1626.65 2042.76
 19.545 411.714 832.261 1229.13 1630.59 2047.76
 19.545 412.714 834.261 1232.13 1634.58 2052.77
19.5918 413.714 836.261 1235.09 1638.58 2057.77
19.6387 414.714 838.261 1238.04 1642.58 2062.77
19.6857 415.714  840.27 1241.04 1646.58 2067.71
19.6857 416.714  842.27 1244.05 1650.57 2072.72
19.7329 417.712  844.27 1247.05 1654.52 2077.72
19.7801 418.712  846.27 1250.03 1658.52 2082.69
19.8263  419.69 848.246 1253.03 1662.52 2087.69
19.8734 420.686 850.246 1256.03 1666.52 2092.64
19.9203 421.686 852.255 1259.03 1670.52 2097.59
19.9203 422.693 854.255 1262.03 1674.51 2102.59
19.9675 423.693 856.255 1265.03 1678.48 2107.57
20.0147 424.693 858.255 1268.02 1682.44 2112.57
20.0608 425.671 860.231 1271.02 1686.44 2117.57
20.0608 426.677 862.231 1274.03 1690.43 2122.57
20.0608 427.678 864.253 1277.03 1694.43 2127.55
20.1072 428.678 866.252 1279.98 1698.43 2132.55
20.1539 429.674 868.252 1282.98 1702.43 2137.51
20.2004 430.666 870.252 1285.94 1706.43 2142.51
20.2004 431.666 872.252 1288.95 1710.42 2147.51
 20.247 432.666 874.263 1291.95 1714.36 2152.51
 20.247 433.666 876.291 1294.95 1718.34 2157.51
20.2937 434.666 878.291 1297.93 1722.34 2162.48
20.3402 435.662 880.291 1300.93 1726.34 2167.44
20.3402 436.662  882.32 1303.93 1730.32 2172.43
20.3868 437.662  884.32 1306.93 1734.29 2177.41
20.3868 438.669  886.32 1309.93 1738.27 2182.42
20.3868 439.669 888.344 1312.92 1742.27  2187.4
20.4329 440.669 890.352 1315.92 1746.27 2192.35
20.4329 441.671 892.378 1318.92 1750.25 2197.35
20.4329 442.671 894.405 1321.92 1754.22 2202.35
20.4329 443.671 896.433 1324.92  1758.2 2207.34
20.4329 444.671  898.46 1327.92 1762.18 2212.34
20.4329 445.672 900.482 1330.92 1766.18 2217.32
20.4329 446.674 902.507 1333.92 1770.15 2222.32
20.4329 447.674 904.531 1336.91 1774.15 2227.31
20.4781 448.674 906.531 1339.86 1778.15 2232.31
20.5235 449.674 908.539 1342.86 1782.15 2237.25
20.5235 450.676 910.565 1345.86 1786.12 2242.25
20.5235 451.683 912.565 1348.87 1790.11 2247.25
20.5688 452.679 914.565 1351.87 1794.11 2252.21
20.6142 453.679 916.565 1354.86 1798.08 2257.21
20.6142 454.678 918.583 1357.84 1802.08 2262.21
20.6142 455.684 920.583 1360.85 1806.06 2267.21
20.6142  456.69 922.583 1363.85 1810.05 2272.22
20.6592 457.687 924.583 1366.85 1814.05 2277.17
20.6592 458.687 926.583 1369.85 1818.04 2282.18
20.7038 459.687 928.582 1372.81 1822.04 2287.18
20.7484 460.687 930.582 1375.76 1826.04 2292.18
20.7484 461.687 932.609 1378.76 1830.02 2297.17
20.7484 462.687 934.637 1381.76    1834 2302.17
20.7923 463.666 936.614 1384.76    1838 2307.17
20.7923 464.665 938.632 1387.75    1842 2312.17
 20.837 465.665 940.632 1390.73 1845.96 2317.17
 20.837 466.665 942.653 1393.73 1849.96 2322.15
20.8812 467.665 944.652 1396.69 1853.96 2327.15
20.9254 468.665 946.652 1399.65 1857.96 2332.15
20.9254 469.665 948.679 1402.65 1861.94 2337.14
20.9696 470.658 950.679 1405.61 1865.94 2342.14
21.0139 471.658 952.687 1408.61 1869.94 2347.09
21.0585 472.658 954.687  1411.6 1873.91 2352.09
21.0585 473.662 956.687  1414.6 1877.91 2357.09
21.1028 474.658 958.687  1417.6 1881.91 2362.04
21.1473 475.658 960.687 1420.59 1885.88 2367.04
21.1473 476.657 962.705 1423.57 1889.88 2372.04
21.1916 477.655 964.705 1426.57 1893.83 2377.04
21.1916 478.658 966.729 1429.57 1897.81 2382.04
21.2356 479.658 968.737 1432.57 1901.81 2386.99
21.2356 480.658 970.764 1435.57 1905.79 2391.99
21.2798 481.658 972.764 1438.55 1909.79 2396.96
21.2798 482.664 974.764 1441.56 1913.78 2401.96
21.3238 483.664 976.764 1444.54 1917.78 2406.93
21.3238  484.67 978.764 1447.54 1921.76 2411.94
21.3238 485.675 980.764 1450.54 1925.75 2416.94
21.3677 486.675 982.764 1453.53 1929.75 2421.91
21.3677 487.682 984.764 1456.53 1933.74 2426.91
21.3677 488.681 986.781 1459.51 1937.74 2431.91
21.4112 489.681 988.791 1462.51 1941.69 2436.91
21.4547 490.681 990.799 1465.51 1945.69 2441.86
21.4982 491.681 992.808 1468.51 1949.64 2446.86
21.5419 492.681 994.808  1471.5  1953.6 2451.86
21.5856 493.681 996.808 1474.49  1957.6 2456.84
21.5856 494.681 998.831 1477.48  1961.6 2461.82
21.5856 495.681 1000.85 1480.48  1965.6  2466.8
21.5856 496.687 1002.85 1483.48 1969.59  2471.8
21.6289 497.687 1004.86 1486.48 1973.54  2476.8
21.6289 498.688 1006.88 1489.48 1977.54 2481.78
21.6289 499.688 1008.91 1492.48 1981.52 2486.77
21.6717 500.688 1010.91 1495.44 1985.52 2491.77
21.7142 501.667 1012.88 1498.44 1989.52 2496.77
21.7574 502.665 1014.88 1501.44 1993.48 2501.77
21.7574 503.665 1016.91 1504.44 1997.46 2506.77
21.7997 504.645 1018.89 1507.44 2001.46 2511.77
21.7997 505.645 1020.91 1510.44 2005.44 2516.77
21.8427 506.643 1022.91 1513.44 2009.39 2521.77
21.8427 507.643 1024.91 1516.44 2013.38 2526.77
21.8858 508.643 1026.91 1519.43 2017.35 2531.77
21.8858 509.644 1028.93 1522.43 2021.35 2536.75
21.8858 510.644 1030.96 1525.42 2025.35 2541.74
21.8858 511.643 1032.97 1528.41 2029.35 2546.74
21.8858 512.647 1034.97 1531.41 2033.35 2551.74
21.9285 513.647 1036.97  1534.4 2037.32 2556.74
21.9703 514.627 1038.95  1537.4 2041.32 2561.74
22.0131 515.627 1040.95  1540.4 2045.29 2566.72
22.0131 516.627 1042.98 1543.39 2049.27 2571.72
22.0555 517.627 1044.99 1546.39 2053.22 2576.72
22.0977 518.627 1046.98 1549.35 2057.22 2581.72
22.0977 519.627    1049 1552.35 2061.22  2586.7
22.1398 520.627    1051 1555.31 2065.22  2591.7
22.1398 521.629 1053.03 1558.31 2069.19  2596.7
22.1398 522.635 1055.03 1561.31 2073.18  2601.7
22.1398 523.635 1057.05 1564.31 2077.16  2606.7
22.1812 524.615 1059.03 1567.31 2081.16  2611.7
22.1812 525.617 1061.05 1570.31 2085.14  2616.7
22.2232 526.617 1063.06 1573.31 2089.14 2621.65
22.2654 527.617 1065.06  1576.3 2093.11 2626.65
22.3077 528.617 1067.06  1579.3 2097.08 2631.64
22.3497 529.617 1069.07  1582.3 2101.03 2636.64
22.3497 530.617 1071.09  1585.3 2105.03 2641.62
 22.391 531.597 1073.07  1588.3 2109.03 2646.62
 22.391 532.598 1075.09  1591.3 2113.03  2651.6
 22.391   533.6 1077.11  1594.3    2117  2656.6
22.4325   534.6 1079.11 1597.26    2121  2661.6
22.4736  535.58 1081.09 1600.26    2125  2666.6
22.4736  536.58 1083.11 1603.25 2128.98  2671.6
22.4736 537.586 1085.11 1606.26 2132.97  2676.6
22.4736 538.586 1087.14 1609.26 2136.95 2681.59
22.5154 539.586 1089.14 1612.25 2140.92 2686.59
22.5569 540.586 1091.15 1615.25 2144.87 2691.59
22.5986 541.584 1093.15 1618.25 2148.83 2696.59
22.6395 542.564 1095.12 1621.25 2152.83 2701.59
 22.681 543.564 1097.13 1624.25 2156.83 2706.54
22.7226 544.561 1099.13 1627.25 2160.83 2711.51
22.7639 545.561 1101.13 1630.21 2164.83 2716.51
22.8056 546.561 1103.13 1633.19 2168.83 2721.48
22.8056 547.561 1105.15 1636.18 2172.83 2726.47
22.8473 548.561 1107.15 1639.18  2176.8 2731.45
22.8473 549.563 1109.17 1642.18 2180.78 2736.45
 22.888 550.543 1111.15 1645.18 2184.78 2741.45
 22.888 551.543 1113.18 1648.18 2188.76 2746.45
 22.888 552.543  1115.2 1651.18 2192.74 2751.45
 22.888 553.543 1117.22 1654.18 2196.74 2756.43
 22.888 554.549 1119.22 1657.19 2200.73 2761.43
 22.888 555.552 1121.22 1660.19 2204.73 2766.42
 22.888 556.553 1123.24 1663.19 2208.73 2771.41
 22.888 557.558 1125.24 1666.19 2212.72 2776.41
 22.888 558.563 1127.24 1669.19 2216.71 2781.42
 22.888 559.567 1129.24 1672.18 2220.71 2786.41
22.9286 560.559 1131.24 1675.15 2224.71 2791.41
22.9286  561.56 1133.26 1678.15 2228.71 2796.39
22.9286  562.56 1135.28 1681.15 2232.71 2801.38
22.9692  563.56 1137.28 1684.15 2236.66 2806.38
22.9692  564.56 1139.31 1687.15 2240.64 2811.37
23.0098 565.558 1141.31 1690.15  2244.6 2816.37
23.0503 566.558 1143.32 1693.15 2248.55 2821.37
 23.091 567.558 1145.32 1696.15 2252.53 2826.36
23.1313 568.558 1147.32 1699.11 2256.53 2831.36
23.1313 569.563 1149.32 1702.11 2260.52 2836.36
 23.172 570.563 1151.32 1705.11 2264.49 2841.35
 23.172 571.563 1153.34 1708.11 2268.47 2846.34
 23.172 572.563 1155.36 1711.11 2272.45 2851.34
23.2125 573.563 1157.36 1714.11 2276.42 2856.33
23.2125 574.563 1159.39  1717.1  2280.4 2861.33
23.2521 575.544 1161.37  1720.1  2284.4 2866.33
23.2521 576.549 1163.37 1723.11 2288.39 2871.33
23.2521 577.548 1165.38 1726.09 2292.39 2876.33
23.2521 578.548 1167.38  1729.1 2296.38 2881.33
23.2521 579.547  1169.4 1732.08 2300.38 2886.33
23.2521 580.547 1171.42 1735.08 2304.38 2891.32
23.2921 581.544 1173.42 1738.08 2308.38 2896.29
23.2921 582.546 1175.44 1741.08 2312.36 2901.29
23.3321 583.546 1177.44 1744.07 2316.33 2906.29
23.3321 584.551 1179.44 1747.07 2320.32 2911.29
23.3712 585.532 1181.42 1750.07 2324.32 2916.29
23.3712 586.532 1183.44 1753.06 2328.32 2921.27
23.3712 587.534 1185.46 1756.06  2332.3 2926.27
23.3712 588.534 1187.49 1759.06 2336.28 2931.27
23.3712 589.534 1189.49 1762.07 2340.27 2936.27
23.4108 590.534 1191.49 1765.05 2344.27 2941.25
23.4108 591.534 1193.51 1768.05 2348.27 2946.24
23.4502 592.534 1195.51 1771.05 2352.27 2951.19
23.4896 593.531 1197.51 1774.05 2356.27 2956.15
23.4896 594.534 1199.51 1777.05 2360.27 2961.15
23.4896 595.534 1201.53 1780.04 2364.27 2966.14
 23.529 596.532 1203.53 1783.04 2368.23 2971.14
23.5681 597.532 1205.53    1786 2372.23 2976.14
23.5681 598.534 1207.55    1789 2376.21 2981.14
23.5681 599.534 1209.55    1792  2380.2 2986.14
23.5681 600.537 1211.55    1795  2384.2 2991.14
23.6073 601.537 1213.55 1797.99  2388.2 2996.12
23.6073 602.541 1215.55 1800.99  2392.2 3001.11
23.6073 603.541 1217.57 1803.98  2396.2  3006.1
23.6463 604.539 1219.57 1806.98 2400.16  3011.1
23.6463 605.539  1221.6 1809.98 2404.14  3016.1
 23.685 606.539 1223.59 1812.94 2408.14  3021.1
 23.685  607.54 1225.62 1815.94 2412.12  3026.1
23.7237  608.54 1227.61  1818.9 2416.12  3031.1
23.7626 609.539 1229.61  1821.9 2420.08  3036.1
23.8012 610.539 1231.61 1824.86 2424.08  3041.1
23.8012  611.54 1233.63 1827.86 2428.06  3046.1
  23.84 612.537 1235.63 1830.86 2432.06 3051.07
23.8788 613.534 1237.63 1833.86 2436.06 3056.03
23.8788 614.534 1239.65 1836.86 2440.06 3061.02
23.8788 615.534 1241.65 1839.86 2444.05 3066.02
23.8788 616.534 1243.67 1842.85 2448.05 3071.01
23.9174 617.532 1245.67 1845.85 2452.01 3076.01
23.9561  618.53 1247.67 1848.85 2455.98 3081.01
23.9561 619.532 1249.69 1851.85 2459.95 3086.01
23.9561 620.537 1251.69 1854.86 2463.94 3091.01
23.9944 621.537 1253.69 1857.82 2467.94 3096.01
 24.033 622.537 1255.69 1860.82 2471.92    3101
24.0714 623.537  1257.7 1863.82 2475.87    3106
24.0714 624.537  1259.7 1866.82 2479.86    3111
24.0714 625.542  1261.7 1869.82 2483.85 3116.01
24.0714 626.542  1263.7 1872.83 2487.84 3121.01
24.1096 627.535  1265.7  1875.8 2491.84 3126.01
24.1096  628.54  1267.7  1878.8 2495.83 3131.01
24.1478  629.54 1269.71  1881.8 2499.79 3136.01
24.1861 630.538 1271.71  1884.8 2503.75 3141.01
24.2244 631.538 1273.71 1887.79 2507.75 3145.99
24.2244 632.537 1275.72 1890.77 2511.75 3150.99
24.2625 633.537 1277.73 1893.77  2515.7 3155.99
24.3006  634.53 1279.73 1896.74  2519.7 3160.99
24.3006  635.53 1281.76 1899.74 2523.69 3165.99
24.3388  636.53 1283.76 1902.72 2527.69 3170.97
24.3767  637.53 1285.75 1905.69 2531.69 3175.97
24.4148  638.53 1287.75 1908.67 2535.69 3180.94
 24.453 639.528 1289.75 1911.67 2539.65 3185.94
 24.453  640.53 1291.77 1914.67 2543.63 3190.94
 24.491  641.53 1293.78 1917.67 2547.58 3195.94
24.5291 642.528 1295.78 1920.67 2551.55 3200.94
24.5291 643.528  1297.8 1923.67 2555.53 3205.94
24.5291 644.528 1299.83 1926.67 2559.51 3210.94
24.5669 645.521 1301.83 1929.64 2563.51 3215.94
24.5669 646.526 1303.83 1932.64  2567.5 3220.94
24.6048 647.526 1305.83 1935.64 2571.45 3225.94
24.6426 648.526 1307.84 1938.64 2575.45  3230.9
24.6426 649.526 1309.86 1941.64 2579.43  3235.9
24.6426 650.531 1311.86 1944.64 2583.43  3240.9
24.6805 651.531 1313.86 1947.64  2587.4 3245.89
24.7182 652.528 1315.86 1950.64  2591.4 3250.85
24.7182 653.529 1317.88 1953.64 2595.38 3255.85
24.7182 654.529  1319.9 1956.64 2599.36 3260.85
24.7553 655.512 1321.88 1959.64 2603.36 3265.85
24.7553 656.512 1323.91 1962.64 2607.34 3270.85
24.7929 657.508 1325.91 1965.64 2611.34 3275.81
24.7929 658.513 1327.91 1968.64 2615.33 3280.81
24.7929 659.513 1329.93 1971.64 2619.31 3285.81
24.8305 660.513 1331.93 1974.62 2623.31 3290.79
24.8677 661.513 1333.93 1977.59 2627.31 3295.79
24.9053 662.511 1335.93 1980.59 2631.28 3300.79
24.9428 663.511 1337.93 1983.57 2635.28 3305.77
24.9801 664.511 1339.93 1986.54 2639.28 3310.77
24.9801 665.516 1341.93 1989.54 2643.27 3315.77
24.9801 666.516 1343.93 1992.54 2647.26 3320.78
24.9801 667.516 1345.95 1995.53 2651.26 3325.76
24.9801 668.516 1347.97 1998.53 2655.24 3330.76
24.9801 669.516 1349.98 2001.53 2659.24 3335.74
25.0172 670.516 1351.99 2004.53  2663.2 3340.74
25.0172 671.516 1354.01 2007.53 2667.18 3345.74
25.0538 672.499 1355.99 2010.53 2671.18 3350.74
25.0538   673.5 1358.01 2013.53 2675.16 3355.74
25.0908   674.5 1360.02 2016.53 2679.16  3360.7
25.0908 675.503 1362.02 2019.53 2683.16  3365.7
25.0908 676.503 1364.02 2022.53 2687.15  3370.7
25.0908 677.508 1366.02 2025.53 2691.14 3375.71
25.0908 678.508 1368.04 2028.53 2695.12 3380.71
25.0908 679.512 1370.04 2031.53 2699.11 3385.71
25.1278 680.512 1372.04 2034.52 2703.08 3390.71
25.1278 681.512 1374.06 2037.52 2707.07 3395.71
25.1645 682.512 1376.07 2040.52 2711.02 3400.71
25.2012 683.512 1378.08 2043.52 2715.02 3405.66
25.2012 684.517 1380.08 2046.52 2719.01 3410.67
 25.238 685.517 1382.08 2049.52 2722.99 3415.66
25.2742   686.5 1384.06 2052.52 2726.99 3420.66
 25.311   687.5 1386.06 2055.51 2730.99 3425.63
 25.311 688.504 1388.06 2058.51 2734.98 3430.64
25.3474 689.504 1390.06 2061.47 2738.98 3435.64
25.3474 690.506 1392.08 2064.47 2742.96 3440.64
25.3474 691.508  1394.1 2067.47 2746.94 3445.64
25.3839 692.508  1396.1 2070.47 2750.94  3450.6
25.4204 693.508 1398.11 2073.47 2754.89  3455.6
25.4204 694.507 1400.12 2076.46 2758.89  3460.6
25.4568 695.507 1402.13 2079.46 2762.85  3465.6
25.4931 696.507 1404.13 2082.43 2766.85  3470.6
25.5297 697.507 1406.13 2085.42 2770.82  3475.6
25.5657 698.489 1408.11 2088.42 2774.82  3480.6
25.5657 699.494 1410.11 2091.42 2778.81  3485.6
25.5657 700.495 1412.13 2094.42 2782.79  3490.6
25.6021 701.492 1414.13 2097.42 2786.79 3495.57
25.6384 702.492 1416.14 2100.42 2790.75 3500.57
25.6746 703.492 1418.14 2103.38 2794.75 3505.57
25.7111 704.492 1420.14 2106.37 2798.72 3510.57
25.7473 705.492 1422.14 2109.34 2802.72 3515.57
25.7836 706.492 1424.14 2112.34 2806.72 3520.53
25.8199 707.486 1426.14 2115.31 2810.72 3525.53
25.8561 708.486 1428.14 2118.27 2814.72 3530.53
25.8926 709.486 1430.14 2121.27  2818.7 3535.51
25.9291 710.486 1432.14 2124.26 2822.67 3540.51
25.9656 711.486 1434.14 2127.26 2826.65  3545.5
26.0021 712.486 1436.14 2130.25 2830.65 3550.48
26.0384 713.486 1438.15 2133.25 2834.65 3555.44
26.0748 714.482 1440.15 2136.25 2838.65  3560.4
26.1111 715.482 1442.15 2139.25  2842.6  3565.4
26.1111 716.485 1444.15 2142.25  2846.6  3570.4
26.1475 717.485 1446.15 2145.24 2850.58  3575.4
26.1839 718.485 1448.15 2148.22 2854.58 3580.38
26.1839 719.485 1450.17 2151.22 2858.56 3585.37
26.2203 720.485 1452.17 2154.21 2862.56 3590.35
26.2203 721.485 1454.19 2157.21 2866.56 3595.34
26.2203 722.485 1456.19 2160.21 2870.55 3600.34
26.2203 723.486 1458.21 2163.21 2874.55 3605.33
26.2203 724.489 1460.21 2166.21 2878.55 3610.32
26.2562 725.489  1462.2 2169.18 2882.55 3615.32
26.2562 726.493  1464.2 2172.18 2886.54 3620.32
26.2562 727.493 1466.22 2175.18 2890.53 3625.32
26.2562 728.498 1468.22 2178.18 2894.52 3630.32
26.2562 729.498 1470.22 2181.19 2898.51 3635.33
26.2916 730.481 1472.21 2184.19 2902.51 3640.33
26.2916  731.48 1474.22 2187.18 2906.51 3645.33
26.2916  732.48 1476.24 2190.18 2910.51 3650.31
26.2916  733.48 1478.26 2193.17 2914.49 3655.31
26.3274  734.48 1480.26 2196.17 2918.47  3660.3
26.3274  735.48 1482.28 2199.17 2922.45 3665.29
26.3274  736.48  1484.3 2202.17 2926.43 3670.29
26.3632  737.48  1486.3 2205.17 2930.41 3675.28
26.3632  738.48  1488.3 2208.18  2934.4 3680.28
26.3987 739.474  1490.3 2211.15  2938.4 3685.28
26.4344 740.474  1492.3 2214.15 2942.38 3690.27
26.4344 741.478  1494.3 2217.15 2946.37 3695.27
26.4699 742.478  1496.3 2220.15 2950.33 3700.27
26.5054 743.478 1498.31 2223.15 2954.28 3705.27
26.5054 744.482 1500.31 2226.15 2958.27 3710.28
26.5054 745.487 1502.31 2229.15 2962.27 3715.28
26.5054 746.486 1504.32 2232.13 2966.27 3720.28
26.5407 747.479 1506.32 2235.11 2970.27 3725.28
26.5762 748.479 1508.32 2238.11 2974.24 3730.27
26.5762 749.479 1510.34 2241.09 2978.24 3735.27
26.6116 750.477 1512.34 2244.09 2982.21 3740.27
26.6116 751.481 1514.34 2247.09  2986.2 3745.28
26.6471 752.481 1516.34 2250.09 2990.18 3750.27
26.6471 753.481 1518.35 2253.09 2994.18 3755.25
26.6825 754.481 1520.35 2256.09 2998.15 3760.24
26.6825 755.481 1522.37 2259.08 3002.14 3765.24
26.7176 756.475 1524.37 2262.06 3006.14 3770.24
26.7529 757.475 1526.37 2265.06 3010.11 3775.23
26.7881 758.471 1528.37 2268.06 3014.11  3780.2
26.7881 759.471 1530.39 2271.05  3018.1  3785.2
26.7881 760.476 1532.39 2274.05 3022.09  3790.2
26.7881 761.476 1534.41 2277.05 3026.07  3795.2
26.7881 762.476 1536.43 2280.05 3030.05  3800.2
26.8231 763.476 1538.44 2283.05 3034.01  3805.2
26.8582 764.476 1540.44 2286.04 3037.99  3810.2
26.8582 765.477 1542.46 2289.04 3041.97  3815.2
26.8582 766.482 1544.46 2292.05 3045.96  3820.2
26.8933 767.482 1546.46 2295.05 3049.94 3825.18
26.8933 768.482 1548.48 2298.04 3053.92 3830.18
26.9283 769.482 1550.48 2301.03 3057.92 3835.16
26.9627 770.465 1552.46 2304.03 3061.92 3840.16
26.9627  771.47 1554.46 2307.03 3065.91 3845.16
26.9627  772.47 1556.46 2310.04  3069.9 3850.17
26.9627  773.47 1558.48 2313.04 3073.88 3855.17
26.9976  774.47 1560.48 2316.04 3077.86 3860.16
26.9976 775.471  1562.5 2319.04 3081.84 3865.16
27.0321 776.471  1564.5    2322 3085.84 3870.16
27.0668 777.468  1566.5    2325 3089.84 3875.12
27.0668 778.468 1568.51    2328 3093.84 3880.11
27.1015 779.468 1570.51 2330.98 3097.84 3885.09
27.1362 780.466 1572.51 2333.98 3101.81 3890.09
27.1708  781.46 1574.51 2336.95 3105.81 3895.09
27.1708 782.459 1576.53 2339.94 3109.81 3900.09
27.1708 783.459 1578.54 2342.94 3113.81 3905.08
27.2053 784.459 1580.55 2345.94 3117.77 3910.08
27.2397 785.459 1582.55  2348.9 3121.77 3915.08
27.2397 786.459 1584.57  2351.9 3125.75 3920.08
27.2743 787.456 1586.57  2354.9 3129.75 3925.05
27.3089 788.456 1588.57 2357.89 3133.75 3930.02
27.3435 789.456 1590.57 2360.88 3137.75    3935
 27.378 790.456 1592.58 2363.88 3141.71    3940
 27.378 791.456  1594.6 2366.88 3145.69    3945
27.4125 792.456  1596.6 2369.86 3149.69 3949.98
27.4469 793.456  1598.6 2372.86 3153.69 3954.94
27.4469 794.455 1600.61 2375.85 3157.69 3959.94
27.4812 795.455 1602.61 2378.82 3161.69 3964.94
27.5156 796.452 1604.61 2381.82 3165.69 3969.91
  27.55 797.446 1606.61 2384.79 3169.69 3974.91
27.5844 798.446 1608.62 2387.79 3173.65 3979.91
27.5844 799.446 1610.64 2390.79 3177.64  3984.9
27.5844 800.447 1612.66 2393.79 3181.62  3989.9
27.6188 801.447 1614.66 2396.78 3185.62 3994.88
27.6188 802.447 1616.68 2399.77  3189.6 3999.88
27.6531 803.447 1618.68 2402.77 3193.56 4004.88
27.6874 804.444 1620.68 2405.77 3197.56 4009.85
27.7218 805.444 1622.68 2408.77 3201.54 4014.84
27.7562 806.441 1624.68 2411.77 3205.54 4019.81
27.7904 807.441 1626.69 2414.77 3209.54 4024.77
27.8247 808.438 1628.69 2417.77 3213.54 4029.74
27.8586 809.422 1630.67 2420.77 3217.54 4034.74
27.8924 810.406 1632.65 2423.77 3221.54 4039.74
27.8924  811.41 1634.65 2426.78 3225.53 4044.74
27.8924 812.411 1636.67 2429.78 3229.51 4049.74
27.9268 813.411 1638.67 2432.77 3233.49 4054.74
27.9268 814.411 1640.69 2435.76 3237.49 4059.73
27.9268 815.416 1642.69 2438.77 3241.48 4064.73
27.9268 816.416 1644.69 2441.77 3245.47 4069.73
 27.961 817.416 1646.69 2444.76 3249.45 4074.73
27.9952 818.416 1648.69 2447.76 3253.42 4079.72
28.0293 819.412 1650.69 2450.76 3257.42 4084.69
28.0635 820.412 1652.69 2453.75  3261.4 4089.69
28.0635 821.412  1654.7 2456.75 3265.38 4094.69
28.0635 822.412 1656.72 2459.74 3269.38 4099.68
28.0635 823.412 1658.74 2462.73 3273.38 4104.67
28.0976 824.412 1660.74 2465.73 3277.36 4109.67
28.0976 825.412 1662.76 2468.72 3281.34 4114.67
28.0976 826.411 1664.77 2471.71 3285.34 4119.67
28.0976 827.416 1666.77 2474.71 3289.33 4124.67
28.0976  828.42 1668.77 2477.72 3293.33 4129.67
 28.131 829.404 1670.75 2480.72 3297.33 4134.67
 28.131 830.403 1672.76 2483.71 3301.33 4139.67
 28.131 831.403 1674.78 2486.71 3305.31 4144.67
 28.131 832.405  1676.8 2489.71 3309.29 4149.67
28.1642 833.389 1678.78 2492.71 3313.29 4154.67
28.1978 834.383 1680.78 2495.68 3317.29 4159.67
28.2315 835.383 1682.79 2498.68 3321.29 4164.63
28.2315 836.387 1684.79 2501.68 3325.28 4169.63
28.2652 837.387 1686.79 2504.67 3329.26 4174.63
28.2652 838.387 1688.81 2507.67 3333.24 4179.62
28.2987 839.381 1690.81 2510.65 3337.24 4184.62
28.3323 840.381 1692.81 2513.65  3341.2 4189.62
28.3323 841.381 1694.83 2516.65 3345.19 4194.62
28.3658 842.374 1696.83 2519.62 3349.19 4199.62
28.3658 843.378 1698.83 2522.62 3353.18 4204.63
28.3658 844.381 1700.83 2525.62 3357.18 4209.62
28.3991 845.375 1702.83 2528.59 3361.18 4214.62
28.3991 846.377 1704.83 2531.59 3365.18 4219.62
28.4327 847.377 1706.83 2534.59 3369.16 4224.61
28.4661 848.377 1708.84 2537.59 3373.16 4229.57
28.4996 849.376 1710.84 2540.59 3377.13 4234.57
28.4996 850.376 1712.84 2543.59 3381.12 4239.58
28.5331 851.376 1714.84 2546.58 3385.09 4244.58
28.5331 852.379 1716.84 2549.58 3389.09 4249.58
28.5665 853.377 1718.84 2552.58 3393.05 4254.58
28.5998 854.371 1720.84 2555.56 3397.05 4259.58
28.6331 855.371 1722.84 2558.56 3401.02 4264.58
28.6664 856.371 1724.84 2561.52 3405.02 4269.58
28.6997 857.368 1726.84 2564.52 3409.02 4274.55
28.6997 858.368 1728.84 2567.53 3413.01 4279.56
 28.733 859.368 1730.85 2570.53 3417.01 4284.52
28.7664 860.368 1732.85 2573.51 3421.01  4289.5
28.7997 861.365 1734.85 2576.51 3425.01 4294.47
28.8332 862.365 1736.85 2579.51 3428.99 4299.46
28.8663 863.365 1738.84 2582.48 3432.99 4304.46
28.8663 864.366 1740.86 2585.48 3436.97 4309.46
28.8996 865.366 1742.87 2588.48 3440.97 4314.42
28.8996 866.366 1744.88 2591.48 3444.97  4319.4
 28.933 867.366 1746.88 2594.48 3448.95 4324.39
28.9663 868.366 1748.88 2597.48 3452.92 4329.38
28.9663 869.366  1750.9 2600.48 3456.92 4334.37
28.9663 870.366  1752.9 2603.48 3460.92 4339.38
28.9663 871.366 1754.91 2606.48 3464.92 4344.36
28.9663 872.367 1756.92 2609.48 3468.92 4349.35
28.9663 873.367 1758.94 2612.48 3472.92 4354.33
 28.999 874.351 1760.92 2615.48 3476.92 4359.33
29.0319 875.351 1762.92 2618.45 3480.92 4364.33
29.0319 876.355 1764.92 2621.45 3484.91 4369.33
29.0319 877.354 1766.93 2624.44 3488.91 4374.33
29.0319 878.358 1768.93 2627.44  3492.9 4379.33
29.0319 879.358 1770.95 2630.44  3496.9 4384.32
29.0319 880.357 1772.96 2633.43  3500.9 4389.32
29.0319 881.357 1774.97 2636.43  3504.9 4394.31
29.0319 882.357 1776.97 2639.43 3508.89 4399.32
29.0648 883.357 1778.97 2642.43 3512.87  4404.3
29.0648 884.357 1780.99 2645.42 3516.87  4409.3
29.0648 885.359 1782.99 2648.42 3520.87  4414.3
29.0976 886.359 1784.99  2651.4 3524.87 4419.28
29.1299 887.344 1786.97  2654.4 3528.87 4424.28
29.1627 888.341 1788.97  2657.4 3532.87 4429.25
29.1627  889.34 1790.98 2660.39 3536.87 4434.25
29.1952  890.34 1792.98 2663.36 3540.87 4439.25
29.1952 891.342 1794.98 2666.36 3544.87 4444.25
29.2279  892.34 1796.98 2669.36 3548.84 4449.25
29.2279 893.344 1798.98 2672.36 3552.83 4454.25
29.2606 894.344 1800.98 2675.35 3556.83 4459.23
29.2606 895.344 1802.99 2678.35 3560.83 4464.22
29.2932 896.344 1804.99 2681.34 3564.81 4469.22
29.3257 897.344 1806.99 2684.31 3568.81 4474.22
29.3257 898.346 1809.01 2687.31 3572.79 4479.22
29.3257 899.348 1811.01  2690.3 3576.79 4484.22
29.3582 900.345 1813.01  2693.3 3580.79 4489.19
29.3582 901.349 1815.01 2696.31 3584.79 4494.19
29.3908 902.349 1817.01  2699.3 3588.76 4499.19
29.4232 903.349 1819.02  2702.3 3592.72 4504.19
29.4232 904.353 1821.02  2705.3 3596.72  4509.2
29.4555 905.347 1823.02 2708.27 3600.72  4514.2
 29.488 906.344 1825.02 2711.27 3604.72 4519.17
 29.488 907.348 1827.02 2714.28 3608.71 4524.17
  29.52 908.332    1829 2717.28 3612.71 4529.17
  29.52 909.336    1831 2720.28  3616.7 4534.17
  29.52 910.336 1833.02 2723.28 3620.69 4539.17
  29.52 911.336 1835.02 2726.28 3624.68 4544.17
  29.52 912.336 1837.02 2729.28 3628.67 4549.18
  29.52  913.34 1839.02 2732.28 3632.66 4554.18
29.5522 914.337 1841.02 2735.28 3636.66 4559.15
29.5845 915.337 1843.02 2738.27 3640.66 4564.13
29.5845 916.337 1845.03 2741.27 3644.66 4569.12
29.5845 917.336 1847.04 2744.26 3648.66 4574.12
29.5845 918.336 1849.06 2747.25 3652.65 4579.12
29.5845  919.34 1851.06 2750.26 3656.64 4584.12
29.5845  920.34 1853.07 2753.25 3660.64 4589.11
29.6166  921.34 1855.07 2756.25 3664.62  4594.1
29.6487 922.338 1857.07 2759.25 3668.59  4599.1
29.6808 923.338 1859.07 2762.24 3672.59 4604.08
29.6808 924.338 1861.07 2765.24 3676.58 4609.08
29.6808 925.339 1863.09 2768.24 3680.56 4614.08
29.7129 926.339 1865.09 2771.23 3684.54 4619.08
29.7449 927.339 1867.09 2774.22 3688.54 4624.06
29.7449  928.34 1869.11 2777.22 3692.52 4629.06
29.7768 929.335 1871.11  2780.2 3696.52 4634.06
29.7768 930.338 1873.11  2783.2 3700.52 4639.06
29.8086 931.333 1875.11 2786.17 3704.52 4644.06
29.8086 932.336 1877.11 2789.17 3708.51 4649.07
29.8086 933.336 1879.12 2792.17 3712.51 4654.06
29.8406 934.336 1881.12 2795.17 3716.49 4659.05
29.8406 935.335 1883.13 2798.16 3720.49 4664.05
29.8406 936.339 1885.13 2801.16 3724.48 4669.05
29.8723 937.336 1887.13 2804.16 3728.48 4674.02
29.8723 938.336 1889.15 2807.15 3732.48 4679.01
29.8723 939.339 1891.15 2810.15 3736.48 4684.01
29.8723 940.339 1893.15 2813.16 3740.47 4689.01
29.9041 941.339 1895.15 2816.16 3744.45    4694
29.9041 942.339 1897.16 2819.15 3748.45 4698.99
29.9359 943.339 1899.16 2822.15 3752.43 4703.98
29.9675 944.337 1901.16 2825.15  3756.4 4708.98
29.9675  945.34 1903.16 2828.15  3760.4 4713.98
29.9675  946.34 1905.18 2831.15  3764.4 4718.97
29.9987 947.326 1907.16 2834.15  3768.4 4723.97
30.0303 948.324 1909.16 2837.15 3772.37 4728.97
30.0303 949.327 1911.16 2840.15 3776.36 4733.97
30.0303 950.327 1913.17 2843.15 3780.36 4738.96
30.0303 951.327 1915.19 2846.15 3784.34 4743.96
30.0618 952.326 1917.19 2849.15 3788.31 4748.96
30.0618 953.326 1919.19 2852.15 3792.31 4753.96
30.0618 954.328 1921.19 2855.15 3796.31 4758.96
30.0929 955.313 1923.17 2858.15 3800.31 4763.96
30.0929 956.313 1925.19 2861.15 3804.29 4768.96
30.1239 957.299 1927.17 2864.15 3808.29 4773.96
30.1239 958.299 1929.19 2867.14 3812.29 4778.95
30.1553 959.299 1931.19 2870.13 3816.29 4783.93
30.1867 960.297 1933.19 2873.13 3820.26 4788.93
 30.218 961.294 1935.19 2876.13 3824.26 4793.91
30.2492 962.288 1937.19 2879.11 3828.26 4798.91
30.2805 963.288 1939.19 2882.08 3832.26 4803.91
30.2805 964.288  1941.2 2885.07 3836.26  4808.9
30.2805 965.288 1943.22 2888.07 3840.26 4813.89
30.2805  966.29 1945.22 2891.06 3844.26 4818.89
30.3118  967.29 1947.22 2894.06 3848.24 4823.89
30.3431  968.29 1949.22 2897.05 3852.22 4828.89
30.3744 969.288 1951.22 2900.05 3856.19 4833.89
30.4056 970.288 1953.22 2903.05 3860.15 4838.89
30.4056 971.288 1955.22 2906.05 3864.14 4843.89
30.4056 972.291 1957.22 2909.05 3868.14 4848.89
30.4056 973.294 1959.22 2912.05 3872.14 4853.89
30.4056 974.296 1961.24 2915.05 3876.12 4858.89
30.4056 975.298 1963.24 2918.05 3880.12 4863.89
30.4367 976.298 1965.24 2921.04 3884.12 4868.87
30.4367 977.298 1967.24 2924.04 3888.11 4873.87
30.4367 978.298 1969.25 2927.04 3892.11 4878.86
30.4367 979.298 1971.27 2930.04  3896.1 4883.86
30.4678 980.298 1973.27 2933.03 3900.08 4888.86
30.4678 981.302 1975.27 2936.03 3904.07 4893.86
30.4987 982.302 1977.27 2939.03 3908.07 4898.83
30.4987 983.302 1979.29 2942.03 3912.06 4903.83
30.4987 984.304 1981.29 2945.03 3916.06 4908.83
30.5296 985.304  1983.3 2948.03 3920.02 4913.83
30.5296 986.304 1985.31 2951.03 3924.02 4918.81
30.5605 987.304 1987.31 2954.02    3928 4923.81
30.5913 988.304 1989.31 2956.99    3932 4928.81
30.6222 989.304 1991.31 2959.98 3935.98 4933.81
30.6531 990.304 1993.31 2962.97 3939.98 4938.79
30.6531 991.308 1995.31 2965.97 3943.97 4943.79
30.6531 992.308 1997.32 2968.97 3947.95 4948.79
30.6839 993.308 1999.33 2971.97 3951.95 4953.76
30.7148 994.308 2001.33 2974.97 3955.93 4958.75
30.7456 995.308 2003.33 2977.97  3959.9 4963.75
30.7763 996.302 2005.33 2980.94  3963.9 4968.75
30.8071 997.302 2007.33 2983.93  3967.9 4973.73
30.8071 998.302 2009.35 2986.93  3971.9 4978.72
30.8071 999.306 2011.35 2989.93 3975.89 4983.72
30.8379 1000.31 2013.35 2992.92 3979.89  4988.7