      1       4       3       4       5       4
      1       5    5.25       7    8.75       9
1.30769 6.53846    7.25 9.15385   12.75      14
1.30769 8.52033    9.25 11.9285   16.75 18.2435
1.51333 9.86014 10.7046 14.9285   20.75 23.2435
1.51333 10.8601 12.8573 17.9285 24.9229 27.9179
1.74441 11.8601 14.8205 20.9285 28.7286 32.9179
1.92851 13.1119 16.3847 23.9285 32.7286 37.9179
2.11262 14.3636 17.9489 26.9285 36.7286 42.9179
2.11262 15.3636 19.9933 29.9956 40.7286 47.8063
2.29063 16.6581 21.9933 32.5231 44.7286 52.8063
2.29063 17.6581 24.0426 35.5535 48.7286 57.7266
2.29063 19.0296 25.9098 38.3148 52.7286 62.7266
2.45415 20.3881 27.9098 41.3148 56.7286 67.2046
2.45415 21.8007 29.9098 44.3148 60.6593 71.8612
2.45415 22.8007 31.9354 47.3148 64.7672 76.7277
2.45415 23.8007 33.9354 50.3219 68.8835 81.6043
2.58235  25.044 35.9354 52.9505 72.8835 86.6043
2.72311  26.044 37.9354 55.8368 76.8564 91.6043
2.72311  27.044 39.9354 58.8241 80.9683 96.5051
2.72311 28.3408 41.9354 61.6448 84.8508 101.505
2.72311 29.3408 43.9802 64.6506 88.8508 106.455
2.72311 30.3408 45.9802  67.635 92.9523 111.369
2.72311 31.3408 48.0008  70.635 97.0373 116.263
2.83656 32.3408 50.0008  73.635  101.08 121.107
2.94713 33.3408   51.95  76.635  105.02 126.107
2.94713 34.5671 53.8608  79.635 108.883 131.107
3.04389  35.702 55.6291  82.635 112.883 136.107
3.15035  36.702 57.5747  85.635 116.831 141.107
3.25077 37.8719 59.5747 88.3647 120.831 146.107
3.25077 38.8719 61.5747 91.3491 124.912 151.041
3.25077 39.8719 63.5693 94.3082 128.958 156.041
 3.3504 40.8719 65.5175 97.3082 132.911 161.041
 3.3504 41.8719 67.5175 100.293 136.987 165.981
3.44981 42.8719 69.5175 103.268 140.987 170.905
3.54509 44.0561 71.5175 106.268 144.987 175.626
3.54509 45.0561 73.5237 109.268 149.054 180.553
3.54509 46.2611   75.49 112.268 153.054 185.381
3.63894 47.2611 77.4885 115.268 157.054 190.289
3.63894 48.4612 79.4562 118.268 161.054 195.121
3.72193 49.5663 81.2681 121.268 165.054 200.121
3.81351 50.5663 83.2681 124.252 169.054 205.045
3.90489 51.5663 85.2634 127.252 173.054 209.959
3.90489 52.7379 87.2006 130.144 177.054 214.959
 3.9944 53.7379 89.2006 133.127 181.054 219.886
 3.9944 54.9198 91.2006 136.127 185.036 224.722
 3.9944  56.088 93.2006 139.023 188.972 229.722
 3.9944  57.088 95.2034 142.023 193.033 234.659
 3.9944 58.2452 97.1332 145.023 196.946 239.659
 4.0748 59.2452 99.0885 148.023  200.91 244.659
 4.0748 60.4056 101.029 150.922  204.91 249.659
 4.0748 61.5849 103.029 153.868  208.91 254.533
 4.0748  62.739  104.96 156.868 212.825 259.533
4.15076  63.739 106.917 159.868 216.793 264.533
4.15076 64.9142 108.917 162.816 220.793  269.41
4.15076 66.0894 110.917 165.763 224.793 274.287
4.15076 67.0894 112.917 168.755  228.85 279.238
4.21995 68.2075 114.917 171.568  232.85 284.238
4.21995 69.3729 116.917 174.568 236.829 289.094
4.21995 70.5403 118.884 177.568 240.829 293.959
4.21995  71.688 120.818 180.568 244.747 298.959
4.28961  72.688 122.813 183.568 248.747 303.895
4.28961 73.8504 124.813 186.568 252.725 308.755
4.28961 74.9956 126.748 189.568 256.644 313.755
4.28961 76.1628 128.748 192.518 260.644 318.638
4.35526 77.1628 130.748 195.464 264.632 323.638
4.41681 78.2533 132.596 198.464 268.632 328.638
4.41681 79.4012 134.596 201.375 272.573 333.638
4.47876 80.5149 136.596   204.2 276.573 338.638
4.47876 81.5149 138.595   207.2  280.62 343.592
4.47876 82.6595 140.541 210.109  284.62 348.592
4.54182 83.6595  142.52 213.067  288.62 353.592
4.54182 84.6595  144.52 216.057 292.669 358.553
4.60445 85.6595 146.513 219.057 296.669 363.498
4.66708 86.6595 148.506 222.057 300.669 368.442
4.72981 87.6595 150.506 225.041 304.669 373.395
4.72981 88.8094 152.506 227.993 308.669 378.293
4.72981 89.9397 154.447 230.993 312.598 383.293
4.72981  91.086 156.415 233.993 316.598 388.178
4.72981 92.2323 158.384 236.993 320.598 393.063
4.72981 93.3786 160.352 239.993 324.598 397.948
4.72981 94.5278 162.352 242.947 328.598 402.846
4.72981  95.677 164.352   245.9 332.598 407.743
4.72981 96.8261 166.352 248.854 336.598 412.641
4.78278 97.9104 168.215 251.854 340.598 417.641
4.78278 98.9104 170.205 254.834 344.627 422.641
4.78278 99.9104 172.202 257.834 348.671   427.6
4.78278 101.042 174.152 260.753 352.671   432.6
4.78278 102.042 176.159 263.759 356.671 437.586
4.83549 103.166 178.159 266.759 360.671 442.409
4.88935 104.166 180.159 269.759 364.689 447.337
 4.9431 105.166  182.14 272.724 368.689 452.337
4.99475 106.265  184.14 275.574 372.689 457.337
 5.0489 107.265  186.14 278.561 376.689 462.296
 5.0489 108.265  188.14 281.553 380.734  467.26
5.09915 109.342 190.012 284.553 384.734  472.26
5.09915 110.342 192.019 287.558 388.734 477.247
5.09915 111.473 194.019 290.558 392.715 482.136
5.09915 112.473 196.016 293.558 396.757 487.097
5.15077 113.473 198.016 296.558 400.774 492.029
 5.2024 114.473 200.016 299.558 404.791  496.96
5.25122 115.547 201.893 302.558 408.791  501.96
5.25122 116.675 203.864 305.558 412.791 506.861
5.25122 117.793 205.864 308.485 416.745 511.861
5.25122 118.911 207.818 311.413 420.745 516.861
5.25122 119.911 209.818 314.405 424.788 521.827
5.25122 120.911 211.814 317.405 428.828 526.791
5.25122 122.027 213.769 320.335 432.828 531.791
 5.2999 123.027  215.75 323.304 436.828 536.791
5.34611 124.099 217.631 326.304 440.828 541.791
5.34611 125.099 219.631 329.296  444.87 546.758
5.39257 126.187 221.631 332.296 448.736 551.758
5.44082 127.187 223.631 335.296 452.751 556.694
5.44082 128.298 225.631 338.226 456.709 561.694
5.44082  129.41 227.587 341.158 460.709 566.694
5.44082  130.41 229.582 344.158 464.747 571.661
5.48803  131.41 231.574 347.158 468.747 576.622
5.53469  132.41 233.543 350.158 472.732 581.622
5.58192  133.41 235.543 353.147 476.732 586.586
5.62892  134.41 237.543 356.147 480.746 591.525
 5.6743 135.494 239.543 359.018 484.746 596.525
 5.6743 136.494 241.533 362.001 488.773 601.525
 5.7209 137.494 243.533 365.001 492.786 606.465
 5.7677 138.494 245.525 368.001 496.786 611.426
5.81426 139.494 247.507 370.972 500.786 616.426
5.86106 140.494 249.499 373.972 504.786 621.387
5.90762 141.494 251.482 376.943 508.786 626.387
5.90762 142.597 253.442 379.881 512.786 631.387
5.95383 143.597 255.424 382.852 516.786 636.387
5.95383 144.694 257.376 385.852 520.737 641.387
5.95383 145.805 259.376 388.815 524.737 646.313
5.99955 146.805 261.368 391.815 528.737 651.275
5.99955 147.805 263.368 394.806 532.773 656.247
5.99955 148.915 265.368  397.77 536.773 661.174
6.04292 149.991 267.368  400.77 540.653 666.174
6.04292 150.991 269.363  403.77 544.688 671.145
6.08743 151.991 271.363  406.77   548.7 676.088
6.13174 152.991 273.363 409.732 552.694 681.088
6.17646 153.991 275.363  412.72 556.694 686.055
6.21901 155.052  277.26  415.72 560.694 691.055
 6.2635 156.052  279.26  418.72 564.705 695.999
6.30728 157.143  281.26  421.72 568.705 700.865
6.35158 158.143  283.26 424.681 572.699 705.865
6.39607 159.143  285.26 427.681 576.711 710.809
6.39607 160.237  287.26 430.622 580.676 715.809
6.39607 161.237 289.255 433.622 584.709 720.781
6.39607 162.328 291.211 436.622 588.663 725.781
6.43963 163.328 293.194 439.595 592.663 730.781
6.48318 164.328 295.177 442.569 596.663 735.781
6.48318 165.328  297.18 445.572 600.663 740.774
6.48318 166.328 299.183 448.576 604.663 745.767
6.48318 167.419 301.183 451.518 608.629 750.767
6.48318 168.519 303.183 454.485 612.629   755.7
6.52562 169.519 305.183 457.485  616.64 760.648
6.52562 170.616  307.16 460.485  620.64 765.573
6.56762 171.616  309.16 463.449 624.634 770.573
6.60916 172.702  311.16 466.449 628.634 775.447
6.60916 173.702 313.163 469.452 632.634  780.44
6.60916 174.702 315.155 472.437 636.657  785.44
6.65076 175.702 317.139 475.412 640.657  790.44
6.65076 176.791 319.104 478.358 644.657  795.44
6.65076 177.886 321.081 481.358 648.657 800.367
6.69023 178.941 322.986 484.358 652.657 805.367
6.69023  180.03 324.951 487.304 656.657 810.367
6.69023 181.115 326.909 490.304 660.614 815.367
6.69023 182.208 328.909 493.304 664.601 820.288
6.73074 183.208 330.901 496.304 668.601 825.256
 6.7711 184.208 332.885  499.28 672.601 830.256
 6.7711 185.294 334.885 502.225 676.569 835.256
6.81139 186.294 336.885 505.214 680.569 840.226
6.81139 187.387 338.862 508.214 684.569 845.157
6.85018 188.455 340.862 511.108 688.569 850.157
6.89024 189.455 342.862 514.097 692.569 855.128
6.89024 190.455 344.857 517.097 696.598 860.103
6.89024 191.455 346.857 520.089 700.629  865.08
6.92945 192.455  348.83 523.089 704.616  870.08
6.92945 193.544  350.83 526.089 708.604 875.004
6.96811 194.623  352.83 529.089 712.604 879.885
7.00676 195.703  354.83 532.089 716.604 884.767
7.04613 196.703  356.83 535.079 720.604 889.738
7.04613 197.787  358.83 538.026 724.573 894.738
7.08458 198.866  360.83 541.026 728.573  899.62
7.12355 199.866 362.815 544.002 732.573  904.62
7.12355 200.866 364.807 546.989 736.594  909.62
7.12355 201.866  366.81 549.992 740.594 914.614
7.12355 202.956  368.81 552.962 744.594 919.554
7.12355 204.035 370.771 555.962 748.554 924.554
7.12355 205.118 372.738 558.912 752.554 929.554
7.16137 206.118 374.738 561.879 756.549 934.554
7.19832 207.182 376.738 564.779 760.549 939.554
7.19832 208.182 378.738 567.771 764.579 944.532
7.23505 209.244 380.738 570.771  768.48 949.532
7.23505  210.33 382.738 573.771 772.467 954.459
7.23505  211.33 384.741 576.773 776.467 959.453
7.27144 212.392 386.741 579.674 780.467 964.453
7.27144 213.392 388.741 582.667 784.496 969.432
7.30761 214.454 390.741 585.667 788.398 974.432
7.34464 215.454 392.741 588.634 792.394 979.432
7.34464 216.538 394.741 591.634 796.381 984.361
7.38172 217.538 396.734 594.634 800.381 989.331
7.38172 218.538 398.734 597.627 804.409  994.31
7.41717 219.588 400.649 600.627 808.409  999.31
7.41717 220.666 402.649 603.578  812.38 1004.31
7.45377 221.666 404.649 606.578 816.388 1009.26
7.45377 222.666 406.642 609.565 820.409 1014.26
7.45377 223.666 408.642 612.557 824.436 1019.24
7.48872 224.715 410.558 615.557 828.436 1024.24
7.48872 225.715 412.561 618.559 832.436 1029.24
7.48872 226.798  414.54 621.559 836.436 1034.18
 7.5246 227.798 416.526 624.537 840.436 1039.18
7.56048 228.798 418.512 627.515 844.436 1044.18
7.56048 229.798 420.512 630.508 848.464 1049.16
7.56048 230.878 422.512 633.508 852.452 1054.09
7.56048 231.878 424.508 636.508 856.478 1059.07
7.59464 232.926 426.426 639.508 860.478 1064.07
7.59464 233.926 428.418 642.496 864.498 1069.07
7.59464 235.001 430.418 645.448 868.471 1074.07
7.62882 236.058 432.418 648.448 872.379 1079.07
7.62882 237.058  434.41 651.436 876.399 1084.07
7.66284 238.116  436.41 654.436 880.307 1089.07
7.69729 239.186  438.41 657.436 884.307 1093.96
7.69729 240.261 440.381 660.391 888.307 1098.96
7.69729 241.341  442.36 663.391 892.307  1103.9
7.73185 242.341 444.347  666.37 896.307  1108.9
7.73185 243.341 446.339 669.358 900.327  1113.9
7.76639 244.341 448.339 672.348 904.327 1118.88
7.76639 245.414 450.339 675.302 908.299 1123.88
7.76639 246.488  452.31 678.257 912.299 1128.88
 7.8005 247.488  454.31 681.257 916.307 1133.84
 7.8005 248.562 456.281 684.212 920.307 1138.84
 7.8005 249.635 458.281 687.166  924.28 1143.84
 7.8005 250.635 460.281 690.159 928.305 1148.82
 7.8005 251.708 462.281 693.113 932.279 1153.82
 7.8005 252.708 464.283 696.114 936.279 1158.82
7.83279 253.754 466.205 699.114 940.279 1163.82
7.83279 254.754 468.197 702.103 944.298 1168.82
7.86594 255.754 470.197 705.074 948.294 1173.82
7.89842  256.81 472.197 707.985 952.294 1178.82
7.93174  257.81  474.19 710.985 956.294 1183.79
7.93174 258.886  476.17 713.985 960.294 1188.73
7.93174 259.958 478.142 716.942 964.294 1193.73
7.96396 261.014 480.142 719.853 968.294 1198.73
7.99703 262.014 482.142 722.843 972.294 1203.71
7.99703 263.014 484.143 725.844 976.294 1208.71
7.99703 264.085 486.143 728.798 980.268 1213.71
7.99703 265.156 488.143 731.753 984.242 1218.71
8.02958 266.156 490.143 734.753 988.249 1223.67
8.02958 267.226 492.143 737.708 992.223 1228.67
8.06162 268.292 494.143 740.708 996.223 1233.57
8.06162 269.292 496.137 743.696 1000.24 1238.57
8.06162 270.369 498.137 746.669 1004.24 1243.52
 8.0934 271.435 500.137 749.669 1008.24 1248.42
 8.0934 272.508 502.137 752.669 1012.23 1253.36
 8.0934 273.582 504.137 755.669 1016.22  1258.3
 8.1254 274.582  506.13 758.669 1020.22 1263.28
8.15658 275.636  508.13 761.669 1024.13 1268.28
8.15658 276.636 510.132  764.67 1028.13 1273.27
8.18799 277.701 512.132  767.67 1032.13 1278.18
8.18799  278.77 514.132 770.626 1036.11 1283.18
8.18799 279.843 516.132 773.626  1040.1 1288.11
8.21916 280.909 518.132 776.626  1044.1 1293.02
8.21916 281.909 520.134 779.627  1048.1 1298.01
8.25066 282.909 522.128 782.627  1052.1 1302.99
  8.282 283.909 524.128   785.6 1056.09 1307.99
  8.282 284.909  526.13 788.601 1060.09 1312.99
 8.3133 285.909  528.13 791.601  1064.1 1317.95
 8.3133 286.909 530.126 794.601 1068.12 1322.93
8.34381 287.962 532.126 797.517 1072.12 1327.93
8.34381 289.029 534.126 800.474  1076.1 1332.93
8.34381 290.097 536.126 803.432 1080.07 1337.93
8.37476 291.097 538.115 806.412 1084.07 1342.93
8.37476 292.169 540.097 809.412 1088.07 1347.88
8.37476 293.241 542.079 812.412 1092.07 1352.82
8.37476 294.241 544.073   815.4 1096.09 1357.82
8.40538 295.241 546.062 818.381 1100.09 1362.82
8.40538 296.309 548.036  821.34 1104.09 1367.82
8.43523 297.361 550.036 824.257 1108.09 1372.82
8.43523 298.361 552.032 827.257 1112.11  1377.8
8.46563 299.361 554.021 830.238 1116.11  1382.8
8.46563 300.361 556.023 833.238 1120.11  1387.8
8.46563 301.425 557.992 836.238 1124.08  1392.8
8.46563 302.491 559.992 839.196 1128.05  1397.8
8.49569 303.491 561.992 842.196 1132.06 1402.77
8.49569  304.56 563.992 845.196 1136.05 1407.71
8.49569  305.63 565.992 848.196 1140.04 1412.65
8.49569  306.63 567.994 851.197 1144.04 1417.65
8.52532  307.63 569.975 854.197 1148.03 1422.65
8.52532  308.63 571.975 857.189 1152.05 1427.63
8.55506  309.63 573.975  860.18 1156.05 1432.61
8.55506 310.692 575.945  863.18 1160.02 1437.61
 8.5846 311.692 577.934 866.161 1164.02 1442.61
 8.5846 312.692 579.934 869.154 1168.04  1447.6
8.61372 313.753 581.934 872.154 1172.04 1452.51
8.61372 314.753 583.929 875.143 1176.05 1457.51
8.61372 315.818 585.904 878.103 1180.05 1462.51
8.64296 316.818 587.904 881.103 1184.06 1467.47
8.67221 317.818 589.893 884.084 1188.06 1472.47
8.70152 318.818 591.887 887.084 1192.06 1477.45
8.73065 319.818 593.868 890.084 1196.05 1482.45
8.73065 320.885 595.851 893.084 1200.05  1487.4
8.75979 321.885  597.84 896.066 1204.05  1492.4
8.78894 322.885  599.84 899.066 1208.06 1497.36
8.81808 323.885 601.829 902.048 1212.06 1502.36
8.84723 324.885 603.829 905.048 1216.06 1507.33
8.87577 325.933 605.829 908.048 1219.98 1512.33
8.87577 326.933 607.824 911.037    1224 1517.33
8.90488 327.933 609.817 914.037    1228 1522.31
  8.934 328.933 611.811 917.037    1232 1527.28
  8.934     330 613.794 920.037    1236 1532.23
  8.934 331.065 615.794 923.037 1239.99 1537.18
8.96294 332.065 617.794 926.028 1243.99 1542.16
8.99122 333.112 619.794 929.028 1247.91 1547.16
9.02001 334.112 621.794 932.003 1251.91 1552.16
 9.0488 335.112 623.794 934.978 1255.91 1557.16
 9.0488 336.112 625.791 937.978 1259.93 1562.14
 9.0488 337.171 627.762 940.978  1263.9 1567.14
 9.0488 338.233 629.739  943.94  1267.9 1572.14
 9.0488 339.294 631.715 946.902  1271.9 1577.14
 9.0773 340.294 633.715 949.902  1275.9 1582.11
 9.0773 341.294 635.717 952.903  1279.9 1587.11
 9.0773  342.36 637.717 955.879  1283.9 1592.06
9.10562  343.36 639.706 958.861  1287.9 1597.06
9.10562 344.419 641.678 961.861 1291.87 1602.06
9.10562 345.419 643.673 964.851 1295.89 1607.06
9.10562 346.419 645.674 967.852 1299.89 1612.06
9.13367 347.419 647.674 970.852 1303.89 1617.03
9.13367 348.479 649.651 973.815 1307.89 1622.03
9.16109 349.525 651.651 976.815 1311.82 1627.03
9.18829 350.563 653.586 979.815 1315.82 1632.03
9.21626 351.563 655.576 982.797 1319.82 1637.03
9.24429 352.563 657.569 985.797 1323.82 1642.01
9.27197 353.619 659.569 988.797 1327.82 1646.92
9.27197 354.678 661.546 991.761 1331.82 1651.92
9.29975 355.678 663.528 994.761 1335.81 1656.92
9.29975 356.738 665.528 997.723 1339.79 1661.92
9.29975 357.738 667.529 1000.72 1343.79 1666.92
9.32672 358.775 669.465 1003.72 1347.79 1671.92
9.35391 359.821 671.465 1006.65 1351.79 1676.92
9.38111 360.867 673.465 1009.58 1355.79 1681.92
 9.4083 361.913 675.465  1012.5 1359.79 1686.92
9.43573 362.968 677.465  1015.5 1363.79 1691.84
9.43573 363.968 679.467  1018.5 1367.79 1696.84
9.43573 364.968 681.467  1021.5 1371.81 1701.83
9.46277 366.014 683.467 1024.42 1375.81 1706.83
9.49021 367.014 685.449 1027.42  1379.8 1711.83
9.49021 368.073 687.426 1030.39  1383.8 1716.83
9.51762 369.073 689.426 1033.36 1387.79 1721.83
9.54435  370.11 691.363 1036.36 1391.79 1726.83
9.54435  371.11 693.359 1039.36 1395.81 1731.81
9.57101 372.146 695.296 1042.36 1399.81 1736.81
 9.5983 373.146 697.278 1045.36  1403.8 1741.81
9.62496 374.183 699.215 1048.36  1407.8 1746.81
9.62496 375.245 701.215 1051.34  1411.8 1751.77
9.62496 376.308 703.215 1054.32  1415.8 1756.73
9.62496 377.368 705.215 1057.32 1419.79 1761.68
9.62496 378.368 707.215 1060.31 1423.81 1766.67
9.65198 379.368 709.215 1063.29 1427.81 1771.67
9.67834 380.405 711.152 1066.29 1431.81 1776.67
9.70547 381.405 713.145 1069.29 1435.81 1781.65
9.73245 382.405 715.127 1072.29  1439.8 1786.65
9.75946 383.405 717.127 1075.26  1443.8 1791.65
 9.7866 384.405 719.127 1078.25  1447.8 1796.63
9.81341 385.457 721.127 1081.25  1451.8 1801.55
9.84042 386.457 723.127 1084.23 1455.79 1806.55
9.84042 387.457 725.123 1087.23 1459.81 1811.54
9.84042 388.457 727.124 1090.23 1463.81 1816.54
9.84042 389.514 729.102  1093.2 1467.81 1821.54
9.84042 390.514 731.102 1096.19 1471.83 1826.52
9.84042 391.514 733.098 1099.19 1475.85 1831.51
9.86712 392.514 735.098 1102.19 1479.85 1836.48
9.86712  393.57 737.076 1105.16 1483.85 1841.48
9.86712 394.626 739.076 1108.12 1487.83 1846.48
9.89321 395.669 741.076 1111.05 1491.83 1851.48
9.91978 396.669 743.066 1114.03 1495.83 1856.48
9.94566 397.704 745.005 1117.03 1499.83 1861.48
9.94566  398.76 746.983    1120 1503.83 1866.48
9.94566  399.76 748.983 1122.99 1507.85 1871.47
9.97141 400.796 750.922 1125.99 1511.85 1876.47
9.97141 401.851 752.922 1128.96 1515.83 1881.47
9.97141 402.911 754.922 1131.94 1519.83 1886.43
9.99703 403.946 756.862 1134.94 1523.83 1891.43
10.0234 404.946 758.862 1137.93 1527.83 1896.41
10.0234 406.003 760.862 1140.93 1531.82 1901.37
10.0493 407.054 762.862 1143.93 1535.82 1906.29
10.0493 408.113 764.845 1146.93 1539.82 1911.25
10.0493 409.173 766.845  1149.9 1543.82 1916.21
10.0493 410.173  768.84 1152.89 1547.84 1921.21
10.0751 411.224  770.84 1155.89 1551.84 1926.13
10.0751 412.224  772.84 1158.89 1555.85 1931.12
10.0751 413.281  774.84 1161.89 1559.84 1936.07
10.0751 414.334 776.814 1164.89 1563.82 1941.07
10.0751 415.334 778.814 1167.88 1567.84 1946.06
10.0751 416.386 780.787 1170.88 1571.81 1951.06
10.0751 417.441 782.787 1173.85 1575.79 1956.06
10.0751   418.5 784.787 1176.82 1579.79 1961.02
10.1006   419.5 786.778 1179.81 1583.79 1966.02
10.1262   420.5 788.778  1182.8 1587.79 1971.01
10.1262   421.5 790.772 1185.79  1591.8 1976.01
10.1516   422.5 792.755 1188.79  1595.8 1981.01
10.1765 423.534 794.696 1191.79  1599.8 1986.01
10.1765 424.588 796.696 1194.76 1603.78 1991.01
10.2019 425.588 798.696 1197.75 1607.78 1995.99
10.2274 426.588 800.689 1200.75 1611.78 2000.97
10.2528 427.588 802.689 1203.72 1615.77 2005.97
10.2782 428.588 804.679 1206.71 1619.77 2010.97
10.3035 429.588 806.662 1209.71 1623.77 2015.97
10.3287 430.638 808.662 1212.71 1627.77  2020.9
10.3287 431.693 810.662 1215.71 1631.76 2025.85
 10.354 432.693 812.652 1218.69 1635.76 2030.85
10.3788 433.727 814.594 1221.69 1639.76 2035.85
10.4042 434.727 816.594 1224.68 1643.76 2040.84
10.4296 435.727 818.587 1227.68 1647.76 2045.82
10.4549 436.727 820.587 1230.66 1651.75 2050.82
10.4802 437.727 822.587 1233.66 1655.76 2055.79
10.5051 438.767 824.587 1236.66 1659.69 2060.79
10.5305 439.767 826.587 1239.66  1663.7 2065.76
10.5305 440.822 828.587 1242.66 1667.69 2070.71
10.5557 441.822  830.57 1245.66 1671.68 2075.71
 10.581 442.822  832.57 1248.65 1675.68  2080.7
 10.581 443.872 834.545 1251.65 1679.65  2085.7
10.6062 444.872 836.528 1254.65 1683.64  2090.7
10.6062 445.872 838.523 1257.64 1687.66  2095.7
10.6313 446.872 840.523 1260.62 1691.65  2100.7
 10.656 447.912 842.523 1263.62 1695.59  2105.7
10.6812 448.912 844.523 1266.62 1699.59 2110.67
10.7057 449.945 846.466 1269.62 1703.59 2115.67
10.7305 450.984 848.466 1272.62 1707.53 2120.67
10.7305 452.038 850.466 1275.62 1711.52 2125.62
10.7305 453.093  852.45 1278.62 1715.52 2130.59
10.7555 454.093  854.45 1281.62 1719.52 2135.56
10.7555 455.148 856.435 1284.62 1723.52 2140.52
10.7801 456.188 858.435 1287.56 1727.52 2145.52
10.7801 457.188 860.435 1290.55 1731.54 2150.51
10.7801 458.188  862.43 1293.54 1735.55 2155.51
10.7801 459.188 864.424 1296.53 1739.57 2160.51
10.7801 460.242 866.409 1299.53 1743.57 2165.47
10.8044 461.281 868.409 1302.53  1747.5 2170.47
10.8292 462.281 870.402 1305.53  1751.5 2175.45
 10.854 463.281 872.395 1308.53  1755.5 2180.43
10.8784  464.32 874.395 1311.53 1759.44 2185.43
10.9031  465.32 876.395 1314.53 1763.44  2190.4
10.9031 466.375 878.395 1317.51 1767.44 2195.37
10.9031 467.375 880.391 1320.51 1771.46 2200.36
10.9278 468.375 882.391 1323.51 1775.46 2205.34
10.9521 469.414 884.391 1326.51  1779.4 2210.34
10.9521 470.414 886.387 1329.51 1783.41 2215.33
10.9766 471.414 888.387 1332.51 1787.42  2220.3
11.0008 472.452 890.387 1335.51 1791.35  2225.3
11.0008 473.452 892.387  1338.5 1795.37 2230.29
11.0008 474.506 894.387 1341.48 1799.37 2235.26
11.0008 475.559 896.387 1344.48 1803.36 2240.21
11.0008 476.559 898.382 1347.47 1807.37 2245.21
11.0252 477.559 900.372 1350.46 1811.37 2250.21
11.0252 478.611 902.372 1353.46 1815.36 2255.17
11.0491 479.649 904.372 1356.39 1819.36 2260.17
 11.073 480.688 906.372 1359.33 1823.36 2265.17
 11.073  481.74 908.372 1362.33 1827.35 2270.13
 11.073  482.79 910.353  1365.3 1831.35 2275.13
11.0973  483.79 912.346  1368.3 1835.35 2280.11
11.0973  484.79 914.346  1371.3 1839.37  2285.1
11.0973  485.79 916.346 1374.29 1843.39 2290.09
11.1214  486.79 918.346 1377.27 1847.38 2295.09
11.1451 487.829 920.346 1380.21 1851.38 2300.09
11.1451 488.829 922.342 1383.21  1855.4 2305.08
11.1451 489.881 924.328 1386.21  1859.4 2310.04
11.1451 490.881 926.324 1389.21 1863.41 2315.03
11.1451 491.881 928.324 1392.21 1867.41 2320.03
11.1451 492.881  930.32 1395.21 1871.43 2325.02
11.1451 493.881 932.316 1398.21 1875.44 2330.01
11.1687 494.926 934.316 1401.21 1879.44 2334.94
11.1687 495.978 936.302 1404.21 1883.44  2339.9
11.1687 496.978 938.303 1407.21 1887.44  2344.9
11.1687 497.978 940.299 1410.21 1891.46 2349.89
11.1921 499.023 942.299 1413.21 1895.46 2354.82
11.2157 500.023 944.299 1416.19 1899.46 2359.82
11.2157 501.071 946.299 1419.16 1903.44 2364.82
11.2157 502.071 948.299 1422.15 1907.45 2369.81
11.2392 503.071  950.29 1425.14 1911.45 2374.81
11.2392 504.118 952.267 1428.14 1915.43 2379.81
11.2392  505.17 954.267 1431.12 1919.43 2384.78
11.2627  506.17  956.26 1434.12 1923.43 2389.76
11.2858 507.207  958.26 1437.12 1927.37 2394.76
11.2858 508.207 960.257 1440.12 1931.39 2399.75
11.2858 509.259 962.257  1443.1 1935.39 2404.71
11.3088 510.296 964.257  1446.1 1939.33 2409.71
11.3318 511.333 966.257  1449.1 1943.27 2414.71
11.3546 512.363 968.203  1452.1 1947.27 2419.71
11.3546 513.363 970.204  1455.1 1951.27 2424.71
11.3546 514.409 972.181  1458.1 1955.24 2429.71
11.3546 515.409 974.176 1461.09 1959.26 2434.71
11.3546 516.409 976.172 1464.09 1963.27  2439.7
11.3546 517.457 978.153 1467.06 1967.27  2444.7
11.3773 518.494 980.153 1470.06 1971.21  2449.7
11.3773 519.494  982.15 1473.06 1975.23 2454.69
11.3773 520.545  984.15 1476.04 1979.23 2459.66
11.3998 521.575 986.097 1479.04 1983.23 2464.66
11.3998 522.621 988.074 1482.04  1987.2 2469.66
11.4228 523.621 990.074 1485.02  1991.2 2474.66
11.4457 524.621 992.074    1488  1995.2 2479.66
11.4687 525.621 994.074    1491  1999.2 2484.64
11.4913 526.657 996.074 1493.94  2003.2 2489.64
11.5139 527.694 998.074 1496.94 2007.14 2494.64
11.5369 528.694 1000.07 1499.92 2011.13 2499.64
11.5598 529.694 1002.07 1502.92 2015.14 2504.62
11.5828 530.694 1004.07  1505.9 2019.14 2509.62
11.6057 531.694 1006.07 1508.88 2023.13 2514.62
11.6286 532.694 1008.05 1511.88 2027.12 2519.62
11.6286 533.741 1010.03 1514.86 2031.12 2524.62
11.6516 534.741 1012.03 1517.86 2035.12  2529.6
11.6743 535.784 1014.03 1520.86 2039.12 2534.54
11.6743 536.784 1016.02 1523.85 2043.14 2539.54
11.6971 537.784 1018.02 1526.83 2047.13 2544.54
11.7195 538.813 1019.97 1529.83 2051.13 2549.54
11.7195 539.862 1021.96 1532.83 2055.13  2554.5
11.7195 540.862 1023.96 1535.83 2059.13  2559.5
11.7195 541.862 1025.95 1538.82 2063.15  2564.5
11.7195 542.911 1027.94 1541.82 2067.15 2569.47
11.7195 543.958 1029.92 1544.79 2071.15 2574.47
11.7418 544.993 1031.92 1547.79 2075.09 2579.47
11.7641 546.028 1033.92 1550.79 2079.03 2584.47
11.7864 547.064 1035.92 1553.79 2082.97 2589.47
11.8086 548.093 1037.87 1556.79 2086.97 2594.47
11.8086 549.093 1039.86 1559.79 2090.98 2599.47
11.8309 550.129 1041.86 1562.73 2094.98 2604.47
11.8309 551.178 1043.86 1565.71 2098.98 2609.44
11.8534 552.178 1045.85 1568.71 2102.98 2614.44
11.8534 553.224 1047.83 1571.68 2106.98 2619.44
11.8534  554.27 1049.83 1574.65 2110.96 2624.44
11.8534  555.32 1051.83 1577.63 2114.96  2629.4
11.8755 556.355 1053.83 1580.58 2118.96  2634.4
11.8755 557.355 1055.83 1583.58 2122.97 2639.39
11.8974 558.384 1057.77 1586.58 2126.97 2644.39
11.8974 559.432 1059.77 1589.58 2130.96 2649.36
11.8974 560.478 1061.76 1592.55 2134.96 2654.36
11.8974 561.524 1063.74 1595.52 2138.96 2659.36
11.9196 562.524 1065.72 1598.52 2142.96 2664.36
11.9196 563.572 1067.72 1601.52 2146.95 2669.32
11.9196 564.618  1069.7 1604.49 2150.95 2674.32
11.9415 565.653  1071.7 1607.49 2154.89 2679.32
11.9637 566.653  1073.7 1610.49 2158.89 2684.29
11.9858 567.653  1075.7 1613.47 2162.89 2689.29
 12.008 568.653  1077.7 1616.47 2166.89 2694.28
 12.008 569.653  1079.7 1619.47  2170.9 2699.27
12.0297 570.681 1081.65 1622.47  2174.9 2704.27
12.0514  571.71  1083.6 1625.47  2178.9 2709.27
12.0514 572.756 1085.58 1628.44  2182.9 2714.27
12.0514 573.756 1087.58 1631.44  2186.9 2719.27
12.0514 574.756 1089.58 1634.44  2190.9 2724.27
12.0734 575.756 1091.58 1637.43  2194.9 2729.26
12.0951  576.79 1093.58 1640.43 2198.85 2734.26
12.0951 577.835 1095.56 1643.41 2202.85 2739.26
12.1171 578.835 1097.55 1646.41 2206.84 2744.26
12.1388 579.877 1099.55 1649.41 2210.84 2749.19
12.1388 580.877 1101.54 1652.41 2214.85 2754.18
12.1608 581.877 1103.53 1655.39 2218.85 2759.18
12.1823 582.905 1105.48 1658.39 2222.85 2764.18
12.2043 583.905 1107.48 1661.38 2226.85 2769.17
12.2262 584.905 1109.48 1664.38 2230.85 2774.15
 12.248 585.946 1111.48 1667.38 2234.85 2779.09
12.2695 586.974 1113.43 1670.38 2238.85 2784.09
12.2914 587.974 1115.43 1673.37 2242.85 2789.09
12.3133 588.974 1117.41 1676.37 2246.84 2794.09
12.3349 590.008 1119.41 1679.31 2250.84 2799.09
12.3349 591.056 1121.41 1682.29 2254.84 2804.06
12.3349 592.102 1123.41 1685.29 2258.83 2809.02
12.3349 593.149  1125.4 1688.29 2262.83 2813.99
12.3349 594.195  1127.4 1691.29 2266.82 2818.95
12.3349 595.242 1129.39 1694.29 2270.82 2823.92
12.3566 596.242 1131.38 1697.28 2274.82 2828.92
12.3781 597.276 1133.38 1700.28 2278.77 2833.92
12.3781  598.32 1135.38 1703.25 2282.75 2838.92
12.3781  599.32 1137.37 1706.25 2286.76 2843.92
12.3781  600.32 1139.37 1709.24 2290.78 2848.91
12.3997  601.32 1141.37 1712.24 2294.78 2853.89
12.3997 602.366 1143.37 1715.24 2298.77 2858.85
12.3997 603.366 1145.37 1718.23 2302.78 2863.84
12.3997 604.413 1147.37 1721.22 2306.78 2868.81
12.3997 605.457 1149.37 1724.19 2310.77 2873.81
12.3997 606.504 1151.36 1727.19 2314.77 2878.78
12.3997 607.548 1153.34 1730.16 2318.77 2883.78
12.4211 608.548 1155.34 1733.16 2322.77 2888.76
12.4425 609.548 1157.34 1736.16 2326.77 2893.74
12.4425 610.548 1159.34 1739.16 2330.78 2898.73
12.4637 611.588 1161.34 1742.16 2334.78 2903.66
12.4846 612.616 1163.29 1745.16 2338.78 2908.66
12.5059 613.616 1165.27 1748.16 2342.78 2913.66
12.5269 614.643 1167.23 1751.16 2346.78 2918.66
12.5269 615.687 1169.23 1754.14 2350.76 2923.66
12.5479  616.72 1171.23 1757.08 2354.76 2928.66
12.5692  617.72 1173.23 1760.06 2358.76 2933.66
12.5905  618.72 1175.22 1763.05 2362.76 2938.66
12.5905  619.72 1177.21 1766.05 2366.77 2943.66
12.5905  620.72 1179.21 1769.05 2370.78 2948.65
12.5905 621.766  1181.2 1772.05 2374.78 2953.61
12.5905 622.766 1183.19 1775.05  2378.8 2958.61
12.5905 623.809 1185.19 1778.02 2382.78 2963.61
12.5905 624.853 1187.17    1781 2386.78 2968.61
12.6117 625.853 1189.17    1784 2390.78 2973.58
12.6117 626.853 1191.17    1787 2394.79 2978.57
12.6327 627.853 1193.17    1790  2398.8 2983.55
12.6327 628.897 1195.17    1793 2402.79 2988.52
12.6327 629.897 1197.17 1795.99  2406.8 2993.52
12.6534  630.93 1199.17 1798.94  2410.8 2998.52
12.6534 631.976 1201.15 1801.94  2414.8 3003.48
12.6534 633.017 1203.13 1804.94 2418.78 3008.48
12.6534 634.062 1205.13 1807.94 2422.77 3013.45
12.6741 635.095 1207.13 1810.88 2426.77 3018.45
12.6949 636.095 1209.12 1813.88 2430.76 3023.45
12.7158 637.095 1211.12 1816.88 2434.76 3028.43
12.7364 638.128 1213.12 1819.88 2438.71 3033.43
12.7364  639.17 1215.12 1822.86 2442.69 3038.43
12.7573  640.17 1217.11 1825.84 2446.69 3043.43
12.7782  641.17 1219.11 1828.84 2450.69 3048.41
12.7989 642.209 1221.11 1831.84 2454.69 3053.35
12.8195 643.242 1223.11 1834.84 2458.64 3058.35
12.8404 644.242  1225.1 1837.82 2462.64 3063.35
12.8612 645.242  1227.1 1840.82 2466.64 3068.33
12.8612 646.242  1229.1 1843.82 2470.66 3073.32
12.8612 647.287 1231.09 1846.82 2474.66 3078.29
12.8817 648.319 1233.09 1849.82  2478.6 3083.29
12.8817 649.364 1235.08 1852.82  2482.6 3088.26
12.8817 650.405 1237.05 1855.82 2486.58 3093.26
12.9021 651.431 1239.01 1858.82 2490.58 3098.26
12.9228 652.431    1241 1861.82 2494.58 3103.24
12.9433 653.464    1243 1864.82 2498.53 3108.24
12.9641 654.464    1245 1867.82 2502.53 3113.23
12.9845 655.496    1247 1870.82 2506.48 3118.23
12.9845 656.541    1249  1873.8 2510.48  3123.2
13.0049 657.573    1251  1876.8 2514.42  3128.2
13.0256 658.573 1252.99  1879.8 2518.42 3133.19
13.0256 659.615 1254.99 1882.77 2522.41 3138.19
13.0256  660.66 1256.98 1885.77 2526.41 3143.16
13.0256   661.7 1258.96 1888.77 2530.39 3148.16
13.0256 662.745 1260.94 1891.77 2534.39 3153.12
13.0256 663.785 1262.92 1894.77 2538.37 3158.12
13.0256 664.827 1264.92 1897.75 2542.35 3163.12
13.0256 665.827 1266.92 1900.74 2546.36 3168.12
13.0256 666.827 1268.92 1903.74 2550.38 3173.11
13.0459 667.866 1270.92 1906.74 2554.38 3178.05
13.0459 668.908  1272.9 1909.72 2558.38 3183.05
13.0459 669.948 1274.88 1912.72 2562.36 3188.05
13.0663 670.948 1276.88 1915.71 2566.36 3193.04
13.0663 671.991 1278.88 1918.71 2570.35    3198
13.0663 672.991 1280.88 1921.71 2574.36 3202.99
13.0864 674.024 1282.88 1924.66 2578.36 3207.99
13.1067 675.024 1284.88 1927.65 2582.36 3212.98
13.1067 676.068 1286.87 1930.65 2586.36 3217.95
13.1067 677.109 1288.85 1933.63 2590.36 3222.95
 13.127 678.109 1290.85 1936.63 2594.36 3227.93
13.1472 679.109 1292.84 1939.63 2598.35 3232.93
13.1472 680.109 1294.83 1942.62 2602.36 3237.93
13.1673 681.109 1296.82 1945.62 2606.36 3242.93
13.1873 682.141 1298.82 1948.62  2610.3 3247.93
13.1873 683.181  1300.8 1951.62 2614.28 3252.93
13.2072 684.213  1302.8 1954.62 2618.23 3257.93
13.2072 685.213  1304.8 1957.62 2622.24 3262.92
13.2274 686.213  1306.8 1960.62 2626.25  3267.9
13.2274 687.213  1308.8 1963.62 2630.25  3272.9
13.2472 688.245  1310.8 1966.62 2634.19  3277.9
13.2472 689.285 1312.78 1969.62 2638.17  3282.9
13.2673 690.285 1314.78 1972.62 2642.18 3287.88
13.2873 691.322 1316.78 1975.62 2646.18 3292.82
13.3073 692.322 1318.76 1978.62 2650.17 3297.82
13.3073 693.366 1320.76  1981.6 2654.17 3302.79
13.3073 694.407 1322.76 1984.57 2658.15 3307.79
13.3273 695.407 1324.75 1987.57 2662.15 3312.79
13.3273  696.45 1326.75 1990.57 2666.14 3317.76
13.3273  697.45 1328.75 1993.57 2670.15 3322.75
13.3472  698.45 1330.73 1996.57 2674.14 3327.75
13.3672  699.45 1332.73 1999.57 2678.14 3332.73
13.3672 700.493 1334.73 2002.56 2682.14 3337.71
13.3869 701.525 1336.73 2005.56 2686.09 3342.71
13.4068 702.525 1338.73 2008.56 2690.09 3347.68
13.4265 703.556 1340.73 2011.56 2694.04 3352.68
13.4265 704.556 1342.73 2014.56 2698.05 3357.68
13.4265 705.556 1344.73 2017.55 2702.06 3362.67
13.4265 706.599 1346.72 2020.55 2706.06 3367.64
13.4265 707.638  1348.7 2023.55 2710.04 3372.64
13.4464 708.638  1350.7 2026.55 2714.04 3377.63
13.4464 709.677 1352.68 2029.55 2718.02 3382.63
13.4661 710.677 1354.67 2032.55 2722.02 3387.63
13.4859 711.677 1356.66 2035.53 2726.02 3392.63
13.4859 712.677 1358.66 2038.53 2730.03 3397.62
13.4859 713.677 1360.66 2041.53 2734.04 3402.61
13.4859 714.717 1362.66  2044.5 2738.03 3407.61
13.4859  715.76 1364.65  2047.5 2742.03 3412.58
13.5056  716.76 1366.65 2050.48 2746.02 3417.58
13.5251 717.796 1368.65 2053.48 2750.02 3422.53
13.5446 718.833 1370.65 2056.48 2754.02 3427.47
13.5643 719.833 1372.65 2059.47 2758.02 3432.47
13.5837 720.864 1374.65 2062.42 2762.02 3437.47
13.6032 721.901 1376.65 2065.42 2766.02 3442.41
13.6227 722.932 1378.65 2068.37 2770.02 3447.41
13.6227 723.971 1380.63 2071.37    2774 3452.41
13.6227 725.011 1382.61 2074.34    2778 3457.41
13.6423 726.011  1384.6 2077.34 2781.99 3462.41
13.6423 727.051  1386.6 2080.32 2785.98 3467.41
13.6619 728.051  1388.6 2083.31 2789.98  3472.4
13.6815 729.051 1390.59  2086.3 2793.98  3477.4
 13.701 730.051 1392.58  2089.3 2797.97  3482.4
13.7207 731.051 1394.57  2092.3 2801.97 3487.39
13.7207 732.051 1396.57  2095.3 2805.97 3492.39
13.7207 733.091 1398.56 2098.28 2809.97 3497.39
13.7207  734.13 1400.56 2101.25 2813.95 3502.39
13.7207  735.17 1402.54 2104.23 2817.95 3507.39
13.7401  736.17 1404.53 2107.22 2821.95 3512.39
13.7401  737.17 1406.53 2110.21 2825.96 3517.39
13.7593 738.201 1408.53 2113.16 2829.96 3522.39
13.7593  739.24 1410.53 2116.14 2833.95 3527.39
13.7593  740.24 1412.53 2119.14 2837.95 3532.39
13.7786 741.276 1414.53 2122.14 2841.95 3537.33
13.7786 742.318 1416.51 2125.14 2845.95  3542.3
13.7786  743.36 1418.51 2128.12 2849.95 3547.28
13.7978 744.396 1420.51 2131.12 2853.95 3552.22
13.8169 745.427 1422.51 2134.07 2857.95 3557.22
13.8363 746.427 1424.51 2137.07 2861.95 3562.21
13.8363 747.427  1426.5 2140.07 2865.96  3567.2
13.8363 748.469  1428.5 2143.06 2869.96 3572.17
13.8554 749.505  1430.5 2146.06 2873.96 3577.12
13.8745 750.535  1432.5 2149.06 2877.91 3582.12
13.8938 751.535  1434.5 2152.06 2881.91  3587.1
13.9128 752.566  1436.5 2155.01 2885.91  3592.1
13.9321 753.566  1438.5 2157.99 2889.91  3597.1
13.9321 754.607  1440.5 2160.99  2893.9 3602.07
13.9321 755.607 1442.49 2163.99 2897.91 3607.07
13.9321 756.646 1444.49 2166.96  2901.9 3612.07
13.9511 757.676 1446.49 2169.92  2905.9 3617.07
13.9703 758.676 1448.48 2172.92 2909.89 3622.07
13.9703 759.715 1450.46 2175.89 2913.89 3627.07
13.9703 760.756 1452.46 2178.89 2917.88 3632.04
13.9894 761.756 1454.46 2181.88 2921.88 3637.02
14.0086 762.756 1456.45 2184.88 2925.88 3642.02
14.0086 763.794 1458.43 2187.88 2929.86 3647.02
14.0086 764.835 1460.42 2190.88 2933.86 3651.99
14.0086 765.874 1462.41 2193.86 2937.86 3656.99
14.0086 766.913 1464.39 2196.84 2941.86 3661.99
14.0276 767.913 1466.39 2199.83 2945.86 3666.98
14.0467 768.913 1468.39 2202.83 2949.86 3671.96
14.0657 769.913 1470.38 2205.83 2953.85 3676.96
14.0848 770.913 1472.37 2208.83 2957.85 3681.95
14.1038 771.913 1474.37 2211.81 2961.85 3686.95
14.1038 772.952 1476.36 2214.79 2965.85 3691.95
14.1228 773.952 1478.36 2217.78 2969.84 3696.95
14.1419 774.952 1480.35 2220.78 2973.84 3701.94
14.1609 775.952 1482.34 2223.78 2977.84 3706.94
14.1796 776.976  1484.3 2226.78 2981.84 3711.94
14.1986 777.976 1486.29 2229.76 2985.84 3716.94
14.1986 779.017 1488.28 2232.76 2989.84 3721.91
14.2176 780.017 1490.27 2235.75 2993.84 3726.91
14.2364 781.046 1492.27 2238.75 2997.79 3731.91
14.2364 782.087 1494.26 2241.75 3001.79 3736.88
14.2364 783.087 1496.25 2244.75  3005.8 3741.88
14.2553 784.087 1498.24 2247.75 3009.79 3746.88
14.2739 785.111  1500.2 2250.75 3013.79 3751.88
14.2739 786.152  1502.2 2253.73 3017.79 3756.85
14.2927 787.187  1504.2 2256.73 3021.79  3761.8
14.3114 788.217  1506.2 2259.73 3025.74  3766.8
14.3114 789.257 1508.18 2262.73 3029.74 3771.77
14.3114 790.298 1510.18 2265.72 3033.74 3776.75
14.3299 791.322 1512.14 2268.72 3037.74 3781.75
14.3488 792.322 1514.13 2271.71 3041.74 3786.75
14.3488 793.322 1516.13  2274.7 3045.75 3791.75
14.3488 794.359 1518.11  2277.7 3049.73 3796.75
14.3677 795.359 1520.11 2280.69 3053.73 3801.74
14.3865 796.359 1522.11 2283.69 3057.73 3806.72
14.3865 797.397 1524.11 2286.66 3061.72 3811.72
14.3865 798.437  1526.1 2289.66 3065.72  3816.7
14.3865 799.474 1528.08 2292.66  3069.7  3821.7
14.4049 800.498 1530.04 2295.66  3073.7  3826.7
14.4234 801.522    1532 2298.66  3077.7  3831.7
14.4421 802.522    1534 2301.65  3081.7 3836.68
14.4421 803.522    1536 2304.65  3085.7 3841.69
14.4609 804.522 1537.99 2307.64  3089.7 3846.69
14.4609 805.562 1539.98 2310.64  3093.7 3851.66
14.4609 806.562 1541.97 2313.64 3097.71 3856.66
14.4795 807.562 1543.96 2316.64  3101.7 3861.66
 14.498 808.591 1545.96 2319.64 3105.66 3866.66
 14.498 809.629 1547.96 2322.61 3109.64 3871.66
 14.498 810.629 1549.96 2325.61 3113.64 3876.66
14.5165 811.663 1551.96 2328.61 3117.64  3881.6
14.5351 812.663 1553.96  2331.6 3121.64  3886.6
14.5351 813.701 1555.94 2334.58 3125.64  3891.6
14.5351 814.739 1557.93 2337.56 3129.64  3896.6
14.5534 815.768 1559.93 2340.51 3133.64  3901.6
14.5534 816.768 1561.92 2343.51 3137.65  3906.6
 14.572 817.768 1563.91 2346.51 3141.64  3911.6
14.5906 818.768 1565.91  2349.5 3145.64 3916.59
14.5906 819.808 1567.91 2352.48 3149.64 3921.56
14.6091 820.808 1569.91 2355.48 3153.64 3926.55
14.6277 821.808  1571.9 2358.47 3157.64 3931.55
14.6462 822.808 1573.89 2361.47 3161.63 3936.55
14.6645 823.837 1575.89 2364.42 3165.63 3941.55
14.6645 824.876 1577.89 2367.42 3169.63 3946.52
14.6645 825.916 1579.89  2370.4 3173.63  3951.5
14.6645 826.955 1581.89  2373.4 3177.62 3956.47
 14.683 827.955 1583.89  2376.4 3181.62 3961.45
14.7013 828.989 1585.89  2379.4 3185.62  3966.4
14.7197 829.989 1587.89 2382.38 3189.61  3971.4
14.7382 830.989 1589.89 2385.37 3193.61  3976.4
14.7382 831.989 1591.89 2388.36 3197.62  3981.4
14.7382 833.025 1593.87 2391.36  3201.6  3986.4
14.7382 834.025 1595.87 2394.36 3205.61  3991.4
14.7566 835.025 1597.87 2397.36 3209.61 3996.38
14.7566 836.063 1599.87 2400.36  3213.6 4001.35
14.7566 837.102 1601.87 2403.36  3217.6 4006.32
14.7749 838.102 1603.86 2406.35  3221.6 4011.32
14.7933 839.102 1605.86 2409.35  3225.6  4016.3
14.7933 840.141 1607.86 2412.33  3229.6 4021.27
14.8114  841.17 1609.86 2415.28  3233.6 4026.27
14.8297  842.17 1611.86 2418.28  3237.6 4031.26
14.8297 843.209 1613.85 2421.28  3241.6 4036.24
14.8297 844.247 1615.85 2424.28 3245.59 4041.21
 14.848 845.247 1617.85 2427.26 3249.58 4046.21
 14.848 846.284 1619.85 2430.24 3253.57 4051.21
 14.866 847.312 1621.85 2433.24 3257.52 4056.21
 14.884 848.335 1623.81 2436.24 3261.52 4061.21
 14.884 849.335 1625.81 2439.24 3265.53  4066.2
14.9019 850.359 1627.77 2442.24 3269.53  4071.2
14.9202 851.359 1629.76 2445.23 3273.53  4076.2
14.9384 852.359 1631.75 2448.22 3277.53  4081.2
14.9563 853.382 1633.71 2451.22 3281.53  4086.2
14.9563 854.382 1635.71 2454.21 3285.54  4091.2
14.9563 855.417 1637.69 2457.21 3289.53  4096.2
14.9742  856.44 1639.65 2460.21 3293.53  4101.2
14.9742  857.44 1641.64 2463.21 3297.54 4106.19
14.9742 858.478 1643.64 2466.21 3301.53 4111.16
14.9924 859.478 1645.64 2469.21 3305.53 4116.15
14.9924 860.517 1647.64 2472.19 3309.53 4121.13
14.9924 861.556 1649.63 2475.19 3313.53  4126.1
15.0104 862.589 1651.63 2478.19 3317.53 4131.05
15.0285 863.589 1653.63 2481.18 3321.53 4136.04
15.0285 864.627 1655.63 2484.18 3325.52 4141.01
15.0466 865.627 1657.63 2487.18 3329.52 4145.99
15.0647 866.627 1659.63 2490.18 3333.52 4150.98
15.0826 867.655 1661.63 2493.13 3337.52 4155.98
15.1006 868.655 1663.63 2496.12 3341.52 4160.98
15.1006  869.69 1665.61 2499.12  3345.5 4165.98
15.1006 870.727  1667.6  2502.1  3349.5 4170.98
15.1006 871.766  1669.6 2505.08  3353.5 4175.96
15.1006 872.766  1671.6 2508.08 3357.51 4180.95
15.1186 873.766  1673.6 2511.07  3361.5 4185.95
15.1186 874.802 1675.58 2514.04  3365.5 4190.95
15.1363 875.825 1677.54 2517.04  3369.5 4195.95
15.1543 876.825 1679.53 2520.03  3373.5 4200.95
15.1543  877.86 1681.52 2523.03 3377.49 4205.95
15.1543 878.898  1683.5 2526.03 3381.49 4210.92
15.1543 879.898  1685.5 2529.03  3385.5 4215.92
15.1543 880.936  1687.5 2532.03 3389.49 4220.89
15.1543 881.936  1689.5 2535.02  3393.5 4225.89
15.1543 882.936  1691.5 2538.02 3397.51 4230.88
15.1721 883.936 1693.49 2541.02 3401.51 4235.87
  15.19 884.936 1695.48 2544.01 3405.51 4240.87
  15.19 885.971 1697.48 2546.99 3409.49 4245.87
15.2078 886.971 1699.48 2549.98 3413.49 4250.87
15.2256 887.971 1701.48 2552.98 3417.49 4255.86
15.2256 889.007 1703.46 2555.96 3421.49 4260.86
15.2434 890.007 1705.45 2558.96 3425.48 4265.86
15.2434 891.043 1707.45 2561.93 3429.47 4270.86
15.2611 892.076 1709.45 2564.93 3433.47 4275.81
15.2611 893.112 1711.45 2567.91 3437.46 4280.81
15.2611 894.149 1713.44 2570.91 3441.46 4285.78
15.2785 895.172  1715.4 2573.91 3445.46 4290.78
15.2963 896.172 1717.39 2576.91 3449.46 4295.77
 15.314 897.172 1719.39 2579.91 3453.46 4300.76
15.3318 898.172 1721.38  2582.9 3457.46 4305.76
15.3318 899.208 1723.38 2585.88 3461.44 4310.76
15.3495 900.208 1725.38 2588.87 3465.44 4315.76
15.3672 901.208 1727.38 2591.86 3469.44 4320.75
15.3672 902.244 1729.38 2594.86 3473.43 4325.72
15.3672 903.279 1731.36 2597.86 3477.42 4330.72
15.3672 904.314 1733.36 2600.84  3481.4 4335.72
15.3672 905.314 1735.36 2603.83 3485.41 4340.72
15.3848 906.347 1737.36 2606.83 3489.41 4345.67
15.3848 907.385 1739.36 2609.82 3493.41 4350.64
15.4024 908.385 1741.35 2612.82 3497.41 4355.63
  15.42 909.385 1743.35 2615.82 3501.41 4360.61
15.4377 910.385 1745.35 2618.82 3505.41  4365.6
15.4377 911.385 1747.34 2621.82 3509.42  4370.6
15.4553 912.385 1749.34 2624.82 3513.42 4375.58
15.4727 913.412 1751.34 2627.77 3517.42 4380.58
15.4727 914.447 1753.34 2630.75 3521.41 4385.58
15.4727 915.483 1755.32 2633.73 3525.41 4390.58
15.4902 916.483 1757.32 2636.73 3529.41 4395.57
15.4902 917.483 1759.32 2639.73 3533.41 4400.57
15.5078 918.483 1761.32 2642.73 3537.41 4405.56
15.5078 919.518  1763.3 2645.71 3541.41 4410.56
15.5078 920.518  1765.3 2648.71 3545.41 4415.56
15.5078 921.556  1767.3 2651.69 3549.41 4420.53
15.5253 922.556  1769.3 2654.69 3553.41 4425.52
15.5253 923.592  1771.3 2657.69  3557.4 4430.49
15.5253 924.592  1773.3 2660.69  3561.4 4435.49
15.5253 925.627 1775.29 2663.67  3565.4 4440.49
15.5427 926.627 1777.28 2666.67 3569.39 4445.49
15.5427 927.661 1779.26 2669.67 3573.38 4450.49
15.5427 928.661 1781.25 2672.67 3577.39 4455.49
15.5427 929.661 1783.25 2675.67  3581.4 4460.48
15.5427 930.696 1785.25 2678.65 3585.38 4465.48
  15.56 931.696 1787.24 2681.65 3589.38 4470.48
  15.56 932.731 1789.23 2684.63 3593.38 4475.48
15.5773 933.731 1791.21 2687.63 3597.37 4480.48
15.5773 934.765  1793.2 2690.63 3601.35 4485.48
15.5944 935.792  1795.2 2693.58 3605.35 4490.48
15.5944 936.792 1797.19 2696.58 3609.36 4495.48
15.5944 937.827 1799.18 2699.56 3613.36 4500.48
15.5944 938.827 1801.18 2702.55 3617.37 4505.48
15.5944 939.861 1803.16 2705.55 3621.35 4510.48
15.6116 940.861 1805.16 2708.54 3625.35 4515.47
15.6288 941.893 1807.16 2711.54 3629.35 4520.42
15.6288 942.893 1809.16 2714.54 3633.36 4525.41
15.6288 943.893 1811.16 2717.54 3637.37 4530.41
15.6288 944.893 1813.16 2720.54 3641.38  4535.4
15.6458 945.924 1815.16 2723.54 3645.38 4540.35
15.6458 946.924 1817.16 2726.54 3649.39 4545.35
15.6628 947.951 1819.16 2729.49 3653.39 4550.35
15.6797 948.977 1821.16 2732.49 3657.35 4555.35
15.6969 949.977 1823.16 2735.49 3661.35 4560.33
15.6969 950.977 1825.16 2738.49 3665.36 4565.32
15.6969 952.014 1827.14 2741.49 3669.36  4570.3
15.6969 953.049 1829.14 2744.49 3673.35 4575.27
 15.714 954.049 1831.14 2747.49 3677.35 4580.25
 15.714 955.084 1833.13 2750.47 3681.35 4585.25
 15.714 956.084 1835.13 2753.47 3685.35 4590.25
15.7311 957.084 1837.12 2756.46 3689.35 4595.25
15.7479  958.11 1839.12 2759.46 3693.31 4600.25
15.7479 959.144 1841.11 2762.46 3697.29 4605.25
15.7479 960.144  1843.1 2765.46 3701.29 4610.25
15.7479  961.18  1845.1 2768.44 3705.29 4615.23
15.7479 962.217  1847.1 2771.43 3709.29 4620.21
15.7479 963.217  1849.1 2774.43 3713.29 4625.21
15.7479 964.217  1851.1 2777.42  3717.3  4630.2
15.7646 965.239 1853.07 2780.42  3721.3  4635.2
15.7813 966.261 1855.03 2783.42  3725.3  4640.2
15.7982 967.261 1857.02 2786.42  3729.3  4645.2
15.8152 968.261 1859.02 2789.41 3733.29  4650.2
15.8152 969.295    1861 2792.39 3737.29  4655.2
15.8321 970.295    1863 2795.39 3741.29 4660.19
15.8321 971.331 1864.99 2798.39 3745.29 4665.17
15.8321 972.331 1866.98 2801.39 3749.29 4670.17
15.8321 973.331 1868.98 2804.39  3753.3 4675.17
 15.849 974.331 1870.97 2807.38  3757.3 4680.17
15.8659 975.331 1872.97 2810.37  3761.3 4685.16
15.8827 976.331 1874.96 2813.37  3765.3 4690.16
15.8994 977.357 1876.96 2816.37 3769.25 4695.16
15.9161 978.383 1878.96 2819.37 3773.21 4700.16
15.9161 979.383 1880.96 2822.37 3777.22 4705.15
15.9161 980.416 1882.95 2825.37  3781.2 4710.15
15.9329 981.416 1884.95 2828.37  3785.2 4715.14
15.9496 982.442 1886.95 2831.37 3789.16 4720.14
15.9663 983.468 1888.95 2834.32 3793.16 4725.14
15.9831 984.468 1890.94 2837.31 3797.16 4730.14
     16 985.468 1892.93  2840.3 3801.16 4735.14
16.0168 986.468 1894.93  2843.3 3805.16 4740.13
16.0168 987.502 1896.93 2846.28 3809.15 4745.13
16.0168 988.502 1898.93 2849.27 3813.16 4750.12
16.0168 989.535 1900.93 2852.25 3817.14 4755.12
16.0168 990.569 1902.93 2855.23 3821.13 4760.12
16.0336 991.569 1904.93 2858.22 3825.13 4765.12
16.0336 992.602 1906.93  2861.2 3829.12 4770.12
16.0503 993.602 1908.93  2864.2 3833.12 4775.11
16.0503 994.602 1910.93  2867.2 3837.12 4780.11
16.0671 995.602 1912.92 2870.19 3841.12 4785.11
16.0671 996.636  1914.9 2873.17 3845.12 4790.11
16.0671 997.671  1916.9 2876.17 3849.11 4795.08
16.0671 998.703 1918.89 2879.17 3853.09 4800.08
16.0837 999.703 1920.88 2882.17 3857.09 4805.08
16.1002 1000.72 1922.84 2885.17 3861.09 4810.08
16.1002 1001.72 1924.84 2888.16 3865.09 4815.08
16.1168 1002.72 1926.83 2891.15 3869.09 4820.08
16.1335 1003.72 1928.83 2894.15 3873.09 4825.07
16.1501 1004.76 1930.83 2897.15 3877.09 4830.02
16.1667 1005.76 1932.83 2900.15 3881.09    4835
16.1832 1006.78 1934.83 2903.11 3885.09    4840
16.1832 1007.82 1936.83 2906.11 3889.09 4844.98
16.1832 1008.85 1938.83  2909.1 3893.09 4849.96
16.1832 1009.85 1940.83 2912.09  3897.1 4854.95
16.1996 1010.87 1942.79 2915.09  3901.1 4859.95
16.2162 1011.87 1944.79 2918.09  3905.1 4864.93
16.2162 1012.87 1946.79 2921.09  3909.1 4869.93
16.2328 1013.87 1948.78 2924.08  3913.1 4874.93
16.2328  1014.9 1950.77 2927.08 3917.09 4879.93
16.2328  1015.9 1952.77 2930.07  3921.1 4884.92
16.2328 1016.94 1954.77 2933.07 3925.09  4889.9
16.2493 1017.94 1956.76 2936.07 3929.08  4894.9
16.2657 1018.96 1958.76 2939.03 3933.08  4899.9
16.2657 1019.96 1960.76 2942.03 3937.08  4904.9
16.2822 1020.96 1962.75 2945.02 3941.08  4909.9
16.2822    1022 1964.75 2948.01 3945.08 4914.88
16.2822    1023 1966.75    2951 3949.09 4919.87
16.2822 1024.03 1968.75    2954 3953.09 4924.84
16.2986 1025.06 1970.75    2957 3957.09  4929.8
16.2986 1026.06 1972.75    2960 3961.09  4934.8
16.3151 1027.06 1974.74    2963 3965.09 4939.79
16.3315 1028.06 1976.74    2966 3969.09 4944.77
 16.348 1029.06 1978.74 2968.99 3973.08 4949.77
16.3644 1030.06 1980.74 2971.99 3977.08 4954.76
16.3644  1031.1 1982.74 2974.98 3981.08 4959.74
16.3644 1032.13 1984.74 2977.96 3985.08 4964.72
16.3644 1033.17 1986.72 2980.96 3989.07 4969.72
16.3644  1034.2 1988.71 2983.94 3993.07 4974.72
16.3644 1035.23 1990.71 2986.93 3997.07  4979.7