      1 4.33333       3       4 4.33333 4.33333
1.62069 7.02299       5       7 8.33333 7.02299
 2.4522 8.02299 7.56529      10 12.3333 10.6262
3.30224 9.02299 9.56529 13.4664 16.3333 14.3097
3.30224  10.023 12.1269 17.0727 20.3333 18.1418
3.30224 11.7136 14.1269 19.9525  23.763 23.1418
3.78324 12.7136 16.1846 22.9525 27.2243 28.1418
4.33476 13.7136 18.1846 26.2984 31.2243 32.2443
4.33476 15.1275 20.0594 29.0098 35.2243 37.2443
4.33476 16.6314 22.0536 32.0098 38.7262 42.2443
4.33476 18.2783 24.0536 35.1796 42.7262 46.4276
4.67571 19.2783 25.9456 37.9467 46.7262 51.4276
5.08495 20.2783 27.9456 40.9467 50.8158 55.9287
5.08495 21.6428 29.8259 43.7018 54.8158 60.9287
5.08495 23.1853 31.8259 46.8166 58.8158 65.2713
5.43329 24.1853 34.0062 49.8166 62.8158 69.7428
5.43329 25.7283 36.0062 52.8166 66.8234 74.1922
5.43329 27.2713 38.0062 55.8166 70.8309 78.6417
5.74483 28.2713 40.1854 58.8166 74.8309 83.1509
5.74483 29.2713  42.416 61.8166 78.9847 87.7665
5.74483 30.7442  44.416 64.9273 82.9847  92.183
5.74483 31.7442  46.641 67.9273 87.1418 96.8009
 6.0174 32.7442  48.641 70.9273 91.2763 101.394
 6.0174 33.7442 50.8583 73.9273 95.4371 106.016
6.27599 34.7442 53.0439 76.9273 99.4371 110.572
6.47615 35.8523 54.7356 79.9273 103.437 115.572
6.47615 36.8523  56.923 83.1214 107.437  120.19
6.47615 37.8523 58.9931 86.1442 111.344  125.19
  6.716 38.8523 60.9931 89.1442 115.468 129.827
  6.716 39.8523 63.1717 92.3283 119.468 134.464
 6.9479 40.8523 65.1717 95.3283 123.593 139.107
 6.9479 41.8523 67.1717 98.5234 127.735 143.769
 6.9479 42.8523 69.3534 101.523 131.884 148.439
 7.1643 43.8523 71.5135 104.523 135.884 153.062
 7.1643 44.8523 73.6959 107.523 140.031 157.733
7.34393 45.9769 75.6959 110.219 144.031 162.733
7.55435 46.9769 77.6959 113.219 148.158 167.396
7.76366 47.9769 79.8486 116.219 152.158 172.034
7.76366  49.266 81.8486 119.219 156.246 176.656
7.96299 50.5309 83.8486 122.219 160.246 181.192
8.14501  51.686 85.8486 125.219 163.909 186.192
8.14501 52.9671 87.8486 128.323 167.909 190.807
8.14501 54.2482 89.8486 131.427 171.909 195.422
8.14501 55.2482 91.9052 134.435 175.844 200.422
8.14501 56.5198 94.0205 137.435 179.844 205.035
8.14501 57.7915 96.1359 140.435 183.844 209.648
8.14501 58.7915 98.1939 143.442  187.78 214.648
8.14501 59.7915 100.194 146.595 191.908 219.367
8.31979 60.7915 102.194 149.595 196.026 224.074
8.31979 61.7915 104.346 152.595 200.154 228.793
8.49103 62.7915 106.346 155.595 204.274 233.502
8.64073 63.8985 108.346 158.338 208.274 238.502
8.78404 64.9583 110.143 161.338 212.274 243.502
8.78404 66.1432 112.143 164.281 216.146 248.502
 8.9404 67.1432 114.139 167.281 219.994 253.502
 8.9404 68.3252 116.139 170.226 223.867 258.502
9.10382 69.3252 118.139 173.338 227.867 263.228
9.10382 70.5623 120.139 176.338 231.933 267.925
9.26446 71.5623 122.139 179.449 235.933 272.652
9.41348 72.5623 124.104 182.336 239.933 277.652
9.41348 73.5623 126.104 185.462 244.046 282.413
9.56012 74.5623 128.068 188.351 248.046 287.413
9.56012 75.7297 130.068   191.3  251.93 292.413
9.56012 76.7297 132.068  194.42 256.039 297.182
9.56012 77.8714 134.033 197.313 260.039 302.182
9.56012 78.8714 136.033 200.431 264.148 306.957
9.70011 79.8714 138.025 203.431 268.016 311.957
9.83253 80.9618 140.025 206.208 272.016 316.957
9.83253 82.1114 142.014 209.208 275.878 321.957
9.83253 83.1114 144.123 212.316 279.878 326.739
9.83253 84.2671 146.123 215.268  283.77 331.739
9.83253 85.2671 148.231 218.374  287.77 336.525
9.96921 86.4524 150.231 221.374  291.77 341.203
9.96921 87.4524 152.339 224.479  295.77  345.99
9.96921 88.6467  154.42 227.479  299.77 350.715
9.96921 89.8461  156.42 230.479 303.826  355.46
9.96921 91.0426  158.42 233.549 307.826 360.194
10.0958 92.0426  160.42 236.514 311.734 365.194
 10.215 93.1298  162.42 239.308 315.734 370.194
10.3469 94.1298  164.42 242.397 319.734 374.973
10.4788 95.1298  166.42 245.486 323.734 379.752
10.4788 96.1298 168.456 248.489 327.694 384.752
10.5931 97.1782 170.293 251.489 331.694 389.752
10.5931 98.1782 172.391 254.588 335.694 394.555
10.5931 99.3633 174.391 257.588 339.747 399.317
10.5931 100.548 176.391 260.588 343.799  404.08
10.5931 101.548 178.391 263.689  347.89 408.888
10.5931 102.548  180.49 266.689 351.982 413.698
10.7159 103.548  182.49 269.689 356.063 418.494
10.8242 104.595 184.334 272.689 360.063 423.494
10.8242 105.595 186.428 275.786 364.063 428.304
10.8242 106.768 188.498 278.786 368.063 433.061
 10.944 107.768 190.585 281.786 372.063 437.854
11.0638 108.768 192.671 284.786 376.063 442.648
11.1836 109.768 194.758 287.786 380.063 447.442
11.2989 110.768 196.758 290.753 383.981 452.442
11.2989 111.768 198.853 293.753 388.069 457.259
11.2989 112.895 200.853 296.714 391.981 462.259
11.4119 113.895 202.853 299.681 395.901 467.259
11.4119  115.02 204.853 302.643 399.813 472.259
11.4119  116.02 206.945 305.643 403.897 477.082
11.5269  117.02 208.945 308.722 407.897 481.888
11.5269  118.02 210.977 311.724 411.863 486.888
11.5269 119.181 212.977 314.724 415.914 491.677
11.5269 120.296  214.97 317.724 419.806 496.677
11.6328 121.296 216.945 320.643 423.806 501.677
11.7325 122.336 218.805 323.643 427.806 506.677
11.7325 123.456 220.805 326.606 431.723 511.677
11.7325 124.456  222.89  329.69 435.723 516.508
11.8365 125.456 224.865 332.611 439.723 521.508
11.8365 126.456 226.894 335.613 443.691 526.508
11.9406 127.456 228.889 338.613 447.592 531.508
11.9406 128.605 230.952 341.613 451.592 536.298
12.0414 129.691 232.952 344.613 455.406 541.298
12.1472  130.83 234.952 347.613 459.406 546.052
12.2546  131.83 236.952 350.613 463.469 550.882
12.3578  132.83 238.946 353.613 467.371 555.882
12.4616  133.83 240.946 356.583 471.297 560.882
12.4616 134.937  242.94 359.583 475.196 565.882
12.4616 136.085  244.94 362.583 479.237 570.694
12.5655  137.22  246.94 365.583 483.237 575.455
12.6695 138.355  248.94 368.583 487.237 580.215
12.6695 139.355  251.02 371.583 491.308 585.064
 12.774 140.355  253.02  374.65 495.308 589.892
 12.774 141.467  255.02 377.617  499.23 594.892
12.8777 142.467 257.089 380.617  503.23  599.72
12.8777 143.467 259.167 383.693  507.23 604.566
12.8777 144.467 261.245 386.768  511.23 609.413
 12.974 145.547 263.245 389.768 515.053 614.413
13.0663 146.582 265.117 392.768 519.053 619.413
13.1669 147.711 267.117 395.768 523.053 624.183
13.2592 148.747 268.989 398.768 527.053 629.183
13.3566 149.747 270.964 401.696 531.053 634.183
13.4548 150.747 272.958 404.696 534.961 639.183
13.4548 151.882 274.958 407.745 538.961 643.998
13.4548 152.882 277.033 410.745 543.028 648.857
13.5497  153.96 279.033 413.745 546.855 653.857
13.5497  154.96 281.033  416.82  550.92 658.717
13.5497 156.059 283.026  419.82 554.827 663.717
13.6443 157.059 285.001  422.75 558.827 668.717
13.6443 158.059 287.074  425.75 562.892 673.581
13.7395 159.059 289.074 428.724 566.823 678.581
13.7395 160.161 291.074 431.694  570.75 683.581
13.8328 161.161  293.05 434.625  574.75 688.581
13.9303 162.161  295.05 437.625   578.8 693.433
13.9303 163.257 297.044 440.625 582.711 698.433
13.9303 164.384 299.095 443.625 586.711 703.255
14.0178 165.417 300.974 446.625 590.711 708.255
14.1074 166.474 302.974 449.479 594.711 713.255
14.1949 167.506 304.854 452.479 598.711 718.255
14.2824 168.539 306.733 455.479 602.711 723.255
14.2824 169.638 308.733 458.449 606.642 728.255
14.2824 170.763  310.78 461.449 610.642 733.083
14.2824  171.85 312.758 464.385 614.642 738.083
14.2824 172.944 314.749 467.385 618.556 743.083
14.3757 173.944 316.749 470.438 622.556 747.937
14.3757  175.07 318.749 473.438 626.587  752.78
14.4684  176.07 320.804 476.438 630.587 757.633
14.4684  177.07 322.869 479.438 634.645 762.509
14.5547 178.126 324.869 482.296 638.645 767.509
14.5547 179.126 326.933 485.296 642.704 772.386
14.6434 180.126 328.926 488.296 646.622 777.386
14.6434 181.126 330.991 491.296  650.68 782.264
14.6434 182.126 333.055 494.296 654.737 787.143
14.6434 183.126 335.118 497.358 658.737 792.018
14.6434 184.126 337.118 500.421 662.795 796.897
14.7284 185.194 339.118 503.421 666.641 801.897
14.8103 186.225 341.005 506.421 670.641 806.897
14.8103 187.225 343.066 509.483 674.641 811.774
14.8964 188.225  345.06 512.483 678.562 816.774
14.9779 189.255 346.948 515.483 682.562 821.774
14.9779 190.255 348.969 518.486 686.538 826.774
14.9779  191.37 350.969 521.524 690.538  831.62
14.9779  192.37  353.03 524.524 694.593 836.504
15.0618  193.37 355.008 527.463 698.593 841.504
15.1464  194.37 357.001 530.463 702.515 846.504
15.1464  195.37 359.001 533.524 706.569 851.389
15.2278 196.421 361.001 536.392 710.569 856.389
15.2278 197.509 363.001 539.365 714.508 861.389
15.2278 198.587 364.981 542.308 718.508 866.389
15.2278 199.675 366.981  545.28 722.446 871.389
15.2278 200.753 368.962 548.223 726.446 876.389
15.3095 201.753  370.94 551.162 730.446 881.389
15.3876 202.782 372.833 554.162 734.446 886.389
15.3876 203.892 374.873 557.162 738.446 891.239
15.4669 204.942 376.873 560.033 742.446 896.239
15.4669 206.051 378.913 563.033 746.446  901.09
15.5476 207.051 380.891 565.973 750.446  906.09
15.6275 208.115 382.891 568.973 754.302  911.09
15.7074 209.179 384.891 571.973 758.159  916.09
15.7074 210.266 386.891 574.946 762.099  921.09
15.7074 211.374  388.93 577.946 766.099 925.944
15.7902 212.374  390.93 580.946 770.136 930.823
15.7902 213.484  392.93 583.946 774.161 935.688
15.8679 214.534  394.93 586.818 778.161 940.688
15.8679 215.643  396.93  589.85 782.161 945.548
15.8679 216.643 398.984 592.902 786.161 950.442
15.9466 217.643 400.964 595.844 790.161 955.442
15.9466 218.749 403.002 598.844 794.161 960.297
16.0258 219.749 405.002 601.819 798.107 965.297
16.1059 220.847 407.002 604.819 802.107  970.12
16.1869 221.847 409.002 607.819 806.144 975.002
 16.262 222.875 410.898 610.819 810.144 980.002
16.3385 223.924 412.898 613.694 814.144 985.002
16.4177 224.924 414.898 616.668  818.09 990.002
16.4977  226.02 416.898 619.668  822.09 994.826
16.5752 227.082 418.898 622.668 825.951 999.826
16.5752 228.082 420.951 625.668 829.998 1004.73
16.5752 229.082 423.004 628.668 834.046 1009.63
16.6554 230.082 425.004 631.668 838.081 1014.51
16.6554 231.186 427.004 634.668 842.105 1019.38
16.7331 232.186 428.996 637.668 846.035 1024.38
16.8108 233.186 430.989 640.668 849.965 1029.38
16.8108 234.288 433.025 643.668 853.965 1034.24
16.8882 235.288 435.017 646.668 857.894 1039.24
16.9667 236.381 437.017 649.668 861.894 1044.07
17.0418 237.428 439.017 652.546 865.894 1049.07
17.1192 238.428  441.01 655.546 869.825 1054.07
 17.196 239.428  442.99 658.489 873.825 1059.07
17.2734 240.428 444.982 661.489 877.755 1064.07
17.2734 241.428 446.982 664.538 881.801 1068.98
17.3468 242.454 448.883 667.538 885.801 1073.98
17.3468 243.531 450.875 670.538 889.732 1078.98
17.3468 244.531 452.893 673.539 893.714 1083.98
17.4241 245.621 454.893 676.539 897.714 1088.81
17.5004 246.621 456.885 679.539 901.645 1093.81
17.5763 247.621 458.865 682.484 905.645 1098.81
17.5763  248.69 460.847 685.432 909.645 1103.81
17.6532 249.779 462.847 688.432 913.645 1108.64
17.7311 250.779 464.847 691.432 917.676 1113.53
17.7311 251.854 466.839 694.432 921.609 1118.53
17.8063 252.854 468.819 697.377 925.609 1123.53
17.8063 253.953 470.819 700.377  929.63 1128.42
17.8063 255.049 472.851 703.377  933.63 1133.29
17.8813 256.049 474.843 706.377 937.563 1138.29
17.9559 257.049 476.823 709.322 941.563 1143.29
17.9559 258.123 478.815 712.322 945.497 1148.29
18.0324 259.123 480.815 715.356 949.497 1153.18
18.0324 260.123 482.832 718.356  953.48 1158.18
18.0324 261.191 484.815 721.306  957.48 1163.18
18.1067 262.191 486.815 724.281  961.43 1168.18
18.1817 263.277 488.815 727.281  965.43 1173.02
18.1817 264.345 490.797 730.231  969.43 1178.02
18.2572 265.345 492.834 733.231  973.43  1182.9
18.2572 266.345  494.85 736.231 977.413  1187.9
18.2572  267.44  496.85 739.231 981.432 1192.79
18.3272 268.465 498.755 742.231 985.432 1197.79
18.3272 269.465   500.8 745.275 989.432  1202.7
18.3272 270.541   502.8  748.25 993.382  1207.7
18.4015 271.541   504.8  751.25  997.41  1212.6
18.4015 272.541 506.846  754.25 1001.45 1217.51
18.4015 273.541 508.846 757.294 1005.49 1222.42
18.4752 274.541 510.846 760.294 1009.52 1227.32
18.5488 275.541 512.881 763.294 1013.52 1232.21
18.6225 276.541 514.917 766.294 1017.52  1237.1
18.6914 277.565 516.824 769.294 1021.52  1242.1
18.6914 278.635 518.816 772.294 1025.46  1247.1
18.7649 279.635 520.816 775.294 1029.49    1252
18.7649   280.7 522.799 778.246 1033.49    1257
18.7649   281.7 524.799 781.289 1037.53 1261.92
18.7649 282.773 526.799 784.265 1041.48 1266.92
18.8358 283.773 528.791 787.265 1045.42 1271.92
18.9064 284.773 530.771 790.214 1049.42 1276.92
18.9773 285.773 532.763 793.214 1053.36 1281.92
18.9773 286.773 534.806 796.214  1057.4 1286.83
18.9773 287.773 536.806 799.256 1061.44 1291.75
18.9773 288.862 538.806  802.28 1065.44 1296.64
19.0445 289.885 540.715  805.28 1069.44 1301.64
19.1149 290.885 542.715 808.257 1073.39 1306.64
19.1822 291.908 544.625 811.257 1077.39 1311.64
19.2505 292.949 546.625 814.148 1081.39 1316.64
19.2505 294.037 548.625 817.148 1085.41 1321.53
19.3212 295.117 550.625 820.148 1089.41 1326.38
19.3212 296.204 552.625 823.171 1093.41 1331.27
19.3923 297.204 554.625 826.171 1097.43 1336.17
19.4634 298.204 556.657 829.171 1101.43 1341.07
19.4634 299.271 558.649 832.171 1105.38 1346.07
19.5342 300.271 560.681 835.171 1109.38 1350.97
19.5342 301.271 562.681 838.212 1113.41 1355.89
19.6033 302.271 564.672 841.212 1117.35 1360.89
19.6033 303.357   566.7 844.212 1121.35 1365.77
19.6033 304.443   568.7 847.235 1125.35 1370.66
19.6722 305.443   570.7 850.212 1129.31 1375.66
19.7409 306.443 572.691 853.212 1133.25 1380.66
19.7409 307.443 574.705 856.213 1137.23 1385.66
19.7409 308.443 576.719 859.213 1141.22 1390.66
19.8093 309.443 578.719  862.19 1145.17 1395.66
19.8093 310.443  580.76  865.23 1149.17 1400.58
19.8745 311.465 582.672  868.23 1153.17 1405.58
19.9438 312.465 584.672 871.258 1157.17 1410.49
19.9438  313.53 586.664 874.258 1161.12 1415.49
20.0088 314.552 588.577 877.258 1165.12 1420.49
20.0762 315.552 590.558  880.21 1169.12 1425.49
20.1422 316.591 592.558 883.106 1173.12 1430.49
20.1422 317.591 594.597 886.145 1177.12 1435.41
20.2099 318.591 596.597 889.122 1181.07 1440.41
20.2099 319.591 598.597 892.161 1185.11 1445.33
20.2099 320.591 600.636 895.161 1189.15 1450.26
20.2743 321.612  602.55 898.161 1193.15 1455.26
20.3415 322.612  604.55 901.139  1197.1 1460.26
20.3415 323.671 606.534 904.096  1201.1 1465.26
 20.409 324.744 608.534 907.096  1205.1 1470.11
 20.409 325.827 610.534 910.096 1209.12 1475.02
 20.409 326.827 612.572 913.134 1213.12 1479.94
20.4744 327.874 614.572 916.134 1217.01 1484.94
20.4744 328.955 616.572 919.156 1221.01 1489.84
20.5395 330.003 618.572 922.156 1224.89 1494.84
20.5395 331.061 620.556 925.113 1228.89 1499.84
20.6057 332.061 622.556 928.091 1232.85 1504.84
20.6057 333.142 624.556 931.112 1236.85 1509.73
20.6057 334.142 626.593  934.15 1240.85 1514.66
20.6057 335.207 628.593 937.128 1244.81 1519.66
20.6706 336.207 630.575 940.082 1248.81 1524.66
20.7334 337.229  632.49 943.082 1252.81 1529.66
20.7334 338.294  634.49  946.06 1256.76 1534.66
20.7334 339.356 636.482  949.06 1260.71 1539.66
20.7334 340.435 638.507  952.06 1264.71 1544.56
20.7987 341.507 640.507  955.06 1268.71 1549.42
20.7987 342.569 642.499  958.06 1272.65 1554.42
20.7987 343.569 644.536  961.06 1276.69 1559.35
20.7987 344.569 646.536 964.097 1280.72 1564.28
20.7987 345.649 648.536 967.097 1284.74 1569.18
20.7987 346.728  650.56 970.097 1288.74 1574.08
20.8636 347.728  652.56 973.097 1292.76 1578.99
20.8636 348.728 654.572 976.098 1296.75 1583.99
20.9273 349.728 656.572 979.077 1300.71 1588.99
20.9273 350.806 658.596 982.077 1304.71 1593.89
20.9273 351.806 660.608 985.078 1308.69 1598.89
20.9904 352.806   662.6 988.078 1312.64 1603.89
20.9904 353.806 664.636 991.078 1316.67 1608.82
21.0533 354.806 666.628 994.078 1320.62 1613.82
21.1159 355.806  668.61 997.034 1324.62 1618.82
21.1159 356.862 670.594 999.993 1328.62 1623.82
21.1159 357.918 672.579 1002.95 1332.62 1628.82
21.1159 358.918 674.615 1005.95 1336.65 1633.75
21.1794 359.918 676.615 1008.95 1340.67 1638.66
21.1794 360.918  678.65 1011.99 1344.67 1643.59
21.1794 361.918  680.65 1015.02 1348.71 1648.52
21.1794 362.994 682.674 1018.02 1352.71 1653.42
21.1794 363.994 684.709 1021.02 1356.74 1658.35
21.1794  365.07 686.733 1024.02 1360.74 1663.25
21.1794 366.125 688.718 1026.98 1364.74 1668.25
21.2384 367.146 690.638 1029.98 1368.74 1673.25
21.2975 368.167 692.558 1032.98 1372.74 1678.25
21.3565 369.187 694.478 1035.98 1376.74 1683.25
21.4183 370.256 696.478 1038.98 1380.74 1688.12
21.4183 371.317 698.478 1041.96  1384.7 1693.12
21.4183 372.394 700.478 1044.96 1388.71 1698.03
21.4798 373.462 702.478 1047.96 1392.71  1702.9
21.4798 374.521  704.47 1050.96 1396.66  1707.9
21.5402 375.521 706.453 1053.92 1400.66  1712.9
21.5402 376.521 708.453 1056.95  1404.7 1717.84
21.5994 377.556 710.453 1059.86  1408.7 1722.84
21.5994 378.615 712.444 1062.86 1412.65 1727.84
21.5994 379.615 714.444 1065.89 1416.68 1732.77
21.5994 380.615 716.444 1068.93 1420.71  1737.7
21.6596 381.615 718.444 1071.91 1424.67  1742.7
21.6596 382.615 720.478 1074.91  1428.7 1747.63
21.6596 383.688   722.5 1077.91  1432.7 1752.54
21.7195 384.688   724.5 1080.89 1436.66 1757.54
21.7195 385.763   726.5 1083.89 1440.68 1762.45
21.7783 386.807   728.5 1086.89 1444.58 1767.45
21.8375 387.807 730.483 1089.85 1448.58 1772.45
21.8981 388.807 732.483 1092.85  1452.6 1777.37
21.9574 389.807 734.465  1095.8  1456.6 1782.37
 22.018 390.807 736.465  1098.8 1460.62 1787.29
22.0777 391.807 738.465 1101.78 1464.58 1792.29
22.0777 392.881 740.465 1104.78 1468.59  1797.2
22.0777  393.94 742.465 1107.76 1472.55  1802.2
22.0777 395.013 744.487 1110.76 1476.55 1807.11
22.1368 396.013 746.478 1113.76  1480.5 1812.11
22.1368 397.086 748.478 1116.76 1484.52 1817.02
22.1967 398.086 750.478 1119.76 1488.54 1821.94
22.2536 399.106 752.401 1122.76 1492.54 1826.94
22.2536  400.18 754.401 1125.76 1496.55 1831.85
22.3133  401.18 756.426 1128.76 1500.55 1836.77
22.3725 402.245 758.426 1131.76 1504.55 1841.64
22.3725 403.318 760.426 1134.76 1508.56 1846.56
22.4322 404.318 762.426 1137.76 1512.58 1851.48
22.4322 405.318 764.426  1140.8 1516.61 1856.41
22.4916 406.318 766.426  1143.8 1520.63 1861.33
 22.551 407.318 768.426 1146.82 1524.63 1866.25
 22.551  408.39 770.426 1149.82 1528.65 1871.17
22.6086 409.432 772.426 1152.82 1532.55 1876.17
22.6086 410.503 774.446 1155.82 1536.55 1881.07
22.6086 411.503 776.479 1158.82 1540.58 1886.01
22.6086 412.503  778.51 1161.85 1544.58 1890.95
22.6662 413.503 780.493 1164.81 1548.58 1895.95
22.6662 414.503 782.525 1167.84 1552.58 1900.88
 22.724 415.503 784.525 1170.82 1556.54 1905.88
 22.724 416.503 786.557 1173.82 1560.57 1910.82
 22.724 417.503 788.568 1176.82 1564.56 1915.82
 22.724 418.503   790.6 1179.82  1568.6 1920.75
22.7814 419.503   792.6  1182.8 1572.56 1925.75
22.7814 420.573   794.6 1185.82 1576.56 1930.67
22.8383 421.573 796.583 1188.78 1580.56 1935.67
22.8954 422.573 798.575 1191.78 1584.51 1940.67
22.9534 423.573 800.575  1194.8 1588.51 1945.59
23.0115 424.573 802.575  1197.8 1592.53 1950.51
23.0115 425.644 804.575  1200.8 1596.54 1955.43
23.0673 426.676 806.575 1203.71 1600.54 1960.43
23.1231 427.708 808.575 1206.63 1604.54 1965.43
23.1231 428.764 810.575 1209.61 1608.51 1970.43
23.1804 429.826 812.575 1212.61 1612.51 1975.31
23.1804 430.877 814.561 1215.57 1616.51 1980.31
23.2364 431.917 816.561 1218.57 1620.41 1985.31
23.2935 432.979 818.561 1221.57 1624.41 1990.19
23.2935 434.036 820.561 1224.55 1628.37 1995.19
23.2935 435.105 822.561 1227.55 1632.39  2000.1
23.2935 436.175 824.561 1230.55  1636.4 2005.02
23.2935 437.175 826.561 1233.58 1640.43 2009.96
23.2935 438.175 828.591 1236.58 1644.46  2014.9
23.3488 439.215 830.591 1239.58 1648.36  2019.9
23.4052 440.277 832.591 1242.58 1652.36 2024.78
23.4052 441.333 834.591 1245.56 1656.33 2029.78
23.4052 442.383 836.577 1248.53 1660.33 2034.78
23.4619 443.383 838.577 1251.53 1664.35 2039.71
23.4619 444.433 840.563 1254.49 1668.35 2044.71
23.4619 445.501 842.583 1257.49 1672.35 2049.62
23.4619  446.57 844.583 1260.49 1676.36 2054.54
23.4619 447.626 846.583 1263.47 1680.32 2059.54
23.5175 448.687 848.583 1266.47 1684.32 2064.42
23.5736 449.687 850.606 1269.47 1688.32 2069.34
23.5736 450.743 852.606 1272.45 1692.29 2074.34
23.6295 451.743 854.629 1275.45 1696.29 2079.26
23.6847 452.743 856.629 1278.43 1700.25 2084.26
23.6847 453.793 858.615  1281.4 1704.25 2089.26
23.7398 454.793 860.615 1284.38 1708.21 2094.26
23.7398 455.793 862.645 1287.38 1712.24  2099.2
23.7398 456.793 864.655 1290.38 1716.23  2104.2
23.7946 457.793 866.655 1293.36  1720.2  2109.2
23.8497 458.853 868.655 1296.36  1724.2 2114.09
23.8497  459.92 870.655 1299.37  1728.2    2119
23.9047  460.98 872.655 1302.37  1732.2 2123.89
23.9582 462.012 874.655 1305.29  1736.2 2128.89
24.0132 463.072 876.655 1308.29  1740.2 2133.77
24.0682 464.132 878.655 1311.29  1744.2 2138.66
24.1231 465.192 880.655 1314.29  1748.2 2143.54
24.1766 466.224 882.655  1317.2  1752.2 2148.54
 24.231 467.224 884.639 1320.16  1756.2 2153.54
 24.231 468.291 886.639 1323.18  1760.2 2158.46
 24.231 469.291 888.669 1326.18 1764.23  2163.4
24.2857 470.351 890.669 1329.18 1768.23 2168.29
24.3409 471.351 892.669  1332.2 1772.23 2173.21
 24.395 472.351 894.653 1335.16 1776.23 2178.21
24.4487  473.39 896.653 1338.16 1780.14 2183.21
24.5023 474.429 898.653 1341.16 1784.04 2188.21
24.5023 475.481 900.646 1344.16    1788 2193.21
24.5565 476.481 902.638 1347.16 1791.95 2198.21
24.5565 477.547 904.638 1350.17 1795.95 2203.13
24.6107 478.547 906.638 1353.15 1799.92 2208.13
24.6648 479.547 908.629 1356.15 1803.87 2213.13
24.7186 480.547 910.614 1359.12 1807.87 2218.13
24.7721 481.586 912.614 1362.12 1811.78 2223.13
24.7721 482.652 914.614 1365.12 1815.79 2228.06
24.7721 483.652 916.643 1368.12 1819.82    2233
24.7721 484.718 918.643 1371.13 1823.82 2237.92
24.7721 485.718 920.643 1374.16 1827.85 2242.86
24.8257 486.718 922.635 1377.16  1831.8 2247.86
24.8786 487.756 924.635 1380.16 1835.71 2252.86
24.8786 488.756 926.644 1383.16  1839.7 2257.86
24.8786 489.804 928.631 1386.12  1843.7 2262.86
24.8786 490.858 930.631 1389.11 1847.67 2267.86
24.8786 491.906 932.618 1392.07 1851.67 2272.86
24.9316 492.906 934.602 1395.03 1855.67 2277.86
24.9851 493.963 936.602 1398.03 1859.67 2282.75
25.0386 495.021 938.602 1401.03 1863.67 2287.64
25.0907 496.052 940.602 1403.95 1867.67 2292.64
25.0907   497.1 942.589 1406.92 1871.67 2297.64
25.1441 498.158 944.589 1409.92 1875.67 2302.53
25.1441 499.158 946.618 1412.92 1879.69 2307.47
25.1441 500.158 948.646 1415.94 1883.69 2312.42
25.1963 501.196 950.646 1418.94  1887.6 2317.42
25.2499 502.196 952.646 1421.94 1891.62 2322.35
25.3027 503.196 954.638 1424.94 1895.57 2327.35
25.3555 504.196  956.63 1427.94 1899.53 2332.35
25.3555 505.248  958.63 1430.92  1903.5 2337.35
25.4083 506.248  960.63 1433.91 1907.46 2342.35
25.4083 507.248 962.658 1436.91 1911.49 2347.29
25.4083 508.312 964.658 1439.92 1915.49 2352.21
25.4083 509.312 966.686 1442.92 1919.52 2357.16
25.4083 510.364 968.686  1445.9 1923.48 2362.16
25.4083 511.427 970.703  1448.9 1927.48 2367.08
25.4083  512.49 972.721  1451.9 1931.48    2372
25.4083  513.54 974.714  1454.9 1935.44    2377
25.4083  514.54 976.741  1457.9 1939.47 2381.94
25.4609  515.54 978.762  1460.9 1943.47 2386.87
25.5127  516.54 980.754  1463.9 1947.42 2391.87
25.5127 517.603 982.772  1466.9 1951.42 2396.79
25.5127 518.603 984.799 1469.93 1955.42 2401.74
25.5638  519.64 986.799 1472.93 1959.33 2406.74
25.6152  520.64 988.785 1475.89 1963.33 2411.74
25.6662 521.678 990.785 1478.89 1967.24 2416.74
25.6662  522.74 992.802 1481.89 1971.24 2421.66
25.6662  523.74 994.802 1484.92 1975.27  2426.6
25.6662  524.74 996.802 1487.94  1979.3 2431.55
 25.716 525.757 998.735 1490.94  1983.3 2436.55
25.7658 526.775 1000.67 1493.94  1987.3 2441.55
25.7658 527.836 1002.68 1496.94  1991.3 2446.47
25.8169 528.836 1004.68 1499.94 1995.25 2451.47
25.8169 529.882 1006.66 1502.91 1999.25 2456.47
25.8679 530.882 1008.65 1505.88 2003.25 2461.47
25.9197 531.882 1010.65 1508.89 2007.25  2466.4
25.9197 532.934 1012.65 1511.87 2011.22  2471.4
25.9197 533.996 1014.65 1514.87 2015.23 2476.33
25.9197 534.996 1016.66 1517.87 2019.22 2481.33
25.9197 535.996 1018.69  1520.9 2023.22 2486.28
25.9702 536.996 1020.67 1523.86 2027.22 2491.28
25.9702 538.042 1022.66 1526.83 2031.22 2496.28
25.9702 539.104 1024.66 1529.83 2035.23  2501.2
26.0214 540.104 1026.68 1532.83 2039.23 2506.13
26.0722 541.159 1028.68 1535.83 2043.23 2511.03
26.1212 542.176 1030.61 1538.83 2047.23 2516.03
26.1212 543.176 1032.64 1541.86 2051.23 2520.98
26.1212 544.176 1034.66 1544.88 2055.23 2525.92
26.1212 545.176 1036.66 1547.91 2059.26 2530.87
26.1212 546.176 1038.69 1550.91 2063.28 2535.82
26.1704 547.205 1040.69 1553.83 2067.28 2540.82
26.2212 548.205 1042.69 1556.83  2071.3 2545.75
26.2212 549.205 1044.72 1559.83 2075.32  2550.7
26.2698 550.222 1046.65 1562.83 2079.32  2555.7
26.2698 551.272 1048.65 1565.81 2083.29  2560.7
26.2698 552.317 1050.64 1568.78 2087.29  2565.7
26.3197 553.317 1052.64 1571.76 2091.26  2570.7
26.3703 554.317 1054.64 1574.76 2095.27 2575.64
26.3703 555.376 1056.66 1577.76 2099.27 2580.56
26.4194 556.412 1058.66 1580.76 2103.19 2585.56
26.4683 557.441 1060.66 1583.69 2107.19 2590.56
26.4683   558.5 1062.67 1586.69 2111.19 2595.48
26.4683 559.545 1064.66 1589.65 2115.19 2600.48
26.4683 560.545 1066.66 1592.68 2119.21 2605.43
26.4683  561.59 1068.65 1595.65 2123.21 2610.43
26.4683  562.65 1070.65 1598.66 2127.21 2615.36
26.4683  563.65 1072.67 1601.66 2131.24 2620.31
26.4683  564.65 1074.68 1604.66 2135.23 2625.31
26.5172  565.65 1076.67 1607.62 2139.23 2630.31
26.5172  566.65 1078.69 1610.65 2143.23 2635.26
26.5172 567.697 1080.69 1613.65 2147.19 2640.26
26.5664  568.75 1082.69 1616.65 2151.19 2645.16
 26.616  569.75 1084.69 1619.65 2155.21 2650.09
26.6649  570.75 1086.68 1622.65 2159.16 2655.09
26.6649 571.808 1088.69 1625.65 2163.16 2660.02
26.7143 572.808 1090.69 1628.66 2167.16 2664.95
 26.763 573.808 1092.68 1631.63 2171.16 2669.95
 26.763 574.808 1094.71 1634.65 2175.16  2674.9
 26.763 575.852 1096.69 1637.62 2179.16  2679.9
 26.763 576.911 1098.71 1640.62 2183.16 2684.83
26.8121 577.911 1100.73 1643.62 2187.16 2689.76
26.8121 578.911 1102.75 1646.65 2191.16 2694.71
26.8121 579.959 1104.75 1649.63 2195.13 2699.71
26.8611 580.959 1106.75 1652.65 2199.13 2704.65
26.9096 581.959 1108.75 1655.63  2203.1 2709.65
26.9096 583.005 1110.75 1658.63 2207.06 2714.65
26.9096 584.065 1112.75 1661.63 2211.07 2719.58
26.9573 585.099 1114.75 1664.63 2214.99 2724.58
27.0053 586.099 1116.73 1667.59 2218.99 2729.58
27.0053 587.099 1118.73 1670.62 2223.01 2734.53
27.0526 588.127 1120.73 1673.54 2227.01 2739.53
27.0994 589.144 1122.67 1676.54 2231.01 2744.53
27.0994 590.202 1124.67 1679.56 2235.01 2749.46
27.0994 591.202  1126.7 1682.58 2239.01 2754.41
27.0994  592.26  1128.7 1685.59 2243.01 2759.34
27.1475 593.312  1130.7 1688.59 2247.01 2764.24
27.1475 594.358 1132.69 1691.59 2250.98 2769.24
27.1951 595.358 1134.67 1694.56 2254.98 2774.24
27.1951 596.358  1136.7 1697.58 2258.98 2779.19
27.2429 597.358  1138.7 1700.56 2262.94 2784.19
27.2892 598.374 1140.64 1703.56 2266.94 2789.19
27.2892 599.431 1142.65 1706.56 2270.94 2794.12
27.2892  600.49 1144.65 1709.56 2274.95 2799.05
27.2892 601.535 1146.65 1712.56 2278.91 2804.05
27.3361 602.569 1148.65 1715.56 2282.83 2809.05
27.3361 603.612 1150.63 1718.53 2286.83 2814.05
27.3836 604.612 1152.63 1721.52  2290.8 2819.05
27.3836 605.658 1154.63 1724.52 2294.76 2824.05
27.3836 606.658 1156.63 1727.54 2298.79    2829
27.4308 607.658 1158.62 1730.54 2302.75    2834
27.4308 608.701 1160.61 1733.51 2306.75    2839
27.4785 609.701 1162.61 1736.53 2310.75 2843.94
27.5243 610.717 1164.54 1739.53 2314.75 2848.94
27.5243 611.717 1166.54 1742.55 2318.77 2853.89
27.5705 612.744 1168.54 1745.48 2322.77 2858.89
27.5705 613.791 1170.54 1748.46 2326.74 2863.89
27.5705 614.791 1172.57 1751.48 2330.74 2868.85
27.5705 615.834 1174.56 1754.45 2334.74 2873.85
27.5705 616.891 1176.56 1757.46 2338.74 2878.78
27.6173 617.891 1178.56 1760.45 2342.71 2883.78
27.6173 618.948 1180.56 1763.45 2346.72 2888.71
27.6173 619.995 1182.56 1766.43 2350.69 2893.71
27.6631 621.022 1184.56 1769.36 2354.69 2898.71
27.7096 622.022 1186.55 1772.36 2358.65 2903.71
27.7567 623.022 1188.55 1775.37 2362.65 2908.65
27.8038 624.022 1190.57 1778.37 2366.65 2913.59
27.8496 625.049 1192.57  1781.3 2370.65 2918.59
27.8496 626.091 1194.55 1784.27 2374.65 2923.59
27.8966 627.091 1196.55 1787.28 2378.65 2928.52
27.9418 628.107 1198.49 1790.28 2382.65 2933.52
27.9878 629.141 1200.49 1793.28 2386.57 2938.52
28.0348 630.141 1202.51 1796.28 2390.57 2943.46
28.0348 631.185  1204.5 1799.28 2394.53 2948.46
28.0813 632.185  1206.5 1802.26  2398.5 2953.46
28.0813  633.23  1208.5 1805.26 2402.47 2958.46
28.0813 634.276  1210.5 1808.25 2406.44 2963.46
28.1281 635.276  1212.5 1811.26 2410.44  2968.4
28.1281 636.276 1214.52 1814.26 2414.46 2973.35
28.1741 637.276 1216.51 1817.23 2418.46 2978.35
28.1741  638.32  1218.5 1820.23 2422.42 2983.35
28.2201  639.32 1220.49  1823.2 2426.42 2988.35
28.2201  640.32 1222.51 1826.22 2430.42 2993.31
28.2666  641.32 1224.53 1829.22 2434.42 2998.25
28.3127  642.32 1226.53  1832.2 2438.39 3003.25
28.3127 643.364 1228.52  1835.2 2442.36 3008.25
28.3127  644.41 1230.52 1838.19 2446.33 3013.25
28.3127 645.465 1232.53 1841.19 2450.33 3018.18
28.3127 646.465 1234.56 1844.21 2454.33 3023.13
28.3585 647.465 1236.56 1847.19  2458.3 3028.13
28.4042 648.465 1238.55 1850.19 2462.26 3033.13
28.4505 649.465 1240.55 1853.21 2466.26 3038.07
28.4505 650.519 1242.56 1856.21 2470.26    3043
28.4956 651.552 1244.56 1859.21 2474.18    3048
28.5401 652.568  1246.5 1862.21 2478.18    3053
28.5863 653.568  1248.5 1865.21 2482.19 3057.95
28.6324 654.568 1250.52 1868.21 2486.19 3062.88
28.6779 655.568 1252.51 1871.17 2490.19 3067.88
28.6779 656.568 1254.51  1874.2 2494.21 3072.84
 28.724 657.568 1256.51  1877.2 2498.23 3077.78
 28.724 658.568 1258.51  1880.2 2502.22 3082.78
28.7695 659.568 1260.51  1883.2 2506.18 3087.78
28.8152 660.616 1262.51  1886.2 2510.18 3092.69
28.8606 661.616 1264.49 1889.16 2514.18 3097.69
28.9053 662.642 1266.49 1892.09 2518.18 3102.69
28.9053 663.684 1268.49 1895.09 2522.14 3107.69
28.9053 664.684 1270.51 1898.09 2526.17 3112.64
28.9053 665.684 1272.52 1901.09 2530.16 3117.64
28.9504 666.684  1274.5 1904.06 2534.16 3122.64
28.9504 667.684 1276.53 1907.08 2538.16  3127.6
28.9504 668.727 1278.52 1910.08 2542.12  3132.6
28.9961 669.727 1280.52 1913.08 2546.13 3137.54
28.9961 670.767 1282.51 1916.05 2550.13 3142.54
29.0412 671.767  1284.5 1919.05 2554.09 3147.54
29.0861 672.767 1286.49 1922.02 2558.09 3152.54
29.0861 673.821 1288.49 1925.03 2562.09 3157.48
29.0861 674.865 1290.49 1928.02 2566.07 3162.48
29.0861 675.905 1292.48 1930.99 2570.07 3167.48
29.1305 676.937 1294.48 1933.99 2573.99 3172.48
29.1759 677.937 1296.49 1936.99 2577.99 3177.42
29.1759 678.937 1298.51 1939.99 2582.01 3182.37
29.2205 679.937  1300.5 1942.96 2586.01 3187.37
29.2646 680.963  1302.5 1945.89 2590.01 3192.37
29.2646 682.003 1304.49 1948.86 2594.01 3197.37
29.2646 683.003 1306.51 1951.86 2598.03 3202.33
29.2646 684.055 1308.53 1954.86 2602.03 3207.26
29.3097 685.055 1310.53 1957.86 2606.04 3212.21
29.3097 686.099 1312.53 1960.84 2610.02 3217.21
29.3097 687.099 1314.53 1963.84 2614.01 3222.21
29.3097 688.143 1316.53 1966.82 2617.98 3227.21
29.3546 689.143 1318.53 1969.82 2621.99 3232.15
29.3983 690.169 1320.53 1972.76 2625.99 3237.15
29.3983 691.169 1322.54 1975.76 2629.98 3242.15
29.3983 692.221 1324.54 1978.76 2633.98 3247.09
29.4424 693.221 1326.53 1981.73 2637.98 3252.09
29.4424 694.221 1328.55 1984.73    2642 3257.05
29.4424 695.263 1330.54 1987.73 2645.97 3262.05
29.4424 696.263 1332.57 1990.75 2649.97 3267.01
29.4864 697.263 1334.56 1993.75 2653.93 3272.01
29.5309 698.263 1336.57 1996.75 2657.93 3276.95
 29.575 699.263 1338.57 1999.75  2661.9 3281.95
29.6191 700.263 1340.57 2002.74 2665.87 3286.95
29.6624 701.288 1342.57 2005.67 2669.87 3291.95
29.6624 702.329 1344.56 2008.67 2673.83 3296.95
29.7069 703.329 1346.56 2011.68 2677.83 3301.89
29.7069 704.382 1348.56 2014.68 2681.84 3306.83
29.7069 705.382 1350.58 2017.68 2685.86 3311.79
29.7069 706.421 1352.57 2020.65 2689.86 3316.79
29.7506 707.421 1354.56 2023.62 2693.86 3321.79
29.7945 708.467 1356.56 2026.62 2697.86  3326.7
29.7945 709.505 1358.55 2029.59 2701.86  3331.7
29.8387 710.505 1360.56 2032.59 2705.86 3336.64
29.8824 711.505 1362.56 2035.59 2709.82 3341.64
29.8824 712.544 1364.55 2038.57 2713.82 3346.64
29.9261 713.544 1366.54 2041.57 2717.79 3351.64
29.9702 714.544 1368.54 2044.58 2721.79 3356.58
30.0138 715.544 1370.53 2047.55 2725.79 3361.58
30.0574 716.544 1372.52 2050.55 2729.75 3366.58
30.0574 717.544 1374.54 2053.55 2733.77 3371.54
30.0574 718.587 1376.54 2056.53 2737.74 3376.54
30.0574 719.587 1378.56 2059.53 2741.76  3381.5
30.1008 720.587 1380.55 2062.53 2745.73  3386.5
30.1432 721.601  1382.5 2065.53 2749.73  3391.5
30.1868 722.601  1384.5 2068.52  2753.7  3396.5
30.1868 723.642 1386.49 2071.52 2757.67  3401.5
30.2297 724.672 1388.49 2074.52 2761.59  3406.5
30.2297 725.672 1390.51 2077.52 2765.61 3411.46
30.2731 726.672 1392.51 2080.52 2769.58 3416.46
30.2731 727.672 1394.53 2083.53 2773.58 3421.42
30.3164 728.672 1396.53 2086.52 2777.55 3426.42
30.3599 729.717 1398.53 2089.52 2781.55 3431.33
30.4028 730.747 1400.53 2092.52 2785.48 3436.33
30.4465 731.747 1402.54 2095.52 2789.48 3441.27
30.4902 732.747 1404.54 2098.52 2793.48 3446.22
30.4902 733.787 1406.53 2101.52 2797.45 3451.22
30.5336 734.832 1408.53 2104.52 2801.45 3456.13
30.5773 735.832 1410.53 2107.52 2805.46 3461.08
30.5773  736.87 1412.52 2110.49 2809.46 3466.08
30.5773  737.87 1414.55 2113.51 2813.46 3471.04
30.6204  738.87 1416.54 2116.51 2817.42 3476.04
 30.664  739.87 1418.54 2119.51 2821.43 3480.98
 30.664 740.907 1420.53 2122.48 2825.43 3485.98
30.7075 741.907 1422.53 2125.48 2829.44 3490.93
30.7075 742.947 1424.52 2128.48 2833.41 3495.93
 30.751 743.947 1426.52  2131.5 2837.41 3500.88
30.7944 744.947 1428.52 2134.51 2841.41 3505.82
30.8379 745.947 1430.52 2137.51 2845.42 3510.77
30.8379 746.947 1432.54 2140.51 2849.44 3515.73
30.8379 747.947 1434.54 2143.53 2853.46 3520.69
30.8379 748.947 1436.56 2146.55 2857.46 3525.65
30.8379 749.997 1438.56 2149.55 2861.46 3530.59
30.8806 750.997 1440.56 2152.55 2865.42 3535.59
30.8806 751.997 1442.58 2155.57 2869.42 3540.55
30.9222 753.011 1444.52 2158.57 2873.42 3545.55
30.9222 754.011 1446.54 2161.59 2877.42 3550.51
30.9222  755.06 1448.56 2164.59 2881.42 3555.45
30.9637 756.073  1450.5 2167.59 2885.42 3560.45
31.0061 757.073 1452.49 2170.56 2889.42 3565.45
31.0061 758.073 1454.51 2173.56 2893.44 3570.41
31.0485 759.073  1456.5 2176.53 2897.44 3575.41
31.0485 760.073 1458.52 2179.55 2901.44 3580.37
31.0485  761.11 1460.51 2182.53 2905.44 3585.37
31.0485 762.159 1462.52 2185.53 2909.44 3590.31
31.0485 763.207 1464.53 2188.53 2913.44 3595.25
31.0485 764.256 1466.54 2191.53 2917.44 3600.19
31.0906 765.256 1468.53  2194.5 2921.44 3605.19
31.0906 766.256 1470.55 2197.52 2925.44 3610.15
31.1324 767.285 1472.55 2200.52 2929.37 3615.15
31.1324 768.285 1474.55 2203.54 2933.39 3620.11
31.1324 769.285 1476.57 2206.55 2937.39 3625.07
31.1734 770.299 1478.52 2209.55 2941.39 3630.07
31.1734 771.337 1480.51 2212.55 2945.36 3635.07
31.1734 772.386 1482.52 2215.55 2949.36 3640.01
31.1734 773.386 1484.54 2218.55 2953.38 3644.97
31.2151 774.386 1486.53 2221.53 2957.38 3649.97
31.2571 775.428 1488.53 2224.53 2961.38 3654.88
31.2571 776.428 1490.53 2227.54  2965.4 3659.84
31.2571 777.428 1492.55 2230.54 2969.42  3664.8
31.2988 778.428 1494.54 2233.52 2973.42  3669.8
31.2988 779.476 1496.55 2236.52 2977.42 3674.74
31.2988 780.515 1498.54 2239.52 2981.38 3679.74
31.3409 781.515 1500.54 2242.52 2985.39 3684.69
31.3821 782.544 1502.54 2245.52 2989.32 3689.69
31.4242 783.544 1504.54 2248.52 2993.33 3694.64
31.4242 784.584 1506.54  2251.5 2997.31 3699.64
31.4242 785.633 1508.54  2254.5 3001.31 3704.59
31.4662 786.633 1510.56  2257.5 3005.31 3709.53
31.5078 787.633 1512.56 2260.49 3009.29 3714.53
31.5492 788.633 1514.55 2263.46 3013.29 3719.53
31.5911 789.633 1516.55 2266.47 3017.29 3724.48
31.6323 790.661 1518.55 2269.47 3021.22 3729.48
31.6323 791.709 1520.55 2272.48 3025.22 3734.42
31.6742 792.709 1522.56 2275.48 3029.22 3739.37
31.6742 793.757 1524.57 2278.48 3033.22 3744.31
 31.716 794.757 1526.57 2281.48 3037.23 3749.26
31.7571 795.785 1528.57 2284.48 3041.16 3754.26
31.7571 796.785 1530.59 2287.48 3045.17 3759.22
31.7975 797.799 1532.54 2290.48 3049.17 3764.22
31.8388 798.799 1534.53 2293.48 3053.14 3769.22
31.8803  799.84 1536.53 2296.48 3057.14 3774.13
31.9217  800.84 1538.52 2299.48 3061.11 3779.13
31.9217  801.84 1540.54 2302.49 3065.11 3784.09
31.9217  802.84 1542.56 2305.49 3069.12 3789.06
31.9217 803.887 1544.57 2308.49 3073.12    3794
31.9633 804.887 1546.59 2311.49 3077.12 3798.94
32.0035 805.901 1548.53 2314.49 3081.12 3803.94
32.0451 806.901 1550.55 2317.49 3085.12 3808.89
32.0451 807.948 1552.55 2320.49 3089.13 3813.83
32.0451 808.986 1554.54 2323.49  3093.1 3818.83
32.0863 809.986 1556.54 2326.48 3097.07 3823.83
32.0863 811.022 1558.53 2329.45 3101.07 3828.83
32.1275 812.063 1560.53 2332.45 3105.07 3833.75
 32.169 813.063 1562.53 2335.46 3109.07  3838.7
 32.169 814.099 1564.52 2338.44 3113.07  3843.7
 32.209 815.112 1566.47 2341.44 3117.07  3848.7
 32.209 816.147 1568.46 2344.41 3121.07  3853.7
 32.209 817.147 1570.47 2347.41 3125.07  3858.7
 32.209 818.147 1572.47 2350.43 3129.09 3863.66
32.2502 819.147 1574.48 2353.43 3133.09 3868.61
32.2915 820.147 1576.49 2356.43 3137.09 3873.55
32.3324 821.147 1578.49 2359.42 3141.06 3878.55
32.3723  822.16 1580.44 2362.42 3145.06 3883.55
 32.413  823.16 1582.43 2365.39 3149.06 3888.55
32.4538  824.16 1584.42 2368.39 3153.03 3893.55
32.4538 825.199 1586.42 2371.37    3157 3898.55
32.4538 826.199 1588.44 2374.37 3161.02 3903.52
32.4949 827.199 1590.45 2377.37 3165.02 3908.46
32.5361 828.199 1592.45 2380.38 3169.02 3913.41
32.5769 829.199 1594.45 2383.37 3172.99 3918.41
32.6175 830.199 1596.44 2386.34 3176.99 3923.41
32.6175 831.199 1598.46 2389.36 3180.99 3928.37
32.6578 832.227 1600.46 2392.36 3184.92 3933.37
32.6979 833.249 1602.46  2395.3 3188.92 3938.37
32.7382 834.276 1604.46  2398.3 3192.86 3943.37
32.7791 835.317 1606.46  2401.3 3196.86 3948.29
32.7791 836.317 1608.48  2404.3 3200.88 3953.25
32.8198 837.317 1610.48 2407.28 3204.85 3958.25
32.8604 838.317 1612.47 2410.28 3208.82 3963.25
32.9014 839.317 1614.47 2413.29 3212.82  3968.2
32.9014 840.363 1616.47  2416.3 3216.82 3973.15
32.9014   841.4 1618.46  2419.3 3220.78 3978.15
32.9014   842.4 1620.46 2422.32  3224.8 3983.11
32.9014 843.435 1622.46 2425.29  3228.8 3988.11
32.9014 844.481 1624.46 2428.29 3232.81 3993.06
32.9014 845.516 1626.45 2431.27 3236.81 3998.06
32.9412 846.537 1628.45 2434.21 3240.81 4003.06
32.9819 847.537 1630.46 2437.21 3244.81 4008.01
33.0213  848.55 1632.41 2440.21 3248.81 4013.01
 33.062  849.55 1634.41 2443.21 3252.82 4017.96
33.1028  850.55 1636.41 2446.21 3256.83 4022.91
33.1433  851.59 1638.41 2449.21 3260.83 4027.83
33.1433  852.59 1640.41 2452.21 3264.82 4032.83
33.1839  853.59 1642.41 2455.21 3268.83 4037.78
33.2246  854.59 1644.41 2458.21 3272.84 4042.73
33.2246 855.627 1646.41 2461.21  3276.8 4047.73
33.2652 856.627 1648.42 2464.21  3280.8 4052.68
33.3046 857.639 1650.37 2467.21  3284.8 4057.68
33.3449 858.639 1652.37 2470.19 3288.78 4062.68
33.3851 859.639 1654.37 2473.18 3292.75 4067.68
33.3851 860.639 1656.39 2476.18 3296.77 4072.64
33.3851 861.675 1658.38 2479.18 3300.74 4077.64
33.3851 862.713 1660.38 2482.16 3304.72 4082.64
33.4254 863.753 1662.38 2485.16 3308.72 4087.56
33.4254 864.753 1664.38 2488.18 3312.73 4092.53
33.4254 865.798 1666.38 2491.19 3316.73 4097.47
33.4254 866.843 1668.39 2494.19 3320.73 4102.42
33.4644 867.855 1670.34 2497.19 3324.73 4107.42
33.5038 868.877 1672.34 2500.13 3328.73 4112.42
33.5432 869.898 1674.34 2503.07 3332.73 4117.42
33.5432 870.943 1676.34 2506.07 3336.73 4122.36
33.5432 871.989 1678.34 2509.07 3340.74 4127.31
33.5432 872.989 1680.36 2512.09 3344.74 4132.28
33.5824  874.01 1682.36 2515.03 3348.74 4137.28
33.6226  875.01 1684.36 2518.04 3352.74 4142.23
33.6628  876.01 1686.36 2521.04 3356.75 4147.18
33.7026  877.01 1688.35 2524.04 3360.72 4152.18
33.7026  878.01 1690.35 2527.06 3364.73 4157.14
33.7026 879.044 1692.34 2530.03 3368.73 4162.14
33.7427 880.044 1694.34 2533.04 3372.73 4167.09
33.7828 881.044 1696.35 2536.04 3376.73 4172.04
33.8226 882.083 1698.35 2539.04 3380.73 4176.96
33.8623 883.083 1700.35 2542.04  3384.7 4181.96
33.8623 884.121 1702.35 2545.03 3388.68 4186.96
33.8623 885.158 1704.35 2548.02 3392.65 4191.96
33.8623 886.196 1706.35    2551 3396.63 4196.96
33.8623  887.23 1708.34 2553.98 3400.63 4201.96
 33.902 888.269 1710.34 2556.98 3404.63 4206.88
 33.902 889.269 1712.34    2560 3408.65 4211.85
33.9418 890.269 1714.34 2563.01 3412.65  4216.8
33.9817 891.269 1716.34 2566.01 3416.66 4221.75
33.9817 892.313 1718.34 2569.01 3420.66  4226.7
33.9817 893.349 1720.33 2572.01 3424.63  4231.7
34.0205  894.37 1722.33 2574.95 3428.63  4236.7
34.0205  895.37 1724.35 2577.97 3432.63 4241.66
34.0205  896.37 1726.37 2580.97 3436.64 4246.63
34.0205  897.37 1728.37 2583.97 3440.64 4251.63
34.0205  898.37 1730.39 2586.99 3444.64 4256.59
34.0205  899.37 1732.41    2590 3448.64 4261.56
34.0597  900.37  1734.4    2593  3452.6 4266.56
34.0979 901.382 1736.35    2596  3456.6 4271.56
34.1372 902.382 1738.35 2598.99 3460.58 4276.56
34.1767 903.382 1740.35    2602 3464.58 4281.51
34.2157 904.382 1742.34 2604.97 3468.58 4286.51
34.2548 905.382 1744.33 2607.94 3472.58 4291.51
34.2548 906.426 1746.33 2610.94 3476.59 4296.46
34.2939 907.426 1748.33 2613.93 3480.56 4301.46
34.2939  908.46 1750.32 2616.91 3484.56 4306.46
34.3325  909.48 1752.32 2619.85 3488.56 4311.46
34.3325 910.517 1754.32 2622.83 3492.54 4316.46
34.3325 911.517 1756.33 2625.83 3496.53 4321.46
34.3325 912.517 1758.33 2628.83 3500.53 4326.46
34.3325 913.561 1760.33 2631.84 3504.53 4331.41
34.3325 914.561 1762.33 2634.86 3508.54 4336.37
34.3325 915.561 1764.34 2637.86 3512.54 4341.37
34.3325 916.594 1766.33 2640.83 3516.54 4346.37
34.3716 917.594 1768.34 2643.83 3520.54 4351.32
34.3716 918.631 1770.34 2646.82 3524.51 4356.32
34.4098 919.651 1772.34 2649.76 3528.51 4361.32
34.4484 920.651 1774.33 2652.73 3532.51 4366.32
34.4862 921.663 1776.28 2655.73 3536.51 4371.32
34.4862 922.698 1778.27 2658.73 3540.49 4376.32
 34.525 923.736 1780.27 2661.73 3544.49 4381.25
 34.525 924.779 1782.28 2664.73 3548.49 4386.19
 34.525 925.816 1784.28 2667.72 3552.46 4391.19
34.5631 926.836 1786.28 2670.66 3556.46 4396.19
34.5631 927.836  1788.3 2673.66 3560.48 4401.16
34.5631  928.88  1790.3 2676.66 3564.48 4406.11
34.5631 929.913 1792.29 2679.64 3568.48 4411.11
34.6012 930.939 1794.29 2682.64 3572.42 4416.11
  34.64 931.939 1796.29 2685.64 3576.42 4421.06
  34.64 932.982 1798.29 2688.65 3580.42 4426.01
  34.64 934.018 1800.29 2691.64  3584.4 4431.01
34.6785 935.056 1802.29 2694.64  3588.4 4435.94
34.6785 936.093 1804.29 2697.62 3592.37 4440.94
 34.716 937.105 1806.24 2700.62 3596.37 4445.94
 34.716 938.105 1808.26 2703.64 3600.37  4450.9
 34.716 939.105 1810.27 2706.64 3604.37  4455.9
34.7546 940.105 1812.28 2709.64 3608.37 4460.85
34.7929 941.105 1814.28 2712.63 3612.35 4465.85
34.7929 942.137 1816.27  2715.6 3616.35 4470.85
34.7929 943.172 1818.26  2718.6 3620.32 4475.85
34.8311 944.172 1820.26 2721.59 3624.29 4480.85
34.8311 945.215 1822.26  2724.6 3628.29  4485.8
34.8311 946.251 1824.26 2727.58 3632.27  4490.8
34.8691 947.251 1826.26 2730.58 3636.24  4495.8
34.8691 948.293 1828.27 2733.58 3640.24 4500.75
34.9071 949.293 1830.26 2736.56 3644.24 4505.75
34.9071 950.293 1832.27 2739.56 3648.25 4510.72
34.9454 951.293 1834.27 2742.56 3652.25 4515.67
34.9834 952.293 1836.27 2745.56 3656.22 4520.67
34.9834 953.336 1838.27 2748.57 3660.22 4525.62
34.9834 954.379 1840.27 2751.58 3664.22 4530.57
35.0214 955.416 1842.27 2754.58 3668.22  4535.5
35.0214  956.46 1844.27 2757.58 3672.23 4540.45
35.0214 957.502 1846.27 2760.58 3676.23  4545.4
35.0214 958.545 1848.28 2763.58 3680.23 4550.35
35.0214 959.545 1850.28  2766.6 3684.25 4555.31
35.0214 960.577 1852.27 2769.58 3688.25 4560.31
35.0214 961.611 1854.26 2772.58 3692.22 4565.31
35.0214 962.647 1856.26 2775.56 3696.19 4570.31
35.0214  963.69 1858.26 2778.56  3700.2 4575.26
 35.059  964.69 1860.26 2781.55 3704.18 4580.26
35.0965  965.69 1862.25 2784.52 3708.18 4585.26
35.0965  966.69 1864.26 2787.52 3712.17 4590.26
35.0965 967.733 1866.26 2790.53 3716.17 4595.22
35.1343 968.733 1868.26 2793.54 3720.17 4600.17
35.1718 969.733 1870.25 2796.54 3724.14 4605.17
35.1718 970.775 1872.26 2799.54 3728.14 4610.12
35.2096 971.775 1874.26 2802.55 3732.14 4615.07
35.2096 972.807 1876.25 2805.52 3736.14 4620.07
35.2467 973.833 1878.25 2808.52 3740.08 4625.07
35.2467 974.875 1880.25 2811.53 3744.08 4630.02
35.2467 975.875 1882.27 2814.53 3748.09 4634.99
35.2467 976.875 1884.27 2817.55 3752.11 4639.96
35.2467 977.917 1886.27 2820.55 3756.11 4644.91
35.2467 978.917 1888.27 2823.55  3760.1 4649.91
35.2836 979.943 1890.27 2826.55 3764.04 4654.91
35.3212 980.943 1892.27 2829.55 3768.05 4659.86
35.3584 981.943 1894.27 2832.55 3772.02 4664.86
35.3584 982.984 1896.28 2835.55 3776.02 4669.81
35.3957 984.021 1898.28 2838.55 3780.02 4674.74
35.4328 985.021 1900.26 2841.53 3784.02 4679.74
35.4703 986.021 1902.27 2844.53 3788.02 4684.69
35.4703 987.064 1904.27 2847.53 3792.02 4689.64
35.5073 988.064 1906.26  2850.5 3796.02 4694.64
35.5073 989.099 1908.26 2853.49    3800 4699.64
35.5445 990.099 1910.26 2856.47 3803.98 4704.64
35.5817 991.136 1912.26 2859.47 3807.98 4709.57
35.5817 992.136 1914.28 2862.49 3811.98 4714.54
35.5817 993.136 1916.28  2865.5 3815.99  4719.5
35.5817 994.136  1918.3  2868.5 3820.01 4724.47
35.5817 995.178  1920.3 2871.51 3824.01 4729.42
35.6187 996.178  1922.3  2874.5 3827.99 4734.42
35.6187 997.178  1924.3 2877.51    3832 4739.39
35.6552 998.198  1926.3 2880.46    3836 4744.39
35.6552  999.24  1928.3 2883.46    3840 4749.34
35.6552 1000.24  1930.3 2886.46    3844 4754.34
35.6915 1001.26  1932.3 2889.41    3848 4759.34
 35.728 1002.28  1934.3 2892.41 3851.94 4764.34
 35.728 1003.28  1936.3 2895.42 3855.95 4769.31
 35.728 1004.33  1938.3 2898.42 3859.96 4774.26
 35.728 1005.37 1940.31 2901.42 3863.96 4779.21
 35.728  1006.4 1942.31 2904.42 3867.93 4784.21
35.7644 1007.43 1944.31 2907.42 3871.87 4789.21
35.7644 1008.47 1946.32 2910.42 3875.87 4794.16
35.7644  1009.5 1948.31 2913.42 3879.84 4799.16
35.7644  1010.5 1950.33 2916.42 3883.86 4804.13
35.8013  1011.5 1952.33 2919.43 3887.86 4809.08
35.8013 1012.53 1954.32 2922.43 3891.83 4814.08
35.8379 1013.53 1956.32 2925.42 3895.81 4819.08
 35.874 1014.55 1958.32 2928.36 3899.81 4824.08
35.9097 1015.57 1960.28 2931.36 3903.81 4829.08
35.9097 1016.57 1962.28 2934.36  3907.8 4834.08
35.9461 1017.57 1964.27 2937.33  3911.8 4839.08
35.9461 1018.61 1966.27 2940.34  3915.8 4844.04
35.9461 1019.61 1968.29 2943.36  3919.8    4849
35.9461 1020.61  1970.3 2946.36 3923.82 4853.97
35.9461 1021.61 1972.31 2949.36 3927.81 4858.97
35.9825 1022.61 1974.31 2952.34 3931.79 4863.97
 36.019 1023.64 1976.31 2955.34 3935.79  4868.9
36.0557 1024.64 1978.31 2958.34 3939.79 4873.86
36.0557 1025.68 1980.31 2961.34  3943.8 4878.81
36.0912  1026.7 1982.26 2964.34  3947.8 4883.81
36.1278  1027.7 1984.27 2967.34  3951.8 4888.76
36.1278 1028.73 1986.26 2970.32  3955.8 4893.76
 36.164 1029.73 1988.25 2973.29  3959.8 4898.76
36.2003 1030.73 1990.25 2976.28 3963.78 4903.76
36.2003 1031.77 1992.25 2979.28 3967.78 4908.72
36.2003  1032.8 1994.25 2982.27 3971.76 4913.72
36.2003 1033.84 1996.25 2985.27 3975.76 4918.67
 36.236 1034.86 1998.25 2988.22 3979.76 4923.67
36.2721 1035.86 2000.24 2991.19 3983.76 4928.67
36.2721  1036.9 2002.24 2994.19 3987.76 4933.62
36.3081  1037.9 2004.23 2997.17 3991.76 4938.62