      1       4       3       4       5       4
      1 6.33333    4.75       7 7.91667       9
1.32787 8.40984    6.75      10 10.5123      14
1.32787 10.7171 8.60186      13 14.5123 17.8409
1.32787 11.7171 10.7827 16.2959 18.5123 22.3641
1.32787 13.8104 12.7827 19.2072 22.5123 26.3595
1.52714 14.8104  14.701 22.0896 26.5123 31.3595
1.52714 16.6609 16.5379 25.0896 29.8249 36.3595
1.52714 17.6609 18.6209 28.2499 33.5816 41.3595
1.52714 19.5681 20.6209 31.2499 37.2081 45.8259
1.64384 21.0634 22.6209 33.6379 41.2081 50.8259
1.64384 22.0634 24.7097  36.744 45.0132 55.8259
1.75261 23.5233 26.7097 39.1753 49.0132 60.8259
1.75261 25.2078 28.7097 41.9807 52.5232 65.8259
1.75261 26.9135 30.7097 44.8212 56.5232 70.2798
1.75261 28.5968 32.6305 47.8212 60.5232 74.6756
1.84229 30.0601 34.6305 50.2682 64.5232 79.6756
1.84229 31.0601 36.6305 53.3702 68.5047 84.5922
1.84229  32.714 38.6305  56.212 72.5047 89.0965
1.84229  33.714 40.7528  59.212 76.4878 93.9911
1.84229 35.3651 42.7528  62.212 80.2337 98.5942
1.84229 36.3651 44.8304 65.2353 84.1328 103.594
1.84229 37.8551 46.6673 67.9083 88.1328 108.594
1.92397 38.8551 48.6673 70.9191 92.0403 113.594
1.92397 40.3954 50.6673 73.7304 95.6888 118.594
1.92397 41.9576 52.6673 76.5817 99.6888 123.181
1.99973 42.9576 54.7412 79.5817 103.689 128.031
2.06396 44.3373 56.7412 82.1378 107.689 133.031
2.13718 45.3373 58.7541 85.0516 111.689 138.031
2.13718 46.3373 60.8237 88.0477 115.623 143.031
2.13718 47.3373 62.8934 91.0437 119.557 148.031
2.13718 48.3373 64.8934   94.09 123.558 152.984
2.13718 49.3373 66.9735 97.1061 127.558 157.888
2.20367 50.3373 68.9735 100.127 131.558   162.8
2.26963 51.3373 70.9735 103.124 135.495   167.8
2.32428 52.5736 72.6826 106.124 139.495   172.8
 2.3893 53.5736 74.7157 109.124 143.397   177.8
 2.3893 54.9738 76.6685 112.124 147.397 182.447
2.45366 55.9738 78.6685 115.145 151.397 187.362
2.51698 56.9738 80.6985 118.145 155.304 192.362
 2.5813 57.9738 82.6985 121.164 159.304 197.279
 2.5813 58.9738 84.7693 124.164 163.293 202.219
 2.5813 59.9738 86.8402 127.164 167.282 207.159
 2.5813 61.2872 88.7419 129.949 171.282 212.159
 2.5813 62.2872 90.7899 132.948 175.235 217.159
2.63896 63.2872  92.818 135.948 179.149 222.159
2.63896 64.2872 94.8764 138.963 183.149 227.085
2.63896 65.2872 96.9348 141.978 187.149 232.012
2.63896 66.2872 98.9348 145.014 191.152 236.974
2.63896 67.5892 100.878 148.014 194.906 241.974
2.63896 68.5892 102.933 151.029 198.906 246.903
2.69039 69.5892 104.939 153.972 202.906 251.903
2.69039 70.5892 106.993 156.986 206.906 256.835
2.69039 71.9103 108.993 159.986 210.778 261.641
2.69039 72.9103 110.993 163.022 214.778 266.606
2.69039 74.1712 112.913 165.841 218.778 271.606
2.73671 75.4483 114.913 168.841 222.778 276.283
2.78559 76.4483 116.913 171.857 226.778 281.218
2.78559 77.4483 118.971 174.857  230.77 286.168
2.83038 78.6935 120.971 177.857  234.48 291.168
2.83038 79.9442 122.893 180.684  238.48 296.168
2.87758 80.9442 124.893 183.698  242.48 301.107
2.87758 82.1909 126.817 186.527  246.48 306.107
2.87758 83.4778 128.817 189.447  250.48   310.9
 2.9177 84.6417 130.613 192.447  254.48   315.9
 2.9177 85.8873 132.535  195.28  258.48   320.9
 2.9177 86.8873  134.57 198.277 262.448   325.9
 2.9177 88.1442 136.516 201.277 266.244   330.9
 2.9177 89.3858  138.44 204.113 270.244   335.9
2.96069 90.3858  140.44  207.12 274.244  340.85
3.00349 91.3858  142.44 210.114 278.208  345.85
3.00349 92.3858 144.484 213.114 282.201 350.813
3.04568 93.3858 146.513 216.114 286.201 355.741
3.08609  94.625 148.513 219.114 290.201 360.461
3.12772  95.625 150.516 222.069 294.201 365.461
3.16671 96.8173 152.516 224.838 298.201 370.461
3.20884 97.8173 154.546 227.838 302.201  375.39
3.25117 98.8173 156.546 230.843 306.201 380.342
3.29279 99.8173 158.549 233.798 310.201 385.342
3.29279 101.034 160.482 236.648 314.201 390.342
3.29279 102.251 162.415 239.498 318.201 395.342
3.33361 103.251 164.429 242.498 322.146 400.342
3.37307 104.473 166.429 245.498 326.146 405.081
3.41388 105.473 168.442 248.498 330.092 410.081
 3.4552 106.473 170.442 251.498 334.087 415.044
3.49411 107.672 172.442 254.498 337.849 420.044
3.49411 108.892 174.396 257.498 341.676 425.044
3.49411 109.892 176.396 260.515 345.679 430.024
3.53422 110.892 178.396 263.506 349.648 435.024
 3.5723 112.086 180.396 266.506 353.415 440.024
 3.6085 113.222 182.224 269.506 357.415 445.024
3.64655 114.416 184.224 272.506 361.183 450.024
3.64655 115.652 186.224 275.506 365.085 454.886
3.64655 116.875 188.192 278.506 369.085 459.695
3.64655 118.105 190.192 281.438 373.085 464.533
3.68339 119.298 192.192 284.438 376.855 469.533
3.72214 120.298 194.214 287.438 380.855 474.472
3.76114 121.298 196.214 290.438 384.845 479.443
3.80013 122.298 198.214 293.438 388.835 484.414
3.83913 123.298 200.214 296.438 392.826 489.385
3.87604 124.484 202.214 299.438 396.603 494.385
3.91492 125.484 204.214 302.441 400.603 499.343
3.95118 126.646 206.214 305.242 404.603 504.343
3.98809 127.829 208.214 308.242 408.383 509.343
4.02328 128.957 210.051 311.242 412.383 514.343
4.02328 130.179 212.051 314.242 416.289 519.215
4.06171 131.179 214.051 317.244 420.289 524.175
4.10025 132.179 216.051 320.244 424.277 529.149
4.10025 133.376 218.009 323.244 428.122 534.149
4.13688 134.568 220.009 326.244 432.122 538.921
4.17495 135.568 222.009 329.246 436.122  543.88
4.17495 136.752 223.948 332.123 440.122  548.88
4.17495 137.752 225.975 335.128 444.122 553.848
 4.2121 138.752 227.986 338.128 448.074 558.848
 4.2121 139.958 229.986 341.067 452.074 563.704
 4.2121 140.958 232.017 344.067 456.065 568.681
 4.2121 142.148 233.976 347.067 459.916 573.681
4.24625   143.3 235.976  349.88 463.916 578.681
4.27946 144.421 237.821  352.88 467.916 583.681
4.31359 145.573 239.821 355.694 471.916 588.681
4.31359 146.762  241.78 358.694 475.769 593.681
4.34834 147.944  243.78 361.694 479.769 598.464
4.38449 148.944  245.78 364.694 483.758 603.439
4.42045 149.944 247.795 367.694 487.758 608.388
 4.4561 150.944 249.794  370.66 491.758 613.388
 4.4561 152.146 251.794  373.66 495.673 618.271
 4.4561 153.337 253.794 376.586 499.555 623.271
 4.4561 154.337 255.822 379.586 503.547 628.252
 4.4561 155.337 257.843 382.586 507.526 633.252
4.49065 156.337 259.842 385.552 511.526 638.252
4.49065 157.337 261.867 388.556 515.526 643.224
 4.5238 158.499 263.867 391.556 519.331 648.224
4.55695  159.66 265.867 394.556 523.137 653.224
4.55695  160.66 267.891 397.559 527.137 658.196
4.59141  161.66 269.891 400.559 531.124 663.175
4.62382 162.801 271.891 403.386 535.124 668.175
4.62382 163.801 273.918 406.386 539.114 673.157
4.62382 164.801 275.942 409.389 543.114 678.131
4.65626 165.957 277.942 412.389 546.925 683.131
4.68871 167.114 279.942 415.389 550.736 688.131
4.72142  168.28 281.942 418.389 554.736 692.932
4.72142  169.28 283.942 421.402 558.732 697.923
4.75485  170.28 285.952 424.402 562.688 702.923
4.75485  171.45 287.917 427.402 566.554 707.923
4.75485 172.635 289.917 430.402 570.472 712.819
 4.7869 173.799 291.917 433.402 574.472 717.623
4.81819 174.935 293.917 436.235 578.472 722.623
4.85121 175.935 295.931 439.235 582.472 727.576
4.85121 177.108 297.905 442.235 586.472 732.429
4.88407 178.108 299.905  445.23 590.444 737.429
4.88407 179.108 301.926  448.23 594.423 742.429
4.88407 180.108 303.926 451.243 598.419  747.42
4.88407 181.278   305.9 454.243 602.419 752.275
4.91503 182.428   307.9 457.243 606.238 757.275
4.91503 183.428   309.9 460.257 610.234 762.266
4.91503 184.602   311.9 463.203 614.234 767.146
4.94694 185.602   313.9 466.203 618.221 772.126
4.94694 186.771   315.9  469.14 622.116 777.126
4.97758 187.928   317.9  472.14 626.116 781.939
5.00797 189.075   319.9  475.14 629.938 786.939
5.00797 190.252   321.9  478.14 633.861 791.839
5.03935 191.252   323.9 481.136 637.833 796.839
5.07068 192.252 325.914 484.136 641.833 801.794
 5.1009 193.398 327.914 487.136 645.657 806.794
5.13066 194.526 329.914 489.978 649.657 811.794
5.13066 195.693 331.914 492.916 653.553 816.794
5.13066 196.693 333.935 495.917 657.531 821.794
5.13066 197.858 335.935 498.855 661.427 826.794
 5.1599 198.986 337.935 501.699 665.427 831.794
 5.1599 200.144 339.902 504.699 669.301 836.794
5.18897 201.272 341.902 507.542 673.301 841.794
5.18897 202.437 343.902  510.48 677.199 846.794
5.18897 203.602 345.902 513.417 681.096 851.794
5.21703 204.703 347.773 516.417 685.096 856.794
5.24729 205.703 349.773 519.413  689.07 861.794
5.24729 206.867 351.773 522.351 692.968 866.794
5.27731 207.867 353.785 525.351 696.968 871.751
5.30523 208.967 355.657 528.351 700.968 876.751
5.30523 210.126 357.631 531.351 704.968 881.618
5.33514 211.126 359.631 534.347 708.942 886.618
5.36397 212.267 361.631 537.347 712.773 891.618
5.36397 213.436 363.631 540.347 716.696 896.526
5.36397  214.59 365.599 543.347 720.574 901.526
 5.3933  215.59 367.598 546.318 724.574 906.526
 5.3933 216.744 369.566 549.318 728.453 911.526
 5.3933 217.912 371.566 552.318 732.376 916.435
 5.3933 219.079 373.566 555.318 736.299 921.344
5.42036 220.178  375.44 558.318 740.299 926.344
5.42036 221.178 377.458  561.32 744.279 931.344
5.44923 222.178 379.469  564.32 748.279 936.305
5.44923  223.33 381.436  567.32 752.159 941.305
5.44923  224.33 383.454 570.322 756.159 946.285
5.47647 225.452 385.454 573.173 760.159 951.285
 5.5051 226.452 387.454  576.17 764.134 956.285
 5.5051 227.452 389.454  579.18 768.127 961.282
5.53359 228.452 391.454 582.177 772.101 966.282
5.56208 229.452 393.454 585.174 776.101 971.256
5.59033 230.452 395.453 588.147 780.101 976.256
5.59033 231.607 397.453 591.096 784.101 981.152
5.59033 232.763 399.453 594.045 788.101 986.047
5.59033 233.763 401.471 597.046 792.101 991.028
5.59033 234.763 403.493 600.046  796.09 996.018
5.61638 235.857 405.373 603.046  800.09 1001.02
5.64421 236.857 407.381 606.046 804.053 1006.02
5.67133 237.995 409.381 609.046 808.053 1010.85
5.69846 239.133 411.381 612.046 812.053 1015.69
5.69846  240.29 413.381 615.046 815.982  1020.6
5.69846 241.435  415.35 618.046 819.869  1025.6
5.72532 242.573  417.35 621.046 823.869 1030.44
5.72532 243.573 419.371 624.046 827.858 1035.43
5.75281 244.573 421.371 627.043 831.834 1040.43
5.77956  245.71 423.371 630.043 835.834 1045.26
5.77956 246.861 425.371 632.995 839.834 1050.16
5.77956 248.008 427.347 635.995 843.834 1055.04
5.77956 249.142 429.302 638.905 847.834 1060.04
5.77956 250.285 431.271 641.905 851.722 1065.04
5.80478 251.377 433.153 644.905 855.722 1070.04
5.83156 252.377 435.151  647.88 859.722 1075.04
5.83156 253.377 437.171  650.88 863.713 1080.03
5.83156 254.511 439.127 653.791 867.713 1085.03
5.85757 255.646 441.127 656.791 871.713 1089.87
5.85757  256.79 443.102 659.791 875.713 1094.75
5.88417  257.79 445.102 662.788  879.69 1099.75
5.90907 258.882 446.986 665.788  883.69 1104.75
5.93569 259.882 448.986 668.786  887.69 1109.72
5.93569 261.013 450.941 671.699  891.69 1114.72
5.96146 262.147 452.941 674.699  895.69 1119.56
5.98801 263.147 454.941 677.699 899.678 1124.55
5.98801 264.147  456.96 680.699  903.67 1129.54
5.98801 265.147 458.974   683.7 907.654 1134.54
6.01357 266.279 460.974   686.7 911.654 1139.38
6.01357 267.416 462.943   689.7 915.548 1144.38
6.01357 268.565 464.943   692.7 919.482  1149.3
6.01357 269.702 466.912   695.7 923.376  1154.3
6.01357 270.702 468.912  698.71 927.371 1159.29
6.03919 271.702  470.91 701.687 931.371 1164.29
6.06431 272.833  472.91 704.687 935.371 1169.14
6.09012 273.833  474.91 707.686 939.371 1174.11
6.09012 274.973  476.91 710.633 943.283 1179.11
6.09012 276.116  478.91 713.587 947.283 1184.01
6.09012 277.116 480.924 716.589 951.267 1189.01
6.09012 278.116 482.939  719.59 955.252 1194.01
6.09012 279.243 484.896 722.506 959.252 1199.01
6.11459 280.365 486.896 725.506 963.105 1204.01
6.11459 281.365 488.911 728.509 967.105    1209
6.13968 282.365 490.917 731.509 971.074    1214
6.13968 283.365 492.931  734.51 975.058    1219
6.16479 284.365 494.931  737.51 979.047 1223.98
6.16479 285.505 496.931 740.465 983.047 1228.89
6.18825 286.591 498.821 743.465 987.047 1233.89
6.18825 287.591 500.839 746.465 991.039 1238.88
6.18825 288.591 502.856 749.465 995.031 1243.87
6.18825 289.715 504.814 752.384 999.031 1248.87
6.21283 290.715  506.82 755.384    1003 1253.87
6.21283 291.715  508.82 758.393    1007 1258.86
6.23733 292.715 510.826 761.393 1010.97 1263.86
6.23733 293.715 512.843 764.393 1014.96 1268.85
6.23733 294.715  514.86 767.393 1018.95 1273.84
6.26068 295.818  516.86 770.266 1022.95 1278.84
6.28498 296.818 518.866 773.266 1026.92 1283.84
6.28498 297.818 520.866 776.275 1030.92 1288.84
6.28498 298.818 522.866 779.284 1034.91 1293.84
6.30775 299.901 524.761 782.284 1038.91 1298.84
6.30775 300.901 526.777 785.284  1042.9 1303.83
6.33124 302.022 528.777 788.284  1046.9 1308.68
6.35525 303.022 530.783 791.284 1050.87 1313.68
6.35525  304.15  532.76 794.284 1054.87 1318.58
 6.3792  305.15 534.768 797.284 1058.87 1323.54
 6.3792 306.286 536.768 800.284 1062.81 1328.47
 6.3792 307.418 538.768 803.242 1066.81 1333.38
  6.403 308.418 540.768 806.238 1070.79 1338.38
  6.403 309.553 542.768 809.238 1074.73  1343.3
6.42656 310.553 544.765 812.217 1078.73  1348.3
6.44894 311.634 546.662 815.217 1082.73  1353.3
6.47266 312.634 548.662 818.215 1086.73 1358.28
6.49642 313.634 550.662 821.215 1090.72 1363.27
6.52014 314.634 552.662 824.214 1094.72 1368.25
6.54386 315.634 554.662 827.212 1098.72 1373.22
6.56762 316.634 556.662 830.212 1102.71 1378.21
6.56762 317.759  558.64 833.212 1106.71 1383.11
6.56762 318.884 560.618 836.212 1110.71    1388
6.56762 320.006  562.59 839.212 1114.62    1393
6.59103 321.006 564.594 842.212 1118.59    1398
6.59103 322.006 566.594 845.221 1122.59    1403
6.59103 323.136 568.594 848.221 1126.53 1407.93
6.61304 324.215 570.493 851.221 1130.53 1412.93
6.63579 325.331 572.493 854.221 1134.53 1417.79
6.65817 326.428 574.493 857.102 1138.53 1422.79
6.68132 327.428  576.49 860.082 1142.53 1427.79
6.68132 328.428 578.506 863.082 1146.52 1432.78
6.70399 329.543 580.506 866.082 1150.52 1437.64
6.72721 330.543 582.506  869.08 1154.52 1442.62
6.74915 331.621 584.405  872.08 1158.52 1447.62
6.74915 332.743 586.383  875.08 1162.52 1452.52
6.77161 333.851 588.383  878.08 1166.39 1457.52
6.79471 334.851  590.39  881.08 1170.39 1462.49
6.81693 335.946  592.39 883.963 1174.39 1467.49
6.81693 337.059 594.351 886.889 1178.39 1472.49
6.81693 338.184 596.351 889.849 1182.39  1477.4
6.83925 339.291 598.351 892.849 1186.27  1482.4
6.83925 340.412 600.329 895.849 1190.27  1487.3
  6.862 341.412 602.326  898.83 1194.27  1492.3
  6.862 342.412 604.326 901.838 1198.26  1497.3
  6.862 343.536 606.326 904.798 1202.26 1502.21
6.88468 344.536  608.33 907.798 1206.24 1507.21
6.90736 345.536 610.334 910.798 1210.21 1512.21
6.93008 346.536 612.334 913.795 1214.19 1517.21
6.93008 347.662 614.334 916.795 1218.14 1522.14
6.93008 348.782 616.312 919.795 1222.14 1527.05
6.95268 349.782 618.312 922.793 1226.14 1532.02
6.97476 350.893 620.312 925.793 1230.14 1536.89
6.99722 351.893 622.309 928.774 1234.14 1541.89
6.99722 353.012 624.288 931.774 1238.14 1546.79
7.01974 354.012 626.288 934.773 1242.14 1551.77
7.04224 355.012 628.288 937.769 1246.12 1556.77
7.04224 356.126 630.261 940.769 1250.03 1561.77
7.06465 357.126 632.267 943.769 1254.03 1566.74
7.06465 358.126 634.267 946.778 1258.03 1571.74
7.06465 359.126 636.278 949.779 1262.01 1576.74
7.06465 360.247 638.278 952.741 1266.01 1581.66
7.08687 361.247 640.278 955.737    1270 1586.66
7.10909 362.247 642.278 958.734 1273.98 1591.66
7.10909 363.366 644.278 961.696 1277.98 1596.57
7.10909 364.482 646.257 964.696 1281.98 1601.48
7.10909 365.482 648.267 967.697 1285.97 1606.48
7.10909 366.598 650.247 970.697 1289.97 1611.38
7.10909 367.714 652.226 973.697 1293.97 1616.29
7.10909 368.826 654.199 976.697 1297.88 1621.29
7.10909 369.945 656.199  979.66 1301.88 1626.21
7.10909 370.945 658.211 982.663 1305.88 1631.19
7.10909 371.945 660.225 985.663 1309.88 1636.18
7.10909 373.063 662.225 988.627 1313.88  1641.1
7.13019 374.171 664.225 991.627 1317.88 1645.97
7.13019 375.171 666.236  994.63 1321.88 1650.96
7.15173 376.171 668.236  997.63 1325.87 1655.94
7.17326 377.171 670.236 1000.63 1329.86 1660.93
7.17326 378.281  672.21 1003.63 1333.78 1665.93
7.19464 379.281 674.213 1006.63 1337.75 1670.93
7.21499 380.354  676.12 1009.63 1341.75 1675.93
7.21499 381.459 678.084 1012.56 1345.75 1680.93
7.23591 382.565 680.084 1015.56 1349.75  1685.8
7.23591 383.684 682.084 1018.56  1353.7 1690.74
7.25644 384.773 684.084 1021.45  1357.7 1695.74
7.25644 385.773 686.097 1024.45  1361.7 1700.73
7.25644 386.886 688.097 1027.41 1365.63 1705.73
7.27718 387.991 690.097 1030.41 1369.63  1710.6
7.27718 389.101  692.07 1033.41 1373.54  1715.6
7.27718 390.211 694.044 1036.41 1377.46  1720.6
7.29818 391.211 696.047 1039.41 1381.44  1725.6
7.29818 392.211  698.06 1042.41 1385.43 1730.59
7.29818 393.211 700.072 1045.41 1389.43 1735.58
7.29818 394.328 702.072 1048.41 1393.38 1740.51
7.29818 395.443 704.072 1051.38 1397.38 1745.43
7.31903 396.443 706.072 1054.38 1401.37 1750.42
7.33882 397.515  707.98 1057.38 1405.37 1755.42
 7.3586 398.586 709.889 1060.38 1409.37 1760.42
 7.3586 399.689 711.853 1063.31 1413.37 1765.42
 7.3586   400.8 713.832 1066.31 1417.37 1770.33
7.37828 401.872 715.741 1069.31 1421.37 1775.33
7.39895 402.872 717.746 1072.31 1425.37  1780.3
7.39895 403.872 719.746 1075.32 1429.37 1785.29
7.41916 404.975 721.746 1078.32 1433.37 1790.17
7.43974 405.975 723.749 1081.32 1437.35 1795.17
7.45937 407.046 725.658 1084.32 1441.35 1800.17
7.47958 408.149 727.658 1087.32 1445.35 1805.05
7.47958 409.259 729.658 1090.28 1449.28 1810.05
7.50018 410.259 731.658 1093.28 1453.27 1815.03
7.50018 411.259  733.67 1096.28 1457.27 1820.03
7.50018 412.366 735.644 1099.28 1461.19 1825.03
7.52065 413.366 737.644 1102.28 1465.19 1830.01
 7.5404 414.451 739.644 1105.17 1469.19 1835.01
7.56086 415.451 741.644 1108.17 1473.19 1839.99
7.58131 416.451 743.644 1111.17 1477.17 1844.99
7.60136 417.552 745.644 1114.17 1481.17 1849.86
7.62171 418.552  747.64 1117.15 1485.17 1854.86
7.62171 419.661  749.64 1120.11 1489.11 1859.86
7.64212 420.661  751.64 1123.11 1493.11 1864.84
7.64212 421.766 753.614 1126.11 1497.03 1869.84
7.64212 422.766 755.626 1129.11 1501.02 1874.84
7.66242 423.766 757.626 1132.11 1505.02 1879.82
7.68261 424.766 759.622 1135.09 1509.02 1884.82
7.70294 425.766 761.622 1138.09 1513.02  1889.8
7.70294 426.875 763.622 1141.06 1517.02 1894.73
7.70294 427.875 765.632 1144.06 1521.02 1899.72
7.72262 428.969 767.632 1147.06  1524.9 1904.72
7.74241 430.068 769.632 1150.06  1528.9  1909.6
 7.7625 431.068 771.629 1153.04  1532.9  1914.6
 7.7625 432.068  773.64 1156.04  1536.9 1919.59
7.78253 433.068 775.637 1159.03  1540.9 1924.59
7.78253 434.068 777.637 1162.03  1544.9 1929.58
7.80211  435.16 779.637 1165.03 1548.79 1934.58
7.82218  436.16 781.642 1168.03 1552.79 1939.56
7.84226  437.16 783.642 1171.03 1556.79 1944.54
7.84226 438.262 785.617 1174.03 1560.71 1949.54
7.86163 439.344 787.617 1176.93 1564.71 1954.54
7.86163 440.454 789.617 1179.93 1568.66 1959.48
7.88161 441.454 791.617 1182.93 1572.66 1964.46
 7.9011 442.546 793.617 1185.93 1576.55 1969.46
 7.9011 443.653 795.617  1188.9 1580.55 1974.38
7.92101 444.653 797.617 1191.89 1584.53 1979.38
7.92101 445.653 799.625 1194.89 1588.52 1984.38
7.92101 446.759 801.625 1197.86 1592.52 1989.31
7.92101 447.759 803.625 1200.87 1596.52  1994.3
7.94031  448.85 805.625 1203.87 1600.41  1999.3
7.96012  449.85 807.625 1206.87  1604.4 2004.29
7.96012  450.85 809.637 1209.87  1608.4 2009.28
7.96012 451.953 811.618 1212.87  1612.4  2014.2
7.96012 453.056 813.599 1215.87  1616.4 2019.12
7.97928 454.146 815.599 1218.87 1620.29 2024.12
7.99887 455.146 817.601 1221.87 1624.27 2029.12
8.01851 456.146 819.601 1224.87 1628.27  2034.1
8.01851 457.249 821.601 1227.83 1632.21  2039.1
8.01851 458.249  823.61 1230.83  1636.2  2044.1
8.03757 459.339  825.61 1233.83 1640.09  2049.1
8.03757 460.441 827.591 1236.83 1644.09 2054.01
8.05705 461.441 829.591 1239.83 1648.07 2059.01
8.07607 462.531 831.591 1242.83 1651.96 2064.01
8.09554 463.531 833.595 1245.83 1655.96 2068.99
8.09554 464.637 835.595 1248.83 1659.92 2073.93
8.09554 465.739 837.577 1251.83 1663.92 2078.85
8.11431 466.819 839.577 1254.73 1667.92 2083.85
8.11431 467.819 841.585 1257.73 1671.91 2088.85
8.11431 468.917 843.561 1260.73 1675.83 2093.85
8.11431 469.917 845.572 1263.73 1679.83 2098.84
8.13353 470.917 847.575 1266.73 1683.81 2103.84
8.15233 472.006 849.575 1269.73  1687.7 2108.84
8.17156 473.006  851.58 1272.73  1691.7 2113.81
8.19085 474.006  853.58 1275.73 1695.69  2118.8
8.21001 475.006 855.576 1278.71 1699.69  2123.8
8.22922 476.006 857.579 1281.71 1703.67  2128.8
8.24846 477.006 859.584 1284.71 1707.67 2133.78
8.26686  478.07 861.501 1287.71 1711.67 2138.78
8.26686  479.07  863.51 1290.72 1715.67 2143.77
 8.2861  480.07  865.51 1293.72 1719.66 2148.76
8.30531  481.07  867.51 1296.72 1723.66 2153.74
8.30531 482.169 869.492 1299.72 1727.66 2158.66
8.30531 483.169 871.492 1302.72 1731.66 2163.65
8.32443 484.169 873.492 1305.72 1735.66 2168.63
8.32443 485.264 875.468 1308.72 1739.59 2173.63
8.32443 486.264 877.479 1311.72 1743.58 2178.63
8.34343 487.264 879.482 1314.72 1747.56 2183.63
8.36242 488.264 881.484 1317.72 1751.54 2188.63
8.38136 489.264 883.481 1320.71 1755.54 2193.63
8.38136 490.264 885.481 1323.72 1759.54 2198.62
8.39953 491.327   887.4 1326.72 1763.54 2203.62
 8.4185 492.327 889.404 1329.72 1767.54  2208.6
8.43714 493.417 891.404 1332.72 1771.54 2213.49
8.45609 494.417 893.406 1335.72 1775.52 2218.49
8.47506 495.417 895.406 1338.71  1779.5 2223.49
8.49408 496.417 897.406 1341.71 1783.49 2228.48
8.49408 497.514 899.388 1344.71 1787.49  2233.4
8.51305 498.514 901.388 1347.71 1791.48 2238.39
8.53141 499.589 903.388 1350.62 1795.48 2243.39
8.53141 500.682 905.365 1353.62 1799.41 2248.39
8.53141 501.783 907.365 1356.62 1803.37 2253.33
8.53141 502.879 909.365 1359.58 1807.31 2258.33
8.55026 503.879 911.365 1362.58  1811.3 2263.32
8.56899 504.879 913.362 1365.57  1815.3 2268.32
8.56899 505.879 915.372 1368.57  1819.3 2273.31
8.58777 506.879 917.372 1371.57  1823.3  2278.3
8.60613 507.963 919.372 1374.57  1827.2  2283.3
8.62489 508.963 921.372 1377.56 1831.18  2288.3
8.64325 510.046 923.372 1380.56 1835.08  2293.3
8.66205 511.046 925.372 1383.56 1839.07 2298.28
8.68004 512.107 927.293 1386.56 1843.07 2303.28
8.68004 513.206 929.293 1389.56 1847.03 2308.23
8.68004 514.206 931.301 1392.57 1851.02 2313.23
8.68004 515.206 933.309 1395.57 1855.01 2318.23
8.69828 516.289 935.309 1398.57 1858.91 2323.23
8.71696 517.289 937.309 1401.57  1862.9 2328.22
8.71696 518.376 939.278 1404.51  1866.9 2333.22
8.71696 519.472 941.278 1407.48  1870.9 2338.15
8.71696 520.472 943.286 1410.49  1874.9 2343.14
 8.7355 521.472 945.286 1413.48  1878.9 2348.12
8.75402 522.472 947.286 1416.48 1882.88 2353.12
8.75402 523.472 949.294 1419.49 1886.88 2358.11
 8.7725 524.472 951.294 1422.48 1890.87 2363.11
8.79099 525.472 953.294 1425.48 1894.85 2368.11
8.79099 526.472 955.304 1428.48 1898.85 2373.11
8.79099 527.565 957.304 1431.45 1902.79 2378.11
8.79099 528.658 959.287 1434.45 1906.79 2383.03
8.80861 529.717  961.21 1437.45 1910.79 2388.03
8.80861 530.717 963.217 1440.45 1914.78 2393.03
8.80861 531.809   965.2 1443.45 1918.78 2397.96
8.80861 532.809  967.21 1446.45 1922.78 2402.95
8.82687 533.809  969.21 1449.45 1926.78 2407.93
8.84514 534.809  971.21 1452.45 1930.78 2412.91
8.84514 535.906  973.21 1455.45 1934.73 2417.86
8.84514 536.906 975.217 1458.45 1938.72 2422.86
8.86324 537.906 977.213 1461.43 1942.72 2427.86
8.86324 539.002 979.213 1464.43 1946.68 2432.81
8.86324 540.002 981.213 1467.44 1950.68  2437.8
8.88133 541.002 983.215 1470.44 1954.66  2442.8
8.88133 542.095 985.215 1473.41 1958.66 2447.74
8.89941 543.095 987.215 1476.41 1962.66 2452.72
8.89941 544.095 989.223 1479.41 1966.65 2457.72
8.91743 545.095 991.226 1482.41 1970.65  2462.7
8.93509 546.174 993.226 1485.41 1974.55  2467.7
8.95241 547.232 995.151 1488.41 1978.55  2472.7
8.95241 548.316 997.121 1491.36 1982.55  2477.7
8.95241 549.408 999.121 1494.33 1986.55 2482.64
8.95241 550.408 1001.13 1497.33 1990.54 2487.64
8.97034 551.408 1003.13 1500.33 1994.54 2492.62
8.98789 552.487 1005.13 1503.33 1998.45 2497.62
8.98789 553.487 1007.13 1506.34 2002.44 2502.61
8.98789 554.577 1009.13  1509.3 2006.39 2507.61
8.98789 555.672 1011.13  1512.3 2010.35 2512.56
9.00571 556.672 1013.13  1515.3 2014.33 2517.56
9.00571 557.672 1015.14 1518.31 2018.33 2522.55
9.00571 558.765 1017.14 1521.31 2022.29  2527.5
9.02349 559.765 1019.14 1524.31 2026.28 2532.49
9.04094 560.848 1021.14 1527.31 2030.28 2537.39
9.04094  561.94 1023.14 1530.28 2034.28 2542.32
9.05869  562.94 1025.14 1533.28 2038.27 2547.31
9.05869  563.94 1027.14 1536.28 2042.27  2552.3
9.07637  564.94 1029.14 1539.28 2046.27 2557.29
9.09398  565.94 1031.14 1542.27 2050.27 2562.29
9.09398 567.032 1033.14 1545.27 2054.23 2567.23
9.09398 568.114 1035.11 1548.21 2058.23 2572.23
9.11131 569.196 1037.11 1551.21 2062.23 2577.13
9.12891 570.196 1039.11 1554.21 2066.23 2582.11
9.12891 571.285  1041.1 1557.21 2070.23 2587.04
9.14648 572.285  1043.1 1560.21 2074.23 2592.02
9.16377 573.367  1045.1 1563.21 2078.23 2596.92
9.16377 574.452 1047.08 1566.21 2082.17 2601.92
9.18096  575.53 1049.08 1569.21 2086.07 2606.92
9.19815 576.607 1051.08 1572.21 2089.98 2611.92
9.19815 577.607 1053.08 1575.22 2093.98 2616.92
9.19815 578.697 1055.08 1578.19 2097.98 2621.85
9.21527 579.774 1057.08 1581.19 2101.88 2626.85
9.21527  580.86 1059.06 1584.19 2105.82 2631.85
9.21527 581.941 1061.03 1587.14 2109.82 2636.85
9.23267 582.941 1063.03 1590.14  2113.8 2641.85
9.23267 583.941 1065.03 1593.15  2117.8 2646.85
9.24957 585.009 1067.03 1596.06  2121.8 2651.85
9.24957 586.009 1069.04 1599.06 2125.79 2656.85
9.26691 587.009 1071.04 1602.06 2129.78 2661.85
9.28397  588.09 1073.04 1605.06 2133.78 2666.75
9.30124  589.09 1075.03 1608.05 2137.78 2671.75
9.30124  590.09 1077.04 1611.05 2141.77 2676.75
9.30124 591.177 1079.03 1614.05 2145.77 2681.68
9.31818 592.253 1081.03 1617.05 2149.68 2686.68
9.31818 593.342 1083.03 1620.02 2153.68 2691.62
9.31818 594.342 1085.03 1623.02 2157.67 2696.62
9.31818 595.433 1087.03 1626.02 2161.63 2701.56
9.33535 596.433 1089.04 1629.02 2165.63 2706.54
9.35253 597.433 1091.04 1632.02 2169.63 2711.52
9.36972 598.433 1093.04 1635.02 2173.63 2716.51
9.36972 599.519 1095.02 1638.02 2177.63 2721.44
9.38685 600.519 1097.03 1641.02 2181.61 2726.44
9.40399 601.519 1099.03 1644.02  2185.6 2731.44
9.42114 602.519 1101.03 1647.02 2189.58 2736.44
9.42114 603.519 1103.03 1650.02 2193.57 2741.44
9.42114 604.602 1105.01 1653.02 2197.51 2746.44
9.43822 605.602 1107.02 1656.02 2201.51 2751.42
 9.4553 606.602 1109.02 1659.02 2205.51  2756.4
9.47206 607.677 1111.02 1662.02 2209.42  2761.4
9.48868 608.744 1113.02 1664.93 2213.42  2766.4
9.48868 609.744 1115.03 1667.94 2217.42 2771.38
9.50567 610.744 1117.02 1670.92 2221.42 2776.38
9.52273 611.744 1119.02 1673.92 2225.42 2781.37
9.52273 612.828 1121.01 1676.92 2229.42  2786.3
9.52273 613.917 1123.01 1679.92 2233.38 2791.25
9.52273 614.999 1124.99 1682.92 2237.32 2796.25
9.52273 615.999    1127 1685.92 2241.31 2801.24
9.53966 616.999    1129 1688.92 2245.31 2806.22
9.53966 618.077 1130.97 1691.87 2249.31 2811.22
9.55594 619.132  1132.9 1694.87 2253.31 2816.22
9.55594 620.216 1134.89 1697.87 2257.31 2821.16
9.55594 621.298 1136.87 1700.87 2261.25 2826.16
9.55594 622.298 1138.87 1703.88 2265.24 2831.16
9.57274 623.298 1140.88 1706.88 2269.24 2836.14
9.58956 624.298 1142.88 1709.87 2273.23 2841.14
9.58956 625.379 1144.86 1712.87 2277.17 2846.14
9.60637 626.379 1146.86 1715.87 2281.16 2851.13
9.60637 627.461 1148.84 1718.87  2285.1 2856.13
9.60637 628.461 1150.85 1721.87 2289.09 2861.12
 9.6231 629.461 1152.85 1724.87 2293.08 2866.12
9.63976 630.461 1154.84 1727.86 2297.08 2871.12
9.65648 631.461 1156.84 1730.86 2301.08  2876.1
9.67321 632.461 1158.84 1733.86 2305.08 2881.09
9.67321 633.461 1160.85 1736.86 2309.07 2886.08
9.67321 634.541 1162.83 1739.86 2313.01 2891.08
9.68927 635.595 1164.76 1742.86 2317.01 2896.08
 9.7055 636.659 1166.76 1745.78 2321.01 2901.08
9.72173 637.724 1168.76  1748.7 2325.01 2906.08
9.72173 638.724 1170.77  1751.7 2329.01 2911.07
9.72173 639.808 1172.77 1754.67 2333.01 2916.02
9.73809 640.885 1174.77 1757.67 2337.01 2920.92
9.75464 641.885 1176.77 1760.66 2341.01 2925.92
9.75464 642.885 1178.78 1763.66    2345 2930.92
9.75464 643.885 1180.78 1766.66 2348.99 2935.92
9.77118 644.885 1182.78 1769.66 2352.97 2940.92
9.78776 645.885 1184.78 1772.66 2356.97 2945.91
9.78776 646.969 1186.78 1775.63 2360.97 2950.86
9.78776 648.048 1188.76 1778.63 2364.91 2955.86
9.80426 649.048 1190.76 1781.63 2368.91 2960.84
 9.8207 650.048 1192.76 1784.62 2372.91 2965.84
9.83718 651.048 1194.76 1787.62 2376.89 2970.84
9.83718 652.128 1196.74 1790.62 2380.83 2975.84
9.83718 653.128 1198.75 1793.62 2384.82 2980.84
9.83718 654.207 1200.73 1796.62 2388.76 2985.84
9.83718 655.207 1202.74 1799.63 2392.76 2990.83
9.83718 656.281 1204.71 1802.58 2396.76 2995.83
9.85348 657.281 1206.71 1805.57 2400.76 3000.83
9.86942 658.345 1208.71 1808.49 2404.76 3005.83
9.86942 659.345 1210.71 1811.49 2408.76 3010.83
9.88575 660.345 1212.71 1814.49 2412.75 3015.83
9.90184  661.42 1214.71 1817.49 2416.75 3020.74
 9.9176 662.472 1216.64 1820.49 2420.75 3025.74
 9.9176 663.552 1218.64 1823.46 2424.69 3030.74
 9.9176 664.633 1220.62 1826.46 2428.69 3035.67
 9.9339 665.633 1222.62 1829.46 2432.69 3040.66
 9.9339 666.633 1224.63 1832.46 2436.68 3045.66
9.94974 667.696 1226.63 1835.38 2440.68 3050.66
9.96598 668.696 1228.63 1838.38 2444.68 3055.64
9.96598 669.776 1230.62 1841.38 2448.68 3060.58
9.96598 670.854  1232.6 1844.38 2452.62 3065.58
9.96598 671.934  1234.6 1847.35 2456.57 3070.58
9.98174 672.997  1236.6 1850.27 2460.57 3075.58
9.98174 673.997  1238.6 1853.28 2464.57 3080.58
9.99789 674.997  1240.6 1856.28 2468.55 3085.58
10.0141 675.997  1242.6 1859.28 2472.55 3090.57
10.0141 677.078  1244.6 1862.25 2476.55 3095.51
10.0141 678.078  1246.6 1865.25 2480.54 3100.51
10.0141 679.078 1248.61 1868.26 2484.53 3105.51
10.0141 680.158 1250.61 1871.23 2488.48 3110.51
10.0301 681.158 1252.61 1874.23 2492.48 3115.49
10.0301 682.158 1254.62 1877.23 2496.47 3120.49
10.0456 683.209 1256.55 1880.23 2500.47 3125.49
 10.061  684.26 1258.49 1883.23 2504.47 3130.49
 10.061 685.339 1260.47 1886.23 2508.47 3135.43
 10.061 686.339 1262.48 1889.23 2512.47 3140.42
 10.061  687.42 1264.48  1892.2 2516.47 3145.37
10.0767 688.489 1266.48  1895.2 2520.38 3150.37
10.0767 689.568 1268.46  1898.2 2524.38 3155.31
10.0922  690.63 1270.46 1901.13 2528.38 3160.31
10.1077 691.692 1272.46 1904.05 2532.38 3165.31
10.1236 692.692 1274.46 1907.04 2536.38 3170.31
10.1236 693.774 1276.46 1910.04 2540.35 3175.26
10.1394 694.774 1278.46 1913.04 2544.33 3180.26
10.1394 695.857 1280.46 1916.04 2548.29 3185.21
10.1394 696.937 1282.46 1919.01 2552.29 3190.16
10.1552 697.937 1284.46    1922 2556.29 3195.16
 10.171 698.937 1286.46    1925 2560.28 3200.16
 10.171 700.019 1288.46    1928 2564.24 3205.11
10.1866 701.088 1290.46    1931 2568.16 3210.11
10.2023 702.088 1292.46 1933.99 2572.16 3215.11
10.2181 703.088 1294.46 1936.98 2576.16  3220.1
10.2337  704.16 1296.46 1939.98 2580.16 3225.01
10.2492 705.221 1298.46 1942.91 2584.16 3230.01
10.2649 706.221 1300.45  1945.9 2588.16 3235.01
10.2807 707.221 1302.45 1948.88 2592.16 3240.01
10.2959 708.272 1304.38 1951.88 2596.16 3245.01
10.2959 709.272 1306.38 1954.89 2600.15 3250.01
10.3117 710.272 1308.38 1957.89 2604.14 3255.01
10.3117 711.353 1310.38 1960.89  2608.1 3259.96
10.3117 712.353 1312.39 1963.89  2612.1 3264.96
10.3117 713.428 1314.37 1966.89 2616.04 3269.96
10.3275 714.428 1316.37 1969.89 2620.04 3274.95
10.3275 715.504 1318.35 1972.89 2623.98 3279.95
10.3431 716.504 1320.35 1975.87 2627.98 3284.95
10.3431 717.584 1322.35 1978.87 2631.94  3289.9
10.3582 718.634 1324.28 1981.87 2635.94  3294.9
10.3582 719.713 1326.28 1984.85 2639.94 3299.85
10.3734 720.763 1328.22 1987.85 2643.94 3304.85
 10.389 721.763 1330.22 1990.85 2647.93 3309.85
10.4044 722.835 1332.22 1993.85 2651.93 3314.76
10.4201 723.835 1334.22 1996.85 2655.92 3319.75
10.4357 724.835 1336.22 1999.83 2659.92 3324.75
10.4513 725.835 1338.22 2002.83 2663.91 3329.75
10.4513 726.913 1340.22 2005.81 2667.91  3334.7
10.4513 727.913 1342.22 2008.81  2671.9  3339.7
10.4513 728.913 1344.23 2011.81  2675.9  3344.7
10.4513 729.989 1346.22 2014.81  2679.9 3349.63
10.4663 731.039 1348.15 2017.81  2683.9 3354.63
10.4663 732.039 1350.16 2020.81 2687.89 3359.63
10.4663 733.118 1352.16 2023.81 2691.86 3364.59
10.4815 734.178 1354.16 2026.74 2695.86 3369.59
10.4964 735.227 1356.09 2029.74 2699.86 3374.59
10.4964 736.302 1358.08 2032.74  2703.8 3379.59
10.5119 737.302 1360.07 2035.73  2707.8 3384.59
10.5271 738.368 1362.07 2038.73 2711.72 3389.59
 10.542 739.418 1364.01 2041.73 2715.72 3394.59
 10.542 740.418 1366.01 2044.73 2719.72 3399.58
 10.542 741.495 1368.01  2047.7 2723.72 3404.53
10.5575 742.495 1370.01  2050.7 2727.71 3409.53
10.5575 743.571    1372  2053.7 2731.71 3414.47
10.5575 744.571 1374.01  2056.7  2735.7 3419.47
10.5723  745.62 1375.94  2059.7  2739.7 3424.47
10.5875  746.69 1377.94  2062.7  2743.7 3429.38
10.5875  747.69 1379.94 2065.71  2747.7 3434.38
10.6027  748.76 1381.94 2068.71  2751.7 3439.29
10.6027 749.836 1383.93 2071.71  2755.7 3444.23
10.6027 750.915 1385.93 2074.71 2759.66 3449.19
10.6027  751.99 1387.91 2077.71 2763.66 3454.13
10.6027 753.065  1389.9 2080.71 2767.66 3459.07
10.6027 754.065  1391.9 2083.71 2771.66 3464.07
10.6177 755.135  1393.9 2086.71 2775.66 3468.98
10.6177 756.211 1395.89 2089.71 2779.66 3473.92
10.6177 757.211 1397.89 2092.71 2783.66 3478.92
10.6329 758.211 1399.89 2095.71 2787.66  3483.9
10.6329  759.28 1401.86 2098.67 2791.66  3488.9
10.6329  760.28 1403.87 2101.67 2795.65  3493.9
10.6329 761.349 1405.85 2104.62 2799.65  3498.9
10.6329 762.349 1407.85 2107.63 2803.65 3503.89
10.6481 763.349 1409.85 2110.63 2807.65 3508.88
10.6632 764.349 1411.85 2113.62 2811.65 3513.86
10.6632 765.426 1413.85  2116.6 2815.65 3518.81
10.6632 766.426 1415.86  2119.6 2819.64 3523.81
 10.678 767.491 1417.86  2122.6 2823.56 3528.81
10.6926  768.54  1419.8  2125.6 2827.56 3533.81
10.6926 769.614  1421.8 2128.57 2831.52 3538.81
10.7077 770.614  1423.8 2131.57 2835.52 3543.79
10.7077 771.692  1425.8 2134.57 2839.48 3548.75
10.7227 772.692  1427.8 2137.57 2843.47 3553.75
10.7227 773.768  1429.8 2140.55 2847.47  3558.7
10.7377 774.768  1431.8 2143.55 2851.47 3563.68
10.7525 775.833  1433.8 2146.55 2855.39 3568.68
10.7674 776.833  1435.8 2149.54 2859.39 3573.68
10.7825 777.833  1437.8 2152.54 2863.39 3578.67
10.7974 778.833 1439.79 2155.52 2867.39 3583.67
10.7974 779.907 1441.78 2158.52 2871.39 3588.61
10.7974 780.984 1443.78 2161.52 2875.35 3593.56
10.8124 781.984 1445.78 2164.52 2879.35 3598.56
10.8124 783.061 1447.78 2167.52 2883.31 3603.51
10.8124 784.061 1449.78 2170.53 2887.31  3608.5
10.8124 785.061 1451.79 2173.53 2891.31  3613.5
10.8273 786.061 1453.79 2176.53 2895.31 3618.48
10.8273 787.138 1455.79 2179.53 2899.28 3623.44
10.8273 788.138 1457.79 2182.54 2903.28 3628.43
10.8273 789.209 1459.77 2185.54 2907.22 3633.43
10.8422 790.209 1461.77 2188.52 2911.22 3638.43
10.8422 791.209 1463.77 2191.53 2915.22 3643.43
10.8422 792.284 1465.77 2194.51 2919.22 3648.38
10.8422 793.355 1467.75 2197.51 2923.17 3653.38
10.8566 794.412 1469.75 2200.43 2927.17 3658.38
10.8566 795.412 1471.75 2203.44 2931.17 3663.37
10.8714 796.412 1473.75 2206.44 2935.16 3668.37
10.8714 797.485 1475.73 2209.44 2939.16 3673.31
10.8862 798.485 1477.73 2212.44 2943.16 3678.29
10.8862 799.558 1479.73 2215.41 2947.12 3683.29
10.8862 800.625 1481.71 2218.37 2951.12 3688.29
10.8862 801.696 1483.69 2221.37 2955.06 3693.29
10.9008 802.696 1485.69 2224.37 2959.06 3698.28
10.9155 803.696  1487.7 2227.37 2963.06 3703.26
10.9155 804.769 1489.68 2230.37 2967.06  3708.2
10.9155 805.843 1491.68 2233.35 2971.06 3713.15
10.9155 806.919 1493.68 2236.35 2975.03 3718.11
10.9302 807.919 1495.68 2239.35 2979.03 3723.09
10.9447 808.919 1497.68 2242.33 2983.03 3728.09
10.9447 809.991 1499.67 2245.33 2987.03 3733.03
10.9593 810.991 1501.67 2248.33 2991.01 3738.03
10.9593 812.062 1503.65 2251.33 2994.96 3743.03
10.9736 813.118 1505.65 2254.26 2998.96 3748.03
10.9736 814.118 1507.65 2257.26 3002.96 3753.03
10.9882 815.118 1509.65 2260.26 3006.95 3758.02
11.0028 816.118 1511.65 2263.26 3010.95 3763.01
11.0173 817.118 1513.65 2266.25 3014.95 3768.01
11.0173 818.118 1515.66 2269.25 3018.94 3773.01
11.0316 819.174 1517.66 2272.18 3022.94 3778.01
11.0316 820.246 1519.64 2275.18 3026.94 3782.96
11.0461 821.246 1521.64 2278.18 3030.94 3787.94
11.0606 822.246 1523.64 2281.18 3034.93 3792.94
11.0752 823.246 1525.64 2284.18 3038.91 3797.94
11.0752 824.312 1527.62 2287.14 3042.91 3802.94
11.0752 825.312 1529.62 2290.14 3046.91 3807.94
11.0895 826.378 1531.62 2293.14 3050.91 3812.86
11.1037 827.441 1533.62 2296.14 3054.83 3817.86
11.1182 828.441 1535.62 2299.14 3058.83 3822.85
11.1327 829.441 1537.62 2302.14 3062.83 3827.83
11.1327 830.514 1539.62 2305.12 3066.83 3832.78
11.1472 831.514 1541.62 2308.11 3070.83 3837.78
11.1616 832.514 1543.61  2311.1 3074.83 3842.78
11.1761 833.514 1545.61  2314.1 3078.83 3847.77
11.1761 834.514 1547.61  2317.1 3082.83 3852.77
11.1761 835.514 1549.62 2320.11 3086.83 3857.76
11.1901  836.56 1551.56 2323.11 3090.83 3862.76
11.2045  837.56 1553.56  2326.1 3094.83 3867.75
11.2189  838.56 1555.55 2329.09 3098.83 3872.75
11.2189  839.63 1557.55 2332.07 3102.78 3877.75
11.2189  840.63 1559.56 2335.07 3106.78 3882.74
11.2333  841.63 1561.56 2338.07 3110.77 3887.74
11.2477  842.63 1563.56 2341.07 3114.77 3892.73
11.2477  843.63 1565.56 2344.07 3118.77 3897.72
11.2621  844.63 1567.56 2347.06 3122.77 3902.72
11.2621  845.63 1569.57 2350.06 3126.76 3907.72
11.2762 846.692 1571.57 2353.06 3130.68 3912.72
11.2905 847.692 1573.56 2356.05 3134.68 3917.72
11.3047 848.756 1575.56 2359.05 3138.68 3922.64
11.3191 849.756 1577.56 2362.05 3142.67 3927.64
11.3191 850.756 1579.57 2365.05 3146.67 3932.64
11.3334 851.756 1581.56 2368.04 3150.67 3937.64
11.3477 852.756 1583.56 2371.04 3154.66 3942.64
11.3619 853.817 1585.56 2374.04 3158.58 3947.64
11.3619 854.887 1587.55 2377.04 3162.58 3952.58
11.3762 855.887 1589.55 2380.04 3166.58 3957.57
11.3762 856.951 1591.53    2383 3170.58 3962.57
11.3762 858.022 1593.53 2385.98 3174.58 3967.52
11.3905 859.022 1595.53 2388.98 3178.57 3972.52
11.3905 860.022 1597.53 2391.98 3182.57 3977.51
11.3905 861.022 1599.54 2394.98 3186.56 3982.51
11.3905 862.022 1601.54 2397.98 3190.56  3987.5
11.4046 863.086 1603.54 2400.98 3194.56 3992.43
11.4046 864.086 1605.55 2403.98 3198.56 3997.42
11.4188 865.086 1607.55 2406.98 3202.56 4002.41
11.4188 866.086 1609.55 2409.98 3206.55 4007.41
 11.433 867.086 1611.55 2412.98 3210.55  4012.4
 11.433 868.149 1613.53 2415.94 3214.55  4017.4
11.4472 869.149 1615.53 2418.94 3218.54  4022.4
11.4472 870.149 1617.54 2421.94 3222.53 4027.39
11.4472 871.213 1619.51  2424.9 3226.53 4032.39
11.4614 872.213 1621.51  2427.9 3230.52 4037.39
11.4754 873.276 1623.51  2430.9 3234.52 4042.32
11.4891 874.321 1625.45  2433.9 3238.52 4047.32
11.5032 875.321 1627.45  2436.9 3242.52 4052.31
11.5174 876.321 1629.45  2439.9 3246.51  4057.3
11.5311 877.365  1631.4  2442.9 3250.51  4062.3
11.5311 878.365  1633.4  2445.9 3254.51 4067.29
 11.545 879.418  1635.4 2448.83 3258.51 4072.29
 11.545 880.488  1637.4 2451.81 3262.51 4077.24
11.5588 881.541  1639.4 2454.74 3266.51 4082.24
11.5588 882.604 1641.38  2457.7 3270.51 4087.24
11.5728 883.604 1643.37 2460.69 3274.51 4092.24
11.5868 884.667 1645.37 2463.69 3278.51 4097.17
11.5868  885.73 1647.35 2466.65 3282.51 4102.17
11.5868 886.798 1649.35 2469.63 3286.47 4107.17
11.6008 887.798 1651.35 2472.63 3290.47 4112.15
11.6008 888.861 1653.33 2475.59 3294.47 4117.15
11.6149 889.861 1655.33 2478.59 3298.47 4122.14
11.6149  890.93 1657.33 2481.57 3302.47 4127.09
11.6286 891.983 1659.33  2484.5 3306.47 4132.09
11.6286 892.983 1661.33  2487.5 3310.47 4137.09
11.6286 893.983 1663.34  2490.5 3314.47 4142.08
11.6286 894.983 1665.34 2493.51 3318.47 4147.07
11.6424 896.046 1667.34 2496.51 3322.47    4152
11.6424 897.116 1669.34 2499.51 3326.43 4156.96
11.6562 898.179 1671.34 2502.51 3330.43 4161.88
11.6562 899.179 1673.34 2505.51 3334.43 4166.88
11.6562 900.179 1675.35 2508.51 3338.43 4171.87
11.6701 901.179 1677.34  2511.5 3342.43 4176.87
11.6701 902.246 1679.33  2514.5 3346.43 4181.82
 11.684 903.246 1681.33  2517.5 3350.43  4186.8
11.6979 904.246 1683.33  2520.5 3354.42  4191.8
11.7118 905.246 1685.33  2523.5 3358.41  4196.8
11.7118 906.246 1687.34  2526.5  3362.4  4201.8
11.7118 907.246 1689.34  2529.5  3366.4  4206.8
11.7254 908.298 1691.34 2532.44  3370.4  4211.8
11.7254 909.298 1693.35 2535.44  3374.4  4216.8
11.7392 910.298 1695.35 2538.44 3378.39  4221.8
11.7531 911.298 1697.35 2541.43 3382.39 4226.78
11.7531 912.363 1699.33 2544.43 3386.34 4231.78
11.7531  913.43 1701.32 2547.43 3390.34 4236.73
11.7531  914.43 1703.32 2550.44 3394.34 4241.72
11.7531 915.496 1705.31 2553.44 3398.34 4246.67
11.7531 916.563 1707.29 2556.44 3402.34 4251.62
11.7531 917.629 1709.29 2559.41  3406.3 4256.62
11.7668 918.629 1711.29  2562.4  3410.3 4261.62
11.7668 919.629 1713.29  2565.4 3414.29 4266.61
11.7668 920.698 1715.29  2568.4 3418.26 4271.57
11.7806 921.698 1717.29  2571.4 3422.25 4276.57
11.7806 922.766 1719.29 2574.38 3426.25 4281.53
11.7943 923.766 1721.29 2577.38 3430.24 4286.53
11.7943 924.766 1723.29 2580.39 3434.24 4291.53
 11.808 925.766 1725.29 2583.38 3438.24 4296.51
11.8217 926.766 1727.29 2586.38 3442.23  4301.5
11.8351 927.818 1729.29 2589.32 3446.23  4306.5
11.8488 928.818 1731.29 2592.31 3450.23  4311.5
11.8488 929.818 1733.29 2595.31 3454.23  4316.5
11.8488 930.818  1735.3 2598.31 3458.23  4321.5
11.8621  931.86 1737.24 2601.31 3462.23  4326.5
11.8756 932.921 1739.24 2604.31 3466.23 4331.43
11.8892 933.921 1741.24 2607.31 3470.21 4336.43
11.9025 934.964 1743.19 2610.31 3474.21 4341.43
11.9025  936.03 1745.19 2613.28 3478.17 4346.43
11.9162  937.03 1747.19 2616.28 3482.17 4351.41
11.9295 938.081 1749.19 2619.22 3486.17 4356.41
11.9295 939.081 1751.19 2622.22 3490.17 4361.41
11.9295 940.081 1753.19 2625.22 3494.17 4366.41
11.9431 941.081 1755.19 2628.22 3498.15 4371.41
11.9431 942.149 1757.19 2631.22 3502.12 4376.37
11.9565 943.206 1759.19 2634.22 3506.05 4381.37
11.9565 944.206 1761.19 2637.22 3510.05 4386.37
11.9565 945.206  1763.2 2640.22 3514.05 4391.37
11.9701 946.206  1765.2 2643.22 3518.05 4396.36
11.9701 947.271 1767.19 2646.22 3522.05  4401.3
11.9701 948.339 1769.19 2649.22 3526.02 4406.27
11.9837 949.339 1771.19 2652.22 3530.01 4411.27
11.9971 950.399 1773.19 2655.22 3534.01 4416.19
12.0106 951.399 1775.19 2658.22 3538.01 4421.18
12.0106 952.459 1777.17 2661.18 3542.01 4426.18
12.0106 953.459 1779.17 2664.18    3546 4431.18
12.0106 954.524 1781.16 2667.18    3550 4436.13
12.0106 955.584 1783.14 2670.14    3554 4441.13
12.0106 956.584 1785.14 2673.15    3558 4446.12
 12.024 957.584 1787.14 2676.15 3561.99 4451.12
12.0373 958.641 1789.14 2679.15 3565.92 4456.12
12.0373 959.641 1791.14 2682.15 3569.91 4461.12
12.0508 960.641 1793.14 2685.15 3573.91 4466.11
12.0508 961.641 1795.14 2688.15 3577.91  4471.1
12.0642 962.641 1797.14 2691.15  3581.9  4476.1
12.0776 963.641 1799.14 2694.15 3585.89  4481.1
12.0911 964.641 1801.14 2697.15 3589.88  4486.1
12.0911 965.708 1803.14 2700.15 3593.85 4491.06
12.1045 966.708 1805.14 2703.15 3597.85 4496.05
12.1045  967.77 1807.13 2706.15  3601.8 4501.05
12.1176  968.82 1809.13 2709.08  3605.8 4506.05
12.1308 969.876 1811.13 2712.08 3609.73 4511.05
12.1308  970.94 1813.13 2715.06  3613.7 4516.05
12.1442  971.94 1815.13 2718.06 3617.68 4521.05
12.1573  972.99 1817.13    2721 3621.68 4526.05
12.1573  973.99 1819.13    2724 3625.68 4531.05
12.1707  974.99 1821.13    2727 3629.68 4536.03
12.1841  975.99 1823.13    2730 3633.66 4541.03
12.1841 977.054 1825.13 2732.97 3637.62 4546.03
12.1841 978.054 1827.14 2735.97 3641.62 4551.03
12.1974 979.054 1829.13 2738.96 3645.62 4556.03
12.1974 980.054 1831.14 2741.96 3649.62 4561.03
12.2107 981.054 1833.14 2744.96 3653.62 4566.02
12.2241 982.054 1835.14 2747.96 3657.62    4571
 12.237 983.096 1837.09 2750.96 3661.62    4576
12.2502 984.151 1839.09 2753.96 3665.55    4581
12.2632 985.201 1841.09  2756.9 3669.55    4586
12.2632 986.201 1843.09  2759.9 3673.54    4591
12.2766 987.201 1845.09  2762.9 3677.54 4595.98
12.2897 988.259 1847.09  2765.9 3681.54 4600.91
 12.303 989.259 1849.09  2768.9 3685.53 4605.91
 12.316   990.3 1851.04  2771.9 3689.53 4610.91
 12.316   991.3 1853.05  2774.9 3693.53 4615.91
 12.316 992.362 1855.03  2777.9 3697.49 4620.91
12.3291  993.42 1857.03  2780.9 3701.49 4625.84
12.3424  994.42 1859.03 2783.89 3705.48 4630.84
12.3557  995.42 1861.03 2786.89 3709.48 4635.83
12.3557  996.42 1863.03  2789.9 3713.48 4640.82
12.3688 997.478 1865.03  2792.9 3717.48 4645.75
12.3821 998.478 1867.03 2795.89 3721.48 4650.74
12.3821 999.478 1869.04 2798.89 3725.47 4655.73
12.3954 1000.48 1871.04 2801.89 3729.47 4660.72
12.3954 1001.54 1873.04 2804.87 3733.47 4665.67
12.4086 1002.54 1875.04 2807.87 3737.47 4670.66
12.4086 1003.54 1877.04 2810.88 3741.47 4675.66
12.4086 1004.54 1879.04 2813.88 3745.47 4680.65
12.4217  1005.6 1881.04 2816.88 3749.47 4685.58
12.4349  1006.6 1883.04 2819.88 3753.47 4690.57
12.4478 1007.65 1885.04 2822.82 3757.47 4695.57
12.4478 1008.71 1887.04  2825.8 3761.47 4700.52
12.4611 1009.71 1889.04  2828.8 3765.46 4705.52
12.4741 1010.77 1891.04  2831.8 3769.46 4710.45
12.4741 1011.83 1893.04 2834.78 3773.46 4715.41
12.4741 1012.89 1895.02 2837.74 3777.46 4720.41
12.4741 1013.89 1897.03 2840.74 3781.46 4725.41
12.4871 1014.95 1899.03 2843.74 3785.46 4730.34
   12.5    1016 1901.03 2846.68 3789.46 4735.34
   12.5 1017.06 1903.03 2849.65 3793.42 4740.34
12.5132 1018.06 1905.03 2852.65 3797.41 4745.34
12.5263 1019.06 1907.03 2855.64 3801.41 4750.34
12.5394 1020.06 1909.03 2858.64  3805.4 4755.34
12.5394 1021.06 1911.03 2861.64  3809.4 4760.33
12.5394 1022.12 1913.01 2864.64 3813.35 4765.33
12.5394 1023.18    1915 2867.64 3817.31 4770.33
12.5394 1024.24 1916.98 2870.61 3821.31 4775.33
12.5394 1025.24 1918.98 2873.61 3825.31 4780.33
12.5394  1026.3 1920.98 2876.61 3829.28 4785.29
12.5525  1027.3 1922.98 2879.61 3833.28 4790.28
12.5525  1028.3 1924.99 2882.61 3837.27 4795.28
12.5525 1029.36 1926.97 2885.61 3841.23 4800.28
12.5655 1030.36 1928.97  2888.6 3845.23 4805.28
12.5655 1031.36 1930.97  2891.6 3849.23 4810.27
12.5655 1032.42 1932.97 2894.57 3853.19 4815.27
12.5655 1033.49 1934.97 2897.57 3857.16 4820.24
12.5785 1034.49 1936.97 2900.57 3861.16 4825.23
12.5785 1035.49 1938.97 2903.58 3865.16 4830.22
12.5915 1036.49 1940.97 2906.57 3869.16 4835.22
12.6043 1037.54 1942.97 2909.57 3873.09 4840.22
12.6043  1038.6 1944.96 2912.57 3877.09 4845.17
12.6172  1039.6 1946.96 2915.57 3881.09 4850.16
12.6172  1040.6 1948.96 2918.57 3885.09 4855.16
12.6302  1041.6 1950.96 2921.57 3889.09 4860.14
12.6431  1042.6 1952.96 2924.56 3893.09 4865.14
12.6557 1043.64 1954.91 2927.56 3897.09 4870.14
12.6687 1044.64 1956.91 2930.56 3901.09 4875.14
12.6687  1045.7 1958.89 2933.52 3905.09 4880.14
12.6687  1046.7 1960.89 2936.52 3909.09 4885.13
12.6815 1047.75 1962.89 2939.52 3913.02 4890.13
12.6815 1048.75 1964.89 2942.53 3917.02 4895.13
12.6815 1049.75 1966.89 2945.53 3921.02 4900.12
12.6815 1050.75  1968.9 2948.53 3925.02 4905.12
12.6944 1051.75  1970.9 2951.53 3929.01 4910.11
12.6944 1052.75  1972.9 2954.53 3933.01  4915.1
12.6944 1053.81  1974.9 2957.51 3936.98  4920.1
12.7072 1054.81  1976.9 2960.51 3940.97  4925.1
12.7072 1055.81  1978.9 2963.51 3944.97 4930.09
12.7072 1056.87 1980.88 2966.51 3948.93 4935.09
12.7072 1057.93 1982.88 2969.49 3952.89 4940.09
12.7072    1059 1984.88 2972.49 3956.86 4945.06
12.7072    1060 1986.89 2975.49 3960.86 4950.05
  12.72    1061 1988.89 2978.49 3964.86 4955.04
12.7328    1062 1990.89 2981.49 3968.86 4960.02
12.7328 1063.06 1992.89 2984.49 3972.83 4964.99
12.7328 1064.12 1994.88 2987.49 3976.83 4969.94